0.473721 0.844789 1.08832e-33 0.563095 0.28384 0.673741 -0.111305 -0.0582699 1.07721e-35 -0.0803931 -0.0793692 -0.108279 -0.0246675 0.013728 -0.0714071 
0.00149676 0.0163206 0.266062 0.12282 0.116094 0.00781496 -0.0267478 -0.0378994 -0.0970747 -0.0653562 -0.0608387 -0.033719 0.0323499 0.0515609 0.0492788 
0.502765 0.448537 0.504058 0.494211 0.504492 0.485732 0.00857616 0.00778205 0.00757418 0.00822874 0.00816961 0.00848544 0.0434372 0.0484193 0.047188 
0.510678 0.450609 0.514159 0.503115 0.513853 0.491536 0.00117105 0.0020888 -0.00288246 -0.000528142 -0.000705134 0.00153759 0.0650663 0.0675921 0.0690522 
0.538608 0.495153 0.542211 0.54225 0.541331 0.530688 -0.0282583 -0.0240893 -0.0403054 -0.0337652 -0.0339511 -0.0272258 0.0828544 0.078595 0.086185 
0.298946 0.272801 0.591326 0.441888 0.462479 0.285139 -0.102643 -0.0903469 -0.131304 -0.118334 -0.125521 -0.0970024 0.0663869 0.0801598 0.0742218 
0.366223 0.294553 0.19004 0.244558 0.286725 0.33234 0.00576611 0.00350082 0.00154987 0.00252201 0.00359777 0.00465176 0.0434894 0.0384758 0.0438027 
0.570296 0.401526 0.530499 0.477862 0.550897 0.504255 -0.0763761 -0.0680371 -0.0641448 -0.0686776 -0.0704848 -0.0772523 0.0881318 0.0974652 0.0913472 
0.879795 0.844789 0.473721 0.673741 0.722128 0.868201 -0.1118 -0.0582699 -0.111305 -0.108279 -0.118844 -0.089458 0.00315395 0.013728 -0.0246675 
0.376241 0.187681 0.30875 0.250474 0.344345 0.28784 -0.0248391 -0.0066704 -0.0106302 -0.00940656 -0.0171406 -0.015952 0.0923432 0.094778 0.0880129 
0.570296 0.489311 0.401526 0.445179 0.504255 0.541315 -0.0763761 -0.0918153 -0.0680371 -0.0803265 -0.0772523 -0.0860253 0.0881318 0.092184 0.0974652 
0.35459 0.30929 0.462528 0.400207 0.417321 0.332694 0.00304554 0.00299263 0.00664052 0.00505609 0.00489219 0.00309081 0.0227699 0.0291514 0.0269971 
0.44004 0.462528 0.30929 0.400207 0.383731 0.451949 0.00690862 0.00664052 0.00299263 0.00505609 0.00503459 0.00683813 0.0321451 0.0269971 0.0291514 
0.510678 0.485271 0.49642 0.509972 0.504805 0.508207 0.00117105 0.00177944 0.0042604 0.00286453 0.00283339 0.00138487 0.0650663 0.061332 0.0611486 
0.502765 0.470626 0.492876 0.50159 0.498875 0.498303 0.00857616 0.00684797 0.00885587 0.00840321 0.00880189 0.00802436 0.0434372 0.0383244 0.0397004 
0.501892 0.470626 0.496437 0.486413 0.501547 0.496759 0.0086959 0.00684797 0.00776494 0.00749968 0.00833288 0.00810745 0.0359108 0.0383244 0.0313201 
0.496437 0.470626 0.449153 0.460413 0.47904 0.486413 0.00776494 0.00684797 0.00592199 0.00643304 0.00697752 0.00749968 0.0313201 0.0383244 0.0322726 
0.405458 0.212301 0.327795 0.273666 0.369476 0.321024 -0.00139586 -0.000106087 0.00074461 0.00010473 -8.44042e-05 -0.000775353 0.0679899 0.0686947 0.0623163 
0.376241 0.30875 0.486497 0.411165 0.439732 0.344345 -0.0248391 -0.0106302 -0.0217941 -0.0179229 -0.0246084 -0.0171406 0.0923432 0.0880129 0.0839709 
0.0222348 -0.0215402 0.0134215 -0.0164744 0.0222673 -0.0110588 0.0450952 0.0586785 0.0194158 0.0471175 0.033707 0.0597611 -0.00928016 -0.00149673 0.00335794 
0.668855 0.66958 0.633377 0.676775 0.650045 0.697268 -0.102463 -0.139175 -0.0926199 -0.118968 -0.0981378 -0.125094 0.062395 0.0642008 0.0699478 
0.489311 0.460159 0.285452 0.36942 0.392526 0.476763 -0.0918153 -0.109811 -0.0680971 -0.0901364 -0.0834829 -0.101325 0.092184 0.0853486 0.0964419 
0.591326 0.633377 0.66958 0.676775 0.631338 0.657424 -0.131304 -0.0926199 -0.139175 -0.118968 -0.135917 -0.119048 0.0742218 0.0699478 0.0642008 
0.405458 0.327795 0.485271 0.424565 0.452621 0.369476 -0.00139586 0.00074461 0.00177944 0.00105256 -6.3081e-05 -8.44042e-05 0.0679899 0.0623163 0.061332 
0.366223 0.444216 0.294553 0.380282 0.33234 0.409038 0.00576611 0.0077002 0.00350082 0.00581568 0.00465176 0.00687196 0.0434894 0.037642 0.0384758 
0.591041 0.460159 0.489311 0.476763 0.544919 0.540073 -0.103794 -0.109811 -0.0918153 -0.101325 -0.0995831 -0.110599 0.0839616 0.0853486 0.092184 
0.397797 0.314998 0.470626 0.408787 0.439707 0.359073 0.00430591 0.00268364 0.00684797 0.00481984 0.00564403 0.00352869 0.0437206 0.0380187 0.0383244 
0.366223 0.285713 0.448537 0.378931 0.41128 0.328 0.00576611 0.00375201 0.00778205 0.00613254 0.00701178 0.00479286 0.0434894 0.0486946 0.0484193 
0.538608 0.486497 0.522782 0.527205 0.532893 0.522213 -0.0282583 -0.0217941 -0.0168407 -0.0214434 -0.0223518 -0.0260162 0.0828544 0.0839709 0.0785494 
0.353027 0.271183 0.450609 0.371165 0.404887 0.313905 0.00447308 0.00304757 0.0020888 0.00335297 0.00388694 0.00378801 0.0630562 0.0666161 0.0675921 
0.365959 0.281221 0.495153 0.400905 0.433885 0.325637 -0.00488892 -0.00400992 -0.0240893 -0.0124725 -0.0128132 -0.00452299 0.0746446 0.0740907 0.078595 
0.353027 0.30166 0.171217 0.239458 0.268322 0.32767 0.00447308 0.00414578 0.00157338 0.002794 0.00325755 0.00445682 0.0630562 0.0579828 0.0629447 
0.366223 0.19004 0.285713 0.240335 0.328 0.286725 0.00576611 0.00154987 0.00375201 0.00260426 0.00479286 0.00359777 0.0434894 0.0438027 0.0486946 
0.353027 0.446567 0.30166 0.382541 0.32767 0.404498 0.00447308 0.00582629 0.00414578 0.00553077 0.00445682 0.00523938 0.0630562 0.0590587 0.0579828 
0.365959 0.296375 0.163068 0.232214 0.267909 0.330173 -0.00488892 0.000922832 0.000330528 0.000457014 -0.00118689 -0.00133404 0.0746446 0.0722065 0.0732746 
0.353027 0.171217 0.271183 0.222531 0.313905 0.268322 0.00447308 0.00157338 0.00304757 0.00239719 0.00378801 0.00325755 0.0630562 0.0629447 0.0666161 
0.467751 0.346437 0.198429 0.276972 0.338557 0.404682 -0.0418162 -0.0172141 -0.00715763 -0.0127608 -0.0216159 -0.0279295 0.0704854 0.072268 0.0666664 
0.365959 0.163068 0.281221 0.220789 0.325637 0.267909 -0.00488892 0.000330528 -0.00400992 -0.00109195 -0.00452299 -0.00118689 0.0746446 0.0732746 0.0740907 
0.424598 0.30166 0.446567 0.382541 0.435636 0.369173 0.00671148 0.00414578 0.00582629 0.00553077 0.0063654 0.00559381 0.0539292 0.0579828 0.0590587 
0.365959 0.46472 0.296375 0.389021 0.330173 0.420713 -0.00488892 -0.00719189 0.000922832 -0.00194723 -0.00133404 -0.00617036 0.0746446 0.0749813 0.0722065 
0.430006 0.296375 0.46472 0.389021 0.44709 0.369555 -0.000505687 0.000922832 -0.00719189 -0.00194723 -0.00348306 0.000403131 0.0712274 0.0722065 0.0749813 
0.388449 0.461309 0.487528 0.476039 0.450111 0.429595 0.0014041 0.00129501 0.00328893 0.00219458 0.00235842 0.00141369 0.0103272 0.00553432 0.0124699 
0.500153 0.487528 0.461309 0.476039 0.490121 0.496844 0.00243426 0.00328893 0.00129501 0.00219458 0.00191677 0.00290527 0.00842258 0.0124699 0.00553432 
0.467751 0.555548 0.346437 0.466988 0.404682 0.520659 -0.0418162 -0.0561321 -0.0172141 -0.0351446 -0.0279295 -0.0502885 0.0704854 0.0782163 0.072268 
0.491886 0.346437 0.555548 0.466988 0.523467 0.429128 -0.0324473 -0.0172141 -0.0561321 -0.0351446 -0.0435022 -0.0253074 0.0777476 0.072268 0.0782163 
0.376241 0.456404 0.263028 0.365089 0.322931 0.416995 -0.0248391 -0.0469631 -0.0231781 -0.0372622 -0.0249567 -0.0354636 0.0923432 0.0941116 0.0989632 
0.463885 0.349076 0.484725 0.429315 0.475429 0.413466 -0.011863 -0.00387286 -0.00590837 -0.00562987 -0.00874788 -0.00761509 0.0787957 0.075537 0.0725624 
0.405458 0.484725 0.349076 0.429315 0.379129 0.45057 -0.00139586 -0.00590837 -0.00387286 -0.00562987 -0.00273631 -0.00344188 0.0679899 0.0725624 0.075537 
0.463207 0.348854 0.477928 0.426672 0.471139 0.414688 0.00375809 0.00270539 0.00578803 0.00423148 0.00484205 0.00343954 0.0552774 0.0505304 0.0493221 
0.397797 0.477928 0.348854 0.426672 0.374736 0.444206 0.00430591 0.00578803 0.00270539 0.00423148 0.00351457 0.00521841 0.0437206 0.0493221 0.0505304 
0.504437 0.504058 0.448537 0.494211 0.485794 0.505576 0.00731634 0.00757418 0.00778205 0.00822874 0.00795904 0.00748653 0.0508215 0.047188 0.0484193 
0.467751 0.382888 0.633377 0.53401 0.558358 0.42926 -0.0418162 -0.0305275 -0.0926199 -0.0601916 -0.0652764 -0.0369175 0.0704854 0.0641217 0.0699478 
0.516939 0.514159 0.450609 0.503115 0.495079 0.516726 -0.00491371 -0.00288246 0.0020888 -0.000528142 -0.00109054 -0.00391687 0.0715918 0.0690522 0.0675921 
0.44004 0.444216 0.494458 0.475269 0.473654 0.442152 0.00690862 0.0077002 0.00831454 0.00825978 0.00785055 0.0073365 0.0321451 0.037642 0.0318644 
0.555338 0.542211 0.495153 0.54225 0.543362 0.548764 -0.0483573 -0.0403054 -0.0240893 -0.0337652 -0.0366281 -0.0442865 0.0862757 0.086185 0.078595 
3.49173e-34 0.213097 0.294339 0.255143 0.162723 0.113975 -8.24501e-35 0.000344381 0.00119095 0.000699656 0.000346191 0.00013414 0.0168481 0.011113 0.0162407 
0.501892 0.494458 0.444216 0.475269 0.484488 0.499048 0.0086959 0.00831454 0.0077002 0.00825978 0.00863377 0.00859371 0.0359108 0.0318644 0.037642 
1.67707e-34 3.43484e-34 0.217044 0.116028 0.11636 5.56944e-35 6.11019e-35 9.15799e-35 0.000402359 0.000165744 0.000107783 1.51687e-34 0.0124442 0.0185071 0.0119171 
0.217044 3.43484e-34 0.294591 0.163824 0.25764 0.116028 0.000402359 9.15799e-35 0.00141303 0.000425196 0.000827242 0.000165744 0.0119171 0.0185071 0.017371 
0.463885 0.51821 0.486497 0.507791 0.47543 0.498716 -0.011863 -0.0109899 -0.0217941 -0.0162777 -0.0165002 -0.0120489 0.0787957 0.0759986 0.0839709 
0.397797 0.206401 0.314998 0.264062 0.359073 0.313889 0.00430591 0.00105411 0.00268364 0.00182718 0.00352869 0.0025503 0.0437206 0.0436027 0.0380187 
0.525819 0.486497 0.51821 0.507791 0.523653 0.519421 -0.0141574 -0.0217941 -0.0109899 -0.0162777 -0.0125618 -0.0187341 0.0775259 0.0839709 0.0759986 
0.506809 0.49642 0.485271 0.509972 0.506429 0.50287 0.00498777 0.0042604 0.00177944 0.00286453 0.00344279 0.00462002 0.0580535 0.0611486 0.061332 
0.501892 0.492876 0.470626 0.50159 0.496759 0.49882 0.0086959 0.00885587 0.00684797 0.00840321 0.00810745 0.00884041 0.0359108 0.0397004 0.0383244 
0.0134215 -0.0215402 -0.0493473 -0.0344348 -0.0291276 -0.0164744 0.0194158 0.0586785 0.0355889 0.0478667 0.0335038 0.0471175 0.00335794 -0.00149673 0.00570885 
1.1254e-33 0.844244 0.84306 0.843879 0.513137 0.512402 1.01834e-33 -0.00207134 -0.00515904 -0.00323385 -0.00149766 -0.00101951 0.208384 0.230283 0.175892 
0.467751 0.198429 0.382888 0.286173 0.42926 0.338557 -0.0418162 -0.00715763 -0.0305275 -0.0165834 -0.0369175 -0.0216159 0.0704854 0.0666664 0.0641217 
0.294553 0.14629 0.19004 0.168785 0.244558 0.225475 0.00350082 0.000826249 0.00154987 0.00116341 0.00252201 0.00202185 0.0384758 0.0387376 0.0438027 
0.397797 0.348854 0.206401 0.282783 0.313889 0.374736 0.00430591 0.00270539 0.00105411 0.00190722 0.0025503 0.00351457 0.0437206 0.0505304 0.0436027 
0.510678 0.45539 0.450609 0.452802 0.491536 0.491955 0.00117105 0.00411051 0.0020888 0.00309527 0.00153759 0.00290254 0.0650663 0.0636128 0.0675921 
0.538608 0.485847 0.495153 0.489682 0.530688 0.525104 -0.0282583 -0.0154081 -0.0240893 -0.0196048 -0.0272258 -0.0220131 0.0828544 0.0775927 0.078595 
0.502765 0.458936 0.448537 0.453841 0.485732 0.488374 0.00857616 0.0082273 0.00778205 0.0080213 0.00848544 0.00872313 0.0434372 0.043056 0.0484193 
0.405458 0.349076 0.212301 0.286766 0.321024 0.379129 -0.00139586 -0.00387286 -0.000106087 -0.00142007 -0.000775353 -0.00273631 0.0679899 0.075537 0.0686947 
2.73646e-34 0.269564 0.213097 0.242097 0.113523 0.147337 -2.72308e-35 0.000317294 0.000344381 0.000356017 6.16788e-05 7.11173e-05 0.00555218 0.00656719 0.011113 
0.525819 0.522782 0.486497 0.527205 0.519421 0.52541 -0.0141574 -0.0168407 -0.0217941 -0.0214434 -0.0187341 -0.0155896 0.0775259 0.0785494 0.0839709 
0.44004 0.348542 0.444216 0.401874 0.442152 0.399198 0.00690862 0.00450796 0.0077002 0.00623335 0.0073365 0.00581809 0.0321451 0.033899 0.037642 
0.294553 0.444216 0.348542 0.401874 0.322458 0.380282 0.00350082 0.0077002 0.00450796 0.00623335 0.00404905 0.00581568 0.0384758 0.037642 0.033899 
0.388449 0.444059 0.294339 0.380618 0.344994 0.418283 0.0014041 0.00354895 0.00119095 0.00231058 0.0013884 0.00237709 0.0103272 0.0172851 0.0162407 
0.376241 0.263028 0.187681 0.228553 0.28784 0.322931 -0.0248391 -0.0231781 -0.0066704 -0.0137884 -0.015952 -0.0249567 0.0923432 0.0989632 0.094778 
0.298946 0.591326 0.512074 0.557828 0.40661 0.462479 -0.102643 -0.131304 -0.135972 -0.136158 -0.121628 -0.125521 0.0663869 0.0742218 0.0624162 
3.49173e-34 1.64715e-34 0.213097 0.113701 0.113975 5.389e-35 -8.24501e-35 -5.50165e-35 0.000344381 8.88419e-05 0.00013414 -1.38324e-34 0.0168481 0.0111568 0.011113 
0.0134215 -0.0720222 0.057279 -0.0320663 0.0344364 -0.0388532 0.0194158 0.0100822 -0.022443 0.00355837 -0.00315051 0.0188522 0.00335794 0.0165867 0.0154879 
0.30875 0.187681 0.15134 0.171371 0.235311 0.250474 -0.0106302 -0.0066704 -0.00244784 -0.00428315 -0.00616891 -0.00940656 0.0880129 0.094778 0.0888027 
0.427392 0.530499 0.401526 0.477862 0.415367 0.485074 -0.0583649 -0.0641448 -0.0680371 -0.0686776 -0.0632426 -0.0628662 0.0966276 0.0913472 0.0974652 
0.35762 0.294339 0.444059 0.380618 0.405874 0.327089 0.00265348 0.00119095 0.00354895 0.00231058 0.00323104 0.00186363 0.022363 0.0162407 0.0172851 
0.250044 0.320956 0.057279 0.168282 0.14442 0.284519 -0.0849621 -0.083312 -0.022443 -0.0470807 -0.0537633 -0.0839353 0.0288888 0.0100074 0.0154879 
0.463207 0.505863 0.485271 0.499058 0.474994 0.491836 0.00375809 0.00557065 0.00177944 0.00380272 0.0028824 0.00468427 0.0552774 0.0546529 0.061332 
0.463885 0.486497 0.374126 0.436714 0.423586 0.47543 -0.011863 -0.0217941 -0.00957605 -0.0158291 -0.0111174 -0.0165002 0.0787957 0.0839709 0.0821243 
0.506809 0.485271 0.505863 0.499058 0.50819 0.506429 0.00498777 0.00177944 0.00557065 0.00380272 0.00533294 0.00344279 0.0580535 0.061332 0.0546529 
0.314998 0.350287 0.470626 0.421056 0.408787 0.333204 0.00268364 0.00330639 0.00684797 0.005171 0.00481984 0.00303361 0.0380187 0.0324233 0.0383244 
0.0163206 0.100026 0.266062 0.174218 0.12282 0.0561558 -0.0378994 -0.059036 -0.0970747 -0.0779451 -0.0653562 -0.0487812 0.0515609 0.0661054 0.0492788 
0.995298 0.984286 0.746024 0.909384 0.917825 0.992239 -0.0347155 -0.0602007 -0.0315946 -0.0475701 -0.0388288 -0.0485628 0.0865217 0.0558261 0.0684012 
0.285713 0.335224 0.448537 0.39872 0.378931 0.311161 0.00375201 0.00498489 0.00778205 0.00651549 0.00613254 0.00442146 0.0486946 0.0528423 0.0484193 
0.449153 0.470626 0.350287 0.421056 0.406101 0.460413 0.00592199 0.00684797 0.00330639 0.005171 0.00466063 0.00643304 0.0322726 0.0383244 0.0324233 
0.30875 0.374126 0.486497 0.436714 0.411165 0.343058 -0.0106302 -0.00957605 -0.0217941 -0.0158291 -0.0179229 -0.0103041 0.0880129 0.0821243 0.0839709 
0.271183 0.327284 0.450609 0.395688 0.371165 0.299295 0.00304757 0.00233102 0.0020888 0.00221513 0.00335297 0.00293945 0.0666161 0.0696265 0.0675921 
0.281221 0.362544 0.495153 0.437891 0.400905 0.320772 -0.00400992 -0.0136085 -0.0240893 -0.0194528 -0.0124725 -0.00797985 0.0740907 0.0746927 0.078595 
0.406008 0.383137 0.27639 0.334086 0.348436 0.395056 0.00183845 0.000604746 0.000403867 0.000527248 0.000986971 0.00115116 0.0114191 0.00437528 0.0073567 
0.424598 0.448537 0.335224 0.39872 0.383295 0.437099 0.00671148 0.00778205 0.00498489 0.00651549 0.00603207 0.00727936 0.0539292 0.0484193 0.0528423 
0.430006 0.450609 0.327284 0.395688 0.381725 0.440619 -0.000505687 0.0020888 0.00233102 0.00221513 0.00134062 0.000893615 0.0712274 0.0675921 0.0696265 
0.491886 0.495153 0.362544 0.437891 0.431993 0.49315 -0.0324473 -0.0240893 -0.0136085 -0.0194528 -0.0222078 -0.028075 0.0777476 0.078595 0.0746927 
0.327795 0.212301 0.160518 0.187117 0.250935 0.273666 0.00074461 -0.000106087 0.000211449 7.66282e-05 0.000456009 0.00010473 0.0623163 0.0686947 0.0622156 
0.388449 0.269564 0.376903 0.327359 0.382613 0.33404 0.0014041 0.000317294 0.000487283 0.000416733 0.000907134 0.000753547 0.0103272 0.00656719 0.00387374 
0.591326 0.272801 0.460159 0.371855 0.525911 0.441888 -0.131304 -0.0903469 -0.109811 -0.103291 -0.121899 -0.118334 0.0742218 0.0801598 0.0853486 
0.537953 0.320956 0.250044 0.284519 0.387731 0.436964 -0.136937 -0.083312 -0.0849621 -0.0839353 -0.112849 -0.115382 0.029605 0.0100074 0.0288888 
-9.46234e-35 -1.20337e-34 -0.0720222 -0.0674618 -0.0593558 4.31189e-36 -3.99013e-35 -1.14909e-34 0.0100822 0.00396002 0.00672571 -1.70337e-34 0.0103451 0.0244164 0.0165867 
0.406008 0.468495 0.383137 0.432643 0.395056 0.441417 0.00183845 0.00141377 0.000604746 0.000989033 0.00115116 0.0016894 0.0114191 0.00564196 0.00437528 
0.388449 0.376903 0.461309 0.424921 0.429595 0.382613 0.0014041 0.000487283 0.00129501 0.000852583 0.00141369 0.000907134 0.0103272 0.00387374 0.00553432 
0.463207 0.485271 0.382434 0.443547 0.428005 0.474994 0.00375809 0.00177944 0.00218305 0.00214435 0.00293994 0.0028824 0.0552774 0.061332 0.0570334 
0.510678 0.491505 0.485271 0.488449 0.508207 0.510387 0.00117105 -0.00148231 0.00177944 0.000405797 0.00138487 -0.000406631 0.0650663 0.066997 0.061332 
0.327795 0.382434 0.485271 0.443547 0.424565 0.35652 0.00074461 0.00218305 0.00177944 0.00214435 0.00105256 0.00142715 0.0623163 0.0570334 0.061332 
0.00149676 0.057279 -0.0720222 -0.0320663 -0.0498698 0.027519 -0.0267478 -0.022443 0.0100822 0.00355837 -0.00350679 -0.0247096 0.0323499 0.0154879 0.0165867 
0.298946 0.266062 0.100026 0.174218 0.192835 0.283341 -0.102643 -0.0970747 -0.059036 -0.0779451 -0.0812886 -0.101144 0.0663869 0.0492788 0.0661054 
1.64715e-34 2.73646e-34 0.213097 0.113523 0.113701 5.33485e-35 -5.50165e-35 -2.72308e-35 0.000344381 6.16788e-05 8.88419e-05 -8.2596e-35 0.0111568 0.00555218 0.011113 
0.502765 0.480706 0.470626 0.475811 0.498303 0.500732 0.00857616 0.00684382 0.00684797 0.00693654 0.00802436 0.00790131 0.0434372 0.0437634 0.0383244 
0.382888 0.511086 0.633377 0.588187 0.53401 0.445963 -0.0305275 -0.0559639 -0.0926199 -0.0755878 -0.0601916 -0.0421582 0.0641217 0.0614526 0.0699478 
8.62581e-34 1.1254e-33 0.84306 0.513137 0.509978 -4.15588e-35 7.97312e-34 1.01834e-33 -0.00515904 -0.00149766 -0.00208749 1.82118e-33 0.163368 0.208384 0.175892 
0.668855 0.633377 0.511086 0.588187 0.603227 0.650045 -0.102463 -0.0926199 -0.0559639 -0.0755878 -0.0793336 -0.0981378 0.062395 0.0699478 0.0614526 
0.263028 0.456404 0.294445 0.382039 0.279149 0.365089 -0.0231781 -0.0469631 -0.0384291 -0.045247 -0.0304189 -0.0372622 0.0989632 0.0941116 0.100149 
0.00149676 -0.0622979 0.0163206 -0.0381609 0.00781496 -0.046391 -0.0267478 -0.00788573 -0.0378994 -0.0199832 -0.033719 -0.0160672 0.0323499 0.0469549 0.0515609 
0.346437 0.12779 0.198429 0.160784 0.276972 0.237632 -0.0172141 -0.00219679 -0.00715763 -0.00439685 -0.0127608 -0.00792395 0.072268 0.0697547 0.0666664 
0.296375 0.11811 0.163068 0.1403 0.232214 0.209767 0.000922832 0.000619021 0.000330528 0.000458271 0.000457014 0.00113063 0.0722065 0.0719687 0.0732746 
0.30166 0.128461 0.171217 0.150288 0.239458 0.220499 0.00414578 0.000883041 0.00157338 0.00117376 0.002794 0.0024137 0.0579828 0.0587306 0.0629447 
0.281221 0.163068 0.117781 0.140502 0.199871 0.220789 -0.00400992 0.000330528 -0.00030763 -0.000139634 -0.00158387 -0.00109195 0.0740907 0.0732746 0.0733002 
0.271183 0.171217 0.122651 0.147086 0.199761 0.222531 0.00304757 0.00157338 0.000859146 0.00116052 0.00195056 0.00239719 0.0666161 0.0629447 0.0667272 
0.285713 0.19004 0.134298 0.162479 0.214749 0.240335 0.00375201 0.00154987 0.000838382 0.00117048 0.00214065 0.00260426 0.0486946 0.0438027 0.0490953 
0.708198 0.995298 0.746024 0.917825 0.731048 0.909851 -0.0138894 -0.0347155 -0.0315946 -0.0388288 -0.0208337 -0.0246275 0.107057 0.0865217 0.0684012 
0.491886 0.555548 0.566371 0.565218 0.541136 0.523467 -0.0324473 -0.0561321 -0.0532725 -0.0553754 -0.043206 -0.0435022 0.0777476 0.0782163 0.0838339 
0.430006 0.46472 0.506755 0.489841 0.475602 0.44709 -0.000505687 -0.00719189 -0.00618153 -0.00680171 -0.00305139 -0.00348306 0.0712274 0.0749813 0.0733967 
0.570296 0.566371 0.555548 0.565218 0.586508 0.575034 -0.0763761 -0.0532725 -0.0561321 -0.0553754 -0.0689783 -0.064852 0.0881318 0.0838339 0.0782163 
0.424598 0.446567 0.491352 0.472677 0.46391 0.435636 0.00671148 0.00582629 0.00687877 0.00639757 0.00707393 0.0063654 0.0539292 0.0590587 0.0542409 
0.525819 0.506755 0.46472 0.489841 0.508323 0.518422 -0.0141574 -0.00618153 -0.00719189 -0.00680171 -0.0110121 -0.00987993 0.0775259 0.0733967 0.0749813 
0.506809 0.491352 0.446567 0.472677 0.486766 0.500519 0.00498777 0.00687877 0.00582629 0.00639757 0.00561467 0.00607958 0.0580535 0.0542409 0.0590587 
0.491886 0.566371 0.495153 0.537043 0.49315 0.541136 -0.0324473 -0.0532725 -0.0240893 -0.0372659 -0.028075 -0.043206 0.0777476 0.0838339 0.078595 
0.430006 0.506755 0.450609 0.481829 0.440619 0.475602 -0.000505687 -0.00618153 0.0020888 -0.00121599 0.000893615 -0.00305139 0.0712274 0.0733967 0.0675921 
0.424598 0.491352 0.448537 0.472599 0.437099 0.46391 0.00671148 0.00687877 0.00778205 0.00767234 0.00727936 0.00707393 0.0539292 0.0542409 0.0484193 
0.555338 0.495153 0.566371 0.537043 0.56246 0.543362 -0.0483573 -0.0240893 -0.0532725 -0.0372659 -0.0510728 -0.0366281 0.0862757 0.078595 0.0838339 
0.516939 0.450609 0.506755 0.481829 0.513586 0.495079 -0.00491371 0.0020888 -0.00618153 -0.00121599 -0.00560558 -0.00109054 0.0715918 0.0675921 0.0733967 
0.504437 0.448537 0.491352 0.472599 0.499665 0.485794 0.00731634 0.00778205 0.00687877 0.00767234 0.00713165 0.00795904 0.0508215 0.0484193 0.0542409 
-0.035231 -0.0493473 -0.0215402 -0.0344348 -0.0292362 -0.0442662 0.037564 0.0355889 0.0586785 0.0478667 0.0492173 0.0388698 0.00487124 0.00570885 -0.00149673 
2.80908e-34 0.217044 0.27639 0.247594 0.152252 0.11659 3.08767e-35 0.000402359 0.000403867 0.000428735 0.000100953 7.97315e-05 0.00625124 0.0119171 0.0073567 
8.20667e-34 1.0716e-33 0.835476 0.51441 0.504941 1.08505e-34 -5.32364e-34 -2.97608e-34 -0.0205909 -0.007233 -0.00478186 -7.80493e-34 0.110355 0.0529997 0.0789882 
0.538608 0.492133 0.486497 0.48934 0.522213 0.526586 -0.0282583 -0.0337611 -0.0217941 -0.0270824 -0.0260162 -0.0324338 0.0828544 0.0885352 0.0839709 
0.655017 0.73412 0.489952 0.651225 0.573361 0.714263 -0.0838784 -0.126062 -0.0500493 -0.089706 -0.0661737 -0.107948 0.0502898 0.0552416 0.0554926 
0.668855 0.489952 0.73412 0.651225 0.703068 0.603765 -0.102463 -0.0500493 -0.126062 -0.089706 -0.114353 -0.0781717 0.062395 0.0554926 0.0552416 
0.989578 0.84306 0.844244 0.843879 0.97846 0.978221 -0.00462351 -0.00515904 -0.00207134 -0.00323385 -0.00372897 -0.00594952 0.198027 0.175892 0.230283 
0.195511 0.285452 0.460159 0.36942 0.326471 0.241935 -0.0646886 -0.0680971 -0.109811 -0.0901364 -0.0907708 -0.0674162 0.0897739 0.0964419 0.0853486 
0.424598 0.335224 0.30166 0.318759 0.369173 0.383295 0.00671148 0.00498489 0.00414578 0.00455016 0.00559381 0.00603207 0.0539292 0.0528423 0.0579828 
0.430006 0.327284 0.296375 0.312052 0.369555 0.381725 -0.000505687 0.00233102 0.000922832 0.00158316 0.000403131 0.00134062 0.0712274 0.0696265 0.0722065 
0.491886 0.362544 0.346437 0.354295 0.429128 0.431993 -0.0324473 -0.0136085 -0.0172141 -0.0156294 -0.0253074 -0.0222078 0.0777476 0.0746927 0.072268 
0.427392 0.294445 0.456404 0.382039 0.443042 0.362184 -0.0583649 -0.0384291 -0.0469631 -0.045247 -0.0525393 -0.0497171 0.0966276 0.100149 0.0941116 
0.314998 0.206401 0.148656 0.177938 0.238022 0.264062 0.00268364 0.00105411 0.000538778 0.000781885 0.00146053 0.00182718 0.0380187 0.0436027 0.0375001 
0.44004 0.30929 0.348542 0.329636 0.399198 0.383731 0.00690862 0.00299263 0.00450796 0.00374465 0.00581809 0.00503459 0.0321451 0.0291514 0.033899 
0.500379 0.444059 0.487528 0.469684 0.496365 0.484799 0.00549387 0.00354895 0.00328893 0.00352771 0.00438456 0.00470436 0.0191165 0.0172851 0.0124699 
0.500379 0.487528 0.488376 0.500283 0.49812 0.496365 0.00549387 0.00328893 0.00393047 0.00381972 0.00479164 0.00438456 0.0191165 0.0124699 0.0144626 
0.382888 0.198429 0.153455 0.176823 0.26873 0.286173 -0.0305275 -0.00715763 -0.00548519 -0.00659748 -0.0157247 -0.0165834 0.0641217 0.0666664 0.0613262 
0.348854 0.1555 0.206401 0.181645 0.282783 0.26143 0.00270539 0.00051952 0.00105411 0.000770857 0.00190722 0.0014779 0.0505304 0.0497215 0.0436027 
0.879795 0.964564 0.844789 0.954055 0.868201 0.951459 -0.1118 -0.0829644 -0.0582699 -0.0833123 -0.089458 -0.102029 0.00315395 0.0386659 0.013728 
1.1254e-33 9.52603e-34 0.844244 0.513695 0.512402 -3.20928e-35 1.01834e-33 1.24537e-33 -0.00207134 -0.00069927 -0.00101951 2.26711e-33 0.208384 0.254277 0.230283 
-1.81551e-35 0.029515 0.0586493 0.0413013 -0.0107245 -0.00698848 -4.26849e-34 -0.0184355 -0.0408816 -0.0291956 -0.0123725 -0.00569707 0.0812704 0.0890649 0.077749 
0.35459 0.191088 0.30929 0.254194 0.332694 0.280429 0.00304554 0.000899562 0.00299263 0.00181925 0.00309081 0.00196763 0.0227699 0.0256908 0.0291514 
0.620265 0.537953 0.753765 0.666987 0.70707 0.577474 -0.141061 -0.136937 -0.151143 -0.151488 -0.152228 -0.139213 0.0214159 0.029605 0.0410742 
0.463207 0.382434 0.348854 0.36623 0.414688 0.428005 0.00375809 0.00218305 0.00270539 0.00255225 0.00343954 0.00293994 0.0552774 0.0570334 0.0505304 
0.820038 0.620265 0.753765 0.70707 0.786021 0.745874 -0.145708 -0.141061 -0.151143 -0.152228 -0.149718 -0.150485 0.0318105 0.0214159 0.0410742 
0.570296 0.59974 0.489311 0.565146 0.541315 0.585937 -0.0763761 -0.0840364 -0.0918153 -0.0923796 -0.0860253 -0.0805558 0.0881318 0.0835313 0.092184 
0.591041 0.489311 0.59974 0.565146 0.599678 0.544919 -0.103794 -0.0918153 -0.0840364 -0.0923796 -0.094315 -0.0995831 0.0839616 0.092184 0.0835313 
0.0134215 -0.0493473 -0.0720222 -0.0620265 -0.0388532 -0.0291276 0.0194158 0.0355889 0.0100822 0.0223674 0.0188522 0.0335038 0.00335794 0.00570885 0.0165867 
8.83493e-34 7.36495e-34 0.708198 0.406763 0.397259 2.15177e-34 4.0337e-34 5.89055e-34 -0.0138894 -0.00402112 -0.0055153 1.01062e-33 0.0857989 0.121299 0.107057 
0.349076 0.156108 0.212301 0.184895 0.286766 0.262071 -0.00387286 -0.000545348 -0.000106087 -0.000389126 -0.00142007 -0.00194017 0.075537 0.0754491 0.0686947 
0.463885 0.374126 0.349076 0.362558 0.413466 0.423586 -0.011863 -0.00957605 -0.00387286 -0.00636342 -0.00761509 -0.0111174 0.0787957 0.0821243 0.075537 
0.504437 0.505863 0.477928 0.495836 0.502011 0.506778 0.00731634 0.00557065 0.00578803 0.00582391 0.00671143 0.00651572 0.0508215 0.0546529 0.0493221 
0.463207 0.477928 0.505863 0.495836 0.491836 0.471139 0.00375809 0.00578803 0.00557065 0.00582391 0.00468427 0.00484205 0.0552774 0.0493221 0.0546529 
0.263028 0.116164 0.187681 0.152021 0.228553 0.19159 -0.0231781 -0.00500429 -0.0066704 -0.00599731 -0.0137884 -0.0132767 0.0989632 0.10022 0.094778 
0.35762 0.293086 0.18789 0.24279 0.280801 0.32696 0.00265348 0.00203678 0.000681465 0.00127704 0.00160878 0.00241461 0.022363 0.0281464 0.0244548 
0.894596 0.618229 0.9291 0.82649 0.914756 0.833757 -0.126953 -0.0504528 -0.106046 -0.0825502 -0.11692 -0.0928163 0.0266697 0.0439445 0.0297642 
0.50085 0.496437 0.439969 0.475799 0.483503 0.499326 0.00744721 0.00776494 0.00522952 0.00662913 0.00664384 0.00766994 0.027229 0.0313201 0.0277338 
0.406008 0.27639 0.217044 0.247594 0.32448 0.348436 0.00183845 0.000403867 0.000402359 0.000428735 0.00107154 0.000986971 0.0114191 0.0073567 0.0119171 
0.491036 0.411416 0.468495 0.443662 0.481494 0.461543 0.000798716 0.000380364 0.00141377 0.000763094 0.00102228 0.000655597 1.8132e-05 4.88654e-05 0.00564196 
0.404855 0.488576 0.461309 0.476936 0.436055 0.456798 0.000294844 0.000735607 0.00129501 0.000941973 0.000657557 0.000566573 -4.46275e-05 -2.19923e-05 0.00553432 
0.516939 0.51821 0.484725 0.504554 0.512265 0.5199 -0.00491371 -0.0109899 -0.00590837 -0.00838423 -0.00594292 -0.00788152 0.0715918 0.0759986 0.0725624 
0.463885 0.484725 0.51821 0.504554 0.498716 0.475429 -0.011863 -0.00590837 -0.0109899 -0.00838423 -0.0120489 -0.00874788 0.0787957 0.0725624 0.0759986 
0.500379 0.488376 0.471125 0.480767 0.494261 0.49812 0.00549387 0.00393047 0.00548353 0.00473919 0.00570581 0.00479164 0.0191165 0.0144626 0.0214382 
2.80908e-34 1.67707e-34 0.217044 0.11636 0.11659 5.64223e-35 3.08767e-35 6.11019e-35 0.000402359 0.000107783 7.97315e-05 9.15604e-35 0.00625124 0.0124442 0.0119171 
8.83493e-34 0.708198 0.746024 0.731048 0.4372 0.397259 4.0337e-34 -0.0138894 -0.0315946 -0.0208337 -0.00972883 -0.0055153 0.0857989 0.107057 0.0684012 
0.00149676 -0.0720222 -0.0738655 -0.0767355 -0.0569278 -0.0498698 -0.0267478 0.0100822 -0.00130388 0.00216289 -0.00928452 -0.00350679 0.0323499 0.0165867 0.0322231 
-1.20337e-34 -0.0738655 -0.0720222 -0.0767355 -0.0674618 -0.0532891 -1.14909e-34 -0.00130388 0.0100822 0.00216289 0.00396002 0.00115248 0.0244164 0.0322231 0.0165867 
0.388449 0.294339 0.213097 0.255143 0.310693 0.344994 0.0014041 0.00119095 0.000344381 0.000699656 0.000834733 0.0013884 0.0103272 0.0162407 0.011113 
0.50085 0.439969 0.480971 0.463351 0.494567 0.483503 0.00744721 0.00522952 0.0058046 0.00563022 0.00670273 0.00664384 0.027229 0.0277338 0.023248 
0.995298 0.844789 0.984286 0.963183 0.992239 0.969505 -0.0347155 -0.0582699 -0.0602007 -0.069056 -0.0485628 -0.0516983 0.0865217 0.013728 0.0558261 
0.388449 0.213097 0.269564 0.242097 0.33404 0.310693 0.0014041 0.000344381 0.000317294 0.000356017 0.000753547 0.000834733 0.0103272 0.011113 0.00656719 
0.555338 0.530499 0.456404 0.495301 0.521875 0.548794 -0.0483573 -0.0641448 -0.0469631 -0.0557839 -0.0505384 -0.0566494 0.0862757 0.0913472 0.0941116 
0.427392 0.456404 0.530499 0.495301 0.485074 0.443042 -0.0583649 -0.0469631 -0.0641448 -0.0557839 -0.0628662 -0.0525393 0.0966276 0.0941116 0.0913472 
0.406008 0.217044 0.294591 0.25764 0.355637 0.32448 0.00183845 0.000402359 0.00141303 0.000827242 0.00174012 0.00107154 0.0114191 0.0119171 0.017371 
0.488376 0.42706 0.471125 0.451596 0.480767 0.464198 0.00393047 0.00347468 0.00548353 0.00448113 0.00473919 0.00384171 0.0144626 0.0175254 0.0214382 
3.28143e-34 0.196318 0.30929 0.255806 0.173433 0.105049 1.50135e-34 0.00132623 0.00299263 0.00217201 0.000907178 0.000359658 0.0302785 0.0339446 0.0291514 
2.80908e-34 0.27639 0.183607 0.232114 0.0971083 0.152252 3.08767e-35 0.000403867 7.19968e-05 0.000197648 3.06304e-05 0.000100953 0.00625124 0.0073567 0.00389246 
3.28143e-34 0.30929 0.191088 0.254194 0.100964 0.173433 1.50135e-34 0.00299263 0.000899562 0.00181925 0.000295685 0.000907178 0.0302785 0.0291514 0.0256908 
-9.46234e-35 -0.0720222 -0.0492672 -0.0663273 -0.035635 -0.0593558 -3.99013e-35 0.0100822 0.0165029 0.015694 0.00517839 0.00672571 0.0103451 0.0165867 0.00842527 
3.49173e-34 0.294339 0.204417 0.251471 0.108352 0.162723 -8.24501e-35 0.00119095 0.000701029 0.000978143 0.000173303 0.000346191 0.0168481 0.0162407 0.0207076 
0.894596 0.846358 0.618229 0.773814 0.833757 0.876596 -0.126953 -0.11625 -0.0504528 -0.0858541 -0.0928163 -0.123043 0.0266697 0.0361207 0.0439445 
0.406008 0.294591 0.42706 0.369318 0.417009 0.355637 0.00183845 0.00141303 0.00347468 0.00242828 0.00259597 0.00174012 0.0114191 0.017371 0.0175254 
8.20667e-34 0.835476 0.702503 0.773369 0.405378 0.504941 -5.32364e-34 -0.0205909 -0.00760521 -0.0117759 -0.00259504 -0.00478186 0.110355 0.0789882 0.119666 
0.75 1 0.9373 0.984306 0.85927 0.9375 -3.50229e-37 -6.54974e-37 -0.000608993 -0.000455717 -0.000330091 -1.25139e-36 0.347986 0.347427 0.307383 
4.80323e-34 0.320341 0.489952 0.412336 0.24284 0.146916 2.19628e-34 -0.0215024 -0.0500493 -0.0353093 -0.0135241 -0.00523575 0.0505079 0.0489319 0.0554926 
0.835476 0.844789 0.995298 0.969505 0.969407 0.83922 -0.0205909 -0.0582699 -0.0347155 -0.0516983 -0.0331529 -0.0305677 0.0789882 0.013728 0.0865217 
0.35459 0.42706 0.294591 0.369318 0.326172 0.39386 0.00304554 0.00347468 0.00141303 0.00242828 0.00216668 0.00336765 0.0227699 0.0175254 0.017371 
0.195511 0.0586493 0.029515 0.0413013 0.0982547 0.123998 -0.0646886 -0.0408816 -0.0184355 -0.0291956 -0.0408162 -0.0540295 0.0897739 0.077749 0.0890649 
2.73646e-34 0.166987 0.269564 0.22052 0.147337 0.0876469 -2.72308e-35 3.74967e-05 0.000317294 0.000137395 7.11173e-05 1.52918e-05 0.00555218 0.00357428 0.00656719 
9.52603e-34 0.706344 0.844244 0.780907 0.513695 0.405305 1.24537e-33 -0.000665832 -0.00207134 -0.00114572 -0.00069927 -0.000279179 0.254277 0.280031 0.230283 
4.87277e-34 5.60162e-34 0.618229 0.347631 0.319302 -2.17418e-35 1.69222e-34 1.86696e-34 -0.0504528 -0.0134732 -0.0142791 3.96786e-34 0.0382594 0.0415214 0.0439445 
0.195511 0.272801 0.0586493 0.154506 0.123998 0.231775 -0.0646886 -0.0903469 -0.0408816 -0.0663119 -0.0540295 -0.0778258 0.0897739 0.0801598 0.077749 
0.984286 0.844789 0.964564 0.954055 0.975248 0.963183 -0.0602007 -0.0582699 -0.0829644 -0.0833123 -0.0716164 -0.069056 0.0558261 0.013728 0.0386659 
-1.81551e-35 0.0586493 -0.0285264 0.00781653 -0.0273409 -0.0107245 -4.26849e-34 -0.0408816 -0.0174425 -0.0284374 -0.00580556 -0.0123725 0.0812704 0.077749 0.0647059 
0.806513 0.746024 0.964564 0.900047 0.908972 0.782886 -0.0613124 -0.0315946 -0.0829644 -0.0570188 -0.0742278 -0.0467972 0.0461092 0.0684012 0.0386659 
0.44004 0.494458 0.462528 0.481484 0.451949 0.473654 0.00690862 0.00831454 0.00664052 0.00761853 0.00683813 0.00785055 0.0321451 0.0318644 0.0269971 
0.50085 0.462528 0.494458 0.481484 0.50042 0.49325 0.00744721 0.00664052 0.00831454 0.00761853 0.00798282 0.00741846 0.027229 0.0269971 0.0318644 
0.655017 0.489952 0.320341 0.412336 0.502953 0.573361 -0.0838784 -0.0500493 -0.0215024 -0.0353093 -0.0496777 -0.0661737 0.0502898 0.0554926 0.0489319 
0.668855 0.511086 0.489952 0.501726 0.603765 0.603227 -0.102463 -0.0559639 -0.0500493 -0.0535579 -0.0781717 -0.0793336 0.062395 0.0614526 0.0554926 
0.806513 0.9291 0.618229 0.82649 0.716317 0.894624 -0.0613124 -0.106046 -0.0504528 -0.0825502 -0.0590463 -0.0840196 0.0461092 0.0297642 0.0439445 
7.40752e-34 7.7419e-34 0.774571 0.457287 0.45618 1.69796e-34 -1.21552e-33 -9.9418e-34 -0.00163856 -0.000603117 -0.000464084 -2.20844e-33 0.255135 0.208564 0.233354 
4.80323e-34 0.489952 0.2516 0.36657 0.129728 0.24284 2.19628e-34 -0.0500493 -0.0143758 -0.0293074 -0.00423093 -0.0135241 0.0505079 0.0554926 0.0583435 
0.998656 0.9373 0.986661 0.995448 0.994197 0.98861 -0.00141007 -0.000608993 -0.000513226 -0.000626229 -0.00092064 -0.00104558 0.269325 0.307383 0.317382 
0.35762 0.18789 0.204417 0.19622 0.287502 0.280801 0.00265348 0.000681465 0.000701029 0.000698083 0.00156029 0.00160878 0.022363 0.0244548 0.0207076 
0.998656 0.986661 0.749907 0.905268 0.927948 0.994197 -0.00141007 -0.000513226 -0.000458031 -0.000549973 -0.000944632 -0.00092064 0.269325 0.317382 0.304805 
0.500379 0.480971 0.444059 0.464673 0.484799 0.494759 0.00549387 0.0058046 0.00354895 0.00465874 0.00470436 0.00579469 0.0191165 0.023248 0.0172851 
0.401526 0.205647 0.294445 0.251795 0.346942 0.303412 -0.0680371 -0.0378431 -0.0384291 -0.0388816 -0.0534362 -0.0551285 0.0974652 0.101194 0.100149 
0.622048 0.266062 0.512074 0.395462 0.566814 0.452018 -0.148902 -0.0970747 -0.135972 -0.121774 -0.143095 -0.130521 0.052514 0.0492788 0.0624162 
0.35762 0.444059 0.480971 0.464673 0.433279 0.405874 0.00265348 0.00354895 0.0058046 0.00465874 0.00432445 0.00323104 0.022363 0.0172851 0.023248 
0.294445 0.205647 0.144533 0.175833 0.218394 0.251795 -0.0384291 -0.0378431 -0.0140703 -0.0250823 -0.0265019 -0.0388816 0.100149 0.101194 0.10252 
0.298946 0.512074 0.266062 0.395462 0.283341 0.40661 -0.102643 -0.135972 -0.0970747 -0.121774 -0.101144 -0.121628 0.0663869 0.0624162 0.0492788 
3.05218e-34 0.293086 0.200368 0.249021 0.105752 0.161696 -1.39419e-34 0.00203678 0.000967283 0.00149835 0.000252276 0.000573769 0.0284497 0.0281464 0.032905 
1.0354e-34 -0.0215402 0.0222348 -0.0110588 -0.000177293 -0.00933762 9.03929e-35 0.0586785 0.0450952 0.0597611 0.0536505 0.0567868 -0.0238364 -0.00149673 -0.00928016 
0.35762 0.439969 0.293086 0.377262 0.32696 0.40275 0.00265348 0.00522952 0.00203678 0.00361861 0.00241461 0.00390097 0.022363 0.0277338 0.0281464 
1.0716e-33 0.844789 0.835476 0.83922 0.51441 0.544452 -2.97608e-34 -0.0582699 -0.0205909 -0.0305677 -0.007233 -0.0301268 0.0529997 0.013728 0.0789882 
1.35187e-34 0.116164 0.144533 0.133173 0.0779408 0.0574697 -5.14958e-34 -0.00500429 -0.0140703 -0.00886251 -0.00384058 -0.00155528 0.103339 0.10022 0.10252 
5.60162e-34 0.401663 0.618229 0.525926 0.347631 0.20337 1.86696e-34 -0.0162144 -0.0504528 -0.0301946 -0.0134732 -0.00424048 0.0415214 0.0521111 0.0439445 
0.806513 0.618229 0.401663 0.525926 0.632201 0.716317 -0.0613124 -0.0504528 -0.0162144 -0.0301946 -0.0370673 -0.0590463 0.0461092 0.0439445 0.0521111 
0.998656 0.844244 0.706344 0.780907 0.936023 0.967825 -0.00141007 -0.00207134 -0.000665832 -0.00114572 -0.00124307 -0.00201045 0.269325 0.230283 0.280031 
2.72975e-35 6.44712e-35 0.0891604 0.0388125 0.0239165 -7.61132e-36 -4.81343e-34 -5.16099e-34 -0.0234326 -0.00687479 -0.00703492 -9.74431e-34 0.0951136 0.102753 0.0978226 
0.35762 0.204417 0.294339 0.251471 0.327089 0.287502 0.00265348 0.000701029 0.00119095 0.000978143 0.00186363 0.00156029 0.022363 0.0207076 0.0162407 
0.35459 0.198712 0.191088 0.194923 0.280429 0.283977 0.00304554 0.00080316 0.000899562 0.000854964 0.00196763 0.00182363 0.0227699 0.021805 0.0256908 
0.491036 0.468495 0.500054 0.492687 0.498088 0.481494 0.000798716 0.00141377 0.00136393 0.00145894 0.00102331 0.00102228 1.8132e-05 0.00564196 0.00380099 
3.05218e-34 0.18789 0.293086 0.24279 0.161696 0.0995888 -1.39419e-34 0.000681465 0.00203678 0.00127704 0.000573769 0.000205873 0.0284497 0.0244548 0.0281464 
0.488576 0.500054 0.461309 0.489836 0.476936 0.496871 0.000735607 0.00136393 0.00129501 0.00140094 0.000941973 0.000984625 -2.19923e-05 0.00380099 0.00553432 
3.43484e-34 0.198712 0.294591 0.248864 0.163824 0.106104 9.15799e-35 0.00080316 0.00141303 0.00114567 0.000425196 0.000204798 0.0185071 0.021805 0.017371 
-1.81551e-35 2.72975e-35 0.029515 0.00573169 -0.00698848 -2.59442e-35 -4.26849e-34 -4.81343e-34 -0.0184355 -0.00528853 -0.00569707 -8.70104e-34 0.0812704 0.0951136 0.0890649 
-3.40345e-35 -0.0492672 -0.0143136 -0.0317704 -0.0110448 -0.0243489 -9.44408e-36 0.0165029 0.0132286 0.0163086 0.00397435 0.00549344 0.0035161 0.00842527 0.00550975 
0.0134215 0.057279 0.320956 0.168282 0.13056 0.0344364 0.0194158 -0.022443 -0.083312 -0.0470807 -0.0251729 -0.00315051 0.00335794 0.0154879 0.0100074 
1.08735e-34 1.35187e-34 0.144533 0.0779408 0.0679616 4.36412e-35 -5.26179e-34 -5.14958e-34 -0.0140703 -0.00384058 -0.0042339 -1.0293e-33 0.105313 0.103339 0.10252 
0.00149676 -0.0738655 -0.0622979 -0.0697521 -0.046391 -0.0569278 -0.0267478 -0.00130388 -0.00788573 -0.00460773 -0.0160672 -0.00928452 0.0323499 0.0322231 0.0469549 
0.806513 0.401663 0.746024 0.583506 0.782886 0.632201 -0.0613124 -0.0162144 -0.0315946 -0.0242111 -0.0467972 -0.0370673 0.0461092 0.0521111 0.0684012 
0.648318 0.618229 0.846358 0.773814 0.77059 0.63744 -0.0671092 -0.0504528 -0.11625 -0.0858541 -0.0936572 -0.0593181 0.042054 0.0439445 0.0361207 
1.08832e-33 0.844789 1.0716e-33 0.544452 2.98751e-34 0.563095 1.07721e-35 -0.0582699 -2.97608e-34 -0.0301268 -4.07575e-36 -0.0803931 -0.0714071 0.013728 0.0529997 
0.263028 0.144533 0.116164 0.133173 0.19159 0.20376 -0.0231781 -0.0140703 -0.00500429 -0.00886251 -0.0132767 -0.0196683 0.0989632 0.10252 0.10022 
0.500153 0.500054 0.468495 0.492687 0.492497 0.500099 0.00243426 0.00136393 0.00141377 0.00145894 0.00198064 0.00186387 0.00842258 0.00380099 0.00564196 
0.500153 0.461309 0.500054 0.489836 0.500099 0.490121 0.00243426 0.00129501 0.00136393 0.00140094 0.00186387 0.00191677 0.00842258 0.00553432 0.00380099 
9.53115e-34 8.20667e-34 0.702503 0.405378 0.400708 3.5121e-34 -7.69017e-34 -5.32364e-34 -0.00760521 -0.00259504 -0.00194172 -1.2914e-33 0.160565 0.110355 0.119666 
-8.32557e-35 -0.0285264 -0.0622979 -0.047873 -0.0446967 -0.0385508 -3.1869e-34 -0.0174425 -0.00788573 -0.012522 -0.00270417 -0.00457226 0.0631551 0.0647059 0.0469549 
0.999392 0.995298 0.708198 0.909851 0.919578 0.99786 -0.0148328 -0.0347155 -0.0138894 -0.0246275 -0.0173734 -0.0236875 0.130287 0.0865217 0.107057 
9.53115e-34 0.702503 0.834522 0.773239 0.506934 0.400708 -7.69017e-34 -0.00760521 -0.00636462 -0.00736511 -0.00209639 -0.00194172 0.160565 0.119666 0.157184 
0.820038 0.753765 0.772219 0.801862 0.824189 0.786021 -0.145708 -0.151143 -0.107021 -0.135548 -0.130517 -0.149718 0.0318105 0.0410742 0.0429572 
0.35459 0.294591 0.198712 0.248864 0.283977 0.326172 0.00304554 0.00141303 0.00080316 0.00114567 0.00182363 0.00216668 0.0227699 0.017371 0.021805 
0.345833 0.320956 0.727004 0.521263 0.561765 0.334611 -0.0812413 -0.083312 -0.143368 -0.122356 -0.122786 -0.081484 -0.00181508 0.0100074 0.0150934 
0.984286 0.964564 0.746024 0.900047 0.909384 0.975248 -0.0602007 -0.0829644 -0.0315946 -0.0570188 -0.0475701 -0.0716164 0.0558261 0.0386659 0.0684012 
1.0354e-34 -2.46103e-35 -0.0215402 -0.0082636 -0.00933762 8.16577e-35 9.03929e-35 6.19842e-35 0.0586785 0.0498812 0.0567868 6.542e-35 -0.0238364 0.00395931 -0.00149673 
0.999392 0.708198 0.648407 0.680163 0.904272 0.919578 -0.0148328 -0.0138894 -0.00622806 -0.00904189 -0.0124317 -0.0173734 0.130287 0.107057 0.140766 
0.999392 0.835476 0.995298 0.969407 0.99786 0.963608 -0.0148328 -0.0205909 -0.0347155 -0.0331529 -0.0236875 -0.0211015 0.130287 0.0789882 0.0865217 
0.248235 0.183607 0.383137 0.295778 0.322282 0.216848 5.8017e-05 7.19968e-05 0.000604746 0.000273656 0.000235649 5.78972e-05 1.67656e-05 0.00389246 0.00437528 
0.241518 0.376903 0.166987 0.284464 0.205422 0.315207 1.6434e-05 0.000487283 3.74967e-05 0.000192155 2.13585e-05 0.000160437 -1.35658e-05 0.00387374 0.00357428 
0.388449 0.487528 0.444059 0.469684 0.418283 0.450111 0.0014041 0.00328893 0.00354895 0.00352771 0.00237709 0.00235842 0.0103272 0.0124699 0.0172851 
7.36495e-34 0.648407 0.708198 0.680163 0.406763 0.362118 5.89055e-34 -0.00622806 -0.0138894 -0.00904189 -0.00402112 -0.00216353 0.121299 0.140766 0.107057 
0.376241 0.486497 0.492133 0.48934 0.440252 0.439732 -0.0248391 -0.0217941 -0.0337611 -0.0270824 -0.0307002 -0.0246084 0.0923432 0.0839709 0.0885352 
0.405458 0.485271 0.491505 0.488449 0.456332 0.452621 -0.00139586 0.00177944 -0.00148231 0.000405797 -0.0017152 -6.3081e-05 0.0679899 0.061332 0.066997 
7.7419e-34 0.644883 0.774571 0.713321 0.457287 0.363275 -9.9418e-34 -0.00216176 -0.00163856 -0.00193708 -0.000603117 -0.000560855 0.208564 0.190967 0.233354 
0.998656 0.749907 0.624583 0.690383 0.894778 0.927948 -0.00141007 -0.000458031 -0.000623922 -0.000560099 -0.00121358 -0.000944632 0.269325 0.304805 0.269865 
0.00149676 0.266062 0.250044 0.259074 0.105688 0.116094 -0.0267478 -0.0970747 -0.0849621 -0.0927281 -0.0517687 -0.0608387 0.0323499 0.0492788 0.0288888 
8.62581e-34 0.84306 0.648407 0.755359 0.366227 0.509978 7.97312e-34 -0.00515904 -0.00622806 -0.00602011 -0.001575 -0.00208749 0.163368 0.175892 0.140766 
0.366223 0.448537 0.458936 0.453841 0.418405 0.41128 0.00576611 0.00778205 0.0082273 0.0080213 0.00722265 0.00701178 0.0434894 0.0484193 0.043056 
3.36283e-34 3.47182e-34 0.415114 0.214706 0.195645 5.40291e-35 2.04019e-34 1.76705e-34 -0.0321234 -0.00839736 -0.00764735 4.10098e-34 0.0440704 0.0381611 0.045505 
0.999392 0.702503 0.835476 0.773369 0.963608 0.93357 -0.0148328 -0.00760521 -0.0205909 -0.0117759 -0.0211015 -0.0139944 0.130287 0.119666 0.0789882 
-3.40345e-35 -9.46234e-35 -0.0492672 -0.035635 -0.0243489 -2.92668e-35 -9.44408e-36 -3.99013e-35 0.0165029 0.00517839 0.00549344 -6.61165e-35 0.0035161 0.0103451 0.00842527 
1.88247e-34 3.49173e-34 0.204417 0.108352 0.10879 6.98082e-35 -1.1135e-34 -8.24501e-35 0.000701029 0.000173303 0.000190591 -1.94924e-34 0.0226013 0.0168481 0.0207076 
0.75 0.749907 0.986661 0.905268 0.905287 0.749912 -4.05723e-37 -0.000458031 -0.000513226 -0.000549973 -0.000319133 -0.000248401 0.346919 0.304805 0.317382 
0.467751 0.610824 0.555548 0.583616 0.520659 0.558395 -0.0418162 -0.0831748 -0.0561321 -0.0689279 -0.0502885 -0.0631366 0.0704854 0.0769135 0.0782163 
0.365959 0.495153 0.485847 0.489682 0.432729 0.433885 -0.00488892 -0.0240893 -0.0154081 -0.0196048 -0.00978058 -0.0128132 0.0746446 0.078595 0.0775927 
0.353027 0.450609 0.45539 0.452802 0.409498 0.404887 0.00447308 0.0020888 0.00411051 0.00309527 0.00460488 0.00388694 0.0630562 0.0675921 0.0636128 
0.622048 0.73412 0.753765 0.757094 0.689314 0.714151 -0.148902 -0.126062 -0.151143 -0.141124 -0.152138 -0.145545 0.052514 0.0552416 0.0410742 
0.397797 0.470626 0.480706 0.475811 0.446778 0.439707 0.00430591 0.00684797 0.00684382 0.00693654 0.0056397 0.00564403 0.0437206 0.0383244 0.0437634 
0.293086 0.439969 0.350287 0.40029 0.32263 0.377262 0.00203678 0.00522952 0.00330639 0.00435905 0.00264648 0.00361861 0.0281464 0.0277338 0.0324233 
0.500153 0.488376 0.487528 0.500283 0.496844 0.497418 0.00243426 0.00393047 0.00328893 0.00381972 0.00290527 0.00319692 0.00842258 0.0144626 0.0124699 
0.622048 0.499582 0.266062 0.377942 0.452018 0.568146 -0.148902 -0.135838 -0.0970747 -0.117547 -0.130521 -0.145516 0.052514 0.0390788 0.0492788 
0.501892 0.444216 0.492876 0.473291 0.49882 0.484488 0.0086959 0.0077002 0.00885587 0.00848853 0.00884041 0.00863377 0.0359108 0.037642 0.0397004 
-1.41132e-35 -3.40345e-35 -0.0143136 -0.0110448 -0.00173909 1.97763e-37 -1.12635e-35 -9.44408e-36 0.0132286 0.00397435 0.00178569 -4.46335e-35 0.00549879 0.0035161 0.00550975 
0.366223 0.458936 0.444216 0.451744 0.409038 0.418405 0.00576611 0.0082273 0.0077002 0.00804799 0.00687196 0.00722265 0.0434894 0.043056 0.037642 
0.345833 0.10299 0.0222348 0.0507177 0.131367 0.217436 -0.0812413 0.00174963 0.0450952 0.0318604 -0.00980592 -0.0419182 -0.00181508 -0.0293916 -0.00928016 
-1.41132e-35 -0.0143136 -3.64708e-35 -0.00430095 -5.39012e-35 -0.00173909 -1.12635e-35 0.0132286 1.90799e-35 0.00973006 -2.97934e-36 0.00178569 0.00549879 0.00550975 0.00780537 
0.449153 0.350287 0.439969 0.40029 0.444599 0.406101 0.00592199 0.00330639 0.00522952 0.00435905 0.00561122 0.00466063 0.0322726 0.0324233 0.0277338 
0.648318 0.305102 0.618229 0.46086 0.63744 0.490906 -0.0671092 -0.0160283 -0.0504528 -0.0303243 -0.0593181 -0.0385526 0.042054 0.0407478 0.0439445 
0.622048 0.753765 0.499582 0.644342 0.568146 0.689314 -0.148902 -0.151143 -0.135838 -0.151399 -0.145516 -0.152138 0.052514 0.0410742 0.0390788 
0.406008 0.42706 0.488376 0.464198 0.457032 0.417009 0.00183845 0.00347468 0.00393047 0.00384171 0.00291094 0.00259597 0.0114191 0.0175254 0.0144626 
9.52603e-34 6.96063e-34 0.706344 0.405709 0.405305 3.06615e-34 1.24537e-33 1.47502e-33 -0.000665832 -0.000167366 -0.000279179 2.72144e-33 0.254277 0.300945 0.280031 
0.353027 0.45539 0.446567 0.450794 0.404498 0.409498 0.00447308 0.00411051 0.00582629 0.00510945 0.00523938 0.00460488 0.0630562 0.0636128 0.0590587 
0.998656 0.996996 0.844244 0.971189 0.967825 0.997854 -0.00141007 -0.0026923 -0.00207134 -0.00268382 -0.00201045 -0.00207641 0.269325 0.232811 0.230283 
0.365959 0.485847 0.46472 0.474732 0.420713 0.432729 -0.00488892 -0.0154081 -0.00719189 -0.0107893 -0.00617036 -0.00978058 0.0746446 0.0775927 0.0749813 
0.999392 0.648407 0.84306 0.755359 0.957208 0.904272 -0.0148328 -0.00622806 -0.00515904 -0.00602011 -0.00981914 -0.0124317 0.130287 0.140766 0.175892 
0.506809 0.446567 0.49642 0.475443 0.50287 0.486766 0.00498777 0.00582629 0.0042604 0.00525128 0.00462002 0.00561467 0.0580535 0.0590587 0.0611486 
4.80323e-34 3.36283e-34 0.320341 0.160441 0.146916 8.6774e-35 2.19628e-34 2.04019e-34 -0.0215024 -0.00576361 -0.00523575 4.66931e-34 0.0505079 0.0440704 0.0489319 
-0.035231 -0.0143136 -0.0492672 -0.0317704 -0.0440489 -0.0262556 0.037564 0.0132286 0.0165029 0.0163086 0.0272595 0.0258463 0.00487124 0.00550975 0.00842527 
0.345833 0.119621 0.320956 0.214883 0.334611 0.214058 -0.0812413 -0.0110069 -0.083312 -0.0490034 -0.081484 -0.0428544 -0.00181508 -0.0024236 0.0100074 
0.467751 0.633377 0.610824 0.622018 0.558395 0.558358 -0.0418162 -0.0926199 -0.0831748 -0.0882198 -0.0631366 -0.0652764 0.0704854 0.0699478 0.0769135 
0.525819 0.46472 0.522782 0.49917 0.52541 0.508323 -0.0141574 -0.00719189 -0.0168407 -0.0117786 -0.0155896 -0.0110121 0.0775259 0.0749813 0.0785494 
0.570296 0.555548 0.59974 0.589866 0.585937 0.586508 -0.0763761 -0.0561321 -0.0840364 -0.0707491 -0.0805558 -0.0689783 0.0881318 0.0782163 0.0835313 
0.989578 0.844244 0.996996 0.971189 0.993854 0.97846 -0.00462351 -0.00207134 -0.0026923 -0.00268382 -0.00343395 -0.00372897 0.198027 0.230283 0.232811 
0.998656 0.624583 0.774571 0.704243 0.934728 0.894778 -0.00141007 -0.000623922 -0.00163856 -0.000979147 -0.00179391 -0.00121358 0.269325 0.269865 0.233354 
0.894596 0.727004 0.846358 0.850196 0.876596 0.837314 -0.126953 -0.143368 -0.11625 -0.141591 -0.123043 -0.141973 0.0266697 0.0150934 0.0361207 
0.0163206 -0.0622979 -0.0285264 -0.047873 -0.0129483 -0.0381609 -0.0378994 -0.00788573 -0.0174425 -0.012522 -0.0275064 -0.0199832 0.0515609 0.0469549 0.0647059 
1.0354e-34 0.0222348 0.10299 0.0507177 0.00936392 -0.000177293 9.03929e-35 0.0450952 0.00174963 0.0318604 0.0389654 0.0536505 -0.0238364 -0.00928016 -0.0293916 
0.591326 0.63449 0.633377 0.647558 0.657424 0.621511 -0.131304 -0.111663 -0.0926199 -0.104557 -0.119048 -0.122959 0.0742218 0.0775453 0.0699478 
4.87277e-34 0.618229 0.305102 0.46086 0.161248 0.319302 1.69222e-34 -0.0504528 -0.0160283 -0.0303243 -0.00526234 -0.0142791 0.0382594 0.0439445 0.0407478 
0.668855 0.73412 0.66958 0.712676 0.697268 0.703068 -0.102463 -0.126062 -0.139175 -0.135912 -0.125094 -0.114353 0.062395 0.0552416 0.0642008 
0.622048 0.66958 0.73412 0.712676 0.714151 0.652187 -0.148902 -0.139175 -0.126062 -0.135912 -0.145545 -0.146136 0.052514 0.0642008 0.0552416 
0.449153 0.439969 0.496437 0.475799 0.47904 0.444599 0.00592199 0.00522952 0.00776494 0.00662913 0.00697752 0.00561122 0.0322726 0.0277338 0.0313201 
2.72975e-35 0.0891604 0.029515 0.0584449 0.00573169 0.0239165 -4.81343e-34 -0.0234326 -0.0184355 -0.0212104 -0.00528853 -0.00703492 0.0951136 0.0978226 0.0890649 
0.0134215 0.320956 0.119621 0.214883 0.0577622 0.13056 0.0194158 -0.083312 -0.0110069 -0.0490034 0.00940862 -0.0251729 0.00335794 0.0100074 -0.0024236 
0.397797 0.480706 0.477928 0.479408 0.444206 0.446778 0.00430591 0.00684382 0.00578803 0.00637386 0.00521841 0.0056397 0.0437206 0.0437634 0.0493221 
0.269564 0.166987 0.376903 0.284464 0.327359 0.22052 0.000317294 3.74967e-05 0.000487283 0.000192155 0.000416733 0.000137395 0.00656719 0.00357428 0.00387374 
0.27639 0.383137 0.183607 0.295778 0.232114 0.334086 0.000403867 0.000604746 7.19968e-05 0.000273656 0.000197648 0.000527248 0.0073567 0.00437528 0.00389246 
6.39756e-34 8.83493e-34 0.746024 0.4372 0.416073 3.68807e-35 2.68912e-34 4.0337e-34 -0.0315946 -0.00972883 -0.0121523 6.98026e-34 0.0580038 0.0857989 0.0684012 
0.75 0.437595 0.749907 0.609304 0.749912 0.609435 -4.05723e-37 -8.4168e-05 -0.000458031 -0.000202346 -0.000248401 -7.76769e-05 0.346919 0.324008 0.304805 
0.411416 0.383137 0.468495 0.432643 0.443662 0.397764 0.000380364 0.000604746 0.00141377 0.000989033 0.000763094 0.000452735 4.88654e-05 0.00437528 0.00564196 
0.404855 0.461309 0.376903 0.424921 0.391332 0.436055 0.000294844 0.00129501 0.000487283 0.000852583 0.000356964 0.000657557 -4.46275e-05 0.00553432 0.00387374 
0.820038 0.846358 0.727004 0.850196 0.789635 0.848247 -0.145708 -0.11625 -0.143368 -0.141591 -0.148261 -0.134155 0.0318105 0.0361207 0.0150934 
0.405458 0.491505 0.484725 0.488519 0.45057 0.456332 -0.00139586 -0.00148231 -0.00590837 -0.0035599 -0.00344188 -0.0017152 0.0679899 0.066997 0.0725624 
0.998656 0.706344 0.9373 0.843075 0.98861 0.936023 -0.00141007 -0.000665832 -0.000608993 -0.000733817 -0.00104558 -0.00124307 0.269325 0.280031 0.307383 
3.43484e-34 1.87289e-34 0.198712 0.105573 0.106104 7.78492e-35 9.15799e-35 1.20324e-34 0.00080316 0.000220468 0.000204798 2.10614e-34 0.0185071 0.0244786 0.021805 
0.504437 0.477928 0.504058 0.495504 0.505576 0.502011 0.00731634 0.00578803 0.00757418 0.00678885 0.00748653 0.00671143 0.0508215 0.0493221 0.047188 
0.989578 0.999417 0.84306 0.965418 0.978221 0.996149 -0.00462351 -0.00834402 -0.00515904 -0.00741018 -0.00594952 -0.00655201 0.198027 0.165276 0.175892 
0.376241 0.492133 0.456404 0.476727 0.416995 0.440252 -0.0248391 -0.0337611 -0.0469631 -0.0402491 -0.0354636 -0.0307002 0.0923432 0.0885352 0.0941116 
7.36495e-34 8.62581e-34 0.648407 0.366227 0.362118 3.64396e-34 5.89055e-34 7.97312e-34 -0.00622806 -0.001575 -0.00216353 1.3941e-33 0.121299 0.163368 0.140766 
0.411416 0.248235 0.383137 0.322282 0.397764 0.34038 0.000380364 5.8017e-05 0.000604746 0.000235649 0.000452735 0.000214217 4.88654e-05 1.67656e-05 0.00437528 
0.241518 0.404855 0.376903 0.391332 0.315207 0.333029 1.6434e-05 0.000294844 0.000487283 0.000356964 0.000160437 0.000139921 -1.35658e-05 -4.46275e-05 0.00387374 
0.655017 0.320341 0.415114 0.366073 0.553807 0.502953 -0.0838784 -0.0215024 -0.0321234 -0.0264527 -0.0576386 -0.0496777 0.0502898 0.0489319 0.045505 
-3.25441e-34 0.586456 6.96063e-34 0.325015 4.9036e-34 0.325164 8.52962e-34 -0.000189081 1.47502e-33 -7.07228e-05 3.18111e-33 -3.83521e-05 0.348023 0.317187 0.300945 
6.96063e-34 0.586456 0.706344 0.649027 0.405709 0.325015 1.47502e-33 -0.000189081 -0.000665832 -0.000359035 -0.000167366 -7.07228e-05 0.300945 0.317187 0.280031 
0.500153 0.468495 0.478737 0.473902 0.495028 0.492497 0.00243426 0.00141377 0.00256316 0.00193426 0.00258388 0.00198064 0.00842258 0.00564196 0.0101749 
0.406008 0.478737 0.468495 0.473902 0.441417 0.448782 0.00183845 0.00256316 0.00141377 0.00193426 0.0016894 0.0022644 0.0114191 0.0101749 0.00564196 
7.27598e-34 0.624583 0.749907 0.690383 0.4375 0.349621 -1.4344e-33 -0.000623922 -0.000458031 -0.000560099 -0.000137225 -0.000151652 0.301168 0.269865 0.304805 
1 0.75 0.986661 0.905287 0.99666 0.9375 -6.54974e-37 -4.05723e-37 -0.000513226 -0.000319133 -0.000364663 -1.09096e-36 0.347427 0.346919 0.317382 
0.999392 0.84306 0.999417 0.965418 0.999785 0.957208 -0.0148328 -0.00515904 -0.00834402 -0.00741018 -0.0108146 -0.00981914 0.130287 0.175892 0.165276 
1.90185e-34 1.94756e-34 0.206888 0.111468 0.109839 8.32617e-35 -4.2544e-34 -3.90503e-34 -0.00240287 -0.000518976 -0.000718365 -8.13634e-34 0.0859369 0.0789512 0.0821427 
0.516939 0.484725 0.514159 0.504682 0.516726 0.512265 -0.00491371 -0.00590837 -0.00288246 -0.00445877 -0.00391687 -0.00594292 0.0715918 0.0725624 0.0690522 
1.96364e-34 1.95593e-34 0.211717 0.112385 0.112909 8.41434e-35 -2.90929e-34 -2.59713e-34 0.000724866 0.000226128 0.000186274 -5.51212e-34 0.05896 0.052652 0.0561095 
0.989578 0.774571 0.644883 0.713321 0.878664 0.916569 -0.00462351 -0.00163856 -0.00216176 -0.00193708 -0.00396778 -0.00311249 0.198027 0.233354 0.190967 
1.6251e-34 1.61343e-34 0.178777 0.0936723 0.0947832 7.04843e-35 2.54454e-34 2.78246e-34 0.0015758 0.000428658 0.000435475 5.31424e-34 0.0517974 0.0566458 0.0537945 
1.46302e-34 1.44922e-34 0.165599 0.0847508 0.0857801 6.13669e-35 3.36295e-34 3.49215e-34 0.00136093 0.000391695 0.0004518 6.84582e-34 0.0684796 0.0711291 0.0696404 
1.38857e-34 1.44492e-34 0.170964 0.0845795 0.0832345 5.36696e-35 3.55863e-34 3.45737e-34 -0.00219698 -0.000580371 -0.000308909 7.03825e-34 0.0726372 0.0706837 0.0724823 
-1.01871e-34 -8.32557e-35 -0.0622979 -0.0446967 -0.0508484 -6.55541e-35 -2.11668e-34 -3.1869e-34 -0.00788573 -0.00270417 -0.00178442 -5.21289e-34 0.0425631 0.0631551 0.0469549 
0.537953 0.620265 0.320956 0.475987 0.436964 0.577474 -0.136937 -0.141061 -0.083312 -0.118528 -0.115382 -0.139213 0.029605 0.0214159 0.0100074 
1.83746e-34 4.80323e-34 0.2516 0.129728 0.119097 7.30361e-35 2.76679e-34 2.19628e-34 -0.0143758 -0.00423093 -0.00352959 5.30513e-34 0.0571822 0.0505079 0.0583435 
1.77141e-34 3.05218e-34 0.200368 0.105752 0.106398 8.28523e-35 -1.69442e-34 -1.39419e-34 0.000967283 0.000252276 0.000255986 -3.1039e-34 0.0343701 0.0284497 0.032905 
0.35459 0.462528 0.471125 0.467009 0.423774 0.417321 0.00304554 0.00664052 0.00548353 0.00609399 0.00445151 0.00489219 0.0227699 0.0269971 0.0214382 
0.9373 0.706344 0.586456 0.649027 0.800418 0.843075 -0.000608993 -0.000665832 -0.000189081 -0.000359035 -0.000403042 -0.000733817 0.307383 0.280031 0.317187 
0.555338 0.456404 0.542211 0.512706 0.548764 0.521875 -0.0483573 -0.0469631 -0.0403054 -0.045416 -0.0442865 -0.0505384 0.0862757 0.0941116 0.086185 
1 0.986661 0.9373 0.995448 0.984306 0.99666 -6.54974e-37 -0.000513226 -0.000608993 -0.000626229 -0.000455717 -0.000364663 0.347427 0.317382 0.307383 
-1.20337e-34 -1.01871e-34 -0.0738655 -0.052736 -0.0532891 -6.93128e-35 -1.14909e-34 -2.11668e-34 -0.00130388 -0.000398913 0.00115248 -3.27674e-34 0.0244164 0.0425631 0.0322231 
6.39756e-34 0.746024 0.401663 0.583506 0.216325 0.416073 2.68912e-34 -0.0315946 -0.0162144 -0.0242111 -0.00511158 -0.0121523 0.0580038 0.0684012 0.0521111 
-3.25441e-34 0.75 0.586456 0.673374 0.325164 0.4375 8.52962e-34 -3.50229e-37 -0.000189081 -0.000124255 -3.83521e-05 -1.05746e-37 0.348023 0.347986 0.317187 
1.74395e-34 1.70355e-34 0.19004 0.100303 0.101373 6.85535e-35 2.03522e-34 2.2956e-34 0.00154987 0.000430886 0.000423621 4.31785e-34 0.0414089 0.046717 0.0438027 
3.28143e-34 1.7576e-34 0.196318 0.104193 0.105049 7.14761e-35 1.50135e-34 1.7664e-34 0.00132623 0.000359471 0.000359658 3.24396e-34 0.0302785 0.0359417 0.0339446 
1.55489e-34 1.51685e-34 0.171217 0.0889106 0.0900706 6.66933e-35 3.00078e-34 3.1982e-34 0.00157338 0.000457579 0.000476712 6.18702e-34 0.0610899 0.0651162 0.0629447 
1.40426e-34 1.38696e-34 0.163068 0.081902 0.0822869 5.66544e-35 3.56982e-34 3.59615e-34 0.000330528 0.000141486 0.000274665 7.16672e-34 0.0727371 0.0733137 0.0732746 
1.53878e-34 1.66328e-34 0.198429 0.0979495 0.0931708 5.77363e-35 3.28383e-34 3.04506e-34 -0.00715763 -0.00192791 -0.00149195 6.39315e-34 0.0673277 0.0626227 0.0666664 
1.61012e-34 1.80957e-34 0.187681 0.102103 0.0972314 7.14336e-35 -4.91058e-34 -4.59758e-34 -0.0066704 -0.00174448 -0.00208316 -9.4496e-34 0.0988661 0.0926533 0.094778 
1.96879e-34 1.98301e-34 0.212301 0.113329 0.113219 8.6128e-35 -3.5621e-34 -3.23084e-34 -0.000106087 1.20145e-05 -9.4436e-05 -6.79001e-34 0.0720931 0.0654321 0.0686947 
1.92187e-34 1.88183e-34 0.206401 0.109226 0.109954 8.31874e-35 -2.29095e-34 -1.99057e-34 0.00105411 0.000278767 0.000272387 -4.29007e-34 0.0464607 0.0403781 0.0436027 
0.648318 0.772219 0.415114 0.625196 0.533395 0.72359 -0.0671092 -0.107021 -0.0321234 -0.0688974 -0.0490478 -0.0874384 0.042054 0.0429572 0.045505 
0.591326 0.460159 0.63449 0.570384 0.621511 0.525911 -0.131304 -0.109811 -0.111663 -0.117347 -0.122959 -0.121899 0.0742218 0.0853486 0.0775453 
0.591041 0.63449 0.460159 0.570384 0.540073 0.613705 -0.103794 -0.111663 -0.109811 -0.117347 -0.110599 -0.108273 0.0839616 0.0775453 0.0853486 
0.655017 0.772219 0.753765 0.801862 0.771129 0.715961 -0.0838784 -0.107021 -0.151143 -0.135548 -0.126514 -0.0960762 0.0502898 0.0429572 0.0410742 
0.345833 0.0222348 0.119621 0.0652318 0.214058 0.131367 -0.0812413 0.0450952 -0.0110069 0.0170247 -0.0428544 -0.00980592 -0.00181508 -0.00928016 -0.0024236 
0.500153 0.478737 0.488376 0.483931 0.497418 0.495028 0.00243426 0.00256316 0.00393047 0.00323412 0.00319692 0.00258388 0.00842258 0.0101749 0.0144626 
-4.08109e-34 7.27598e-34 0.437595 0.23446 0.234401 6.19402e-34 -8.25866e-34 -1.4344e-33 -8.4168e-05 -5.13499e-05 -2.42656e-05 -3.08591e-33 0.346855 0.301168 0.324008 
0.999392 0.834522 0.702503 0.773239 0.93357 0.962411 -0.0148328 -0.00636462 -0.00760521 -0.00736511 -0.0139944 -0.0111389 0.130287 0.157184 0.119666 
0.195511 0.029515 0.0891604 0.0584449 0.135591 0.0982547 -0.0646886 -0.0184355 -0.0234326 -0.0212104 -0.0435717 -0.0408162 0.0897739 0.0890649 0.0978226 
0.655017 0.415114 0.772219 0.625196 0.715961 0.553807 -0.0838784 -0.0321234 -0.107021 -0.0688974 -0.0960762 -0.0576386 0.0502898 0.045505 0.0429572 
0.406008 0.488376 0.478737 0.483931 0.448782 0.457032 0.00183845 0.00393047 0.00256316 0.00323412 0.0022644 0.00291094 0.0114191 0.0144626 0.0101749 
-8.32557e-35 -1.81551e-35 -0.0285264 -0.0273409 -0.0385508 -3.78892e-35 -3.1869e-34 -4.26849e-34 -0.0174425 -0.00580556 -0.00457226 -7.11039e-34 0.0631551 0.0812704 0.0647059 
7.27598e-34 0.749907 0.437595 0.609304 0.23446 0.4375 -1.4344e-33 -0.000458031 -8.4168e-05 -0.000202346 -5.13499e-05 -0.000137225 0.301168 0.304805 0.324008 
1.90185e-34 0.206888 0.15134 0.179623 0.0804477 0.109839 -4.2544e-34 -0.00240287 -0.00244784 -0.00249519 -0.000600115 -0.000718365 0.0859369 0.0821427 0.0888027 
0.75 0.9373 0.586456 0.800418 0.673374 0.85927 -3.50229e-37 -0.000608993 -0.000189081 -0.000403042 -0.000124255 -0.000330091 0.347986 0.307383 0.317187 
0.30875 0.15134 0.206888 0.179623 0.261922 0.235311 -0.0106302 -0.00244784 -0.00240287 -0.00249519 -0.00578569 -0.00616891 0.0880129 0.0888027 0.0821427 
1.96364e-34 0.211717 0.160518 0.186773 0.0838318 0.112909 -2.90929e-34 0.000724866 0.000211449 0.000434689 8.14251e-05 0.000186274 0.05896 0.0561095 0.0622156 
0.0134215 0.119621 0.0222348 0.0652318 0.0222673 0.0577622 0.0194158 -0.0110069 0.0450952 0.0170247 0.033707 0.00940862 0.00335794 -0.0024236 -0.00928016 
7.27598e-34 7.40752e-34 0.624583 0.350011 0.349621 4.30344e-34 -1.4344e-33 -1.21552e-33 -0.000623922 -0.000228744 -0.000151652 -2.64924e-33 0.301168 0.255135 0.269865 
0.327795 0.160518 0.211717 0.186773 0.273377 0.250935 0.00074461 0.000211449 0.000724866 0.000434689 0.000875351 0.000456009 0.0623163 0.0622156 0.0561095 
1.87289e-34 3.28143e-34 0.191088 0.100964 0.101598 8.47103e-35 1.20324e-34 1.50135e-34 0.000899562 0.000295685 0.000223979 2.68302e-34 0.0244786 0.0302785 0.0256908 
7.7419e-34 9.53115e-34 0.644883 0.364828 0.363275 4.15166e-34 -9.9418e-34 -7.69017e-34 -0.00216176 -0.00104142 -0.000560855 -1.75863e-33 0.208564 0.160565 0.190967 
0.0586493 0.272801 0.100026 0.184184 0.0767418 0.154506 -0.0408816 -0.0903469 -0.059036 -0.0764674 -0.0500603 -0.0663119 0.077749 0.0801598 0.0661054 
0.655017 0.753765 0.73412 0.757094 0.714263 0.771129 -0.0838784 -0.151143 -0.126062 -0.141124 -0.107948 -0.126514 0.0502898 0.0410742 0.0552416 
0.648318 0.415114 0.305102 0.365215 0.490906 0.533395 -0.0671092 -0.0321234 -0.0160283 -0.0235151 -0.0385526 -0.0490478 0.042054 0.045505 0.0407478 
1.61343e-34 0.128461 0.178777 0.153824 0.0936723 0.0669345 2.78246e-34 0.000883041 0.0015758 0.00120637 0.000428658 0.000248177 0.0566458 0.0587306 0.0537945 
1.6251e-34 0.178777 0.134298 0.15712 0.069432 0.0947832 2.54454e-34 0.0015758 0.000838382 0.00116679 0.000237621 0.000435475 0.0517974 0.0537945 0.0490953 
1.44922e-34 0.11811 0.165599 0.141975 0.0847508 0.0601621 3.49215e-34 0.000619021 0.00136093 0.000953812 0.000391695 0.000212583 0.0711291 0.0719687 0.0696404 
1.46302e-34 0.165599 0.122651 0.144342 0.0625944 0.0857801 3.36295e-34 0.00136093 0.000859146 0.00106288 0.000274257 0.0004518 0.0684796 0.0696404 0.0667272 
1.44492e-34 0.12779 0.170964 0.14965 0.0845795 0.0613631 3.45737e-34 -0.00219679 -0.00219698 -0.0023099 -0.000580371 -0.000456583 0.0706837 0.0697547 0.0724823 
1.38857e-34 0.170964 0.117781 0.14334 0.0587023 0.0832345 3.55863e-34 -0.00219698 -0.00030763 -0.00115734 -2.19005e-05 -0.000308909 0.0726372 0.0724823 0.0733002 
0.285713 0.134298 0.178777 0.15712 0.234346 0.214749 0.00375201 0.000838382 0.0015758 0.00116679 0.00262799 0.00214065 0.0486946 0.0490953 0.0537945 
0.271183 0.122651 0.165599 0.144342 0.219998 0.199761 0.00304757 0.000859146 0.00136093 0.00106288 0.00216416 0.00195056 0.0666161 0.0667272 0.0696404 
0.30166 0.178777 0.128461 0.153824 0.220499 0.243524 0.00414578 0.0015758 0.000883041 0.00120637 0.0024137 0.00287514 0.0579828 0.0537945 0.0587306 
0.281221 0.117781 0.170964 0.14334 0.227903 0.199871 -0.00400992 -0.00030763 -0.00219698 -0.00115734 -0.00341248 -0.00158387 0.0740907 0.0733002 0.0724823 
0.296375 0.165599 0.11811 0.141975 0.209767 0.231835 0.000922832 0.00136093 0.000619021 0.000953812 0.00113063 0.00165334 0.0722065 0.0696404 0.0719687 
0.346437 0.170964 0.12779 0.14965 0.237632 0.255623 -0.0172141 -0.00219698 -0.00219679 -0.0023099 -0.00792395 -0.00763747 0.072268 0.0724823 0.0697547 
9.53115e-34 0.834522 0.644883 0.748273 0.364828 0.506934 -7.69017e-34 -0.00636462 -0.00216176 -0.0036523 -0.00104142 -0.00209639 0.160565 0.157184 0.190967 
0.537953 0.499582 0.753765 0.644342 0.666987 0.51831 -0.136937 -0.135838 -0.151143 -0.151399 -0.151488 -0.136723 0.029605 0.0390788 0.0410742 
0.348854 0.211717 0.1555 0.184123 0.26143 0.285877 0.00270539 0.000724866 0.00051952 0.000634596 0.0014779 0.00153709 0.0505304 0.0561095 0.0497215 
1.95593e-34 0.1555 0.211717 0.184123 0.112385 0.0813557 -2.59713e-34 0.00051952 0.000724866 0.000634596 0.000226128 0.000134433 0.052652 0.0497215 0.0561095 
0.205647 0.0771905 0.144533 0.110005 0.175833 0.137078 -0.0378431 -0.0103028 -0.0140703 -0.0124081 -0.0250823 -0.02346 0.101194 0.102437 0.10252 
1.14946e-34 0.166987 2.73646e-34 0.0876469 1.11418e-34 0.0876174 -7.23729e-39 3.74967e-05 -2.72308e-35 1.52918e-05 -2.74221e-35 3.67801e-06 4.46077e-06 0.00357428 0.00555218 
3.47182e-34 0.305102 0.415114 0.365215 0.214706 0.14663 1.76705e-34 -0.0160283 -0.0321234 -0.0235151 -0.00839736 -0.00434707 0.0381611 0.0407478 0.045505 
0.345833 0.473721 0.10299 0.246497 0.217436 0.395508 -0.0812413 -0.111305 0.00174963 -0.0567804 -0.0419182 -0.0927713 -0.00181508 -0.0246675 -0.0293916 
1.08735e-34 0.144533 0.0771905 0.110005 0.0411136 0.0679616 -5.26179e-34 -0.0140703 -0.0103028 -0.0124081 -0.00277824 -0.0042339 0.105313 0.10252 0.102437 
1.2064e-34 2.80908e-34 0.183607 0.0971083 0.0971567 1.02317e-34 2.41992e-38 3.08767e-35 7.19968e-05 3.06304e-05 1.32617e-05 3.06833e-35 2.74161e-06 0.00625124 0.00389246 
0.349076 0.206888 0.156108 0.182767 0.262071 0.28299 -0.00387286 -0.00240287 -0.000545348 -0.0013027 -0.00194017 -0.00365365 0.075537 0.0821427 0.0754491 
0.298946 0.100026 0.272801 0.184184 0.285139 0.192835 -0.102643 -0.059036 -0.0903469 -0.0764674 -0.0970024 -0.0812886 0.0663869 0.0661054 0.0801598 
1.74395e-34 0.19004 0.14629 0.168785 0.076069 0.101373 2.03522e-34 0.00154987 0.000826249 0.00116341 0.000230147 0.000423621 0.0414089 0.0438027 0.0387376 
1.94756e-34 0.156108 0.206888 0.182767 0.111468 0.0814257 -3.90503e-34 -0.000545348 -0.00240287 -0.0013027 -0.000518976 -0.000196354 0.0789512 0.0754491 0.0821427 
1.80957e-34 0.15134 0.187681 0.171371 0.102103 0.0782063 -4.59758e-34 -0.00244784 -0.0066704 -0.00428315 -0.00174448 -0.000784631 0.0926533 0.0888027 0.094778 
1.70355e-34 0.134298 0.19004 0.162479 0.100303 0.0702267 2.2956e-34 0.000838382 0.00154987 0.00117048 0.000430886 0.000232907 0.046717 0.0490953 0.0438027 
1.61012e-34 0.187681 0.116164 0.152021 0.0623629 0.0972314 -4.91058e-34 -0.0066704 -0.00500429 -0.00599731 -0.00133391 -0.00208316 0.0988661 0.094778 0.10022 
1.98301e-34 0.160518 0.212301 0.187117 0.113329 0.0840398 -3.23084e-34 0.000211449 -0.000106087 7.66282e-05 1.20145e-05 4.74714e-05 0.0654321 0.0622156 0.0686947 
1.55489e-34 0.171217 0.128461 0.150288 0.0660897 0.0900706 3.00078e-34 0.00157338 0.000883041 0.00117376 0.000263329 0.000476712 0.0610899 0.0629447 0.0587306 
1.51685e-34 0.122651 0.171217 0.147086 0.0889106 0.0634275 3.1982e-34 0.000859146 0.00157338 0.00116052 0.000457579 0.0002705 0.0651162 0.0667272 0.0629447 
1.40426e-34 0.163068 0.11811 0.1403 0.0595592 0.0822869 3.56982e-34 0.000330528 0.000619021 0.000458271 0.000208711 0.000274665 0.0727371 0.0732746 0.0719687 
1.38696e-34 0.117781 0.163068 0.140502 0.081902 0.0584773 3.59615e-34 -0.00030763 0.000330528 -0.000139634 0.000141486 4.08121e-05 0.0733137 0.0733002 0.0732746 
1.53878e-34 0.198429 0.12779 0.160784 0.0633848 0.0931708 3.28383e-34 -0.00715763 -0.00219679 -0.00439685 -0.000590256 -0.00149195 0.0673277 0.0666664 0.0697547 
1.96879e-34 0.212301 0.156108 0.184895 0.0819951 0.113219 -3.5621e-34 -0.000106087 -0.000545348 -0.000389126 -0.000139008 -9.4436e-05 0.0720931 0.0686947 0.0754491 
1.66328e-34 0.153455 0.198429 0.176823 0.0979495 0.0718708 3.04506e-34 -0.00548519 -0.00715763 -0.00659748 -0.00192791 -0.00128605 0.0626227 0.0613262 0.0666664 
1.88183e-34 0.148656 0.206401 0.177938 0.109226 0.0776725 -1.99057e-34 0.000538778 0.00105411 0.000781885 0.000278767 0.000142866 0.0403781 0.0375001 0.0436027 
1.92187e-34 0.206401 0.1555 0.181645 0.080874 0.109954 -2.29095e-34 0.00105411 0.00051952 0.000770857 0.000140412 0.000272387 0.0464607 0.0436027 0.0497215 
0.195511 0.460159 0.272801 0.371855 0.231775 0.326471 -0.0646886 -0.109811 -0.0903469 -0.103291 -0.0778258 -0.0907708 0.0897739 0.0853486 0.0801598 
0.50085 0.497191 0.462528 0.484423 0.49325 0.50063 0.00744721 0.00677068 0.00664052 0.00685144 0.00741846 0.00718557 0.027229 0.0239707 0.0269971 
1.2064e-34 0.183607 0.248235 0.216848 0.13484 0.0971567 2.41992e-38 7.19968e-05 5.8017e-05 5.78972e-05 1.24212e-05 1.32617e-05 2.74161e-06 0.00389246 1.67656e-05 
0.00149676 0.250044 0.057279 0.14442 0.027519 0.105688 -0.0267478 -0.0849621 -0.022443 -0.0537633 -0.0247096 -0.0517687 0.0323499 0.0288888 0.0154879 
1.14946e-34 0.241518 0.166987 0.205422 0.0876174 0.130454 -7.23729e-39 1.6434e-05 3.74967e-05 2.13585e-05 3.67801e-06 -1.33341e-06 4.46077e-06 -1.35658e-05 0.00357428 
0.35762 0.480971 0.439969 0.463351 0.40275 0.433279 0.00265348 0.0058046 0.00522952 0.00563022 0.00390097 0.00432445 0.022363 0.023248 0.0277338 
3.36283e-34 0.415114 0.320341 0.366073 0.160441 0.195645 2.04019e-34 -0.0321234 -0.0215024 -0.0264527 -0.00576361 -0.00764735 0.0440704 0.045505 0.0489319 
0.195511 0.0891604 0.285452 0.178052 0.241935 0.135591 -0.0646886 -0.0234326 -0.0680971 -0.0468025 -0.0674162 -0.0435717 0.0897739 0.0978226 0.0964419 
0.205647 0.285452 0.0891604 0.178052 0.145769 0.243436 -0.0378431 -0.0680971 -0.0234326 -0.0468025 -0.0318019 -0.0528277 0.101194 0.0964419 0.0978226 
0.591326 0.66958 0.512074 0.60564 0.557828 0.631338 -0.131304 -0.139175 -0.135972 -0.142227 -0.136158 -0.135917 0.0742218 0.0642008 0.0624162 
3.05218e-34 1.88247e-34 0.18789 0.0990857 0.0995888 9.38752e-35 -1.39419e-34 -1.1135e-34 0.000681465 0.000168592 0.000205873 -2.52195e-34 0.0284497 0.0226013 0.0244548 
0.500379 0.497191 0.480971 0.499309 0.494759 0.500148 0.00549387 0.00677068 0.0058046 0.00656898 0.00579469 0.00617236 0.0191165 0.0239707 0.023248 
0.50085 0.480971 0.497191 0.499309 0.50063 0.494567 0.00744721 0.0058046 0.00677068 0.00656898 0.00718557 0.00670273 0.027229 0.023248 0.0239707 
0.488576 0.491036 0.500054 0.498088 0.496871 0.500022 0.000735607 0.000798716 0.00136393 0.00102331 0.000984625 0.000891018 -2.19923e-05 1.8132e-05 0.00380099 
0.205647 0.0891604 0.0771905 0.0846066 0.137078 0.145769 -0.0378431 -0.0234326 -0.0103028 -0.0161143 -0.02346 -0.0318019 0.101194 0.0978226 0.102437 
6.44712e-35 0.0771905 0.0891604 0.0846066 0.0388125 0.0320797 -5.16099e-34 -0.0103028 -0.0234326 -0.0161143 -0.00687479 -0.00322212 0.102753 0.102437 0.0978226 
0.35459 0.471125 0.42706 0.451596 0.39386 0.423774 0.00304554 0.00548353 0.00347468 0.00448113 0.00336765 0.00445151 0.0227699 0.0214382 0.0175254 
7.40752e-34 0.774571 0.624583 0.704243 0.350011 0.45618 -1.21552e-33 -0.00163856 -0.000623922 -0.000979147 -0.000228744 -0.000464084 0.255135 0.233354 0.269865 
0.998656 0.774571 0.996996 0.929874 0.997854 0.934728 -0.00141007 -0.00163856 -0.0026923 -0.00238967 -0.00207641 -0.00179391 0.269325 0.233354 0.232811 
0.989578 0.996996 0.774571 0.929874 0.916569 0.993854 -0.00462351 -0.0026923 -0.00163856 -0.00238967 -0.00311249 -0.00343395 0.198027 0.232811 0.233354 
0.489311 0.285452 0.401526 0.347548 0.445179 0.392526 -0.0918153 -0.0680971 -0.0680371 -0.0696593 -0.0803265 -0.0834829 0.092184 0.0964419 0.0974652 
0.205647 0.401526 0.285452 0.347548 0.243436 0.303412 -0.0378431 -0.0680371 -0.0680971 -0.0696593 -0.0528277 -0.0551285 0.101194 0.0974652 0.0964419 
1.08832e-33 1.0354e-34 0.10299 0.00936392 0.0834759 3.74022e-34 1.07721e-35 9.03929e-35 0.00174963 0.0389654 -0.00403148 9.90174e-35 -0.0714071 -0.0238364 -0.0293916 
0.348854 0.382434 0.211717 0.306028 0.285877 0.36623 0.00270539 0.00218305 0.000724866 0.00140008 0.00153709 0.00255225 0.0505304 0.0570334 0.0561095 
0.349076 0.374126 0.206888 0.298075 0.28299 0.362558 -0.00387286 -0.00957605 -0.00240287 -0.00593866 -0.00365365 -0.00636342 0.075537 0.0821243 0.0821427 
0.345833 0.727004 0.773616 0.74749 0.573225 0.561765 -0.0812413 -0.143368 -0.133525 -0.138827 -0.121482 -0.122786 -0.00181508 0.0150934 0.00624846 
6.44712e-35 1.08735e-34 0.0771905 0.0411136 0.0320797 5.09397e-35 -5.16099e-34 -5.26179e-34 -0.0103028 -0.00277824 -0.00322212 -1.02857e-33 0.102753 0.105313 0.102437 
0.989578 0.644883 0.834522 0.748273 0.935472 0.878664 -0.00462351 -0.00216176 -0.00636462 -0.0036523 -0.00590586 -0.00396778 0.198027 0.190967 0.157184 
0.346437 0.362544 0.170964 0.268959 0.255623 0.354295 -0.0172141 -0.0136085 -0.00219698 -0.00677244 -0.00763747 -0.0156294 0.072268 0.0746927 0.0724823 
0.296375 0.327284 0.165599 0.249857 0.231835 0.312052 0.000922832 0.00233102 0.00136093 0.00218229 0.00165334 0.00158316 0.0722065 0.0696265 0.0696404 
0.30166 0.335224 0.178777 0.262484 0.243524 0.318759 0.00414578 0.00498489 0.0015758 0.00327703 0.00287514 0.00455016 0.0579828 0.0528423 0.0537945 
1.7576e-34 0.14629 0.196318 0.171623 0.104193 0.0768079 1.7664e-34 0.000826249 0.00132623 0.00107057 0.000359471 0.000214794 0.0359417 0.0387376 0.0339446 
1.7576e-34 1.74395e-34 0.14629 0.076069 0.0768079 1.23906e-34 1.7664e-34 2.03522e-34 0.000826249 0.000230147 0.000214794 3.79143e-34 0.0359417 0.0414089 0.0387376 
0.294553 0.196318 0.14629 0.171623 0.225475 0.248246 0.00350082 0.00132623 0.000826249 0.00107057 0.00202185 0.00234043 0.0384758 0.0339446 0.0387376 
1.80957e-34 1.90185e-34 0.15134 0.0804477 0.0782063 1.34095e-34 -4.59758e-34 -4.2544e-34 -0.00244784 -0.000600115 -0.000784631 -8.81954e-34 0.0926533 0.0859369 0.0888027 
5.60162e-34 6.39756e-34 0.401663 0.216325 0.20337 4.12098e-34 1.86696e-34 2.68912e-34 -0.0162144 -0.00511158 -0.00424048 4.84011e-34 0.0415214 0.0580038 0.0521111 
3.47182e-34 4.87277e-34 0.305102 0.161248 0.14663 2.67061e-34 1.76705e-34 1.69222e-34 -0.0160283 -0.00526234 -0.00434707 3.71666e-34 0.0381611 0.0382594 0.0407478 
1.98301e-34 1.96364e-34 0.160518 0.0838318 0.0840398 1.4434e-34 -3.23084e-34 -2.90929e-34 0.000211449 8.14251e-05 4.74714e-05 -6.14214e-34 0.0654321 0.05896 0.0622156 
1.61343e-34 1.55489e-34 0.128461 0.0660897 0.0669345 1.17861e-34 2.78246e-34 3.00078e-34 0.000883041 0.000263329 0.000248177 5.7728e-34 0.0566458 0.0610899 0.0587306 
1.70355e-34 1.6251e-34 0.134298 0.069432 0.0702267 1.24217e-34 2.2956e-34 2.54454e-34 0.000838382 0.000237621 0.000232907 4.82963e-34 0.046717 0.0517974 0.0490953 
1.44922e-34 1.40426e-34 0.11811 0.0595592 0.0601621 1.03289e-34 3.49215e-34 3.56982e-34 0.000619021 0.000208711 0.000212583 7.05696e-34 0.0711291 0.0727371 0.0719687 
1.51685e-34 1.46302e-34 0.122651 0.0625944 0.0634275 1.1072e-34 3.1982e-34 3.36295e-34 0.000859146 0.000274257 0.0002705 6.5521e-34 0.0651162 0.0684796 0.0667272 
1.44492e-34 1.53878e-34 0.12779 0.0633848 0.0613631 1.01638e-34 3.45737e-34 3.28383e-34 -0.00219679 -0.000590256 -0.000456583 6.77326e-34 0.0706837 0.0673277 0.0697547 
1.38696e-34 1.38857e-34 0.117781 0.0587023 0.0584773 9.84548e-35 3.59615e-34 3.55863e-34 -0.00030763 -2.19005e-05 4.08121e-05 7.16215e-34 0.0733137 0.0726372 0.0733002 
0.894596 0.773616 0.727004 0.74749 0.837314 0.861978 -0.126953 -0.133525 -0.143368 -0.138827 -0.141973 -0.136027 0.0266697 0.00624846 0.0150934 
1.88183e-34 1.77141e-34 0.148656 0.0771544 0.0776725 1.42527e-34 -1.99057e-34 -1.69442e-34 0.000538778 0.000139857 0.000142866 -3.69158e-34 0.0403781 0.0343701 0.0375001 
1.95593e-34 1.92187e-34 0.1555 0.080874 0.0813557 1.43671e-34 -2.59713e-34 -2.29095e-34 0.00051952 0.000140412 0.000134433 -4.89466e-34 0.052652 0.0464607 0.0497215 
1.66328e-34 1.83746e-34 0.153455 0.0769711 0.0718708 1.2509e-34 3.04506e-34 2.76679e-34 -0.00548519 -0.00153687 -0.00128605 5.87937e-34 0.0626227 0.0571822 0.0613262 
1.94756e-34 1.96879e-34 0.156108 0.0819951 0.0814257 1.47077e-34 -3.90503e-34 -3.5621e-34 -0.000545348 -0.000139008 -0.000196354 -7.45905e-34 0.0789512 0.0720931 0.0754491 
1.35187e-34 1.61012e-34 0.116164 0.0623629 0.0574697 1.15269e-34 -5.14958e-34 -4.91058e-34 -0.00500429 -0.00133391 -0.00155528 -9.99284e-34 0.103339 0.0988661 0.10022 
0.555548 0.610824 0.59974 0.609336 0.589866 0.583616 -0.0561321 -0.0831748 -0.0840364 -0.0844254 -0.0707491 -0.0689279 0.0782163 0.0769135 0.0835313 
0.879795 0.773616 0.9291 0.896083 0.929163 0.825706 -0.1118 -0.133525 -0.106046 -0.126597 -0.115806 -0.126278 0.00315395 0.00624846 0.0297642 
-2.46103e-35 -3.64708e-35 -0.0119812 -0.00300635 -0.00306564 -4.81445e-35 6.19842e-35 1.90799e-35 0.031282 0.0142716 0.0231589 3.26266e-35 0.00395931 0.00780537 0.00304483 
0.999392 0.999417 0.834522 0.953592 0.962411 0.999785 -0.0148328 -0.00834402 -0.00636462 -0.00811076 -0.0111389 -0.0108146 0.130287 0.165276 0.157184 
0.989578 0.834522 0.999417 0.953592 0.996149 0.935472 -0.00462351 -0.00636462 -0.00834402 -0.00811076 -0.00655201 -0.00590586 0.198027 0.157184 0.165276 
-4.08109e-34 0.437595 0.75 0.609435 0.4375 0.234401 -8.25866e-34 -8.4168e-05 -4.05723e-37 -7.76769e-05 -1.62747e-37 -2.42656e-05 0.346855 0.324008 0.346919 
0.263028 0.294445 0.144533 0.218394 0.20376 0.279149 -0.0231781 -0.0384291 -0.0140703 -0.0265019 -0.0196683 -0.0304189 0.0989632 0.100149 0.10252 
1.83746e-34 0.2516 0.153455 0.199924 0.0769711 0.119097 2.76679e-34 -0.0143758 -0.00548519 -0.00933028 -0.00153687 -0.00352959 0.0571822 0.0583435 0.0613262 
0.382888 0.153455 0.2516 0.199924 0.321538 0.26873 -0.0305275 -0.00548519 -0.0143758 -0.00933028 -0.022739 -0.0157247 0.0641217 0.0613262 0.0583435 
0.894596 0.9291 0.773616 0.896083 0.861978 0.914756 -0.126953 -0.106046 -0.133525 -0.126597 -0.136027 -0.11692 0.0266697 0.0297642 0.00624846 
0.591041 0.59974 0.610824 0.609336 0.618476 0.599678 -0.103794 -0.0840364 -0.0831748 -0.0844254 -0.0960508 -0.094315 0.0839616 0.0835313 0.0769135 
0.314998 0.148656 0.200368 0.175141 0.260564 0.238022 0.00268364 0.000538778 0.000967283 0.000744792 0.00175732 0.00146053 0.0380187 0.0375001 0.032905 
1.77141e-34 0.200368 0.148656 0.175141 0.0771544 0.106398 -1.69442e-34 0.000967283 0.000538778 0.000744792 0.000139857 0.000255986 0.0343701 0.032905 0.0375001 
-0.0720222 -0.0493473 -0.0492672 -0.0551657 -0.0663273 -0.0620265 0.0100822 0.0355889 0.0165029 0.0277992 0.015694 0.0223674 0.0165867 0.00570885 0.00842527 
0.879795 0.473721 0.773616 0.645736 0.825706 0.722128 -0.1118 -0.111305 -0.133525 -0.126871 -0.126278 -0.118844 0.00315395 -0.0246675 0.00624846 
-1.01871e-34 -0.0622979 -0.0738655 -0.0697521 -0.052736 -0.0508484 -2.11668e-34 -0.00788573 -0.00130388 -0.00460773 -0.000398913 -0.00178442 0.0425631 0.0469549 0.0322231 
1.08832e-33 0.10299 0.473721 0.246497 0.28384 0.0834759 1.07721e-35 0.00174963 -0.111305 -0.0567804 -0.0793692 -0.00403148 -0.0714071 -0.0293916 -0.0246675 
0.0163206 -0.0285264 0.100026 0.019908 0.0561558 -0.0129483 -0.0378994 -0.0174425 -0.059036 -0.0361759 -0.0487812 -0.0275064 0.0515609 0.0647059 0.0661054 
0.285713 0.178777 0.335224 0.262484 0.311161 0.234346 0.00375201 0.0015758 0.00498489 0.00327703 0.00442146 0.00262799 0.0486946 0.0537945 0.0528423 
0.0586493 0.100026 -0.0285264 0.019908 0.00781653 0.0767418 -0.0408816 -0.059036 -0.0174425 -0.0361759 -0.0284374 -0.0500603 0.077749 0.0661054 0.0647059 
0.271183 0.165599 0.327284 0.249857 0.299295 0.219998 0.00304757 0.00136093 0.00233102 0.00218229 0.00293945 0.00216416 0.0666161 0.0696404 0.0696265 
0.281221 0.170964 0.362544 0.268959 0.320772 0.227903 -0.00400992 -0.00219698 -0.0136085 -0.00677244 -0.00797985 -0.00341248 0.0740907 0.0724823 0.0746927 
0.30875 0.206888 0.374126 0.298075 0.343058 0.261922 -0.0106302 -0.00240287 -0.00957605 -0.00593866 -0.0103041 -0.00578569 0.0880129 0.0821427 0.0821243 
0.327795 0.211717 0.382434 0.306028 0.35652 0.273377 0.00074461 0.000724866 0.00218305 0.00140008 0.00142715 0.000875351 0.0623163 0.0561095 0.0570334 
0.446567 0.45539 0.49642 0.4794 0.475443 0.450794 0.00582629 0.00411051 0.0042604 0.00423654 0.00525128 0.00510945 0.0590587 0.0636128 0.0611486 
0.427392 0.401526 0.294445 0.346942 0.362184 0.415367 -0.0583649 -0.0680371 -0.0384291 -0.0534362 -0.0497171 -0.0632426 0.0966276 0.0974652 0.100149 
0.510678 0.49642 0.45539 0.4794 0.491955 0.504805 0.00117105 0.0042604 0.00411051 0.00423654 0.00290254 0.00283339 0.0650663 0.0611486 0.0636128 
0.633377 0.63449 0.610824 0.630707 0.622018 0.647558 -0.0926199 -0.111663 -0.0831748 -0.098071 -0.0882198 -0.104557 0.0699478 0.0775453 0.0769135 
1.87289e-34 0.191088 0.198712 0.194923 0.105573 0.101598 1.20324e-34 0.000899562 0.00080316 0.000854964 0.000220468 0.000223979 0.0244786 0.0256908 0.021805 
0.46472 0.485847 0.522782 0.508553 0.49917 0.474732 -0.00719189 -0.0154081 -0.0168407 -0.0162422 -0.0117786 -0.0107893 0.0749813 0.0775927 0.0785494 
0.591041 0.610824 0.63449 0.630707 0.613705 0.618476 -0.103794 -0.0831748 -0.111663 -0.098071 -0.108273 -0.0960508 0.0839616 0.0769135 0.0775453 
0.538608 0.522782 0.485847 0.508553 0.525104 0.532893 -0.0282583 -0.0168407 -0.0154081 -0.0162422 -0.0220131 -0.0223518 0.0828544 0.0785494 0.0775927 
1.88247e-34 0.204417 0.18789 0.19622 0.0990857 0.10879 -1.1135e-34 0.000701029 0.000681465 0.000698083 0.000168592 0.000190591 0.0226013 0.0207076 0.0244548 
0.501892 0.496437 0.494458 0.501749 0.499048 0.501547 0.0086959 0.00776494 0.00831454 0.00823583 0.00859371 0.00833288 0.0359108 0.0313201 0.0318644 
0.444216 0.458936 0.492876 0.478902 0.473291 0.451744 0.0077002 0.0082273 0.00885587 0.00865343 0.00848853 0.00804799 0.037642 0.043056 0.0397004 
0.502765 0.492876 0.458936 0.478902 0.488374 0.498875 0.00857616 0.00885587 0.0082273 0.00865343 0.00872313 0.00880189 0.0434372 0.0397004 0.043056 
0.879795 0.9291 0.964564 0.947969 0.951459 0.929163 -0.1118 -0.106046 -0.0829644 -0.0970865 -0.102029 -0.115806 0.00315395 0.0297642 0.0386659 
0.502765 0.504058 0.480706 0.496012 0.500732 0.504492 0.00857616 0.00757418 0.00684382 0.00731572 0.00790131 0.00816961 0.0434372 0.047188 0.0437634 
0.477928 0.480706 0.504058 0.496012 0.495504 0.479408 0.00578803 0.00684382 0.00757418 0.00731572 0.00678885 0.00637386 0.0493221 0.0437634 0.047188 
0.30929 0.196318 0.348542 0.279025 0.329636 0.255806 0.00299263 0.00132623 0.00450796 0.0028258 0.00374465 0.00217201 0.0291514 0.0339446 0.033899 
0.294553 0.348542 0.196318 0.279025 0.248246 0.322458 0.00350082 0.00450796 0.00132623 0.0028258 0.00234043 0.00404905 0.0384758 0.033899 0.0339446 
0.648318 0.846358 0.772219 0.810891 0.72359 0.77059 -0.0671092 -0.11625 -0.107021 -0.112801 -0.0874384 -0.0936572 0.042054 0.0361207 0.0429572 
0.320956 0.620265 0.727004 0.671583 0.521263 0.475987 -0.083312 -0.141061 -0.143368 -0.142509 -0.122356 -0.118528 0.0100074 0.0214159 0.0150934 
0.510678 0.514159 0.491505 0.50594 0.510387 0.513853 0.00117105 -0.00288246 -0.00148231 -0.00220192 -0.000406631 -0.000705134 0.0650663 0.0690522 0.066997 
0.484725 0.491505 0.514159 0.50594 0.504682 0.488519 -0.00590837 -0.00148231 -0.00288246 -0.00220192 -0.00445877 -0.0035599 0.0725624 0.066997 0.0690522 
0.820038 0.772219 0.846358 0.810891 0.848247 0.824189 -0.145708 -0.107021 -0.11625 -0.112801 -0.134155 -0.130517 0.0318105 0.0429572 0.0361207 
0.345833 0.773616 0.473721 0.645736 0.395508 0.573225 -0.0812413 -0.133525 -0.111305 -0.126871 -0.0927713 -0.121482 -0.00181508 0.00624846 -0.0246675 
0.538608 0.542211 0.492133 0.521624 0.526586 0.541331 -0.0282583 -0.0403054 -0.0337611 -0.0376765 -0.0324338 -0.0339511 0.0828544 0.086185 0.0885352 
0.820038 0.727004 0.620265 0.671583 0.745874 0.789635 -0.145708 -0.143368 -0.141061 -0.142509 -0.150485 -0.148261 0.0318105 0.0150934 0.0214159 
0.489952 0.511086 0.2516 0.387259 0.36657 0.501726 -0.0500493 -0.0559639 -0.0143758 -0.0326855 -0.0293074 -0.0535579 0.0554926 0.0614526 0.0583435 
0.456404 0.492133 0.542211 0.521624 0.512706 0.476727 -0.0469631 -0.0337611 -0.0403054 -0.0376765 -0.045416 -0.0402491 0.0941116 0.0885352 0.086185 
0.806513 0.964564 0.9291 0.947969 0.894624 0.908972 -0.0613124 -0.0829644 -0.106046 -0.0970865 -0.0840196 -0.0742278 0.0461092 0.0386659 0.0297642 
0.266062 0.499582 0.250044 0.37451 0.259074 0.377942 -0.0970747 -0.135838 -0.0849621 -0.113497 -0.0927281 -0.117547 0.0492788 0.0390788 0.0288888 
0.537953 0.250044 0.499582 0.37451 0.51831 0.387731 -0.136937 -0.0849621 -0.135838 -0.113497 -0.136723 -0.112849 0.029605 0.0288888 0.0390788 
0.293086 0.350287 0.200368 0.281512 0.249021 0.32263 0.00203678 0.00330639 0.000967283 0.00203101 0.00149835 0.00264648 0.0281464 0.0324233 0.032905 
-0.035231 -0.0492672 -0.0493473 -0.0551657 -0.0442662 -0.0440489 0.037564 0.0165029 0.0355889 0.0277992 0.0388698 0.0272595 0.00487124 0.00842527 0.00570885 
0.382888 0.2516 0.511086 0.387259 0.445963 0.321538 -0.0305275 -0.0143758 -0.0559639 -0.0326855 -0.0421582 -0.022739 0.0641217 0.0583435 0.0614526 
0.314998 0.200368 0.350287 0.281512 0.333204 0.260564 0.00268364 0.000967283 0.00330639 0.00203101 0.00303361 0.00175732 0.0380187 0.032905 0.0324233 
0.462528 0.497191 0.471125 0.48721 0.467009 0.484423 0.00664052 0.00677068 0.00548353 0.00621253 0.00609399 0.00685144 0.0269971 0.0239707 0.0214382 
0.622048 0.512074 0.66958 0.60564 0.652187 0.566814 -0.148902 -0.135972 -0.139175 -0.142227 -0.146136 -0.143095 0.052514 0.0624162 0.0642008 
0.570296 0.530499 0.566371 0.56304 0.575034 0.550897 -0.0763761 -0.0641448 -0.0532725 -0.0607697 -0.064852 -0.0704848 0.0881318 0.0913472 0.0838339 
0.525819 0.51821 0.506755 0.52091 0.518422 0.523653 -0.0141574 -0.0109899 -0.00618153 -0.00895312 -0.00987993 -0.0125618 0.0775259 0.0759986 0.0733967 
0.506809 0.505863 0.491352 0.50551 0.500519 0.50819 0.00498777 0.00557065 0.00687877 0.0063247 0.00607958 0.00533294 0.0580535 0.0546529 0.0542409 
0.500379 0.471125 0.497191 0.48721 0.500148 0.494261 0.00549387 0.00548353 0.00677068 0.00621253 0.00617236 0.00570581 0.0191165 0.0214382 0.0239707 
0.50085 0.494458 0.496437 0.501749 0.499326 0.50042 0.00744721 0.00831454 0.00776494 0.00823583 0.00766994 0.00798282 0.027229 0.0318644 0.0313201 
0.504437 0.491352 0.505863 0.50551 0.506778 0.499665 0.00731634 0.00687877 0.00557065 0.0063247 0.00651572 0.00713165 0.0508215 0.0542409 0.0546529 
0.516939 0.506755 0.51821 0.52091 0.5199 0.513586 -0.00491371 -0.00618153 -0.0109899 -0.00895312 -0.00788152 -0.00560558 0.0715918 0.0733967 0.0759986 
0.555338 0.566371 0.530499 0.56304 0.548794 0.56246 -0.0483573 -0.0532725 -0.0641448 -0.0607697 -0.0566494 -0.0510728 0.0862757 0.0838339 0.0913472 
-3.64708e-35 -0.0143136 -0.0119812 -0.0143962 -0.00300635 -0.00430095 1.90799e-35 0.0132286 0.031282 0.0230495 0.0142716 0.00973006 0.00780537 0.00550975 0.00304483 
-0.035231 -0.0119812 -0.0143136 -0.0143962 -0.0262556 -0.0242803 0.037564 0.031282 0.0132286 0.0230495 0.0258463 0.0370731 0.00487124 0.00304483 0.00550975 
-2.46103e-35 -0.0119812 -0.0215402 -0.0178236 -0.0082636 -0.00306564 6.19842e-35 0.031282 0.0586785 0.0470718 0.0498812 0.0231589 0.00395931 0.00304483 -0.00149673 
-0.035231 -0.0215402 -0.0119812 -0.0178236 -0.0242803 -0.0292362 0.037564 0.0586785 0.031282 0.0470718 0.0370731 0.0492173 0.00487124 -0.00149673 0.00304483 
