0.474029 0.844915 1.08887e-33 0.563297 0.284032 0.673973 -0.111493 -0.0583771 1.06462e-35 -0.0804896 -0.0794757 -0.108433 -0.024698 0.013769 -0.0714489 
0.00178568 0.0167701 0.267374 0.123773 0.116907 0.00817844 -0.026859 -0.0381225 -0.09778 -0.0657977 -0.0612075 -0.0338852 0.0324061 0.0517099 0.0493769 
0.502331 0.448194 0.503639 0.493738 0.503999 0.485459 0.0110836 0.0102025 0.010369 0.0110395 0.0108568 0.011102 0.043568 0.0486663 0.047256 
0.509897 0.446954 0.514642 0.501203 0.513654 0.489202 0.00313194 0.00315483 -0.0014048 0.00084341 0.00103046 0.00309721 0.0651038 0.0675132 0.0691295 
0.538113 0.491482 0.542736 0.540412 0.541347 0.528372 -0.0288251 -0.0246299 -0.0411808 -0.0345031 -0.0346808 -0.0278204 0.082962 0.0786684 0.0863548 
0.300683 0.274876 0.59248 0.443895 0.464263 0.287038 -0.103549 -0.0913148 -0.132588 -0.119555 -0.126696 -0.0979463 0.0665717 0.0804474 0.0744212 
0.367668 0.29717 0.191577 0.246709 0.288495 0.334493 0.00709931 0.00399479 0.00187754 0.00298538 0.00439337 0.00553667 0.0439086 0.0389675 0.0442924 
0.57092 0.404871 0.532288 0.480702 0.552096 0.506614 -0.0776562 -0.0692816 -0.0653896 -0.0699738 -0.0717564 -0.0785965 0.08835 0.0978793 0.091608 
0.879938 0.844915 0.474029 0.673973 0.722394 0.868346 -0.112033 -0.0583771 -0.111493 -0.108433 -0.119064 -0.0896294 0.00320264 0.013769 -0.024698 
0.380939 0.19116 0.313679 0.254848 0.349273 0.292413 -0.0254492 -0.00684397 -0.0108086 -0.0096306 -0.0175247 -0.0163637 0.0928023 0.0953479 0.0884783 
0.57092 0.491699 0.404871 0.448079 0.506614 0.542976 -0.0776562 -0.0932069 -0.0692816 -0.0816581 -0.0785965 -0.0873956 0.08835 0.0924912 0.0978793 
0.357288 0.312385 0.464289 0.403012 0.419877 0.335656 0.00227917 0.00278011 0.00617126 0.00471111 0.00415182 0.00261086 0.0230253 0.0295425 0.0272584 
0.44214 0.464289 0.312385 0.403012 0.386652 0.453916 0.00722518 0.00617126 0.00278011 0.00471111 0.00499707 0.0067707 0.0324963 0.0272584 0.0295425 
0.509897 0.487015 0.494855 0.510081 0.503571 0.50889 0.00313194 0.00404805 0.00657402 0.00532936 0.00499005 0.00362393 0.0651038 0.0614345 0.0611753 
0.502331 0.469058 0.492927 0.500763 0.498628 0.497421 0.0110836 0.00831908 0.0107881 0.0102477 0.0110489 0.0100961 0.043568 0.0382091 0.0399023 
0.501475 0.469058 0.495147 0.484833 0.500717 0.49562 0.0100374 0.00831908 0.00823701 0.00853298 0.00924409 0.00959579 0.0360269 0.0382091 0.0313038 
0.495147 0.469058 0.446816 0.458415 0.477138 0.484833 0.00823701 0.00831908 0.00639929 0.00740075 0.00747473 0.00853298 0.0313038 0.0382091 0.0321026 
0.40932 0.215176 0.330627 0.276706 0.372967 0.324859 -0.000198645 0.000215703 0.00174317 0.000722853 0.00106091 -3.59908e-05 0.068187 0.0688652 0.0624073 
0.380939 0.313679 0.489686 0.415911 0.443991 0.349273 -0.0254492 -0.0108086 -0.0220742 -0.0181869 -0.0251096 -0.0175247 0.0928023 0.0884783 0.0842367 
0.0223047 -0.0215439 0.0135545 -0.0164372 0.0223782 -0.011035 0.0451231 0.0587589 0.0194311 0.0471842 0.033727 0.0598276 -0.00929262 -0.00150257 0.00334917 
0.667515 0.669958 0.631752 0.676195 0.648565 0.696746 -0.103225 -0.140307 -0.0934687 -0.120007 -0.098953 -0.126076 0.0626918 0.0643968 0.0702326 
0.491699 0.462397 0.288302 0.372106 0.395453 0.479088 -0.0932069 -0.111137 -0.0691279 -0.0913432 -0.0847394 -0.102692 0.0924912 0.0856164 0.0968945 
0.59248 0.631752 0.669958 0.676195 0.632088 0.657216 -0.132588 -0.0934687 -0.140307 -0.120007 -0.137137 -0.120204 0.0744212 0.0702326 0.0643968 
0.40932 0.330627 0.487015 0.42734 0.455533 0.372967 -0.000198645 0.00174317 0.00404805 0.00276199 0.00167853 0.00106091 0.068187 0.0624073 0.0614345 
0.367668 0.445694 0.29717 0.382598 0.334493 0.410627 0.00709931 0.00893759 0.00399479 0.00668888 0.00553667 0.00825136 0.0439086 0.038011 0.0389675 
0.591813 0.462397 0.491699 0.479088 0.546541 0.541765 -0.105135 -0.111137 -0.0932069 -0.102692 -0.100981 -0.111987 0.0841953 0.0856164 0.0924912 
0.396691 0.312926 0.469058 0.40676 0.438252 0.357386 0.00568206 0.00319296 0.00831908 0.00580896 0.00715356 0.0044363 0.0435489 0.0377555 0.0382091 
0.367668 0.286353 0.448194 0.379106 0.41179 0.329088 0.00709931 0.00472883 0.0102025 0.0078694 0.00891514 0.00599866 0.0439086 0.0490674 0.0486663 
0.538113 0.489686 0.520714 0.527849 0.531591 0.523634 -0.0288251 -0.0220742 -0.0170251 -0.0216733 -0.0227292 -0.0264499 0.082962 0.0842367 0.0785812 
0.349667 0.267633 0.446954 0.367059 0.401141 0.310345 0.00550463 0.0034365 0.00315483 0.00408827 0.00499018 0.00446172 0.0630249 0.0665498 0.0675132 
0.361298 0.277331 0.491482 0.396482 0.429454 0.321267 -0.00506133 -0.00417812 -0.0246299 -0.0128139 -0.0131508 -0.00471552 0.0746428 0.0741625 0.0786684 
0.349667 0.299772 0.169303 0.237379 0.265495 0.324985 0.00550463 0.00517267 0.00180414 0.00335456 0.00384661 0.00551818 0.0630249 0.0580929 0.0629818 
0.367668 0.191577 0.286353 0.241581 0.329088 0.288495 0.00709931 0.00187754 0.00472883 0.00323495 0.00599866 0.00439337 0.0439086 0.0442924 0.0490674 
0.349667 0.444237 0.299772 0.380187 0.324985 0.401542 0.00550463 0.00791659 0.00517267 0.00713592 0.00551818 0.00679869 0.0630249 0.0590965 0.0580929 
0.361298 0.29201 0.160418 0.228541 0.263896 0.325581 -0.00506133 0.000963404 0.000286193 0.000411776 -0.00129071 -0.00139193 0.0746428 0.072138 0.0732758 
0.349667 0.169303 0.267633 0.219765 0.310345 0.265495 0.00550463 0.00180414 0.0034365 0.00272063 0.00446172 0.00384661 0.0630249 0.0629818 0.0665498 
0.46472 0.342975 0.196517 0.274209 0.335761 0.401371 -0.0422883 -0.0174944 -0.00724098 -0.0129292 -0.0218482 -0.0282976 0.0707776 0.0724916 0.0669518 
0.361298 0.160418 0.277331 0.217413 0.321267 0.263896 -0.00506133 0.000286193 -0.00417812 -0.00118761 -0.00471552 -0.00129071 0.0746428 0.0732758 0.0741625 
0.423233 0.299772 0.444237 0.380187 0.433736 0.367467 0.00891165 0.00517267 0.00791659 0.00713592 0.00854728 0.00722338 0.0540847 0.0580929 0.0590965 
0.361298 0.460632 0.29201 0.38429 0.325581 0.416095 -0.00506133 -0.00717204 0.000963404 -0.00190105 -0.00139193 -0.00628933 0.0746428 0.0749372 0.072138 
0.425668 0.29201 0.460632 0.38429 0.44282 0.364878 -6.94512e-05 0.000963404 -0.00717204 -0.00190105 -0.0032563 0.000590004 0.0711434 0.072138 0.0749372 
0.387406 0.460883 0.486638 0.475295 0.448931 0.428861 0.000195364 -0.000419461 0.00136688 0.000319228 0.000726953 -8.86071e-05 0.0103206 0.00556077 0.0124592 
0.50004 0.486638 0.460883 0.475295 0.489707 0.496389 0.00030855 0.00136688 -0.000419461 0.000319228 -7.30038e-05 0.000832429 0.00842948 0.0124592 0.00556077 
0.46472 0.552949 0.342975 0.463494 0.401371 0.517668 -0.0422883 -0.0569628 -0.0174944 -0.0356849 -0.0282976 -0.0509511 0.0707776 0.078426 0.0724916 
0.488281 0.342975 0.552949 0.463494 0.520336 0.425311 -0.0330686 -0.0174944 -0.0569628 -0.0356849 -0.0442316 -0.0257655 0.0779005 0.0724916 0.078426 
0.380939 0.459937 0.266998 0.369338 0.32744 0.421198 -0.0254492 -0.0480379 -0.0237581 -0.0381444 -0.0255947 -0.036313 0.0928023 0.094478 0.0995409 
0.467708 0.35385 0.487592 0.433603 0.478802 0.41813 -0.0115288 -0.00337843 -0.00485155 -0.0048427 -0.0080632 -0.0071429 0.0790673 0.0758422 0.072755 
0.40932 0.487592 0.35385 0.433603 0.38354 0.454215 -0.000198645 -0.00485155 -0.00337843 -0.0048427 -0.00191205 -0.00223561 0.068187 0.072755 0.0758422 
0.464413 0.349146 0.477957 0.426917 0.471719 0.415619 0.00611614 0.00395168 0.00831209 0.00617046 0.00733107 0.00530293 0.055312 0.0504207 0.0493123 
0.396691 0.477957 0.349146 0.426917 0.374296 0.443763 0.00568206 0.00831209 0.00395168 0.00617046 0.00487874 0.00720183 0.0435489 0.0493123 0.0504207 
0.50393 0.503639 0.448194 0.493738 0.485158 0.505168 0.0102938 0.010369 0.0102025 0.0110395 0.0107624 0.0104111 0.0509248 0.047256 0.0486663 
0.46472 0.380466 0.631752 0.531595 0.5559 0.426483 -0.0422883 -0.0307861 -0.0934687 -0.0607279 -0.0659379 -0.0372821 0.0707776 0.0644567 0.0702326 
0.516132 0.514642 0.446954 0.501203 0.492562 0.51658 -0.00390474 -0.0014048 0.00315483 0.00084341 1.81228e-05 -0.00266975 0.0716296 0.0691295 0.0675132 
0.44214 0.445694 0.49477 0.476269 0.474893 0.443984 0.00722518 0.00893759 0.00883293 0.00920173 0.00826983 0.00811355 0.0324963 0.038011 0.0320425 
0.555244 0.542736 0.491482 0.540412 0.541289 0.548971 -0.04936 -0.0411808 -0.0246299 -0.0345031 -0.0374086 -0.0452335 0.0864468 0.0863548 0.0786684 
3.47216e-34 0.212526 0.292717 0.254062 0.161769 0.113472 -8.27187e-35 5.66806e-06 0.000597406 0.000223259 0.000172023 4.19041e-05 0.016821 0.0111211 0.0161629 
0.501475 0.49477 0.445694 0.476269 0.485029 0.498967 0.0100374 0.00883293 0.00893759 0.00920173 0.00999803 0.00953067 0.0360269 0.0320425 0.038011 
1.6826e-34 3.45775e-34 0.217718 0.116648 0.116739 5.63113e-35 6.07354e-35 9.14504e-35 1.57677e-05 5.51336e-05 1.03451e-05 1.51835e-34 0.0123865 0.0185765 0.0119236 
0.217718 3.45775e-34 0.296431 0.16498 0.258883 0.116648 1.57677e-05 9.14504e-35 0.000713791 0.000212932 0.000271372 5.51336e-05 0.0119236 0.0185765 0.0174906 
0.467708 0.519108 0.489686 0.509883 0.478966 0.501214 -0.0115288 -0.0104807 -0.0220742 -0.0161766 -0.0164749 -0.0116124 0.0790673 0.0761145 0.0842367 
0.396691 0.205425 0.312926 0.262511 0.357386 0.312707 0.00568206 0.00135972 0.00319296 0.00228185 0.0044363 0.00334751 0.0435489 0.0433496 0.0377555 
0.525092 0.489686 0.519108 0.509883 0.523744 0.520728 -0.0140351 -0.0220742 -0.0104807 -0.0161766 -0.01225 -0.0188046 0.0775881 0.0842367 0.0761145 
0.506176 0.494855 0.487015 0.510081 0.506891 0.501803 0.00772444 0.00657402 0.00404805 0.00532936 0.00604724 0.00716987 0.0581203 0.0611753 0.0614345 
0.501475 0.492927 0.469058 0.500763 0.49562 0.498671 0.0100374 0.0107881 0.00831908 0.0102477 0.00959579 0.0105003 0.0360269 0.0399023 0.0382091 
0.0135545 -0.0215439 -0.0493971 -0.0344529 -0.0291056 -0.0164372 0.0194311 0.0587589 0.0356705 0.0479504 0.033571 0.0471842 0.00334917 -0.00150257 0.00570763 
1.12538e-33 0.844239 0.843046 0.84387 0.513126 0.512395 1.01881e-33 -0.00207582 -0.00516978 -0.00324075 -0.00150076 -0.00102167 0.208482 0.23038 0.175992 
0.46472 0.196517 0.380466 0.283887 0.426483 0.335761 -0.0422883 -0.00724098 -0.0307861 -0.0167339 -0.0372821 -0.0218482 0.0707776 0.0669518 0.0644567 
0.29717 0.148013 0.191577 0.170492 0.246709 0.227851 0.00399479 0.0009436 0.00187754 0.00137582 0.00298538 0.00231066 0.0389675 0.039244 0.0442924 
0.396691 0.349146 0.205425 0.282252 0.312707 0.374296 0.00568206 0.00395168 0.00135972 0.00262966 0.00334751 0.00487874 0.0435489 0.0504207 0.0433496 
0.509897 0.452426 0.446954 0.449476 0.489202 0.48988 0.00313194 0.00577627 0.00315483 0.0044593 0.00309721 0.00478604 0.0651038 0.0635864 0.0675132 
0.538113 0.482085 0.491482 0.48595 0.528372 0.522778 -0.0288251 -0.0157248 -0.0246299 -0.0200443 -0.0278204 -0.022453 0.082962 0.0776106 0.0786684 
0.502331 0.459396 0.448194 0.453932 0.485459 0.488298 0.0110836 0.0103085 0.0102025 0.0103141 0.011102 0.0110909 0.043568 0.0433613 0.0486663 
0.40932 0.35385 0.215176 0.29084 0.324859 0.38354 -0.000198645 -0.00337843 0.000215703 -0.000959234 -3.59908e-05 -0.00191205 0.068187 0.0758422 0.0688652 
2.73743e-34 0.269486 0.212526 0.24175 0.113451 0.147454 -2.80147e-35 -0.000241397 5.66806e-06 -9.59681e-05 -3.26591e-05 -9.17242e-05 0.00564996 0.00660446 0.0111211 
0.525092 0.520714 0.489686 0.527849 0.520728 0.523998 -0.0140351 -0.0170251 -0.0220742 -0.0216733 -0.0188046 -0.0156299 0.0775881 0.0785812 0.0842367 
0.44214 0.351506 0.445694 0.404254 0.443984 0.401861 0.00722518 0.00477201 0.00893759 0.00693191 0.00811355 0.00612507 0.0324963 0.0343463 0.038011 
0.29717 0.445694 0.351506 0.404254 0.325304 0.382598 0.00399479 0.00893759 0.00477201 0.00693191 0.00446222 0.00668888 0.0389675 0.038011 0.0343463 
0.387406 0.442137 0.292717 0.378642 0.343606 0.416698 0.000195364 0.00224203 0.000597406 0.00133226 0.00048355 0.00105215 0.0103206 0.0172029 0.0161629 
0.380939 0.266998 0.19116 0.232422 0.292413 0.32744 -0.0254492 -0.0237581 -0.00684397 -0.0141555 -0.0163637 -0.0255947 0.0928023 0.0995409 0.0953479 
0.300683 0.59248 0.513543 0.5592 0.40832 0.464263 -0.103549 -0.132588 -0.137091 -0.137381 -0.12267 -0.126696 0.0665717 0.0744212 0.0625639 
3.47216e-34 1.64297e-34 0.212526 0.113406 0.113472 5.34112e-35 -8.27187e-35 -5.54242e-35 5.66806e-06 3.55729e-06 4.19041e-05 -1.38447e-34 0.016821 0.0112246 0.0111211 
0.0135545 -0.0721494 0.0576292 -0.0319949 0.0346674 -0.0388332 0.0194311 0.010137 -0.0225519 0.00357959 -0.00318803 0.0189075 0.00334917 0.0166054 0.0154924 
0.313679 0.19116 0.154315 0.174661 0.239575 0.254848 -0.0108086 -0.00684397 -0.00249015 -0.00438738 -0.00627957 -0.0096306 0.0884783 0.0953479 0.0892947 
0.430898 0.532288 0.404871 0.480702 0.418801 0.487893 -0.0595565 -0.0653896 -0.0692816 -0.0699738 -0.0644651 -0.0641185 0.0970306 0.091608 0.0978793 
0.355082 0.292717 0.442137 0.378642 0.403547 0.32494 0.002093 0.000597406 0.00224203 0.00133226 0.00230929 0.00124554 0.0221885 0.0161629 0.0172029 
0.250944 0.321554 0.0576292 0.168787 0.145039 0.285261 -0.0854437 -0.0836709 -0.0225519 -0.047311 -0.0540408 -0.0843538 0.028916 0.00999745 0.0154924 
0.464413 0.505926 0.487015 0.499851 0.476548 0.492533 0.00611614 0.00847722 0.00404805 0.0064539 0.00524147 0.00739102 0.055312 0.0547147 0.0614345 
0.467708 0.489686 0.37916 0.441158 0.428216 0.478966 -0.0115288 -0.0220742 -0.0094693 -0.0158958 -0.0109091 -0.0164749 0.0790673 0.0842367 0.0825022 
0.506176 0.487015 0.505926 0.499851 0.507968 0.506891 0.00772444 0.00404805 0.00847722 0.0064539 0.00819966 0.00604724 0.0581203 0.0614345 0.0547147 
0.312926 0.347641 0.469058 0.418756 0.40676 0.330792 0.00319296 0.00353064 0.00831908 0.00593253 0.00580896 0.00342742 0.0377555 0.0321644 0.0382091 
0.0167701 0.101089 0.267374 0.175473 0.123773 0.0568903 -0.0381225 -0.059512 -0.09778 -0.0785406 -0.0657977 -0.0491258 0.0517099 0.0663328 0.0493769 
0.995289 0.984259 0.745885 0.909291 0.917753 0.992224 -0.0347823 -0.0603166 -0.0316601 -0.0476674 -0.0389062 -0.0486553 0.08662 0.0559268 0.0685422 
0.286353 0.334524 0.448194 0.398232 0.379106 0.311147 0.00472883 0.006394 0.0102025 0.00849451 0.0078694 0.00562721 0.0490674 0.0530826 0.0486663 
0.446816 0.469058 0.347641 0.418756 0.403504 0.458415 0.00639929 0.00831908 0.00353064 0.00593253 0.00501885 0.00740075 0.0321026 0.0382091 0.0321644 
0.313679 0.37916 0.489686 0.441158 0.415911 0.34813 -0.0108086 -0.0094693 -0.0220742 -0.0158958 -0.0181869 -0.0103645 0.0884783 0.0825022 0.0842367 
0.267633 0.322912 0.446954 0.391382 0.367059 0.295283 0.0034365 0.00264529 0.00315483 0.00285448 0.00408827 0.00330452 0.0665498 0.0695347 0.0675132 
0.277331 0.358496 0.491482 0.433703 0.396482 0.316742 -0.00417812 -0.01392 -0.0246299 -0.0199033 -0.0128139 -0.00821322 0.0741625 0.0748305 0.0786684 
0.407157 0.383172 0.276571 0.334198 0.349145 0.39565 0.0003955 -0.00055628 -0.000219301 -0.00037467 -4.67928e-05 -0.00017005 0.011449 0.00432839 0.00732611 
0.423233 0.448194 0.334524 0.398232 0.382203 0.43628 0.00891165 0.0102025 0.006394 0.00849451 0.00785669 0.00964645 0.0540847 0.0486663 0.0530826 
0.425668 0.446954 0.322912 0.391382 0.37718 0.436597 -6.94512e-05 0.00315483 0.00264529 0.00285448 0.00172775 0.00162397 0.0711434 0.0675132 0.0695347 
0.488281 0.491482 0.358496 0.433703 0.427962 0.489496 -0.0330686 -0.0246299 -0.01392 -0.0199033 -0.0226648 -0.0286801 0.0779005 0.0786684 0.0748305 
0.330627 0.215176 0.162073 0.189325 0.253268 0.276706 0.00174317 0.000215703 0.000432086 0.000350681 0.00101745 0.000722853 0.0624073 0.0688652 0.0622387 
0.387406 0.269486 0.376923 0.327333 0.382111 0.33348 0.000195364 -0.000241397 -0.000590377 -0.000406174 -0.000256004 -0.000126672 0.0103206 0.00660446 0.00392231 
0.59248 0.274876 0.462397 0.374173 0.527637 0.443895 -0.132588 -0.0913148 -0.111137 -0.104467 -0.123225 -0.119555 0.0744212 0.0804474 0.0856164 
0.538835 0.321554 0.250944 0.285261 0.388698 0.437748 -0.137637 -0.0836709 -0.0854437 -0.0843538 -0.113462 -0.11591 0.0296423 0.00999745 0.028916 
-9.48363e-35 -1.20698e-34 -0.0721494 -0.0676469 -0.0594948 4.34966e-36 -3.98933e-35 -1.15062e-34 0.010137 0.0039894 0.00675839 -1.70575e-34 0.0103533 0.024457 0.0166054 
0.407157 0.468821 0.383172 0.432897 0.39565 0.442125 0.0003955 -0.000415161 -0.00055628 -0.000529037 -0.00017005 7.79887e-06 0.011449 0.00562373 0.00432839 
0.387406 0.376923 0.460883 0.424663 0.428861 0.382111 0.000195364 -0.000590377 -0.000419461 -0.000554553 -8.86071e-05 -0.000256004 0.0103206 0.00392231 0.00556077 
0.464413 0.487015 0.384274 0.445683 0.429607 0.476548 0.00611614 0.00404805 0.00372564 0.00415578 0.00491581 0.00524147 0.055312 0.0614345 0.0570552 
0.509897 0.493644 0.487015 0.490419 0.50889 0.511093 0.00313194 0.00025159 0.00404805 0.00244377 0.00362393 0.00150641 0.0651038 0.067134 0.0614345 
0.330627 0.384274 0.487015 0.445683 0.42734 0.358896 0.00174317 0.00372564 0.00404805 0.00415578 0.00276199 0.00270476 0.0624073 0.0570552 0.0614345 
0.00178568 0.0576292 -0.0721494 -0.0319949 -0.0498621 0.0278582 -0.026859 -0.0225519 0.010137 0.00357959 -0.00349284 -0.0248189 0.0324061 0.0154924 0.0166054 
0.300683 0.267374 0.101089 0.175473 0.194321 0.284864 -0.103549 -0.09778 -0.059512 -0.0785406 -0.0819807 -0.10195 0.0665717 0.0493769 0.0663328 
1.64297e-34 2.73743e-34 0.212526 0.113451 0.113406 5.33464e-35 -5.54242e-35 -2.80147e-35 5.66806e-06 -3.26591e-05 3.55729e-06 -8.33396e-35 0.0112246 0.00564996 0.0111211 
0.502331 0.479897 0.469058 0.474619 0.497421 0.500076 0.0110836 0.00902878 0.00831908 0.00878472 0.0100961 0.0103263 0.043568 0.0437116 0.0382091 
0.380466 0.508956 0.631752 0.586136 0.531595 0.443649 -0.0307861 -0.0563692 -0.0934687 -0.076209 -0.0607279 -0.0424865 0.0644567 0.0617949 0.0702326 
8.62544e-34 1.12538e-33 0.843046 0.513126 0.50996 -4.15587e-35 7.97802e-34 1.01881e-33 -0.00516978 -0.00150076 -0.00209175 1.82216e-33 0.16347 0.208482 0.175992 
0.667515 0.631752 0.508956 0.586136 0.601371 0.648565 -0.103225 -0.0934687 -0.0563692 -0.076209 -0.079918 -0.098953 0.0626918 0.0702326 0.0617949 
0.266998 0.459937 0.298225 0.386046 0.283047 0.369338 -0.0237581 -0.0480379 -0.0392672 -0.0462585 -0.0311303 -0.0381444 0.0995409 0.094478 0.100698 
0.00178568 -0.0624885 0.0167701 -0.0381073 0.00817844 -0.046374 -0.026859 -0.00790331 -0.0381225 -0.0200716 -0.0338852 -0.0161158 0.0324061 0.0470945 0.0517099 
0.342975 0.126236 0.196517 0.159027 0.274209 0.234935 -0.0174944 -0.00223528 -0.00724098 -0.00445576 -0.0129292 -0.0080545 0.0724916 0.069975 0.0669518 
0.29201 0.116124 0.160418 0.137964 0.228541 0.20638 0.000963404 0.00060761 0.000286193 0.000432423 0.000411776 0.00112409 0.072138 0.0719235 0.0732758 
0.299772 0.127557 0.169303 0.14889 0.237379 0.219052 0.00517267 0.00105239 0.00180414 0.0013804 0.00335456 0.00294127 0.0580929 0.0589023 0.0629818 
0.277331 0.160418 0.115952 0.138256 0.19688 0.217413 -0.00417812 0.000286193 -0.000342559 -0.000181391 -0.00167592 -0.00118761 0.0741625 0.0732758 0.0733697 
0.267633 0.169303 0.120874 0.145173 0.196981 0.219765 0.0034365 0.00180414 0.000922378 0.00129512 0.00214049 0.00272063 0.0665498 0.0629818 0.0667021 
0.286353 0.191577 0.134807 0.163475 0.215442 0.241581 0.00472883 0.00187754 0.00104843 0.00144981 0.00268992 0.00323495 0.0490674 0.0442924 0.0495209 
0.708136 0.995289 0.745885 0.917753 0.730951 0.909801 -0.0139169 -0.0347823 -0.0316601 -0.0389062 -0.0208752 -0.0246762 0.107174 0.08662 0.0685422 
0.488281 0.552949 0.565011 0.56314 0.538459 0.520336 -0.0330686 -0.0569628 -0.0542789 -0.0563169 -0.0440247 -0.0442316 0.0779005 0.078426 0.0839985 
0.425668 0.460632 0.504428 0.486528 0.472035 0.44282 -6.94512e-05 -0.00717204 -0.00563383 -0.00654478 -0.00253367 -0.0032563 0.0711434 0.0749372 0.0733813 
0.57092 0.565011 0.552949 0.56314 0.585364 0.574681 -0.0776562 -0.0542789 -0.0569628 -0.0563169 -0.0700813 -0.0660127 0.08835 0.0839985 0.078426 
0.423233 0.444237 0.490294 0.471021 0.462571 0.433736 0.00891165 0.00791659 0.00971198 0.00892114 0.00965085 0.00854728 0.0540847 0.0590965 0.0543447 
0.525092 0.504428 0.460632 0.486528 0.505651 0.516843 -0.0140351 -0.00563383 -0.00717204 -0.00654478 -0.0109353 -0.0095376 0.0775881 0.0733813 0.0749372 
0.506176 0.490294 0.444237 0.471021 0.485151 0.49959 0.00772444 0.00971198 0.00791659 0.00892114 0.00812332 0.00890358 0.0581203 0.0543447 0.0590965 
0.488281 0.565011 0.491482 0.53444 0.489496 0.538459 -0.0330686 -0.0542789 -0.0246299 -0.0380411 -0.0286801 -0.0440247 0.0779005 0.0839985 0.0786684 
0.425668 0.504428 0.446954 0.478654 0.436597 0.472035 -6.94512e-05 -0.00563383 0.00315483 -0.000363741 0.00162397 -0.00253367 0.0711434 0.0733813 0.0675132 
0.423233 0.490294 0.448194 0.471713 0.43628 0.462571 0.00891165 0.00971198 0.0102025 0.0103829 0.00964645 0.00965085 0.0540847 0.0543447 0.0486663 
0.555244 0.491482 0.565011 0.53444 0.561706 0.541289 -0.04936 -0.0246299 -0.0542789 -0.0380411 -0.0520889 -0.0374086 0.0864468 0.0786684 0.0839985 
0.516132 0.446954 0.504428 0.478654 0.512006 0.492562 -0.00390474 0.00315483 -0.00563383 -0.000363741 -0.00483004 1.81228e-05 0.0716296 0.0675132 0.0733813 
0.50393 0.448194 0.490294 0.471713 0.498929 0.485158 0.0102938 0.0102025 0.00971198 0.0103829 0.0100779 0.0107624 0.0509248 0.0486663 0.0543447 
-0.035278 -0.0493971 -0.0215439 -0.0344529 -0.0292611 -0.0443193 0.037634 0.0356705 0.0587589 0.0479504 0.0492974 0.0389499 0.00487329 0.00570763 -0.00150257 
2.80902e-34 0.217718 0.276571 0.248042 0.152196 0.116714 3.00609e-35 1.57677e-05 -0.000219301 -8.11083e-05 -8.20859e-05 -2.69362e-05 0.00615407 0.0119236 0.00732611 
8.20744e-34 1.0718e-33 0.835537 0.514484 0.504992 1.08548e-34 -5.32755e-34 -2.9794e-34 -0.0206318 -0.00725235 -0.00479376 -7.81137e-34 0.110433 0.053054 0.079057 
0.538113 0.495089 0.489686 0.492409 0.523634 0.527941 -0.0288251 -0.0345055 -0.0220742 -0.0276012 -0.0264499 -0.0331021 0.082962 0.088821 0.0842367 
0.653812 0.733455 0.48823 0.649806 0.571881 0.71324 -0.0842992 -0.126851 -0.0503432 -0.0902553 -0.0665341 -0.108559 0.0506062 0.055498 0.055843 
0.667515 0.48823 0.733455 0.649806 0.702077 0.602043 -0.103225 -0.0503432 -0.126851 -0.0902553 -0.115133 -0.0786925 0.0626918 0.055843 0.055498 
0.989581 0.843046 0.844239 0.84387 0.978457 0.978216 -0.00463337 -0.00516978 -0.00207582 -0.00324075 -0.00373696 -0.00596203 0.19812 0.175992 0.23038 
0.19757 0.288302 0.462397 0.372106 0.32894 0.244413 -0.0654835 -0.0691279 -0.111137 -0.0913432 -0.0918801 -0.0683388 0.0901868 0.0968945 0.0856164 
0.423233 0.334524 0.299772 0.317439 0.367467 0.382203 0.00891165 0.006394 0.00517267 0.0057871 0.00722338 0.00785669 0.0540847 0.0530826 0.0580929 
0.425668 0.322912 0.29201 0.307637 0.364878 0.37718 -6.94512e-05 0.00264529 0.000963404 0.00173589 0.000590004 0.00172775 0.0711434 0.0695347 0.072138 
0.488281 0.358496 0.342975 0.350532 0.425311 0.427962 -0.0330686 -0.01392 -0.0174944 -0.0159335 -0.0257655 -0.0226648 0.0779005 0.0748305 0.0724916 
0.430898 0.298225 0.459937 0.386046 0.446582 0.366019 -0.0595565 -0.0392672 -0.0480379 -0.0462585 -0.0536806 -0.0507602 0.0970306 0.100698 0.094478 
0.312926 0.205425 0.147428 0.176751 0.236224 0.262511 0.00319296 0.00135972 0.000637263 0.000972661 0.00173567 0.00228185 0.0377555 0.0433496 0.0372122 
0.44214 0.312385 0.351506 0.332749 0.401861 0.386652 0.00722518 0.00278011 0.00477201 0.0037391 0.00612507 0.00499707 0.0324963 0.0295425 0.0343463 
0.499922 0.442137 0.486638 0.468265 0.495594 0.483404 0.00394972 0.00224203 0.00136688 0.00187461 0.00257107 0.00320128 0.0191407 0.0172029 0.0124592 
0.499922 0.486638 0.489047 0.500086 0.498309 0.495594 0.00394972 0.00136688 0.00199149 0.00179626 0.00297953 0.00257107 0.0191407 0.0124592 0.0145142 
0.380466 0.196517 0.15223 0.175263 0.266782 0.283887 -0.0307861 -0.00724098 -0.00552127 -0.00665389 -0.0158422 -0.0167339 0.0644567 0.0669518 0.0616466 
0.349146 0.155436 0.205425 0.181154 0.282252 0.26148 0.00395168 0.000735915 0.00135972 0.00104238 0.00262966 0.00213507 0.0504207 0.0495244 0.0433496 
0.879938 0.964511 0.844915 0.954112 0.868346 0.951494 -0.112033 -0.0831349 -0.0583771 -0.0834727 -0.0896294 -0.102239 0.00320264 0.0387762 0.013769 
1.12538e-33 9.52596e-34 0.844239 0.513691 0.512395 -3.20951e-35 1.01881e-33 1.24584e-33 -0.00207582 -0.000700753 -0.00102167 2.26806e-33 0.208482 0.254373 0.23038 
-1.78947e-35 0.0300705 0.0595167 0.0420079 -0.0106117 -0.00693352 -4.29003e-34 -0.0186376 -0.0412574 -0.0294914 -0.0124765 -0.00574617 0.0816632 0.0895284 0.0780883 
0.357288 0.193212 0.312385 0.256943 0.335656 0.283072 0.00227917 0.000728823 0.00278011 0.00159742 0.00261086 0.0015438 0.0230253 0.0259839 0.0295425 
0.620905 0.538835 0.754002 0.667643 0.707583 0.57823 -0.141642 -0.137637 -0.151919 -0.152272 -0.152937 -0.139854 0.0214476 0.0296423 0.0412164 
0.464413 0.384274 0.349146 0.367311 0.415619 0.429607 0.00611614 0.00372564 0.00395168 0.00397636 0.00530293 0.00491581 0.055312 0.0570552 0.0504207 
0.820085 0.620905 0.754002 0.707583 0.786152 0.746262 -0.146292 -0.141642 -0.151919 -0.152937 -0.150399 -0.151094 0.0319431 0.0214476 0.0412164 
0.57092 0.599339 0.491699 0.566324 0.542976 0.586032 -0.0776562 -0.0852463 -0.0932069 -0.0937441 -0.0873956 -0.0818157 0.08835 0.0837497 0.0924912 
0.591813 0.491699 0.599339 0.566324 0.599894 0.546541 -0.105135 -0.0932069 -0.0852463 -0.0937441 -0.0956016 -0.100981 0.0841953 0.0924912 0.0837497 
0.0135545 -0.0493971 -0.0721494 -0.0621089 -0.0388332 -0.0291056 0.0194311 0.0356705 0.010137 0.0224383 0.0189075 0.033571 0.00334917 0.00570763 0.0166054 
8.8332e-34 7.36421e-34 0.708136 0.406718 0.397196 2.15125e-34 4.0396e-34 5.89582e-34 -0.0139169 -0.00402872 -0.00552601 1.01178e-33 0.085926 0.121409 0.107174 
0.35385 0.158789 0.215176 0.187759 0.29084 0.266221 -0.00337843 -0.000440317 0.000215703 -0.000191564 -0.000959234 -0.00165867 0.0758422 0.0757249 0.0688652 
0.467708 0.37916 0.35385 0.367528 0.41813 0.428216 -0.0115288 -0.0094693 -0.00337843 -0.00604623 -0.0071429 -0.0109091 0.0790673 0.0825022 0.0758422 
0.50393 0.505926 0.477957 0.496047 0.501851 0.50648 0.0102938 0.00847722 0.00831209 0.00863158 0.00958318 0.00949396 0.0509248 0.0547147 0.0493123 
0.464413 0.477957 0.505926 0.496047 0.492533 0.471719 0.00611614 0.00831209 0.00847722 0.00863158 0.00739102 0.00733107 0.055312 0.0493123 0.0547147 
0.266998 0.118316 0.19116 0.154849 0.232422 0.194866 -0.0237581 -0.00513084 -0.00684397 -0.00616113 -0.0141555 -0.013616 0.0995409 0.100861 0.0953479 
0.355082 0.290521 0.186186 0.240592 0.27851 0.324336 0.002093 0.00194986 0.000566057 0.00115011 0.00131251 0.00212074 0.0221885 0.027909 0.024268 
0.89454 0.617748 0.928999 0.826168 0.914673 0.833398 -0.12732 -0.0505964 -0.106304 -0.0827745 -0.11723 -0.0930867 0.0267998 0.0441742 0.0298935 
0.50011 0.495147 0.437411 0.47377 0.481677 0.498282 0.00715476 0.00823701 0.00506352 0.00674541 0.00642107 0.00776258 0.0272639 0.0313038 0.0275594 
0.407157 0.276571 0.217718 0.248042 0.325498 0.349145 0.0003955 -0.000219301 1.57677e-05 -8.11083e-05 0.000165124 -4.67928e-05 0.011449 0.00732611 0.0119236 
0.49093 0.41095 0.468821 0.443668 0.48155 0.461308 -0.00099504 -0.000848976 -0.000415161 -0.000752613 -0.000785534 -0.000915854 -5.41092e-06 -6.47683e-06 0.00562373 
0.405346 0.488632 0.460883 0.476804 0.436035 0.45702 -0.000866349 -0.00101912 -0.000419461 -0.000798829 -0.000764059 -0.000939092 1.01255e-05 6.31924e-06 0.00556077 
0.516132 0.519108 0.487592 0.50653 0.513394 0.51992 -0.00390474 -0.0104807 -0.00485155 -0.00757517 -0.00485568 -0.00711721 0.0716296 0.0761145 0.072755 
0.467708 0.487592 0.519108 0.50653 0.501214 0.478802 -0.0115288 -0.00485155 -0.0104807 -0.00757517 -0.0116124 -0.0080632 0.0790673 0.072755 0.0761145 
0.499922 0.489047 0.472598 0.481828 0.494768 0.498309 0.00394972 0.00199149 0.00422098 0.00307496 0.00424933 0.00297953 0.0191407 0.0145142 0.021597 
2.80902e-34 1.6826e-34 0.217718 0.116739 0.116714 5.64647e-35 3.00609e-35 6.07354e-35 1.57677e-05 1.03451e-05 -2.69362e-05 9.0882e-35 0.00615407 0.0123865 0.0119236 
8.8332e-34 0.708136 0.745885 0.730951 0.4371 0.397196 4.0396e-34 -0.0139169 -0.0316601 -0.0208752 -0.00974713 -0.00552601 0.085926 0.107174 0.0685422 
0.00178568 -0.0721494 -0.074083 -0.0769114 -0.0569722 -0.0498621 -0.026859 0.010137 -0.00128068 0.00220092 -0.00928862 -0.00349284 0.0324061 0.0166054 0.0322949 
-1.20698e-34 -0.074083 -0.0721494 -0.0769114 -0.0676469 -0.0534692 -1.15062e-34 -0.00128068 0.010137 0.00220092 0.0039894 0.00116847 0.024457 0.0322949 0.0166054 
0.387406 0.292717 0.212526 0.254062 0.309838 0.343606 0.000195364 0.000597406 5.66806e-06 0.000223259 8.06481e-05 0.00048355 0.0103206 0.0161629 0.0111211 
0.50011 0.437411 0.479176 0.461107 0.493248 0.481677 0.00715476 0.00506352 0.00495408 0.00513504 0.00609167 0.00642107 0.0272639 0.0275594 0.0231697 
0.995289 0.844915 0.984259 0.963231 0.992224 0.969553 -0.0347823 -0.0583771 -0.0603166 -0.069184 -0.0486553 -0.0517952 0.08662 0.013769 0.0559268 
0.387406 0.212526 0.269486 0.24175 0.33348 0.309838 0.000195364 5.66806e-06 -0.000241397 -9.59681e-05 -0.000126672 8.06481e-05 0.0103206 0.0111211 0.00660446 
0.555244 0.532288 0.459937 0.498003 0.523833 0.549696 -0.04936 -0.0653896 -0.0480379 -0.0569633 -0.0516255 -0.0577898 0.0864468 0.091608 0.094478 
0.430898 0.459937 0.532288 0.498003 0.487893 0.446582 -0.0595565 -0.0480379 -0.0653896 -0.0569633 -0.0641185 -0.0536806 0.0970306 0.094478 0.091608 
0.407157 0.217718 0.296431 0.258883 0.357199 0.325498 0.0003955 1.57677e-05 0.000713791 0.000271372 0.000659343 0.000165124 0.011449 0.0119236 0.0174906 
0.489047 0.428949 0.472598 0.453383 0.481828 0.465531 0.00199149 0.00205824 0.00422098 0.00308335 0.00307496 0.00212612 0.0145142 0.0176555 0.021597 
3.3215e-34 0.198742 0.312385 0.2587 0.175593 0.106473 1.51875e-34 0.00137963 0.00278011 0.00214999 0.000852039 0.000359412 0.0306531 0.0344049 0.0295425 
2.80902e-34 0.276571 0.183237 0.231968 0.0969234 0.152196 3.00609e-35 -0.000219301 -0.00018942 -0.000224913 -5.08209e-05 -8.20859e-05 0.00615407 0.00732611 0.00384117 
3.3215e-34 0.312385 0.193212 0.256943 0.102257 0.175593 1.51875e-34 0.00278011 0.000728823 0.00159742 0.000264525 0.000852039 0.0306531 0.0295425 0.0259839 
-9.48363e-35 -0.0721494 -0.0493604 -0.066452 -0.0357095 -0.0594948 -3.98933e-35 0.010137 0.016547 0.0157492 0.00519594 0.00675839 0.0103533 0.0166054 0.0084329 
3.47216e-34 0.292717 0.202829 0.249794 0.107565 0.161769 -8.27187e-35 0.000597406 0.000490184 0.000598857 0.000104063 0.000172023 0.016821 0.0161629 0.0205733 
0.89454 0.846006 0.617748 0.773318 0.833398 0.876401 -0.12732 -0.116649 -0.0505964 -0.0861233 -0.0930867 -0.123432 0.0267998 0.0363196 0.0441742 
0.407157 0.296431 0.428949 0.371367 0.41858 0.357199 0.0003955 0.000713791 0.00205824 0.00134009 0.00111761 0.000659343 0.011449 0.0174906 0.0176555 
8.20744e-34 0.835537 0.702541 0.77342 0.40541 0.504992 -5.32755e-34 -0.0206318 -0.00762121 -0.0118005 -0.00260074 -0.00479376 0.110433 0.079057 0.119745 
0.75 1 0.9373 0.984305 0.85927 0.9375 -3.50977e-37 -6.56384e-37 -0.000610315 -0.000456699 -0.0003308 -1.25408e-36 0.348081 0.347521 0.307478 
4.78071e-34 0.319234 0.48823 0.410886 0.241676 0.146236 2.21086e-34 -0.0216044 -0.0503432 -0.0354904 -0.0135919 -0.00525826 0.0508351 0.0492658 0.055843 
0.835537 0.844915 0.995289 0.969553 0.969443 0.839311 -0.0206318 -0.0583771 -0.0347823 -0.0517952 -0.0332161 -0.0306289 0.079057 0.013769 0.08662 
0.357288 0.428949 0.296431 0.371367 0.328518 0.396211 0.00227917 0.00205824 0.000713791 0.00134009 0.00139622 0.00227209 0.0230253 0.0176555 0.0174906 
0.19757 0.0595167 0.0300705 0.0420079 0.0995652 0.125455 -0.0654835 -0.0412574 -0.0186376 -0.0294914 -0.0412919 -0.0546066 0.0901868 0.0780883 0.0895284 
2.73743e-34 0.167378 0.269486 0.220734 0.147454 0.0878462 -2.80147e-35 -0.000174665 -0.000241397 -0.000227947 -9.17242e-05 -4.90195e-05 0.00564996 0.00362767 0.00660446 
9.52596e-34 0.706342 0.844239 0.780903 0.513691 0.405303 1.24584e-33 -0.000667283 -0.00207582 -0.00114825 -0.000700753 -0.000279782 0.254373 0.280126 0.23038 
4.86612e-34 5.59675e-34 0.617748 0.34732 0.318918 -2.17744e-35 1.70331e-34 1.87591e-34 -0.0505964 -0.0135062 -0.0143156 3.98897e-34 0.0384947 0.0417125 0.0441742 
0.19757 0.274876 0.0595167 0.156068 0.125455 0.233864 -0.0654835 -0.0913148 -0.0412574 -0.0669692 -0.0546066 -0.078708 0.0901868 0.0804474 0.0780883 
0.984259 0.844915 0.964511 0.954112 0.97521 0.963231 -0.0603166 -0.0583771 -0.0831349 -0.0834727 -0.0717564 -0.069184 0.0559268 0.013769 0.0387762 
-1.78947e-35 0.0595167 -0.0284831 0.008208 -0.027433 -0.0106117 -4.29003e-34 -0.0412574 -0.0175511 -0.0286601 -0.00584044 -0.0124765 0.0816632 0.0780883 0.0649553 
0.806268 0.745885 0.964511 0.899924 0.90882 0.782697 -0.0614565 -0.0316601 -0.0831349 -0.0571385 -0.074394 -0.0468989 0.0462765 0.0685422 0.0387762 
0.44214 0.49477 0.464289 0.482546 0.453916 0.474893 0.00722518 0.00883293 0.00617126 0.00759619 0.0067707 0.00826983 0.0324963 0.0320425 0.0272584 
0.50011 0.464289 0.49477 0.482546 0.500219 0.49377 0.00715476 0.00617126 0.00883293 0.00759619 0.00809143 0.00701386 0.0272639 0.0272584 0.0320425 
0.653812 0.48823 0.319234 0.410886 0.501624 0.571881 -0.0842992 -0.0503432 -0.0216044 -0.0354904 -0.0499158 -0.0665341 0.0506062 0.055843 0.0492658 
0.667515 0.508956 0.48823 0.499801 0.602043 0.601371 -0.103225 -0.0563692 -0.0503432 -0.0539066 -0.0786925 -0.079918 0.0626918 0.0617949 0.055843 
0.806268 0.928999 0.617748 0.826168 0.715957 0.894428 -0.0614565 -0.106304 -0.0505964 -0.0827745 -0.0591968 -0.0842235 0.0462765 0.0298935 0.0441742 
7.40757e-34 7.74204e-34 0.774576 0.457293 0.456184 1.698e-34 -1.21596e-33 -9.94614e-34 -0.00164214 -0.000604421 -0.000465084 -2.20931e-33 0.255227 0.208655 0.233446 
4.78071e-34 0.48823 0.250081 0.364846 0.128944 0.241676 2.21086e-34 -0.0503432 -0.0144681 -0.0294825 -0.00425159 -0.0135919 0.0508351 0.055843 0.0586826 
0.998656 0.9373 0.986661 0.995448 0.994197 0.98861 -0.00141315 -0.000610315 -0.000514334 -0.000627589 -0.00092266 -0.00104787 0.269419 0.307478 0.317476 
0.355082 0.186186 0.202829 0.194557 0.285323 0.27851 0.002093 0.000566057 0.000490184 0.000537399 0.00117041 0.00131251 0.0221885 0.024268 0.0205733 
0.998656 0.986661 0.749908 0.905268 0.927949 0.994197 -0.00141315 -0.000514334 -0.000459023 -0.000551163 -0.000946699 -0.00092266 0.269419 0.317476 0.304898 
0.499922 0.479176 0.442137 0.462709 0.483404 0.493606 0.00394972 0.00495408 0.00224203 0.00350695 0.00320128 0.00457071 0.0191407 0.0231697 0.0172029 
0.404871 0.208399 0.298225 0.255108 0.350606 0.306755 -0.0692816 -0.038527 -0.0392672 -0.0396571 -0.0544929 -0.0561238 0.0978793 0.101773 0.100698 
0.622973 0.267374 0.513543 0.396998 0.568019 0.453388 -0.149936 -0.09778 -0.137091 -0.122722 -0.144178 -0.131459 0.0526369 0.0493769 0.0625639 
0.355082 0.442137 0.479176 0.462709 0.430824 0.403547 0.002093 0.00224203 0.00495408 0.00350695 0.0035719 0.00230929 0.0221885 0.0172029 0.0231697 
0.298225 0.208399 0.146907 0.178462 0.221641 0.255108 -0.0392672 -0.038527 -0.0143818 -0.0255862 -0.0270876 -0.0396571 0.100698 0.101773 0.103165 
0.300683 0.513543 0.267374 0.396998 0.284864 0.40832 -0.103549 -0.137091 -0.09778 -0.122722 -0.10195 -0.12267 0.0665717 0.0625639 0.0493769 
3.02265e-34 0.290521 0.198499 0.246737 0.104682 0.160109 -1.38315e-34 0.00194986 0.0010402 0.00153008 0.000257489 0.000549071 0.0282196 0.027909 0.0326337 
1.0369e-34 -0.0215439 0.0223047 -0.011035 -0.000160866 -0.00933605 9.04577e-35 0.0587589 0.0451231 0.0598276 0.0536908 0.0568468 -0.0238648 -0.00150257 -0.00929262 
0.355082 0.437411 0.290521 0.374463 0.324336 0.400044 0.002093 0.00506352 0.00194986 0.00348619 0.00212074 0.00346139 0.0221885 0.0275594 0.027909 
1.0718e-33 0.844915 0.835537 0.839311 0.514484 0.544589 -2.9794e-34 -0.0583771 -0.0206318 -0.0306289 -0.00725235 -0.0301733 0.053054 0.013769 0.079057 
1.37662e-34 0.118316 0.146907 0.135503 0.0793264 0.0585456 -5.18497e-34 -0.00513084 -0.0143818 -0.00907565 -0.00392793 -0.00159262 0.104034 0.100861 0.103165 
5.59675e-34 0.40144 0.617748 0.525577 0.34732 0.203221 1.87591e-34 -0.0162508 -0.0505964 -0.0302681 -0.0135062 -0.004251 0.0417125 0.0522895 0.0441742 
0.806268 0.617748 0.40144 0.525577 0.631928 0.715957 -0.0614565 -0.0505964 -0.0162508 -0.0302681 -0.037151 -0.0591968 0.0462765 0.0441742 0.0522895 
0.998656 0.844239 0.706342 0.780903 0.936021 0.967823 -0.00141315 -0.00207582 -0.000667283 -0.00114825 -0.00124579 -0.00201484 0.269419 0.23038 0.280126 
2.78952e-35 6.55517e-35 0.0904789 0.0394463 0.0243438 -7.72081e-36 -4.84147e-34 -5.1942e-34 -0.023769 -0.00697659 -0.00712875 -9.80201e-34 0.0956518 0.103399 0.0983832 
0.355082 0.202829 0.292717 0.249794 0.32494 0.285323 0.002093 0.000490184 0.000597406 0.000598857 0.00124554 0.00117041 0.0221885 0.0205733 0.0161629 
0.357288 0.200544 0.193212 0.196915 0.283072 0.286426 0.00227917 0.000542421 0.000728823 0.000637801 0.0015438 0.00131045 0.0230253 0.022009 0.0259839 
0.49093 0.468821 0.499988 0.492803 0.498067 0.48155 -0.00099504 -0.000415161 -0.000631967 -0.00052221 -0.000876327 -0.000785534 -5.41092e-06 0.00562373 0.00380776 
3.02265e-34 0.186186 0.290521 0.240592 0.160109 0.0985975 -1.38315e-34 0.000566057 0.00194986 0.00115011 0.000549071 0.000185922 0.0282196 0.024268 0.027909 
0.488632 0.499988 0.460883 0.48958 0.476804 0.496801 -0.00101912 -0.000631967 -0.000419461 -0.000527651 -0.000798829 -0.000893031 6.31924e-06 0.00380776 0.00556077 
3.45775e-34 0.200544 0.296431 0.250786 0.16498 0.107045 9.14504e-35 0.000542421 0.000713791 0.00068784 0.000212932 0.000119953 0.0185765 0.022009 0.0174906 
-1.78947e-35 2.78952e-35 0.0300705 0.0059244 -0.00693352 -2.61293e-35 -4.29003e-34 -4.84147e-34 -0.0186376 -0.0053478 -0.00574617 -8.74659e-34 0.0816632 0.0956518 0.0895284 
-3.40983e-35 -0.0493604 -0.0143375 -0.0318269 -0.0110641 -0.0243952 -9.41805e-36 0.016547 0.0132517 0.0163426 0.00398128 0.00550616 0.00351428 0.0084329 0.00551321 
0.0135545 0.0576292 0.321554 0.168787 0.130917 0.0346674 0.0194311 -0.0225519 -0.0836709 -0.047311 -0.0253111 -0.00318803 0.00334917 0.0154924 0.00999745 
1.10612e-34 1.37662e-34 0.146907 0.0793264 0.0691307 4.43179e-35 -5.2976e-34 -5.18497e-34 -0.0143818 -0.00392793 -0.00432481 -1.03613e-33 0.106013 0.104034 0.103165 
0.00178568 -0.074083 -0.0624885 -0.069966 -0.046374 -0.0569722 -0.026859 -0.00128068 -0.00790331 -0.00460261 -0.0161158 -0.00928862 0.0324061 0.0322949 0.0470945 
0.806268 0.40144 0.745885 0.583308 0.782697 0.631928 -0.0614565 -0.0162508 -0.0316601 -0.0242625 -0.0468989 -0.037151 0.0462765 0.0522895 0.0685422 
0.647564 0.617748 0.846006 0.773318 0.769995 0.636829 -0.0673474 -0.0505964 -0.116649 -0.0861233 -0.0939881 -0.0595072 0.0423233 0.0441742 0.0363196 
1.08887e-33 0.844915 1.0718e-33 0.544589 2.98929e-34 0.563297 1.06462e-35 -0.0583771 -2.9794e-34 -0.0301733 -4.24911e-36 -0.0804896 -0.0714489 0.013769 0.053054 
0.266998 0.146907 0.118316 0.135503 0.194866 0.207006 -0.0237581 -0.0143818 -0.00513084 -0.00907565 -0.013616 -0.0201339 0.0995409 0.103165 0.100861 
0.50004 0.499988 0.468821 0.492803 0.492728 0.500009 0.00030855 -0.000631967 -0.000415161 -0.00052221 -7.41384e-05 -0.000213989 0.00842948 0.00380776 0.00562373 
0.50004 0.460883 0.499988 0.48958 0.500009 0.489707 0.00030855 -0.000419461 -0.000631967 -0.000527651 -0.000213989 -7.30038e-05 0.00842948 0.00556077 0.00380776 
9.53154e-34 8.20744e-34 0.702541 0.40541 0.40073 3.51235e-34 -7.69439e-34 -5.32755e-34 -0.00762121 -0.00260074 -0.00194571 -1.29219e-33 0.160651 0.110433 0.119745 
-8.36311e-35 -0.0284831 -0.0624885 -0.0479711 -0.0448965 -0.0387202 -3.19892e-34 -0.0175511 -0.00790331 -0.0125801 -0.00271156 -0.00459552 0.063393 0.0649553 0.0470945 
0.99939 0.995289 0.708136 0.909801 0.919545 0.997855 -0.0148628 -0.0347823 -0.0139169 -0.0246762 -0.0174081 -0.0237338 0.130382 0.08662 0.107174 
9.53154e-34 0.702541 0.83454 0.773266 0.506953 0.40073 -7.69439e-34 -0.00762121 -0.00637799 -0.0073805 -0.00210084 -0.00194571 0.160651 0.119745 0.15727 
0.820085 0.754002 0.771541 0.801559 0.823867 0.786152 -0.146292 -0.151919 -0.107471 -0.136186 -0.131059 -0.150399 0.0319431 0.0412164 0.043212 
0.357288 0.296431 0.200544 0.250786 0.286426 0.328518 0.00227917 0.000713791 0.000542421 0.00068784 0.00131045 0.00139622 0.0230253 0.0174906 0.022009 
0.346209 0.321554 0.727416 0.521864 0.562246 0.335088 -0.0814787 -0.0836709 -0.143831 -0.122799 -0.123147 -0.0817761 -0.00183047 0.00999745 0.0151278 
0.984259 0.964511 0.745885 0.899924 0.909291 0.97521 -0.0603166 -0.0831349 -0.0316601 -0.0571385 -0.0476674 -0.0717564 0.0559268 0.0387762 0.0685422 
1.0369e-34 -2.46121e-35 -0.0215439 -0.00826763 -0.00933605 8.1782e-35 9.04577e-35 6.20659e-35 0.0587589 0.0499451 0.0568468 6.5483e-35 -0.0238648 0.00395859 -0.00150257 
0.99939 0.708136 0.648374 0.680117 0.904247 0.919545 -0.0148628 -0.0139169 -0.00624045 -0.0090599 -0.0124566 -0.0174081 0.130382 0.107174 0.140873 
0.99939 0.835537 0.995289 0.969443 0.997855 0.963633 -0.0148628 -0.0206318 -0.0347823 -0.0332161 -0.0237338 -0.021143 0.130382 0.079057 0.08662 
0.247431 0.183237 0.383172 0.295529 0.321821 0.216266 -0.000401169 -0.00018942 -0.00055628 -0.000408964 -0.000545422 -0.000303766 -2.94882e-05 0.00384117 0.00432839 
0.242349 0.376923 0.167378 0.28478 0.206029 0.315721 -0.000410729 -0.000590377 -0.000174665 -0.000415843 -0.000298708 -0.000564767 2.91799e-05 0.00392231 0.00362767 
0.387406 0.486638 0.442137 0.468265 0.416698 0.448931 0.000195364 0.00136688 0.00224203 0.00187461 0.00105215 0.000726953 0.0103206 0.0124592 0.0172029 
7.36421e-34 0.648374 0.708136 0.680117 0.406718 0.362089 5.89582e-34 -0.00624045 -0.0139169 -0.0090599 -0.00402872 -0.00216773 0.121409 0.140873 0.107174 
0.380939 0.489686 0.495089 0.492409 0.444352 0.443991 -0.0254492 -0.0220742 -0.0345055 -0.0276012 -0.0314073 -0.0251096 0.0928023 0.0842367 0.088821 
0.40932 0.487015 0.493644 0.490419 0.45955 0.455533 -0.000198645 0.00404805 0.00025159 0.00244377 -0.000210078 0.00167853 0.068187 0.0614345 0.067134 
7.74204e-34 0.644895 0.774576 0.713329 0.457293 0.363283 -9.94614e-34 -0.00216637 -0.00164214 -0.00194125 -0.000604421 -0.000562031 0.208655 0.191056 0.233446 
0.998656 0.749908 0.624586 0.690384 0.89478 0.927949 -0.00141315 -0.000459023 -0.000625287 -0.000561319 -0.00121624 -0.000946699 0.269419 0.304898 0.269958 
0.00178568 0.267374 0.250944 0.260176 0.106339 0.116907 -0.026859 -0.09778 -0.0854437 -0.0933217 -0.0520496 -0.0612075 0.0324061 0.0493769 0.028916 
8.62544e-34 0.843046 0.648374 0.755337 0.366207 0.50996 7.97802e-34 -0.00516978 -0.00624045 -0.00603227 -0.0015781 -0.00209175 0.16347 0.175992 0.140873 
0.367668 0.448194 0.459396 0.453932 0.419386 0.41179 0.00709931 0.0102025 0.0103085 0.0103141 0.00896759 0.00891514 0.0439086 0.0486663 0.0433613 
3.35108e-34 3.46308e-34 0.414164 0.214158 0.195026 5.37961e-35 2.05493e-34 1.7804e-34 -0.0322565 -0.00842726 -0.00767601 4.13015e-34 0.0443798 0.0384402 0.0458181 
0.99939 0.702541 0.835537 0.77342 0.963633 0.933596 -0.0148628 -0.00762121 -0.0206318 -0.0118005 -0.021143 -0.0140232 0.130382 0.119745 0.079057 
-3.40983e-35 -9.48363e-35 -0.0493604 -0.0357095 -0.0243952 -2.93169e-35 -9.41805e-36 -3.98933e-35 0.016547 0.00519594 0.00550616 -6.61448e-35 0.00351428 0.0103533 0.0084329 
1.86569e-34 3.47216e-34 0.202829 0.107565 0.10786 6.91877e-35 -1.10772e-34 -8.27187e-35 0.000490184 0.000104063 0.000140543 -1.94107e-34 0.0224717 0.016821 0.0205733 
0.75 0.749908 0.986661 0.905268 0.905287 0.749912 -4.06589e-37 -0.000459023 -0.000514334 -0.000551163 -0.000319818 -0.000248931 0.347012 0.304898 0.317476 
0.46472 0.609279 0.552949 0.581542 0.517668 0.555838 -0.0422883 -0.0841763 -0.0569628 -0.0698535 -0.0509511 -0.0638724 0.0707776 0.0771595 0.078426 
0.361298 0.491482 0.482085 0.48595 0.42822 0.429454 -0.00506133 -0.0246299 -0.0157248 -0.0200443 -0.0100233 -0.0131508 0.0746428 0.0786684 0.0776106 
0.349667 0.446954 0.452426 0.449476 0.406136 0.401141 0.00550463 0.00315483 0.00577627 0.0044593 0.00597707 0.00499018 0.0630249 0.0675132 0.0635864 
0.622973 0.733455 0.754002 0.756917 0.689877 0.714321 -0.149936 -0.126851 -0.151919 -0.141935 -0.153056 -0.146517 0.0526369 0.055498 0.0412164 
0.396691 0.469058 0.479897 0.474619 0.445819 0.438252 0.00568206 0.00831908 0.00902878 0.00878472 0.0074589 0.00715356 0.0435489 0.0382091 0.0437116 
0.290521 0.437411 0.347641 0.397558 0.319953 0.374463 0.00194986 0.00506352 0.00353064 0.00445257 0.00269061 0.00348619 0.027909 0.0275594 0.0321644 
0.50004 0.489047 0.486638 0.500086 0.496389 0.49761 0.00030855 0.00199149 0.00136688 0.00179626 0.000832429 0.00109836 0.00842948 0.0145142 0.0124592 
0.622973 0.500681 0.267374 0.379207 0.453388 0.569211 -0.149936 -0.136665 -0.09778 -0.118332 -0.131459 -0.146461 0.0526369 0.0391369 0.0493769 
0.501475 0.445694 0.492927 0.474003 0.498671 0.485029 0.0100374 0.00893759 0.0107881 0.0100872 0.0105003 0.00999803 0.0360269 0.038011 0.0399023 
-1.4126e-35 -3.40983e-35 -0.0143375 -0.0110641 -0.00174122 2.03058e-37 -1.12699e-35 -9.41805e-36 0.0132517 0.00398128 0.0017885 -4.46478e-35 0.00550291 0.00351428 0.00551321 
0.367668 0.459396 0.445694 0.452721 0.410627 0.419386 0.00709931 0.0103085 0.00893759 0.00972798 0.00825136 0.00896759 0.0439086 0.0433613 0.038011 
0.346209 0.103103 0.0223047 0.0508026 0.131564 0.217673 -0.0814787 0.00170181 0.0451231 0.031855 -0.00988502 -0.0420455 -0.00183047 -0.0294204 -0.00929262 
-1.4126e-35 -0.0143375 -3.65086e-35 -0.00430794 -5.39458e-35 -0.00174122 -1.12699e-35 0.0132517 1.91111e-35 0.00974625 -2.9834e-36 0.0017885 0.00550291 0.00551321 0.00781281 
0.446816 0.347641 0.437411 0.397558 0.44212 0.403504 0.00639929 0.00353064 0.00506352 0.00445257 0.00575232 0.00501885 0.0321026 0.0321644 0.0275594 
0.647564 0.30457 0.617748 0.46031 0.636829 0.49019 -0.0673474 -0.0160794 -0.0505964 -0.0304133 -0.0595072 -0.0386807 0.0423233 0.041017 0.0441742 
0.622973 0.754002 0.500681 0.645101 0.569211 0.689877 -0.149936 -0.151919 -0.136665 -0.152254 -0.146461 -0.153056 0.0526369 0.0412164 0.0391369 
0.407157 0.428949 0.489047 0.465531 0.458179 0.41858 0.0003955 0.00205824 0.00199149 0.00212612 0.00112177 0.00111761 0.011449 0.0176555 0.0145142 
9.52596e-34 6.96062e-34 0.706342 0.405708 0.405303 3.06613e-34 1.24584e-33 1.47549e-33 -0.000667283 -0.000167728 -0.000279782 2.72237e-33 0.254373 0.30104 0.280126 
0.349667 0.452426 0.444237 0.448119 0.401542 0.406136 0.00550463 0.00577627 0.00791659 0.00700966 0.00679869 0.00597707 0.0630249 0.0635864 0.0590965 
0.998656 0.996996 0.844239 0.971186 0.967823 0.997854 -0.00141315 -0.00269815 -0.00207582 -0.00268965 -0.00201484 -0.00208092 0.269419 0.232905 0.23038 
0.361298 0.482085 0.460632 0.470787 0.416095 0.42822 -0.00506133 -0.0157248 -0.00717204 -0.0109481 -0.00628933 -0.0100233 0.0746428 0.0776106 0.0749372 
0.99939 0.648374 0.843046 0.755337 0.957196 0.904247 -0.0148628 -0.00624045 -0.00516978 -0.00603227 -0.00983924 -0.0124566 0.130382 0.140873 0.175992 
0.506176 0.444237 0.494855 0.473364 0.501803 0.485151 0.00772444 0.00791659 0.00657402 0.00749929 0.00716987 0.00812332 0.0581203 0.0590965 0.0611753 
4.78071e-34 3.35108e-34 0.319234 0.159828 0.146236 8.63061e-35 2.21086e-34 2.05493e-34 -0.0216044 -0.00578552 -0.00525826 4.70077e-34 0.0508351 0.0443798 0.0492658 
-0.035278 -0.0143375 -0.0493604 -0.0318269 -0.0441211 -0.0262972 0.037634 0.0132517 0.016547 0.0163426 0.0273202 0.0258931 0.00487329 0.00551321 0.0084329 
0.346209 0.119868 0.321554 0.215302 0.335088 0.214369 -0.0814787 -0.0110958 -0.0836709 -0.049213 -0.0817761 -0.0430131 -0.00183047 -0.00243435 0.00999745 
0.46472 0.631752 0.609279 0.620415 0.555838 0.5559 -0.0422883 -0.0934687 -0.0841763 -0.0891535 -0.0638724 -0.0659379 0.0707776 0.0702326 0.0771595 
0.525092 0.460632 0.520714 0.495957 0.523998 0.505651 -0.0140351 -0.00717204 -0.0170251 -0.0118457 -0.0156299 -0.0109353 0.0775881 0.0749372 0.0785812 
0.57092 0.552949 0.599339 0.588302 0.586032 0.585364 -0.0776562 -0.0569628 -0.0852463 -0.0717859 -0.0818157 -0.0700813 0.08835 0.078426 0.0837497 
0.989581 0.844239 0.996996 0.971186 0.993855 0.978457 -0.00463337 -0.00207582 -0.00269815 -0.00268965 -0.00344139 -0.00373696 0.19812 0.23038 0.232905 
0.998656 0.624586 0.774576 0.704247 0.93473 0.89478 -0.00141315 -0.000625287 -0.00164214 -0.00098131 -0.00179783 -0.00121624 0.269419 0.269958 0.233446 
0.89454 0.727416 0.846006 0.850247 0.876401 0.837482 -0.12732 -0.143831 -0.116649 -0.142074 -0.123432 -0.142414 0.0267998 0.0151278 0.0363196 
0.0167701 -0.0624885 -0.0284831 -0.0479711 -0.0127092 -0.0381073 -0.0381225 -0.00790331 -0.0175511 -0.0125801 -0.0276696 -0.0200716 0.0517099 0.0470945 0.0649553 
1.0369e-34 0.0223047 0.103103 0.0508026 0.00938649 -0.000160866 9.04577e-35 0.0451231 0.00170181 0.031855 0.0389759 0.0536908 -0.0238648 -0.00929262 -0.0294204 
0.59248 0.63445 0.631752 0.646674 0.657216 0.622122 -0.132588 -0.112888 -0.0934687 -0.105625 -0.120204 -0.124238 0.0744212 0.0777727 0.0702326 
4.86612e-34 0.617748 0.30457 0.46031 0.16097 0.318918 1.70331e-34 -0.0505964 -0.0160794 -0.0304133 -0.00527497 -0.0143156 0.0384947 0.0441742 0.041017 
0.667515 0.733455 0.669958 0.71248 0.696746 0.702077 -0.103225 -0.126851 -0.140307 -0.13689 -0.126076 -0.115133 0.0626918 0.055498 0.0643968 
0.622973 0.669958 0.733455 0.71248 0.714321 0.652879 -0.149936 -0.140307 -0.126851 -0.13689 -0.146517 -0.147238 0.0526369 0.0643968 0.055498 
0.446816 0.437411 0.495147 0.47377 0.477138 0.44212 0.00639929 0.00506352 0.00823701 0.00674541 0.00747473 0.00575232 0.0321026 0.0275594 0.0313038 
2.78952e-35 0.0904789 0.0300705 0.0593544 0.0059244 0.0243438 -4.84147e-34 -0.023769 -0.0186376 -0.0214821 -0.0053478 -0.00712875 0.0956518 0.0983832 0.0895284 
0.0135545 0.321554 0.119868 0.215302 0.0579585 0.130917 0.0194311 -0.0836709 -0.0110958 -0.049213 0.00937453 -0.0253111 0.00334917 0.00999745 -0.00243435 
0.396691 0.479897 0.477957 0.478992 0.443763 0.445819 0.00568206 0.00902878 0.00831209 0.00876531 0.00720183 0.0074589 0.0435489 0.0437116 0.0493123 
0.269486 0.167378 0.376923 0.28478 0.327333 0.220734 -0.000241397 -0.000174665 -0.000590377 -0.000415843 -0.000406174 -0.000227947 0.00660446 0.00362767 0.00392231 
0.276571 0.383172 0.183237 0.295529 0.231968 0.334198 -0.000219301 -0.00055628 -0.00018942 -0.000408964 -0.000224913 -0.00037467 0.00732611 0.00432839 0.00384117 
6.39492e-34 8.8332e-34 0.745885 0.4371 0.415932 3.68498e-35 2.69628e-34 4.0396e-34 -0.0316601 -0.00974713 -0.0121756 6.9939e-34 0.0581559 0.085926 0.0685422 
0.75 0.437595 0.749908 0.609305 0.749912 0.609435 -4.06589e-37 -8.43441e-05 -0.000459023 -0.00020278 -0.000248931 -7.78394e-05 0.347012 0.324101 0.304898 
0.41095 0.383172 0.468821 0.432897 0.443668 0.397532 -0.000848976 -0.00055628 -0.000415161 -0.000529037 -0.000752613 -0.00073831 -6.47683e-06 0.00432839 0.00562373 
0.405346 0.460883 0.376923 0.424663 0.391599 0.436035 -0.000866349 -0.000419461 -0.000590377 -0.000554553 -0.000760547 -0.000764059 1.01255e-05 0.00556077 0.00392231 
0.820085 0.846006 0.727416 0.850247 0.789898 0.848071 -0.146292 -0.116649 -0.143831 -0.142074 -0.148804 -0.134655 0.0319431 0.0363196 0.0151278 
0.40932 0.493644 0.487592 0.491034 0.454215 0.45955 -0.000198645 0.00025159 -0.00485155 -0.00216097 -0.00223561 -0.000210078 0.068187 0.067134 0.072755 
0.998656 0.706342 0.9373 0.843074 0.98861 0.936021 -0.00141315 -0.000667283 -0.000610315 -0.000735412 -0.00104787 -0.00124579 0.269419 0.280126 0.307478 
3.45775e-34 1.89392e-34 0.200544 0.10669 0.107045 7.87371e-35 9.14504e-35 1.21316e-34 0.000542421 0.00015601 0.000119953 2.12078e-34 0.0185765 0.0246984 0.022009 
0.50393 0.477957 0.503639 0.495258 0.505168 0.501851 0.0102938 0.00831209 0.010369 0.00950035 0.0104111 0.00958318 0.0509248 0.0493123 0.047256 
0.989581 0.999418 0.843046 0.96541 0.978216 0.996152 -0.00463337 -0.00836144 -0.00516978 -0.00742565 -0.00596203 -0.00656575 0.19812 0.165369 0.175992 
0.380939 0.495089 0.459937 0.48002 0.421198 0.444352 -0.0254492 -0.0345055 -0.0480379 -0.041179 -0.036313 -0.0314073 0.0928023 0.088821 0.094478 
7.36421e-34 8.62544e-34 0.648374 0.366207 0.362089 3.64365e-34 5.89582e-34 7.97802e-34 -0.00624045 -0.0015781 -0.00216773 1.39514e-33 0.121409 0.16347 0.140873 
0.41095 0.247431 0.383172 0.321821 0.397532 0.339686 -0.000848976 -0.000401169 -0.00055628 -0.000545422 -0.00073831 -0.000635601 -6.47683e-06 -2.94882e-05 0.00432839 
0.242349 0.405346 0.376923 0.391599 0.315721 0.333759 -0.000410729 -0.000866349 -0.000590377 -0.000760547 -0.000564767 -0.000654971 2.91799e-05 1.01255e-05 0.00392231 
0.653812 0.319234 0.414164 0.365042 0.552641 0.501624 -0.0842992 -0.0216044 -0.0322565 -0.026569 -0.0578953 -0.0499158 0.0506062 0.0492658 0.0458181 
-3.2564e-34 0.586455 6.96062e-34 0.325015 4.9036e-34 0.325164 8.53196e-34 -0.000189487 1.47549e-33 -7.08771e-05 3.18204e-33 -3.84305e-05 0.348118 0.317283 0.30104 
6.96062e-34 0.586455 0.706342 0.649026 0.405708 0.325015 1.47549e-33 -0.000189487 -0.000667283 -0.00035982 -0.000167728 -7.08771e-05 0.30104 0.317283 0.280126 
0.50004 0.468821 0.479377 0.474412 0.495287 0.492728 0.00030855 -0.000415161 0.000584231 5.29393e-06 0.000482562 -7.41384e-05 0.00842948 0.00562373 0.0101961 
0.407157 0.479377 0.468821 0.474412 0.442125 0.44974 0.0003955 0.000584231 -0.000415161 5.29393e-06 7.79887e-06 0.000509412 0.011449 0.0101961 0.00562373 
7.276e-34 0.624586 0.749908 0.690384 0.437501 0.349622 -1.43484e-33 -0.000625287 -0.000459023 -0.000561319 -0.000137523 -0.000151976 0.301261 0.269958 0.304898 
1 0.75 0.986661 0.905287 0.99666 0.9375 -6.56384e-37 -4.06589e-37 -0.000514334 -0.000319818 -0.000365448 -1.0933e-36 0.347521 0.347012 0.317476 
0.99939 0.843046 0.999418 0.96541 0.999785 0.957196 -0.0148628 -0.00516978 -0.00836144 -0.00742565 -0.010837 -0.00983924 0.130382 0.175992 0.165369 
1.93997e-34 1.98438e-34 0.210684 0.113592 0.112002 8.4818e-35 -4.27633e-34 -3.92026e-34 -0.00234458 -0.000494061 -0.000714047 -8.174e-34 0.0863805 0.079267 0.082539 
0.516132 0.487592 0.514642 0.506376 0.51658 0.513394 -0.00390474 -0.00485155 -0.0014048 -0.0031624 -0.00266975 -0.00485568 0.0716296 0.072755 0.0691295 
1.97776e-34 1.9608e-34 0.212733 0.112781 0.113604 8.46862e-35 -2.90316e-34 -2.58542e-34 0.00115572 0.000339464 0.000302005 -5.49794e-34 0.0588654 0.0524441 0.0560384 
0.989581 0.774576 0.644895 0.713329 0.878674 0.916574 -0.00463337 -0.00164214 -0.00216637 -0.00194125 -0.00397627 -0.00311921 0.19812 0.233446 0.191056 
1.62623e-34 1.60639e-34 0.178488 0.0933737 0.0947485 7.01044e-35 2.56665e-34 2.79773e-34 0.00196277 0.000530021 0.000537701 5.3484e-34 0.0522228 0.0569321 0.0540848 
1.43992e-34 1.42509e-34 0.162965 0.0833508 0.084409 6.04204e-35 3.36147e-34 3.48955e-34 0.00141549 0.000396681 0.000466523 6.84114e-34 0.0684457 0.0710756 0.069576 
1.368e-34 1.42546e-34 0.168613 0.0834197 0.0820278 5.30217e-35 3.56315e-34 3.4657e-34 -0.00227261 -0.000599442 -0.000326223 7.05166e-34 0.0727334 0.070858 0.0726285 
-1.0229e-34 -8.36311e-35 -0.0624885 -0.0448965 -0.0510617 -6.58899e-35 -2.12222e-34 -3.19892e-34 -0.00790331 -0.00271156 -0.00178242 -5.23015e-34 0.0426779 0.063393 0.0470945 
0.538835 0.620905 0.321554 0.476681 0.437748 0.57823 -0.137637 -0.141642 -0.0836709 -0.119012 -0.11591 -0.139854 0.0296423 0.0214476 0.00999745 
1.82384e-34 4.78071e-34 0.250081 0.128944 0.118267 7.25755e-35 2.7822e-34 2.21086e-34 -0.0144681 -0.00425159 -0.00354769 5.33695e-34 0.057499 0.0508351 0.0586826 
1.75449e-34 3.02265e-34 0.198499 0.104682 0.105367 8.2024e-35 -1.67952e-34 -1.38315e-34 0.0010402 0.000257489 0.00028199 -3.07802e-34 0.0340755 0.0282196 0.0326337 
0.357288 0.464289 0.472598 0.468657 0.426099 0.419877 0.00227917 0.00617126 0.00422098 0.00520336 0.00339708 0.00415182 0.0230253 0.0272584 0.021597 
0.9373 0.706342 0.586455 0.649026 0.800417 0.843074 -0.000610315 -0.000667283 -0.000189487 -0.00035982 -0.000403913 -0.000735412 0.307478 0.280126 0.317283 
0.555244 0.459937 0.542736 0.514969 0.548971 0.523833 -0.04936 -0.0480379 -0.0411808 -0.0464252 -0.0452335 -0.0516255 0.0864468 0.094478 0.0863548 
1 0.986661 0.9373 0.995448 0.984305 0.99666 -6.56384e-37 -0.000514334 -0.000610315 -0.000627589 -0.000456699 -0.000365448 0.347521 0.317476 0.307478 
-1.20698e-34 -1.0229e-34 -0.074083 -0.0529357 -0.0534692 -6.95692e-35 -1.15062e-34 -2.12222e-34 -0.00128068 -0.000389229 0.00116847 -3.28417e-34 0.024457 0.0426779 0.0322949 
6.39492e-34 0.745885 0.40144 0.583308 0.216206 0.415932 2.69628e-34 -0.0316601 -0.0162508 -0.0242625 -0.0051214 -0.0121756 0.0581559 0.0685422 0.0522895 
-3.2564e-34 0.75 0.586455 0.673374 0.325164 0.4375 8.53196e-34 -3.50977e-37 -0.000189487 -0.000124519 -3.84305e-05 -1.05962e-37 0.348118 0.348081 0.317283 
1.76269e-34 1.71513e-34 0.191577 0.101074 0.102375 6.89859e-35 2.06298e-34 2.32221e-34 0.00187754 0.000532578 0.000507759 4.36971e-34 0.0419543 0.0472332 0.0442924 
3.3215e-34 1.78113e-34 0.198742 0.105587 0.106473 7.24848e-35 1.51875e-34 1.79101e-34 0.00137963 0.000384617 0.000359412 3.28666e-34 0.0306531 0.0364352 0.0344049 
1.53938e-34 1.49683e-34 0.169303 0.0877959 0.0891073 6.58047e-35 3.00895e-34 3.20042e-34 0.00180414 0.000508444 0.000539593 6.19529e-34 0.0612399 0.0651503 0.0629818 
1.38077e-34 1.36457e-34 0.160418 0.0805672 0.0809194 5.58512e-35 3.5682e-34 3.59727e-34 0.000286193 0.00012607 0.000263724 7.16651e-34 0.072707 0.0733407 0.0732758 
1.52136e-34 1.64731e-34 0.196517 0.0969903 0.0921647 5.7178e-35 3.29537e-34 3.05929e-34 -0.00724098 -0.00194629 -0.00150895 6.41952e-34 0.0675665 0.0629165 0.0669518 
1.64172e-34 1.84613e-34 0.19116 0.104132 0.0991315 7.27326e-35 -4.9431e-34 -4.62559e-34 -0.00684397 -0.00178898 -0.00214304 -9.50848e-34 0.0995084 0.0932092 0.0953479 
2.00022e-34 2.00783e-34 0.215176 0.11483 0.114935 8.74081e-35 -3.5699e-34 -3.23145e-34 0.000215703 0.00010034 -2.01674e-05 -6.80121e-34 0.0722684 0.0654682 0.0688652 
1.9159e-34 1.86908e-34 0.205425 0.108566 0.109514 8.28975e-35 -2.2758e-34 -1.97416e-34 0.00135972 0.000354771 0.000365585 -4.26093e-34 0.046179 0.040064 0.0433496 
0.647564 0.771541 0.414164 0.624223 0.532511 0.722836 -0.0673474 -0.107471 -0.0322565 -0.0691802 -0.0492341 -0.087776 0.0423233 0.043212 0.0458181 
0.59248 0.462397 0.63445 0.571699 0.622122 0.527637 -0.132588 -0.111137 -0.112888 -0.118701 -0.124238 -0.123225 0.0744212 0.0856164 0.0777727 
0.591813 0.63445 0.462397 0.571699 0.541765 0.614059 -0.105135 -0.112888 -0.111137 -0.118701 -0.111987 -0.109563 0.0841953 0.0777727 0.0856164 
0.653812 0.771541 0.754002 0.801559 0.77055 0.715024 -0.0842992 -0.107471 -0.151919 -0.136186 -0.127171 -0.0965194 0.0506062 0.043212 0.0412164 
0.346209 0.0223047 0.119868 0.0653795 0.214369 0.131564 -0.0814787 0.0451231 -0.0110958 0.0170027 -0.0430131 -0.00988502 -0.00183047 -0.00929262 -0.00243435 
0.50004 0.479377 0.489047 0.484618 0.49761 0.495287 0.00030855 0.000584231 0.00199149 0.00125007 0.00109836 0.000482562 0.00842948 0.0101961 0.0145142 
-4.08302e-34 7.276e-34 0.437595 0.234461 0.234401 6.19402e-34 -8.26087e-34 -1.43484e-33 -8.43441e-05 -5.14567e-05 -2.43126e-05 -3.08679e-33 0.346948 0.301261 0.324101 
0.99939 0.83454 0.702541 0.773266 0.933596 0.962424 -0.0148628 -0.00637799 -0.00762121 -0.0073805 -0.0140232 -0.0111619 0.130382 0.15727 0.119745 
0.19757 0.0300705 0.0904789 0.0593544 0.137332 0.0995652 -0.0654835 -0.0186376 -0.023769 -0.0214821 -0.0441467 -0.0412919 0.0901868 0.0895284 0.0983832 
0.653812 0.414164 0.771541 0.624223 0.715024 0.552641 -0.0842992 -0.0322565 -0.107471 -0.0691802 -0.0965194 -0.0578953 0.0506062 0.0458181 0.043212 
0.407157 0.489047 0.479377 0.484618 0.44974 0.458179 0.0003955 0.00199149 0.000584231 0.00125007 0.000509412 0.00112177 0.011449 0.0145142 0.0101961 
-8.36311e-35 -1.78947e-35 -0.0284831 -0.027433 -0.0387202 -3.81627e-35 -3.19892e-34 -4.29003e-34 -0.0175511 -0.00584044 -0.00459552 -7.14123e-34 0.063393 0.0816632 0.0649553 
7.276e-34 0.749908 0.437595 0.609305 0.234461 0.437501 -1.43484e-33 -0.000459023 -8.43441e-05 -0.00020278 -5.14567e-05 -0.000137523 0.301261 0.304898 0.324101 
1.93997e-34 0.210684 0.154315 0.183056 0.082074 0.112002 -4.27633e-34 -0.00234458 -0.00249015 -0.00250351 -0.000608272 -0.000714047 0.0863805 0.082539 0.0892947 
0.75 0.9373 0.586455 0.800417 0.673374 0.85927 -3.50977e-37 -0.000610315 -0.000189487 -0.000403913 -0.000124519 -0.0003308 0.348081 0.307478 0.317283 
0.313679 0.154315 0.210684 0.183056 0.266492 0.239575 -0.0108086 -0.00249015 -0.00234458 -0.00250351 -0.00581466 -0.00627957 0.0884783 0.0892947 0.082539 
1.97776e-34 0.212733 0.162073 0.18813 0.0845627 0.113604 -2.90316e-34 0.00115572 0.000432086 0.000756721 0.000142954 0.000302005 0.0588654 0.0560384 0.0622387 
0.0135545 0.119868 0.0223047 0.0653795 0.0223782 0.0579585 0.0194311 -0.0110958 0.0451231 0.0170027 0.033727 0.00937453 0.00334917 -0.00243435 -0.00929262 
7.276e-34 7.40757e-34 0.624586 0.350013 0.349622 4.30346e-34 -1.43484e-33 -1.21596e-33 -0.000625287 -0.000229233 -0.000151976 -2.65012e-33 0.301261 0.255227 0.269958 
0.330627 0.162073 0.212733 0.18813 0.275301 0.253268 0.00174317 0.000432086 0.00115572 0.000756721 0.00159574 0.00101745 0.0624073 0.0622387 0.0560384 
1.89392e-34 3.3215e-34 0.193212 0.102257 0.102779 8.59161e-35 1.21316e-34 1.51875e-34 0.000728823 0.000264525 0.000174792 2.71267e-34 0.0246984 0.0306531 0.0259839 
7.74204e-34 9.53154e-34 0.644895 0.364839 0.363283 4.15182e-34 -9.94614e-34 -7.69439e-34 -0.00216637 -0.00104357 -0.000562031 -1.75948e-33 0.208655 0.160651 0.191056 
0.0595167 0.274876 0.101089 0.185785 0.0777123 0.156068 -0.0412574 -0.0913148 -0.059512 -0.0771831 -0.0504861 -0.0669692 0.0780883 0.0804474 0.0663328 
0.653812 0.754002 0.733455 0.756917 0.71324 0.77055 -0.0842992 -0.151919 -0.126851 -0.141935 -0.108559 -0.127171 0.0506062 0.0412164 0.055498 
0.647564 0.414164 0.30457 0.36448 0.49019 0.532511 -0.0673474 -0.0322565 -0.0160794 -0.0235996 -0.0386807 -0.0492341 0.0423233 0.0458181 0.041017 
1.60639e-34 0.127557 0.178488 0.153152 0.0933737 0.0665272 2.79773e-34 0.00105239 0.00196277 0.00147734 0.000530021 0.000295235 0.0569321 0.0589023 0.0540848 
1.62623e-34 0.178488 0.134807 0.157284 0.0696001 0.0947485 2.56665e-34 0.00196277 0.00104843 0.00146454 0.000293295 0.000537701 0.0522228 0.0540848 0.0495209 
1.42509e-34 0.116124 0.162965 0.139627 0.0833508 0.059152 3.48955e-34 0.00060761 0.00141549 0.000965639 0.000396681 0.00021043 0.0710756 0.0719235 0.069576 
1.43992e-34 0.162965 0.120874 0.142127 0.0616367 0.084409 3.36147e-34 0.00141549 0.000922378 0.00112615 0.000286031 0.000466523 0.0684457 0.069576 0.0667021 
1.42546e-34 0.126236 0.168613 0.147704 0.0834197 0.0605717 3.4657e-34 -0.00223528 -0.00227261 -0.00236541 -0.000599442 -0.00046487 0.070858 0.069975 0.0726285 
1.368e-34 0.168613 0.115952 0.141231 0.0578083 0.0820278 3.56315e-34 -0.00227261 -0.000342559 -0.00121046 -3.03301e-05 -0.000326223 0.0727334 0.0726285 0.0733697 
0.286353 0.134807 0.178488 0.157284 0.234476 0.215442 0.00472883 0.00104843 0.00196277 0.00146454 0.00331399 0.00268992 0.0490674 0.0495209 0.0540848 
0.267633 0.120874 0.162965 0.142127 0.216766 0.196981 0.0034365 0.000922378 0.00141549 0.00112615 0.00233219 0.00214049 0.0665498 0.0667021 0.069576 
0.299772 0.178488 0.127557 0.153152 0.219052 0.242502 0.00517267 0.00196277 0.00105239 0.00147734 0.00294127 0.0035815 0.0580929 0.0540848 0.0589023 
0.277331 0.115952 0.168613 0.141231 0.224722 0.19688 -0.00417812 -0.000342559 -0.00227261 -0.00121046 -0.00353855 -0.00167592 0.0741625 0.0733697 0.0726285 
0.29201 0.162965 0.116124 0.139627 0.20638 0.228207 0.000963404 0.00141549 0.00060761 0.000965639 0.00112409 0.00171206 0.072138 0.069576 0.0719235 
0.342975 0.168613 0.126236 0.147704 0.234935 0.252542 -0.0174944 -0.00227261 -0.00223528 -0.00236541 -0.0080545 -0.00779382 0.0724916 0.0726285 0.069975 
9.53154e-34 0.83454 0.644895 0.748288 0.364839 0.506953 -7.69439e-34 -0.00637799 -0.00216637 -0.00366011 -0.00104357 -0.00210084 0.160651 0.15727 0.191056 
0.538835 0.500681 0.754002 0.645101 0.667643 0.519296 -0.137637 -0.136665 -0.151919 -0.152254 -0.152272 -0.137489 0.0296423 0.0391369 0.0412164 
0.349146 0.212733 0.155436 0.184533 0.26148 0.286639 0.00395168 0.00115572 0.000735915 0.000955366 0.00213507 0.00236598 0.0504207 0.0560384 0.0495244 
1.9608e-34 0.155436 0.212733 0.184533 0.112781 0.0814242 -2.58542e-34 0.000735915 0.00115572 0.000955366 0.000339464 0.000193348 0.0524441 0.0495244 0.0560384 
0.208399 0.0784359 0.146907 0.11179 0.178462 0.139129 -0.038527 -0.010483 -0.0143818 -0.0126579 -0.0255862 -0.0238818 0.101773 0.103072 0.103165 
1.15557e-34 0.167378 2.73743e-34 0.0878462 1.11828e-34 0.08797 -2.71888e-37 -0.000174665 -2.80147e-35 -4.90195e-05 -2.82212e-35 -7.4303e-05 6.37082e-05 0.00362767 0.00564996 
3.46308e-34 0.30457 0.414164 0.36448 0.214158 0.146305 1.7804e-34 -0.0160794 -0.0322565 -0.0235996 -0.00842726 -0.00436016 0.0384402 0.041017 0.0458181 
0.346209 0.474029 0.103103 0.246708 0.217673 0.395844 -0.0814787 -0.111493 0.00170181 -0.0568963 -0.0420455 -0.0929805 -0.00183047 -0.024698 -0.0294204 
1.10612e-34 0.146907 0.0784359 0.11179 0.0418102 0.0691307 -5.2976e-34 -0.0143818 -0.010483 -0.0126579 -0.00282928 -0.00432481 0.106013 0.103165 0.103072 
1.20036e-34 2.80902e-34 0.183237 0.0969234 0.0967927 1.01982e-34 -2.62912e-37 3.00609e-35 -0.00018942 -5.08209e-05 -8.10432e-05 2.98766e-35 -6.03879e-05 0.00615407 0.00384117 
0.35385 0.210684 0.158789 0.186052 0.266221 0.287574 -0.00337843 -0.00234458 -0.000440317 -0.00121247 -0.00165867 -0.00344964 0.0758422 0.082539 0.0757249 
0.300683 0.101089 0.274876 0.185785 0.287038 0.194321 -0.103549 -0.059512 -0.0913148 -0.0771831 -0.0979463 -0.0819807 0.0665717 0.0663328 0.0804474 
1.76269e-34 0.191577 0.148013 0.170492 0.0769644 0.102375 2.06298e-34 0.00187754 0.0009436 0.00137582 0.000266832 0.000507759 0.0419543 0.0442924 0.039244 
1.98438e-34 0.158789 0.210684 0.186052 0.113592 0.0829151 -3.92026e-34 -0.000440317 -0.00234458 -0.00121247 -0.000494061 -0.000172913 0.079267 0.0757249 0.082539 
1.84613e-34 0.154315 0.19116 0.174661 0.104132 0.0797949 -4.62559e-34 -0.00249015 -0.00684397 -0.00438738 -0.00178898 -0.000800621 0.0932092 0.0892947 0.0953479 
1.71513e-34 0.134807 0.191577 0.163475 0.101074 0.0705898 2.32221e-34 0.00104843 0.00187754 0.00144981 0.000532578 0.000288813 0.0472332 0.0495209 0.0442924 
1.64172e-34 0.19116 0.118316 0.154849 0.063567 0.0991315 -4.9431e-34 -0.00684397 -0.00513084 -0.00616113 -0.00136929 -0.00214304 0.0995084 0.0953479 0.100861 
2.00783e-34 0.162073 0.215176 0.189325 0.11483 0.0849779 -3.23145e-34 0.000432086 0.000215703 0.000350681 0.00010034 0.000103748 0.0654682 0.0622387 0.0688652 
1.53938e-34 0.169303 0.127557 0.14889 0.0655204 0.0891073 3.00895e-34 0.00180414 0.00105239 0.0013804 0.000304007 0.000539593 0.0612399 0.0629818 0.0589023 
1.49683e-34 0.120874 0.169303 0.145173 0.0877959 0.0625329 3.20042e-34 0.000922378 0.00180414 0.00129512 0.000508444 0.000288635 0.0651503 0.0667021 0.0629818 
1.38077e-34 0.160418 0.116124 0.137964 0.0585568 0.0809194 3.5682e-34 0.000286193 0.00060761 0.000432423 0.000203909 0.000263724 0.072707 0.0732758 0.0719235 
1.36457e-34 0.115952 0.160418 0.138256 0.0805672 0.0575512 3.59727e-34 -0.000342559 0.000286193 -0.000181391 0.00012607 3.20853e-05 0.0733407 0.0733697 0.0732758 
1.52136e-34 0.196517 0.126236 0.159027 0.0626286 0.0921647 3.29537e-34 -0.00724098 -0.00223528 -0.00445576 -0.000597321 -0.00150895 0.0675665 0.0669518 0.069975 
2.00022e-34 0.215176 0.158789 0.187759 0.0833854 0.114935 -3.5699e-34 0.000215703 -0.000440317 -0.000191564 -0.000108905 -2.01674e-05 0.0722684 0.0688652 0.0757249 
1.64731e-34 0.15223 0.196517 0.175263 0.0969903 0.0712278 3.05929e-34 -0.00552127 -0.00724098 -0.00665389 -0.00194629 -0.00129349 0.0629165 0.0616466 0.0669518 
1.86908e-34 0.147428 0.205425 0.176751 0.108566 0.0770656 -1.97416e-34 0.000637263 0.00135972 0.000972661 0.000354771 0.000173263 0.040064 0.0372122 0.0433496 
1.9159e-34 0.205425 0.155436 0.181154 0.08074 0.109514 -2.2758e-34 0.00135972 0.000735915 0.00104238 0.000197125 0.000365585 0.046179 0.0433496 0.0495244 
0.19757 0.462397 0.274876 0.374173 0.233864 0.32894 -0.0654835 -0.111137 -0.0913148 -0.104467 -0.078708 -0.0918801 0.0901868 0.0856164 0.0804474 
0.50011 0.497447 0.464289 0.485447 0.49377 0.500383 0.00715476 0.00585084 0.00617126 0.00614198 0.00701386 0.00656602 0.0272639 0.024072 0.0272584 
1.20036e-34 0.183237 0.247431 0.216266 0.134176 0.0967927 -2.62912e-37 -0.00018942 -0.000401169 -0.000303766 -0.000149898 -8.10432e-05 -6.03879e-05 0.00384117 -2.94882e-05 
0.00178568 0.250944 0.0576292 0.145039 0.0278582 0.106339 -0.026859 -0.0854437 -0.0225519 -0.0540408 -0.0248189 -0.0520496 0.0324061 0.028916 0.0154924 
1.15557e-34 0.242349 0.167378 0.206029 0.08797 0.131126 -2.71888e-37 -0.000410729 -0.000174665 -0.000298708 -7.4303e-05 -0.000152037 6.37082e-05 2.91799e-05 0.00362767 
0.355082 0.479176 0.437411 0.461107 0.400044 0.430824 0.002093 0.00495408 0.00506352 0.00513504 0.00346139 0.0035719 0.0221885 0.0231697 0.0275594 
3.35108e-34 0.414164 0.319234 0.365042 0.159828 0.195026 2.05493e-34 -0.0322565 -0.0216044 -0.026569 -0.00578552 -0.00767601 0.0443798 0.0458181 0.0492658 
0.19757 0.0904789 0.288302 0.18028 0.244413 0.137332 -0.0654835 -0.023769 -0.0691279 -0.0474926 -0.0683388 -0.0441467 0.0901868 0.0983832 0.0968945 
0.208399 0.288302 0.0904789 0.18028 0.147814 0.246282 -0.038527 -0.0691279 -0.023769 -0.0474926 -0.0323164 -0.0536938 0.101773 0.0968945 0.0983832 
0.59248 0.669958 0.513543 0.606675 0.5592 0.632088 -0.132588 -0.140307 -0.137091 -0.143396 -0.137381 -0.137137 0.0744212 0.0643968 0.0625639 
3.02265e-34 1.86569e-34 0.186186 0.0981693 0.0985975 9.28866e-35 -1.38315e-34 -1.10772e-34 0.000566057 0.00013601 0.000185922 -2.50379e-34 0.0282196 0.0224717 0.024268 
0.499922 0.497447 0.479176 0.498449 0.493606 0.500024 0.00394972 0.00585084 0.00495408 0.00565742 0.00457071 0.00490289 0.0191407 0.024072 0.0231697 
0.50011 0.479176 0.497447 0.498449 0.500383 0.493248 0.00715476 0.00495408 0.00585084 0.00565742 0.00656602 0.00609167 0.0272639 0.0231697 0.024072 
0.488632 0.49093 0.499988 0.498067 0.496801 0.499989 -0.00101912 -0.00099504 -0.000631967 -0.000876327 -0.000893031 -0.000966086 6.31924e-06 -5.41092e-06 0.00380776 
0.208399 0.0904789 0.0784359 0.0859132 0.139129 0.147814 -0.038527 -0.023769 -0.010483 -0.0163735 -0.0238818 -0.0323164 0.101773 0.0983832 0.103072 
6.55517e-35 0.0784359 0.0904789 0.0859132 0.0394463 0.0326123 -5.1942e-34 -0.010483 -0.023769 -0.0163735 -0.00697659 -0.00327356 0.103399 0.103072 0.0983832 
0.357288 0.472598 0.428949 0.453383 0.396211 0.426099 0.00227917 0.00422098 0.00205824 0.00308335 0.00227209 0.00339708 0.0230253 0.021597 0.0176555 
7.40757e-34 0.774576 0.624586 0.704247 0.350013 0.456184 -1.21596e-33 -0.00164214 -0.000625287 -0.00098131 -0.000229233 -0.000465084 0.255227 0.233446 0.269958 
0.998656 0.774576 0.996996 0.929877 0.997854 0.93473 -0.00141315 -0.00164214 -0.00269815 -0.00239486 -0.00208092 -0.00179783 0.269419 0.233446 0.232905 
0.989581 0.996996 0.774576 0.929877 0.916574 0.993855 -0.00463337 -0.00269815 -0.00164214 -0.00239486 -0.00311921 -0.00344139 0.19812 0.232905 0.233446 
0.491699 0.288302 0.404871 0.350742 0.448079 0.395453 -0.0932069 -0.0691279 -0.0692816 -0.0708129 -0.0816581 -0.0847394 0.0924912 0.0968945 0.0978793 
0.208399 0.404871 0.288302 0.350742 0.246282 0.306755 -0.038527 -0.0692816 -0.0691279 -0.0708129 -0.0536938 -0.0561238 0.101773 0.0978793 0.0968945 
1.08887e-33 1.0369e-34 0.103103 0.00938649 0.0835524 3.74337e-34 1.06462e-35 9.04577e-35 0.00170181 0.0389759 -0.00406974 9.90341e-35 -0.0714489 -0.0238648 -0.0294204 
0.349146 0.384274 0.212733 0.307566 0.286639 0.367311 0.00395168 0.00372564 0.00115572 0.00234995 0.00236598 0.00397636 0.0504207 0.0570552 0.0560384 
0.35385 0.37916 0.210684 0.30292 0.287574 0.367528 -0.00337843 -0.0094693 -0.00234458 -0.00585954 -0.00344964 -0.00604623 0.0758422 0.0825022 0.082539 
0.346209 0.727416 0.773897 0.747833 0.573628 0.562246 -0.0814787 -0.143831 -0.133848 -0.139217 -0.121778 -0.123147 -0.00183047 0.0151278 0.0062748 
6.55517e-35 1.10612e-34 0.0784359 0.0418102 0.0326123 5.17728e-35 -5.1942e-34 -5.2976e-34 -0.010483 -0.00282928 -0.00327356 -1.03522e-33 0.103399 0.106013 0.103072 
0.989581 0.644895 0.83454 0.748288 0.935482 0.878674 -0.00463337 -0.00216637 -0.00637799 -0.00366011 -0.00591832 -0.00397627 0.19812 0.191056 0.15727 
0.342975 0.358496 0.168613 0.265529 0.252542 0.350532 -0.0174944 -0.01392 -0.00227261 -0.00694796 -0.00779382 -0.0159335 0.0724916 0.0748305 0.0726285 
0.29201 0.322912 0.162965 0.246134 0.228207 0.307637 0.000963404 0.00264529 0.00141549 0.00233767 0.00171206 0.00173589 0.072138 0.0695347 0.069576 
0.299772 0.334524 0.178488 0.262024 0.242502 0.317439 0.00517267 0.006394 0.00196277 0.00414032 0.0035815 0.0057871 0.0580929 0.0530826 0.0540848 
1.78113e-34 0.148013 0.198742 0.173729 0.105587 0.0778016 1.79101e-34 0.0009436 0.00137963 0.00117226 0.000384617 0.000242482 0.0364352 0.039244 0.0344049 
1.78113e-34 1.76269e-34 0.148013 0.0769644 0.0778016 1.25412e-34 1.79101e-34 2.06298e-34 0.0009436 0.000266832 0.000242482 3.84254e-34 0.0364352 0.0419543 0.039244 
0.29717 0.198742 0.148013 0.173729 0.227851 0.250949 0.00399479 0.00137963 0.0009436 0.00117226 0.00231066 0.00256726 0.0389675 0.0344049 0.039244 
1.84613e-34 1.93997e-34 0.154315 0.082074 0.0797949 1.36767e-34 -4.62559e-34 -4.27633e-34 -0.00249015 -0.000608272 -0.000800621 -8.86892e-34 0.0932092 0.0863805 0.0892947 
5.59675e-34 6.39492e-34 0.40144 0.216206 0.203221 4.11803e-34 1.87591e-34 2.69628e-34 -0.0162508 -0.0051214 -0.004251 4.85689e-34 0.0417125 0.0581559 0.0522895 
3.46308e-34 4.86612e-34 0.30457 0.16097 0.146305 2.6649e-34 1.7804e-34 1.70331e-34 -0.0160794 -0.00527497 -0.00436016 3.74192e-34 0.0384402 0.0384947 0.041017 
2.00783e-34 1.97776e-34 0.162073 0.0845627 0.0849779 1.45859e-34 -3.23145e-34 -2.90316e-34 0.000432086 0.000142954 0.000103748 -6.13945e-34 0.0654682 0.0588654 0.0622387 
1.60639e-34 1.53938e-34 0.127557 0.0655204 0.0665272 1.16864e-34 2.79773e-34 3.00895e-34 0.00105239 0.000304007 0.000295235 5.7939e-34 0.0569321 0.0612399 0.0589023 
1.71513e-34 1.62623e-34 0.134807 0.0696001 0.0705898 1.24544e-34 2.32221e-34 2.56665e-34 0.00104843 0.000293295 0.000288813 4.87575e-34 0.0472332 0.0522228 0.0495209 
1.42509e-34 1.38077e-34 0.116124 0.0585568 0.059152 1.01619e-34 3.48955e-34 3.5682e-34 0.00060761 0.000203909 0.00021043 7.05272e-34 0.0710756 0.072707 0.0719235 
1.49683e-34 1.43992e-34 0.120874 0.0616367 0.0625329 1.09071e-34 3.20042e-34 3.36147e-34 0.000922378 0.000286031 0.000288635 6.55179e-34 0.0651503 0.0684457 0.0667021 
1.42546e-34 1.52136e-34 0.126236 0.0626286 0.0605717 1.00411e-34 3.4657e-34 3.29537e-34 -0.00223528 -0.000597321 -0.00046487 6.79369e-34 0.070858 0.0675665 0.069975 
1.36457e-34 1.368e-34 0.115952 0.0578083 0.0575512 9.70033e-35 3.59727e-34 3.56315e-34 -0.000342559 -3.03301e-05 3.20853e-05 7.16821e-34 0.0733407 0.0727334 0.0733697 
0.89454 0.773897 0.727416 0.747833 0.837482 0.862111 -0.12732 -0.133848 -0.143831 -0.139217 -0.142414 -0.136398 0.0267998 0.0062748 0.0151278 
1.86908e-34 1.75449e-34 0.147428 0.0764564 0.0770656 1.41369e-34 -1.97416e-34 -1.67952e-34 0.000637263 0.000163222 0.000173263 -3.66139e-34 0.040064 0.0340755 0.0372122 
1.9608e-34 1.9159e-34 0.155436 0.08074 0.0814242 1.43711e-34 -2.58542e-34 -2.2758e-34 0.000735915 0.000197125 0.000193348 -4.87055e-34 0.0524441 0.046179 0.0495244 
1.64731e-34 1.82384e-34 0.15223 0.0763644 0.0712278 1.24018e-34 3.05929e-34 2.7822e-34 -0.00552127 -0.00154194 -0.00129349 5.90952e-34 0.0629165 0.057499 0.0616466 
1.98438e-34 2.00022e-34 0.158789 0.0833854 0.0829151 1.49684e-34 -3.92026e-34 -3.5699e-34 -0.000440317 -0.000108905 -0.000172913 -7.4835e-34 0.079267 0.0722684 0.0757249 
1.37662e-34 1.64172e-34 0.118316 0.063567 0.0585456 1.17414e-34 -5.18497e-34 -4.9431e-34 -0.00513084 -0.00136929 -0.00159262 -1.00589e-33 0.104034 0.0995084 0.100861 
0.552949 0.609279 0.599339 0.608321 0.588302 0.581542 -0.0569628 -0.0841763 -0.0852463 -0.0855459 -0.0717859 -0.0698535 0.078426 0.0771595 0.0837497 
0.879938 0.773897 0.928999 0.896162 0.929195 0.825916 -0.112033 -0.133848 -0.106304 -0.126913 -0.116068 -0.126557 0.00320264 0.0062748 0.0298935 
-2.46121e-35 -3.65086e-35 -0.0119973 -0.00301151 -0.00306934 -4.81743e-35 6.20659e-35 1.91111e-35 0.0313315 0.0142949 0.0231935 3.268e-35 0.00395859 0.00781281 0.00304568 
0.99939 0.999418 0.83454 0.953602 0.962424 0.999785 -0.0148628 -0.00836144 -0.00637799 -0.00812769 -0.0111619 -0.010837 0.130382 0.165369 0.15727 
0.989581 0.83454 0.999418 0.953602 0.996152 0.935482 -0.00463337 -0.00637799 -0.00836144 -0.00812769 -0.00656575 -0.00591832 0.19812 0.15727 0.165369 
-4.08302e-34 0.437595 0.75 0.609435 0.4375 0.234401 -8.26087e-34 -8.43441e-05 -4.06589e-37 -7.78394e-05 -1.63075e-37 -2.43126e-05 0.346948 0.324101 0.347012 
0.266998 0.298225 0.146907 0.221641 0.207006 0.283047 -0.0237581 -0.0392672 -0.0143818 -0.0270876 -0.0201339 -0.0311303 0.0995409 0.100698 0.103165 
1.82384e-34 0.250081 0.15223 0.198526 0.0763644 0.118267 2.7822e-34 -0.0144681 -0.00552127 -0.00939015 -0.00154194 -0.00354769 0.057499 0.0586826 0.0616466 
0.380466 0.15223 0.250081 0.198526 0.319534 0.266782 -0.0307861 -0.00552127 -0.0144681 -0.00939015 -0.0228996 -0.0158422 0.0644567 0.0616466 0.0586826 
0.89454 0.928999 0.773897 0.896162 0.862111 0.914673 -0.12732 -0.106304 -0.133848 -0.126913 -0.136398 -0.11723 0.0267998 0.0298935 0.0062748 
0.591813 0.599339 0.609279 0.608321 0.618068 0.599894 -0.105135 -0.0852463 -0.0841763 -0.0855459 -0.0972599 -0.0956016 0.0841953 0.0837497 0.0771595 
0.312926 0.147428 0.198499 0.173575 0.258443 0.236224 0.00319296 0.000637263 0.0010402 0.000840605 0.00199878 0.00173567 0.0377555 0.0372122 0.0326337 
1.75449e-34 0.198499 0.147428 0.173575 0.0764564 0.105367 -1.67952e-34 0.0010402 0.000637263 0.000840605 0.000163222 0.00028199 0.0340755 0.0326337 0.0372122 
-0.0721494 -0.0493971 -0.0493604 -0.0552542 -0.066452 -0.0621089 0.010137 0.0356705 0.016547 0.0278699 0.0157492 0.0224383 0.0166054 0.00570763 0.0084329 
0.879938 0.474029 0.773897 0.646066 0.825916 0.722394 -0.112033 -0.111493 -0.133848 -0.127132 -0.126557 -0.119064 0.00320264 -0.024698 0.0062748 
-1.0229e-34 -0.0624885 -0.074083 -0.069966 -0.0529357 -0.0510617 -2.12222e-34 -0.00790331 -0.00128068 -0.00460261 -0.000389229 -0.00178242 0.0426779 0.0470945 0.0322949 
1.08887e-33 0.103103 0.474029 0.246708 0.284032 0.0835524 1.06462e-35 0.00170181 -0.111493 -0.0568963 -0.0794757 -0.00406974 -0.0714489 -0.0294204 -0.024698 
0.0167701 -0.0284831 0.101089 0.0204144 0.0568903 -0.0127092 -0.0381225 -0.0175511 -0.059512 -0.0364382 -0.0491258 -0.0276696 0.0517099 0.0649553 0.0663328 
0.286353 0.178488 0.334524 0.262024 0.311147 0.234476 0.00472883 0.00196277 0.006394 0.00414032 0.00562721 0.00331399 0.0490674 0.0540848 0.0530826 
0.0595167 0.101089 -0.0284831 0.0204144 0.008208 0.0777123 -0.0412574 -0.059512 -0.0175511 -0.0364382 -0.0286601 -0.0504861 0.0780883 0.0663328 0.0649553 
0.267633 0.162965 0.322912 0.246134 0.295283 0.216766 0.0034365 0.00141549 0.00264529 0.00233767 0.00330452 0.00233219 0.0665498 0.069576 0.0695347 
0.277331 0.168613 0.358496 0.265529 0.316742 0.224722 -0.00417812 -0.00227261 -0.01392 -0.00694796 -0.00821322 -0.00353855 0.0741625 0.0726285 0.0748305 
0.313679 0.210684 0.37916 0.30292 0.34813 0.266492 -0.0108086 -0.00234458 -0.0094693 -0.00585954 -0.0103645 -0.00581466 0.0884783 0.082539 0.0825022 
0.330627 0.212733 0.384274 0.307566 0.358896 0.275301 0.00174317 0.00115572 0.00372564 0.00234995 0.00270476 0.00159574 0.0624073 0.0560384 0.0570552 
0.444237 0.452426 0.494855 0.47711 0.473364 0.448119 0.00791659 0.00577627 0.00657402 0.00624989 0.00749929 0.00700966 0.0590965 0.0635864 0.0611753 
0.430898 0.404871 0.298225 0.350606 0.366019 0.418801 -0.0595565 -0.0692816 -0.0392672 -0.0544929 -0.0507602 -0.0644651 0.0970306 0.0978793 0.100698 
0.509897 0.494855 0.452426 0.47711 0.48988 0.503571 0.00313194 0.00657402 0.00577627 0.00624989 0.00478604 0.00499005 0.0651038 0.0611753 0.0635864 
0.631752 0.63445 0.609279 0.629932 0.620415 0.646674 -0.0934687 -0.112888 -0.0841763 -0.0992047 -0.0891535 -0.105625 0.0702326 0.0777727 0.0771595 
1.89392e-34 0.193212 0.200544 0.196915 0.10669 0.102779 1.21316e-34 0.000728823 0.000542421 0.000637801 0.00015601 0.000174792 0.0246984 0.0259839 0.022009 
0.460632 0.482085 0.520714 0.505556 0.495957 0.470787 -0.00717204 -0.0157248 -0.0170251 -0.0165142 -0.0118457 -0.0109481 0.0749372 0.0776106 0.0785812 
0.591813 0.609279 0.63445 0.629932 0.614059 0.618068 -0.105135 -0.0841763 -0.112888 -0.0992047 -0.109563 -0.0972599 0.0841953 0.0771595 0.0777727 
0.538113 0.520714 0.482085 0.505556 0.522778 0.531591 -0.0288251 -0.0170251 -0.0157248 -0.0165142 -0.022453 -0.0227292 0.082962 0.0785812 0.0776106 
1.86569e-34 0.202829 0.186186 0.194557 0.0981693 0.10786 -1.10772e-34 0.000490184 0.000566057 0.000537399 0.00013601 0.000140543 0.0224717 0.0205733 0.024268 
0.501475 0.495147 0.49477 0.501224 0.498967 0.500717 0.0100374 0.00823701 0.00883293 0.00875012 0.00953067 0.00924409 0.0360269 0.0313038 0.0320425 
0.445694 0.459396 0.492927 0.479203 0.474003 0.452721 0.00893759 0.0103085 0.0107881 0.0107064 0.0100872 0.00972798 0.038011 0.0433613 0.0399023 
0.502331 0.492927 0.459396 0.479203 0.488298 0.498628 0.0110836 0.0107881 0.0103085 0.0107064 0.0110909 0.0110489 0.043568 0.0399023 0.0433613 
0.879938 0.928999 0.964511 0.947893 0.951494 0.929195 -0.112033 -0.106304 -0.0831349 -0.0973007 -0.102239 -0.116068 0.00320264 0.0298935 0.0387762 
0.502331 0.503639 0.479897 0.495476 0.500076 0.503999 0.0110836 0.010369 0.00902878 0.00985093 0.0103263 0.0108568 0.043568 0.047256 0.0437116 
0.477957 0.479897 0.503639 0.495476 0.495258 0.478992 0.00831209 0.00902878 0.010369 0.00985093 0.00950035 0.00876531 0.0493123 0.0437116 0.047256 
0.312385 0.198742 0.351506 0.281984 0.332749 0.2587 0.00278011 0.00137963 0.00477201 0.00296754 0.0037391 0.00214999 0.0295425 0.0344049 0.0343463 
0.29717 0.351506 0.198742 0.281984 0.250949 0.325304 0.00399479 0.00477201 0.00137963 0.00296754 0.00256726 0.00446222 0.0389675 0.0343463 0.0344049 
0.647564 0.846006 0.771541 0.810389 0.722836 0.769995 -0.0673474 -0.116649 -0.107471 -0.113234 -0.087776 -0.0939881 0.0423233 0.0363196 0.043212 
0.321554 0.620905 0.727416 0.672106 0.521864 0.476681 -0.0836709 -0.141642 -0.143831 -0.14303 -0.122799 -0.119012 0.00999745 0.0214476 0.0151278 
0.509897 0.514642 0.493644 0.507317 0.511093 0.513654 0.00313194 -0.0014048 0.00025159 -0.000562841 0.00150641 0.00103046 0.0651038 0.0691295 0.067134 
0.487592 0.493644 0.514642 0.507317 0.506376 0.491034 -0.00485155 0.00025159 -0.0014048 -0.000562841 -0.0031624 -0.00216097 0.072755 0.067134 0.0691295 
0.820085 0.771541 0.846006 0.810389 0.848071 0.823867 -0.146292 -0.107471 -0.116649 -0.113234 -0.134655 -0.131059 0.0319431 0.043212 0.0363196 
0.346209 0.773897 0.474029 0.646066 0.395844 0.573628 -0.0814787 -0.133848 -0.111493 -0.127132 -0.0929805 -0.121778 -0.00183047 0.0062748 -0.024698 
0.538113 0.542736 0.495089 0.523421 0.527941 0.541347 -0.0288251 -0.0411808 -0.0345055 -0.0385009 -0.0331021 -0.0346808 0.082962 0.0863548 0.088821 
0.820085 0.727416 0.620905 0.672106 0.746262 0.789898 -0.146292 -0.143831 -0.141642 -0.14303 -0.151094 -0.148804 0.0319431 0.0151278 0.0214476 
0.48823 0.508956 0.250081 0.38526 0.364846 0.499801 -0.0503432 -0.0563692 -0.0144681 -0.0329025 -0.0294825 -0.0539066 0.055843 0.0617949 0.0586826 
0.459937 0.495089 0.542736 0.523421 0.514969 0.48002 -0.0480379 -0.0345055 -0.0411808 -0.0385009 -0.0464252 -0.041179 0.094478 0.088821 0.0863548 
0.806268 0.964511 0.928999 0.947893 0.894428 0.90882 -0.0614565 -0.0831349 -0.106304 -0.0973007 -0.0842235 -0.074394 0.0462765 0.0387762 0.0298935 
0.267374 0.500681 0.250944 0.375584 0.260176 0.379207 -0.09778 -0.136665 -0.0854437 -0.114163 -0.0933217 -0.118332 0.0493769 0.0391369 0.028916 
0.538835 0.250944 0.500681 0.375584 0.519296 0.388698 -0.137637 -0.0854437 -0.136665 -0.114163 -0.137489 -0.113462 0.0296423 0.028916 0.0391369 
0.290521 0.347641 0.198499 0.279107 0.246737 0.319953 0.00194986 0.00353064 0.0010402 0.00218322 0.00153008 0.00269061 0.027909 0.0321644 0.0326337 
-0.035278 -0.0493604 -0.0493971 -0.0552542 -0.0443193 -0.0441211 0.037634 0.016547 0.0356705 0.0278699 0.0389499 0.0273202 0.00487329 0.0084329 0.00570763 
0.380466 0.250081 0.508956 0.38526 0.443649 0.319534 -0.0307861 -0.0144681 -0.0563692 -0.0329025 -0.0424865 -0.0228996 0.0644567 0.0586826 0.0617949 
0.312926 0.198499 0.347641 0.279107 0.330792 0.258443 0.00319296 0.0010402 0.00353064 0.00218322 0.00342742 0.00199878 0.0377555 0.0326337 0.0321644 
0.464289 0.497447 0.472598 0.488118 0.468657 0.485447 0.00617126 0.00585084 0.00422098 0.00508373 0.00520336 0.00614198 0.0272584 0.024072 0.021597 
0.622973 0.513543 0.669958 0.606675 0.652879 0.568019 -0.149936 -0.137091 -0.140307 -0.143396 -0.147238 -0.144178 0.0526369 0.0625639 0.0643968 
0.57092 0.532288 0.565011 0.563285 0.574681 0.552096 -0.0776562 -0.0653896 -0.0542789 -0.0619291 -0.0660127 -0.0717564 0.08835 0.091608 0.0839985 
0.525092 0.519108 0.504428 0.520136 0.516843 0.523744 -0.0140351 -0.0104807 -0.00563383 -0.00840158 -0.0095376 -0.01225 0.0775881 0.0761145 0.0733813 
0.506176 0.505926 0.490294 0.504955 0.49959 0.507968 0.00772444 0.00847722 0.00971198 0.00926926 0.00890358 0.00819966 0.0581203 0.0547147 0.0543447 
0.499922 0.472598 0.497447 0.488118 0.500024 0.494768 0.00394972 0.00422098 0.00585084 0.00508373 0.00490289 0.00424933 0.0191407 0.021597 0.024072 
0.50011 0.49477 0.495147 0.501224 0.498282 0.500219 0.00715476 0.00883293 0.00823701 0.00875012 0.00776258 0.00809143 0.0272639 0.0320425 0.0313038 
0.50393 0.490294 0.505926 0.504955 0.50648 0.498929 0.0102938 0.00971198 0.00847722 0.00926926 0.00949396 0.0100779 0.0509248 0.0543447 0.0547147 
0.516132 0.504428 0.519108 0.520136 0.51992 0.512006 -0.00390474 -0.00563383 -0.0104807 -0.00840158 -0.00711721 -0.00483004 0.0716296 0.0733813 0.0761145 
0.555244 0.565011 0.532288 0.563285 0.549696 0.561706 -0.04936 -0.0542789 -0.0653896 -0.0619291 -0.0577898 -0.0520889 0.0864468 0.0839985 0.091608 
-3.65086e-35 -0.0143375 -0.0119973 -0.0144184 -0.00301151 -0.00430794 1.91111e-35 0.0132517 0.0313315 0.023088 0.0142949 0.00974625 0.00781281 0.00551321 0.00304568 
-0.035278 -0.0119973 -0.0143375 -0.0144184 -0.0262972 -0.0243121 0.037634 0.0313315 0.0132517 0.023088 0.0258931 0.0371351 0.00487329 0.00304568 0.00551321 
-2.46121e-35 -0.0119973 -0.0215439 -0.0178395 -0.00826763 -0.00306934 6.20659e-35 0.0313315 0.0587589 0.0471425 0.0499451 0.0231935 0.00395859 0.00304568 -0.00150257 
-0.035278 -0.0215439 -0.0119973 -0.0178395 -0.0243121 -0.0292611 0.037634 0.0587589 0.0313315 0.0471425 0.0371351 0.0492974 0.00487329 -0.00150257 0.00304568 
