0.476409 0.845898 1.09263e-33 0.564869 0.285517 0.675776 -0.112959 -0.0592114 9.0543e-36 -0.0812418 -0.0803221 -0.109631 -0.0246943 0.0143216 -0.0715424 
0.00370224 0.0195778 0.279288 0.132021 0.124071 0.0104907 -0.0268682 -0.0398138 -0.103644 -0.0693556 -0.0636883 -0.0346511 0.0324862 0.0525538 0.0496542 
0.500191 0.457008 0.497313 0.494641 0.499701 0.488835 0.00776638 0.0105006 0.0105859 0.0114221 0.00922707 0.00957711 0.0440669 0.0505758 0.0475853 
0.503579 0.438139 0.509808 0.492644 0.507614 0.481604 0.0197259 0.0175219 0.016379 0.0180023 0.0184536 0.0193642 0.0664645 0.0693141 0.0702085 
0.529673 0.465864 0.540354 0.524292 0.535715 0.510199 -0.0207629 -0.0208864 -0.0374197 -0.030323 -0.0286897 -0.0217904 0.0842209 0.0790866 0.0881416 
0.316228 0.292988 0.601949 0.461158 0.479898 0.303805 -0.112197 -0.101331 -0.144102 -0.131254 -0.137749 -0.107391 0.0678054 0.083044 0.0761353 
0.382511 0.309361 0.203376 0.259306 0.303543 0.348703 0.00395745 0.000780619 0.000882273 0.00100219 0.00228574 0.00207551 0.0455495 0.0398149 0.0458748 
0.571787 0.429471 0.540782 0.498887 0.556746 0.521552 -0.0841005 -0.0780508 -0.0696009 -0.0768466 -0.0771605 -0.0866562 0.0907749 0.10263 0.094587 
0.881051 0.845898 0.476409 0.675776 0.724461 0.869473 -0.113838 -0.0592114 -0.112959 -0.109631 -0.120776 -0.0909609 0.00381811 0.0143216 -0.0246943 
0.408911 0.216555 0.340495 0.282528 0.377749 0.322944 -0.0222017 -0.00588889 -0.00585866 -0.00709579 -0.0130578 -0.0144404 0.0965308 0.0994906 0.0912367 
0.571787 0.508877 0.429471 0.469151 0.521552 0.552933 -0.0841005 -0.104103 -0.0780508 -0.0916385 -0.0866562 -0.0963299 0.0907749 0.0960533 0.10263 
0.359142 0.317851 0.468065 0.408462 0.423376 0.33923 -0.00109213 -0.000656461 -0.00129404 -0.000999978 -0.00134827 -0.000924016 0.0224083 0.0292732 0.0271152 
0.449223 0.468065 0.317851 0.408462 0.393894 0.459238 -0.000105897 -0.00129404 -0.000656461 -0.000999978 -0.000592568 -0.000780954 0.032663 0.0271152 0.0292732 
0.503579 0.481082 0.490668 0.504205 0.497936 0.50344 0.0197259 0.0163437 0.0202345 0.0192458 0.0202808 0.0187019 0.0664645 0.0615057 0.062871 
0.500191 0.458917 0.495115 0.495733 0.498688 0.490326 0.00776638 0.00289926 0.00465914 0.00413568 0.00620163 0.00529475 0.0440669 0.0380128 0.0405124 
0.500041 0.458917 0.490858 0.477636 0.497551 0.489462 0.002236 0.00289926 -2.64811e-05 0.00134284 0.000967489 0.00272245 0.0362885 0.0380128 0.0314855 
0.490858 0.458917 0.438658 0.449053 0.470501 0.477636 -2.64811e-05 0.00289926 0.000104471 0.00133261 7.13943e-05 0.00134284 0.0314855 0.0380128 0.0322041 
0.411108 0.216784 0.32565 0.275235 0.371308 0.327186 0.0104195 0.00285219 0.00680271 0.00484271 0.00882679 0.00645173 0.06806 0.068204 0.061484 
0.408911 0.340495 0.500642 0.438359 0.464579 0.377749 -0.0222017 -0.00585866 -0.0112632 -0.0100392 -0.0181395 -0.0130578 0.0965308 0.0912367 0.0862659 
0.02286 -0.0215233 0.014767 -0.0160733 0.0233283 -0.0108039 0.0453482 0.0593996 0.0201259 0.0479638 0.0341184 0.0603551 -0.00916313 -0.00140329 0.0034306 
0.656261 0.673207 0.617568 0.670969 0.635888 0.692322 -0.10964 -0.150263 -0.100245 -0.128868 -0.10571 -0.134544 0.0650247 0.0658914 0.0724796 
0.508877 0.480754 0.31217 0.394153 0.418443 0.49702 -0.104103 -0.123467 -0.0792557 -0.102926 -0.0958123 -0.114608 0.0960533 0.0883795 0.101916 
0.601949 0.617568 0.673207 0.670969 0.638357 0.654761 -0.144102 -0.100245 -0.150263 -0.128868 -0.147978 -0.129979 0.0761353 0.0724796 0.0658914 
0.411108 0.32565 0.481082 0.421919 0.452722 0.371308 0.0104195 0.00680271 0.0163437 0.0118113 0.0137585 0.00882679 0.06806 0.061484 0.0615057 
0.382511 0.454776 0.309361 0.39478 0.348703 0.422947 0.00395745 0.00233817 0.000780619 0.00155076 0.00207551 0.00332623 0.0455495 0.0387242 0.0398149 
0.596057 0.480754 0.508877 0.49702 0.557517 0.554456 -0.115508 -0.123467 -0.104103 -0.114608 -0.111843 -0.123891 0.0866207 0.0883795 0.0960533 
0.383034 0.302341 0.458917 0.39493 0.425809 0.344742 0.00382344 0.000768781 0.00289926 0.00177368 0.00359183 0.00201589 0.0428296 0.0374203 0.0380128 
0.382511 0.302743 0.457008 0.393821 0.424778 0.345186 0.00395745 0.00418147 0.0105006 0.00750656 0.00695756 0.00427892 0.0455495 0.0515062 0.0505758 
0.529673 0.500642 0.505766 0.525043 0.51944 0.525362 -0.0207629 -0.0112632 -0.00560112 -0.00975869 -0.0128301 -0.016536 0.0842209 0.0862659 0.07939 
0.352416 0.266527 0.438139 0.361851 0.397712 0.311281 0.0138426 0.00910784 0.0175219 0.0142531 0.0165188 0.0116868 0.0658115 0.0690142 0.0693141 
0.336894 0.254102 0.465864 0.36858 0.402664 0.29681 -0.000210584 -0.00266104 -0.0208864 -0.0100263 -0.00844419 -0.00178936 0.0749607 0.0746067 0.0790866 
0.352416 0.311549 0.175107 0.246738 0.271263 0.332758 0.0138426 0.00913502 0.00375335 0.0066363 0.00874489 0.0116357 0.0658115 0.0612902 0.0661875 
0.382511 0.203376 0.302743 0.256468 0.345186 0.303543 0.00395745 0.000882273 0.00418147 0.00221411 0.00427892 0.00228574 0.0455495 0.0458748 0.0515062 
0.352416 0.446361 0.311549 0.387992 0.332758 0.404495 0.0138426 0.0178779 0.00913502 0.0140538 0.0116357 0.0164223 0.0658115 0.0615607 0.0612902 
0.336894 0.276322 0.147512 0.213163 0.244062 0.305088 -0.000210584 0.00632258 0.00129582 0.00312404 0.00139695 0.00389628 0.0749607 0.0730823 0.0740237 
0.352416 0.175107 0.266527 0.223002 0.311281 0.271263 0.0138426 0.00375335 0.00910784 0.00642601 0.0116868 0.00874489 0.0658115 0.0661875 0.0690142 
0.440071 0.317131 0.181847 0.25325 0.313757 0.375431 -0.0449649 -0.0180645 -0.00763653 -0.0135803 -0.0230719 -0.0297903 0.0727061 0.0737084 0.068824 
0.336894 0.147512 0.254102 0.199099 0.29681 0.244062 -0.000210584 0.00129582 -0.00266104 0.000146973 -0.00178936 0.00139695 0.0749607 0.0740237 0.0746067 
0.431951 0.311549 0.446361 0.387992 0.439345 0.378624 0.013635 0.00913502 0.0178779 0.0140538 0.0159031 0.0119624 0.0566032 0.0612902 0.0615607 
0.336894 0.440332 0.276322 0.364512 0.305088 0.392857 -0.000210584 0.00369729 0.00632258 0.00648605 0.00389628 0.00146391 0.0749607 0.0755444 0.0730823 
0.410838 0.276322 0.440332 0.364512 0.424864 0.348889 0.0121922 0.00632258 0.00369729 0.00648605 0.00853153 0.00939768 0.0723602 0.0730823 0.0755444 
0.38958 0.462667 0.48693 0.476379 0.45012 0.430955 -0.000879858 -0.000896558 -0.00155455 -0.00120847 -0.00124864 -0.000917979 0.010872 0.00580805 0.0127377 
0.499986 0.48693 0.462667 0.476379 0.490514 0.496644 -0.00127863 -0.00155455 -0.000896558 -0.00120847 -0.00111636 -0.00143932 0.00844648 0.0127377 0.00580805 
0.440071 0.530778 0.317131 0.436045 0.375431 0.492961 -0.0449649 -0.0604713 -0.0180645 -0.0373982 -0.0297903 -0.0542916 0.0727061 0.0798717 0.0737084 
0.460971 0.317131 0.530778 0.436045 0.495093 0.396829 -0.033037 -0.0180645 -0.0604713 -0.0373982 -0.0459485 -0.0262969 0.0787199 0.0737084 0.0798717 
0.408911 0.480467 0.298148 0.398537 0.358498 0.446251 -0.0222017 -0.0493132 -0.0253987 -0.0399807 -0.0251936 -0.0350578 0.0965308 0.0982906 0.104909 
0.478585 0.366196 0.490361 0.442455 0.485419 0.431652 0.00218628 0.00533275 0.0113687 0.00809242 0.00722597 0.00468836 0.0805017 0.0764259 0.0736362 
0.411108 0.490361 0.366196 0.442455 0.390501 0.457757 0.0104195 0.0113687 0.00533275 0.00809242 0.0080747 0.011647 0.06806 0.0736362 0.0764259 
0.454323 0.335948 0.466766 0.413687 0.46071 0.403282 0.0125642 0.00497373 0.0102189 0.0077845 0.011596 0.00863399 0.0548218 0.0493176 0.0489068 
0.383034 0.466766 0.335948 0.413687 0.360394 0.430566 0.00382344 0.0102189 0.00497373 0.0077845 0.00457925 0.00674443 0.0428296 0.0489068 0.0493176 
0.500627 0.497313 0.457008 0.494641 0.487659 0.50038 0.0141118 0.0105859 0.0105006 0.0114221 0.0127782 0.0124029 0.0518181 0.0475853 0.0505758 
0.440071 0.360865 0.617568 0.511499 0.535177 0.403964 -0.0449649 -0.0325561 -0.100245 -0.0646841 -0.070543 -0.0396116 0.0727061 0.0668485 0.0724796 
0.508263 0.509808 0.438139 0.492644 0.482374 0.510448 0.0137721 0.016379 0.0175219 0.0180023 0.0166648 0.0152685 0.072846 0.0702085 0.0693141 
0.449223 0.454776 0.496384 0.481428 0.479639 0.452193 -0.000105897 0.00233817 0.000139177 0.00122266 1.05348e-06 0.000960421 0.032663 0.0387242 0.0322008 
0.549412 0.540354 0.465864 0.524292 0.523524 0.544841 -0.0486285 -0.0374197 -0.0208864 -0.030323 -0.0346587 -0.0430166 0.0882088 0.0881416 0.0790866 
3.49599e-34 0.21487 0.293954 0.256095 0.162942 0.114738 -8.77314e-35 -0.000266867 -0.000678552 -0.000455574 -0.000226963 -0.00010521 0.0176689 0.0117473 0.0169099 
0.500041 0.496384 0.454776 0.481428 0.489027 0.499231 0.002236 0.000139177 0.00233817 0.00122266 0.00245814 0.00108368 0.0362885 0.0322008 0.0387242 
1.66003e-34 3.43601e-34 0.215404 0.115433 0.115251 5.57709e-35 5.73828e-35 8.65564e-35 -0.000256849 -0.000101334 -6.43715e-05 1.44486e-34 0.011718 0.0177482 0.0113154 
0.215404 3.43601e-34 0.295277 0.163915 0.256899 0.115433 -0.000256849 8.65564e-35 -0.000664609 -0.000221411 -0.000444115 -0.000101334 0.0113154 0.0177482 0.0167773 
0.478585 0.516598 0.500642 0.513404 0.490301 0.505503 0.00218628 0.00604006 -0.0112632 -0.00204079 -0.0039106 0.00391749 0.0805017 0.0772729 0.0862659 
0.383034 0.196313 0.302341 0.25215 0.344742 0.300142 0.00382344 0.000769427 0.000768781 0.000936294 0.00201589 0.00214031 0.0428296 0.0426099 0.0374203 
0.51626 0.500642 0.516598 0.513404 0.51825 0.52085 0.00045262 -0.0112632 0.00604006 -0.00204079 0.00347917 -0.00555334 0.0786811 0.0862659 0.0772729 
0.501542 0.490668 0.481082 0.504205 0.500501 0.497571 0.019043 0.0202345 0.0163437 0.0192458 0.0183777 0.0198112 0.0593582 0.062871 0.0615057 
0.500041 0.495115 0.458917 0.495733 0.489462 0.498937 0.002236 0.00465914 0.00289926 0.00413568 0.00272245 0.0034089 0.0362885 0.0405124 0.0380128 
0.014767 -0.0215233 -0.0498473 -0.0345656 -0.0289039 -0.0160733 0.0201259 0.0593996 0.0366881 0.0488032 0.0345894 0.0479638 0.0034306 -0.00140329 0.00575347 
1.12523e-33 0.8442 0.842934 0.843798 0.513035 0.512338 1.02364e-33 -0.00211104 -0.00525385 -0.00329486 -0.00152504 -0.00103856 0.209476 0.231362 0.177 
0.440071 0.181847 0.360865 0.265804 0.403964 0.313757 -0.0449649 -0.00763653 -0.0325561 -0.0176249 -0.0396116 -0.0230719 0.0727061 0.068824 0.0668485 
0.309361 0.155265 0.203376 0.180063 0.259306 0.238179 0.000780619 0.000159604 0.000882273 0.000442031 0.00100219 0.000423783 0.0398149 0.0399459 0.0458748 
0.383034 0.335948 0.196313 0.270073 0.300142 0.360394 0.00382344 0.00497373 0.000769427 0.0023898 0.00214031 0.00457925 0.0428296 0.0493176 0.0426099 
0.503579 0.448912 0.438139 0.4434 0.481604 0.483973 0.0197259 0.0191237 0.0175219 0.0185129 0.0193642 0.0202069 0.0664645 0.065799 0.0693141 
0.529673 0.458967 0.465864 0.461394 0.510199 0.505414 -0.0207629 -0.00801783 -0.0208864 -0.0143521 -0.0217904 -0.0140984 0.0842209 0.0780504 0.0790866 
0.500191 0.467716 0.457008 0.462714 0.488835 0.491468 0.00776638 0.00630678 0.0105006 0.00836898 0.00957711 0.00726747 0.0440669 0.0445841 0.0505758 
0.411108 0.366196 0.216784 0.297705 0.327186 0.390501 0.0104195 0.00533275 0.00285219 0.00459938 0.00645173 0.0080747 0.06806 0.0764259 0.068204 
2.77482e-34 0.272417 0.21487 0.244446 0.115099 0.149506 -2.97323e-35 -0.000324628 -0.000266867 -0.000309332 -6.04714e-05 -9.42037e-05 0.00598147 0.00701389 0.0117473 
0.51626 0.505766 0.500642 0.525043 0.52085 0.512154 0.00045262 -0.00560112 -0.0112632 -0.00975869 -0.00555334 -0.00257608 0.0786811 0.07939 0.0862659 
0.449223 0.361024 0.454776 0.414608 0.452193 0.410597 -0.000105897 -1.86333e-05 0.00233817 0.0008872 0.000960421 -4.1128e-05 0.032663 0.0346319 0.0387242 
0.309361 0.454776 0.361024 0.414608 0.336282 0.39478 0.000780619 0.00233817 -1.86333e-05 0.0008872 0.000398991 0.00155076 0.0398149 0.0387242 0.0346319 
0.38958 0.441624 0.293954 0.379034 0.345438 0.417701 -0.000879858 -0.00154509 -0.000678552 -0.00113805 -0.000820041 -0.00122028 0.010872 0.0177619 0.0169099 
0.408911 0.298148 0.216555 0.262117 0.322944 0.358498 -0.0222017 -0.0253987 -0.00588889 -0.014115 -0.0144404 -0.0251936 0.0965308 0.104909 0.0994906 
0.316228 0.601949 0.526607 0.571076 0.423619 0.479898 -0.112197 -0.144102 -0.147218 -0.148553 -0.132307 -0.137749 0.0678054 0.0761353 0.0634836 
3.49599e-34 1.66625e-34 0.21487 0.114926 0.114738 5.40206e-35 -8.77314e-35 -5.88079e-35 -0.000266867 -6.65779e-05 -0.00010521 -1.45964e-34 0.0176689 0.0118964 0.0117473 
0.014767 -0.0738251 0.0607558 -0.0315873 0.0367502 -0.0387454 0.0201259 0.0112476 -0.0224032 0.00471463 -0.00263734 0.0200992 0.0034306 0.016639 0.0154584 
0.340495 0.216555 0.171884 0.19651 0.263855 0.282528 -0.00585866 -0.00588889 -0.00126052 -0.00320121 -0.00336194 -0.00709579 0.0912367 0.0994906 0.0918162 
0.454548 0.540782 0.429471 0.498887 0.443045 0.504898 -0.0653497 -0.0696009 -0.0780508 -0.0768466 -0.0718318 -0.0693015 0.101469 0.094587 0.10263 
0.353041 0.293954 0.441624 0.379034 0.402309 0.324769 -0.00106858 -0.000678552 -0.00154509 -0.00113805 -0.00135879 -0.000900001 0.0228431 0.0169099 0.0177619 
0.258964 0.326371 0.0607558 0.173157 0.150582 0.291655 -0.0886516 -0.0860779 -0.0224032 -0.0484195 -0.055344 -0.0870623 0.0288591 0.0101019 0.0154584 
0.454323 0.499144 0.481082 0.492531 0.468533 0.483746 0.0125642 0.0162421 0.0163437 0.016819 0.0146082 0.0147104 0.0548218 0.0552194 0.0615057 
0.478585 0.500642 0.399352 0.458922 0.444459 0.490301 0.00218628 -0.0112632 -0.000364745 -0.00528941 0.000654874 -0.0039106 0.0805017 0.0862659 0.084265 
0.501542 0.481082 0.499144 0.492531 0.502443 0.500501 0.019043 0.0163437 0.0162421 0.016819 0.0178451 0.0183777 0.0593582 0.0615057 0.0552194 
0.302341 0.33956 0.458917 0.408438 0.39493 0.32132 0.000768781 -0.000169314 0.00289926 0.000927442 0.00177368 0.000288893 0.0374203 0.0322482 0.0380128 
0.0195778 0.109841 0.279288 0.186539 0.132021 0.0624566 -0.0398138 -0.0643661 -0.103644 -0.0839277 -0.0693556 -0.0523213 0.0525538 0.0680081 0.0496542 
0.995216 0.984052 0.744799 0.90857 0.917191 0.992107 -0.0353022 -0.0612178 -0.0321687 -0.0484238 -0.0395075 -0.049375 0.0876166 0.0569426 0.0698687 
0.302743 0.349476 0.457008 0.411093 0.393821 0.327353 0.00418147 0.00831007 0.0105006 0.00991789 0.00750656 0.00610491 0.0515062 0.0559123 0.0505758 
0.438658 0.458917 0.33956 0.408438 0.394929 0.449053 0.000104471 0.00289926 -0.000169314 0.000927442 -4.27555e-05 0.00133261 0.0322041 0.0380128 0.0322482 
0.340495 0.399352 0.500642 0.458922 0.438359 0.372048 -0.00585866 -0.000364745 -0.0112632 -0.00528941 -0.0100392 -0.00331772 0.0912367 0.084265 0.0862659 
0.266527 0.313211 0.438139 0.381967 0.361851 0.289934 0.00910784 0.0105022 0.0175219 0.0142126 0.0142531 0.0101564 0.0690142 0.0712127 0.0693141 
0.254102 0.330776 0.465864 0.405124 0.36858 0.290857 -0.00266104 -0.0132005 -0.0208864 -0.0180223 -0.0100263 -0.00699123 0.0746067 0.0754626 0.0790866 
0.405201 0.380218 0.27367 0.331156 0.346411 0.393023 -0.000956393 -0.000514746 -0.000323216 -0.000430108 -0.000603985 -0.000710816 0.0109249 0.00408506 0.0069174 
0.431951 0.457008 0.349476 0.411093 0.394601 0.445355 0.013635 0.0105006 0.00831007 0.00991789 0.0110627 0.0122091 0.0566032 0.0505758 0.0559123 
0.410838 0.438139 0.313211 0.381967 0.36445 0.424867 0.0121922 0.0175219 0.0105022 0.0142126 0.0118947 0.0152372 0.0723602 0.0693141 0.0712127 
0.460971 0.465864 0.330776 0.405124 0.399092 0.462839 -0.033037 -0.0208864 -0.0132005 -0.0180223 -0.0221286 -0.0269767 0.0787199 0.0790866 0.0754626 
0.32565 0.216784 0.158764 0.187974 0.248723 0.275235 0.00680271 0.00285219 0.00154039 0.00215936 0.00387739 0.00484271 0.061484 0.068204 0.0610293 
0.38958 0.272417 0.379895 0.330404 0.384834 0.336302 -0.000879858 -0.000324628 -0.000516523 -0.000430797 -0.000681624 -0.000573345 0.010872 0.00701389 0.00416554 
0.601949 0.292988 0.480754 0.393939 0.541818 0.461158 -0.144102 -0.101331 -0.123467 -0.116138 -0.135356 -0.131254 0.0761353 0.083044 0.0883795 
0.546392 0.326371 0.258964 0.291655 0.397143 0.444295 -0.143023 -0.0860779 -0.0886516 -0.0870623 -0.117948 -0.119688 0.0298059 0.0101019 0.0288591 
-9.69769e-35 -1.25146e-34 -0.0738251 -0.0698342 -0.0609368 5.57072e-36 -3.8992e-35 -1.14325e-34 0.0112476 0.00447903 0.00722796 -1.70707e-34 0.0103114 0.0244682 0.016639 
0.405201 0.467079 0.380218 0.430423 0.393023 0.440142 -0.000956393 -0.000892629 -0.000514746 -0.000705529 -0.000710816 -0.000949666 0.0109249 0.00541825 0.00408506 
0.38958 0.379895 0.462667 0.427169 0.430955 0.384834 -0.000879858 -0.000516523 -0.000896558 -0.000705381 -0.000917979 -0.000681624 0.010872 0.00416554 0.00580805 
0.454323 0.481082 0.3743 0.437929 0.419294 0.468533 0.0125642 0.0163437 0.00847121 0.0126078 0.0106732 0.0146082 0.0548218 0.0615057 0.0560606 
0.503579 0.491404 0.481082 0.486357 0.50344 0.506246 0.0197259 0.0158906 0.0163437 0.0166317 0.0187019 0.0181403 0.0664645 0.0676505 0.0615057 
0.32565 0.3743 0.481082 0.437929 0.421919 0.35118 0.00680271 0.00847121 0.0163437 0.0126078 0.0118113 0.00781399 0.061484 0.0560606 0.0615057 
0.00370224 0.0607558 -0.0738251 -0.0315873 -0.0504802 0.0307141 -0.0268682 -0.0224032 0.0112476 0.00471463 -0.00242569 -0.0246658 0.0324862 0.0154584 0.016639 
0.316228 0.279288 0.109841 0.186539 0.207407 0.298589 -0.112197 -0.103644 -0.0643661 -0.0839277 -0.0887847 -0.109202 0.0678054 0.0496542 0.0680081 
1.66625e-34 2.77482e-34 0.21487 0.115099 0.114926 5.46014e-35 -5.88079e-35 -2.97323e-35 -0.000266867 -6.04714e-05 -6.65779e-05 -8.8218e-35 0.0118964 0.00598147 0.0117473 
0.500191 0.469155 0.458917 0.464023 0.490326 0.493034 0.00776638 0.0065273 0.00289926 0.00455407 0.00529475 0.0074066 0.0440669 0.0434486 0.0380128 
0.360865 0.491425 0.617568 0.568885 0.511499 0.424714 -0.0325561 -0.0595781 -0.100245 -0.0811244 -0.0646841 -0.0449281 0.0668485 0.0643951 0.0724796 
8.62251e-34 1.12523e-33 0.842934 0.513035 0.509819 -4.15571e-35 8.02751e-34 1.02364e-33 -0.00525385 -0.00152504 -0.00212504 1.83203e-33 0.16449 0.209476 0.177 
0.656261 0.617568 0.491425 0.568885 0.585918 0.635888 -0.10964 -0.100245 -0.0595781 -0.0811244 -0.0846998 -0.10571 0.0650247 0.0724796 0.0643951 
0.298148 0.480467 0.328131 0.413756 0.313879 0.398537 -0.0253987 -0.0493132 -0.0440443 -0.0499027 -0.034269 -0.0399807 0.104909 0.0982906 0.106399 
0.00370224 -0.0661645 0.0195778 -0.0394528 0.0104907 -0.0477329 -0.0268682 -0.00774824 -0.0398138 -0.0204595 -0.0346511 -0.0158659 0.0324862 0.0479671 0.0525538 
0.317131 0.114986 0.181847 0.145901 0.25325 0.215184 -0.0180645 -0.00236331 -0.00763653 -0.00470322 -0.0135803 -0.00839045 0.0737084 0.0713203 0.068824 
0.276322 0.109137 0.147512 0.128044 0.213163 0.194717 0.00632258 0.00143116 0.00129582 0.00139772 0.00312404 0.00378524 0.0730823 0.0732655 0.0740237 
0.311549 0.135485 0.175107 0.156215 0.246738 0.230532 0.00913502 0.0018204 0.00375335 0.0026784 0.0066363 0.00515395 0.0612902 0.0622727 0.0661875 
0.254102 0.147512 0.105054 0.126002 0.179213 0.199099 -0.00266104 0.00129582 -0.000154296 0.000349485 -0.00101204 0.000146973 0.0746067 0.0740237 0.0740694 
0.266527 0.175107 0.121536 0.148195 0.197349 0.223002 0.00910784 0.00375335 0.00212639 0.00291196 0.00530229 0.00642601 0.0690142 0.0661875 0.0694855 
0.302743 0.203376 0.144959 0.174818 0.229902 0.256468 0.00418147 0.000882273 0.00092735 0.000967889 0.00239031 0.00221411 0.0515062 0.0458748 0.0519035 
0.707646 0.995216 0.744799 0.917191 0.7302 0.909409 -0.0141311 -0.0353022 -0.0321687 -0.0395075 -0.0211984 -0.025056 0.108311 0.0876166 0.0698687 
0.460971 0.530778 0.551141 0.544533 0.516334 0.495093 -0.033037 -0.0604713 -0.0558982 -0.0591189 -0.0446005 -0.0459485 0.0787199 0.0798717 0.0854588 
0.410838 0.440332 0.491735 0.46997 0.457184 0.424864 0.0121922 0.00369729 0.0102878 0.00712939 0.0119107 0.00853153 0.0723602 0.0755444 0.0744761 
0.571787 0.551141 0.530778 0.544533 0.573289 0.567907 -0.0841005 -0.0558982 -0.0604713 -0.0591189 -0.0750856 -0.0700038 0.0907749 0.0854588 0.0798717 
0.431951 0.446361 0.49004 0.472348 0.466766 0.439345 0.013635 0.0178779 0.0167892 0.0177762 0.0156113 0.0159031 0.0566032 0.0615607 0.0559694 
0.51626 0.491735 0.440332 0.46997 0.489712 0.505472 0.00045262 0.0102878 0.00369729 0.00712939 0.00224471 0.00593436 0.0786811 0.0744761 0.0755444 
0.501542 0.49004 0.446361 0.472348 0.483533 0.496843 0.019043 0.0167892 0.0178779 0.0177762 0.0192028 0.0181685 0.0593582 0.0559694 0.0615607 
0.460971 0.551141 0.465864 0.513309 0.462839 0.516334 -0.033037 -0.0558982 -0.0208864 -0.0365751 -0.0269767 -0.0446005 0.0787199 0.0854588 0.0790866 
0.410838 0.491735 0.438139 0.466579 0.424867 0.457184 0.0121922 0.0102878 0.0175219 0.0153495 0.0152372 0.0119107 0.0723602 0.0744761 0.0693141 
0.431951 0.49004 0.457008 0.476043 0.445355 0.466766 0.013635 0.0167892 0.0105006 0.013809 0.0122091 0.0156113 0.0566032 0.0559694 0.0505758 
0.549412 0.465864 0.551141 0.513309 0.551729 0.523524 -0.0486285 -0.0208864 -0.0558982 -0.0365751 -0.0526016 -0.0346587 0.0882088 0.0790866 0.0854588 
0.508263 0.438139 0.491735 0.466579 0.501819 0.482374 0.0137721 0.0175219 0.0102878 0.0153495 0.0121661 0.0166648 0.072846 0.0693141 0.0744761 
0.500627 0.457008 0.49004 0.476043 0.497285 0.487659 0.0141118 0.0105006 0.0167892 0.013809 0.0155943 0.0127782 0.0518181 0.0505758 0.0559694 
-0.0356441 -0.0498473 -0.0215233 -0.0345656 -0.0294234 -0.0447619 0.0382659 0.0366881 0.0593996 0.0488032 0.0499847 0.0398009 0.00496524 0.00575347 -0.00140329 
2.77196e-34 0.215404 0.27367 0.245377 0.150148 0.11508 2.83794e-35 -0.000256849 -0.000323216 -0.000301432 -9.49269e-05 -6.04085e-05 0.00582804 0.0113154 0.0069174 
8.21344e-34 1.07341e-33 0.836015 0.515063 0.505396 1.08878e-34 -5.36904e-34 -3.01642e-34 -0.020951 -0.007403 -0.00488655 -7.8837e-34 0.111278 0.0537106 0.0798259 
0.529673 0.507727 0.500642 0.504307 0.525362 0.529975 -0.0207629 -0.0290153 -0.0112632 -0.0191797 -0.016536 -0.0260498 0.0842209 0.0914365 0.0862659 
0.644173 0.728136 0.474258 0.638222 0.559952 0.705016 -0.0877996 -0.133583 -0.0527702 -0.0948758 -0.0695374 -0.113707 0.0531848 0.0575069 0.0586111 
0.656261 0.474258 0.728136 0.638222 0.693889 0.587859 -0.10964 -0.0527702 -0.133583 -0.0948758 -0.121779 -0.0830225 0.0650247 0.0586111 0.0575069 
0.989605 0.842934 0.8442 0.843798 0.978431 0.978176 -0.00471069 -0.00525385 -0.00211104 -0.00329486 -0.00379962 -0.00606007 0.199075 0.177 0.231362 
0.215445 0.31217 0.480754 0.394153 0.349854 0.265666 -0.0743289 -0.0792557 -0.123467 -0.102926 -0.103135 -0.0781098 0.0944567 0.101916 0.0883795 
0.431951 0.349476 0.311549 0.331122 0.378624 0.394601 0.013635 0.00831007 0.00913502 0.00890068 0.0119624 0.0110627 0.0566032 0.0559123 0.0612902 
0.410838 0.313211 0.276322 0.294717 0.348889 0.36445 0.0121922 0.0105022 0.00632258 0.00842488 0.00939768 0.0118947 0.0723602 0.0712127 0.0730823 
0.460971 0.330776 0.317131 0.323516 0.396829 0.399092 -0.033037 -0.0132005 -0.0180645 -0.0160223 -0.0262969 -0.0221286 0.0787199 0.0754626 0.0737084 
0.454548 0.328131 0.480467 0.413756 0.46886 0.394055 -0.0653497 -0.0440443 -0.0493132 -0.0499027 -0.0572639 -0.0563085 0.101469 0.106399 0.0982906 
0.302341 0.196313 0.142017 0.16941 0.227839 0.25215 0.000768781 0.000769427 0.000122565 0.000376792 0.000381087 0.000936294 0.0374203 0.0426099 0.0370495 
0.449223 0.317851 0.361024 0.340311 0.410597 0.393894 -0.000105897 -0.000656461 -1.86333e-05 -0.000454439 -4.1128e-05 -0.000592568 0.032663 0.0292732 0.0346319 
0.499488 0.441624 0.48693 0.468318 0.495316 0.482526 -0.00195182 -0.00154509 -0.00155455 -0.00160404 -0.00180977 -0.00182819 0.0192272 0.0177619 0.0127377 
0.499488 0.48693 0.488812 0.49997 0.498266 0.495316 -0.00195182 -0.00155455 -0.00166374 -0.00167752 -0.00186868 -0.00180977 0.0192272 0.0127377 0.0142796 
0.360865 0.181847 0.142656 0.163144 0.251286 0.265804 -0.0325561 -0.00763653 -0.00575657 -0.00697174 -0.0166326 -0.0176249 0.0668485 0.068824 0.0639419 
0.335948 0.148078 0.196313 0.172633 0.270073 0.250167 0.00497373 0.000839766 0.000769427 0.000854844 0.0023898 0.00259198 0.0493176 0.0484032 0.0426099 
0.881051 0.964095 0.845898 0.954555 0.869473 0.951761 -0.113838 -0.0844588 -0.0592114 -0.084719 -0.0909609 -0.103864 0.00381811 0.0398653 0.0143216 
1.12523e-33 9.52542e-34 0.8442 0.513656 0.512338 -3.2113e-35 1.02364e-33 1.25062e-33 -0.00211104 -0.000712379 -0.00103856 2.27772e-33 0.209476 0.255351 0.231362 
-1.85109e-35 0.0345146 0.0661446 0.0473309 -0.0111191 -0.00735944 -4.51111e-34 -0.0212633 -0.0457013 -0.033188 -0.0137817 -0.00640427 0.0856132 0.0943853 0.0812536 
0.359142 0.194824 0.317851 0.260309 0.33923 0.28493 -0.00109213 -0.000319629 -0.000656461 -0.000505557 -0.000924016 -0.000684378 0.0224083 0.0254004 0.0292732 
0.62616 0.546392 0.756257 0.673361 0.711991 0.584576 -0.146035 -0.143023 -0.158261 -0.158567 -0.158543 -0.144731 0.0217556 0.0298059 0.0422674 
0.454323 0.3743 0.335948 0.355265 0.403282 0.419294 0.0125642 0.00847121 0.00497373 0.00671129 0.00863399 0.0106732 0.0548218 0.0560606 0.0493176 
0.820634 0.62616 0.756257 0.711991 0.787455 0.749527 -0.150901 -0.146035 -0.158261 -0.158543 -0.155856 -0.155833 0.0330697 0.0217556 0.0422674 
0.571787 0.593261 0.508877 0.57293 0.552933 0.583324 -0.0841005 -0.0926269 -0.104103 -0.103216 -0.0963299 -0.088878 0.0907749 0.0858642 0.0960533 
0.596057 0.508877 0.593261 0.57293 0.599113 0.557517 -0.115508 -0.104103 -0.0926269 -0.103216 -0.104578 -0.111843 0.0866207 0.0960533 0.0858642 
0.014767 -0.0498473 -0.0738251 -0.0630296 -0.0387454 -0.0289039 0.0201259 0.0366881 0.0112476 0.0235503 0.0200992 0.0345894 0.0034306 0.00575347 0.016639 
8.81969e-34 7.35839e-34 0.707646 0.40637 0.396701 2.14722e-34 4.09679e-34 5.94812e-34 -0.0141311 -0.00408778 -0.00560918 1.02302e-33 0.0871446 0.122493 0.108311 
0.366196 0.165509 0.216784 0.192262 0.297705 0.276863 0.00533275 0.00121014 0.00285219 0.00199874 0.00459938 0.00314864 0.0764259 0.0757305 0.068204 
0.478585 0.399352 0.366196 0.384136 0.431652 0.444459 0.00218628 -0.000364745 0.00533275 0.00316411 0.00468836 0.000654874 0.0805017 0.084265 0.0764259 
0.500627 0.499144 0.466766 0.487092 0.494134 0.501121 0.0141118 0.0162421 0.0102189 0.0133438 0.0125535 0.0153436 0.0518181 0.0552194 0.0489068 
0.454323 0.466766 0.499144 0.487092 0.483746 0.46071 0.0125642 0.0102189 0.0162421 0.0133438 0.0147104 0.011596 0.0548218 0.0489068 0.0552194 
0.298148 0.137692 0.216555 0.177909 0.262117 0.222531 -0.0253987 -0.00549127 -0.00588889 -0.00607544 -0.014115 -0.0146347 0.104909 0.106417 0.0994906 
0.353041 0.286015 0.184947 0.237908 0.276809 0.321028 -0.00106858 -0.000517577 -0.000302597 -0.000436543 -0.000665242 -0.000820495 0.0228431 0.02835 0.0249408 
0.894136 0.613994 0.928215 0.823661 0.914046 0.830612 -0.130166 -0.0517166 -0.108303 -0.0845202 -0.119632 -0.0951975 0.0280169 0.0461734 0.0311234 
0.49849 0.490858 0.431693 0.468059 0.477419 0.495465 -0.00119181 -2.64811e-05 -0.00099574 -0.000633718 -0.00112067 -0.000674095 0.0273976 0.0314855 0.0278851 
0.405201 0.27367 0.215404 0.245377 0.323023 0.346411 -0.000956393 -0.000323216 -0.000256849 -0.000301432 -0.000603688 -0.000603985 0.0109249 0.0069174 0.0113154 
0.489794 0.408113 0.467079 0.441272 0.480052 0.459178 -0.000708701 -0.000472741 -0.000892629 -0.000637646 -0.000770973 -0.000616681 -1.13163e-05 -2.37639e-05 0.00541825 
0.408185 0.489764 0.462667 0.478339 0.43847 0.459158 -0.000473963 -0.000708565 -0.000896558 -0.000773946 -0.000637055 -0.000616329 2.39077e-05 1.10443e-05 0.00580805 
0.508263 0.516598 0.490361 0.507391 0.510735 0.514166 0.0137721 0.00604006 0.0113687 0.00934385 0.0127934 0.0102194 0.072846 0.0772729 0.0736362 
0.478585 0.490361 0.516598 0.507391 0.505503 0.485419 0.00218628 0.0113687 0.00604006 0.00934385 0.00391749 0.00722597 0.0805017 0.0736362 0.0772729 
0.499488 0.488812 0.474058 0.482203 0.495209 0.498266 -0.00195182 -0.00166374 -0.00176167 -0.00179041 -0.00192275 -0.00186868 0.0192272 0.0142796 0.0212744 
2.77196e-34 1.66003e-34 0.215404 0.115251 0.11508 5.52007e-35 2.83794e-35 5.73828e-35 -0.000256849 -6.43715e-05 -6.04085e-05 8.60647e-35 0.00582804 0.011718 0.0113154 
8.81969e-34 0.707646 0.744799 0.7302 0.436321 0.396701 4.09679e-34 -0.0141311 -0.0321687 -0.0211984 -0.00988886 -0.00560918 0.0871446 0.108311 0.0698687 
0.00370224 -0.0738251 -0.0773665 -0.0794158 -0.0586579 -0.0504802 -0.0268682 0.0112476 -0.000633254 0.00314078 -0.0084997 -0.00242569 0.0324862 0.016639 0.0325992 
-1.25146e-34 -0.0773665 -0.0738251 -0.0794158 -0.0698342 -0.0557758 -1.14325e-34 -0.000633254 0.0112476 0.00314078 0.00447903 0.00144289 0.0244682 0.0325992 0.016639 
0.38958 0.293954 0.21487 0.256095 0.312389 0.345438 -0.000879858 -0.000678552 -0.000266867 -0.000455574 -0.000576367 -0.000820041 0.010872 0.0169099 0.0117473 
0.49849 0.431693 0.47648 0.456962 0.490727 0.477419 -0.00119181 -0.00099574 -0.00167697 -0.00138167 -0.00153534 -0.00112067 0.0273976 0.0278851 0.0235136 
0.995216 0.845898 0.984052 0.963602 0.992107 0.969928 -0.0353022 -0.0592114 -0.0612178 -0.0701805 -0.049375 -0.0525501 0.0876166 0.0143216 0.0569426 
0.38958 0.21487 0.272417 0.244446 0.336302 0.312389 -0.000879858 -0.000266867 -0.000324628 -0.000309332 -0.000573345 -0.000576367 0.010872 0.0117473 0.00701389 
0.549412 0.540782 0.480467 0.512799 0.53199 0.551034 -0.0486285 -0.0696009 -0.0493132 -0.0597287 -0.051817 -0.0594945 0.0882088 0.094587 0.0982906 
0.454548 0.480467 0.540782 0.512799 0.504898 0.46886 -0.0653497 -0.0493132 -0.0696009 -0.0597287 -0.0693015 -0.0572639 0.101469 0.0982906 0.094587 
0.405201 0.215404 0.295277 0.256899 0.355504 0.323023 -0.000956393 -0.000256849 -0.000664609 -0.000444115 -0.000853161 -0.000603688 0.0109249 0.0113154 0.0167773 
0.488812 0.42899 0.474058 0.454299 0.482203 0.465388 -0.00166374 -0.00140945 -0.00176167 -0.00162943 -0.00179041 -0.0015764 0.0142796 0.0171139 0.0212744 
3.3878e-34 0.205066 0.317851 0.264958 0.178927 0.109386 1.47376e-34 -0.000100348 -0.000656461 -0.000313666 -0.000223962 -8.34248e-05 0.0301469 0.0345158 0.0292732 
2.77196e-34 0.27367 0.180906 0.229237 0.0955178 0.150148 2.83794e-35 -0.000323216 -0.000113272 -0.000200525 -4.03377e-05 -9.49269e-05 0.00582804 0.0069174 0.00362639 
3.3878e-34 0.317851 0.194824 0.260309 0.103628 0.178927 1.47376e-34 -0.000656461 -0.000319629 -0.000505557 -0.000108928 -0.000223962 0.0301469 0.0292732 0.0254004 
-9.69769e-35 -0.0738251 -0.0501758 -0.0677601 -0.0363545 -0.0609368 -3.8992e-35 0.0112476 0.0170534 0.0165718 0.0054085 0.00722796 0.0103114 0.016639 0.00849304 
3.49599e-34 0.293954 0.202884 0.25043 0.1081 0.162942 -8.77314e-35 -0.000678552 -0.00036614 -0.000531439 -0.000112906 -0.000226963 0.0176689 0.0169099 0.0213322 
0.894136 0.843304 0.613994 0.769464 0.830612 0.874922 -0.130166 -0.11979 -0.0517166 -0.088237 -0.0951975 -0.126464 0.0280169 0.0380431 0.0461734 
0.405201 0.295277 0.42899 0.370798 0.417498 0.355504 -0.000956393 -0.000664609 -0.00140945 -0.00105405 -0.00119556 -0.000853161 0.0109249 0.0167773 0.0171139 
8.21344e-34 0.836015 0.702839 0.773815 0.405659 0.505396 -5.36904e-34 -0.020951 -0.00774619 -0.0119931 -0.00264525 -0.00488655 0.111278 0.0798259 0.120595 
0.75 1 0.937296 0.984304 0.859268 0.9375 -3.56846e-37 -6.67445e-37 -0.00062069 -0.000464403 -0.000336357 -1.27516e-36 0.349054 0.348484 0.308447 
4.60194e-34 0.310456 0.474258 0.399251 0.232424 0.140889 2.3242e-34 -0.0224357 -0.0527702 -0.036976 -0.0141236 -0.00542889 0.0533832 0.0519571 0.0586111 
0.836015 0.845898 0.995216 0.969928 0.969722 0.840022 -0.020951 -0.0592114 -0.0353022 -0.0525501 -0.0337085 -0.0311061 0.0798259 0.0143216 0.0876166 
0.359142 0.42899 0.295277 0.370798 0.328666 0.397061 -0.00109213 -0.00140945 -0.000664609 -0.00105405 -0.000892497 -0.00129406 0.0224083 0.0171139 0.0167773 
0.215445 0.0661446 0.0345146 0.0473309 0.110968 0.137865 -0.0743289 -0.0457013 -0.0212633 -0.033188 -0.0470331 -0.0612996 0.0944567 0.0812536 0.0943853 
2.77482e-34 0.16961 0.272417 0.223441 0.149506 0.0891742 -2.97323e-35 -0.000100921 -0.000324628 -0.000192679 -9.42037e-05 -3.52005e-05 0.00598147 0.00385054 0.00701389 
9.52542e-34 0.706328 0.8442 0.780877 0.513656 0.405287 1.25062e-33 -0.000678667 -0.00211104 -0.00116809 -0.000712379 -0.000284509 0.255351 0.281102 0.231362 
4.8146e-34 5.55892e-34 0.613994 0.344903 0.315939 -2.1984e-35 1.79938e-34 1.95626e-34 -0.0517166 -0.0137611 -0.0145992 4.17378e-34 0.040524 0.0434174 0.0461734 
0.215445 0.292988 0.0661446 0.169432 0.137865 0.251927 -0.0743289 -0.101331 -0.0457013 -0.0742091 -0.0612996 -0.0881958 0.0944567 0.083044 0.0812536 
0.984052 0.845898 0.964095 0.954555 0.974908 0.963602 -0.0612178 -0.0592114 -0.0844588 -0.084719 -0.0728447 -0.0701805 0.0569426 0.0143216 0.0398653 
-1.85109e-35 0.0661446 -0.0302089 0.00997703 -0.0298514 -0.0111191 -4.51111e-34 -0.0457013 -0.0186474 -0.0311674 -0.00624172 -0.0137817 0.0856132 0.0812536 0.0670311 
0.804356 0.744799 0.964095 0.898965 0.907634 0.781222 -0.0625747 -0.0321687 -0.0844588 -0.0580674 -0.0756838 -0.0476877 0.0478036 0.0698687 0.0398653 
0.449223 0.496384 0.468065 0.485792 0.459238 0.479639 -0.000105897 0.000139177 -0.00129404 -0.000778835 -0.000780954 1.05348e-06 0.032663 0.0322008 0.0271152 
0.49849 0.468065 0.496384 0.485792 0.499913 0.495143 -0.00119181 -0.00129404 0.000139177 -0.000778835 -0.000608901 -0.00128768 0.0273976 0.0271152 0.0322008 
0.644173 0.474258 0.310456 0.399251 0.490999 0.559952 -0.0877996 -0.0527702 -0.0224357 -0.036976 -0.0518728 -0.0695374 0.0531848 0.0586111 0.0519571 
0.656261 0.491425 0.474258 0.484081 0.587859 0.585918 -0.10964 -0.0595781 -0.0527702 -0.0567421 -0.0830225 -0.0846998 0.0650247 0.0643951 0.0586111 
0.804356 0.928215 0.613994 0.823661 0.713152 0.892908 -0.0625747 -0.108303 -0.0517166 -0.0845202 -0.0603655 -0.085806 0.0478036 0.0311234 0.0461734 
7.40801e-34 7.74313e-34 0.774616 0.457341 0.456213 1.69827e-34 -1.2205e-33 -9.99099e-34 -0.00167023 -0.000614656 -0.000472921 -2.2183e-33 0.256177 0.209593 0.23439 
4.60194e-34 0.474258 0.237964 0.350958 0.122786 0.232424 2.3242e-34 -0.0527702 -0.0151576 -0.0308771 -0.00439878 -0.0141236 0.0533832 0.0586111 0.0612287 
0.998658 0.937296 0.986663 0.995447 0.994199 0.988608 -0.00143739 -0.00062069 -0.00052302 -0.000638263 -0.000938529 -0.00106586 0.270381 0.308447 0.318437 
0.353041 0.184947 0.202884 0.193964 0.284496 0.276809 -0.00106858 -0.000302597 -0.00036614 -0.000337315 -0.000717352 -0.000665242 0.0228431 0.0249408 0.0213322 
0.998658 0.986663 0.749913 0.905271 0.927956 0.994199 -0.00143739 -0.00052302 -0.000466804 -0.000560504 -0.000962924 -0.000938529 0.270381 0.318437 0.305853 
0.499488 0.47648 0.441624 0.460969 0.482526 0.492252 -0.00195182 -0.00167697 -0.00154509 -0.00170185 -0.00182819 -0.00188498 0.0192272 0.0235136 0.0177619 
0.429471 0.232962 0.328131 0.283134 0.37846 0.333813 -0.0780508 -0.0448725 -0.0440443 -0.0455709 -0.0613758 -0.0642573 0.10263 0.10807 0.106399 
0.631227 0.279288 0.526607 0.410835 0.578762 0.465714 -0.158865 -0.103644 -0.147218 -0.131135 -0.153747 -0.13952 0.0533399 0.0496542 0.0634836 
0.353041 0.441624 0.47648 0.460969 0.427897 0.402309 -0.00106858 -0.00154509 -0.00167697 -0.00170185 -0.00144934 -0.00135879 0.0228431 0.0177619 0.0235136 
0.328131 0.232962 0.169636 0.202871 0.249886 0.283134 -0.0440443 -0.0448725 -0.0166425 -0.0298638 -0.0309348 -0.0455709 0.106399 0.10807 0.109657 
0.316228 0.526607 0.279288 0.410835 0.298589 0.423619 -0.112197 -0.147218 -0.103644 -0.131135 -0.109202 -0.132307 0.0678054 0.0634836 0.0496542 
2.97362e-34 0.286015 0.19335 0.24166 0.10243 0.157658 -1.42907e-34 -0.000517577 -7.72113e-05 -0.00025393 -7.54948e-05 -0.000186911 0.0288744 0.02835 0.0328096 
1.04027e-34 -0.0215233 0.02286 -0.0108039 -5.32462e-05 -0.00932657 9.08262e-35 0.0593996 0.0453482 0.0603551 0.0539087 0.0572125 -0.0238898 -0.00140329 -0.00916313 
0.353041 0.431693 0.286015 0.368852 0.321028 0.395983 -0.00106858 -0.00099574 -0.000517577 -0.000796671 -0.000820495 -0.00116177 0.0228431 0.0278851 0.02835 
1.07341e-33 0.845898 0.836015 0.840022 0.515063 0.545655 -3.01642e-34 -0.0592114 -0.020951 -0.0311061 -0.007403 -0.0305359 0.0537106 0.0143216 0.0798259 
1.6269e-34 0.137692 0.169636 0.157357 0.0934007 0.0690462 -5.50429e-34 -0.00549127 -0.0166425 -0.0102355 -0.00452874 -0.0017613 0.110358 0.106417 0.109657 
5.55892e-34 0.399711 0.613994 0.522862 0.344903 0.202062 1.95626e-34 -0.0165332 -0.0517166 -0.0308383 -0.0137611 -0.00433246 0.0434174 0.0539011 0.0461734 
0.804356 0.613994 0.399711 0.522862 0.629802 0.713152 -0.0625747 -0.0517166 -0.0165332 -0.0308383 -0.0377992 -0.0603655 0.0478036 0.0461734 0.0539011 
0.998658 0.8442 0.706328 0.780877 0.93601 0.967808 -0.00143739 -0.00211104 -0.000678667 -0.00116809 -0.00126716 -0.00204932 0.270381 0.231362 0.281102 
3.31606e-35 7.74703e-35 0.1032 0.0461841 0.0285172 -9.3958e-36 -5.14868e-34 -5.55866e-34 -0.0277767 -0.00822607 -0.00836062 -1.04303e-33 0.101485 0.110452 0.104485 
0.353041 0.202884 0.293954 0.25043 0.324769 0.284496 -0.00106858 -0.00036614 -0.000678552 -0.000531439 -0.000900001 -0.000717352 0.0228431 0.0213322 0.0169099 
0.359142 0.200592 0.194824 0.19772 0.28493 0.287262 -0.00109213 -0.000343205 -0.000319629 -0.000334582 -0.000684378 -0.000710697 0.0224083 0.0212951 0.0254004 
0.489794 0.467079 0.499981 0.491885 0.497504 0.480052 -0.000708701 -0.000892629 -0.000919228 -0.000937011 -0.000794235 -0.000770973 -1.13163e-05 0.00541825 0.00381241 
2.97362e-34 0.184947 0.286015 0.237908 0.157658 0.0975646 -1.42907e-34 -0.000302597 -0.000517577 -0.000436543 -0.000186911 -0.000100568 0.0288744 0.0249408 0.02835 
0.489764 0.499981 0.462667 0.490516 0.478339 0.49736 -0.000708565 -0.000919228 -0.000896558 -0.000943259 -0.000773946 -0.000794512 1.10443e-05 0.00381241 0.00580805 
3.43601e-34 0.200592 0.295277 0.250244 0.163915 0.106612 8.65564e-35 -0.000343205 -0.000664609 -0.00051338 -0.000221411 -0.000103649 0.0177482 0.0212951 0.0167773 
-1.85109e-35 3.31606e-35 0.0345146 0.00731908 -0.00735944 -2.94264e-35 -4.51111e-34 -5.14868e-34 -0.0212633 -0.0061516 -0.00640427 -9.22393e-34 0.0856132 0.101485 0.0943853 
-3.45282e-35 -0.0501758 -0.0144888 -0.032255 -0.0111727 -0.0247206 -9.32371e-36 0.0170534 0.0134004 0.0166534 0.00402479 0.0056275 0.00352491 0.00849304 0.00559163 
0.014767 0.0607558 0.326371 0.173157 0.133939 0.0367502 0.0201259 -0.0224032 -0.0860779 -0.0484195 -0.0258594 -0.00263734 0.0034306 0.0154584 0.0101019 
1.31065e-34 1.6269e-34 0.169636 0.0934007 0.0815573 5.25953e-35 -5.66531e-34 -5.50429e-34 -0.0166425 -0.00452874 -0.00510836 -1.10285e-33 0.113223 0.110358 0.109657 
0.00370224 -0.0773665 -0.0661645 -0.0735526 -0.0477329 -0.0586579 -0.0268682 -0.000633254 -0.00774824 -0.00416363 -0.0158659 -0.0084997 0.0324862 0.0325992 0.0479671 
0.804356 0.399711 0.744799 0.58177 0.781222 0.629802 -0.0625747 -0.0165332 -0.0321687 -0.0246609 -0.0476877 -0.0377992 0.0478036 0.0539011 0.0698687 
0.641653 0.613994 0.843304 0.769464 0.765349 0.632055 -0.0692437 -0.0517166 -0.11979 -0.088237 -0.0966123 -0.0609974 0.0446053 0.0461734 0.0380431 
1.09263e-33 0.845898 1.07341e-33 0.545655 3.00317e-34 0.564869 9.0543e-36 -0.0592114 -3.01642e-34 -0.0305359 -7.81815e-36 -0.0812418 -0.0715424 0.0143216 0.0537106 
0.298148 0.169636 0.137692 0.157357 0.222531 0.235245 -0.0253987 -0.0166425 -0.00549127 -0.0102355 -0.0146347 -0.0225992 0.104909 0.109657 0.106417 
0.499986 0.499981 0.467079 0.491885 0.491889 0.499982 -0.00127863 -0.000919228 -0.000892629 -0.000937011 -0.00110901 -0.00108724 0.00844648 0.00381241 0.00541825 
0.499986 0.462667 0.499981 0.490516 0.499982 0.490514 -0.00127863 -0.000896558 -0.000919228 -0.000943259 -0.00108724 -0.00111636 0.00844648 0.00580805 0.00381241 
9.53454e-34 8.21344e-34 0.702839 0.405659 0.400905 3.51434e-34 -7.73828e-34 -5.36904e-34 -0.00774619 -0.00264525 -0.00197687 -1.30054e-33 0.161558 0.111278 0.120595 
-9.02634e-35 -0.0302089 -0.0661645 -0.0509876 -0.0481955 -0.0419875 -3.29645e-34 -0.0186474 -0.00774824 -0.0129532 -0.00270373 -0.00480967 0.0653353 0.0670311 0.0479671 
0.999378 0.995216 0.707646 0.909409 0.919291 0.99782 -0.0150969 -0.0353022 -0.0141311 -0.025056 -0.0176788 -0.0240943 0.131352 0.0876166 0.108311 
9.53454e-34 0.702839 0.834685 0.773482 0.507105 0.400905 -7.73828e-34 -0.00774619 -0.00648259 -0.00750081 -0.00213567 -0.00197687 0.161558 0.120595 0.158176 
0.820634 0.756257 0.766244 0.799342 0.821455 0.787455 -0.150901 -0.158261 -0.111115 -0.141396 -0.135414 -0.155856 0.0330697 0.0422674 0.0453382 
0.359142 0.295277 0.200592 0.250244 0.287262 0.328666 -0.00109213 -0.000664609 -0.000343205 -0.00051338 -0.000710697 -0.000892497 0.0224083 0.0167773 0.0212951 
0.349082 0.326371 0.73071 0.526636 0.565987 0.338803 -0.0832585 -0.0860779 -0.147358 -0.126028 -0.125838 -0.0838142 -0.00166896 0.0101019 0.015581 
0.984052 0.964095 0.744799 0.898965 0.90857 0.974908 -0.0612178 -0.0844588 -0.0321687 -0.0580674 -0.0484238 -0.0728447 0.0569426 0.0398653 0.0698687 
1.04027e-34 -2.51456e-35 -0.0215233 -0.00829056 -0.00932657 8.13975e-35 9.08262e-35 6.25523e-35 0.0593996 0.0503566 0.0572125 6.58332e-35 -0.0238898 0.00407894 -0.00140329 
0.999378 0.707646 0.648115 0.679753 0.904045 0.919291 -0.0150969 -0.0141311 -0.00633711 -0.00920041 -0.0126512 -0.0176788 0.131352 0.108311 0.141936 
0.999378 0.836015 0.995216 0.969722 0.99782 0.963831 -0.0150969 -0.020951 -0.0353022 -0.0337085 -0.0240943 -0.0214671 0.131352 0.0798259 0.0876166 
0.244741 0.180906 0.380218 0.292494 0.318752 0.213718 -0.00017573 -0.000113272 -0.000514746 -0.00029925 -0.000314819 -0.000143193 -1.73777e-05 0.00362639 0.00408506 
0.245038 0.379895 0.16961 0.287814 0.208538 0.318796 -0.000175622 -0.000516523 -0.000100921 -0.000291839 -0.00013725 -0.000314981 1.77755e-05 0.00416554 0.00385054 
0.38958 0.48693 0.441624 0.468318 0.417701 0.45012 -0.000879858 -0.00155455 -0.00154509 -0.00160404 -0.00122028 -0.00124864 0.010872 0.0127377 0.0177619 
7.35839e-34 0.648115 0.707646 0.679753 0.40637 0.361862 5.94812e-34 -0.00633711 -0.0141311 -0.00920041 -0.00408778 -0.00220049 0.122493 0.141936 0.108311 
0.408911 0.500642 0.507727 0.504307 0.465879 0.464579 -0.0222017 -0.0112632 -0.0290153 -0.0191797 -0.0270309 -0.0181395 0.0965308 0.0862659 0.0914365 
0.411108 0.481082 0.491404 0.486357 0.459697 0.452722 0.0104195 0.0163437 0.0158906 0.0166317 0.0133082 0.0137585 0.06806 0.0615057 0.0676505 
7.74313e-34 0.644989 0.774616 0.713393 0.457341 0.363345 -9.99099e-34 -0.00220256 -0.00167023 -0.00197397 -0.000614656 -0.000571238 0.209593 0.191981 0.23439 
0.998658 0.749913 0.624604 0.690395 0.894795 0.927956 -0.00143739 -0.000466804 -0.000636001 -0.000570894 -0.00123715 -0.000962924 0.270381 0.305853 0.270909 
0.00370224 0.279288 0.258964 0.270157 0.112128 0.124071 -0.0268682 -0.103644 -0.0886516 -0.09778 -0.0534597 -0.0636883 0.0324862 0.0496542 0.0288591 
8.62251e-34 0.842934 0.648115 0.755157 0.366045 0.509819 8.02751e-34 -0.00525385 -0.00633711 -0.00612727 -0.00160226 -0.00212504 0.16449 0.177 0.141936 
0.382511 0.457008 0.467716 0.462714 0.431687 0.424778 0.00395745 0.0105006 0.00630678 0.00836898 0.00526487 0.00695756 0.0455495 0.0505758 0.0445841 
3.2592e-34 3.39496e-34 0.406676 0.209881 0.190178 5.20917e-35 2.1745e-34 1.89233e-34 -0.033337 -0.00866548 -0.00790724 4.37036e-34 0.046889 0.0407765 0.0484083 
0.999378 0.702839 0.836015 0.773815 0.963831 0.9338 -0.0150969 -0.00774619 -0.020951 -0.0119931 -0.0214671 -0.0142478 0.131352 0.120595 0.0798259 
-3.45282e-35 -9.69769e-35 -0.0501758 -0.0363545 -0.0247206 -2.94718e-35 -9.32371e-36 -3.8992e-35 0.0170534 0.0054085 0.0056275 -6.6057e-35 0.00352491 0.0103114 0.00849304 
1.86216e-34 3.49599e-34 0.202884 0.1081 0.107857 6.94672e-35 -1.15508e-34 -8.77314e-35 -0.00036614 -0.000112906 -9.92855e-05 -2.026e-34 0.0233616 0.0176689 0.0213322 
0.75 0.749913 0.986663 0.905271 0.905289 0.749914 -4.13384e-37 -0.000466804 -0.00052302 -0.000560504 -0.000325183 -0.000253088 0.347966 0.305853 0.318437 
0.440071 0.595013 0.530778 0.563118 0.492961 0.53415 -0.0449649 -0.090975 -0.0604713 -0.0750756 -0.0542916 -0.0684506 0.0727061 0.0791442 0.0798717 
0.336894 0.465864 0.458967 0.461394 0.403015 0.402664 -0.000210584 -0.0208864 -0.00801783 -0.0143521 -0.0036038 -0.00844419 0.0749607 0.0790866 0.0780504 
0.352416 0.438139 0.448912 0.4434 0.405662 0.397712 0.0138426 0.0175219 0.0191237 0.0185129 0.016988 0.0165188 0.0658115 0.0693141 0.065799 
0.631227 0.728136 0.756257 0.755739 0.694963 0.716033 -0.158865 -0.133583 -0.158261 -0.148757 -0.160766 -0.154887 0.0533399 0.0575069 0.0422674 
0.383034 0.458917 0.469155 0.464023 0.432992 0.425809 0.00382344 0.00289926 0.0065273 0.00455407 0.00525639 0.00359183 0.0428296 0.0380128 0.0434486 
0.286015 0.431693 0.33956 0.390398 0.313629 0.368852 -0.000517577 -0.00099574 -0.000169314 -0.000534096 -0.000409808 -0.000796671 0.02835 0.0278851 0.0322482 
0.499986 0.488812 0.48693 0.49997 0.496644 0.497265 -0.00127863 -0.00166374 -0.00155455 -0.00167752 -0.00143932 -0.00149666 0.00844648 0.0142796 0.0127377 
0.631227 0.510382 0.279288 0.39062 0.465714 0.578681 -0.158865 -0.143329 -0.103644 -0.12472 -0.13952 -0.154412 0.0533399 0.0392895 0.0496542 
0.500041 0.454776 0.495115 0.480059 0.498937 0.489027 0.002236 0.00233817 0.00465914 0.00346593 0.0034089 0.00245814 0.0362885 0.0387242 0.0405124 
-1.4323e-35 -3.45282e-35 -0.0144888 -0.0111727 -0.00173388 3.16782e-37 -1.14732e-35 -9.32371e-36 0.0134004 0.00402479 0.0017905 -4.52167e-35 0.00559087 0.00352491 0.00559163 
0.382511 0.467716 0.454776 0.461717 0.422947 0.431687 0.00395745 0.00630678 0.00233817 0.00411195 0.00332623 0.00526487 0.0455495 0.0445841 0.0387242 
0.349082 0.103948 0.02286 0.0514255 0.133043 0.219454 -0.0832585 0.00126907 0.0453482 0.0317649 -0.0104613 -0.0430455 -0.00166896 -0.0294125 -0.00916313 
-1.4323e-35 -0.0144888 -3.70272e-35 -0.00434731 -5.47338e-35 -0.00173388 -1.14732e-35 0.0134004 1.92638e-35 0.00983168 -3.02796e-36 0.0017905 0.00559087 0.00559163 0.00792842 
0.438658 0.33956 0.431693 0.390398 0.435148 0.394929 0.000104471 -0.000169314 -0.00099574 -0.000534096 -0.000560046 -4.27555e-05 0.0322041 0.0322482 0.0278851 
0.641653 0.300428 0.613994 0.456029 0.632055 0.484579 -0.0692437 -0.0164822 -0.0517166 -0.031111 -0.0609974 -0.0396938 0.0446053 0.0432979 0.0461734 
0.631227 0.756257 0.510382 0.651788 0.578681 0.694963 -0.158865 -0.158261 -0.143329 -0.159239 -0.154412 -0.160766 0.0533399 0.0422674 0.0392895 
0.405201 0.42899 0.488812 0.465388 0.457226 0.417498 -0.000956393 -0.00140945 -0.00166374 -0.0015764 -0.00134057 -0.00119556 0.0109249 0.0171139 0.0142796 
9.52542e-34 6.9605e-34 0.706328 0.4057 0.405287 3.06596e-34 1.25062e-33 1.48025e-33 -0.000678667 -0.000170565 -0.000284509 2.73194e-33 0.255351 0.302013 0.281102 
0.352416 0.448912 0.446361 0.447498 0.404495 0.405662 0.0138426 0.0191237 0.0178779 0.0188249 0.0164223 0.016988 0.0658115 0.065799 0.0615607 
0.998658 0.997003 0.8442 0.971169 0.967808 0.997857 -0.00143739 -0.00274407 -0.00211104 -0.00273541 -0.00204932 -0.00211631 0.270381 0.233866 0.231362 
0.336894 0.458967 0.440332 0.448836 0.392857 0.403015 -0.000210584 -0.00801783 0.00369729 -0.00153182 0.00146391 -0.0036038 0.0749607 0.0780504 0.0755444 
0.999378 0.648115 0.842934 0.755157 0.957101 0.904045 -0.0150969 -0.00633711 -0.00525385 -0.00612727 -0.00999637 -0.0126512 0.131352 0.141936 0.177 
0.501542 0.446361 0.490668 0.471865 0.497571 0.483533 0.019043 0.0178779 0.0202345 0.0194136 0.0198112 0.0192028 0.0593582 0.0615607 0.062871 
4.60194e-34 3.2592e-34 0.310456 0.155028 0.140889 8.27887e-35 2.3242e-34 2.1745e-34 -0.0224357 -0.00596172 -0.00542889 4.95092e-34 0.0533832 0.046889 0.0519571 
-0.0356441 -0.0144888 -0.0501758 -0.032255 -0.0447287 -0.0266038 0.0382659 0.0134004 0.0170534 0.0166534 0.0279374 0.0262584 0.00496524 0.00559163 0.00849304 
0.349082 0.121839 0.326371 0.218657 0.338803 0.21675 -0.0832585 -0.0115487 -0.0860779 -0.0504823 -0.0838142 -0.0441108 -0.00166896 -0.00225805 0.0101019 
0.440071 0.617568 0.595013 0.606063 0.53415 0.535177 -0.0449649 -0.100245 -0.090975 -0.096103 -0.0684506 -0.070543 0.0727061 0.0724796 0.0791442 
0.51626 0.440332 0.505766 0.477316 0.512154 0.489712 0.00045262 0.00369729 -0.00560112 -0.000385985 -0.00257608 0.00224471 0.0786811 0.0755444 0.07939 
0.571787 0.530778 0.593261 0.573384 0.583324 0.573289 -0.0841005 -0.0604713 -0.0926269 -0.0771309 -0.088878 -0.0750856 0.0907749 0.0798717 0.0858642 
0.989605 0.8442 0.997003 0.971169 0.993869 0.978431 -0.00471069 -0.00211104 -0.00274407 -0.00273541 -0.0034998 -0.00379962 0.199075 0.231362 0.233866 
0.998658 0.624604 0.774616 0.704276 0.934749 0.894795 -0.00143739 -0.000636001 -0.00167023 -0.000998296 -0.00182859 -0.00123715 0.270381 0.270909 0.23439 
0.894136 0.73071 0.843304 0.850735 0.874922 0.838841 -0.130166 -0.147358 -0.11979 -0.145837 -0.126464 -0.145817 0.0280169 0.015581 0.0380431 
0.0195778 -0.0661645 -0.0302089 -0.0509876 -0.0123916 -0.0394528 -0.0398138 -0.00774824 -0.0186474 -0.0129532 -0.0290594 -0.0204595 0.0525538 0.0479671 0.0670311 
1.04027e-34 0.02286 0.103948 0.0514255 0.00953888 -5.32462e-05 9.08262e-35 0.0453482 0.00126907 0.0317649 0.038992 0.0539087 -0.0238898 -0.00916313 -0.0294125 
0.601949 0.632792 0.617568 0.638284 0.654761 0.626409 -0.144102 -0.122857 -0.100245 -0.114208 -0.129979 -0.135253 0.0761353 0.0798633 0.0724796 
4.8146e-34 0.613994 0.300428 0.456029 0.158811 0.315939 1.79938e-34 -0.0517166 -0.0164822 -0.031111 -0.0053722 -0.0145992 0.040524 0.0461734 0.0432979 
0.656261 0.728136 0.673207 0.710965 0.692322 0.693889 -0.10964 -0.133583 -0.150263 -0.145359 -0.134544 -0.121779 0.0650247 0.0575069 0.0658914 
0.631227 0.673207 0.728136 0.710965 0.716033 0.658997 -0.158865 -0.150263 -0.133583 -0.145359 -0.154887 -0.156932 0.0533399 0.0658914 0.0575069 
0.438658 0.431693 0.490858 0.468059 0.470501 0.435148 0.000104471 -0.00099574 -2.64811e-05 -0.000633718 7.13943e-05 -0.000560046 0.0322041 0.0278851 0.0314855 
3.31606e-35 0.1032 0.0345146 0.0677256 0.00731908 0.0285172 -5.14868e-34 -0.0277767 -0.0212633 -0.0248739 -0.0061516 -0.00836062 0.101485 0.104485 0.0943853 
0.014767 0.326371 0.121839 0.218657 0.059623 0.133939 0.0201259 -0.0860779 -0.0115487 -0.0504823 0.00949471 -0.0258594 0.0034306 0.0101019 -0.00225805 
0.383034 0.469155 0.466766 0.4678 0.430566 0.432992 0.00382344 0.0065273 0.0102189 0.00837997 0.00674443 0.00525639 0.0428296 0.0434486 0.0489068 
0.272417 0.16961 0.379895 0.287814 0.330404 0.223441 -0.000324628 -0.000100921 -0.000516523 -0.000291839 -0.000430797 -0.000192679 0.00701389 0.00385054 0.00416554 
0.27367 0.380218 0.180906 0.292494 0.229237 0.331156 -0.000323216 -0.000514746 -0.000113272 -0.00029925 -0.000200525 -0.000430108 0.0069174 0.00408506 0.00362639 
6.37441e-34 8.81969e-34 0.744799 0.436321 0.414833 3.66171e-35 2.76316e-34 4.09679e-34 -0.0321687 -0.00988886 -0.0123561 7.12241e-34 0.0595655 0.0871446 0.0698687 
0.75 0.437597 0.749913 0.609308 0.749914 0.609436 -4.13384e-37 -8.5724e-05 -0.000466804 -0.000206187 -0.000253088 -7.91126e-05 0.347966 0.325055 0.305853 
0.408113 0.380218 0.467079 0.430423 0.441272 0.394624 -0.000472741 -0.000514746 -0.000892629 -0.000705529 -0.000637646 -0.000480453 -2.37639e-05 0.00408506 0.00541825 
0.408185 0.462667 0.379895 0.427169 0.394517 0.43847 -0.000473963 -0.000896558 -0.000516523 -0.000705381 -0.000482054 -0.000637055 2.39077e-05 0.00580805 0.00416554 
0.820634 0.843304 0.73071 0.850735 0.792105 0.846797 -0.150901 -0.11979 -0.147358 -0.145837 -0.153022 -0.1386 0.0330697 0.0380431 0.015581 
0.411108 0.491404 0.490361 0.491155 0.457757 0.459697 0.0104195 0.0158906 0.0113687 0.0140077 0.011647 0.0133082 0.06806 0.0676505 0.0736362 
0.998658 0.706328 0.937296 0.843066 0.988608 0.93601 -0.00143739 -0.000678667 -0.00062069 -0.000747925 -0.00106586 -0.00126716 0.270381 0.281102 0.308447 
3.43601e-34 1.90143e-34 0.200592 0.106843 0.106612 7.86063e-35 8.65564e-35 1.16804e-34 -0.000343205 -9.188e-05 -0.000103649 2.03965e-34 0.0177482 0.023857 0.0212951 
0.500627 0.466766 0.497313 0.486122 0.50038 0.494134 0.0141118 0.0102189 0.0105859 0.0106025 0.0124029 0.0125535 0.0518181 0.0489068 0.0475853 
0.989605 0.999428 0.842934 0.96535 0.978176 0.996173 -0.00471069 -0.0084978 -0.00525385 -0.00754672 -0.00606007 -0.00667333 0.199075 0.166327 0.177 
0.408911 0.507727 0.480467 0.49682 0.446251 0.465879 -0.0222017 -0.0290153 -0.0493132 -0.0390754 -0.0350578 -0.0270309 0.0965308 0.0914365 0.0982906 
7.35839e-34 8.62251e-34 0.648115 0.366045 0.361862 3.6412e-34 5.94812e-34 8.02751e-34 -0.00633711 -0.00160226 -0.00220049 1.40544e-33 0.122493 0.16449 0.141936 
0.408113 0.244741 0.380218 0.318752 0.394624 0.336626 -0.000472741 -0.00017573 -0.000514746 -0.000314819 -0.000480453 -0.000326153 -2.37639e-05 -1.73777e-05 0.00408506 
0.245038 0.408185 0.379895 0.394517 0.318796 0.33682 -0.000175622 -0.000473963 -0.000516523 -0.000482054 -0.000314981 -0.000326573 1.77755e-05 2.39077e-05 0.00416554 
0.644173 0.310456 0.406676 0.35688 0.543372 0.490999 -0.0877996 -0.0224357 -0.033337 -0.0275169 -0.0599924 -0.0518728 0.0531848 0.0519571 0.0484083 
-3.27668e-34 0.586452 6.9605e-34 0.325012 4.90359e-34 0.325163 8.55581e-34 -0.000192673 1.48025e-33 -7.20876e-05 3.19158e-33 -3.90434e-05 0.349091 0.318256 0.302013 
6.9605e-34 0.586452 0.706328 0.649018 0.4057 0.325012 1.48025e-33 -0.000192673 -0.000678667 -0.000365982 -0.000170565 -7.20876e-05 0.302013 0.318256 0.281102 
0.499986 0.467079 0.478351 0.473 0.49469 0.491889 -0.00127863 -0.000892629 -0.0012658 -0.00107225 -0.00130287 -0.00110901 0.00844648 0.00541825 0.00992992 
0.405201 0.478351 0.467079 0.473 0.440142 0.448248 -0.000956393 -0.0012658 -0.000892629 -0.00107225 -0.000949666 -0.00113929 0.0109249 0.00992992 0.00541825 
7.27611e-34 0.624604 0.749913 0.690395 0.437506 0.349631 -1.43939e-33 -0.000636001 -0.000466804 -0.000570894 -0.000139857 -0.00015451 0.302215 0.270909 0.305853 
1 0.75 0.986663 0.905289 0.99666 0.9375 -6.67445e-37 -4.13384e-37 -0.00052302 -0.000325183 -0.000371606 -1.11173e-36 0.348484 0.347966 0.318437 
0.999378 0.842934 0.999428 0.96535 0.999785 0.957101 -0.0150969 -0.00525385 -0.0084978 -0.00754672 -0.0110121 -0.00999637 0.131352 0.177 0.166327 
2.13646e-34 2.11597e-34 0.226727 0.121873 0.122317 9.28385e-35 -4.33783e-34 -3.91514e-34 0.000542665 0.000326333 5.13278e-05 -8.25472e-34 0.0878197 0.079379 0.0838288 
0.508263 0.490361 0.509808 0.504841 0.510448 0.510735 0.0137721 0.0113687 0.016379 0.0141891 0.0152685 0.0127934 0.072846 0.0736362 0.0702085 
1.91319e-34 1.87187e-34 0.204838 0.107925 0.109507 8.15234e-35 -2.82459e-34 -2.51825e-34 0.00223172 0.000570573 0.000661877 -5.36034e-34 0.0573783 0.0511373 0.0547634 
0.989605 0.774616 0.644989 0.713393 0.878749 0.916615 -0.00471069 -0.00167023 -0.00220256 -0.00197397 -0.00404287 -0.00317187 0.199075 0.23439 0.191981 
1.75873e-34 1.72695e-34 0.191025 0.100482 0.102273 7.57671e-35 2.70231e-34 2.96635e-34 0.00249077 0.000750106 0.00064495 5.64971e-34 0.0549706 0.060303 0.0571129 
1.41928e-34 1.3604e-34 0.158348 0.0801532 0.082633 5.71968e-35 3.50352e-34 3.59093e-34 0.00351483 0.000934224 0.0010241 7.06696e-34 0.0712023 0.0730143 0.0715542 
1.23442e-34 1.29026e-34 0.152903 0.0754599 0.0740849 4.82494e-35 3.60234e-34 3.51921e-34 -0.00219624 -0.000623142 -0.00030352 7.14259e-34 0.0735287 0.0719555 0.073483 
-1.08306e-34 -9.02634e-35 -0.0661645 -0.0481955 -0.0542672 -7.03563e-35 -2.14838e-34 -3.29645e-34 -0.00774824 -0.00270373 -0.00163813 -5.35294e-34 0.043275 0.0653353 0.0479671 
0.546392 0.62616 0.326371 0.482312 0.444295 0.584576 -0.143023 -0.146035 -0.0860779 -0.122481 -0.119688 -0.144731 0.0298059 0.0217556 0.0101019 
1.71802e-34 4.60194e-34 0.237964 0.122786 0.111761 6.91395e-35 2.89649e-34 2.3242e-34 -0.0151576 -0.00439878 -0.00367377 5.5789e-34 0.059846 0.0533832 0.0612287 
1.70007e-34 2.97362e-34 0.19335 0.10243 0.102343 7.97502e-35 -1.69489e-34 -1.42907e-34 -7.72113e-05 -7.54948e-05 -1.99446e-05 -3.12114e-34 0.0343192 0.0288744 0.0328096 
0.359142 0.468065 0.474058 0.471183 0.428124 0.423376 -0.00109213 -0.00129404 -0.00176167 -0.00160917 -0.00147572 -0.00134827 0.0224083 0.0271152 0.0212744 
0.937296 0.706328 0.586452 0.649018 0.800413 0.843066 -0.00062069 -0.000678667 -0.000192673 -0.000365982 -0.000410744 -0.000747925 0.308447 0.281102 0.318256 
0.549412 0.480467 0.540354 0.524647 0.544841 0.53199 -0.0486285 -0.0493132 -0.0374197 -0.0450223 -0.0430166 -0.051817 0.0882088 0.0982906 0.0881416 
1 0.986663 0.937296 0.995447 0.984304 0.99666 -6.67445e-37 -0.00052302 -0.00062069 -0.000638263 -0.000464403 -0.000371606 0.348484 0.318437 0.308447 
-1.25146e-34 -1.08306e-34 -0.0773665 -0.0557283 -0.0557758 -7.23468e-35 -1.14325e-34 -2.14838e-34 -0.000633254 -0.000169543 0.00144289 -3.31194e-34 0.0244682 0.043275 0.0325992 
6.37441e-34 0.744799 0.399711 0.58177 0.215277 0.414833 2.76316e-34 -0.0321687 -0.0165332 -0.0246609 -0.00519701 -0.0123561 0.0595655 0.0698687 0.0539011 
-3.27668e-34 0.75 0.586452 0.673373 0.325163 0.4375 8.55581e-34 -3.56846e-37 -0.000192673 -0.000126586 -3.90434e-05 -1.07646e-37 0.349091 0.349054 0.318256 
1.87119e-34 1.8435e-34 0.203376 0.108268 0.108902 7.45868e-35 2.10381e-34 2.41178e-34 0.000882273 0.000299283 0.000204764 4.50882e-34 0.0428699 0.0491114 0.0458748 
3.3878e-34 1.85384e-34 0.205066 0.109478 0.109386 7.52227e-35 1.47376e-34 1.78944e-34 -0.000100348 -2.35446e-05 -8.34248e-05 3.2669e-34 0.0301469 0.0365062 0.0345158 
1.62125e-34 1.53482e-34 0.175107 0.0905509 0.0932678 6.74851e-35 3.19115e-34 3.37164e-34 0.00375335 0.00109633 0.00105092 6.53388e-34 0.0648292 0.0684903 0.0661875 
1.275e-34 1.2404e-34 0.147512 0.0734701 0.0744575 5.05762e-35 3.63317e-34 3.6399e-34 0.00129582 0.000321778 0.000532072 7.264e-34 0.0739612 0.0741699 0.0740237 
1.39255e-34 1.52587e-34 0.181847 0.0896903 0.0846406 5.3079e-35 3.37019e-34 3.15832e-34 -0.00763653 -0.00204553 -0.00157665 6.59601e-34 0.0691064 0.0649559 0.068824 
1.91076e-34 2.10337e-34 0.216555 0.118958 0.114554 8.45118e-35 -5.18062e-34 -4.77173e-34 -0.00588889 -0.00145439 -0.00202099 -9.89984e-34 0.104323 0.0962714 0.0994906 
2.04778e-34 1.99595e-34 0.216784 0.114805 0.116788 8.89577e-35 -3.51968e-34 -3.15689e-34 0.00285219 0.000778246 0.000746397 -6.69819e-34 0.0714555 0.0641307 0.068204 
1.82171e-34 1.78679e-34 0.196313 0.103651 0.104232 7.85907e-35 -2.23329e-34 -1.9612e-34 0.000769427 0.000184982 0.000266605 -4.20037e-34 0.0453043 0.0397563 0.0426099 
0.641653 0.766244 0.406676 0.616534 0.525563 0.716924 -0.0692437 -0.111115 -0.033337 -0.0714688 -0.0507308 -0.0904842 0.0446053 0.0453382 0.0484083 
0.601949 0.480754 0.632792 0.581636 0.626409 0.541818 -0.144102 -0.123467 -0.122857 -0.130447 -0.135253 -0.135356 0.0761353 0.0883795 0.0798633 
0.596057 0.632792 0.480754 0.581636 0.554456 0.615295 -0.115508 -0.122857 -0.123467 -0.130447 -0.123891 -0.11983 0.0866207 0.0798633 0.0883795 
0.644173 0.766244 0.756257 0.799342 0.766048 0.707618 -0.0877996 -0.111115 -0.158261 -0.141396 -0.132631 -0.100168 0.0531848 0.0453382 0.0422674 
0.349082 0.02286 0.121839 0.0665369 0.21675 0.133043 -0.0832585 0.0453482 -0.0115487 0.0169424 -0.0441108 -0.0104613 -0.00166896 -0.00916313 -0.00225805 
0.499986 0.478351 0.488812 0.483999 0.497265 0.49469 -0.00127863 -0.0012658 -0.00166374 -0.00146394 -0.00149666 -0.00130287 0.00844648 0.00992992 0.0142796 
-4.10289e-34 7.27611e-34 0.437597 0.234462 0.234401 6.19404e-34 -8.28359e-34 -1.43939e-33 -8.5724e-05 -5.22924e-05 -2.4679e-05 -3.09588e-33 0.347902 0.302215 0.325055 
0.999378 0.834685 0.702839 0.773482 0.9338 0.962527 -0.0150969 -0.00648259 -0.00774619 -0.00750081 -0.0142478 -0.0113423 0.131352 0.158176 0.120595 
0.215445 0.0345146 0.1032 0.0677256 0.152902 0.110968 -0.0743289 -0.0212633 -0.0277767 -0.0248739 -0.0508273 -0.0470331 0.0944567 0.0943853 0.104485 
0.644173 0.406676 0.766244 0.616534 0.707618 0.543372 -0.0877996 -0.033337 -0.111115 -0.0714688 -0.100168 -0.0599924 0.0531848 0.0484083 0.0453382 
0.405201 0.488812 0.478351 0.483999 0.448248 0.457226 -0.000956393 -0.00166374 -0.0012658 -0.00146394 -0.00113929 -0.00134057 0.0109249 0.0142796 0.00992992 
-9.02634e-35 -1.85109e-35 -0.0302089 -0.0298514 -0.0419875 -4.22424e-35 -3.29645e-34 -4.51111e-34 -0.0186474 -0.00624172 -0.00480967 -7.42738e-34 0.0653353 0.0856132 0.0670311 
7.27611e-34 0.749913 0.437597 0.609308 0.234462 0.437506 -1.43939e-33 -0.000466804 -8.5724e-05 -0.000206187 -5.22924e-05 -0.000139857 0.302215 0.305853 0.325055 
2.13646e-34 0.226727 0.171884 0.200438 0.0912955 0.122317 -4.33783e-34 0.000542665 -0.00126052 -0.000507395 -0.000234623 5.13278e-05 0.0878197 0.0838288 0.0918162 
0.75 0.937296 0.586452 0.800413 0.673373 0.859268 -3.56846e-37 -0.00062069 -0.000192673 -0.000410744 -0.000126586 -0.000336357 0.349054 0.308447 0.318256 
0.340495 0.171884 0.226727 0.200438 0.288909 0.263855 -0.00585866 -0.00126052 0.000542665 -0.000507395 -0.0015938 -0.00336194 0.0912367 0.0918162 0.0838288 
1.91319e-34 0.204838 0.158764 0.182484 0.0822998 0.109507 -2.82459e-34 0.00223172 0.00154039 0.00192064 0.000418436 0.000661877 0.0573783 0.0547634 0.0610293 
0.014767 0.121839 0.02286 0.0665369 0.0233283 0.059623 0.0201259 -0.0115487 0.0453482 0.0169424 0.0341184 0.00949471 0.0034306 -0.00225805 -0.00916313 
7.27611e-34 7.40801e-34 0.624604 0.350029 0.349631 4.30363e-34 -1.43939e-33 -1.2205e-33 -0.000636001 -0.000233068 -0.00015451 -2.65919e-33 0.302215 0.256177 0.270909 
0.32565 0.158764 0.204838 0.182484 0.26794 0.248723 0.00680271 0.00154039 0.00223172 0.00192064 0.00432785 0.00387739 0.061484 0.0610293 0.0547634 
1.90143e-34 3.3878e-34 0.194824 0.103628 0.103431 8.75536e-35 1.16804e-34 1.47376e-34 -0.000319629 -0.000108928 -8.94498e-05 2.64732e-34 0.023857 0.0301469 0.0254004 
7.74313e-34 9.53454e-34 0.644989 0.364928 0.363345 4.15304e-34 -9.99099e-34 -7.73828e-34 -0.00220256 -0.00106038 -0.000571238 -1.76827e-33 0.209593 0.161558 0.191981 
0.0661446 0.292988 0.109841 0.19969 0.0853207 0.169432 -0.0457013 -0.101331 -0.0643661 -0.0846724 -0.0551531 -0.0742091 0.0812536 0.083044 0.0680081 
0.644173 0.756257 0.728136 0.755739 0.705016 0.766048 -0.0877996 -0.158261 -0.133583 -0.148757 -0.113707 -0.132631 0.0531848 0.0422674 0.0575069 
0.641653 0.406676 0.300428 0.358719 0.484579 0.525563 -0.0692437 -0.033337 -0.0164822 -0.0242739 -0.0396938 -0.0507308 0.0446053 0.0484083 0.0432979 
1.72695e-34 0.135485 0.191025 0.163564 0.100482 0.0712259 2.96635e-34 0.0018204 0.00249077 0.00222154 0.000750106 0.000484339 0.060303 0.0622727 0.0571129 
1.75873e-34 0.191025 0.144959 0.16897 0.075262 0.102273 2.70231e-34 0.00249077 0.00092735 0.00158576 0.000287963 0.00064495 0.0549706 0.0571129 0.0519035 
1.3604e-34 0.109137 0.158348 0.133355 0.0801532 0.0558691 3.59093e-34 0.00143116 0.00351483 0.00236881 0.000934224 0.000441974 0.0730143 0.0732655 0.0715542 
1.41928e-34 0.158348 0.121536 0.140416 0.0614296 0.082633 3.50352e-34 0.00351483 0.00212639 0.00278689 0.000599812 0.0010241 0.0712023 0.0715542 0.0694855 
1.29026e-34 0.114986 0.152903 0.134085 0.0754599 0.0549568 3.51921e-34 -0.00236331 -0.00219624 -0.00242401 -0.000623142 -0.000484399 0.0719555 0.0713203 0.073483 
1.23442e-34 0.152903 0.105054 0.127864 0.0521823 0.0740849 3.60234e-34 -0.00219624 -0.000154296 -0.00105822 -5.35326e-06 -0.00030352 0.0735287 0.073483 0.0740694 
0.302743 0.144959 0.191025 0.16897 0.249656 0.229902 0.00418147 0.00092735 0.00249077 0.00158576 0.00361821 0.00239031 0.0515062 0.0519035 0.0571129 
0.266527 0.121536 0.158348 0.140416 0.213541 0.197349 0.00910784 0.00212639 0.00351483 0.00278689 0.0061758 0.00530229 0.0690142 0.0694855 0.0715542 
0.311549 0.191025 0.135485 0.163564 0.230532 0.256221 0.00913502 0.00249077 0.0018204 0.00222154 0.00515395 0.00545554 0.0612902 0.0571129 0.0622727 
0.254102 0.105054 0.152903 0.127864 0.204552 0.179213 -0.00266104 -0.000154296 -0.00219624 -0.00105822 -0.00305204 -0.00101204 0.0746067 0.0740694 0.073483 
0.276322 0.158348 0.109137 0.133355 0.194717 0.218361 0.00632258 0.00351483 0.00143116 0.00236881 0.00378524 0.00545329 0.0730823 0.0715542 0.0732655 
0.317131 0.152903 0.114986 0.134085 0.215184 0.230792 -0.0180645 -0.00219624 -0.00236331 -0.00242401 -0.00839045 -0.00788743 0.0737084 0.073483 0.0713203 
9.53454e-34 0.834685 0.644989 0.74841 0.364928 0.507105 -7.73828e-34 -0.00648259 -0.00220256 -0.00372129 -0.00106038 -0.00213567 0.161558 0.158176 0.191981 
0.546392 0.510382 0.756257 0.651788 0.673361 0.527897 -0.143023 -0.143329 -0.158261 -0.159239 -0.158567 -0.143512 0.0298059 0.0392895 0.0422674 
0.335948 0.204838 0.148078 0.17649 0.250167 0.275565 0.00497373 0.00223172 0.000839766 0.00144993 0.00259198 0.00379466 0.0493176 0.0547634 0.0484032 
1.87187e-34 0.148078 0.204838 0.17649 0.107925 0.0775164 -2.51825e-34 0.000839766 0.00223172 0.00144993 0.000570573 0.00025354 0.0511373 0.0484032 0.0547634 
0.232962 0.091597 0.169636 0.12988 0.202871 0.159041 -0.0448725 -0.0124244 -0.0166425 -0.0149225 -0.0298638 -0.0281338 0.10807 0.109871 0.109657 
1.17064e-34 0.16961 2.77482e-34 0.0891742 1.13876e-34 0.0892457 -1.14191e-37 -0.000100921 -2.97323e-35 -3.52005e-05 -2.96852e-35 -3.28236e-05 2.62168e-05 0.00385054 0.00598147 
3.39496e-34 0.300428 0.406676 0.358719 0.209881 0.143781 1.89233e-34 -0.0164822 -0.033337 -0.0242739 -0.00866548 -0.00446266 0.0407765 0.0432979 0.0484083 
0.349082 0.476409 0.103948 0.24832 0.219454 0.398401 -0.0832585 -0.112959 0.00126907 -0.0578284 -0.0430455 -0.0945897 -0.00166896 -0.0246943 -0.0294125 
1.31065e-34 0.169636 0.091597 0.12988 0.0495676 0.0815573 -5.66531e-34 -0.0166425 -0.0124244 -0.0149225 -0.00336433 -0.00510836 0.113223 0.109657 0.109871 
1.18505e-34 2.77196e-34 0.180906 0.0955178 0.095442 1.00134e-34 -1.157e-37 2.83794e-35 -0.000113272 -4.03377e-05 -3.69091e-05 2.84232e-35 -2.61401e-05 0.00582804 0.00362639 
0.366196 0.226727 0.165509 0.197214 0.276863 0.303172 0.00533275 0.000542665 0.00121014 0.00107537 0.00314864 0.00220252 0.0764259 0.0838288 0.0757305 
0.316228 0.109841 0.292988 0.19969 0.303805 0.207407 -0.112197 -0.0643661 -0.101331 -0.0846724 -0.107391 -0.0887847 0.0678054 0.0680081 0.083044 
1.87119e-34 0.203376 0.155265 0.180063 0.0812991 0.108902 2.10381e-34 0.000882273 0.000159604 0.000442031 6.57631e-05 0.000204764 0.0428699 0.0458748 0.0399459 
2.11597e-34 0.165509 0.226727 0.197214 0.121873 0.0873948 -3.91514e-34 0.00121014 0.000542665 0.00107537 0.000326333 0.000278206 0.079379 0.0757305 0.0838288 
2.10337e-34 0.171884 0.216555 0.19651 0.118958 0.0901585 -4.77173e-34 -0.00126052 -0.00588889 -0.00320121 -0.00145439 -0.000501678 0.0962714 0.0918162 0.0994906 
1.8435e-34 0.144959 0.203376 0.174818 0.108268 0.0761151 2.41178e-34 0.00092735 0.000882273 0.000967889 0.000299283 0.000232427 0.0491114 0.0519035 0.0458748 
1.91076e-34 0.216555 0.137692 0.177909 0.0744418 0.114554 -5.18062e-34 -0.00588889 -0.00549127 -0.00607544 -0.00145165 -0.00202099 0.104323 0.0994906 0.106417 
1.99595e-34 0.158764 0.216784 0.187974 0.114805 0.0837231 -3.15689e-34 0.00154039 0.00285219 0.00215936 0.000778246 0.000431347 0.0641307 0.0610293 0.068204 
1.62125e-34 0.175107 0.135485 0.156215 0.0695155 0.0932678 3.19115e-34 0.00375335 0.0018204 0.0026784 0.000537262 0.00105092 0.0648292 0.0661875 0.0622727 
1.53482e-34 0.121536 0.175107 0.148195 0.0905509 0.0634477 3.37164e-34 0.00212639 0.00375335 0.00291196 0.00109633 0.000612746 0.0684903 0.0694855 0.0661875 
1.275e-34 0.147512 0.109137 0.128044 0.0544808 0.0744575 3.63317e-34 0.00129582 0.00143116 0.00139772 0.000391168 0.000532072 0.0739612 0.0740237 0.0732655 
1.2404e-34 0.105054 0.147512 0.126002 0.0734701 0.0521306 3.6399e-34 -0.000154296 0.00129582 0.000349485 0.000321778 8.88945e-05 0.0741699 0.0740694 0.0740237 
1.39255e-34 0.181847 0.114986 0.145901 0.0571072 0.0846406 3.37019e-34 -0.00763653 -0.00236331 -0.00470322 -0.000622327 -0.00157665 0.0691064 0.068824 0.0713203 
2.04778e-34 0.216784 0.165509 0.192262 0.0863046 0.116788 -3.51968e-34 0.00285219 0.00121014 0.00199874 0.000336303 0.000746397 0.0714555 0.068204 0.0757305 
1.52587e-34 0.142656 0.181847 0.163144 0.0896903 0.0662974 3.15832e-34 -0.00575657 -0.00763653 -0.00697174 -0.00204553 -0.00133605 0.0649559 0.0639419 0.068824 
1.78679e-34 0.142017 0.196313 0.16941 0.103651 0.0739067 -1.9612e-34 0.000122565 0.000769427 0.000376792 0.000184982 5.29638e-05 0.0397563 0.0370495 0.0426099 
1.82171e-34 0.196313 0.148078 0.172633 0.0767374 0.104232 -2.23329e-34 0.000769427 0.000839766 0.000854844 0.000211762 0.000266605 0.0453043 0.0426099 0.0484032 
0.215445 0.480754 0.292988 0.393939 0.251927 0.349854 -0.0743289 -0.123467 -0.101331 -0.116138 -0.0881958 -0.103135 0.0944567 0.0883795 0.083044 
0.49849 0.49794 0.468065 0.487462 0.495143 0.499995 -0.00119181 -0.00174774 -0.00129404 -0.00157142 -0.00128768 -0.00152593 0.0273976 0.0240574 0.0271152 
1.18505e-34 0.180906 0.244741 0.213718 0.132484 0.095442 -1.157e-37 -0.000113272 -0.00017573 -0.000143193 -5.93898e-05 -3.69091e-05 -2.61401e-05 0.00362639 -1.73777e-05 
0.00370224 0.258964 0.0607558 0.150582 0.0307141 0.112128 -0.0268682 -0.0886516 -0.0224032 -0.055344 -0.0246658 -0.0534597 0.0324862 0.0288591 0.0154584 
1.17064e-34 0.245038 0.16961 0.208538 0.0892457 0.132814 -1.14191e-37 -0.000175622 -0.000100921 -0.00013725 -3.28236e-05 -5.95052e-05 2.62168e-05 1.77755e-05 0.00385054 
0.353041 0.47648 0.431693 0.456962 0.395983 0.427897 -0.00106858 -0.00167697 -0.00099574 -0.00138167 -0.00116177 -0.00144934 0.0228431 0.0235136 0.0278851 
3.2592e-34 0.406676 0.310456 0.35688 0.155028 0.190178 2.1745e-34 -0.033337 -0.0224357 -0.0275169 -0.00596172 -0.00790724 0.046889 0.0484083 0.0519571 
0.215445 0.1032 0.31217 0.20017 0.265666 0.152902 -0.0743289 -0.0277767 -0.0792557 -0.055006 -0.0781098 -0.0508273 0.0944567 0.104485 0.101916 
0.232962 0.31217 0.1032 0.20017 0.167041 0.270704 -0.0448725 -0.0792557 -0.0277767 -0.055006 -0.0378286 -0.0620539 0.10807 0.101916 0.104485 
0.601949 0.673207 0.526607 0.615723 0.571076 0.638357 -0.144102 -0.150263 -0.147218 -0.153864 -0.148553 -0.147978 0.0761353 0.0658914 0.0634836 
2.97362e-34 1.86216e-34 0.184947 0.097755 0.0975646 9.16513e-35 -1.42907e-34 -1.15508e-34 -0.000302597 -8.34403e-05 -0.000100568 -2.57948e-34 0.0288744 0.0233616 0.0249408 
0.499488 0.49794 0.47648 0.497084 0.492252 0.499867 -0.00195182 -0.00174774 -0.00167697 -0.00176087 -0.00188498 -0.00192635 0.0192272 0.0240574 0.0235136 
0.49849 0.47648 0.49794 0.497084 0.499995 0.490727 -0.00119181 -0.00167697 -0.00174774 -0.00176087 -0.00152593 -0.00153534 0.0273976 0.0235136 0.0240574 
0.489764 0.489794 0.499981 0.497504 0.49736 0.499983 -0.000708565 -0.000708701 -0.000919228 -0.000794235 -0.000794512 -0.000750083 1.10443e-05 -1.13163e-05 0.00381241 
0.232962 0.1032 0.091597 0.0991878 0.159041 0.167041 -0.0448725 -0.0277767 -0.0124244 -0.0193248 -0.0281338 -0.0378286 0.10807 0.104485 0.109871 
7.74703e-35 0.091597 0.1032 0.0991878 0.0461841 0.0386288 -5.55866e-34 -0.0124244 -0.0277767 -0.0193248 -0.00822607 -0.00388339 0.110452 0.109871 0.104485 
0.359142 0.474058 0.42899 0.454299 0.397061 0.428124 -0.00109213 -0.00176167 -0.00140945 -0.00162943 -0.00129406 -0.00147572 0.0224083 0.0212744 0.0171139 
7.40801e-34 0.774616 0.624604 0.704276 0.350029 0.456213 -1.2205e-33 -0.00167023 -0.000636001 -0.000998296 -0.000233068 -0.000472921 0.256177 0.23439 0.270909 
0.998658 0.774616 0.997003 0.929903 0.997857 0.934749 -0.00143739 -0.00167023 -0.00274407 -0.00243566 -0.00211631 -0.00182859 0.270381 0.23439 0.233866 
0.989605 0.997003 0.774616 0.929903 0.916615 0.993869 -0.00471069 -0.00274407 -0.00167023 -0.00243566 -0.00317187 -0.0034998 0.199075 0.233866 0.23439 
0.508877 0.31217 0.429471 0.376036 0.469151 0.418443 -0.104103 -0.0792557 -0.0780508 -0.0807018 -0.0916385 -0.0958123 0.0960533 0.101916 0.10263 
0.232962 0.429471 0.31217 0.376036 0.270704 0.333813 -0.0448725 -0.0780508 -0.0792557 -0.0807018 -0.0620539 -0.0642573 0.10807 0.10263 0.101916 
1.09263e-33 1.04027e-34 0.103948 0.00953888 0.0841349 3.74962e-34 9.0543e-36 9.08262e-35 0.00126907 0.038992 -0.00440995 9.90487e-35 -0.0715424 -0.0238898 -0.0294125 
0.335948 0.3743 0.204838 0.297846 0.275565 0.355265 0.00497373 0.00847121 0.00223172 0.00507164 0.00379466 0.00671129 0.0493176 0.0560606 0.0547634 
0.366196 0.399352 0.226727 0.323189 0.303172 0.384136 0.00533275 -0.000364745 0.000542665 6.13272e-05 0.00220252 0.00316411 0.0764259 0.084265 0.0838288 
0.349082 0.73071 0.776085 0.750533 0.576733 0.565987 -0.0832585 -0.147358 -0.13632 -0.142192 -0.12402 -0.125838 -0.00166896 0.015581 0.00671825 
7.74703e-35 1.31065e-34 0.091597 0.0495676 0.0386288 6.16283e-35 -5.55866e-34 -5.66531e-34 -0.0124244 -0.00336433 -0.00388339 -1.10579e-33 0.110452 0.113223 0.109871 
0.989605 0.644989 0.834685 0.74841 0.93556 0.878749 -0.00471069 -0.00220256 -0.00648259 -0.00372129 -0.00601592 -0.00404287 0.199075 0.191981 0.158176 
0.317131 0.330776 0.152903 0.242517 0.230792 0.323516 -0.0180645 -0.0132005 -0.00219624 -0.00663714 -0.00788743 -0.0160223 0.0737084 0.0754626 0.073483 
0.276322 0.313211 0.158348 0.239069 0.218361 0.294717 0.00632258 0.0105022 0.00351483 0.00708396 0.00545329 0.00842488 0.0730823 0.0712127 0.0715542 
0.311549 0.349476 0.191025 0.277305 0.256221 0.331122 0.00913502 0.00831007 0.00249077 0.00532714 0.00545554 0.00890068 0.0612902 0.0559123 0.0571129 
1.85384e-34 0.155265 0.205066 0.180729 0.109478 0.0814319 1.78944e-34 0.000159604 -0.000100348 5.37527e-05 -2.35446e-05 2.66597e-05 0.0365062 0.0399459 0.0345158 
1.85384e-34 1.87119e-34 0.155265 0.0812991 0.0814319 1.32521e-34 1.78944e-34 2.10381e-34 0.000159604 6.57631e-05 2.66597e-05 3.89143e-34 0.0365062 0.0428699 0.0399459 
0.309361 0.205066 0.155265 0.180729 0.238179 0.260361 0.000780619 -0.000100348 0.000159604 5.37527e-05 0.000423783 0.000169785 0.0398149 0.0345158 0.0399459 
2.10337e-34 2.13646e-34 0.171884 0.0912955 0.0901585 1.54259e-34 -4.77173e-34 -4.33783e-34 -0.00126052 -0.000234623 -0.000501678 -9.09181e-34 0.0962714 0.0878197 0.0918162 
5.55892e-34 6.37441e-34 0.399711 0.215277 0.202062 4.09519e-34 1.95626e-34 2.76316e-34 -0.0165332 -0.00519701 -0.00433246 5.00926e-34 0.0434174 0.0595655 0.0539011 
3.39496e-34 4.8146e-34 0.300428 0.158811 0.143781 2.62093e-34 1.89233e-34 1.79938e-34 -0.0164822 -0.0053722 -0.00446266 3.95633e-34 0.0407765 0.040524 0.0432979 
1.99595e-34 1.91319e-34 0.158764 0.0822998 0.0837231 1.43228e-34 -3.15689e-34 -2.82459e-34 0.00154039 0.000418436 0.000431347 -5.99939e-34 0.0641307 0.0573783 0.0610293 
1.72695e-34 1.62125e-34 0.135485 0.0695155 0.0712259 1.24411e-34 2.96635e-34 3.19115e-34 0.0018204 0.000537262 0.000484339 6.13642e-34 0.060303 0.0648292 0.0622727 
1.8435e-34 1.75873e-34 0.144959 0.075262 0.0761151 1.35028e-34 2.41178e-34 2.70231e-34 0.00092735 0.000287963 0.000232427 5.10362e-34 0.0491114 0.0549706 0.0519035 
1.3604e-34 1.275e-34 0.109137 0.0544808 0.0558691 9.45309e-35 3.59093e-34 3.63317e-34 0.00143116 0.000391168 0.000441974 7.20707e-34 0.0730143 0.0739612 0.0732655 
1.53482e-34 1.41928e-34 0.121536 0.0614296 0.0634477 1.08893e-34 3.37164e-34 3.50352e-34 0.00212639 0.000599812 0.000612746 6.85029e-34 0.0684903 0.0712023 0.0694855 
1.29026e-34 1.39255e-34 0.114986 0.0571072 0.0549568 9.15471e-35 3.51921e-34 3.37019e-34 -0.00236331 -0.000622327 -0.000484399 6.92314e-34 0.0719555 0.0691064 0.0713203 
1.2404e-34 1.23442e-34 0.105054 0.0521823 0.0521306 8.76194e-35 3.6399e-34 3.60234e-34 -0.000154296 -5.35326e-06 8.88945e-05 7.24592e-34 0.0741699 0.0735287 0.0740694 
0.894136 0.776085 0.73071 0.750533 0.838841 0.863173 -0.130166 -0.13632 -0.147358 -0.142192 -0.145817 -0.139255 0.0280169 0.00671825 0.015581 
1.78679e-34 1.70007e-34 0.142017 0.073795 0.0739067 1.3561e-34 -1.9612e-34 -1.69489e-34 0.000122565 1.99434e-05 5.29638e-05 -3.65764e-34 0.0397563 0.0343192 0.0370495 
1.87187e-34 1.82171e-34 0.148078 0.0767374 0.0775164 1.36559e-34 -2.51825e-34 -2.23329e-34 0.000839766 0.000211762 0.00025354 -4.76149e-34 0.0511373 0.0453043 0.0484032 
1.52587e-34 1.71802e-34 0.142656 0.0716619 0.0662974 1.1591e-34 3.15832e-34 2.89649e-34 -0.00575657 -0.00157332 -0.00133605 6.12619e-34 0.0649559 0.059846 0.0639419 
2.11597e-34 2.04778e-34 0.165509 0.0863046 0.0873948 1.57082e-34 -3.91514e-34 -3.51968e-34 0.00121014 0.000336303 0.000278206 -7.44891e-34 0.079379 0.0714555 0.0757305 
1.6269e-34 1.91076e-34 0.137692 0.0744418 0.0690462 1.3871e-34 -5.50429e-34 -5.18062e-34 -0.00549127 -0.00145165 -0.0017613 -1.06111e-33 0.110358 0.104323 0.106417 
0.530778 0.595013 0.593261 0.59786 0.573384 0.563118 -0.0604713 -0.090975 -0.0926269 -0.0927703 -0.0771309 -0.0750756 0.0798717 0.0791442 0.0858642 
0.881051 0.776085 0.928215 0.896788 0.929453 0.827539 -0.113838 -0.13632 -0.108303 -0.129346 -0.118096 -0.128714 0.00381811 0.00671825 0.0311234 
-2.51456e-35 -3.70272e-35 -0.0121121 -0.00304624 -0.00309434 -4.91608e-35 6.25523e-35 1.92638e-35 0.031652 0.0144176 0.0233903 3.29155e-35 0.00407894 0.00792842 0.00314108 
0.999378 0.999428 0.834685 0.953681 0.962527 0.999785 -0.0150969 -0.0084978 -0.00648259 -0.00826014 -0.0113423 -0.0110121 0.131352 0.166327 0.158176 
0.989605 0.834685 0.999428 0.953681 0.996173 0.93556 -0.00471069 -0.00648259 -0.0084978 -0.00826014 -0.00667333 -0.00601592 0.199075 0.158176 0.166327 
-4.10289e-34 0.437597 0.75 0.609436 0.4375 0.234401 -8.28359e-34 -8.5724e-05 -4.13384e-37 -7.91126e-05 -1.65643e-37 -2.4679e-05 0.347902 0.325055 0.347966 
0.298148 0.328131 0.169636 0.249886 0.235245 0.313879 -0.0253987 -0.0440443 -0.0166425 -0.0309348 -0.0225992 -0.034269 0.104909 0.106399 0.109657 
1.71802e-34 0.237964 0.142656 0.187462 0.0716619 0.111761 2.89649e-34 -0.0151576 -0.00575657 -0.00981694 -0.00157332 -0.00367377 0.059846 0.0612287 0.0639419 
0.360865 0.142656 0.237964 0.187462 0.303428 0.251286 -0.0325561 -0.00575657 -0.0151576 -0.00981694 -0.0240714 -0.0166326 0.0668485 0.0639419 0.0612287 
0.894136 0.928215 0.776085 0.896788 0.863173 0.914046 -0.130166 -0.108303 -0.13632 -0.129346 -0.139255 -0.119632 0.0280169 0.0311234 0.00671825 
0.596057 0.593261 0.595013 0.59786 0.612676 0.599113 -0.115508 -0.0926269 -0.090975 -0.0927703 -0.10599 -0.104578 0.0866207 0.0858642 0.0791442 
0.302341 0.142017 0.19335 0.168118 0.250505 0.227839 0.000768781 0.000122565 -7.72113e-05 4.35109e-05 0.000179856 0.000381087 0.0374203 0.0370495 0.0328096 
1.70007e-34 0.19335 0.142017 0.168118 0.073795 0.102343 -1.69489e-34 -7.72113e-05 0.000122565 4.35109e-05 1.99434e-05 -1.99446e-05 0.0343192 0.0328096 0.0370495 
-0.0738251 -0.0498473 -0.0501758 -0.0560628 -0.0677601 -0.0630296 0.0112476 0.0366881 0.0170534 0.0287059 0.0165718 0.0235503 0.016639 0.00575347 0.00849304 
0.881051 0.476409 0.776085 0.648612 0.827539 0.724461 -0.113838 -0.112959 -0.13632 -0.129133 -0.128714 -0.120776 0.00381811 -0.0246943 0.00671825 
-1.08306e-34 -0.0661645 -0.0773665 -0.0735526 -0.0557283 -0.0542672 -2.14838e-34 -0.00774824 -0.000633254 -0.00416363 -0.000169543 -0.00163813 0.043275 0.0479671 0.0325992 
1.09263e-33 0.103948 0.476409 0.24832 0.285517 0.0841349 9.0543e-36 0.00126907 -0.112959 -0.0578284 -0.0803221 -0.00440995 -0.0715424 -0.0294125 -0.0246943 
0.0195778 -0.0302089 0.109841 0.0233769 0.0624566 -0.0123916 -0.0398138 -0.0186474 -0.0643661 -0.039115 -0.0523213 -0.0290594 0.0525538 0.0670311 0.0680081 
0.302743 0.191025 0.349476 0.277305 0.327353 0.249656 0.00418147 0.00249077 0.00831007 0.00532714 0.00610491 0.00361821 0.0515062 0.0571129 0.0559123 
0.0661446 0.109841 -0.0302089 0.0233769 0.00997703 0.0853207 -0.0457013 -0.0643661 -0.0186474 -0.039115 -0.0311674 -0.0551531 0.0812536 0.0680081 0.0670311 
0.266527 0.158348 0.313211 0.239069 0.289934 0.213541 0.00910784 0.00351483 0.0105022 0.00708396 0.0101564 0.0061758 0.0690142 0.0715542 0.0712127 
0.254102 0.152903 0.330776 0.242517 0.290857 0.204552 -0.00266104 -0.00219624 -0.0132005 -0.00663714 -0.00699123 -0.00305204 0.0746067 0.073483 0.0754626 
0.340495 0.226727 0.399352 0.323189 0.372048 0.288909 -0.00585866 0.000542665 -0.000364745 6.13272e-05 -0.00331772 -0.0015938 0.0912367 0.0838288 0.084265 
0.32565 0.204838 0.3743 0.297846 0.35118 0.26794 0.00680271 0.00223172 0.00847121 0.00507164 0.00781399 0.00432785 0.061484 0.0547634 0.0560606 
0.446361 0.448912 0.490668 0.47335 0.471865 0.447498 0.0178779 0.0191237 0.0202345 0.0200557 0.0194136 0.0188249 0.0615607 0.065799 0.062871 
0.454548 0.429471 0.328131 0.37846 0.394055 0.443045 -0.0653497 -0.0780508 -0.0440443 -0.0613758 -0.0563085 -0.0718318 0.101469 0.10263 0.106399 
0.503579 0.490668 0.448912 0.47335 0.483973 0.497936 0.0197259 0.0202345 0.0191237 0.0200557 0.0202069 0.0202808 0.0664645 0.062871 0.065799 
0.617568 0.632792 0.595013 0.621971 0.606063 0.638284 -0.100245 -0.122857 -0.090975 -0.107736 -0.096103 -0.114208 0.0724796 0.0798633 0.0791442 
1.90143e-34 0.194824 0.200592 0.19772 0.106843 0.103431 1.16804e-34 -0.000319629 -0.000343205 -0.000334582 -9.188e-05 -8.94498e-05 0.023857 0.0254004 0.0212951 
0.440332 0.458967 0.505766 0.486216 0.477316 0.448836 0.00369729 -0.00801783 -0.00560112 -0.0068669 -0.000385985 -0.00153182 0.0755444 0.0780504 0.07939 
0.596057 0.595013 0.632792 0.621971 0.615295 0.612676 -0.115508 -0.090975 -0.122857 -0.107736 -0.11983 -0.10599 0.0866207 0.0791442 0.0798633 
0.529673 0.505766 0.458967 0.486216 0.505414 0.51944 -0.0207629 -0.00560112 -0.00801783 -0.0068669 -0.0140984 -0.0128301 0.0842209 0.07939 0.0780504 
1.86216e-34 0.202884 0.184947 0.193964 0.097755 0.107857 -1.15508e-34 -0.00036614 -0.000302597 -0.000337315 -8.34403e-05 -9.92855e-05 0.0233616 0.0213322 0.0249408 
0.500041 0.490858 0.496384 0.499712 0.499231 0.497551 0.002236 -2.64811e-05 0.000139177 0.000106398 0.00108368 0.000967489 0.0362885 0.0314855 0.0322008 
0.454776 0.467716 0.495115 0.484455 0.480059 0.461717 0.00233817 0.00630678 0.00465914 0.00554587 0.00346593 0.00411195 0.0387242 0.0445841 0.0405124 
0.500191 0.495115 0.467716 0.484455 0.491468 0.498688 0.00776638 0.00465914 0.00630678 0.00554587 0.00726747 0.00620163 0.0440669 0.0405124 0.0445841 
0.881051 0.928215 0.964095 0.947305 0.951761 0.929453 -0.113838 -0.108303 -0.0844588 -0.0989609 -0.103864 -0.118096 0.00381811 0.0311234 0.0398653 
0.500191 0.497313 0.469155 0.486717 0.493034 0.499701 0.00776638 0.0105859 0.0065273 0.00857409 0.0074066 0.00922707 0.0440669 0.0475853 0.0434486 
0.466766 0.469155 0.497313 0.486717 0.486122 0.4678 0.0102189 0.0065273 0.0105859 0.00857409 0.0106025 0.00837997 0.0489068 0.0434486 0.0475853 
0.317851 0.205066 0.361024 0.29046 0.340311 0.264958 -0.000656461 -0.000100348 -1.86333e-05 -8.9453e-05 -0.000454439 -0.000313666 0.0292732 0.0345158 0.0346319 
0.309361 0.361024 0.205066 0.29046 0.260361 0.336282 0.000780619 -1.86333e-05 -0.000100348 -8.9453e-05 0.000169785 0.000398991 0.0398149 0.0346319 0.0345158 
0.641653 0.843304 0.766244 0.806506 0.716924 0.765349 -0.0692437 -0.11979 -0.111115 -0.11669 -0.0904842 -0.0966123 0.0446053 0.0380431 0.0453382 
0.326371 0.62616 0.73071 0.676332 0.526636 0.482312 -0.0860779 -0.146035 -0.147358 -0.146977 -0.126028 -0.122481 0.0101019 0.0217556 0.015581 
0.503579 0.509808 0.491404 0.504121 0.506246 0.507614 0.0197259 0.016379 0.0158906 0.0164368 0.0181403 0.0184536 0.0664645 0.0702085 0.0676505 
0.490361 0.491404 0.509808 0.504121 0.504841 0.491155 0.0113687 0.0158906 0.016379 0.0164368 0.0141891 0.0140077 0.0736362 0.0676505 0.0702085 
0.820634 0.766244 0.843304 0.806506 0.846797 0.821455 -0.150901 -0.111115 -0.11979 -0.11669 -0.1386 -0.135414 0.0330697 0.0453382 0.0380431 
0.349082 0.776085 0.476409 0.648612 0.398401 0.576733 -0.0832585 -0.13632 -0.112959 -0.129133 -0.0945897 -0.12402 -0.00166896 0.00671825 -0.0246943 
0.529673 0.540354 0.507727 0.528808 0.529975 0.535715 -0.0207629 -0.0374197 -0.0290153 -0.0337575 -0.0260498 -0.0286897 0.0842209 0.0881416 0.0914365 
0.820634 0.73071 0.62616 0.676332 0.749527 0.792105 -0.150901 -0.147358 -0.146035 -0.146977 -0.155833 -0.153022 0.0330697 0.015581 0.0217556 
0.474258 0.491425 0.237964 0.36907 0.350958 0.484081 -0.0527702 -0.0595781 -0.0151576 -0.0345843 -0.0308771 -0.0567421 0.0586111 0.0643951 0.0612287 
0.480467 0.507727 0.540354 0.528808 0.524647 0.49682 -0.0493132 -0.0290153 -0.0374197 -0.0337575 -0.0450223 -0.0390754 0.0982906 0.0914365 0.0881416 
0.804356 0.964095 0.928215 0.947305 0.892908 0.907634 -0.0625747 -0.0844588 -0.108303 -0.0989609 -0.085806 -0.0756838 0.0478036 0.0398653 0.0311234 
0.279288 0.510382 0.258964 0.385105 0.270157 0.39062 -0.103644 -0.143329 -0.0886516 -0.11918 -0.09778 -0.12472 0.0496542 0.0392895 0.0288591 
0.546392 0.258964 0.510382 0.385105 0.527897 0.397143 -0.143023 -0.0886516 -0.143329 -0.11918 -0.143512 -0.117948 0.0298059 0.0288591 0.0392895 
0.286015 0.33956 0.19335 0.272182 0.24166 0.313629 -0.000517577 -0.000169314 -7.72113e-05 -0.000109168 -0.00025393 -0.000409808 0.02835 0.0322482 0.0328096 
-0.0356441 -0.0501758 -0.0498473 -0.0560628 -0.0447619 -0.0447287 0.0382659 0.0170534 0.0366881 0.0287059 0.0398009 0.0279374 0.00496524 0.00849304 0.00575347 
0.360865 0.237964 0.491425 0.36907 0.424714 0.303428 -0.0325561 -0.0151576 -0.0595781 -0.0345843 -0.0449281 -0.0240714 0.0668485 0.0612287 0.0643951 
0.302341 0.19335 0.33956 0.272182 0.32132 0.250505 0.000768781 -7.72113e-05 -0.000169314 -0.000109168 0.000288893 0.000179856 0.0374203 0.0328096 0.0322482 
0.468065 0.49794 0.474058 0.489366 0.471183 0.487462 -0.00129404 -0.00174774 -0.00176167 -0.00181487 -0.00160917 -0.00157142 0.0271152 0.0240574 0.0212744 
0.631227 0.526607 0.673207 0.615723 0.658997 0.578762 -0.158865 -0.147218 -0.150263 -0.153864 -0.156932 -0.153747 0.0533399 0.0634836 0.0658914 
0.571787 0.540782 0.551141 0.560358 0.567907 0.556746 -0.0841005 -0.0696009 -0.0558982 -0.0647739 -0.0700038 -0.0771605 0.0907749 0.094587 0.0854588 
0.51626 0.516598 0.491735 0.511741 0.505472 0.51825 0.00045262 0.00604006 0.0102878 0.00821617 0.00593436 0.00347917 0.0786811 0.0772729 0.0744761 
0.501542 0.499144 0.49004 0.501032 0.496843 0.502443 0.019043 0.0162421 0.0167892 0.0168994 0.0181685 0.0178451 0.0593582 0.0552194 0.0559694 
0.499488 0.474058 0.49794 0.489366 0.499867 0.495209 -0.00195182 -0.00176167 -0.00174774 -0.00181487 -0.00192635 -0.00192275 0.0192272 0.0212744 0.0240574 
0.49849 0.496384 0.490858 0.499712 0.495465 0.499913 -0.00119181 0.000139177 -2.64811e-05 0.000106398 -0.000674095 -0.000608901 0.0273976 0.0322008 0.0314855 
0.500627 0.49004 0.499144 0.501032 0.501121 0.497285 0.0141118 0.0167892 0.0162421 0.0168994 0.0153436 0.0155943 0.0518181 0.0559694 0.0552194 
0.508263 0.491735 0.516598 0.511741 0.514166 0.501819 0.0137721 0.0102878 0.00604006 0.00821617 0.0102194 0.0121661 0.072846 0.0744761 0.0772729 
0.549412 0.551141 0.540782 0.560358 0.551034 0.551729 -0.0486285 -0.0558982 -0.0696009 -0.0647739 -0.0594945 -0.0526016 0.0882088 0.0854588 0.094587 
-3.70272e-35 -0.0144888 -0.0121121 -0.0145757 -0.00304624 -0.00434731 1.92638e-35 0.0134004 0.031652 0.0233402 0.0144176 0.00983168 0.00792842 0.00559163 0.00314108 
-0.0356441 -0.0121121 -0.0144888 -0.0145757 -0.0266038 -0.0245465 0.0382659 0.031652 0.0134004 0.0233402 0.0262584 0.0376097 0.00496524 0.00314108 0.00559163 
-2.51456e-35 -0.0121121 -0.0215233 -0.0179416 -0.00829056 -0.00309434 6.25523e-35 0.031652 0.0593996 0.0476554 0.0503566 0.0233903 0.00407894 0.00314108 -0.00140329 
-0.0356441 -0.0215233 -0.0121121 -0.0179416 -0.0245465 -0.0294234 0.0382659 0.0593996 0.031652 0.0476554 0.0376097 0.0499847 0.00496524 -0.00140329 0.00314108 
