0.473797 0.84482 1.08846e-33 0.563146 0.283888 0.673799 -0.111352 -0.0582966 1.07447e-35 -0.0804171 -0.0793956 -0.108317 -0.0246767 0.0137366 -0.071419 
0.00156866 0.0164338 0.266387 0.123057 0.116295 0.00790589 -0.0267782 -0.0379581 -0.0972528 -0.0654694 -0.0609336 -0.0337635 0.0323627 0.0515977 0.0493025 
0.502664 0.448331 0.504007 0.494056 0.504399 0.485606 0.00929226 0.00841797 0.00832506 0.00897578 0.00891269 0.00920163 0.0434662 0.0484659 0.0472028 
0.51049 0.449628 0.51432 0.502621 0.513829 0.490916 0.00158402 0.00229168 -0.00259312 -0.000262145 -0.000351132 0.00185273 0.0650712 0.0675676 0.0690694 
0.538502 0.494242 0.542358 0.541803 0.541352 0.53012 -0.0284317 -0.0242404 -0.040543 -0.033969 -0.0341587 -0.0273989 0.0828795 0.0786146 0.0862247 
0.299376 0.273314 0.591611 0.442383 0.462919 0.285608 -0.10287 -0.0905867 -0.131622 -0.118636 -0.125813 -0.0972376 0.0664331 0.0802316 0.0742714 
0.366442 0.295121 0.190319 0.244993 0.28703 0.332758 0.00615524 0.00367748 0.00164695 0.00266953 0.00383115 0.00493094 0.0435822 0.0385975 0.0439162 
0.570456 0.402354 0.530951 0.47857 0.551201 0.504842 -0.0766939 -0.0683406 -0.0644567 -0.0689972 -0.0708017 -0.0775832 0.0881844 0.0975648 0.091409 
0.879831 0.84482 0.473797 0.673799 0.722194 0.868237 -0.111858 -0.0582966 -0.111352 -0.108317 -0.118898 -0.0895006 0.00316444 0.0137366 -0.0246767 
0.37742 0.188539 0.309991 0.251563 0.345583 0.288977 -0.025004 -0.0067162 -0.0106918 -0.00947027 -0.0172521 -0.0160612 0.0924515 0.0949143 0.0881246 
0.570456 0.489902 0.402354 0.445897 0.504842 0.541728 -0.0766939 -0.0921561 -0.0683406 -0.0806519 -0.0775832 -0.0863625 0.0881844 0.0922589 0.0975648 
0.355355 0.310095 0.462978 0.400931 0.418008 0.333498 0.00290353 0.00299745 0.00664829 0.00506599 0.00479535 0.00302811 0.022854 0.0292645 0.027073 
0.440536 0.462978 0.310095 0.400931 0.384457 0.452433 0.00711438 0.00664829 0.00299745 0.00506599 0.00512064 0.00695053 0.032239 0.027073 0.0292645 
0.51049 0.485815 0.495992 0.510041 0.504484 0.508435 0.00158402 0.00229226 0.00477438 0.00341805 0.00330067 0.00187546 0.0650712 0.06136 0.0611475 
0.502664 0.47032 0.49286 0.501422 0.498801 0.498144 0.00929226 0.00732506 0.00945891 0.00898792 0.00946951 0.00864985 0.0434662 0.0382972 0.0397471 
0.501794 0.47032 0.496133 0.486066 0.501356 0.49652 0.00917531 0.00732506 0.00802883 0.00789089 0.00870978 0.00861146 0.0359396 0.0382972 0.0313151 
0.496133 0.47032 0.448607 0.459979 0.478596 0.486066 0.00802883 0.00732506 0.00615367 0.00678885 0.00723341 0.00789089 0.0313151 0.0382972 0.0322272 
0.406541 0.213102 0.328649 0.274543 0.370484 0.322094 -0.0011458 -3.80214e-05 0.000972192 0.000239937 0.000166179 -0.000620869 0.0680436 0.0687448 0.0623478 
0.37742 0.309991 0.487327 0.412376 0.440817 0.345583 -0.025004 -0.0106918 -0.0219054 -0.0180188 -0.0247596 -0.0172521 0.0924515 0.0881246 0.084033 
0.0222526 -0.021541 0.0134549 -0.016465 0.0222954 -0.0110526 0.0451029 0.0586995 0.0194201 0.047135 0.0337127 0.0597785 -0.00928496 -0.00149987 0.00335379 
0.668521 0.669673 0.632973 0.676631 0.649677 0.697137 -0.102652 -0.139456 -0.0928298 -0.119225 -0.0983397 -0.125338 0.0624679 0.0642491 0.0700181 
0.489902 0.460711 0.286157 0.370083 0.393249 0.477337 -0.0921561 -0.110137 -0.0683472 -0.0904315 -0.083789 -0.10166 0.0922589 0.0854152 0.0965526 
0.591611 0.632973 0.669673 0.676631 0.631523 0.657372 -0.131622 -0.0928298 -0.139456 -0.119225 -0.136219 -0.119334 0.0742714 0.0700181 0.0642491 
0.406541 0.328649 0.485815 0.425405 0.453472 0.370484 -0.0011458 0.000972192 0.00229226 0.00144051 0.000316782 0.000166179 0.0680436 0.0623478 0.06136 
0.366442 0.444511 0.295121 0.38077 0.332758 0.409324 0.00615524 0.00812597 0.00367748 0.00612174 0.00493094 0.00730387 0.0435822 0.0377317 0.0385975 
0.591232 0.460711 0.489902 0.477337 0.54532 0.540491 -0.104124 -0.110137 -0.0921561 -0.10166 -0.0999263 -0.11094 0.0840191 0.0854152 0.0922589 
0.397664 0.314562 0.47032 0.408378 0.439462 0.358769 0.00470393 0.00285737 0.00732506 0.00514735 0.00610271 0.00380887 0.0436833 0.0379529 0.0382972 
0.366442 0.285705 0.448331 0.378808 0.411264 0.328111 0.00615524 0.00400966 0.00841797 0.00659008 0.00753558 0.00512646 0.0435822 0.0487701 0.0484659 
0.538502 0.487327 0.522274 0.527392 0.532583 0.522594 -0.0284317 -0.0219054 -0.0169302 -0.0215468 -0.022484 -0.0261628 0.0828795 0.084033 0.0785568 
0.352058 0.270203 0.449628 0.370044 0.403849 0.312902 0.00468859 0.00311957 0.00229168 0.00349145 0.00410853 0.00392158 0.0630369 0.0665918 0.0675676 
0.364779 0.280243 0.494242 0.399798 0.432774 0.324535 -0.00494943 -0.00405812 -0.0242404 -0.0125694 -0.0129155 -0.00458194 0.0746462 0.0741106 0.0786146 
0.352058 0.301026 0.170651 0.238807 0.267491 0.32685 0.00468859 0.00437892 0.00162033 0.00291454 0.00337888 0.00468836 0.0630369 0.0579924 0.0629399 
0.366442 0.190319 0.285705 0.240504 0.328111 0.28703 0.00615524 0.00164695 0.00400966 0.00277859 0.00512646 0.00383115 0.0435822 0.0439162 0.0487701 
0.352058 0.445873 0.301026 0.3818 0.32685 0.40363 0.00468859 0.00629963 0.00437892 0.00589499 0.00468836 0.00557957 0.0630369 0.0590549 0.0579924 
0.364779 0.295245 0.162393 0.231271 0.266889 0.328998 -0.00494943 0.000914068 0.000316098 0.000436707 -0.0012221 -0.00136706 0.0746462 0.0721894 0.0732756 
0.352058 0.170651 0.270203 0.221745 0.312902 0.267491 0.00468859 0.00162033 0.00311957 0.00245996 0.00392158 0.00337888 0.0630369 0.0629399 0.0665918 
0.466999 0.345576 0.197953 0.276284 0.337862 0.40386 -0.0419337 -0.0172857 -0.00717861 -0.0128033 -0.021674 -0.0280221 0.0705581 0.0723247 0.0667376 
0.364779 0.162393 0.280243 0.219935 0.324535 0.266889 -0.00494943 0.000316098 -0.00405812 -0.00112065 -0.00458194 -0.0012221 0.0746462 0.0732756 0.0741106 
0.424113 0.301026 0.445873 0.3818 0.435032 0.36858 0.00724521 0.00437892 0.00629963 0.00589499 0.0068767 0.00597665 0.0539511 0.0579924 0.0590549 
0.364779 0.463681 0.295245 0.387805 0.328998 0.419541 -0.00494943 -0.00722766 0.000914068 -0.00196637 -0.00136706 -0.00622822 0.0746462 0.074971 0.0721894 
0.428873 0.295245 0.463681 0.387805 0.445991 0.368338 -0.000445479 0.000914068 -0.00722766 -0.00196637 -0.00347167 0.000416739 0.0712051 0.0721894 0.074971 
0.388068 0.461117 0.487244 0.475775 0.449715 0.429305 0.00108611 0.000808814 0.00281225 0.00169427 0.0019416 0.00100241 0.0103131 0.00553549 0.0124619 
0.500114 0.487244 0.461117 0.475775 0.489963 0.496692 0.00186163 0.00281225 0.000808814 0.00169427 0.00136734 0.00236818 0.00842498 0.0124619 0.00553549 
0.466999 0.554907 0.345576 0.466122 0.40386 0.519918 -0.0419337 -0.0563402 -0.0172857 -0.0352811 -0.0280221 -0.0504538 0.0705581 0.0782686 0.0723247 
0.490993 0.345576 0.554907 0.466122 0.522693 0.42818 -0.0326087 -0.0172857 -0.0563402 -0.0352811 -0.0436876 -0.0254252 0.0777867 0.0723247 0.0782686 
0.37742 0.457291 0.264008 0.366146 0.324052 0.418051 -0.025004 -0.0472361 -0.0233208 -0.0374826 -0.0251193 -0.0356843 0.0924515 0.0941976 0.0991005 
0.464894 0.350341 0.485514 0.430467 0.476336 0.414696 -0.0118351 -0.003787 -0.00571548 -0.00548956 -0.00864142 -0.00754641 0.0788611 0.0756148 0.0726098 
0.406541 0.485514 0.350341 0.430467 0.380328 0.451577 -0.0011458 -0.00571548 -0.003787 -0.00548956 -0.00257559 -0.00320321 0.0680436 0.0726098 0.0756148 
0.463653 0.349097 0.478064 0.426898 0.471423 0.415092 0.00433363 0.00303191 0.00644966 0.00473945 0.00547106 0.00390992 0.0552915 0.050512 0.0493236 
0.397664 0.478064 0.349097 0.426898 0.374788 0.444244 0.00470393 0.00644966 0.00303191 0.00473945 0.00388855 0.00576228 0.0436833 0.0493236 0.050512 
0.504317 0.504007 0.448331 0.494056 0.485574 0.505505 0.00807516 0.00832506 0.00841797 0.00897578 0.00868446 0.00825118 0.050841 0.0472028 0.0484659 
0.466999 0.382286 0.632973 0.53341 0.557748 0.42857 -0.0419337 -0.0305918 -0.0928298 -0.0603245 -0.0654403 -0.0370081 0.0705581 0.0642046 0.0700181 
0.516751 0.51432 0.449628 0.502621 0.494425 0.516716 -0.00473755 -0.00259312 0.00229168 -0.000262145 -0.000885938 -0.00368423 0.071599 0.0690694 0.0675676 
0.440536 0.444511 0.494525 0.475482 0.473939 0.442557 0.00711438 0.00812597 0.00859654 0.00863613 0.00809903 0.0076554 0.032239 0.0377317 0.0319119 
0.555327 0.542358 0.494242 0.541803 0.542856 0.54883 -0.048619 -0.040543 -0.0242404 -0.033969 -0.0368385 -0.0445379 0.0863164 0.0862247 0.0786146 
3.48535e-34 0.212861 0.293823 0.254766 0.162413 0.113795 -8.24305e-35 0.000255232 0.00105302 0.000581521 0.000306566 0.000111827 0.0168251 0.0111022 0.0162053 
0.501794 0.494525 0.444511 0.475482 0.484587 0.499022 0.00917531 0.00859654 0.00812597 0.00863613 0.00911153 0.00897908 0.0359396 0.0319119 0.0377317 
1.6794e-34 3.44231e-34 0.21732 0.116249 0.116519 5.5885e-35 6.1079e-35 9.16541e-35 0.00029833 0.000138416 8.17414e-05 1.519e-34 0.012444 0.0185453 0.0119339 
0.21732 3.44231e-34 0.295178 0.1642 0.258074 0.116249 0.00029833 9.16541e-35 0.00124843 0.000375992 0.000686948 0.000138416 0.0119339 0.0185453 0.0174212 
0.464894 0.518471 0.487327 0.508353 0.476356 0.499389 -0.0118351 -0.0109303 -0.0219054 -0.0163083 -0.0165431 -0.0120032 0.0788611 0.0760255 0.084033 
0.397664 0.206248 0.314562 0.263767 0.358769 0.313723 0.00470393 0.00114474 0.00285737 0.00196909 0.00380887 0.00278262 0.0436833 0.043543 0.0379529 
0.525656 0.487327 0.518471 0.508353 0.523702 0.519779 -0.0141836 -0.0219054 -0.0109303 -0.0163083 -0.0125469 -0.0188032 0.0775399 0.084033 0.0760255 
0.506656 0.495992 0.485815 0.510041 0.506607 0.502586 0.00562468 0.00477438 0.00229226 0.00341805 0.00404125 0.00520027 0.058064 0.0611475 0.06136 
0.501794 0.49286 0.47032 0.501422 0.49652 0.498774 0.00917531 0.00945891 0.00732506 0.00898792 0.00861146 0.00938955 0.0359396 0.0397471 0.0382972 
0.0134549 -0.021541 -0.0493603 -0.0344395 -0.0291224 -0.016465 0.0194201 0.0586995 0.0356098 0.0478884 0.0335212 0.047135 0.00335379 -0.00149987 0.0057068 
1.1254e-33 0.844243 0.843057 0.843876 0.513134 0.5124 1.01845e-33 -0.00207245 -0.00516171 -0.00323557 -0.00149843 -0.00102005 0.208407 0.230306 0.175915 
0.466999 0.197953 0.382286 0.285604 0.42857 0.337862 -0.0419337 -0.00717861 -0.0305918 -0.016621 -0.0370081 -0.021674 0.0705581 0.0667376 0.0642046 
0.295121 0.146671 0.190319 0.169134 0.244993 0.225999 0.00367748 0.000868144 0.00164695 0.00123112 0.00266953 0.00212476 0.0385975 0.0388663 0.0439162 
0.397664 0.349097 0.206248 0.282789 0.313723 0.374788 0.00470393 0.00303191 0.00114474 0.00210628 0.00278262 0.00388855 0.0436833 0.050512 0.043543 
0.51049 0.454564 0.449628 0.451894 0.490916 0.491396 0.00158402 0.0044627 0.00229168 0.00337113 0.00185273 0.00330052 0.0650712 0.0635975 0.0675676 
0.538502 0.484906 0.494242 0.488753 0.53012 0.524533 -0.0284317 -0.015516 -0.0242404 -0.0197367 -0.0273989 -0.0221551 0.0828795 0.0775983 0.0786146 
0.502664 0.458958 0.448331 0.453756 0.485606 0.488309 0.00929226 0.00883153 0.00841797 0.00865213 0.00920163 0.00940479 0.0434662 0.0431229 0.0484659 
0.406541 0.350341 0.213102 0.287867 0.322094 0.380328 -0.0011458 -0.003787 -3.80214e-05 -0.00133018 -0.000620869 -0.00257559 0.0680436 0.0756148 0.0687448 
2.73565e-34 0.26945 0.212861 0.241914 0.113455 0.147311 -2.74177e-35 0.000157924 0.000255232 0.000232542 3.56126e-05 2.42264e-05 0.00557296 0.00656809 0.0111022 
0.525656 0.522274 0.487327 0.527392 0.519779 0.52507 -0.0141836 -0.0169302 -0.0219054 -0.0215468 -0.0188032 -0.0156499 0.0775399 0.0785568 0.084033 
0.440536 0.349245 0.444511 0.402403 0.442557 0.399829 0.00711438 0.00465564 0.00812597 0.00651196 0.0076554 0.00600076 0.032239 0.034017 0.0377317 
0.295121 0.444511 0.349245 0.402403 0.323106 0.38077 0.00367748 0.00812597 0.00465564 0.00651196 0.00422078 0.00612174 0.0385975 0.0377317 0.034017 
0.388068 0.44349 0.293823 0.380013 0.344526 0.417774 0.00108611 0.00326449 0.00105302 0.0020904 0.00116365 0.0020553 0.0103131 0.0172529 0.0162053 
0.37742 0.264008 0.188539 0.229507 0.288977 0.324052 -0.025004 -0.0233208 -0.0067162 -0.0138806 -0.0160612 -0.0251193 0.0924515 0.0991005 0.0949143 
0.299376 0.591611 0.512437 0.558166 0.407033 0.462919 -0.10287 -0.131622 -0.136251 -0.136462 -0.121888 -0.125813 0.0664331 0.0742714 0.0624528 
3.48535e-34 1.6453e-34 0.212861 0.113573 0.113795 5.37427e-35 -8.24305e-35 -5.50605e-35 0.000255232 6.64695e-05 0.000111827 -1.38212e-34 0.0168251 0.0111619 0.0111022 
0.0134549 -0.0720547 0.0573662 -0.0320489 0.0344942 -0.0388486 0.0194201 0.0100953 -0.0224712 0.00356285 -0.00316002 0.018866 0.00335379 0.0165898 0.015487 
0.309991 0.188539 0.152081 0.172185 0.236378 0.251563 -0.0106918 -0.0067162 -0.00246218 -0.00431254 -0.00620603 -0.00947027 0.0881246 0.0949143 0.0889225 
0.428265 0.530951 0.402354 0.47857 0.416219 0.485779 -0.0586585 -0.0644567 -0.0683406 -0.0689972 -0.0635419 -0.0631772 0.0967234 0.091409 0.0975648 
0.356909 0.293823 0.44349 0.380013 0.405205 0.326452 0.00255974 0.00105302 0.00326449 0.0020904 0.00304967 0.00173598 0.0223055 0.0162053 0.0172529 
0.250268 0.321106 0.0573662 0.168409 0.144574 0.284705 -0.0850839 -0.0834014 -0.0224712 -0.0471385 -0.0538339 -0.0840404 0.0288937 0.0100028 0.015487 
0.463653 0.505938 0.485815 0.499345 0.475511 0.492118 0.00433363 0.00627884 0.00229226 0.00442623 0.00343709 0.00534475 0.0552915 0.0546661 0.06136 
0.464894 0.487327 0.375424 0.437862 0.424792 0.476356 -0.0118351 -0.0219054 -0.00958461 -0.0158862 -0.0111113 -0.0165431 0.0788611 0.084033 0.0822161 
0.506656 0.485815 0.505938 0.499345 0.508167 0.506607 0.00562468 0.00229226 0.00627884 0.00442623 0.00601567 0.00404125 0.058064 0.06136 0.0546661 
0.314562 0.349654 0.47032 0.420552 0.408378 0.332657 0.00285737 0.00342703 0.00732506 0.00545468 0.00514735 0.0031888 0.0379529 0.0323536 0.0382972 
0.0164338 0.100291 0.266387 0.174529 0.123057 0.0563396 -0.0379581 -0.059157 -0.0972528 -0.0780961 -0.0654694 -0.0488699 0.0515977 0.0661621 0.0493025 
0.995296 0.984279 0.745989 0.909361 0.917807 0.992235 -0.0347321 -0.0602295 -0.0316109 -0.0475943 -0.0388481 -0.0485858 0.0865446 0.0558495 0.0684347 
0.285705 0.33487 0.448331 0.398436 0.378808 0.31098 0.00400966 0.00533114 0.00841797 0.00701858 0.00659008 0.00472776 0.0487701 0.0528829 0.0484659 
0.448607 0.47032 0.349654 0.420552 0.405488 0.459979 0.00615367 0.00732506 0.00342703 0.00545468 0.00483991 0.00678885 0.0322272 0.0382972 0.0323536 
0.309991 0.375424 0.487327 0.437862 0.412376 0.34435 -0.0106918 -0.00958461 -0.0219054 -0.0158862 -0.0180188 -0.0103449 0.0881246 0.0822161 0.084033 
0.270203 0.326121 0.449628 0.394535 0.370044 0.29821 0.00311957 0.00237853 0.00229168 0.00232683 0.00349145 0.00300219 0.0665918 0.0696004 0.0675676 
0.280243 0.361535 0.494242 0.436848 0.399798 0.319763 -0.00405812 -0.0136915 -0.0242404 -0.0195751 -0.0125694 -0.00804404 0.0741106 0.0747288 0.0786146 
0.406416 0.38325 0.276542 0.334224 0.34874 0.395322 0.00145869 0.000258235 0.000223773 0.000262089 0.000701811 0.000780285 0.0114414 0.00436894 0.00735886 
0.424113 0.448331 0.33487 0.398436 0.382854 0.43676 0.00724521 0.00841797 0.00533114 0.00701858 0.00647753 0.00787647 0.0539511 0.0484659 0.0528829 
0.428873 0.449628 0.326121 0.394535 0.380527 0.439555 -0.000445479 0.00229168 0.00237853 0.00232683 0.00139703 0.00101882 0.0712051 0.0675676 0.0696004 
0.490993 0.494242 0.361535 0.436848 0.43099 0.492244 -0.0326087 -0.0242404 -0.0136915 -0.0195751 -0.022328 -0.0282367 0.0777867 0.0786146 0.0747288 
0.328649 0.213102 0.160991 0.187755 0.251642 0.274543 0.000972192 -3.80214e-05 0.000261676 0.000136588 0.000583668 0.000239937 0.0623478 0.0687448 0.0622313 
0.388068 0.26945 0.37681 0.327253 0.382374 0.333785 0.00108611 0.000157924 0.000168347 0.000177226 0.000582202 0.000512436 0.0103131 0.00656809 0.00388116 
0.591611 0.273314 0.460711 0.372426 0.526336 0.442383 -0.131622 -0.0905867 -0.110137 -0.103581 -0.122226 -0.118636 0.0742714 0.0802316 0.0854152 
0.538173 0.321106 0.250268 0.284705 0.387972 0.43716 -0.137112 -0.0834014 -0.0850839 -0.0840404 -0.113003 -0.115514 0.0296124 0.0100028 0.0288937 
-9.4678e-35 -1.20428e-34 -0.0720547 -0.0675089 -0.0593915 4.32061e-36 -3.98918e-35 -1.14942e-34 0.0100953 0.00396715 0.0067339 -1.70383e-34 0.0103457 0.0244255 0.0165898 
0.406416 0.46865 0.38325 0.432804 0.395322 0.441694 0.00145869 0.000890695 0.000258235 0.000545811 0.000780285 0.00122684 0.0114414 0.005643 0.00436894 
0.388068 0.37681 0.461117 0.424758 0.429305 0.382374 0.00108611 0.000168347 0.000808814 0.000445192 0.00100241 0.000582202 0.0103131 0.00388116 0.00553549 
0.463653 0.485815 0.383064 0.44423 0.428569 0.475511 0.00433363 0.00229226 0.00255546 0.0026142 0.00341949 0.00343709 0.0552915 0.06136 0.0570478 
0.51049 0.492124 0.485815 0.489038 0.508435 0.510614 0.00158402 -0.00112073 0.00229226 0.000850026 0.00187546 -4.95366e-06 0.0650712 0.0670319 0.06136 
0.328649 0.383064 0.485815 0.44423 0.425405 0.357275 0.000972192 0.00255546 0.00229226 0.0026142 0.00144051 0.00172705 0.0623478 0.0570478 0.06136 
0.00156866 0.0573662 -0.0720547 -0.0320489 -0.0498682 0.0276032 -0.0267782 -0.0224712 0.0100953 0.00356285 -0.00350477 -0.0247386 0.0323627 0.015487 0.0165898 
0.299376 0.266387 0.100291 0.174529 0.193203 0.283718 -0.10287 -0.0972528 -0.059157 -0.0780961 -0.0814629 -0.101347 0.0664331 0.0493025 0.0661621 
1.6453e-34 2.73565e-34 0.212861 0.113455 0.113573 5.33162e-35 -5.50605e-35 -2.74177e-35 0.000255232 3.56126e-05 6.64695e-05 -8.27045e-35 0.0111619 0.00557296 0.0111022 
0.502664 0.480612 0.47032 0.475613 0.498144 0.500631 0.00929226 0.00746788 0.00732506 0.00749511 0.00864985 0.00859366 0.0434662 0.0437529 0.0382972 
0.382286 0.510556 0.632973 0.587678 0.53341 0.445387 -0.0305918 -0.0560645 -0.0928298 -0.0757417 -0.0603245 -0.0422397 0.0642046 0.0615369 0.0700181 
8.62572e-34 1.1254e-33 0.843057 0.513134 0.509973 -4.15587e-35 7.97426e-34 1.01845e-33 -0.00516171 -0.00149843 -0.00208855 1.82141e-33 0.163392 0.208407 0.175915 
0.668521 0.632973 0.510556 0.587678 0.602766 0.649677 -0.102652 -0.0928298 -0.0560645 -0.0757417 -0.0794786 -0.0983397 0.0624679 0.0700181 0.0615369 
0.264008 0.457291 0.29538 0.383036 0.280112 0.366146 -0.0233208 -0.0472361 -0.0386325 -0.0454972 -0.0305924 -0.0374826 0.0991005 0.0941976 0.10028 
0.00156866 -0.062343 0.0164338 -0.0381452 0.00790589 -0.0463856 -0.0267782 -0.00789151 -0.0379581 -0.0200077 -0.0337635 -0.0160817 0.0323627 0.0469893 0.0515977 
0.345576 0.127401 0.197953 0.160346 0.276284 0.23696 -0.0172857 -0.00220658 -0.00717861 -0.0044117 -0.0128033 -0.00795723 0.0723247 0.0698104 0.0667376 
0.295245 0.117597 0.162393 0.139701 0.231271 0.208889 0.000914068 0.000613652 0.000316098 0.000448798 0.000436707 0.00112018 0.0721894 0.0719559 0.0732756 
0.301026 0.12815 0.170651 0.14985 0.238807 0.220001 0.00437892 0.000919962 0.00162033 0.0012173 0.00291454 0.00253112 0.0579924 0.0587551 0.0629399 
0.280243 0.162393 0.117319 0.139933 0.199118 0.219935 -0.00405812 0.000316098 -0.000317194 -0.000151953 -0.00160966 -0.00112065 0.0741106 0.0732756 0.0733188 
0.270203 0.170651 0.122161 0.146542 0.198992 0.221745 0.00311957 0.00162033 0.000869793 0.00118621 0.00198423 0.00245996 0.0665918 0.0629399 0.0667114 
0.285705 0.190319 0.134327 0.162621 0.214779 0.240504 0.00400966 0.00164695 0.000892846 0.00124764 0.00228415 0.00277859 0.0487701 0.0439162 0.049186 
0.708183 0.995296 0.745989 0.917807 0.731024 0.909839 -0.0138962 -0.0347321 -0.0316109 -0.0388481 -0.020844 -0.0246396 0.107085 0.0865446 0.0684347 
0.490993 0.554907 0.566041 0.564708 0.540477 0.522693 -0.0326087 -0.0563402 -0.0535294 -0.0556132 -0.043417 -0.0436876 0.0777867 0.0782686 0.0838741 
0.428873 0.463681 0.506168 0.488999 0.474682 0.445991 -0.000445479 -0.00722766 -0.00610942 -0.00679084 -0.00298031 -0.00347167 0.0712051 0.074971 0.0733915 
0.570456 0.566041 0.554907 0.564708 0.586229 0.574953 -0.0766939 -0.0535294 -0.0563402 -0.0556132 -0.0692536 -0.0651436 0.0881844 0.0838741 0.0782686 
0.424113 0.445873 0.491038 0.472177 0.463473 0.435032 0.00724521 0.00629963 0.00756725 0.00699037 0.00770011 0.0068767 0.0539511 0.0590549 0.0542562 
0.525656 0.506168 0.463681 0.488999 0.507655 0.518036 -0.0141836 -0.00610942 -0.00722766 -0.00679084 -0.0110437 -0.00985611 0.0775399 0.0733915 0.074971 
0.506656 0.491038 0.445873 0.472177 0.486304 0.500265 0.00562468 0.00756725 0.00629963 0.00699037 0.00619134 0.00675129 0.058064 0.0542562 0.0590549 
0.490993 0.566041 0.494242 0.536402 0.492244 0.540477 -0.0326087 -0.0535294 -0.0242404 -0.037471 -0.0282367 -0.043417 0.0777867 0.0838741 0.0786146 
0.428873 0.506168 0.449628 0.481002 0.439555 0.474682 -0.000445479 -0.00610942 0.00229168 -0.00106946 0.00101882 -0.00298031 0.0712051 0.0733915 0.0675676 
0.424113 0.491038 0.448331 0.472288 0.43676 0.463473 0.00724521 0.00756725 0.00841797 0.00835651 0.00787647 0.00770011 0.0539511 0.0542562 0.0484659 
0.555327 0.494242 0.566041 0.536402 0.562282 0.542856 -0.048619 -0.0242404 -0.0535294 -0.037471 -0.0513349 -0.0368385 0.0863164 0.0786146 0.0838741 
0.516751 0.449628 0.506168 0.481002 0.513194 0.494425 -0.00473755 0.00229168 -0.00610942 -0.00106946 -0.0054829 -0.000885938 0.071599 0.0675676 0.0733915 
0.504317 0.448331 0.491038 0.472288 0.499458 0.485574 0.00807516 0.00841797 0.00756725 0.00835651 0.00786472 0.00868446 0.050841 0.0484659 0.0542562 
-0.0352432 -0.0493603 -0.021541 -0.0344395 -0.0292426 -0.04428 0.0375821 0.0356098 0.0586995 0.0478884 0.0492381 0.0388905 0.00487009 0.0057068 -0.00149987 
2.81027e-34 0.21732 0.276542 0.247816 0.152303 0.116679 3.06804e-35 0.00029833 0.000223773 0.00028681 4.75714e-05 4.97387e-05 0.00623096 0.0119339 0.00735886 
8.20686e-34 1.07165e-33 0.835491 0.514429 0.504954 1.08516e-34 -5.32454e-34 -2.97683e-34 -0.0206011 -0.00723781 -0.00478482 -7.80639e-34 0.110373 0.0530116 0.0790037 
0.538502 0.492891 0.487327 0.490133 0.522594 0.526946 -0.0284317 -0.0339698 -0.0219054 -0.0272441 -0.0261628 -0.0326292 0.0828795 0.0886018 0.084033 
0.654716 0.733954 0.489523 0.650872 0.572992 0.714008 -0.0839834 -0.126258 -0.0501224 -0.0898427 -0.0662635 -0.1081 0.0503672 0.0553043 0.0555786 
0.668521 0.489523 0.733954 0.650872 0.702821 0.603337 -0.102652 -0.0501224 -0.126258 -0.0898427 -0.114547 -0.0783011 0.0624679 0.0555786 0.0553043 
0.989579 0.843057 0.844243 0.843876 0.97846 0.97822 -0.00462596 -0.00516171 -0.00207245 -0.00323557 -0.00373096 -0.00595263 0.198048 0.175915 0.230306 
0.196022 0.286157 0.460711 0.370083 0.32708 0.242549 -0.0648836 -0.0683472 -0.110137 -0.0904315 -0.0910431 -0.067641 0.089876 0.0965526 0.0854152 
0.424113 0.33487 0.301026 0.318255 0.36858 0.382854 0.00724521 0.00533114 0.00437892 0.00484203 0.00597665 0.00647753 0.0539511 0.0528829 0.0579924 
0.428873 0.326121 0.295245 0.310895 0.368338 0.380527 -0.000445479 0.00237853 0.000914068 0.00159657 0.000416739 0.00139703 0.0712051 0.0696004 0.0721894 
0.490993 0.361535 0.345576 0.353358 0.42818 0.43099 -0.0326087 -0.0136915 -0.0172857 -0.0157083 -0.0254252 -0.022328 0.0777867 0.0747288 0.0723247 
0.428265 0.29538 0.457291 0.383036 0.443927 0.363136 -0.0586585 -0.0386325 -0.0472361 -0.0454972 -0.052824 -0.0499722 0.0967234 0.10028 0.0941976 
0.314562 0.206248 0.148387 0.177705 0.237633 0.263767 0.00285737 0.00114474 0.000572825 0.000841751 0.00155473 0.00196909 0.0379529 0.043543 0.0374245 
0.440536 0.310095 0.349245 0.330411 0.399829 0.384457 0.00711438 0.00299745 0.00465564 0.00381471 0.00600076 0.00512064 0.032239 0.0292645 0.034017 
0.500248 0.44349 0.487244 0.469249 0.496134 0.484396 0.00518607 0.00326449 0.00281225 0.00314031 0.00397132 0.0043903 0.0191238 0.0172529 0.0124619 
0.500248 0.487244 0.488582 0.500221 0.498174 0.496134 0.00518607 0.00281225 0.00346651 0.00332691 0.00438922 0.00397132 0.0191238 0.0124619 0.014484 
0.382286 0.197953 0.153149 0.176434 0.268244 0.285604 -0.0305918 -0.00717861 -0.00549422 -0.00661161 -0.015754 -0.016621 0.0642046 0.0667376 0.0614054 
0.349097 0.155573 0.206248 0.181617 0.282789 0.261584 0.00303191 0.00057701 0.00114474 0.000846834 0.00210628 0.00165096 0.050512 0.0496796 0.043543 
0.879831 0.964551 0.84482 0.954069 0.868237 0.951468 -0.111858 -0.0830068 -0.0582966 -0.0833522 -0.0895006 -0.102082 0.00316444 0.0386918 0.0137366 
1.1254e-33 9.52601e-34 0.844243 0.513694 0.5124 -3.20933e-35 1.01845e-33 1.24548e-33 -0.00207245 -0.000699639 -0.00102005 2.26733e-33 0.208407 0.254299 0.230306 
-1.80779e-35 0.0296601 0.0588691 0.0414832 -0.0106898 -0.00696911 -4.27385e-34 -0.0184854 -0.0409761 -0.0292693 -0.012399 -0.00570951 0.0813678 0.0891791 0.0778333 
0.355355 0.191681 0.310095 0.254935 0.333498 0.281174 0.00290353 0.000873716 0.00299745 0.00179878 0.00302811 0.00189635 0.022854 0.0257842 0.0292645 
0.620425 0.538173 0.753824 0.667151 0.707198 0.577663 -0.141206 -0.137112 -0.151337 -0.151684 -0.152405 -0.139373 0.0214219 0.0296124 0.0411081 
0.463653 0.383064 0.349097 0.366674 0.415092 0.428569 0.00433363 0.00255546 0.00303191 0.00290989 0.00390992 0.00341949 0.0552915 0.0570478 0.050512 
0.82005 0.620425 0.753824 0.707198 0.786054 0.745971 -0.145854 -0.141206 -0.151337 -0.152405 -0.149888 -0.150637 0.0318417 0.0214219 0.0411081 
0.570456 0.599643 0.489902 0.565439 0.541728 0.585965 -0.0766939 -0.0843357 -0.0921561 -0.0927154 -0.0863625 -0.080868 0.0881844 0.0835848 0.0922589 
0.591232 0.489902 0.599643 0.565439 0.599733 0.54532 -0.104124 -0.0921561 -0.0843357 -0.0927154 -0.0946321 -0.0999263 0.0840191 0.0922589 0.0835848 
0.0134549 -0.0493603 -0.0720547 -0.0620478 -0.0388486 -0.0291224 0.0194201 0.0356098 0.0100953 0.0223851 0.018866 0.0335212 0.00335379 0.0057068 0.0165898 
8.8345e-34 7.36477e-34 0.708183 0.406752 0.397243 2.15164e-34 4.03509e-34 5.89179e-34 -0.0138962 -0.00402301 -0.00551797 1.01089e-33 0.085829 0.121325 0.107085 
0.350341 0.156815 0.213102 0.185669 0.287867 0.263168 -0.003787 -0.00052622 -3.80214e-05 -0.00034981 -0.00133018 -0.00189061 0.0756148 0.0755226 0.0687448 
0.464894 0.375424 0.350341 0.363855 0.414696 0.424792 -0.0118351 -0.00958461 -0.003787 -0.00632188 -0.00754641 -0.0111113 0.0788611 0.0822161 0.0756148 
0.504317 0.505938 0.478064 0.495987 0.502045 0.506737 0.00807516 0.00627884 0.00644966 0.00653307 0.00745381 0.00725768 0.050841 0.0546661 0.0493236 
0.463653 0.478064 0.505938 0.495987 0.492118 0.471423 0.00433363 0.00644966 0.00627884 0.00653307 0.00534475 0.00547106 0.0552915 0.0493236 0.0546661 
0.264008 0.11669 0.188539 0.152714 0.229507 0.192395 -0.0233208 -0.00503501 -0.0067162 -0.00603841 -0.0138806 -0.0133595 0.0991005 0.100373 0.0949143 
0.356909 0.292419 0.187416 0.242198 0.280161 0.326252 0.00255974 0.00205554 0.000665723 0.00127049 0.00156447 0.00238754 0.0223055 0.0280763 0.0243935 
0.894583 0.618109 0.929075 0.82641 0.914735 0.833668 -0.127045 -0.0504887 -0.10611 -0.0826062 -0.116997 -0.0928838 0.0267004 0.0440001 0.0297947 
0.500662 0.496133 0.439321 0.475304 0.483043 0.49907 0.0075152 0.00802883 0.00529005 0.00678589 0.0067156 0.00783902 0.0272388 0.0313151 0.0276835 
0.406416 0.276542 0.21732 0.247816 0.324866 0.34874 0.00145869 0.000223773 0.00029833 0.00028681 0.000830921 0.000701811 0.0114414 0.00735886 0.0119339 
0.491041 0.411377 0.46865 0.443746 0.48156 0.461547 0.000253359 -2.71836e-06 0.000890695 0.000307536 0.000484848 0.000174528 1.16253e-05 3.31474e-05 0.005643 
0.404903 0.488548 0.461117 0.476839 0.435963 0.456787 -6.42509e-05 0.000203207 0.000808814 0.000426995 0.000233497 0.000107832 -2.90053e-05 -1.38128e-05 0.00553549 
0.516751 0.518471 0.485514 0.505101 0.512594 0.519932 -0.00473755 -0.0109303 -0.00571548 -0.00825382 -0.00574801 -0.00776339 0.071599 0.0760255 0.0726098 
0.464894 0.485514 0.518471 0.505101 0.499389 0.476336 -0.0118351 -0.00571548 -0.0109303 -0.00825382 -0.0120032 -0.00864142 0.0788611 0.0726098 0.0760255 
0.500248 0.488582 0.471533 0.481075 0.494401 0.498174 0.00518607 0.00346651 0.00525525 0.00437895 0.00542777 0.00438922 0.0191238 0.014484 0.0214905 
2.81027e-34 1.6794e-34 0.21732 0.116519 0.116679 5.64714e-35 3.06804e-35 6.1079e-35 0.00029833 8.17414e-05 4.97387e-05 9.14819e-35 0.00623096 0.012444 0.0119339 
8.8345e-34 0.708183 0.745989 0.731024 0.437175 0.397243 4.03509e-34 -0.0138962 -0.0316109 -0.020844 -0.00973339 -0.00551797 0.085829 0.107085 0.0684347 
0.00156866 -0.0720547 -0.0739193 -0.0767798 -0.0569383 -0.0498682 -0.0267782 0.0100953 -0.00129902 0.00217151 -0.00928745 -0.00350477 0.0323627 0.0165898 0.0322401 
-1.20428e-34 -0.0739193 -0.0720547 -0.0767798 -0.0675089 -0.0533343 -1.14942e-34 -0.00129902 0.0100953 0.00217151 0.00396715 0.00115626 0.0244255 0.0322401 0.0165898 
0.388068 0.293823 0.212861 0.254766 0.310362 0.344526 0.00108611 0.00105302 0.000255232 0.000581521 0.000636766 0.00116365 0.0103131 0.0162053 0.0111022 
0.500662 0.439321 0.48049 0.462766 0.494224 0.483043 0.0075152 0.00529005 0.005696 0.00561299 0.0066749 0.0067156 0.0272388 0.0276835 0.023223 
0.995296 0.84482 0.984279 0.963195 0.992235 0.969517 -0.0347321 -0.0582966 -0.0602295 -0.0690878 -0.0485858 -0.0517224 0.0865446 0.0137366 0.0558495 
0.388068 0.212861 0.26945 0.241914 0.333785 0.310362 0.00108611 0.000255232 0.000157924 0.000232542 0.000512436 0.000636766 0.0103131 0.0111022 0.00656809 
0.555327 0.530951 0.457291 0.495981 0.522375 0.549029 -0.048619 -0.0644567 -0.0472361 -0.0560812 -0.0508186 -0.0569402 0.0863164 0.091409 0.0941976 
0.428265 0.457291 0.530951 0.495981 0.485779 0.443927 -0.0586585 -0.0472361 -0.0644567 -0.0560812 -0.0631772 -0.052824 0.0967234 0.0941976 0.091409 
0.406416 0.21732 0.295178 0.258074 0.35616 0.324866 0.00145869 0.00029833 0.00124843 0.000686948 0.00146996 0.000830921 0.0114414 0.0119339 0.0174212 
0.488582 0.427629 0.471533 0.452111 0.481075 0.464602 0.00346651 0.00315495 0.00525525 0.00419196 0.00437895 0.0034424 0.014484 0.017575 0.0214905 
3.29186e-34 0.19691 0.310095 0.256536 0.174 0.105408 1.50702e-34 0.00136473 0.00299745 0.00220868 0.000911817 0.000367208 0.030392 0.0340697 0.0292645 
2.81027e-34 0.276542 0.183574 0.232163 0.0970993 0.152303 3.06804e-35 0.000223773 -8.86387e-06 7.15627e-05 6.16414e-06 4.75714e-05 0.00623096 0.00735886 0.00388315 
3.29186e-34 0.310095 0.191681 0.254935 0.101314 0.174 1.50702e-34 0.00299745 0.000873716 0.00179878 0.00029423 0.000911817 0.030392 0.0292645 0.0257842 
-9.4678e-35 -0.0720547 -0.0492913 -0.0663594 -0.0356542 -0.0593915 -3.98918e-35 0.0100953 0.0165142 0.0157078 0.00518287 0.0067339 0.0103457 0.0165898 0.00842558 
3.48535e-34 0.293823 0.203948 0.250958 0.108109 0.162413 -8.24305e-35 0.00105302 0.00065984 0.000896417 0.00015878 0.000306566 0.0168251 0.0162053 0.0206582 
0.894583 0.84627 0.618109 0.77369 0.833668 0.876547 -0.127045 -0.11635 -0.0504887 -0.0859213 -0.0928838 -0.12314 0.0267004 0.0361685 0.0440001 
0.406416 0.295178 0.427629 0.369952 0.417515 0.35616 0.00145869 0.00124843 0.00315495 0.00217728 0.0022319 0.00146996 0.0114414 0.0174212 0.017575 
8.20686e-34 0.835491 0.702512 0.773382 0.405386 0.504954 -5.32454e-34 -0.0206011 -0.00760919 -0.011782 -0.00259646 -0.00478482 0.110373 0.0790037 0.119684 
0.75 1 0.9373 0.984306 0.85927 0.9375 -3.50415e-37 -6.55324e-37 -0.000609322 -0.000455961 -0.000330268 -1.25206e-36 0.348008 0.347449 0.307405 
4.79761e-34 0.320065 0.489523 0.411975 0.242549 0.146746 2.19986e-34 -0.0215279 -0.0501224 -0.0353545 -0.013541 -0.00524141 0.0505882 0.0490137 0.0555786 
0.835491 0.84482 0.995296 0.969517 0.969416 0.839243 -0.0206011 -0.0582966 -0.0347321 -0.0517224 -0.0331686 -0.0305829 0.0790037 0.0137366 0.0865446 
0.355355 0.427629 0.295178 0.369952 0.326873 0.394546 0.00290353 0.00315495 0.00124843 0.00217728 0.00200217 0.00313953 0.022854 0.017575 0.0174212 
0.196022 0.0588691 0.0296601 0.0414832 0.0985843 0.124362 -0.0648836 -0.0409761 -0.0184854 -0.0292693 -0.0409333 -0.0541726 0.089876 0.0778333 0.0891791 
2.73565e-34 0.167035 0.26945 0.220501 0.147311 0.0876665 -2.74177e-35 -2.7318e-05 0.000157924 2.97884e-05 2.42264e-05 -3.81007e-06 0.00557296 0.00358442 0.00656809 
9.52601e-34 0.706344 0.844243 0.780906 0.513694 0.405305 1.24548e-33 -0.000666193 -0.00207245 -0.00114635 -0.000699639 -0.000279329 0.254299 0.280053 0.230306 
4.87111e-34 5.60041e-34 0.618109 0.347554 0.319207 -2.175e-35 1.6949e-34 1.86911e-34 -0.0504887 -0.0134815 -0.0142882 3.97296e-34 0.0383164 0.0415674 0.0440001 
0.196022 0.273314 0.0588691 0.154894 0.124362 0.232292 -0.0648836 -0.0905867 -0.0409761 -0.0664758 -0.0541726 -0.0780435 0.089876 0.0802316 0.0778333 
0.984279 0.84482 0.964551 0.954069 0.975239 0.963195 -0.0602295 -0.0582966 -0.0830068 -0.0833522 -0.0716512 -0.0690878 0.0558495 0.0137366 0.0386918 
-1.80779e-35 0.0588691 -0.0285105 0.00791908 -0.027359 -0.0106898 -4.27385e-34 -0.0409761 -0.0174712 -0.0284946 -0.00581488 -0.012399 0.0813678 0.0778333 0.064768 
0.806452 0.745989 0.964551 0.900017 0.908935 0.782839 -0.0613483 -0.0316109 -0.0830068 -0.0570486 -0.0742691 -0.0468225 0.0461492 0.0684347 0.0386918 
0.440536 0.494525 0.462978 0.48174 0.452433 0.473939 0.00711438 0.00859654 0.00664829 0.00775645 0.00695053 0.00809903 0.032239 0.0319119 0.027073 
0.500662 0.462978 0.494525 0.48174 0.500368 0.493379 0.0075152 0.00664829 0.00859654 0.00775645 0.00816036 0.0074567 0.0272388 0.027073 0.0319119 
0.654716 0.489523 0.320065 0.411975 0.502622 0.572992 -0.0839834 -0.0501224 -0.0215279 -0.0353545 -0.0497371 -0.0662635 0.0503672 0.0555786 0.0490137 
0.668521 0.510556 0.489523 0.501246 0.603337 0.602766 -0.102652 -0.0560645 -0.0501224 -0.0536446 -0.0783011 -0.0794786 0.0624679 0.0615369 0.0555786 
0.806452 0.929075 0.618109 0.82641 0.716228 0.894575 -0.0613483 -0.10611 -0.0504887 -0.0826062 -0.0590838 -0.0840704 0.0461492 0.0297947 0.0440001 
7.40753e-34 7.74194e-34 0.774573 0.457289 0.456181 1.69797e-34 -1.21562e-33 -9.9428e-34 -0.00163945 -0.000603441 -0.000464333 -2.20864e-33 0.255156 0.208585 0.233376 
4.79761e-34 0.489523 0.251221 0.36614 0.129532 0.242549 2.19986e-34 -0.0501224 -0.0143988 -0.029351 -0.00423613 -0.013541 0.0505882 0.0555786 0.0584271 
0.998656 0.9373 0.986661 0.995448 0.994197 0.98861 -0.00141084 -0.000609322 -0.000513502 -0.000626568 -0.000921142 -0.00104615 0.269347 0.307405 0.317404 
0.356909 0.187416 0.203948 0.195744 0.286875 0.280161 0.00255974 0.000665723 0.00065984 0.000670542 0.00148944 0.00156447 0.0223055 0.0243935 0.0206582 
0.998656 0.986661 0.749907 0.905268 0.927948 0.994197 -0.00141084 -0.000513502 -0.000458278 -0.000550269 -0.000945146 -0.000921142 0.269347 0.317404 0.304827 
0.500248 0.48049 0.44349 0.464121 0.484396 0.494441 0.00518607 0.005696 0.00326449 0.00444366 0.0043903 0.00558354 0.0191238 0.023223 0.0172529 
0.402354 0.206328 0.29538 0.252614 0.34785 0.304239 -0.0683406 -0.0380071 -0.0386325 -0.0390681 -0.053693 -0.055369 0.0975648 0.101334 0.10028 
0.622277 0.266387 0.512437 0.395843 0.567112 0.452358 -0.14916 -0.0972528 -0.136251 -0.122012 -0.143365 -0.130756 0.0525438 0.0493025 0.0624528 
0.356909 0.44349 0.48049 0.464121 0.432609 0.405205 0.00255974 0.00326449 0.005696 0.00444366 0.00421288 0.00304967 0.0223055 0.0172529 0.023223 
0.29538 0.206328 0.145117 0.176483 0.219195 0.252614 -0.0386325 -0.0380071 -0.0141446 -0.0252026 -0.0266427 -0.0390681 0.10028 0.101334 0.102674 
0.299376 0.512437 0.266387 0.395843 0.283718 0.407033 -0.10287 -0.136251 -0.0972528 -0.122012 -0.101347 -0.121888 0.0664331 0.0624528 0.0493025 
3.04449e-34 0.292419 0.199914 0.248447 0.105482 0.16128 -1.39048e-34 0.00205554 0.00100462 0.00153627 0.000258921 0.000579395 0.0283774 0.0280763 0.0328297 
1.03584e-34 -0.021541 0.0222526 -0.0110526 -0.000173055 -0.00933711 9.04097e-35 0.0586995 0.0451029 0.0597785 0.053661 0.0568022 -0.0238452 -0.00149987 -0.00928496 
0.356909 0.439321 0.292419 0.376544 0.326252 0.402029 0.00255974 0.00529005 0.00205554 0.00365683 0.00238754 0.00386485 0.0223055 0.0276835 0.0280763 
1.07165e-33 0.84482 0.835491 0.839243 0.514429 0.544486 -2.97683e-34 -0.0582966 -0.0206011 -0.0305829 -0.00723781 -0.0301383 0.0530116 0.0137366 0.0790037 
1.35792e-34 0.11669 0.145117 0.133744 0.0782804 0.0577322 -5.15804e-34 -0.00503501 -0.0141446 -0.0089136 -0.00386137 -0.00156423 0.103505 0.100373 0.102674 
5.60041e-34 0.401607 0.618109 0.525839 0.347554 0.203333 1.86911e-34 -0.0162235 -0.0504887 -0.0302129 -0.0134815 -0.00424311 0.0415674 0.0521539 0.0440001 
0.806452 0.618109 0.401607 0.525839 0.632134 0.716228 -0.0613483 -0.0504887 -0.0162235 -0.0302129 -0.0370882 -0.0590838 0.0461492 0.0440001 0.0521539 
0.998656 0.844243 0.706344 0.780906 0.936023 0.967825 -0.00141084 -0.00207245 -0.000666193 -0.00114635 -0.00124375 -0.00201154 0.269347 0.230306 0.280053 
2.74569e-35 6.47462e-35 0.089492 0.0389741 0.0240282 -7.63324e-36 -4.82031e-34 -5.16904e-34 -0.0235137 -0.00689929 -0.00705769 -9.75839e-34 0.0952457 0.102909 0.0979593 
0.356909 0.203948 0.293823 0.250958 0.326452 0.286875 0.00255974 0.00065984 0.00105302 0.000896417 0.00173598 0.00148944 0.0223055 0.0206582 0.0162053 
0.355355 0.199258 0.191681 0.195497 0.281174 0.28469 0.00290353 0.000750115 0.000873716 0.000815389 0.00189635 0.00172432 0.022854 0.0218773 0.0257842 
0.491041 0.46865 0.500029 0.492748 0.498097 0.48156 0.000253359 0.000890695 0.000784315 0.000888198 0.000456187 0.000484848 1.16253e-05 0.005643 0.00380314 
3.04449e-34 0.187416 0.292419 0.242198 0.16128 0.0993211 -1.39048e-34 0.000665723 0.00205554 0.00127049 0.000579395 0.000205235 0.0283774 0.0243935 0.0280763 
0.488548 0.500029 0.461117 0.489721 0.476839 0.496825 0.000203207 0.000784315 0.000808814 0.000847616 0.000426995 0.000424644 -1.38128e-05 0.00380314 0.00553549 
3.44231e-34 0.199258 0.295178 0.249455 0.1642 0.106395 9.16541e-35 0.000750115 0.00124843 0.00104485 0.000375992 0.000186395 0.0185453 0.0218773 0.0174212 
-1.80779e-35 2.74569e-35 0.0296601 0.00578514 -0.00696911 -2.59841e-35 -4.27385e-34 -4.82031e-34 -0.0184854 -0.00530314 -0.00570951 -8.71228e-34 0.0813678 0.0952457 0.0891791 
-3.40511e-35 -0.0492913 -0.0143198 -0.0317851 -0.0110499 -0.024361 -9.42908e-36 0.0165142 0.0132347 0.0163174 0.00397615 0.00549672 0.00351396 0.00842558 0.005509 
0.0134549 0.0573662 0.321106 0.168409 0.130649 0.0344942 0.0194201 -0.0224712 -0.0834014 -0.0471385 -0.0252071 -0.00316002 0.00335379 0.015487 0.0100028 
1.09199e-34 1.35792e-34 0.145117 0.0782804 0.0682497 4.38091e-35 -5.27038e-34 -5.15804e-34 -0.0141446 -0.00386137 -0.00425539 -1.03094e-33 0.105481 0.103505 0.102674 
0.00156866 -0.0739193 -0.062343 -0.0698042 -0.0463856 -0.0569383 -0.0267782 -0.00129902 -0.00789151 -0.00460762 -0.0160817 -0.00928745 0.0323627 0.0322401 0.0469893 
0.806452 0.401607 0.745989 0.583456 0.782839 0.632134 -0.0613483 -0.0162235 -0.0316109 -0.0242239 -0.0468225 -0.0370882 0.0461492 0.0521539 0.0684347 
0.648131 0.618109 0.84627 0.77369 0.770442 0.637288 -0.0671687 -0.0504887 -0.11635 -0.0859213 -0.0937398 -0.0593653 0.0421195 0.0440001 0.0361685 
1.08846e-33 0.84482 1.07165e-33 0.544486 2.98795e-34 0.563146 1.07447e-35 -0.0582966 -2.97683e-34 -0.0301383 -4.10387e-36 -0.0804171 -0.071419 0.0137366 0.0530116 
0.264008 0.145117 0.11669 0.133744 0.192395 0.204559 -0.0233208 -0.0141446 -0.00503501 -0.0089136 -0.0133595 -0.0197806 0.0991005 0.102674 0.100373 
0.500114 0.500029 0.46865 0.492748 0.492589 0.500066 0.00186163 0.000784315 0.000890695 0.000888198 0.00141054 0.00128172 0.00842498 0.00380314 0.005643 
0.500114 0.461117 0.500029 0.489721 0.500066 0.489963 0.00186163 0.000808814 0.000784315 0.000847616 0.00128172 0.00136734 0.00842498 0.00553549 0.00380314 
9.53125e-34 8.20686e-34 0.702512 0.405386 0.400714 3.51216e-34 -7.69114e-34 -5.32454e-34 -0.00760919 -0.00259646 -0.00194271 -1.29159e-33 0.160585 0.110373 0.119684 
-8.33428e-35 -0.0285105 -0.062343 -0.0478937 -0.0447442 -0.0385891 -3.18992e-34 -0.0174712 -0.00789151 -0.0125381 -0.00270648 -0.00457865 0.0632146 0.064768 0.0469893 
0.999391 0.995296 0.708183 0.909839 0.91957 0.997859 -0.0148403 -0.0347321 -0.0138962 -0.0246396 -0.017382 -0.023699 0.130309 0.0865446 0.107085 
9.53125e-34 0.702512 0.834527 0.773246 0.506939 0.400714 -7.69114e-34 -0.00760919 -0.00636795 -0.00736894 -0.0020975 -0.00194271 0.160585 0.119684 0.157204 
0.82005 0.753824 0.77205 0.801787 0.824109 0.786054 -0.145854 -0.151337 -0.107134 -0.135708 -0.130652 -0.149888 0.0318417 0.0411081 0.0430191 
0.355355 0.295178 0.199258 0.249455 0.28469 0.326873 0.00290353 0.00124843 0.000750115 0.00104485 0.00172432 0.00200217 0.022854 0.0174212 0.0218773 
0.345926 0.321106 0.727107 0.521413 0.561885 0.334731 -0.0813 -0.0834014 -0.143484 -0.122467 -0.122875 -0.0815565 -0.00182065 0.0100028 0.0151001 
0.984279 0.964551 0.745989 0.900017 0.909361 0.975239 -0.0602295 -0.0830068 -0.0316109 -0.0570486 -0.0475943 -0.0716512 0.0558495 0.0386918 0.0684347 
1.03584e-34 -2.46038e-35 -0.021541 -0.00826459 -0.00933711 8.17026e-35 9.04097e-35 6.20053e-35 0.0586995 0.0498977 0.0568022 6.54358e-35 -0.0238452 0.00395747 -0.00149987 
0.999391 0.708183 0.648398 0.680152 0.904266 0.91957 -0.0148403 -0.0138962 -0.00623114 -0.00904637 -0.0124379 -0.017382 0.130309 0.107085 0.140791 
0.999391 0.835491 0.995296 0.969416 0.997859 0.963615 -0.0148403 -0.0206011 -0.0347321 -0.0331686 -0.023699 -0.0211119 0.130309 0.0790037 0.0865446 
0.248085 0.183574 0.38325 0.295808 0.322251 0.21676 -8.93633e-05 -8.86387e-06 0.000258235 6.62853e-05 -7.25288e-06 -5.70402e-05 2.42395e-06 0.00388315 0.00436894 
0.241681 0.37681 0.167035 0.284462 0.205525 0.31526 -0.000119332 0.000168347 -2.7318e-05 9.47336e-06 -7.92842e-05 -6.30086e-05 -5.08044e-07 0.00388116 0.00358442 
0.388068 0.487244 0.44349 0.469249 0.417774 0.449715 0.00108611 0.00281225 0.00326449 0.00314031 0.0020553 0.0019416 0.0103131 0.0124619 0.0172529 
7.36477e-34 0.648398 0.708183 0.680152 0.406752 0.362111 5.89179e-34 -0.00623114 -0.0138962 -0.00904637 -0.00402301 -0.00216458 0.121325 0.140791 0.107085 
0.37742 0.487327 0.492891 0.490133 0.441291 0.440817 -0.025004 -0.0219054 -0.0339698 -0.0272441 -0.0308946 -0.0247596 0.0924515 0.084033 0.0886018 
0.406541 0.485815 0.492124 0.489038 0.457244 0.453472 -0.0011458 0.00229226 -0.00112073 0.000850026 -0.00140124 0.000316782 0.0680436 0.06136 0.0670319 
7.74194e-34 0.644886 0.774573 0.713323 0.457289 0.363277 -9.9428e-34 -0.0021629 -0.00163945 -0.00193812 -0.000603441 -0.000561148 0.208585 0.190988 0.233376 
0.998656 0.749907 0.624584 0.690383 0.894778 0.927948 -0.00141084 -0.000458278 -0.000624262 -0.000560402 -0.00121424 -0.000945146 0.269347 0.304827 0.269887 
0.00156866 0.266387 0.250268 0.259347 0.10585 0.116295 -0.0267782 -0.0972528 -0.0850839 -0.0928783 -0.051841 -0.0609336 0.0323627 0.0493025 0.0288937 
8.62572e-34 0.843057 0.648398 0.755354 0.366222 0.509973 7.97426e-34 -0.00516171 -0.00623114 -0.00602313 -0.00157577 -0.00208855 0.163392 0.175915 0.140791 
0.366442 0.448331 0.458958 0.453756 0.418525 0.411264 0.00615524 0.00841797 0.00883153 0.00865213 0.00773044 0.00753558 0.0435822 0.0484659 0.0431229 
3.3599e-34 3.46964e-34 0.414877 0.214569 0.19549 5.39707e-35 2.04379e-34 1.7703e-34 -0.0321566 -0.00840485 -0.00765452 4.1081e-34 0.044146 0.0382291 0.0455815 
0.999391 0.702512 0.835491 0.773382 0.963615 0.933577 -0.0148403 -0.00760919 -0.0206011 -0.011782 -0.0211119 -0.0140016 0.130309 0.119684 0.0790037 
-3.40511e-35 -9.4678e-35 -0.0492913 -0.0356542 -0.024361 -2.92799e-35 -9.42908e-36 -3.98918e-35 0.0165142 0.00518287 0.00549672 -6.61076e-35 0.00351396 0.0103457 0.00842558 
1.87765e-34 3.48535e-34 0.203948 0.108109 0.108518 6.96269e-35 -1.11113e-34 -8.24305e-35 0.00065984 0.00015878 0.000181512 -1.94553e-34 0.0225512 0.0168251 0.0206582 
0.75 0.749907 0.986661 0.905268 0.905287 0.749912 -4.05938e-37 -0.000458278 -0.000513502 -0.000550269 -0.000319304 -0.000248533 0.34694 0.304827 0.317404 
0.466999 0.610443 0.554907 0.583104 0.519918 0.557762 -0.0419337 -0.0834224 -0.0563402 -0.0691578 -0.0504538 -0.0633192 0.0705581 0.0769743 0.0782686 
0.364779 0.494242 0.484906 0.488753 0.431593 0.432774 -0.00494943 -0.0242404 -0.015516 -0.0197367 -0.00986478 -0.0129155 0.0746462 0.0786146 0.0775983 
0.352058 0.449628 0.454564 0.451894 0.408543 0.403849 0.00468859 0.00229168 0.0044627 0.00337113 0.00489357 0.00410853 0.0630369 0.0675676 0.0635975 
0.622277 0.733954 0.753824 0.75705 0.689454 0.714193 -0.14916 -0.126258 -0.151337 -0.141327 -0.152367 -0.145787 0.0525438 0.0553043 0.0411081 
0.397664 0.47032 0.480612 0.475613 0.446672 0.439462 0.00470393 0.00732506 0.00746788 0.00749511 0.00616205 0.00610271 0.0436833 0.0382972 0.0437529 
0.292419 0.439321 0.349654 0.399617 0.321961 0.376544 0.00205554 0.00529005 0.00342703 0.00446824 0.00271006 0.00365683 0.0280763 0.0276835 0.0323536 
0.500114 0.488582 0.487244 0.500221 0.496692 0.49748 0.00186163 0.00346651 0.00281225 0.00332691 0.00236818 0.00266065 0.00842498 0.014484 0.0124619 
0.622277 0.499856 0.266387 0.378256 0.452358 0.56841 -0.14916 -0.136045 -0.0972528 -0.117744 -0.130756 -0.145752 0.0525438 0.0390919 0.0493025 
0.501794 0.444511 0.49286 0.473411 0.498774 0.484587 0.00917531 0.00812597 0.00945891 0.00900996 0.00938955 0.00911153 0.0359396 0.0377317 0.0397471 
-1.41131e-35 -3.40511e-35 -0.0143198 -0.0110499 -0.00173965 1.99156e-37 -1.12611e-35 -9.42908e-36 0.0132347 0.00397615 0.00178643 -4.46208e-35 0.0054982 0.00351396 0.005509 
0.366442 0.458958 0.444511 0.451902 0.409324 0.418525 0.00615524 0.00883153 0.00812597 0.00857157 0.00730387 0.00773044 0.0435822 0.0431229 0.0377317 
0.345926 0.103018 0.0222526 0.0507391 0.131416 0.217495 -0.0813 0.00173801 0.0451029 0.0318596 -0.00982502 -0.0419495 -0.00182065 -0.0294003 -0.00928496 
-1.41131e-35 -0.0143198 -3.64737e-35 -0.00430278 -5.3899e-35 -0.00173965 -1.12611e-35 0.0132347 1.9088e-35 0.0097343 -2.98039e-36 0.00178643 0.0054982 0.005509 0.00780565 
0.448607 0.349654 0.439321 0.399617 0.443995 0.405488 0.00615367 0.00342703 0.00529005 0.00446824 0.00575582 0.00483991 0.0322272 0.0323536 0.0276835 
0.648131 0.30497 0.618109 0.460723 0.637288 0.490728 -0.0671687 -0.0160411 -0.0504887 -0.0303465 -0.0593653 -0.0385846 0.0421195 0.0408133 0.0440001 
0.622277 0.753824 0.499856 0.644531 0.56841 0.689454 -0.14916 -0.151337 -0.136045 -0.151613 -0.145752 -0.152367 0.0525438 0.0411081 0.0390919 
0.406416 0.427629 0.488582 0.464602 0.457405 0.417515 0.00145869 0.00315495 0.00346651 0.0034424 0.0024608 0.0022319 0.0114414 0.017575 0.014484 
9.52601e-34 6.96063e-34 0.706344 0.405709 0.405305 3.06614e-34 1.24548e-33 1.47513e-33 -0.000666193 -0.000167456 -0.000279329 2.72166e-33 0.254299 0.300967 0.280053 
0.352058 0.454564 0.445873 0.450027 0.40363 0.408543 0.00468859 0.0044627 0.00629963 0.00552603 0.00557957 0.00489357 0.0630369 0.0635975 0.0590549 
0.998656 0.996996 0.844243 0.971188 0.967825 0.997854 -0.00141084 -0.00269375 -0.00207245 -0.00268527 -0.00201154 -0.00207753 0.269347 0.232833 0.230306 
0.364779 0.484906 0.463681 0.473738 0.419541 0.431593 -0.00494943 -0.015516 -0.00722766 -0.010864 -0.00622822 -0.00986478 0.0746462 0.0775983 0.074971 
0.999391 0.648398 0.843057 0.755354 0.957205 0.904266 -0.0148403 -0.00623114 -0.00516171 -0.00602313 -0.00982414 -0.0124379 0.130309 0.140791 0.175915 
0.506656 0.445873 0.495992 0.474848 0.502586 0.486304 0.00562468 0.00629963 0.00477438 0.0057561 0.00520027 0.00619134 0.058064 0.0590549 0.0611475 
4.79761e-34 3.3599e-34 0.320065 0.160288 0.146746 8.66568e-35 2.19986e-34 2.04379e-34 -0.0215279 -0.0057691 -0.00524141 4.67702e-34 0.0505882 0.044146 0.0490137 
-0.0352432 -0.0143198 -0.0492913 -0.0317851 -0.0440677 -0.0262664 0.0375821 0.0132347 0.0165142 0.0163174 0.0272751 0.0258585 0.00487009 0.005509 0.00842558 
0.345926 0.119683 0.321106 0.214988 0.334731 0.214136 -0.0813 -0.0110284 -0.0834014 -0.0490553 -0.0815565 -0.0428934 -0.00182065 -0.00242814 0.0100028 
0.466999 0.632973 0.610443 0.621621 0.557762 0.557748 -0.0419337 -0.0928298 -0.0834224 -0.0884506 -0.0633192 -0.0654403 0.0705581 0.0700181 0.0769743 
0.525656 0.463681 0.522274 0.498364 0.52507 0.507655 -0.0141836 -0.00722766 -0.0169302 -0.0118387 -0.0156499 -0.0110437 0.0775399 0.074971 0.0785568 
0.570456 0.554907 0.599643 0.589482 0.585965 0.586229 -0.0766939 -0.0563402 -0.0843357 -0.0710071 -0.080868 -0.0692536 0.0881844 0.0782686 0.0835848 
0.989579 0.844243 0.996996 0.971188 0.993854 0.97846 -0.00462596 -0.00207245 -0.00269375 -0.00268527 -0.0034358 -0.00373096 0.198048 0.230306 0.232833 
0.998656 0.624584 0.774573 0.704244 0.934728 0.894778 -0.00141084 -0.000624262 -0.00163945 -0.000979685 -0.00179488 -0.00121424 0.269347 0.269887 0.233376 
0.894583 0.727107 0.84627 0.850209 0.876547 0.837356 -0.127045 -0.143484 -0.11635 -0.141711 -0.12314 -0.142083 0.0267004 0.0151001 0.0361685 
0.0164338 -0.062343 -0.0285105 -0.0478937 -0.0128855 -0.0381452 -0.0379581 -0.00789151 -0.0174712 -0.0125381 -0.0275496 -0.0200077 0.0515977 0.0469893 0.064768 
1.03584e-34 0.0222526 0.103018 0.0507391 0.00936958 -0.000173055 9.04097e-35 0.0451029 0.00173801 0.0318596 0.0389681 0.053661 -0.0238452 -0.00928496 -0.0294003 
0.591611 0.63448 0.632973 0.647338 0.657372 0.621661 -0.131622 -0.111965 -0.0928298 -0.104821 -0.119334 -0.123274 0.0742714 0.0776015 0.0700181 
4.87111e-34 0.618109 0.30497 0.460723 0.161179 0.319207 1.6949e-34 -0.0504887 -0.0160411 -0.0303465 -0.0052655 -0.0142882 0.0383164 0.0440001 0.0408133 
0.668521 0.733954 0.669673 0.712627 0.697137 0.702821 -0.102652 -0.126258 -0.139456 -0.136155 -0.125338 -0.114547 0.0624679 0.0553043 0.0642491 
0.622277 0.669673 0.733954 0.712627 0.714193 0.652358 -0.14916 -0.139456 -0.126258 -0.136155 -0.145787 -0.14641 0.0525438 0.0642491 0.0553043 
0.448607 0.439321 0.496133 0.475304 0.478596 0.443995 0.00615367 0.00529005 0.00802883 0.00678589 0.00723341 0.00575582 0.0322272 0.0276835 0.0313151 
2.74569e-35 0.089492 0.0296601 0.0586769 0.00578514 0.0240282 -4.82031e-34 -0.0235137 -0.0184854 -0.0212765 -0.00530314 -0.00705769 0.0952457 0.0979593 0.0891791 
0.0134549 0.321106 0.119683 0.214988 0.0578116 0.130649 0.0194201 -0.0834014 -0.0110284 -0.0490553 0.00940075 -0.0252071 0.00335379 0.0100028 -0.00242814 
0.397664 0.480612 0.478064 0.479424 0.444244 0.446672 0.00470393 0.00746788 0.00644966 0.00702625 0.00576228 0.00616205 0.0436833 0.0437529 0.0493236 
0.26945 0.167035 0.37681 0.284462 0.327253 0.220501 0.000157924 -2.7318e-05 0.000168347 9.47336e-06 0.000177226 2.97884e-05 0.00656809 0.00358442 0.00388116 
0.276542 0.38325 0.183574 0.295808 0.232163 0.334224 0.000223773 0.000258235 -8.86387e-06 6.62853e-05 7.15627e-05 0.000262089 0.00735886 0.00436894 0.00388315 
6.3969e-34 8.8345e-34 0.745989 0.437175 0.416038 3.6873e-35 2.69082e-34 4.03509e-34 -0.0316109 -0.00973339 -0.0121581 6.9835e-34 0.0580401 0.085829 0.0684347 
0.75 0.437595 0.749907 0.609304 0.749912 0.609435 -4.05938e-37 -8.42118e-05 -0.000458278 -0.000202454 -0.000248533 -7.77173e-05 0.34694 0.324029 0.304827 
0.411377 0.38325 0.46865 0.432804 0.443746 0.397796 -2.71836e-06 0.000258235 0.000890695 0.000545811 0.000307536 8.70389e-05 3.31474e-05 0.00436894 0.005643 
0.404903 0.461117 0.37681 0.424758 0.391313 0.435963 -6.42509e-05 0.000808814 0.000168347 0.000445192 1.65854e-05 0.000233497 -2.90053e-05 0.00553549 0.00388116 
0.82005 0.84627 0.727107 0.850209 0.789701 0.848204 -0.145854 -0.11635 -0.143484 -0.141711 -0.148396 -0.13428 0.0318417 0.0361685 0.0151001 
0.406541 0.492124 0.485514 0.489227 0.451577 0.457244 -0.0011458 -0.00112073 -0.00571548 -0.00328326 -0.00320321 -0.00140124 0.0680436 0.0670319 0.0726098 
0.998656 0.706344 0.9373 0.843074 0.98861 0.936023 -0.00141084 -0.000666193 -0.000609322 -0.000734214 -0.00104615 -0.00124375 0.269347 0.280053 0.307405 
3.44231e-34 1.87892e-34 0.199258 0.1059 0.106395 7.81088e-35 9.16541e-35 1.20695e-34 0.000750115 0.000208034 0.000186395 2.11198e-34 0.0185453 0.0245574 0.0218773 
0.504317 0.478064 0.504007 0.495536 0.505505 0.502045 0.00807516 0.00644966 0.00832506 0.00750874 0.00825118 0.00745381 0.050841 0.0493236 0.0472028 
0.989579 0.999417 0.843057 0.965416 0.97822 0.99615 -0.00462596 -0.00834836 -0.00516171 -0.00741403 -0.00595263 -0.00655543 0.198048 0.165297 0.175915 
0.37742 0.492891 0.457291 0.477562 0.418051 0.441291 -0.025004 -0.0339698 -0.0472361 -0.0404943 -0.0356843 -0.0308946 0.0924515 0.0886018 0.0941976 
7.36477e-34 8.62572e-34 0.648398 0.366222 0.362111 3.64389e-34 5.89179e-34 7.97426e-34 -0.00623114 -0.00157577 -0.00216458 1.39435e-33 0.121325 0.163392 0.140791 
0.411377 0.248085 0.38325 0.322251 0.397796 0.340279 -2.71836e-06 -8.93633e-05 0.000258235 -7.25288e-06 8.70389e-05 -5.34658e-05 3.31474e-05 2.42395e-06 0.00436894 
0.241681 0.404903 0.37681 0.391313 0.31526 0.333145 -0.000119332 -6.42509e-05 0.000168347 1.65854e-05 -6.30086e-05 -0.000108278 -5.08044e-07 -2.90053e-05 0.00388116 
0.654716 0.320065 0.414877 0.365816 0.553516 0.502622 -0.0839834 -0.0215279 -0.0321566 -0.0264818 -0.0577027 -0.0497371 0.0503672 0.0490137 0.0455815 
-3.25487e-34 0.586455 6.96063e-34 0.325015 4.9036e-34 0.325164 8.53016e-34 -0.000189182 1.47513e-33 -7.07612e-05 3.18133e-33 -3.83716e-05 0.348045 0.31721 0.300967 
6.96063e-34 0.586455 0.706344 0.649027 0.405709 0.325015 1.47513e-33 -0.000189182 -0.000666193 -0.000359231 -0.000167456 -7.07612e-05 0.300967 0.31721 0.280053 
0.500114 0.46865 0.478959 0.474099 0.495119 0.492589 0.00186163 0.000890695 0.00204076 0.00140286 0.00202391 0.00141054 0.00842498 0.005643 0.0101885 
0.406416 0.478959 0.46865 0.474099 0.441694 0.449117 0.00145869 0.00204076 0.000890695 0.00140286 0.00122684 0.00180183 0.0114414 0.0101885 0.005643 
7.27599e-34 0.624584 0.749907 0.690383 0.4375 0.349621 -1.4345e-33 -0.000624262 -0.000458278 -0.000560402 -0.000137299 -0.000151733 0.301189 0.269887 0.304827 
1 0.75 0.986661 0.905287 0.99666 0.9375 -6.55324e-37 -4.05938e-37 -0.000513502 -0.000319304 -0.000364858 -1.09154e-36 0.347449 0.34694 0.317404 
0.999391 0.843057 0.999417 0.965416 0.999785 0.957205 -0.0148403 -0.00516171 -0.00834836 -0.00741403 -0.0108202 -0.00982414 0.130309 0.175915 0.165297 
1.91141e-34 1.95703e-34 0.207857 0.112011 0.110384 8.36488e-35 -4.25991e-34 -3.9091e-34 -0.00239925 -0.000515861 -0.000719999 -8.14595e-34 0.0860477 0.0790346 0.0822416 
0.516751 0.485514 0.51432 0.505165 0.516716 0.512594 -0.00473755 -0.00571548 -0.00259312 -0.00421193 -0.00368423 -0.00574801 0.071599 0.0726098 0.0690694 
1.96831e-34 1.95833e-34 0.212093 0.112552 0.11315 8.43261e-35 -2.90831e-34 -2.59461e-34 0.000830833 0.000254453 0.000214047 -5.50954e-34 0.0589471 0.0526084 0.0561017 
0.989579 0.774573 0.644886 0.713323 0.878667 0.91657 -0.00462596 -0.00163945 -0.0021629 -0.00193812 -0.00396989 -0.00311416 0.198048 0.233376 0.190988 
1.62411e-34 1.61049e-34 0.178576 0.0935278 0.0947015 7.03399e-35 2.54918e-34 2.78527e-34 0.00166897 0.000452092 0.000460173 5.32089e-34 0.0518859 0.0566972 0.0538477 
1.45684e-34 1.44293e-34 0.164899 0.0843834 0.085415 6.11253e-35 3.36214e-34 3.49128e-34 0.00136689 0.000391208 0.000453508 6.84407e-34 0.0684627 0.0711118 0.0696198 
1.3834e-34 1.44004e-34 0.170376 0.0842888 0.0829314 5.35066e-35 3.55981e-34 3.45949e-34 -0.00221695 -0.000585316 -0.000313516 7.0417e-34 0.0726623 0.0707281 0.0725201 
-1.01974e-34 -8.33428e-35 -0.062343 -0.0447442 -0.0509004 -6.56371e-35 -2.11805e-34 -3.18992e-34 -0.00789151 -0.00270648 -0.00178437 -5.21719e-34 0.0425914 0.0632146 0.0469893 
0.538173 0.620425 0.321106 0.47616 0.43716 0.577663 -0.137112 -0.141206 -0.0834014 -0.118649 -0.115514 -0.139373 0.0296124 0.0214219 0.0100028 
1.83405e-34 4.79761e-34 0.251221 0.129532 0.11889 7.29205e-35 2.77059e-34 2.19986e-34 -0.0143988 -0.00423613 -0.00353413 5.31296e-34 0.0572603 0.0505882 0.0584271 
1.76743e-34 3.04449e-34 0.199914 0.105482 0.106151 8.26538e-35 -1.69017e-34 -1.39048e-34 0.00100462 0.000258921 0.000267617 -3.09627e-34 0.034287 0.0283774 0.0328297 
0.355355 0.462978 0.471533 0.467447 0.424424 0.418008 0.00290353 0.00664829 0.00525525 0.00598014 0.00425952 0.00479535 0.022854 0.027073 0.0214905 
0.9373 0.706344 0.586455 0.649027 0.800417 0.843074 -0.000609322 -0.000666193 -0.000189182 -0.000359231 -0.000403259 -0.000734214 0.307405 0.280053 0.31721 
0.555327 0.457291 0.542358 0.513284 0.54883 0.522375 -0.048619 -0.0472361 -0.040543 -0.0456802 -0.0445379 -0.0508186 0.0863164 0.0941976 0.0862247 
1 0.986661 0.9373 0.995448 0.984306 0.99666 -6.55324e-37 -0.000513502 -0.000609322 -0.000626568 -0.000455961 -0.000364858 0.347449 0.317404 0.307405 
-1.20428e-34 -1.01974e-34 -0.0739193 -0.0527854 -0.0533343 -6.93779e-35 -1.14942e-34 -2.11805e-34 -0.00129902 -0.000396822 0.00115626 -3.27852e-34 0.0244255 0.0425914 0.0322401 
6.3969e-34 0.745989 0.401607 0.583456 0.216296 0.416038 2.69082e-34 -0.0316109 -0.0162235 -0.0242239 -0.00511403 -0.0121581 0.0580401 0.0684347 0.0521539 
-3.25487e-34 0.75 0.586455 0.673374 0.325164 0.4375 8.53016e-34 -3.50415e-37 -0.000189182 -0.000124321 -3.83716e-05 -1.058e-37 0.348045 0.348008 0.31721 
1.74773e-34 1.70526e-34 0.190319 0.100429 0.101567 6.86073e-35 2.04222e-34 2.30176e-34 0.00164695 0.000459562 0.000449023 4.33024e-34 0.0415454 0.0468353 0.0439162 
3.29186e-34 1.76314e-34 0.19691 0.104527 0.105408 7.17136e-35 1.50702e-34 1.7732e-34 0.00136473 0.000372693 0.000367208 3.25613e-34 0.030392 0.0360764 0.0340697 
1.55011e-34 1.51118e-34 0.170651 0.0885899 0.0897801 6.64496e-35 3.00189e-34 3.19805e-34 0.00162033 0.000467243 0.000489556 6.18754e-34 0.0611091 0.0651113 0.0629399 
1.39825e-34 1.38129e-34 0.162393 0.0815633 0.081938 5.64525e-35 3.56935e-34 3.59645e-34 0.000316098 0.00013699 0.000271068 7.16666e-34 0.0727285 0.0733211 0.0732756 
1.53442e-34 1.65929e-34 0.197953 0.0977098 0.0929193 5.75957e-35 3.28672e-34 3.04859e-34 -0.00717861 -0.00193253 -0.00149627 6.39972e-34 0.0673876 0.0626957 0.0667376 
1.61784e-34 1.81856e-34 0.188539 0.102601 0.0976961 7.17486e-35 -4.91838e-34 -4.6044e-34 -0.0067162 -0.00175635 -0.00209825 -9.46378e-34 0.09902 0.0927883 0.0949143 
1.97727e-34 1.99013e-34 0.213102 0.113753 0.113688 8.6472e-35 -3.5645e-34 -3.23156e-34 -3.80214e-05 3.09194e-05 -7.95312e-05 -6.79373e-34 0.0721451 0.0654518 0.0687448 
1.9214e-34 1.87936e-34 0.206248 0.109107 0.109899 8.31592e-35 -2.28731e-34 -1.98628e-34 0.00114474 0.000301577 0.000298804 -4.28287e-34 0.0463938 0.0402968 0.043543 
0.648131 0.77205 0.414877 0.624954 0.533174 0.723402 -0.0671687 -0.107134 -0.0321566 -0.0689681 -0.0490944 -0.0875227 0.0421195 0.0430191 0.0455815 
0.591611 0.460711 0.63448 0.570708 0.621661 0.526336 -0.131622 -0.110137 -0.111965 -0.11768 -0.123274 -0.122226 0.0742714 0.0854152 0.0776015 
0.591232 0.63448 0.460711 0.570708 0.540491 0.613792 -0.104124 -0.111965 -0.110137 -0.11768 -0.11094 -0.10859 0.0840191 0.0776015 0.0854152 
0.654716 0.77205 0.753824 0.801787 0.770985 0.715727 -0.0839834 -0.107134 -0.151337 -0.135708 -0.126678 -0.0961869 0.0503672 0.0430191 0.0411081 
0.345926 0.0222526 0.119683 0.0652691 0.214136 0.131416 -0.0813 0.0451029 -0.0110284 0.01702 -0.0428934 -0.00982502 -0.00182065 -0.00928496 -0.00242814 
0.500114 0.478959 0.488582 0.484153 0.49748 0.495119 0.00186163 0.00204076 0.00346651 0.00273381 0.00266065 0.00202391 0.00842498 0.0101885 0.014484 
-4.08153e-34 7.27599e-34 0.437595 0.234461 0.234401 6.19402e-34 -8.25917e-34 -1.4345e-33 -8.42118e-05 -5.13765e-05 -2.42773e-05 -3.08611e-33 0.346876 0.301189 0.324029 
0.999391 0.834527 0.702512 0.773246 0.933577 0.962414 -0.0148403 -0.00636795 -0.00760919 -0.00736894 -0.0140016 -0.0111446 0.130309 0.157204 0.119684 
0.196022 0.0296601 0.089492 0.0586769 0.136026 0.0985843 -0.0648836 -0.0184854 -0.0235137 -0.0212765 -0.0437117 -0.0409333 0.089876 0.0891791 0.0979593 
0.654716 0.414877 0.77205 0.624954 0.715727 0.553516 -0.0839834 -0.0321566 -0.107134 -0.0689681 -0.0961869 -0.0577027 0.0503672 0.0455815 0.0430191 
0.406416 0.488582 0.478959 0.484153 0.449117 0.457405 0.00145869 0.00346651 0.00204076 0.00273381 0.00180183 0.0024608 0.0114414 0.014484 0.0101885 
-8.33428e-35 -1.80779e-35 -0.0285105 -0.027359 -0.0385891 -3.79547e-35 -3.18992e-34 -4.27385e-34 -0.0174712 -0.00581488 -0.00457865 -7.11807e-34 0.0632146 0.0813678 0.064768 
7.27599e-34 0.749907 0.437595 0.609304 0.234461 0.4375 -1.4345e-33 -0.000458278 -8.42118e-05 -0.000202454 -5.13765e-05 -0.000137299 0.301189 0.304827 0.324029 
1.91141e-34 0.207857 0.152081 0.180487 0.0808527 0.110384 -4.25991e-34 -0.00239925 -0.00246218 -0.00250426 -0.000603307 -0.000719999 0.0860477 0.0822416 0.0889225 
0.75 0.9373 0.586455 0.800417 0.673374 0.85927 -3.50415e-37 -0.000609322 -0.000189182 -0.000403259 -0.000124321 -0.000330268 0.348008 0.307405 0.31721 
0.309991 0.152081 0.207857 0.180487 0.263079 0.236378 -0.0106918 -0.00246218 -0.00239925 -0.00250426 -0.00580799 -0.00620603 0.0881246 0.0889225 0.0822416 
1.96831e-34 0.212093 0.160991 0.187217 0.084061 0.11315 -2.90831e-34 0.000830833 0.000261676 0.000511015 9.56385e-05 0.000214047 0.0589471 0.0561017 0.0622313 
0.0134549 0.119683 0.0222526 0.0652691 0.0222954 0.0578116 0.0194201 -0.0110284 0.0451029 0.01702 0.0337127 0.00940075 0.00335379 -0.00242814 -0.00928496 
7.27599e-34 7.40753e-34 0.624584 0.350012 0.349621 4.30345e-34 -1.4345e-33 -1.21562e-33 -0.000624262 -0.000228866 -0.000151733 -2.64944e-33 0.301189 0.255156 0.269887 
0.328649 0.160991 0.212093 0.187217 0.274 0.251642 0.000972192 0.000261676 0.000830833 0.000511015 0.00104541 0.000583668 0.0623478 0.0622313 0.0561017 
1.87892e-34 3.29186e-34 0.191681 0.101314 0.101931 8.5023e-35 1.20695e-34 1.50702e-34 0.000873716 0.00029423 0.000215858 2.69256e-34 0.0245574 0.030392 0.0257842 
7.74194e-34 9.53125e-34 0.644886 0.364831 0.363277 4.1517e-34 -9.9428e-34 -7.69114e-34 -0.0021629 -0.00104196 -0.000561148 -1.75883e-33 0.208585 0.160585 0.190988 
0.0588691 0.273314 0.100291 0.184581 0.0769854 0.154894 -0.0409761 -0.0905867 -0.059157 -0.0766466 -0.0501681 -0.0664758 0.0778333 0.0802316 0.0661621 
0.654716 0.753824 0.733954 0.75705 0.714008 0.770985 -0.0839834 -0.151337 -0.126258 -0.141327 -0.1081 -0.126678 0.0503672 0.0411081 0.0553043 
0.648131 0.414877 0.30497 0.365032 0.490728 0.533174 -0.0671687 -0.0321566 -0.0160411 -0.0235363 -0.0385846 -0.0490944 0.0421195 0.0455815 0.0408133 
1.61049e-34 0.12815 0.178576 0.153548 0.0935278 0.0667862 2.78527e-34 0.000919962 0.00166897 0.0012687 0.000452092 0.000258526 0.0566972 0.0587551 0.0538477 
1.62411e-34 0.178576 0.134327 0.157045 0.0694197 0.0947015 2.54918e-34 0.00166897 0.000892846 0.00124098 0.000251608 0.000460173 0.0518859 0.0538477 0.049186 
1.44293e-34 0.117597 0.164899 0.141361 0.0843834 0.0599004 3.49128e-34 0.000613652 0.00136689 0.000952032 0.000391208 0.000211351 0.0711118 0.0719559 0.0696198 
1.45684e-34 0.164899 0.122161 0.143744 0.0623352 0.085415 3.36214e-34 0.00136689 0.000869793 0.00107218 0.000275989 0.000453508 0.0684627 0.0696198 0.0667114 
1.44004e-34 0.127401 0.170376 0.149163 0.0842888 0.0611649 3.45949e-34 -0.00220658 -0.00221695 -0.00232428 -0.000585316 -0.000458712 0.0707281 0.0698104 0.0725201 
1.3834e-34 0.170376 0.117319 0.14281 0.0584773 0.0829314 3.55981e-34 -0.00221695 -0.000317194 -0.00117157 -2.41539e-05 -0.000313516 0.0726623 0.0725201 0.0733188 
0.285705 0.134327 0.178576 0.157045 0.234222 0.214779 0.00400966 0.000892846 0.00166897 0.00124098 0.00279998 0.00228415 0.0487701 0.049186 0.0538477 
0.270203 0.122161 0.164899 0.143744 0.219123 0.198992 0.00311957 0.000869793 0.00136689 0.00107218 0.00219074 0.00198423 0.0665918 0.0667114 0.0696198 
0.301026 0.178576 0.12815 0.153548 0.220001 0.243113 0.00437892 0.00166897 0.000919962 0.0012687 0.00253112 0.00303959 0.0579924 0.0538477 0.0587551 
0.280243 0.117319 0.170376 0.14281 0.227105 0.199118 -0.00405812 -0.000317194 -0.00221695 -0.00117157 -0.00344662 -0.00160966 0.0741106 0.0733188 0.0725201 
0.295245 0.164899 0.117597 0.141361 0.208889 0.230883 0.000914068 0.00136689 0.000613652 0.000952032 0.00112018 0.00165478 0.0721894 0.0696198 0.0719559 
0.345576 0.170376 0.127401 0.149163 0.23696 0.254854 -0.0172857 -0.00221695 -0.00220658 -0.00232428 -0.00795723 -0.00767798 0.0723247 0.0725201 0.0698104 
9.53125e-34 0.834527 0.644886 0.748277 0.364831 0.506939 -7.69114e-34 -0.00636795 -0.0021629 -0.00365424 -0.00104196 -0.0020975 0.160585 0.157204 0.190988 
0.538173 0.499856 0.753824 0.644531 0.667151 0.518556 -0.137112 -0.136045 -0.151337 -0.151613 -0.151684 -0.136915 0.0296124 0.0390919 0.0411081 
0.349097 0.212093 0.155573 0.184334 0.261584 0.286223 0.00303191 0.000830833 0.00057701 0.000716214 0.00165096 0.00174669 0.050512 0.0561017 0.0496796 
1.95833e-34 0.155573 0.212093 0.184334 0.112552 0.0814217 -2.59461e-34 0.00057701 0.000830833 0.000716214 0.000254453 0.000149753 0.0526084 0.0496796 0.0561017 
0.206328 0.0775008 0.145117 0.110446 0.176483 0.137587 -0.0380071 -0.0103456 -0.0141446 -0.0124675 -0.0252026 -0.0235607 0.101334 0.10259 0.102674 
1.15083e-34 0.167035 2.73565e-34 0.0876665 1.11481e-34 0.0876842 -9.17443e-38 -2.7318e-05 -2.74177e-35 -3.81007e-06 -2.76248e-35 -2.10021e-05 2.34738e-05 0.00358442 0.00557296 
3.46964e-34 0.30497 0.414877 0.365032 0.214569 0.146549 1.7703e-34 -0.0160411 -0.0321566 -0.0235363 -0.00840485 -0.00435034 0.0382291 0.0408133 0.0455815 
0.345926 0.473797 0.103018 0.246549 0.217495 0.395592 -0.0813 -0.111352 0.00173801 -0.056809 -0.0419495 -0.0928231 -0.00182065 -0.0246767 -0.0294003 
1.09199e-34 0.145117 0.0775008 0.110446 0.0412869 0.0682497 -5.27038e-34 -0.0141446 -0.0103456 -0.0124675 -0.00279034 -0.00425539 0.105481 0.102674 0.10259 
1.20508e-34 2.81027e-34 0.183574 0.0970993 0.0970918 1.02275e-34 -6.82794e-38 3.06804e-35 -8.86387e-06 6.16414e-06 -1.68921e-05 3.04787e-35 -1.76971e-05 0.00623096 0.00388315 
0.350341 0.207857 0.156815 0.183617 0.263168 0.284181 -0.003787 -0.00239925 -0.00052622 -0.00128945 -0.00189061 -0.00362582 0.0756148 0.0822416 0.0755226 
0.299376 0.100291 0.273314 0.184581 0.285608 0.193203 -0.10287 -0.059157 -0.0905867 -0.0766466 -0.0972376 -0.0814629 0.0664331 0.0661621 0.0802316 
1.74773e-34 0.190319 0.146671 0.169134 0.0762592 0.101567 2.04222e-34 0.00164695 0.000868144 0.00123112 0.00024236 0.000449023 0.0415454 0.0439162 0.0388663 
1.95703e-34 0.156815 0.207857 0.183617 0.112011 0.081813 -3.9091e-34 -0.00052622 -0.00239925 -0.00128945 -0.000515861 -0.000192352 0.0790346 0.0755226 0.0822416 
1.81856e-34 0.152081 0.188539 0.172185 0.102601 0.0785983 -4.6044e-34 -0.00246218 -0.0067162 -0.00431254 -0.00175635 -0.000789423 0.0927883 0.0889225 0.0949143 
1.70526e-34 0.134327 0.190319 0.162621 0.100429 0.0702654 2.30176e-34 0.000892846 0.00164695 0.00124764 0.000459562 0.000247616 0.0468353 0.049186 0.0439162 
1.61784e-34 0.188539 0.11669 0.152714 0.0626566 0.0976961 -4.91838e-34 -0.0067162 -0.00503501 -0.00603841 -0.00134252 -0.00209825 0.09902 0.0949143 0.100373 
1.99013e-34 0.160991 0.213102 0.187755 0.113753 0.0843165 -3.23156e-34 0.000261676 -3.80214e-05 0.000136588 3.09194e-05 6.00496e-05 0.0654518 0.0622313 0.0687448 
1.55011e-34 0.170651 0.12815 0.14985 0.0659058 0.0897801 3.00189e-34 0.00162033 0.000919962 0.0012173 0.000271913 0.000489556 0.0611091 0.0629399 0.0587551 
1.51118e-34 0.122161 0.170651 0.146542 0.0885899 0.0631792 3.19805e-34 0.000869793 0.00162033 0.00118621 0.000467243 0.000273593 0.0651113 0.0667114 0.0629399 
1.39825e-34 0.162393 0.117597 0.139701 0.0593019 0.081938 3.56935e-34 0.000316098 0.000613652 0.000448798 0.000206984 0.000271068 0.0727285 0.0732756 0.0719559 
1.38129e-34 0.117319 0.162393 0.139933 0.0815633 0.0582433 3.59645e-34 -0.000317194 0.000316098 -0.000151953 0.00013699 3.84062e-05 0.0733211 0.0733188 0.0732756 
1.53442e-34 0.197953 0.127401 0.160346 0.0631956 0.0929193 3.28672e-34 -0.00717861 -0.00220658 -0.0044117 -0.000592052 -0.00149627 0.0673876 0.0667376 0.0698104 
1.97727e-34 0.213102 0.156815 0.185669 0.0823645 0.113688 -3.5645e-34 -3.80214e-05 -0.00052622 -0.00034981 -0.000133459 -7.95312e-05 0.0721451 0.0687448 0.0755226 
1.65929e-34 0.153149 0.197953 0.176434 0.0977098 0.07171 3.04859e-34 -0.00549422 -0.00717861 -0.00661161 -0.00193253 -0.00128792 0.0626957 0.0614054 0.0667376 
1.87936e-34 0.148387 0.206248 0.177705 0.109107 0.0775456 -1.98628e-34 0.000572825 0.00114474 0.000841751 0.000301577 0.000152748 0.0402968 0.0374245 0.043543 
1.9214e-34 0.206248 0.155573 0.181617 0.0808861 0.109899 -2.28731e-34 0.00114474 0.00057701 0.000846834 0.000155639 0.000298804 0.0463938 0.043543 0.0496796 
0.196022 0.460711 0.273314 0.372426 0.232292 0.32708 -0.0648836 -0.110137 -0.0905867 -0.103581 -0.0780435 -0.0910431 0.089876 0.0854152 0.0802316 
0.500662 0.497257 0.462978 0.484688 0.493379 0.500564 0.0075152 0.0066619 0.00664829 0.00680046 0.0074567 0.00716404 0.0272388 0.0240013 0.027073 
1.20508e-34 0.183574 0.248085 0.21676 0.134696 0.0970918 -6.82794e-38 -8.86387e-06 -8.93633e-05 -5.70402e-05 -4.0314e-05 -1.68921e-05 -1.76971e-05 0.00388315 2.42395e-06 
0.00156866 0.250268 0.0573662 0.144574 0.0276032 0.10585 -0.0267782 -0.0850839 -0.0224712 -0.0538339 -0.0247386 -0.051841 0.0323627 0.0288937 0.015487 
1.15083e-34 0.241681 0.167035 0.205525 0.0876842 0.130603 -9.17443e-38 -0.000119332 -2.7318e-05 -7.92842e-05 -2.10021e-05 -4.9764e-05 2.34738e-05 -5.08044e-07 0.00358442 
0.356909 0.48049 0.439321 0.462766 0.402029 0.432609 0.00255974 0.005696 0.00529005 0.00561299 0.00386485 0.00421288 0.0223055 0.023223 0.0276835 
3.3599e-34 0.414877 0.320065 0.365816 0.160288 0.19549 2.04379e-34 -0.0321566 -0.0215279 -0.0264818 -0.0057691 -0.00765452 0.044146 0.0455815 0.0490137 
0.196022 0.089492 0.286157 0.178605 0.242549 0.136026 -0.0648836 -0.0235137 -0.0683472 -0.0469694 -0.067641 -0.0437117 0.089876 0.0979593 0.0965526 
0.206328 0.286157 0.089492 0.178605 0.146277 0.244141 -0.0380071 -0.0683472 -0.0235137 -0.0469694 -0.0319254 -0.0530367 0.101334 0.0965526 0.0979593 
0.591611 0.669673 0.512437 0.605896 0.558166 0.631523 -0.131622 -0.139456 -0.136251 -0.142518 -0.136462 -0.136219 0.0742714 0.0642491 0.0624528 
3.04449e-34 1.87765e-34 0.187416 0.0988274 0.0993211 9.36159e-35 -1.39048e-34 -1.11113e-34 0.000665723 0.000163674 0.000205235 -2.51582e-34 0.0283774 0.0225512 0.0243935 
0.500248 0.497257 0.48049 0.499079 0.494441 0.500112 0.00518607 0.0066619 0.005696 0.0064586 0.00558354 0.00595653 0.0191238 0.0240013 0.023223 
0.500662 0.48049 0.497257 0.499079 0.500564 0.494224 0.0075152 0.005696 0.0066619 0.0064586 0.00716404 0.0066749 0.0272388 0.023223 0.0240013 
0.488548 0.491041 0.500029 0.498097 0.496825 0.500008 0.000203207 0.000253359 0.000784315 0.000456187 0.000424644 0.000330528 -1.38128e-05 1.16253e-05 0.00380314 
0.206328 0.089492 0.0775008 0.0849339 0.137587 0.146277 -0.0380071 -0.0235137 -0.0103456 -0.0161763 -0.0235607 -0.0319254 0.101334 0.0979593 0.10259 
6.47462e-35 0.0775008 0.089492 0.0849339 0.0389741 0.032214 -5.16904e-34 -0.0103456 -0.0235137 -0.0161763 -0.00689929 -0.00323439 0.102909 0.10259 0.0979593 
0.355355 0.471533 0.427629 0.452111 0.394546 0.424424 0.00290353 0.00525525 0.00315495 0.00419196 0.00313953 0.00425952 0.022854 0.0214905 0.017575 
7.40753e-34 0.774573 0.624584 0.704244 0.350012 0.456181 -1.21562e-33 -0.00163945 -0.000624262 -0.000979685 -0.000228866 -0.000464333 0.255156 0.233376 0.269887 
0.998656 0.774573 0.996996 0.929875 0.997854 0.934728 -0.00141084 -0.00163945 -0.00269375 -0.00239096 -0.00207753 -0.00179488 0.269347 0.233376 0.232833 
0.989579 0.996996 0.774573 0.929875 0.91657 0.993854 -0.00462596 -0.00269375 -0.00163945 -0.00239096 -0.00311416 -0.0034358 0.198048 0.232833 0.233376 
0.489902 0.286157 0.402354 0.348338 0.445897 0.393249 -0.0921561 -0.0683472 -0.0683406 -0.0699391 -0.0806519 -0.083789 0.0922589 0.0965526 0.0975648 
0.206328 0.402354 0.286157 0.348338 0.244141 0.304239 -0.0380071 -0.0683406 -0.0683472 -0.0699391 -0.0530367 -0.055369 0.101334 0.0975648 0.0965526 
1.08846e-33 1.03584e-34 0.103018 0.00936958 0.0834949 3.74114e-34 1.07447e-35 9.04097e-35 0.00173801 0.0389681 -0.0040409 9.90216e-35 -0.071419 -0.0238452 -0.0294003 
0.349097 0.383064 0.212093 0.306571 0.286223 0.366674 0.00303191 0.00255546 0.000830833 0.00163105 0.00174669 0.00290989 0.050512 0.0570478 0.0561017 
0.350341 0.375424 0.207857 0.299317 0.284181 0.363855 -0.003787 -0.00958461 -0.00239925 -0.0059416 -0.00362582 -0.00632188 0.0756148 0.0822161 0.0822416 
0.345926 0.727107 0.773687 0.747575 0.573326 0.561885 -0.0813 -0.143484 -0.133606 -0.138924 -0.121556 -0.122875 -0.00182065 0.0151001 0.00625329 
6.47462e-35 1.09199e-34 0.0775008 0.0412869 0.032214 5.11509e-35 -5.16904e-34 -5.27038e-34 -0.0103456 -0.00279034 -0.00323439 -1.03018e-33 0.102909 0.105481 0.10259 
0.989579 0.644886 0.834527 0.748277 0.935475 0.878667 -0.00462596 -0.0021629 -0.00636795 -0.00365424 -0.00590896 -0.00396989 0.198048 0.190988 0.157204 
0.345576 0.361535 0.170376 0.268102 0.254854 0.353358 -0.0172857 -0.0136915 -0.00221695 -0.00681895 -0.00767798 -0.0157083 0.0723247 0.0747288 0.0725201 
0.295245 0.326121 0.164899 0.248865 0.230883 0.310895 0.000914068 0.00237853 0.00136689 0.00220305 0.00165478 0.00159657 0.0721894 0.0696004 0.0696198 
0.301026 0.33487 0.178576 0.262202 0.243113 0.318255 0.00437892 0.00533114 0.00166897 0.00348684 0.00303959 0.00484203 0.0579924 0.0528829 0.0538477 
1.76314e-34 0.146671 0.19691 0.172114 0.104527 0.077034 1.7732e-34 0.000868144 0.00136473 0.0011146 0.000372693 0.000225173 0.0360764 0.0388663 0.0340697 
1.76314e-34 1.74773e-34 0.146671 0.0762592 0.077034 1.24226e-34 1.7732e-34 2.04222e-34 0.000868144 0.00024236 0.000225173 3.80475e-34 0.0360764 0.0415454 0.0388663 
0.295121 0.19691 0.146671 0.172114 0.225999 0.248873 0.00367748 0.00136473 0.000868144 0.0011146 0.00212476 0.00243723 0.0385975 0.0340697 0.0388663 
1.81856e-34 1.91141e-34 0.152081 0.0808527 0.0785983 1.34753e-34 -4.6044e-34 -4.25991e-34 -0.00246218 -0.000603307 -0.000789423 -8.83167e-34 0.0927883 0.0860477 0.0889225 
5.60041e-34 6.3969e-34 0.401607 0.216296 0.203333 4.12025e-34 1.86911e-34 2.69082e-34 -0.0162235 -0.00511403 -0.00424311 4.84413e-34 0.0415674 0.0580401 0.0521539 
3.46964e-34 4.87111e-34 0.30497 0.161179 0.146549 2.66919e-34 1.7703e-34 1.6949e-34 -0.0160411 -0.0052655 -0.00435034 3.7228e-34 0.0382291 0.0383164 0.0408133 
1.99013e-34 1.96831e-34 0.160991 0.084061 0.0843165 1.44791e-34 -3.23156e-34 -2.90831e-34 0.000261676 9.56385e-05 6.00496e-05 -6.14254e-34 0.0654518 0.0589471 0.0622313 
1.61049e-34 1.55011e-34 0.12815 0.0659058 0.0667862 1.1754e-34 2.78527e-34 3.00189e-34 0.000919962 0.000271913 0.000258526 5.77619e-34 0.0566972 0.0611091 0.0587551 
1.70526e-34 1.62411e-34 0.134327 0.0694197 0.0702654 1.24201e-34 2.30176e-34 2.54918e-34 0.000892846 0.000251608 0.000247616 4.83973e-34 0.0468353 0.0518859 0.049186 
1.44293e-34 1.39825e-34 0.117597 0.0593019 0.0599004 1.02861e-34 3.49128e-34 3.56935e-34 0.000613652 0.000206984 0.000211351 7.05567e-34 0.0711118 0.0727285 0.0719559 
1.51118e-34 1.45684e-34 0.122161 0.0623352 0.0631792 1.10276e-34 3.19805e-34 3.36214e-34 0.000869793 0.000275989 0.000273593 6.55096e-34 0.0651113 0.0684627 0.0667114 
1.44004e-34 1.53442e-34 0.127401 0.0631956 0.0611649 1.0133e-34 3.45949e-34 3.28672e-34 -0.00220658 -0.000592052 -0.000458712 6.77842e-34 0.0707281 0.0673876 0.0698104 
1.38129e-34 1.3834e-34 0.117319 0.0584773 0.0582433 9.80891e-35 3.59645e-34 3.55981e-34 -0.000317194 -2.41539e-05 3.84062e-05 7.16376e-34 0.0733211 0.0726623 0.0733188 
0.894583 0.773687 0.727107 0.747575 0.837356 0.862012 -0.127045 -0.133606 -0.143484 -0.138924 -0.142083 -0.136119 0.0267004 0.00625329 0.0151001 
1.87936e-34 1.76743e-34 0.148387 0.0769957 0.0775456 1.42281e-34 -1.98628e-34 -1.69017e-34 0.000572825 0.000148228 0.000152748 -3.68344e-34 0.0402968 0.034287 0.0374245 
1.95833e-34 1.9214e-34 0.155573 0.0808861 0.0814217 1.43766e-34 -2.59461e-34 -2.28731e-34 0.00057701 0.000155639 0.000149753 -4.88924e-34 0.0526084 0.0463938 0.0496796 
1.65929e-34 1.83405e-34 0.153149 0.0768195 0.07171 1.24821e-34 3.04859e-34 2.77059e-34 -0.00549422 -0.00153815 -0.00128792 5.88682e-34 0.0626957 0.0572603 0.0614054 
1.95703e-34 1.97727e-34 0.156815 0.0823645 0.081813 1.47755e-34 -3.9091e-34 -3.5645e-34 -0.00052622 -0.000133459 -0.000192352 -7.46578e-34 0.0790346 0.0721451 0.0755226 
1.35792e-34 1.61784e-34 0.11669 0.0626566 0.0577322 1.15792e-34 -5.15804e-34 -4.91838e-34 -0.00503501 -0.00134252 -0.00156423 -1.00087e-33 0.103505 0.09902 0.100373 
0.554907 0.610443 0.599643 0.609087 0.589482 0.583104 -0.0563402 -0.0834224 -0.0843357 -0.0847025 -0.0710071 -0.0691578 0.0782686 0.0769743 0.0835848 
0.879831 0.773687 0.929075 0.896103 0.929171 0.825759 -0.111858 -0.133606 -0.10611 -0.126676 -0.115871 -0.126348 0.00316444 0.00625329 0.0297947 
-2.46038e-35 -3.64737e-35 -0.0119854 -0.00300769 -0.00306659 -4.81385e-35 6.20053e-35 1.9088e-35 0.0312949 0.0142777 0.0231679 3.26405e-35 0.00395747 0.00780565 0.00304341 
0.999391 0.999417 0.834527 0.953594 0.962414 0.999785 -0.0148403 -0.00834836 -0.00636795 -0.00811497 -0.0111446 -0.0108202 0.130309 0.165297 0.157204 
0.989579 0.834527 0.999417 0.953594 0.99615 0.935475 -0.00462596 -0.00636795 -0.00834836 -0.00811497 -0.00655543 -0.00590896 0.198048 0.157204 0.165297 
-4.08153e-34 0.437595 0.75 0.609435 0.4375 0.234401 -8.25917e-34 -8.42118e-05 -4.05938e-37 -7.77173e-05 -1.62829e-37 -2.42773e-05 0.346876 0.324029 0.34694 
0.264008 0.29538 0.145117 0.219195 0.204559 0.280112 -0.0233208 -0.0386325 -0.0141446 -0.0266427 -0.0197806 -0.0305924 0.0991005 0.10028 0.102674 
1.83405e-34 0.251221 0.153149 0.199575 0.0768195 0.11889 2.77059e-34 -0.0143988 -0.00549422 -0.00934522 -0.00153815 -0.00353413 0.0572603 0.0584271 0.0614054 
0.382286 0.153149 0.251221 0.199575 0.321039 0.268244 -0.0305918 -0.00549422 -0.0143988 -0.00934522 -0.0227789 -0.015754 0.0642046 0.0614054 0.0584271 
0.894583 0.929075 0.773687 0.896103 0.862012 0.914735 -0.127045 -0.10611 -0.133606 -0.126676 -0.136119 -0.116997 0.0267004 0.0297947 0.00625329 
0.591232 0.599643 0.610443 0.609087 0.618376 0.599733 -0.104124 -0.0843357 -0.0834224 -0.0847025 -0.096349 -0.0946321 0.0840191 0.0835848 0.0769743 
0.314562 0.148387 0.199914 0.174778 0.260079 0.237633 0.00285737 0.000572825 0.00100462 0.00078281 0.00185041 0.00155473 0.0379529 0.0374245 0.0328297 
1.76743e-34 0.199914 0.148387 0.174778 0.0769957 0.106151 -1.69017e-34 0.00100462 0.000572825 0.00078281 0.000148228 0.000267617 0.034287 0.0328297 0.0374245 
-0.0720547 -0.0493603 -0.0492913 -0.0551886 -0.0663594 -0.0620478 0.0100953 0.0356098 0.0165142 0.0278173 0.0157078 0.0223851 0.0165898 0.0057068 0.00842558 
0.879831 0.473797 0.773687 0.645818 0.825759 0.722194 -0.111858 -0.111352 -0.133606 -0.126936 -0.126348 -0.118898 0.00316444 -0.0246767 0.00625329 
-1.01974e-34 -0.062343 -0.0739193 -0.0698042 -0.0527854 -0.0509004 -2.11805e-34 -0.00789151 -0.00129902 -0.00460762 -0.000396822 -0.00178437 0.0425914 0.0469893 0.0322401 
1.08846e-33 0.103018 0.473797 0.246549 0.283888 0.0834949 1.07447e-35 0.00173801 -0.111352 -0.056809 -0.0793956 -0.0040409 -0.071419 -0.0294003 -0.0246767 
0.0164338 -0.0285105 0.100291 0.0200375 0.0563396 -0.0128855 -0.0379581 -0.0174712 -0.059157 -0.0362436 -0.0488699 -0.0275496 0.0515977 0.064768 0.0661621 
0.285705 0.178576 0.33487 0.262202 0.31098 0.234222 0.00400966 0.00166897 0.00533114 0.00348684 0.00472776 0.00279998 0.0487701 0.0538477 0.0528829 
0.0588691 0.100291 -0.0285105 0.0200375 0.00791908 0.0769854 -0.0409761 -0.059157 -0.0174712 -0.0362436 -0.0284946 -0.0501681 0.0778333 0.0661621 0.064768 
0.270203 0.164899 0.326121 0.248865 0.29821 0.219123 0.00311957 0.00136689 0.00237853 0.00220305 0.00300219 0.00219074 0.0665918 0.0696198 0.0696004 
0.280243 0.170376 0.361535 0.268102 0.319763 0.227105 -0.00405812 -0.00221695 -0.0136915 -0.00681895 -0.00804404 -0.00344662 0.0741106 0.0725201 0.0747288 
0.309991 0.207857 0.375424 0.299317 0.34435 0.263079 -0.0106918 -0.00239925 -0.00958461 -0.0059416 -0.0103449 -0.00580799 0.0881246 0.0822416 0.0822161 
0.328649 0.212093 0.383064 0.306571 0.357275 0.274 0.000972192 0.000830833 0.00255546 0.00163105 0.00172705 0.00104541 0.0623478 0.0561017 0.0570478 
0.445873 0.454564 0.495992 0.478764 0.474848 0.450027 0.00629963 0.0044627 0.00477438 0.00467336 0.0057561 0.00552603 0.0590549 0.0635975 0.0611475 
0.428265 0.402354 0.29538 0.34785 0.363136 0.416219 -0.0586585 -0.0683406 -0.0386325 -0.053693 -0.0499722 -0.0635419 0.0967234 0.0975648 0.10028 
0.51049 0.495992 0.454564 0.478764 0.491396 0.504484 0.00158402 0.00477438 0.0044627 0.00467336 0.00330052 0.00330067 0.0650712 0.0611475 0.0635975 
0.632973 0.63448 0.610443 0.630515 0.621621 0.647338 -0.0928298 -0.111965 -0.0834224 -0.0983507 -0.0884506 -0.104821 0.0700181 0.0776015 0.0769743 
1.87892e-34 0.191681 0.199258 0.195497 0.1059 0.101931 1.20695e-34 0.000873716 0.000750115 0.000815389 0.000208034 0.000215858 0.0245574 0.0257842 0.0218773 
0.463681 0.484906 0.522274 0.507807 0.498364 0.473738 -0.00722766 -0.015516 -0.0169302 -0.0163465 -0.0118387 -0.010864 0.074971 0.0775983 0.0785568 
0.591232 0.610443 0.63448 0.630515 0.613792 0.618376 -0.104124 -0.0834224 -0.111965 -0.0983507 -0.10859 -0.096349 0.0840191 0.0769743 0.0776015 
0.538502 0.522274 0.484906 0.507807 0.524533 0.532583 -0.0284317 -0.0169302 -0.015516 -0.0163465 -0.0221551 -0.022484 0.0828795 0.0785568 0.0775983 
1.87765e-34 0.203948 0.187416 0.195744 0.0988274 0.108518 -1.11113e-34 0.00065984 0.000665723 0.000670542 0.000163674 0.000181512 0.0225512 0.0206582 0.0243935 
0.501794 0.496133 0.494525 0.501622 0.499022 0.501356 0.00917531 0.00802883 0.00859654 0.00851677 0.00897908 0.00870978 0.0359396 0.0313151 0.0319119 
0.444511 0.458958 0.49286 0.478917 0.473411 0.451902 0.00812597 0.00883153 0.00945891 0.0092703 0.00900996 0.00857157 0.0377317 0.0431229 0.0397471 
0.502664 0.49286 0.458958 0.478917 0.488309 0.498801 0.00929226 0.00945891 0.00883153 0.0092703 0.00940479 0.00946951 0.0434662 0.0397471 0.0431229 
0.879831 0.929075 0.964551 0.94795 0.951468 0.929171 -0.111858 -0.10611 -0.0830068 -0.0971398 -0.102082 -0.115871 0.00316444 0.0297947 0.0386918 
0.502664 0.504007 0.480612 0.495963 0.500631 0.504399 0.00929226 0.00832506 0.00746788 0.00801675 0.00859366 0.00891269 0.0434662 0.0472028 0.0437529 
0.478064 0.480612 0.504007 0.495963 0.495536 0.479424 0.00644966 0.00746788 0.00832506 0.00801675 0.00750874 0.00702625 0.0493236 0.0437529 0.0472028 
0.310095 0.19691 0.349245 0.279739 0.330411 0.256536 0.00299745 0.00136473 0.00465564 0.00291325 0.00381471 0.00220868 0.0292645 0.0340697 0.034017 
0.295121 0.349245 0.19691 0.279739 0.248873 0.323106 0.00367748 0.00465564 0.00136473 0.00291325 0.00243723 0.00422078 0.0385975 0.034017 0.0340697 
0.648131 0.84627 0.77205 0.810766 0.723402 0.770442 -0.0671687 -0.11635 -0.107134 -0.11291 -0.0875227 -0.0937398 0.0421195 0.0361685 0.0430191 
0.321106 0.620425 0.727107 0.671714 0.521413 0.47616 -0.0834014 -0.141206 -0.143484 -0.142639 -0.122467 -0.118649 0.0100028 0.0214219 0.0151001 
0.51049 0.51432 0.492124 0.506346 0.510614 0.513829 0.00158402 -0.00259312 -0.00112073 -0.00186957 -4.95366e-06 -0.000351132 0.0650712 0.0690694 0.0670319 
0.485514 0.492124 0.51432 0.506346 0.505165 0.489227 -0.00571548 -0.00112073 -0.00259312 -0.00186957 -0.00421193 -0.00328326 0.0726098 0.0670319 0.0690694 
0.82005 0.77205 0.84627 0.810766 0.848204 0.824109 -0.145854 -0.107134 -0.11635 -0.11291 -0.13428 -0.130652 0.0318417 0.0430191 0.0361685 
0.345926 0.773687 0.473797 0.645818 0.395592 0.573326 -0.0813 -0.133606 -0.111352 -0.126936 -0.0928231 -0.121556 -0.00182065 0.00625329 -0.0246767 
0.538502 0.542358 0.492891 0.522091 0.526946 0.541352 -0.0284317 -0.040543 -0.0339698 -0.0379036 -0.0326292 -0.0341587 0.0828795 0.0862247 0.0886018 
0.82005 0.727107 0.620425 0.671714 0.745971 0.789701 -0.145854 -0.143484 -0.141206 -0.142639 -0.150637 -0.148396 0.0318417 0.0151001 0.0214219 
0.489523 0.510556 0.251221 0.386761 0.36614 0.501246 -0.0501224 -0.0560645 -0.0143988 -0.0327395 -0.029351 -0.0536446 0.0555786 0.0615369 0.0584271 
0.457291 0.492891 0.542358 0.522091 0.513284 0.477562 -0.0472361 -0.0339698 -0.040543 -0.0379036 -0.0456802 -0.0404943 0.0941976 0.0886018 0.0862247 
0.806452 0.964551 0.929075 0.94795 0.894575 0.908935 -0.0613483 -0.0830068 -0.10611 -0.0971398 -0.0840704 -0.0742691 0.0461492 0.0386918 0.0297947 
0.266387 0.499856 0.250268 0.374778 0.259347 0.378256 -0.0972528 -0.136045 -0.0850839 -0.113665 -0.0928783 -0.117744 0.0493025 0.0390919 0.0288937 
0.538173 0.250268 0.499856 0.374778 0.518556 0.387972 -0.137112 -0.0850839 -0.136045 -0.113665 -0.136915 -0.113003 0.0296124 0.0288937 0.0390919 
0.292419 0.349654 0.199914 0.280931 0.248447 0.321961 0.00205554 0.00342703 0.00100462 0.00210881 0.00153627 0.00271006 0.0280763 0.0323536 0.0328297 
-0.0352432 -0.0492913 -0.0493603 -0.0551886 -0.04428 -0.0440677 0.0375821 0.0165142 0.0356098 0.0278173 0.0388905 0.0272751 0.00487009 0.00842558 0.0057068 
0.382286 0.251221 0.510556 0.386761 0.445387 0.321039 -0.0305918 -0.0143988 -0.0560645 -0.0327395 -0.0422397 -0.0227789 0.0642046 0.0584271 0.0615369 
0.314562 0.199914 0.349654 0.280931 0.332657 0.260079 0.00285737 0.00100462 0.00342703 0.00210881 0.0031888 0.00185041 0.0379529 0.0328297 0.0323536 
0.462978 0.497257 0.471533 0.487454 0.467447 0.484688 0.00664829 0.0066619 0.00525525 0.00603631 0.00598014 0.00680046 0.027073 0.0240013 0.0214905 
0.622277 0.512437 0.669673 0.605896 0.652358 0.567112 -0.14916 -0.136251 -0.139456 -0.142518 -0.14641 -0.143365 0.0525438 0.0624528 0.0642491 
0.570456 0.530951 0.566041 0.563109 0.574953 0.551201 -0.0766939 -0.0644567 -0.0535294 -0.0610631 -0.0651436 -0.0708017 0.0881844 0.091409 0.0838741 
0.525656 0.518471 0.506168 0.520733 0.518036 0.523702 -0.0141836 -0.0109303 -0.00610942 -0.00888342 -0.00985611 -0.0125469 0.0775399 0.0760255 0.0733915 
0.506656 0.505938 0.491038 0.505377 0.500265 0.508167 0.00562468 0.00627884 0.00756725 0.00704159 0.00675129 0.00601567 0.058064 0.0546661 0.0542562 
0.500248 0.471533 0.497257 0.487454 0.500112 0.494401 0.00518607 0.00525525 0.0066619 0.00603631 0.00595653 0.00542777 0.0191238 0.0214905 0.0240013 
0.500662 0.494525 0.496133 0.501622 0.49907 0.500368 0.0075152 0.00859654 0.00802883 0.00851677 0.00783902 0.00816036 0.0272388 0.0319119 0.0313151 
0.504317 0.491038 0.505938 0.505377 0.506737 0.499458 0.00807516 0.00756725 0.00627884 0.00704159 0.00725768 0.00786472 0.050841 0.0542562 0.0546661 
0.516751 0.506168 0.518471 0.520733 0.519932 0.513194 -0.00473755 -0.00610942 -0.0109303 -0.00888342 -0.00776339 -0.0054829 0.071599 0.0733915 0.0760255 
0.555327 0.566041 0.530951 0.563109 0.549029 0.562282 -0.048619 -0.0535294 -0.0644567 -0.0610631 -0.0569402 -0.0513349 0.0863164 0.0838741 0.091409 
-3.64737e-35 -0.0143198 -0.0119854 -0.014402 -0.00300769 -0.00430278 1.9088e-35 0.0132347 0.0312949 0.0230595 0.0142777 0.0097343 0.00780565 0.005509 0.00304341 
-0.0352432 -0.0119854 -0.0143198 -0.014402 -0.0262664 -0.0242885 0.0375821 0.0312949 0.0132347 0.0230595 0.0258585 0.0370892 0.00487009 0.00304341 0.005509 
-2.46038e-35 -0.0119854 -0.021541 -0.0178277 -0.00826459 -0.00306659 6.20053e-35 0.0312949 0.0586995 0.0470902 0.0498977 0.0231679 0.00395747 0.00304341 -0.00149987 
-0.0352432 -0.021541 -0.0119854 -0.0178277 -0.0242885 -0.0292426 0.0375821 0.0586995 0.0312949 0.0470902 0.0370892 0.0492381 0.00487009 -0.00149987 0.00304341 
