0.495241 0.853503 1.11684e-33 0.576564 0.296448 0.689505 -0.121754 -0.0652393 -2.12246e-36 -0.0864272 -0.084758 -0.117765 -0.0236446 0.0193294 -0.0707422 
0.0304577 0.0716773 0.34668 0.194613 0.178155 0.0476326 -0.0694123 -0.0905059 -0.175287 -0.134513 -0.126593 -0.0839633 0.0471917 0.0854131 0.0754318 
0.499985 0.461778 0.495274 0.495955 0.498813 0.490422 -0.000263428 -0.000138788 -0.000189355 -0.000165638 -0.000240066 -0.000223503 0.0441089 0.0497404 0.0479749 
0.499977 0.458791 0.496238 0.494991 0.499187 0.489279 0.00363208 0.00575817 0.00562496 0.00610783 0.00457485 0.00480357 0.0676403 0.0736502 0.0713626 
0.500185 0.443586 0.503461 0.487899 0.501926 0.482065 0.0192714 0.0162858 0.0161935 0.0167166 0.0184998 0.0186046 0.0908565 0.0914154 0.0950713 
0.381657 0.364159 0.581577 0.490278 0.510362 0.371524 -0.168844 -0.131998 -0.152315 -0.153798 -0.173107 -0.151848 0.10491 0.122934 0.10474 
0.383314 0.306874 0.202427 0.25747 0.303287 0.34749 -0.000185806 -0.00011477 -6.46328e-05 -9.40506e-05 -0.000127118 -0.000151321 0.0441579 0.0384926 0.0442634 
0.516837 0.456076 0.505656 0.489542 0.511427 0.500932 -0.0252823 -0.027247 -0.00598786 -0.0167713 -0.0152051 -0.0294611 0.104495 0.117031 0.104519 
0.890241 0.853503 0.495241 0.689505 0.741049 0.878323 -0.127025 -0.0652393 -0.121754 -0.117765 -0.13249 -0.100521 0.00883932 0.0193294 -0.0236446 
0.405634 0.220205 0.323048 0.275187 0.367185 0.325865 0.01206 0.00371108 0.00691802 0.00562983 0.00962392 0.00788002 0.0946276 0.0956341 0.0870919 
0.516837 0.499319 0.456076 0.478071 0.500932 0.515959 -0.0252823 -0.0625338 -0.027247 -0.0443081 -0.0294611 -0.0434324 0.104495 0.116585 0.117031 
0.356864 0.31482 0.46632 0.405806 0.421081 0.336516 -4.85706e-05 -6.55536e-05 -0.000118949 -9.77418e-05 -8.10981e-05 -5.75026e-05 0.0221135 0.0285941 0.0267686 
0.447142 0.46632 0.31482 0.405806 0.391024 0.457267 -0.000156558 -0.000118949 -6.55536e-05 -9.77418e-05 -0.000111173 -0.000138335 0.0320272 0.0267686 0.0285941 
0.499977 0.464889 0.495048 0.496571 0.498602 0.491573 0.00363208 0.0013444 0.00203661 0.00180567 0.00277875 0.00237441 0.0676403 0.0618447 0.0638943 
0.499985 0.459409 0.49514 0.495634 0.498764 0.489847 -0.000263428 -0.000230671 -0.00026298 -0.00025906 -0.000269001 -0.000261245 0.0441089 0.0389114 0.0402237 
0.499982 0.459409 0.491684 0.478591 0.497864 0.489747 -0.000238036 -0.000230671 -0.000185219 -0.000213697 -0.000215236 -0.000245489 0.0363041 0.0389114 0.0317608 
0.491684 0.459409 0.440772 0.450531 0.472019 0.478591 -0.000185219 -0.000230671 -0.000161082 -0.000192876 -0.000176337 -0.000213697 0.0317608 0.0389114 0.0329244 
0.384386 0.198439 0.307406 0.25596 0.348107 0.30229 0.00205674 0.000489019 0.000481834 0.000564927 0.00109887 0.00123634 0.0672614 0.0672935 0.0616987 
0.405634 0.323048 0.475051 0.416679 0.446267 0.367185 0.01206 0.00691802 0.0151761 0.0113851 0.014291 0.00962392 0.0946276 0.0870919 0.0862414 
0.0331584 -0.0211545 0.0276269 -0.0107343 0.0381842 -0.00522846 0.0596778 0.0791341 0.0271884 0.0655202 0.0470854 0.0786925 -0.00824373 0.00024184 0.000432945 
0.572501 0.638836 0.528586 0.600474 0.548794 0.627837 -0.107529 -0.170053 -0.0791102 -0.123451 -0.0941724 -0.14091 0.081887 0.0901097 0.0888757 
0.499319 0.494683 0.387771 0.438791 0.451809 0.498407 -0.0625338 -0.11873 -0.0579109 -0.0895923 -0.0640628 -0.089686 0.116585 0.119314 0.128504 
0.581577 0.528586 0.638836 0.600474 0.610585 0.590102 -0.152315 -0.0791102 -0.170053 -0.123451 -0.162375 -0.118177 0.10474 0.0888757 0.0901097 
0.384386 0.307406 0.464889 0.401927 0.430433 0.348107 0.00205674 0.000481834 0.0013444 0.000936009 0.00177443 0.00109887 0.0672614 0.0616987 0.0618447 
0.383314 0.45379 0.306874 0.392945 0.34749 0.422566 -0.000185806 -0.000216635 -0.00011477 -0.000171463 -0.000151321 -0.000211308 0.0441579 0.0378704 0.0384926 
0.54383 0.494683 0.499319 0.498407 0.524964 0.532494 -0.0782861 -0.11873 -0.0625338 -0.089686 -0.0722575 -0.100477 0.10738 0.119314 0.116585 
0.382163 0.30481 0.459409 0.396539 0.42581 0.345914 -0.000183794 -0.000117181 -0.000230671 -0.000179261 -0.000214639 -0.00015358 0.0442664 0.0387784 0.0389114 
0.383314 0.306825 0.461778 0.399216 0.427901 0.347477 -0.000185806 -0.000104935 -0.000138788 -0.0001285 -0.000190185 -0.000154755 0.0441579 0.0500445 0.0497404 
0.500185 0.475051 0.490905 0.500136 0.496469 0.49804 0.0192714 0.0151761 0.0179226 0.0173357 0.0189612 0.0179802 0.0908565 0.0862414 0.0866319 
0.381101 0.303071 0.458791 0.395353 0.425229 0.344579 0.00194654 0.00241985 0.00575817 0.00417393 0.0035561 0.00225866 0.0683569 0.0741188 0.0736502 
0.360527 0.274486 0.443586 0.370587 0.405185 0.319614 0.0129501 0.00937637 0.0162858 0.0137588 0.0157619 0.0115635 0.0879541 0.0892811 0.0914154 
0.381101 0.330598 0.196941 0.268604 0.299672 0.357199 0.00194654 0.000432296 0.000458052 0.000538391 0.00116308 0.0010157 0.0683569 0.0615473 0.0684855 
0.383314 0.202427 0.306825 0.257448 0.347477 0.303287 -0.000185806 -6.46328e-05 -0.000104935 -9.34697e-05 -0.000154755 -0.000127118 0.0441579 0.0442634 0.0500445 
0.381101 0.461041 0.330598 0.40732 0.357199 0.426537 0.00194654 0.00124545 0.000432296 0.000816457 0.0010157 0.00164876 0.0683569 0.0622564 0.0615473 
0.360527 0.317308 0.179076 0.252227 0.27821 0.339999 0.0129501 0.00733002 0.00374186 0.0059344 0.00834558 0.0101573 0.0879541 0.0838658 0.0876192 
0.381101 0.196941 0.303071 0.253284 0.344579 0.299672 0.00194654 0.000458052 0.00241985 0.00120278 0.00225866 0.00116308 0.0683569 0.0684855 0.0741188 
0.372339 0.291068 0.157747 0.226902 0.267753 0.327629 -0.0172719 0.00286215 -0.00100927 -0.000280429 -0.00679838 -0.0048325 0.0862233 0.0880926 0.0832612 
0.360527 0.179076 0.274486 0.228988 0.319614 0.27821 0.0129501 0.00374186 0.00937637 0.00655204 0.0115635 0.00834558 0.0879541 0.0876192 0.0892811 
0.442967 0.330598 0.461041 0.40732 0.452492 0.394248 0.000240537 0.000432296 0.00124545 0.000816457 0.000646173 0.000364187 0.0561903 0.0615473 0.0622564 
0.360527 0.451057 0.317308 0.394377 0.339999 0.411267 0.0129501 0.0146765 0.00733002 0.0113225 0.0101573 0.0144534 0.0879541 0.0848408 0.0838658 
0.436184 0.317308 0.451057 0.394377 0.444106 0.384171 0.00922494 0.00733002 0.0146765 0.0113225 0.011867 0.00881446 0.0796893 0.0838658 0.0848408 
0.390367 0.462952 0.487418 0.4768 0.450882 0.431466 -1.83537e-05 -1.46532e-05 -3.50944e-05 -2.28279e-05 -2.69416e-05 -1.67097e-05 0.0108567 0.00577763 0.0127439 
0.49998 0.487418 0.462952 0.4768 0.490722 0.496839 -2.30373e-05 -3.50944e-05 -1.46532e-05 -2.28279e-05 -1.91104e-05 -2.87264e-05 0.00844868 0.0127439 0.00577763 
0.372339 0.461532 0.291068 0.385084 0.327629 0.422971 -0.0172719 -0.0145615 0.00286215 -0.00302411 -0.0048325 -0.0169076 0.0862233 0.0938495 0.0880926 
0.421488 0.291068 0.461532 0.385084 0.439672 0.363673 0.00704499 0.00286215 -0.0145615 -0.00302411 -0.00206447 0.00476255 0.0921641 0.0880926 0.0938495 
0.405634 0.474077 0.334094 0.419328 0.373227 0.445368 0.01206 0.00920775 0.0056135 0.00769895 0.00946235 0.0125637 0.0946276 0.102452 0.105912 
0.44996 0.335485 0.464717 0.412051 0.457503 0.400568 0.00929274 0.00332052 0.00603276 0.00484792 0.00764774 0.00604113 0.079161 0.0739627 0.0730825 
0.384386 0.464717 0.335485 0.412051 0.360857 0.430066 0.00205674 0.00603276 0.00332052 0.00484792 0.00270653 0.00374125 0.0672614 0.0730825 0.0739627 
0.442894 0.330588 0.461404 0.407563 0.452582 0.394139 0.000249856 -9.30406e-05 -0.000125569 -0.000102581 2.4551e-05 6.66614e-06 0.0556461 0.0507981 0.0498545 
0.382163 0.461404 0.330588 0.407563 0.35753 0.427153 -0.000183794 -0.000125569 -9.30406e-05 -0.000102581 -0.000150904 -0.000186196 0.0442664 0.0498545 0.0507981 
0.499983 0.495274 0.461778 0.495955 0.490526 0.498771 1.17059e-05 -0.000189355 -0.000138788 -0.000165638 -7.32451e-05 -0.000107346 0.0519501 0.0479749 0.0497404 
0.372339 0.295684 0.528586 0.425328 0.449727 0.336358 -0.0172719 -0.0187468 -0.0791102 -0.0444702 -0.0425528 -0.019017 0.0862233 0.0800402 0.0888757 
0.499975 0.496238 0.458791 0.494991 0.488675 0.499384 0.0084881 0.00562496 0.00575817 0.00610783 0.0072936 0.00699905 0.0754708 0.0713626 0.0736502 
0.447142 0.45379 0.495786 0.480423 0.47828 0.450519 -0.000156558 -0.000216635 -0.00018885 -0.000209723 -0.000177628 -0.000185097 0.0320272 0.0378704 0.0320248 
0.503528 0.503461 0.443586 0.487899 0.482926 0.503696 0.00974263 0.0161935 0.0162858 0.0167166 0.0141437 0.0134928 0.0973169 0.0950713 0.0914154 
3.51674e-34 0.215473 0.29541 0.257088 0.163933 0.115275 -8.78151e-35 -5.96327e-06 -2.06611e-05 -1.19159e-05 -7.28246e-06 -3.01024e-06 0.0177795 0.0117527 0.0170276 
0.499982 0.495786 0.45379 0.480423 0.488533 0.498962 -0.000238036 -0.00018885 -0.000216635 -0.000209723 -0.000235859 -0.00021524 0.0363041 0.0320248 0.0378704 
1.65492e-34 3.41656e-34 0.214842 0.114917 0.114913 5.51971e-35 5.76472e-35 8.64808e-35 -5.49131e-06 -2.76197e-06 -1.34067e-06 1.44143e-34 0.0117603 0.0176447 0.0113171 
0.214842 3.41656e-34 0.293874 0.162956 0.255955 0.114917 -5.49131e-06 8.64808e-35 -1.9578e-05 -6.83276e-06 -1.11702e-05 -2.76197e-06 0.0113171 0.0176447 0.0166716 
0.44996 0.496275 0.475051 0.487916 0.46323 0.479695 0.00929274 0.0115115 0.0151761 0.0136361 0.0121056 0.0106428 0.079161 0.0791387 0.0862414 
0.382163 0.197327 0.30481 0.253996 0.345914 0.300425 -0.000183794 -6.51411e-05 -0.000117181 -9.55451e-05 -0.00015358 -0.000126346 0.0442664 0.0442689 0.0387784 
0.499903 0.475051 0.496275 0.487916 0.500062 0.496071 0.0152687 0.0151761 0.0115115 0.0136361 0.0134934 0.0157969 0.0832607 0.0862414 0.0791387 
0.499987 0.495048 0.464889 0.496571 0.491357 0.498705 0.00103654 0.00203661 0.0013444 0.00180567 0.00122974 0.00149338 0.059839 0.0638943 0.0618447 
0.499982 0.49514 0.459409 0.495634 0.489747 0.498804 -0.000238036 -0.00026298 -0.000230671 -0.00025906 -0.000245489 -0.000252982 0.0363041 0.0402237 0.0389114 
0.0276269 -0.0211545 -0.0624195 -0.0386425 -0.0303137 -0.0107343 0.0271884 0.0791341 0.0513368 0.0679996 0.0477315 0.0655202 0.000432945 0.00024184 0.00661495 
1.12402e-33 0.843886 0.842043 0.843228 0.512322 0.511892 1.06286e-33 -0.00238926 -0.00590486 -0.00371911 -0.00171272 -0.00117045 0.21756 0.239362 0.185186 
0.372339 0.157747 0.295684 0.221388 0.336358 0.267753 -0.0172719 -0.00100927 -0.0187468 -0.00714334 -0.019017 -0.00679838 0.0862233 0.0832612 0.0800402 
0.306874 0.153144 0.202427 0.17825 0.25747 0.235605 -0.00011477 -3.22622e-05 -6.46328e-05 -4.54446e-05 -9.40506e-05 -7.23161e-05 0.0384926 0.038575 0.0442634 
0.382163 0.330588 0.197327 0.268733 0.300425 0.35753 -0.000183794 -9.30406e-05 -6.51411e-05 -9.74922e-05 -0.000126346 -0.000150904 0.0442664 0.0507981 0.0442689 
0.499977 0.466111 0.458791 0.462656 0.489279 0.491098 0.00363208 0.00301034 0.00575817 0.00424248 0.00480357 0.0034196 0.0676403 0.0679425 0.0736502 
0.500185 0.453222 0.443586 0.448024 0.482065 0.484376 0.0192714 0.0177619 0.0162858 0.0174782 0.0186046 0.0192136 0.0908565 0.0888866 0.0914154 
0.499985 0.468888 0.461778 0.465437 0.490422 0.492204 -0.000263428 -0.000242154 -0.000138788 -0.000203994 -0.000223503 -0.000263022 0.0441089 0.0437446 0.0497404 
0.384386 0.335485 0.198439 0.271431 0.30229 0.360857 0.00205674 0.00332052 0.000489019 0.00151255 0.00123634 0.00270653 0.0672614 0.0739627 0.0672935 
2.77771e-34 0.272703 0.215473 0.244891 0.115284 0.149619 -2.92798e-35 -5.92584e-06 -5.96327e-06 -6.2121e-06 -1.1265e-06 -1.72615e-06 0.00592839 0.00698183 0.0117527 
0.499903 0.490905 0.475051 0.500136 0.496071 0.496786 0.0152687 0.0179226 0.0151761 0.0173357 0.0157969 0.0167401 0.0832607 0.0866319 0.0862414 
0.447142 0.358058 0.45379 0.412467 0.450519 0.407994 -0.000156558 -0.00011907 -0.000216635 -0.000168853 -0.000185097 -0.000141468 0.0320272 0.0336605 0.0378704 
0.306874 0.45379 0.358058 0.412467 0.333449 0.392945 -0.00011477 -0.000216635 -0.00011907 -0.000168853 -0.000120352 -0.000171463 0.0384926 0.0378704 0.0336605 
0.390367 0.443033 0.29541 0.380634 0.346562 0.418839 -1.83537e-05 -4.91513e-05 -2.06611e-05 -3.5174e-05 -2.03653e-05 -3.08456e-05 0.0108567 0.0178661 0.0170276 
0.405634 0.334094 0.220205 0.281037 0.325865 0.373227 0.01206 0.0056135 0.00371108 0.00543355 0.00788002 0.00946235 0.0946276 0.105912 0.0956341 
0.381657 0.581577 0.555052 0.576032 0.47278 0.510362 -0.168844 -0.152315 -0.194851 -0.177213 -0.186134 -0.173107 0.10491 0.10474 0.0934588 
3.51674e-34 1.67159e-34 0.215473 0.11528 0.115275 5.46003e-35 -8.78151e-35 -5.85495e-35 -5.96327e-06 -1.45607e-06 -3.01024e-06 -1.46348e-34 0.0177795 0.011856 0.0117527 
0.0276269 -0.0951956 0.089459 -0.0299117 0.0575461 -0.0423838 0.0271884 0.00784351 -0.0474611 -0.00598787 -0.009925 0.0228978 0.000432945 0.0219203 0.0141584 
0.323048 0.220205 0.160384 0.190409 0.248407 0.275187 0.00691802 0.00371108 0.00172898 0.00259636 0.00412786 0.00562983 0.0870919 0.0956341 0.0869632 
0.466115 0.505656 0.456076 0.489542 0.462003 0.491536 -0.00691926 -0.00598786 -0.027247 -0.0167713 -0.0164475 -0.00687259 0.110322 0.104519 0.117031 
0.355465 0.29541 0.443033 0.380634 0.404256 0.326743 -5.35143e-05 -2.06611e-05 -4.91513e-05 -3.5174e-05 -5.32438e-05 -3.43229e-05 0.0231926 0.0170276 0.0178661 
0.321762 0.376101 0.089459 0.216816 0.198479 0.349176 -0.148501 -0.113815 -0.0474611 -0.0743926 -0.0998081 -0.131683 0.0345148 0.00530845 0.0141584 
0.442894 0.493564 0.464889 0.482068 0.45448 0.474532 0.000249856 0.000348666 0.0013444 0.00077862 0.000694746 0.0003042 0.0556461 0.0557381 0.0618447 
0.44996 0.475051 0.371023 0.43271 0.415176 0.46323 0.00929274 0.0151761 0.00697631 0.0110039 0.00832654 0.0121056 0.079161 0.0862414 0.0808904 
0.499987 0.464889 0.493564 0.482068 0.498429 0.491357 0.00103654 0.0013444 0.000348666 0.00077862 0.00064202 0.00122974 0.059839 0.0618447 0.0557381 
0.30481 0.342634 0.459409 0.410552 0.396539 0.324232 -0.000117181 -0.000108915 -0.000230671 -0.000169906 -0.000179261 -0.000116282 0.0387784 0.0332333 0.0389114 
0.0716773 0.189345 0.34668 0.256688 0.194613 0.130571 -0.0905059 -0.116495 -0.175287 -0.148851 -0.134513 -0.10598 0.0854131 0.109073 0.0754318 
0.994656 0.982506 0.736532 0.903057 0.912885 0.991213 -0.0391596 -0.0678361 -0.0359127 -0.0540015 -0.0439509 -0.0546621 0.0957061 0.0651088 0.0801392 
0.306825 0.360069 0.461778 0.418913 0.399216 0.334545 -0.000104935 4.26565e-05 -0.000138788 -3.9235e-05 -0.0001285 -6.07901e-05 0.0500445 0.0550111 0.0497404 
0.440772 0.459409 0.342634 0.410552 0.397581 0.450531 -0.000161082 -0.000230671 -0.000108915 -0.000169906 -0.000137723 -0.000192876 0.0329244 0.0389114 0.0332333 
0.323048 0.371023 0.475051 0.43271 0.416679 0.347998 0.00691802 0.00697631 0.0151761 0.0110039 0.0113851 0.00717106 0.0870919 0.0808904 0.0862414 
0.303071 0.352994 0.458791 0.413931 0.395353 0.329264 0.00241985 0.00545178 0.00575817 0.00591915 0.00417393 0.00375265 0.0741188 0.0786552 0.0736502 
0.274486 0.323904 0.443586 0.391007 0.370587 0.29904 0.00937637 0.0094138 0.0162858 0.0127807 0.0137588 0.0101092 0.0892811 0.0900325 0.0914154 
0.404411 0.380025 0.273384 0.330909 0.345858 0.392563 -1.97548e-05 -8.14234e-06 -5.76796e-06 -7.21884e-06 -1.16002e-05 -1.27072e-05 0.0109384 0.00412497 0.00694981 
0.442967 0.461778 0.360069 0.418913 0.406103 0.452865 0.000240537 -0.000138788 4.26565e-05 -3.9235e-05 0.000127185 -2.7461e-06 0.0561903 0.0497404 0.0550111 
0.436184 0.458791 0.352994 0.413931 0.398848 0.448305 0.00922494 0.00575817 0.00545178 0.00591915 0.00735008 0.00744227 0.0796893 0.0736502 0.0786552 
0.421488 0.443586 0.323904 0.391007 0.37588 0.432274 0.00704499 0.0162858 0.0094138 0.0127807 0.00913791 0.0127316 0.0921641 0.0914154 0.0900325 
0.307406 0.198439 0.149081 0.174067 0.23408 0.25596 0.000481834 0.000489019 0.000101346 0.000244124 0.000267248 0.000564927 0.0616987 0.0672935 0.0615191 
0.390367 0.272703 0.380084 0.330649 0.385284 0.33684 -1.83537e-05 -5.92584e-06 -8.29097e-06 -7.35776e-06 -1.22969e-05 -1.1167e-05 0.0108567 0.00698183 0.00412691 
0.581577 0.364159 0.494683 0.439886 0.537732 0.490278 -0.152315 -0.131998 -0.11873 -0.129685 -0.137361 -0.153798 0.10474 0.122934 0.119314 
0.598725 0.376101 0.321762 0.349176 0.46067 0.501001 -0.199128 -0.113815 -0.148501 -0.131683 -0.177659 -0.165361 0.035323 0.00530845 0.0345148 
-1.3811e-34 -1.725e-34 -0.0951956 -0.0983271 -0.0872554 -4.56405e-37 -6.02364e-35 -1.90138e-34 0.00784351 0.00451494 0.0105488 -2.60423e-34 0.0155614 0.0396006 0.0219203 
0.404411 0.466817 0.380025 0.430164 0.392563 0.439648 -1.97548e-05 -1.42718e-05 -8.14234e-06 -1.11906e-05 -1.27072e-05 -1.70408e-05 0.0109384 0.00544744 0.00412497 
0.390367 0.380084 0.462952 0.427435 0.431466 0.385284 -1.83537e-05 -8.29097e-06 -1.46532e-05 -1.13805e-05 -1.67097e-05 -1.22969e-05 0.0108567 0.00412691 0.00577763 
0.442894 0.464889 0.361 0.421442 0.406429 0.45448 0.000249856 0.0013444 0.000197967 0.000646806 0.000229516 0.000694746 0.0556461 0.0618447 0.0569173 
0.499977 0.4708 0.464889 0.467818 0.491573 0.493079 0.00363208 0.00334482 0.0013444 0.00217318 0.00237441 0.00359522 0.0676403 0.0677235 0.0618447 
0.307406 0.361 0.464889 0.421442 0.401927 0.335265 0.000481834 0.000197967 0.0013444 0.000646806 0.000936009 0.000334433 0.0616987 0.0569173 0.0618447 
0.0304577 0.089459 -0.0951956 -0.0299117 -0.0520558 0.0559012 -0.0694123 -0.0474611 0.00784351 -0.00598787 -0.0214846 -0.0592261 0.0471917 0.0141584 0.0219203 
0.381657 0.34668 0.189345 0.256688 0.282892 0.364386 -0.168844 -0.175287 -0.116495 -0.148851 -0.146242 -0.175548 0.10491 0.0754318 0.109073 
1.67159e-34 2.77771e-34 0.215473 0.115284 0.11528 5.46154e-35 -5.85495e-35 -2.92798e-35 -5.96327e-06 -1.1265e-06 -1.45607e-06 -8.78222e-35 0.011856 0.00592839 0.0117527 
0.499985 0.467418 0.459409 0.463523 0.489847 0.491851 -0.000263428 -0.000240619 -0.000230671 -0.000249785 -0.000261245 -0.000251828 0.0441089 0.0443582 0.0389114 
0.295684 0.406596 0.528586 0.478123 0.425328 0.347662 -0.0187468 -0.0495643 -0.0791102 -0.0659601 -0.0444702 -0.0319853 0.0800402 0.078222 0.0888757 
8.59977e-34 1.12402e-33 0.842043 0.512322 0.508718 -4.14745e-35 8.42826e-34 1.06286e-33 -0.00590486 -0.00171272 -0.00238025 1.9121e-33 0.172751 0.21756 0.185186 
0.572501 0.528586 0.406596 0.478123 0.496511 0.548794 -0.107529 -0.0791102 -0.0495643 -0.0659601 -0.0768565 -0.0941724 0.081887 0.0888757 0.078222 
0.334094 0.474077 0.382046 0.436703 0.360352 0.419328 0.0056135 0.00920775 -0.00154312 0.00326024 0.0032019 0.00769895 0.105912 0.102452 0.11335 
0.0304577 -0.0532046 0.0716773 -0.00559411 0.0476326 -0.0304887 -0.0694123 -0.0256616 -0.0905059 -0.0553072 -0.0839633 -0.0481605 0.0471917 0.0797362 0.0854131 
0.291068 0.11145 0.157747 0.133107 0.226902 0.203341 0.00286215 0.00121054 -0.00100927 0.000341077 -0.000280429 0.00250667 0.0880926 0.0867751 0.0832612 
0.317308 0.137497 0.179076 0.159218 0.252227 0.234596 0.00733002 0.00160469 0.00374186 0.00246124 0.0059344 0.00432346 0.0838658 0.0843663 0.0876192 
0.330598 0.146435 0.196941 0.172323 0.268604 0.246943 0.000432296 8.5548e-05 0.000458052 0.000216851 0.000538391 0.000243535 0.0615473 0.0624511 0.0684855 
0.274486 0.179076 0.12387 0.151477 0.202693 0.228988 0.00937637 0.00374186 0.00236857 0.00305481 0.00566324 0.00655204 0.0892811 0.0876192 0.0892444 
0.303071 0.196941 0.144439 0.171261 0.229583 0.253284 0.00241985 0.000458052 0.000575571 0.000539075 0.00142733 0.00120278 0.0741188 0.0684855 0.0743693 
0.306825 0.202427 0.146535 0.175094 0.232716 0.257448 -0.000104935 -6.46328e-05 -3.07882e-05 -4.6918e-05 -6.75179e-05 -9.34697e-05 0.0500445 0.0442634 0.0502981 
0.703874 0.994656 0.736532 0.912885 0.724454 0.906389 -0.0157308 -0.0391596 -0.0359127 -0.0439509 -0.0236008 -0.0278923 0.117379 0.0957061 0.0801392 
0.421488 0.461532 0.493488 0.480244 0.46406 0.439672 0.00704499 -0.0145615 0.000612655 -0.00713569 0.00441451 -0.00206447 0.0921641 0.0938495 0.0973488 
0.436184 0.451057 0.491137 0.475194 0.469777 0.444106 0.00922494 0.0146765 0.0115287 0.0133953 0.0105979 0.011867 0.0796893 0.0848408 0.0795076 
0.516837 0.493488 0.461532 0.480244 0.503813 0.507848 -0.0252823 0.000612655 -0.0145615 -0.00713569 -0.0209247 -0.0105809 0.104495 0.0973488 0.0938495 
0.442967 0.461041 0.493783 0.480948 0.474781 0.452492 0.000240537 0.00124545 0.000362634 0.000751487 0.000306847 0.000646173 0.0561903 0.0622564 0.055991 
0.499903 0.491137 0.451057 0.475194 0.485141 0.496742 0.0152687 0.0115287 0.0146765 0.0133953 0.0155265 0.0134891 0.0832607 0.0795076 0.0848408 
0.499987 0.493783 0.461041 0.480948 0.490092 0.498382 0.00103654 0.000362634 0.00124545 0.000751487 0.00119012 0.000652428 0.059839 0.055991 0.0622564 
0.421488 0.493488 0.443586 0.469948 0.432274 0.46406 0.00704499 0.000612655 0.0162858 0.0115858 0.0127316 0.00441451 0.0921641 0.0973488 0.0914154 
0.436184 0.491137 0.458791 0.47803 0.448305 0.469777 0.00922494 0.0115287 0.00575817 0.00843611 0.00744227 0.0105979 0.0796893 0.0795076 0.0736502 
0.442967 0.493783 0.461778 0.48121 0.452865 0.474781 0.000240537 0.000362634 -0.000138788 2.65714e-05 -2.7461e-06 0.000306847 0.0561903 0.055991 0.0497404 
0.503528 0.443586 0.493488 0.469948 0.499671 0.482926 0.00974263 0.0162858 0.000612655 0.0115858 0.00539615 0.0141437 0.0973169 0.0914154 0.0973488 
0.499975 0.458791 0.491137 0.47803 0.497373 0.488675 0.0084881 0.00575817 0.0115287 0.00843611 0.0100168 0.0072936 0.0754708 0.0736502 0.0795076 
0.499983 0.461778 0.493783 0.48121 0.498479 0.490526 1.17059e-05 -0.000138788 0.000362634 2.65714e-05 0.000166743 -7.32451e-05 0.0519501 0.0497404 0.055991 
-0.0462394 -0.0624195 -0.0211545 -0.0386425 -0.0343378 -0.0568707 0.0542476 0.0513368 0.0791341 0.0679996 0.0687858 0.0564228 0.00769623 0.00661495 0.00024184 
2.76934e-34 0.214842 0.273384 0.244953 0.150039 0.114909 2.8819e-35 -5.49131e-06 -5.76796e-06 -5.85714e-06 -1.69427e-06 -1.09251e-06 0.00587981 0.0113171 0.00694981 
8.25969e-34 1.08551e-33 0.839694 0.519511 0.508497 1.11056e-34 -5.71362e-34 -3.33142e-34 -0.023351 -0.00854076 -0.00559091 -8.49743e-34 0.118314 0.0594536 0.0863158 
0.500185 0.484955 0.475051 0.480159 0.49804 0.500204 0.0192714 0.0169239 0.0151761 0.0168832 0.0179802 0.0183458 0.0908565 0.0934287 0.0862414 
0.573451 0.667773 0.395994 0.557158 0.482892 0.635936 -0.0997055 -0.153635 -0.0513302 -0.100523 -0.0738213 -0.129974 0.0691117 0.0758672 0.0726598 
0.572501 0.395994 0.667773 0.557158 0.620131 0.501252 -0.107529 -0.0513302 -0.153635 -0.100523 -0.130474 -0.0809968 0.081887 0.0726598 0.0758672 
0.989792 0.842043 0.843886 0.843228 0.978228 0.977856 -0.00531577 -0.00590486 -0.00238926 -0.00371911 -0.00429175 -0.00682238 0.206873 0.185186 0.239362 
0.312751 0.387771 0.494683 0.438791 0.409627 0.354617 -0.0837531 -0.0579109 -0.11873 -0.0895923 -0.107342 -0.0716802 0.132033 0.128504 0.119314 
0.442967 0.360069 0.330598 0.345745 0.394248 0.406103 0.000240537 4.26565e-05 0.000432296 0.000210548 0.000364187 0.000127185 0.0561903 0.0550111 0.0615473 
0.436184 0.352994 0.317308 0.335865 0.384171 0.398848 0.00922494 0.00545178 0.00733002 0.00645006 0.00881446 0.00735008 0.0796893 0.0786552 0.0838658 
0.421488 0.323904 0.291068 0.306922 0.363673 0.37588 0.00704499 0.0094138 0.00286215 0.00625872 0.00476255 0.00913791 0.0921641 0.0900325 0.0880926 
0.466115 0.382046 0.474077 0.436703 0.470833 0.429497 -0.00691926 -0.00154312 0.00920775 0.00326024 0.00272051 -0.00435794 0.110322 0.11335 0.102452 
0.30481 0.197327 0.1441 0.17126 0.230433 0.253996 -0.000117181 -6.51411e-05 -2.92423e-05 -4.34685e-05 -7.06301e-05 -9.55451e-05 0.0387784 0.0442689 0.0384277 
0.447142 0.31482 0.358058 0.337154 0.407994 0.391024 -0.000156558 -6.55536e-05 -0.00011907 -9.09617e-05 -0.000141468 -0.000111173 0.0320272 0.0285941 0.0336605 
0.499633 0.443033 0.487418 0.46923 0.495709 0.483432 -7.06061e-05 -4.91513e-05 -3.50944e-05 -4.24045e-05 -5.04802e-05 -6.17331e-05 0.0192415 0.0178661 0.0127439 
0.499633 0.487418 0.488254 0.499977 0.497971 0.495709 -7.06061e-05 -3.50944e-05 -4.12349e-05 -3.95304e-05 -5.49822e-05 -5.04802e-05 0.0192415 0.0127439 0.0142692 
0.295684 0.157747 0.115426 0.136098 0.204648 0.221388 -0.0187468 -0.00100927 -0.0030823 -0.00245598 -0.00933345 -0.00714334 0.0800402 0.0832612 0.0780928 
0.330588 0.146715 0.197327 0.172499 0.268733 0.246965 -9.30406e-05 -3.21271e-05 -6.51411e-05 -4.815e-05 -9.74922e-05 -6.89984e-05 0.0507981 0.0501053 0.0442689 
0.890241 0.961052 0.853503 0.958156 0.878323 0.954138 -0.127025 -0.0942253 -0.0652393 -0.0938529 -0.100521 -0.115872 0.00883932 0.0484164 0.0193294 
1.12402e-33 9.52117e-34 0.843886 0.513383 0.511892 -3.2218e-35 1.06286e-33 1.28956e-33 -0.00238926 -0.000803284 -0.00117045 2.35636e-33 0.21756 0.263324 0.239362 
1.27082e-34 0.138126 0.165302 0.154316 0.0650002 0.0540865 -7.07266e-34 -0.0278965 -0.0760373 -0.0498426 -0.0255164 -0.0109186 0.13266 0.134817 0.125453 
0.356864 0.192759 0.31482 0.257627 0.336516 0.282557 -4.85706e-05 -1.88058e-05 -6.55536e-05 -3.81898e-05 -5.75026e-05 -3.50959e-05 0.0221135 0.0249389 0.0285941 
0.668431 0.598725 0.753286 0.701419 0.736036 0.6325 -0.188683 -0.199128 -0.201727 -0.211515 -0.206667 -0.194345 0.02394 0.035323 0.0561434 
0.442894 0.361 0.330588 0.346112 0.394139 0.406429 0.000249856 0.000197967 -9.30406e-05 4.16102e-06 6.66614e-06 0.000229516 0.0556461 0.0569173 0.0507981 
0.81844 0.668431 0.753286 0.736036 0.785019 0.770726 -0.186738 -0.188683 -0.201727 -0.206667 -0.196685 -0.19671 0.0425609 0.02394 0.0561434 
0.516837 0.523481 0.499319 0.526119 0.515959 0.520506 -0.0252823 -0.0421663 -0.0625338 -0.0548714 -0.0434324 -0.0337681 0.104495 0.101902 0.116585 
0.54383 0.499319 0.523481 0.526119 0.535719 0.524964 -0.0782861 -0.0625338 -0.0421663 -0.0548714 -0.059316 -0.0722575 0.10738 0.116585 0.101902 
0.0276269 -0.0624195 -0.0951956 -0.0810917 -0.0423838 -0.0303137 0.0271884 0.0513368 0.00784351 0.0297339 0.0228978 0.0477315 0.000432945 0.00661495 0.0219203 
8.71818e-34 7.31407e-34 0.703874 0.403718 0.392967 2.12014e-34 4.54543e-34 6.36757e-34 -0.0157308 -0.00451885 -0.00621316 1.11207e-33 0.0966727 0.131173 0.117379 
0.335485 0.148144 0.198439 0.173718 0.271431 0.250477 0.00332052 0.00061375 0.000489019 0.000569624 0.00151255 0.00180538 0.0739627 0.0732839 0.0672935 
0.44996 0.371023 0.335485 0.353346 0.400568 0.415176 0.00929274 0.00697631 0.00332052 0.00497268 0.00604113 0.00832654 0.079161 0.0808904 0.0739627 
0.499983 0.493564 0.461404 0.48085 0.490243 0.498336 1.17059e-05 0.000348666 -0.000125569 3.8854e-05 -6.82964e-05 0.000161025 0.0519501 0.0557381 0.0498545 
0.442894 0.461404 0.493564 0.48085 0.474532 0.452582 0.000249856 -0.000125569 0.000348666 3.8854e-05 0.0003042 2.4551e-05 0.0556461 0.0498545 0.0557381 
0.334094 0.161662 0.220205 0.192472 0.281037 0.256353 0.0056135 0.00155402 0.00371108 0.00263002 0.00543355 0.0036362 0.105912 0.105712 0.0956341 
0.355465 0.289061 0.187023 0.240555 0.279274 0.323828 -5.35143e-05 -5.75213e-05 -1.88334e-05 -3.50728e-05 -3.74329e-05 -5.77078e-05 0.0231926 0.0290645 0.0254394 
0.89077 0.585762 0.922395 0.804381 0.909247 0.808639 -0.152354 -0.0595178 -0.123339 -0.0972518 -0.138001 -0.110541 0.0368793 0.0601103 0.040383 
0.498818 0.491684 0.434061 0.469736 0.47883 0.496064 -0.000139697 -0.000185219 -0.000119085 -0.000153076 -0.000135725 -0.000161535 0.0274857 0.0317608 0.0284093 
0.404411 0.273384 0.214842 0.244953 0.322265 0.345858 -1.97548e-05 -5.76796e-06 -5.49131e-06 -5.85714e-06 -1.28108e-05 -1.16002e-05 0.0109384 0.00694981 0.0113171 
0.489776 0.408147 0.466817 0.441138 0.479941 0.459165 -1.00641e-05 -6.85226e-06 -1.42718e-05 -9.58123e-06 -1.14243e-05 -8.95398e-06 -1.31579e-07 -3.82359e-07 0.00544744 
0.408149 0.489777 0.462952 0.478454 0.43861 0.459166 -6.97999e-06 -1.00845e-05 -1.46532e-05 -1.15844e-05 -9.74012e-06 -9.0431e-06 3.79014e-07 1.17555e-07 0.00577763 
0.499975 0.496275 0.464717 0.484196 0.492187 0.499437 0.0084881 0.0115115 0.00603276 0.00861734 0.0074591 0.00999554 0.0754708 0.0791387 0.0730825 
0.44996 0.464717 0.496275 0.484196 0.479695 0.457503 0.00929274 0.00603276 0.0115115 0.00861734 0.0106428 0.00764774 0.079161 0.0730825 0.0791387 
0.499633 0.488254 0.472736 0.4813 0.494622 0.497971 -7.06061e-05 -4.12349e-05 -7.52778e-05 -5.62852e-05 -7.50981e-05 -5.49822e-05 0.0192415 0.0142692 0.0211411 
2.76934e-34 1.65492e-34 0.214842 0.114913 0.114909 5.51824e-35 2.8819e-35 5.76472e-35 -5.49131e-06 -1.34067e-06 -1.09251e-06 8.64725e-35 0.00587981 0.0117603 0.0113171 
8.71818e-34 0.703874 0.736532 0.724454 0.430476 0.392967 4.54543e-34 -0.0157308 -0.0359127 -0.0236008 -0.0108992 -0.00621316 0.0966727 0.117379 0.0801392 
0.0304577 -0.0951956 -0.0914813 -0.0999403 -0.0542546 -0.0520558 -0.0694123 0.00784351 -0.0106385 -0.00573888 -0.0334672 -0.0214846 0.0471917 0.0219203 0.0517732 
-1.725e-34 -0.0914813 -0.0951956 -0.0999403 -0.0983271 -0.0758574 -1.90138e-34 -0.0106385 0.00784351 -0.00573888 0.00451494 0.000243568 0.0396006 0.0517732 0.0219203 
0.390367 0.29541 0.215473 0.257088 0.313152 0.346562 -1.83537e-05 -2.06611e-05 -5.96327e-06 -1.19159e-05 -1.25174e-05 -2.03653e-05 0.0108567 0.0170276 0.0117527 
0.498818 0.434061 0.477813 0.458846 0.491608 0.47883 -0.000139697 -0.000119085 -9.68829e-05 -0.000109088 -0.000118582 -0.000135725 0.0274857 0.0284093 0.0237163 
0.994656 0.853503 0.982506 0.966543 0.991213 0.972812 -0.0391596 -0.0652393 -0.0678361 -0.0774644 -0.0546621 -0.0581121 0.0957061 0.0193294 0.0651088 
0.390367 0.215473 0.272703 0.244891 0.33684 0.313152 -1.83537e-05 -5.96327e-06 -5.92584e-06 -6.2121e-06 -1.1167e-05 -1.25174e-05 0.0108567 0.0117527 0.00698183 
0.503528 0.505656 0.474077 0.493551 0.501 0.5073 0.00974263 -0.00598786 0.00920775 0.00311776 0.00937188 0.00286079 0.0973169 0.104519 0.102452 
0.466115 0.474077 0.505656 0.493551 0.491536 0.470833 -0.00691926 0.00920775 -0.00598786 0.00311776 -0.00687259 0.00272051 0.110322 0.102452 0.104519 
0.404411 0.214842 0.293874 0.255955 0.354388 0.322265 -1.97548e-05 -5.49131e-06 -1.9578e-05 -1.11702e-05 -2.07583e-05 -1.28108e-05 0.0109384 0.0113171 0.0166716 
0.488254 0.427575 0.472736 0.45286 0.4813 0.464379 -4.12349e-05 -4.18814e-05 -7.52778e-05 -5.71777e-05 -5.62852e-05 -4.26925e-05 0.0142692 0.0170255 0.0211411 
3.34339e-34 0.202266 0.31482 0.261875 0.176583 0.107646 1.44235e-34 -4.0224e-05 -6.55536e-05 -5.46688e-05 -2.36781e-05 -1.25497e-05 0.0294331 0.0334946 0.0285941 
2.76934e-34 0.273384 0.180918 0.229123 0.0955165 0.150039 2.8819e-35 -5.76796e-06 -1.80872e-06 -3.39026e-06 -7.11719e-07 -1.69427e-06 0.00587981 0.00694981 0.00365832 
3.34339e-34 0.31482 0.192759 0.257627 0.102232 0.176583 1.44235e-34 -6.55536e-05 -1.88058e-05 -3.81898e-05 -9.31094e-06 -2.36781e-05 0.0294331 0.0285941 0.0249389 
-1.3811e-34 -0.0951956 -0.0713615 -0.092411 -0.0526473 -0.0872554 -6.02364e-35 0.00784351 0.0250033 0.0215307 0.00835461 0.0105488 0.0155614 0.0219203 0.0125905 
3.51674e-34 0.29541 0.204598 0.252082 0.108995 0.163933 -8.78151e-35 -2.06611e-05 -1.57483e-05 -1.93296e-05 -4.0601e-06 -7.28246e-06 0.0177795 0.0170276 0.0216352 
0.89077 0.820062 0.585762 0.739319 0.808639 0.862162 -0.152354 -0.142764 -0.0595178 -0.10296 -0.110541 -0.14979 0.0368793 0.0506056 0.0601103 
0.404411 0.293874 0.427575 0.369273 0.416393 0.354388 -1.97548e-05 -1.9578e-05 -4.18814e-05 -3.09291e-05 -2.90919e-05 -2.07583e-05 0.0109384 0.0166716 0.0170255 
8.25969e-34 0.839694 0.705163 0.776869 0.407584 0.508497 -5.71362e-34 -0.023351 -0.00870205 -0.0134632 -0.00298522 -0.00559091 0.118314 0.0863158 0.12764 
0.75 1 0.937269 0.984295 0.859254 0.9375 -4.02836e-37 -7.54502e-37 -0.000702693 -0.000525067 -0.000380016 -1.44085e-36 0.356989 0.356345 0.316354 
3.72847e-34 0.259386 0.395994 0.33307 0.187049 0.113226 3.04528e-34 -0.023266 -0.0513302 -0.037489 -0.0131926 -0.00523143 0.0677319 0.0665029 0.0726598 
0.839694 0.853503 0.994656 0.972812 0.971859 0.845467 -0.023351 -0.0652393 -0.0391596 -0.0581121 -0.0373797 -0.0346689 0.0863158 0.0193294 0.0957061 
0.356864 0.427575 0.293874 0.369273 0.326798 0.395202 -4.85706e-05 -4.18814e-05 -1.9578e-05 -3.09291e-05 -3.18851e-05 -4.61809e-05 0.0221135 0.0170255 0.0166716 
0.312751 0.165302 0.138126 0.154316 0.225871 0.242829 -0.0837531 -0.0760373 -0.0278965 -0.0498426 -0.0578397 -0.0842932 0.132033 0.125453 0.134817 
2.77771e-34 0.169601 0.272703 0.223556 0.149619 0.089177 -2.92798e-35 -1.66014e-06 -5.92584e-06 -3.34964e-06 -1.72615e-06 -6.36751e-07 0.00592839 0.00381802 0.00698183 
9.52117e-34 0.706215 0.843886 0.780668 0.513383 0.405164 1.28956e-33 -0.000768829 -0.00238926 -0.00132629 -0.000803284 -0.000321765 0.263324 0.289054 0.239362 
4.45769e-34 5.28692e-34 0.585762 0.327427 0.29482 -2.13907e-35 2.44102e-34 2.53258e-34 -0.0595178 -0.01545 -0.0163362 5.44905e-34 0.0540177 0.055603 0.0601103 
0.312751 0.364159 0.165302 0.262245 0.242829 0.336148 -0.0837531 -0.131998 -0.0760373 -0.109171 -0.0842932 -0.108381 0.132033 0.122934 0.125453 
0.982506 0.853503 0.961052 0.958156 0.97269 0.966543 -0.0678361 -0.0652393 -0.0942253 -0.0938529 -0.0808444 -0.0774644 0.0651088 0.0193294 0.0484164 
1.27082e-34 0.165302 0.0296954 0.0927919 0.0155547 0.0650002 -7.07266e-34 -0.0760373 -0.0431549 -0.0614603 -0.0143707 -0.0255164 0.13266 0.125453 0.109543 
0.789859 0.736532 0.961052 0.891675 0.898637 0.770031 -0.0707369 -0.0359127 -0.0942253 -0.0649035 -0.0852026 -0.0534408 0.0592417 0.0801392 0.0484164 
0.447142 0.495786 0.46632 0.484574 0.457267 0.47828 -0.000156558 -0.00018885 -0.000118949 -0.000153998 -0.000138335 -0.000177628 0.0320272 0.0320248 0.0267686 
0.498818 0.46632 0.495786 0.484574 0.499747 0.494405 -0.000139697 -0.000118949 -0.00018885 -0.000153998 -0.000163755 -0.000134505 0.0274857 0.0267686 0.0320248 
0.573451 0.395994 0.259386 0.33307 0.423091 0.482892 -0.0997055 -0.0513302 -0.023266 -0.037489 -0.0561021 -0.0738213 0.0691117 0.0726598 0.0665029 
0.572501 0.406596 0.395994 0.401788 0.501252 0.496511 -0.107529 -0.0495643 -0.0513302 -0.0515463 -0.0809968 -0.0768565 0.081887 0.078222 0.0726598 
0.789859 0.922395 0.585762 0.804381 0.692005 0.881382 -0.0707369 -0.123339 -0.0595178 -0.0972518 -0.0687647 -0.0975029 0.0592417 0.040383 0.0601103 
7.41149e-34 7.75165e-34 0.774936 0.457721 0.456444 1.70021e-34 -1.25753e-33 -1.03579e-33 -0.00189266 -0.000695319 -0.000534501 -2.29184e-33 0.263938 0.21727 0.242107 
3.72847e-34 0.395994 0.190083 0.285069 0.0966883 0.187049 3.04528e-34 -0.0513302 -0.0113022 -0.0271941 -0.00360022 -0.0131926 0.0677319 0.0726598 0.0748443 
0.998672 0.937269 0.986671 0.995441 0.994213 0.988587 -0.00162974 -0.000702693 -0.000591449 -0.000722646 -0.00106467 -0.00120872 0.278233 0.316354 0.326281 
0.355465 0.187023 0.204598 0.195874 0.286702 0.279274 -5.35143e-05 -1.88334e-05 -1.57483e-05 -1.71803e-05 -3.3776e-05 -3.74329e-05 0.0231926 0.0254394 0.0216352 
0.998672 0.986671 0.749957 0.905297 0.928012 0.994213 -0.00162974 -0.000591449 -0.000528232 -0.000634225 -0.00109166 -0.00106467 0.278233 0.326281 0.313644 
0.499633 0.477813 0.443033 0.462438 0.483432 0.492964 -7.06061e-05 -9.68829e-05 -4.91513e-05 -7.01697e-05 -6.17331e-05 -8.42905e-05 0.0192415 0.0237163 0.0178661 
0.456076 0.326798 0.382046 0.357756 0.424251 0.40058 -0.027247 -0.0179624 -0.00154312 -0.00944377 -0.0119271 -0.024329 0.117031 0.125104 0.11335 
0.645054 0.34668 0.555052 0.466164 0.600039 0.517114 -0.208625 -0.175287 -0.194851 -0.195518 -0.203178 -0.204514 0.0752138 0.0754318 0.0934588 
0.355465 0.443033 0.477813 0.462438 0.430008 0.404256 -5.35143e-05 -4.91513e-05 -9.68829e-05 -7.01697e-05 -7.75277e-05 -5.32438e-05 0.0231926 0.0178661 0.0237163 
0.382046 0.326798 0.234204 0.286912 0.316339 0.357756 -0.00154312 -0.0179624 -0.000638236 -0.00664703 -0.00141381 -0.00944377 0.11335 0.125104 0.116919 
0.381657 0.555052 0.34668 0.466164 0.364386 0.47278 -0.168844 -0.194851 -0.175287 -0.195518 -0.175548 -0.186134 0.10491 0.0934588 0.0754318 
3.01561e-34 0.289061 0.196119 0.2447 0.104138 0.159869 -1.46245e-34 -5.75213e-05 -3.89345e-05 -5.04168e-05 -1.20021e-05 -2.04038e-05 0.0296067 0.0290645 0.0338656 
1.06528e-34 -0.0211545 0.0331584 -0.00522846 0.00325244 -0.00747989 1.07969e-34 0.0791341 0.0596778 0.0786925 0.0643494 0.0702312 -0.0233534 0.00024184 -0.00824373 
0.355465 0.434061 0.289061 0.37181 0.323828 0.398573 -5.35143e-05 -0.000119085 -5.75213e-05 -9.11236e-05 -5.77078e-05 -8.2774e-05 0.0231926 0.0284093 0.0290645 
1.08551e-33 0.853503 0.839694 0.845467 0.519511 0.553561 -3.33142e-34 -0.0652393 -0.023351 -0.0346689 -0.00854076 -0.0331152 0.0594536 0.0193294 0.0863158 
2.18168e-34 0.161662 0.234204 0.200293 0.129107 0.0862645 -5.47423e-34 0.00155402 -0.000638236 0.00113097 0.000197176 0.000319829 0.110935 0.105712 0.116919 
5.28692e-34 0.387024 0.585762 0.50275 0.327427 0.193719 2.53258e-34 -0.0184868 -0.0595178 -0.0348458 -0.01545 -0.004867 0.055603 0.0657558 0.0601103 
0.789859 0.585762 0.387024 0.50275 0.613889 0.692005 -0.0707369 -0.0595178 -0.0184868 -0.0348458 -0.0424072 -0.0687647 0.0592417 0.0601103 0.0657558 
0.998672 0.843886 0.706215 0.780668 0.935919 0.967688 -0.00162974 -0.00238926 -0.000768829 -0.00132629 -0.00143679 -0.00232282 0.278233 0.239362 0.289054 
1.75765e-34 2.04466e-34 0.215367 0.122724 0.107294 3.3112e-35 -7.05191e-34 -6.69089e-34 -0.0220969 -0.0062363 -0.00815471 -1.35165e-33 0.139758 0.133964 0.134068 
0.355465 0.204598 0.29541 0.252082 0.326743 0.286702 -5.35143e-05 -1.57483e-05 -2.06611e-05 -1.93296e-05 -3.43229e-05 -3.3776e-05 0.0231926 0.0216352 0.0170276 
0.356864 0.198989 0.192759 0.195882 0.282557 0.285179 -4.85706e-05 -1.37123e-05 -1.88058e-05 -1.58216e-05 -3.50959e-05 -3.06448e-05 0.0221135 0.021021 0.0249389 
0.489776 0.466817 0.49998 0.491758 0.497467 0.479941 -1.00641e-05 -1.42718e-05 -1.39913e-05 -1.45351e-05 -1.15587e-05 -1.14243e-05 -1.31579e-07 0.00544744 0.00381175 
3.01561e-34 0.187023 0.289061 0.240555 0.159869 0.0989495 -1.46245e-34 -1.88334e-05 -5.75213e-05 -3.50728e-05 -2.04038e-05 -8.77469e-06 0.0296067 0.0254394 0.0290645 
0.489777 0.49998 0.462952 0.49065 0.478454 0.497391 -1.00845e-05 -1.39913e-05 -1.46532e-05 -1.47572e-05 -1.15844e-05 -1.15616e-05 1.17555e-07 0.00381175 0.00577763 
3.41656e-34 0.198989 0.293874 0.248672 0.162956 0.105769 8.64808e-35 -1.37123e-05 -1.9578e-05 -1.78246e-05 -6.83276e-06 -3.45198e-06 0.0176447 0.021021 0.0166716 
1.27082e-34 1.75765e-34 0.138126 0.0744315 0.0540865 2.49666e-35 -7.07266e-34 -7.05191e-34 -0.0278965 -0.00800767 -0.0109186 -1.34708e-33 0.13266 0.139758 0.134817 
-5.04485e-35 -0.0713615 -0.0205768 -0.0461017 -0.0161933 -0.0363679 -1.62479e-35 0.0250033 0.019355 0.0242569 0.0057361 0.00837798 0.00568748 0.0125905 0.00923687 
0.0276269 0.089459 0.376101 0.216816 0.168595 0.0575461 0.0271884 -0.0474611 -0.113815 -0.0743926 -0.0346216 -0.009925 0.000432945 0.0141584 0.00530845 
2.24544e-34 2.18168e-34 0.234204 0.129107 0.128635 9.04214e-35 -6.10342e-34 -5.47423e-34 -0.000638236 0.000197176 -0.000411507 -1.15662e-33 0.123351 0.110935 0.116919 
0.0304577 -0.0914813 -0.0532046 -0.0763449 -0.0304887 -0.0542546 -0.0694123 -0.0106385 -0.0256616 -0.0182114 -0.0481605 -0.0334672 0.0471917 0.0517732 0.0797362 
0.789859 0.387024 0.736532 0.570281 0.770031 0.613889 -0.0707369 -0.0184868 -0.0359127 -0.0275231 -0.0534408 -0.0424072 0.0592417 0.0657558 0.0801392 
0.597208 0.585762 0.820062 0.739319 0.7284 0.596223 -0.0805872 -0.0595178 -0.142764 -0.10296 -0.113998 -0.0706856 0.0595423 0.0601103 0.0506056 
1.11684e-33 0.853503 1.08551e-33 0.553561 3.09282e-34 0.576564 -2.12246e-36 -0.0652393 -3.33142e-34 -0.0331152 -4.47521e-35 -0.0864272 -0.0707422 0.0193294 0.0594536 
0.334094 0.234204 0.161662 0.200293 0.256353 0.288289 0.0056135 -0.000638236 0.00155402 0.00113097 0.0036362 0.00197285 0.105912 0.116919 0.105712 
0.49998 0.49998 0.466817 0.491758 0.491691 0.49998 -2.30373e-05 -1.39913e-05 -1.42718e-05 -1.45351e-05 -1.87291e-05 -1.78738e-05 0.00844868 0.00381175 0.00544744 
0.49998 0.462952 0.49998 0.49065 0.49998 0.490722 -2.30373e-05 -1.46532e-05 -1.39913e-05 -1.47572e-05 -1.78738e-05 -1.91104e-05 0.00844868 0.00577763 0.00381175 
9.55804e-34 8.25969e-34 0.705163 0.407584 0.402266 3.5287e-34 -8.0989e-34 -5.71362e-34 -0.00870205 -0.00298522 -0.00221521 -1.36959e-33 0.169013 0.118314 0.12764 
-4.75749e-35 0.0296954 -0.0532046 -0.015533 -0.0380242 -0.0122076 -5.64206e-34 -0.0431549 -0.0256616 -0.0351706 -0.00891119 -0.0127382 0.110066 0.109543 0.0797362 
0.999281 0.994656 0.703874 0.906389 0.917309 0.997538 -0.0168793 -0.0391596 -0.0157308 -0.0278923 -0.0197193 -0.0268004 0.139258 0.0957061 0.117379 
9.55804e-34 0.705163 0.835826 0.775172 0.508291 0.402266 -8.0989e-34 -0.00870205 -0.007291 -0.00842325 -0.00240569 -0.00221521 0.169013 0.12764 0.165615 
0.81844 0.753286 0.721308 0.770597 0.795706 0.785019 -0.186738 -0.201727 -0.13273 -0.173487 -0.165004 -0.196685 0.0425609 0.0561434 0.0602216 
0.356864 0.293874 0.198989 0.248672 0.285179 0.326798 -4.85706e-05 -1.9578e-05 -1.37123e-05 -1.78246e-05 -3.06448e-05 -3.18851e-05 0.0221135 0.0166716 0.021021 
0.37675 0.376101 0.758745 0.571958 0.601044 0.378838 -0.0937615 -0.113815 -0.17741 -0.157875 -0.14788 -0.10114 -0.00206976 0.00530845 0.0174127 
0.982506 0.961052 0.736532 0.891675 0.903057 0.97269 -0.0678361 -0.0942253 -0.0359127 -0.0649035 -0.0540015 -0.0808444 0.0651088 0.0484164 0.0801392 
1.06528e-34 -3.66971e-35 -0.0211545 -0.00843687 -0.00747989 7.0215e-35 1.07969e-34 8.14179e-35 0.0791341 0.0644036 0.0702312 7.15064e-35 -0.0233534 0.0067585 0.00024184 
0.999281 0.703874 0.646103 0.676932 0.902471 0.917309 -0.0168793 -0.0157308 -0.00706771 -0.0102621 -0.0141285 -0.0197193 0.139258 0.117379 0.150495 
0.999281 0.839694 0.994656 0.971859 0.997538 0.965357 -0.0168793 -0.023351 -0.0391596 -0.0373797 -0.0268004 -0.0239119 0.139258 0.0863158 0.0957061 
0.244887 0.180918 0.380025 0.292408 0.318754 0.213796 -2.59021e-06 -1.80872e-06 -8.14234e-06 -4.76883e-06 -4.80187e-06 -2.14398e-06 -2.63271e-07 0.00365832 0.00412497 
0.244892 0.380084 0.169601 0.287899 0.208462 0.318793 -2.65851e-06 -8.29097e-06 -1.66014e-06 -4.76725e-06 -2.11359e-06 -4.90187e-06 2.82019e-07 0.00412691 0.00381802 
0.390367 0.487418 0.443033 0.46923 0.418839 0.450882 -1.83537e-05 -3.50944e-05 -4.91513e-05 -4.24045e-05 -3.08456e-05 -2.69416e-05 0.0108567 0.0127439 0.0178661 
7.31407e-34 0.646103 0.703874 0.676932 0.403718 0.360119 6.36757e-34 -0.00706771 -0.0157308 -0.0102621 -0.00451885 -0.00244436 0.131173 0.150495 0.117379 
0.405634 0.475051 0.484955 0.480159 0.453395 0.446267 0.01206 0.0151761 0.0169239 0.0168832 0.0147317 0.014291 0.0946276 0.0862414 0.0934287 
0.384386 0.464889 0.4708 0.467818 0.434771 0.430433 0.00205674 0.0013444 0.00334482 0.00217318 0.00275187 0.00177443 0.0672614 0.0618447 0.0677235 
7.75165e-34 0.645734 0.774936 0.713899 0.457721 0.36383 -1.03579e-33 -0.00248522 -0.00189266 -0.00223095 -0.000695319 -0.000642717 0.21727 0.199555 0.242107 
0.998672 0.749957 0.624749 0.690481 0.894917 0.928012 -0.00162974 -0.000528232 -0.000720994 -0.000646703 -0.00140334 -0.00109166 0.278233 0.313644 0.278673 
0.0304577 0.34668 0.321762 0.334244 0.15869 0.178155 -0.0694123 -0.175287 -0.148501 -0.167146 -0.106023 -0.126593 0.0471917 0.0754318 0.0345148 
8.59977e-34 0.842043 0.646103 0.753746 0.364796 0.508718 8.42826e-34 -0.00590486 -0.00706771 -0.00685196 -0.00178397 -0.00238025 0.172751 0.185186 0.150495 
0.383314 0.461778 0.468888 0.465437 0.432925 0.427901 -0.000185806 -0.000138788 -0.000242154 -0.000203994 -0.000218827 -0.000190185 0.0441579 0.0497404 0.0437446 
2.72576e-34 2.95937e-34 0.356554 0.182319 0.160826 4.3256e-35 2.87659e-34 2.58889e-34 -0.0373794 -0.00963069 -0.0084838 5.79952e-34 0.0613791 0.0551923 0.0636282 
0.999281 0.705163 0.839694 0.776869 0.965357 0.935375 -0.0168793 -0.00870205 -0.023351 -0.0134632 -0.0239119 -0.015961 0.139258 0.12764 0.0863158 
-5.04485e-35 -1.3811e-34 -0.0713615 -0.0526473 -0.0363679 -4.26924e-35 -1.62479e-35 -6.02364e-35 0.0250033 0.00835461 0.00837798 -1.00729e-34 0.00568748 0.0155614 0.0125905 
1.88381e-34 3.51674e-34 0.204598 0.108995 0.108984 7.03579e-35 -1.17045e-34 -8.78151e-35 -1.57483e-05 -4.0601e-06 -4.45105e-06 -2.04837e-34 0.0237 0.0177795 0.0216352 
0.75 0.749957 0.986671 0.905297 0.905299 0.74993 -4.66662e-37 -0.000528232 -0.000591449 -0.000634225 -0.000367318 -0.000285664 0.35576 0.313644 0.326281 
0.372339 0.512295 0.461532 0.484961 0.422971 0.453182 -0.0172719 -0.0511338 -0.0145615 -0.0303671 -0.0169076 -0.0328973 0.0862233 0.0954883 0.0938495 
0.360527 0.443586 0.453222 0.448024 0.412656 0.405185 0.0129501 0.0162858 0.0177619 0.0174782 0.0157393 0.0157619 0.0879541 0.0914154 0.0888866 
0.381101 0.458791 0.466111 0.462656 0.430038 0.425229 0.00194654 0.00575817 0.00301034 0.00424248 0.00253576 0.0035561 0.0683569 0.0736502 0.0679425 
0.645054 0.667773 0.753286 0.722547 0.700896 0.689736 -0.208625 -0.153635 -0.201727 -0.181714 -0.209009 -0.188667 0.0752138 0.0758672 0.0561434 
0.382163 0.459409 0.467418 0.463523 0.431416 0.42581 -0.000183794 -0.000230671 -0.000240619 -0.000249785 -0.000214875 -0.000214639 0.0442664 0.0389114 0.0443582 
0.289061 0.434061 0.342634 0.393241 0.31683 0.37181 -5.75213e-05 -0.000119085 -0.000108915 -0.000117559 -8.0643e-05 -9.11236e-05 0.0290645 0.0284093 0.0332333 
0.49998 0.488254 0.487418 0.499977 0.496839 0.49705 -2.30373e-05 -4.12349e-05 -3.50944e-05 -3.95304e-05 -2.87264e-05 -3.10913e-05 0.00844868 0.0142692 0.0127439 
0.645054 0.563318 0.34668 0.452477 0.517114 0.614684 -0.208625 -0.207802 -0.175287 -0.194756 -0.204514 -0.214367 0.0752138 0.0529748 0.0754318 
0.499982 0.45379 0.49514 0.47975 0.498804 0.488533 -0.000238036 -0.000216635 -0.00026298 -0.000243215 -0.000252982 -0.000235859 0.0363041 0.0378704 0.0402237 
-2.34325e-35 -5.04485e-35 -0.0205768 -0.0161933 -0.00239108 1.83748e-36 -1.98932e-35 -1.62479e-35 0.019355 0.0057361 0.00259446 -7.56585e-35 0.00941245 0.00568748 0.00923687 
0.383314 0.468888 0.45379 0.46171 0.422566 0.432925 -0.000185806 -0.000242154 -0.000216635 -0.000242724 -0.000211308 -0.000218827 0.0441579 0.0437446 0.0378704 
0.37675 0.111978 0.0331584 0.0604944 0.15166 0.23716 -0.0937615 0.00364304 0.0596778 0.0401395 -0.00633529 -0.0445765 -0.00206976 -0.0275852 -0.00824373 
-2.34325e-35 -0.0205768 -5.85241e-35 -0.00619967 -8.93148e-35 -0.00239108 -1.98932e-35 0.019355 2.7544e-35 0.0141207 -4.07851e-36 0.00259446 0.00941245 0.00923687 0.0126285 
0.440772 0.342634 0.434061 0.393241 0.437463 0.397581 -0.000161082 -0.000108915 -0.000119085 -0.000117559 -0.000141605 -0.000137723 0.0329244 0.0332333 0.0284093 
0.597208 0.271941 0.585762 0.425085 0.596223 0.444403 -0.0805872 -0.0185658 -0.0595178 -0.0354898 -0.0706856 -0.0454225 0.0595423 0.0578703 0.0601103 
0.645054 0.753286 0.563318 0.679354 0.614684 0.700896 -0.208625 -0.201727 -0.207802 -0.215036 -0.214367 -0.209009 0.0752138 0.0561434 0.0529748 
0.404411 0.427575 0.488254 0.464379 0.456418 0.416393 -1.97548e-05 -4.18814e-05 -4.12349e-05 -4.26925e-05 -3.00124e-05 -2.90919e-05 0.0109384 0.0170255 0.0142692 
9.52117e-34 6.95959e-34 0.706215 0.405633 0.405164 3.06478e-34 1.28956e-33 1.51912e-33 -0.000768829 -0.000192911 -0.000321765 2.80989e-33 0.263324 0.309948 0.289054 
0.381101 0.466111 0.461041 0.463703 0.426537 0.430038 0.00194654 0.00301034 0.00124545 0.00198788 0.00164876 0.00253576 0.0683569 0.0679425 0.0622564 
0.998672 0.997052 0.843886 0.97103 0.967688 0.99788 -0.00162974 -0.00310715 -0.00238926 -0.0030973 -0.00232282 -0.00239609 0.278233 0.241714 0.239362 
0.360527 0.453222 0.451057 0.452148 0.411267 0.412656 0.0129501 0.0177619 0.0146765 0.0166489 0.0144534 0.0157393 0.0879541 0.0888866 0.0848408 
0.999281 0.646103 0.842043 0.753746 0.956353 0.902471 -0.0168793 -0.00706771 -0.00590486 -0.00685196 -0.0112017 -0.0141285 0.139258 0.150495 0.185186 
0.499987 0.461041 0.495048 0.482095 0.498705 0.490092 0.00103654 0.00124545 0.00203661 0.00162501 0.00149338 0.00119012 0.059839 0.0622564 0.0638943 
3.72847e-34 2.72576e-34 0.259386 0.127886 0.113226 6.50362e-35 3.04528e-34 2.87659e-34 -0.023266 -0.00618185 -0.00523143 6.36728e-34 0.0677319 0.0613791 0.0665029 
-0.0462394 -0.0205768 -0.0713615 -0.0461017 -0.0614943 -0.0364962 0.0542476 0.019355 0.0250033 0.0242569 0.0406412 0.0376604 0.00769623 0.00923687 0.0125905 
0.37675 0.147617 0.376101 0.257525 0.378838 0.244133 -0.0937615 -0.00903902 -0.113815 -0.0621395 -0.10114 -0.0473569 -0.00206976 -0.00407768 0.00530845 
0.372339 0.528586 0.512295 0.519486 0.453182 0.449727 -0.0172719 -0.0791102 -0.0511338 -0.0651389 -0.0328973 -0.0425528 0.0862233 0.0888757 0.0954883 
0.499903 0.451057 0.490905 0.474523 0.496786 0.485141 0.0152687 0.0146765 0.0179226 0.0165023 0.0167401 0.0155265 0.0832607 0.0848408 0.0866319 
0.516837 0.461532 0.523481 0.498938 0.520506 0.503813 -0.0252823 -0.0145615 -0.0421663 -0.0273624 -0.0337681 -0.0209247 0.104495 0.0938495 0.101902 
0.989792 0.843886 0.997052 0.97103 0.993977 0.978228 -0.00531577 -0.00238926 -0.00310715 -0.0030973 -0.00396084 -0.00429175 0.206873 0.239362 0.241714 
0.998672 0.624749 0.774936 0.70451 0.934898 0.894917 -0.00162974 -0.000720994 -0.00189266 -0.00113366 -0.00207244 -0.00140334 0.278233 0.278673 0.242107 
0.89077 0.758745 0.820062 0.852636 0.862162 0.850086 -0.152354 -0.17741 -0.142764 -0.176059 -0.14979 -0.17345 0.0368793 0.0174127 0.0506056 
0.0716773 -0.0532046 0.0296954 -0.015533 0.0442582 -0.00559411 -0.0905059 -0.0256616 -0.0431549 -0.0351706 -0.0679561 -0.0553072 0.0854131 0.0797362 0.109543 
1.06528e-34 0.0331584 0.111978 0.0604944 0.0115619 0.00325244 1.07969e-34 0.0596778 0.00364304 0.0401395 0.0428126 0.0643494 -0.0233534 -0.00824373 -0.0275852 
0.581577 0.568197 0.528586 0.559148 0.590102 0.581661 -0.152315 -0.0979926 -0.0791102 -0.0901448 -0.118177 -0.125254 0.10474 0.100944 0.0888757 
4.45769e-34 0.585762 0.271941 0.425085 0.144223 0.29482 2.44102e-34 -0.0595178 -0.0185658 -0.0354898 -0.00582856 -0.0163362 0.0540177 0.0601103 0.0578703 
0.572501 0.667773 0.638836 0.662236 0.627837 0.620131 -0.107529 -0.153635 -0.170053 -0.165947 -0.14091 -0.130474 0.081887 0.0758672 0.0901097 
0.645054 0.638836 0.667773 0.662236 0.689736 0.648006 -0.208625 -0.170053 -0.153635 -0.165947 -0.188667 -0.192511 0.0752138 0.0901097 0.0758672 
0.440772 0.434061 0.491684 0.469736 0.472019 0.437463 -0.000161082 -0.000119085 -0.000185219 -0.000153076 -0.000176337 -0.000141605 0.0329244 0.0284093 0.0317608 
1.75765e-34 0.215367 0.138126 0.178877 0.0744315 0.107294 -7.05191e-34 -0.0220969 -0.0278965 -0.0258861 -0.00800767 -0.00815471 0.139758 0.134068 0.134817 
0.0276269 0.376101 0.147617 0.257525 0.0816088 0.168595 0.0271884 -0.113815 -0.00903902 -0.0621395 0.0148769 -0.0346216 0.000432945 0.00530845 -0.00407768 
0.382163 0.467418 0.461404 0.464463 0.427153 0.431416 -0.000183794 -0.000240619 -0.000125569 -0.000201327 -0.000186196 -0.000214875 0.0442664 0.0443582 0.0498545 
0.272703 0.169601 0.380084 0.287899 0.330649 0.223556 -5.92584e-06 -1.66014e-06 -8.29097e-06 -4.76725e-06 -7.35776e-06 -3.34964e-06 0.00698183 0.00381802 0.00412691 
0.273384 0.380025 0.180918 0.292408 0.229123 0.330909 -5.76796e-06 -8.14234e-06 -1.80872e-06 -4.76883e-06 -3.39026e-06 -7.21884e-06 0.00694981 0.00412497 0.00365832 
6.22488e-34 8.71818e-34 0.736532 0.430476 0.40671 3.55992e-35 3.26864e-34 4.54543e-34 -0.0359127 -0.0108992 -0.0136318 8.11062e-34 0.0701915 0.0966727 0.0801392 
0.75 0.437609 0.749957 0.609333 0.74993 0.609444 -4.66662e-37 -9.64487e-05 -0.000528232 -0.000232991 -0.000285664 -8.9004e-05 0.35576 0.332842 0.313644 
0.408147 0.380025 0.466817 0.430164 0.441138 0.394555 -6.85226e-06 -8.14234e-06 -1.42718e-05 -1.11906e-05 -9.58123e-06 -7.16809e-06 -3.82359e-07 0.00412497 0.00544744 
0.408149 0.462952 0.380084 0.427435 0.394584 0.43861 -6.97999e-06 -1.46532e-05 -8.29097e-06 -1.13805e-05 -7.30908e-06 -9.74012e-06 3.79014e-07 0.00577763 0.00412691 
0.81844 0.820062 0.758745 0.852636 0.807074 0.832566 -0.186738 -0.142764 -0.17741 -0.176059 -0.188251 -0.168246 0.0425609 0.0506056 0.0174127 
0.384386 0.4708 0.464717 0.467723 0.430066 0.434771 0.00205674 0.00334482 0.00603276 0.00457287 0.00374125 0.00275187 0.0672614 0.0677235 0.0730825 
0.998672 0.706215 0.937269 0.843004 0.988587 0.935919 -0.00162974 -0.000768829 -0.000702693 -0.000846905 -0.00120872 -0.00143679 0.278233 0.289054 0.316354 
3.41656e-34 1.88028e-34 0.198989 0.105779 0.105769 7.76548e-35 8.64808e-35 1.15345e-34 -1.37123e-05 -3.6643e-06 -3.45198e-06 2.01846e-34 0.0176447 0.0235318 0.021021 
0.499983 0.461404 0.495274 0.482418 0.498771 0.490243 1.17059e-05 -0.000125569 -0.000189355 -0.00016576 -0.000107346 -6.82964e-05 0.0519501 0.0498545 0.0479749 
0.989792 0.999499 0.842043 0.964862 0.977856 0.99634 -0.00531577 -0.0095525 -0.00590486 -0.00848415 -0.00682238 -0.00750769 0.206873 0.174149 0.185186 
0.405634 0.484955 0.474077 0.480467 0.445368 0.453395 0.01206 0.0169239 0.00920775 0.014306 0.0125637 0.0147317 0.0946276 0.0934287 0.102452 
7.31407e-34 8.59977e-34 0.646103 0.364796 0.360119 3.62344e-34 6.36757e-34 8.42826e-34 -0.00706771 -0.00178397 -0.00244436 1.48843e-33 0.131173 0.172751 0.150495 
0.408147 0.244887 0.380025 0.318754 0.394555 0.336721 -6.85226e-06 -2.59021e-06 -8.14234e-06 -4.80187e-06 -7.16809e-06 -4.8785e-06 -3.82359e-07 -2.63271e-07 0.00412497 
0.244892 0.408149 0.380084 0.394584 0.318793 0.336724 -2.65851e-06 -6.97999e-06 -8.29097e-06 -7.30908e-06 -4.90187e-06 -4.97457e-06 2.82019e-07 3.79014e-07 0.00412691 
0.573451 0.259386 0.356554 0.305606 0.479398 0.423091 -0.0997055 -0.023266 -0.0373794 -0.0298379 -0.0674963 -0.0561021 0.0691117 0.0665029 0.0636282 
-3.44213e-34 0.586428 6.95959e-34 0.324989 4.90355e-34 0.32516 8.75036e-34 -0.000217702 1.51912e-33 -8.16577e-05 3.26939e-33 -4.37128e-05 0.357031 0.326191 0.309948 
6.95959e-34 0.586428 0.706215 0.648955 0.405633 0.324989 1.51912e-33 -0.000217702 -0.000768829 -0.000414857 -0.000192911 -8.16577e-05 0.309948 0.326191 0.289054 
0.49998 0.466817 0.477895 0.472636 0.49446 0.491691 -2.30373e-05 -1.42718e-05 -2.45813e-05 -1.86155e-05 -2.43406e-05 -1.87291e-05 0.00844868 0.00544744 0.00994038 
0.404411 0.477895 0.466817 0.472636 0.439648 0.447595 -1.97548e-05 -2.45813e-05 -1.42718e-05 -1.86155e-05 -1.70408e-05 -2.2681e-05 0.0109384 0.00994038 0.00544744 
7.27701e-34 0.624749 0.749957 0.690481 0.437547 0.3497 -1.47652e-33 -0.000720994 -0.000528232 -0.000646703 -0.000158327 -0.000174366 0.310006 0.278673 0.313644 
1 0.75 0.986671 0.905299 0.996661 0.9375 -7.54502e-37 -4.66662e-37 -0.000591449 -0.000367318 -0.00042007 -1.25682e-36 0.356345 0.35576 0.326281 
0.999281 0.842043 0.999499 0.964862 0.999782 0.956353 -0.0168793 -0.00590486 -0.0095525 -0.00848415 -0.0123606 -0.0112017 0.139258 0.185186 0.174149 
1.93166e-34 1.87922e-34 0.204878 0.108515 0.109942 8.17515e-35 -4.08519e-34 -3.7585e-34 0.00192778 0.00051147 0.000626044 -7.85723e-34 0.0829136 0.0762347 0.0798954 
0.499975 0.464717 0.496238 0.484469 0.499384 0.492187 0.0084881 0.00603276 0.00562496 0.00592547 0.00699905 0.0074591 0.0754708 0.0730825 0.0713626 
1.82388e-34 1.83224e-34 0.197937 0.105077 0.10508 7.82716e-35 -2.8961e-34 -2.61452e-34 1.44753e-05 -6.02041e-06 4.78307e-06 -5.51106e-34 0.0586496 0.0529418 0.0559987 
0.989792 0.774936 0.645734 0.713899 0.879343 0.916945 -0.00531577 -0.00189266 -0.00248522 -0.00223095 -0.00456409 -0.00358605 0.206873 0.242107 0.199555 
1.80335e-34 1.82984e-34 0.198236 0.105432 0.10543 7.98668e-35 2.61349e-34 2.91258e-34 -2.63938e-06 2.61395e-06 -8.28043e-06 5.52573e-34 0.0533181 0.059413 0.0561136 
1.75823e-34 1.73996e-34 0.192374 0.101165 0.102487 7.60737e-35 3.79386e-34 4.0516e-34 0.0017951 0.000566671 0.000470083 7.83307e-34 0.0772819 0.0824822 0.0795382 
1.42558e-34 1.35433e-34 0.162362 0.0804843 0.0832564 5.22594e-35 4.41808e-34 4.34822e-34 0.00382004 0.00106295 0.00119372 8.74159e-34 0.0898089 0.0884329 0.0889251 
-1.25389e-34 -4.75749e-35 -0.0532046 -0.0380242 -0.0582051 -8.67368e-35 -3.7219e-34 -5.64206e-34 -0.0256616 -0.00891119 -0.00710636 -9.05727e-34 0.0737023 0.110066 0.0797362 
0.598725 0.668431 0.376101 0.533642 0.501001 0.6325 -0.199128 -0.188683 -0.113815 -0.160859 -0.165361 -0.194345 0.035323 0.02394 0.00530845 
1.35145e-34 3.72847e-34 0.190083 0.0966883 0.0880187 5.1969e-35 3.62181e-34 3.04528e-34 -0.0113022 -0.00360022 -0.00261282 6.98244e-34 0.074405 0.0677319 0.0748443 
1.73084e-34 3.01561e-34 0.196119 0.104138 0.104111 8.16388e-35 -1.75319e-34 -1.46245e-34 -3.89345e-05 -1.20021e-05 -1.24431e-05 -3.21514e-34 0.0354987 0.0296067 0.0338656 
0.356864 0.46632 0.472736 0.469612 0.42617 0.421081 -4.85706e-05 -0.000118949 -7.52778e-05 -9.51585e-05 -6.43716e-05 -8.10981e-05 0.0221135 0.0267686 0.0211411 
0.937269 0.706215 0.586428 0.648955 0.800379 0.843004 -0.000702693 -0.000768829 -0.000217702 -0.000414857 -0.000464594 -0.000846905 0.316354 0.289054 0.326191 
0.503528 0.474077 0.503461 0.497182 0.503696 0.501 0.00974263 0.00920775 0.0161935 0.0132963 0.0134928 0.00937188 0.0973169 0.102452 0.0950713 
1 0.986671 0.937269 0.995441 0.984295 0.996661 -7.54502e-37 -0.000591449 -0.000702693 -0.000722646 -0.000525067 -0.00042007 0.356345 0.326281 0.316354 
-1.725e-34 -1.25389e-34 -0.0914813 -0.0687005 -0.0758574 -1.09483e-34 -1.90138e-34 -3.7219e-34 -0.0106385 -0.00342889 0.000243568 -5.50032e-34 0.0396006 0.0737023 0.0517732 
6.22488e-34 0.736532 0.387024 0.570281 0.208572 0.40671 3.26864e-34 -0.0359127 -0.0184868 -0.0275231 -0.00570127 -0.0136318 0.0701915 0.0801392 0.0657558 
-3.44213e-34 0.75 0.586428 0.673366 0.32516 0.4375 8.75036e-34 -4.02836e-37 -0.000217702 -0.000142718 -4.37128e-05 -1.20429e-37 0.357031 0.356989 0.326191 
1.84758e-34 1.84124e-34 0.202427 0.107808 0.10776 7.37484e-35 2.02394e-34 2.31743e-34 -6.46328e-05 -2.06518e-05 -2.06871e-05 4.34167e-34 0.0412936 0.0472812 0.0442634 
3.34339e-34 1.82217e-34 0.202266 0.107673 0.107646 7.34715e-35 1.44235e-34 1.73253e-34 -4.0224e-05 -1.26082e-05 -1.25497e-05 3.17545e-34 0.0294331 0.0353473 0.0334946 
1.81005e-34 1.79865e-34 0.196941 0.104536 0.104878 7.98901e-35 3.21241e-34 3.51007e-34 0.000458052 0.000156298 0.000110346 6.71885e-34 0.0655075 0.0715541 0.0684855 
1.64446e-34 1.55343e-34 0.179076 0.0919927 0.0947902 6.68477e-35 4.25561e-34 4.3848e-34 0.00374186 0.00118008 0.00108545 8.6161e-34 0.0865401 0.089123 0.0876192 
1.27953e-34 1.27805e-34 0.157747 0.0763804 0.0758306 4.3585e-35 4.18004e-34 3.92487e-34 -0.00100927 -0.000320394 0.000151595 8.11851e-34 0.0851946 0.0801785 0.0832612 
2.07255e-34 2.04228e-34 0.220205 0.117615 0.12032 8.8065e-35 -4.92629e-34 -4.46502e-34 0.00371108 0.00108897 0.00111729 -9.41426e-34 0.100029 0.0907027 0.0956341 
1.83894e-34 1.83733e-34 0.198439 0.105163 0.105532 7.94995e-35 -3.46072e-34 -3.17696e-34 0.000489019 0.000119392 0.000166435 -6.64153e-34 0.0701338 0.0643613 0.0672935 
1.82591e-34 1.81088e-34 0.197327 0.104806 0.104757 7.95369e-35 -2.32992e-34 -2.04265e-34 -6.51411e-05 -1.98532e-05 -1.97084e-05 -4.37229e-34 0.0471758 0.0413587 0.0442689 
0.597208 0.721308 0.356554 0.560035 0.475993 0.67042 -0.0805872 -0.13273 -0.0373794 -0.0825896 -0.0581543 -0.106546 0.0595423 0.0602216 0.0636282 
0.581577 0.494683 0.568197 0.552076 0.581661 0.537732 -0.152315 -0.11873 -0.0979926 -0.114252 -0.125254 -0.137361 0.10474 0.119314 0.100944 
0.54383 0.568197 0.494683 0.552076 0.532494 0.556222 -0.0782861 -0.0979926 -0.11873 -0.114252 -0.100477 -0.0886152 0.10738 0.100944 0.119314 
0.573451 0.721308 0.753286 0.770597 0.719294 0.649085 -0.0997055 -0.13273 -0.201727 -0.173487 -0.159514 -0.117544 0.0691117 0.0602216 0.0561434 
0.37675 0.0331584 0.147617 0.0841739 0.244133 0.15166 -0.0937615 0.0596778 -0.00903902 0.02699 -0.0473569 -0.00633529 -0.00206976 -0.00824373 -0.00407768 
0.49998 0.477895 0.488254 0.48348 0.49705 0.49446 -2.30373e-05 -2.45813e-05 -4.12349e-05 -3.20336e-05 -3.10913e-05 -2.43406e-05 0.00844868 0.00994038 0.0142692 
-4.26507e-34 7.27701e-34 0.437609 0.234473 0.234404 6.19416e-34 -8.46899e-34 -1.47652e-33 -9.64487e-05 -5.87655e-05 -2.74088e-05 -3.17006e-33 0.355687 0.310006 0.332842 
0.999281 0.835826 0.705163 0.775172 0.935375 0.963336 -0.0168793 -0.007291 -0.00870205 -0.00842325 -0.015961 -0.0127261 0.139258 0.165615 0.12764 
0.312751 0.138126 0.215367 0.178877 0.267904 0.225871 -0.0837531 -0.0278965 -0.0220969 -0.0258861 -0.0506059 -0.0578397 0.132033 0.134817 0.134068 
0.573451 0.356554 0.721308 0.560035 0.649085 0.479398 -0.0997055 -0.0373794 -0.13273 -0.0825896 -0.117544 -0.0674963 0.0691117 0.0636282 0.0602216 
0.404411 0.488254 0.477895 0.48348 0.447595 0.456418 -1.97548e-05 -4.12349e-05 -2.45813e-05 -3.20336e-05 -2.2681e-05 -3.00124e-05 0.0109384 0.0142692 0.00994038 
-4.75749e-35 1.27082e-34 0.0296954 0.0155547 -0.0122076 -2.773e-35 -5.64206e-34 -7.07266e-34 -0.0431549 -0.0143707 -0.0127382 -1.19426e-33 0.110066 0.13266 0.109543 
7.27701e-34 0.749957 0.437609 0.609333 0.234473 0.437547 -1.47652e-33 -0.000528232 -9.64487e-05 -0.000232991 -5.87655e-05 -0.000158327 0.310006 0.313644 0.332842 
1.93166e-34 0.204878 0.160384 0.183097 0.0835511 0.109942 -4.08519e-34 0.00192778 0.00172898 0.00187156 0.000479468 0.000626044 0.0829136 0.0798954 0.0869632 
0.75 0.937269 0.586428 0.800379 0.673366 0.859254 -4.02836e-37 -0.000702693 -0.000217702 -0.000464594 -0.000142718 -0.000380016 0.356989 0.316354 0.326191 
0.323048 0.160384 0.204878 0.183097 0.266765 0.248407 0.00691802 0.00172898 0.00192778 0.00187156 0.00407465 0.00412786 0.0870919 0.0869632 0.0798954 
1.82388e-34 0.197937 0.149081 0.173933 0.0777229 0.10508 -2.8961e-34 1.44753e-05 0.000101346 6.04812e-05 2.11527e-05 4.78307e-06 0.0586496 0.0559987 0.0615191 
0.0276269 0.147617 0.0331584 0.0841739 0.0381842 0.0816088 0.0271884 -0.00903902 0.0596778 0.02699 0.0470854 0.0148769 0.000432945 -0.00407768 -0.00824373 
7.27701e-34 7.41149e-34 0.624749 0.350152 0.3497 4.30486e-34 -1.47652e-33 -1.25753e-33 -0.000720994 -0.000263122 -0.000174366 -2.73326e-33 0.310006 0.263938 0.278673 
0.307406 0.149081 0.197937 0.173933 0.255594 0.23408 0.000481834 0.000101346 1.44753e-05 6.04812e-05 0.000161326 0.000267248 0.0616987 0.0615191 0.0559987 
1.88028e-34 3.34339e-34 0.192759 0.102232 0.10222 8.58758e-35 1.15345e-34 1.44235e-34 -1.88058e-05 -9.31094e-06 -4.81114e-06 2.59629e-34 0.0235318 0.0294331 0.0249389 
7.75165e-34 9.55804e-34 0.645734 0.36562 0.36383 4.1622e-34 -1.03579e-33 -8.0989e-34 -0.00248522 -0.00118901 -0.000642717 -1.8404e-33 0.21727 0.169013 0.199555 
0.165302 0.364159 0.189345 0.28249 0.174793 0.262245 -0.0760373 -0.131998 -0.116495 -0.13039 -0.0967408 -0.109171 0.125453 0.122934 0.109073 
0.573451 0.753286 0.667773 0.722547 0.635936 0.719294 -0.0997055 -0.201727 -0.153635 -0.181714 -0.129974 -0.159514 0.0691117 0.0561434 0.0758672 
0.597208 0.356554 0.271941 0.319615 0.444403 0.475993 -0.0805872 -0.0373794 -0.0185658 -0.0274676 -0.0454225 -0.0581543 0.0595423 0.0636282 0.0578703 
1.82984e-34 0.146435 0.198236 0.172884 0.105432 0.0764804 2.91258e-34 8.5548e-05 -2.63938e-06 4.51328e-05 2.61395e-06 2.00117e-05 0.059413 0.0624511 0.0561136 
1.80335e-34 0.198236 0.146535 0.172918 0.0764849 0.10543 2.61349e-34 -2.63938e-06 -3.07882e-05 -2.29536e-05 -8.29644e-06 -8.28043e-06 0.0533181 0.0561136 0.0502981 
1.73996e-34 0.137497 0.192374 0.165446 0.101165 0.0719531 4.0516e-34 0.00160469 0.0017951 0.00178287 0.000566671 0.000425025 0.0824822 0.0843663 0.0795382 
1.75823e-34 0.192374 0.144439 0.169237 0.0750334 0.102487 3.79386e-34 0.0017951 0.000575571 0.00103671 0.000196546 0.000470083 0.0772819 0.0795382 0.0743693 
1.35433e-34 0.11145 0.162362 0.136386 0.0804843 0.055581 4.34822e-34 0.00121054 0.00382004 0.00242058 0.00106295 0.000437907 0.0884329 0.0867751 0.0889251 
1.42558e-34 0.162362 0.12387 0.143378 0.0619025 0.0832564 4.41808e-34 0.00382004 0.00236857 0.00303818 0.000700703 0.00119372 0.0898089 0.0889251 0.0892444 
0.306825 0.146535 0.198236 0.172918 0.255567 0.232716 -0.000104935 -3.07882e-05 -2.63938e-06 -2.29536e-05 -4.66058e-05 -6.75179e-05 0.0500445 0.0502981 0.0561136 
0.303071 0.144439 0.192374 0.169237 0.250649 0.229583 0.00241985 0.000575571 0.0017951 0.00103671 0.00233094 0.00142733 0.0741188 0.0743693 0.0795382 
0.330598 0.198236 0.146435 0.172884 0.246943 0.269294 0.000432296 -2.63938e-06 8.5548e-05 4.51328e-05 0.000243535 0.000130014 0.0615473 0.0561136 0.0624511 
0.274486 0.12387 0.162362 0.143378 0.219967 0.202693 0.00937637 0.00236857 0.00382004 0.00303818 0.00655304 0.00566324 0.0892811 0.0892444 0.0889251 
0.317308 0.192374 0.137497 0.165446 0.234596 0.259762 0.00733002 0.0017951 0.00160469 0.00178287 0.00432346 0.0041524 0.0838658 0.0795382 0.0843663 
0.291068 0.162362 0.11145 0.136386 0.203341 0.2267 0.00286215 0.00382004 0.00121054 0.00242058 0.00250667 0.00477362 0.0880926 0.0889251 0.0867751 
9.55804e-34 0.835826 0.645734 0.749375 0.36562 0.508291 -8.0989e-34 -0.007291 -0.00248522 -0.00419899 -0.00118901 -0.00240569 0.169013 0.165615 0.199555 
0.598725 0.563318 0.753286 0.679354 0.701419 0.580569 -0.199128 -0.207802 -0.201727 -0.215036 -0.211515 -0.204815 0.035323 0.0529748 0.0561434 
0.330588 0.197937 0.146715 0.172799 0.246965 0.268998 -9.30406e-05 1.44753e-05 -3.21271e-05 -1.99956e-05 -6.89984e-05 -1.96e-05 0.0507981 0.0559987 0.0501053 
1.83224e-34 0.146715 0.197937 0.172799 0.105077 0.0764854 -2.61452e-34 -3.21271e-05 1.44753e-05 -1.99956e-05 -6.02041e-06 -7.00378e-06 0.0529418 0.0501053 0.0559987 
0.326798 0.172151 0.234204 0.205319 0.286912 0.256488 -0.0179624 -0.00522074 -0.000638236 -0.00326291 -0.00664703 -0.011513 0.125104 0.128069 0.116919 
1.16911e-34 0.169601 2.77771e-34 0.089177 1.13782e-34 0.0891782 -1.87871e-39 -1.66014e-06 -2.92798e-35 -6.36751e-07 -2.92786e-35 -5.14673e-07 4.50144e-07 0.00381802 0.00592839 
2.95937e-34 0.271941 0.356554 0.319615 0.182319 0.127268 2.58889e-34 -0.0185658 -0.0373794 -0.0274676 -0.00963069 -0.00490185 0.0551923 0.0578703 0.0636282 
0.37675 0.495241 0.111978 0.261387 0.23716 0.421093 -0.0937615 -0.121754 0.00364304 -0.0608109 -0.0445765 -0.103599 -0.00206976 -0.0236446 -0.0275852 
2.24544e-34 0.234204 0.172151 0.205319 0.0943438 0.128635 -6.10342e-34 -0.000638236 -0.00522074 -0.00326291 -0.00109264 -0.000411507 0.123351 0.116919 0.128069 
1.18657e-34 2.76934e-34 0.180918 0.0955165 0.0955152 1.0022e-34 -1.84732e-39 2.8819e-35 -1.80872e-06 -7.11719e-07 -5.71131e-07 2.88201e-35 -4.31515e-07 0.00587981 0.00365832 
0.335485 0.204878 0.148144 0.17665 0.250477 0.275184 0.00332052 0.00192778 0.00061375 0.00112258 0.00180538 0.0028605 0.0739627 0.0798954 0.0732839 
0.381657 0.189345 0.364159 0.28249 0.371524 0.282892 -0.168844 -0.116495 -0.131998 -0.13039 -0.151848 -0.146242 0.10491 0.109073 0.122934 
1.84758e-34 0.202427 0.153144 0.17825 0.0800901 0.10776 2.02394e-34 -6.46328e-05 -3.22622e-05 -4.54446e-05 -1.01898e-05 -2.06871e-05 0.0412936 0.0442634 0.038575 
1.87922e-34 0.148144 0.204878 0.17665 0.108515 0.0775851 -3.7585e-34 0.00061375 0.00192778 0.00112258 0.00051147 0.000203324 0.0762347 0.0732839 0.0798954 
2.04228e-34 0.160384 0.220205 0.190409 0.117615 0.0851105 -4.46502e-34 0.00172898 0.00371108 0.00259636 0.00108897 0.00053756 0.0907027 0.0869632 0.0956341 
1.84124e-34 0.146535 0.202427 0.175094 0.107808 0.0764568 2.31743e-34 -3.07882e-05 -6.46328e-05 -4.6918e-05 -2.06518e-05 -1.05389e-05 0.0472812 0.0502981 0.0442634 
2.07255e-34 0.220205 0.161662 0.192472 0.0848438 0.12032 -4.92629e-34 0.00371108 0.00155402 0.00263002 0.000467463 0.00111729 0.100029 0.0956341 0.105712 
1.83733e-34 0.149081 0.198439 0.174067 0.105163 0.0778166 -3.17696e-34 0.000101346 0.000489019 0.000244124 0.000119392 4.03767e-05 0.0643613 0.0615191 0.0672935 
1.81005e-34 0.196941 0.146435 0.172323 0.076397 0.104878 3.21241e-34 0.000458052 8.5548e-05 0.000216851 3.66914e-05 0.000110346 0.0655075 0.0684855 0.0624511 
1.79865e-34 0.144439 0.196941 0.171261 0.104536 0.0755698 3.51007e-34 0.000575571 0.000458052 0.000539075 0.000156298 0.000149842 0.0715541 0.0743693 0.0684855 
1.64446e-34 0.179076 0.137497 0.159218 0.0704603 0.0947902 4.25561e-34 0.00374186 0.00160469 0.00246124 0.000507602 0.00108545 0.0865401 0.0876192 0.0843663 
1.55343e-34 0.12387 0.179076 0.151477 0.0919927 0.0641352 4.3848e-34 0.00236857 0.00374186 0.00305481 0.00118008 0.000708778 0.089123 0.0892444 0.0876192 
1.27953e-34 0.157747 0.11145 0.133107 0.0544011 0.0758306 4.18004e-34 -0.00100927 0.00121054 0.000341077 0.000296296 0.000151595 0.0851946 0.0832612 0.0867751 
1.83894e-34 0.198439 0.148144 0.173718 0.0770165 0.105532 -3.46072e-34 0.000489019 0.00061375 0.000569624 0.000157824 0.000166435 0.0701338 0.0672935 0.0732839 
1.27805e-34 0.115426 0.157747 0.136098 0.0763804 0.0541462 3.92487e-34 -0.0030823 -0.00100927 -0.00245598 -0.000320394 -0.000556942 0.0801785 0.0780928 0.0832612 
1.81088e-34 0.1441 0.197327 0.17126 0.104806 0.0750775 -2.04265e-34 -2.92423e-05 -6.51411e-05 -4.34685e-05 -1.98532e-05 -8.92484e-06 0.0413587 0.0384277 0.0442689 
1.82591e-34 0.197327 0.146715 0.172499 0.0765114 0.104757 -2.32992e-34 -6.51411e-05 -3.21271e-05 -4.815e-05 -9.59258e-06 -1.97084e-05 0.0471758 0.0442689 0.0501053 
0.312751 0.494683 0.364159 0.439886 0.336148 0.409627 -0.0837531 -0.11873 -0.131998 -0.129685 -0.108381 -0.107342 0.132033 0.119314 0.122934 
0.498818 0.497473 0.46632 0.486345 0.494405 0.499917 -0.000139697 -0.000106374 -0.000118949 -0.000114901 -0.000134505 -0.000122997 0.0274857 0.0239958 0.0267686 
1.18657e-34 0.180918 0.244887 0.213796 0.132646 0.0955152 -1.84732e-39 -1.80872e-06 -2.59021e-06 -2.14398e-06 -8.70575e-07 -5.71131e-07 -4.31515e-07 0.00365832 -2.63271e-07 
0.0304577 0.321762 0.089459 0.198479 0.0559012 0.15869 -0.0694123 -0.148501 -0.0474611 -0.0998081 -0.0592261 -0.106023 0.0471917 0.0345148 0.0141584 
1.16911e-34 0.244892 0.169601 0.208462 0.0891782 0.132652 -1.87871e-39 -2.65851e-06 -1.66014e-06 -2.11359e-06 -5.14673e-07 -8.91793e-07 4.50144e-07 2.82019e-07 0.00381802 
0.355465 0.477813 0.434061 0.458846 0.398573 0.430008 -5.35143e-05 -9.68829e-05 -0.000119085 -0.000109088 -8.2774e-05 -7.75277e-05 0.0231926 0.0237163 0.0284093 
2.72576e-34 0.356554 0.259386 0.305606 0.127886 0.160826 2.87659e-34 -0.0373794 -0.023266 -0.0298379 -0.00618185 -0.0084838 0.0613791 0.0636282 0.0665029 
0.312751 0.215367 0.387771 0.308286 0.354617 0.267904 -0.0837531 -0.0220969 -0.0579109 -0.0428491 -0.0716802 -0.0506059 0.132033 0.134068 0.128504 
0.326798 0.387771 0.215367 0.308286 0.275309 0.360757 -0.0179624 -0.0579109 -0.0220969 -0.0428491 -0.0223646 -0.0358837 0.125104 0.128504 0.134068 
0.581577 0.638836 0.555052 0.613343 0.576032 0.610585 -0.152315 -0.170053 -0.194851 -0.187284 -0.177213 -0.162375 0.10474 0.0901097 0.0934588 
3.01561e-34 1.88381e-34 0.187023 0.0989619 0.0989495 9.34309e-35 -1.46245e-34 -1.17045e-34 -1.88334e-05 -4.90519e-06 -8.77469e-06 -2.63246e-34 0.0296067 0.0237 0.0254394 
0.499633 0.497473 0.477813 0.497539 0.492964 0.499734 -7.06061e-05 -0.000106374 -9.68829e-05 -0.00010488 -8.42905e-05 -8.74631e-05 0.0192415 0.0239958 0.0237163 
0.498818 0.477813 0.497473 0.497539 0.499917 0.491608 -0.000139697 -9.68829e-05 -0.000106374 -0.00010488 -0.000122997 -0.000118582 0.0274857 0.0237163 0.0239958 
0.489777 0.489776 0.49998 0.497467 0.497391 0.49998 -1.00845e-05 -1.00641e-05 -1.39913e-05 -1.15587e-05 -1.15616e-05 -1.08404e-05 1.17555e-07 -1.31579e-07 0.00381175 
0.326798 0.215367 0.172151 0.198844 0.256488 0.275309 -0.0179624 -0.0220969 -0.00522074 -0.0118179 -0.011513 -0.0223646 0.125104 0.134068 0.128069 
2.04466e-34 0.172151 0.215367 0.198844 0.122724 0.0899115 -6.69089e-34 -0.00522074 -0.0220969 -0.0118179 -0.0062363 -0.00215167 0.133964 0.128069 0.134068 
0.356864 0.472736 0.427575 0.45286 0.395202 0.42617 -4.85706e-05 -7.52778e-05 -4.18814e-05 -5.71777e-05 -4.61809e-05 -6.43716e-05 0.0221135 0.0211411 0.0170255 
7.41149e-34 0.774936 0.624749 0.70451 0.350152 0.456444 -1.25753e-33 -0.00189266 -0.000720994 -0.00113366 -0.000263122 -0.000534501 0.263938 0.242107 0.278673 
0.998672 0.774936 0.997052 0.930114 0.99788 0.934898 -0.00162974 -0.00189266 -0.00310715 -0.00275825 -0.00239609 -0.00207244 0.278233 0.242107 0.241714 
0.989792 0.997052 0.774936 0.930114 0.916945 0.993977 -0.00531577 -0.00310715 -0.00189266 -0.00275825 -0.00358605 -0.00396084 0.206873 0.241714 0.242107 
0.499319 0.387771 0.456076 0.427744 0.478071 0.451809 -0.0625338 -0.0579109 -0.027247 -0.0429442 -0.0443081 -0.0640628 0.116585 0.128504 0.117031 
0.326798 0.456076 0.387771 0.427744 0.360757 0.40058 -0.0179624 -0.027247 -0.0579109 -0.0429442 -0.0358837 -0.024329 0.125104 0.117031 0.128504 
1.11684e-33 1.06528e-34 0.111978 0.0115619 0.0883107 3.70083e-34 -2.12246e-36 1.07969e-34 0.00364304 0.0428126 -0.00447249 1.01688e-34 -0.0707422 -0.0233534 -0.0275852 
0.330588 0.361 0.197937 0.287231 0.268998 0.346112 -9.30406e-05 0.000197967 1.44753e-05 9.33601e-05 -1.96e-05 4.16102e-06 0.0507981 0.0569173 0.0559987 
0.335485 0.371023 0.204878 0.296343 0.275184 0.353346 0.00332052 0.00697631 0.00192778 0.00425139 0.0028605 0.00497268 0.0739627 0.0808904 0.0798954 
0.37675 0.758745 0.795056 0.774118 0.60441 0.601044 -0.0937615 -0.17741 -0.155057 -0.166049 -0.140161 -0.14788 -0.00206976 0.0174127 0.00935047 
2.04466e-34 2.24544e-34 0.172151 0.0943438 0.0899115 1.49354e-34 -6.69089e-34 -6.10342e-34 -0.00522074 -0.00109264 -0.00215167 -1.27191e-33 0.133964 0.123351 0.128069 
0.989792 0.645734 0.835826 0.749375 0.936174 0.879343 -0.00531577 -0.00248522 -0.007291 -0.00419899 -0.00677452 -0.00456409 0.206873 0.199555 0.165615 
0.291068 0.323904 0.162362 0.247269 0.2267 0.306922 0.00286215 0.0094138 0.00382004 0.00695667 0.00477362 0.00625872 0.0880926 0.0900325 0.0889251 
0.317308 0.352994 0.192374 0.279874 0.259762 0.335865 0.00733002 0.00545178 0.0017951 0.00363517 0.0041524 0.00645006 0.0838658 0.0786552 0.0795382 
0.330598 0.360069 0.198236 0.28686 0.269294 0.345745 0.000432296 4.26565e-05 -2.63938e-06 1.80726e-05 0.000130014 0.000210548 0.0615473 0.0550111 0.0561136 
1.82217e-34 0.153144 0.202266 0.178176 0.107673 0.0800623 1.73253e-34 -3.22622e-05 -4.0224e-05 -3.67947e-05 -1.26082e-05 -9.18121e-06 0.0353473 0.038575 0.0334946 
1.82217e-34 1.84758e-34 0.153144 0.0800901 0.0800623 1.30012e-34 1.73253e-34 2.02394e-34 -3.22622e-05 -1.01898e-05 -9.18121e-06 3.75678e-34 0.0353473 0.0412936 0.038575 
0.306874 0.202266 0.153144 0.178176 0.235605 0.257382 -0.00011477 -4.0224e-05 -3.22622e-05 -3.67947e-05 -7.23161e-05 -7.41831e-05 0.0384926 0.0334946 0.038575 
2.04228e-34 1.93166e-34 0.160384 0.0835511 0.0851105 1.43376e-34 -4.46502e-34 -4.08519e-34 0.00172898 0.000479468 0.00053756 -8.56844e-34 0.0907027 0.0829136 0.0869632 
5.28692e-34 6.22488e-34 0.387024 0.208572 0.193719 3.93742e-34 2.53258e-34 3.26864e-34 -0.0184868 -0.00570127 -0.004867 6.12761e-34 0.055603 0.0701915 0.0657558 
2.95937e-34 4.45769e-34 0.271941 0.144223 0.127268 2.34223e-34 2.58889e-34 2.44102e-34 -0.0185658 -0.00582856 -0.00490185 5.33028e-34 0.0551923 0.0540177 0.0578703 
1.83733e-34 1.82388e-34 0.149081 0.0777229 0.0778166 1.33398e-34 -3.17696e-34 -2.8961e-34 0.000101346 2.11527e-05 4.03767e-05 -6.0744e-34 0.0643613 0.0586496 0.0615191 
1.82984e-34 1.81005e-34 0.146435 0.076397 0.0764804 1.36601e-34 2.91258e-34 3.21241e-34 8.5548e-05 3.66914e-05 2.00117e-05 6.12385e-34 0.059413 0.0655075 0.0624511 
1.84124e-34 1.80335e-34 0.146535 0.0764849 0.0764568 1.36588e-34 2.31743e-34 2.61349e-34 -3.07882e-05 -8.29644e-06 -1.05389e-05 4.93112e-34 0.0472812 0.0533181 0.0502981 
1.73996e-34 1.64446e-34 0.137497 0.0704603 0.0719531 1.25314e-34 4.0516e-34 4.25561e-34 0.00160469 0.000507602 0.000425025 8.29062e-34 0.0824822 0.0865401 0.0843663 
1.79865e-34 1.75823e-34 0.144439 0.0750334 0.0755698 1.34298e-34 3.51007e-34 3.79386e-34 0.000575571 0.000196546 0.000149842 7.29792e-34 0.0715541 0.0772819 0.0743693 
1.35433e-34 1.27953e-34 0.11145 0.0544011 0.055581 8.90805e-35 4.34822e-34 4.18004e-34 0.00121054 0.000296296 0.000437907 8.51704e-34 0.0884329 0.0851946 0.0867751 
1.55343e-34 1.42558e-34 0.12387 0.0619025 0.0641352 1.07401e-34 4.3848e-34 4.41808e-34 0.00236857 0.000700703 0.000708778 8.77892e-34 0.089123 0.0898089 0.0892444 
0.89077 0.795056 0.758745 0.774118 0.850086 0.8723 -0.152354 -0.155057 -0.17741 -0.166049 -0.17345 -0.161762 0.0368793 0.00935047 0.0174127 
1.81088e-34 1.73084e-34 0.1441 0.0751045 0.0750775 1.3828e-34 -2.04265e-34 -1.75319e-34 -2.92423e-05 -8.91354e-06 -8.92484e-06 -3.79557e-34 0.0413587 0.0354987 0.0384277 
1.83224e-34 1.82591e-34 0.146715 0.0765114 0.0764854 1.35415e-34 -2.61452e-34 -2.32992e-34 -3.21271e-05 -9.59258e-06 -7.00378e-06 -4.94423e-34 0.0529418 0.0471758 0.0501053 
1.27805e-34 1.35145e-34 0.115426 0.0568299 0.0541462 9.11748e-35 3.92487e-34 3.62181e-34 -0.0030823 -0.000947428 -0.000556942 7.58196e-34 0.0801785 0.074405 0.0780928 
1.87922e-34 1.83894e-34 0.148144 0.0770165 0.0775851 1.38667e-34 -3.7585e-34 -3.46072e-34 0.00061375 0.000157824 0.000203324 -7.22604e-34 0.0762347 0.0701338 0.0732839 
2.18168e-34 2.07255e-34 0.161662 0.0848438 0.0862645 1.69808e-34 -5.47423e-34 -4.92629e-34 0.00155402 0.000467463 0.000319829 -1.04155e-33 0.110935 0.100029 0.105712 
0.461532 0.512295 0.523481 0.52069 0.498938 0.484961 -0.0145615 -0.0511338 -0.0421663 -0.0473464 -0.0273624 -0.0303671 0.0938495 0.0954883 0.101902 
0.890241 0.795056 0.922395 0.902364 0.93201 0.841342 -0.127025 -0.155057 -0.123339 -0.148067 -0.133358 -0.14457 0.00883932 0.00935047 0.040383 
-3.66971e-35 -5.85241e-35 -0.0156165 -0.00440067 -0.00390153 -8.07568e-35 8.14179e-35 2.7544e-35 0.0440935 0.0205379 0.0320778 4.6441e-35 0.0067585 0.0126285 0.00643832 
0.999281 0.999499 0.835826 0.954311 0.963336 0.999782 -0.0168793 -0.0095525 -0.007291 -0.00928341 -0.0127261 -0.0123606 0.139258 0.174149 0.165615 
0.989792 0.835826 0.999499 0.954311 0.99634 0.936174 -0.00531577 -0.007291 -0.0095525 -0.00928341 -0.00750769 -0.00677452 0.206873 0.165615 0.174149 
-4.26507e-34 0.437609 0.75 0.609444 0.4375 0.234404 -8.46899e-34 -9.64487e-05 -4.66662e-37 -8.9004e-05 -1.85237e-37 -2.74088e-05 0.355687 0.332842 0.35576 
0.334094 0.382046 0.234204 0.316339 0.288289 0.360352 0.0056135 -0.00154312 -0.000638236 -0.00141381 0.00197285 0.0032019 0.105912 0.11335 0.116919 
1.35145e-34 0.190083 0.115426 0.149925 0.0568299 0.0880187 3.62181e-34 -0.0113022 -0.0030823 -0.00643989 -0.000947428 -0.00261282 0.074405 0.0748443 0.0780928 
0.295684 0.115426 0.190083 0.149925 0.245409 0.204648 -0.0187468 -0.0030823 -0.0113022 -0.00643989 -0.016267 -0.00933345 0.0800402 0.0780928 0.0748443 
0.89077 0.922395 0.795056 0.902364 0.8723 0.909247 -0.152354 -0.123339 -0.155057 -0.148067 -0.161762 -0.138001 0.0368793 0.040383 0.00935047 
0.54383 0.523481 0.512295 0.52069 0.54019 0.535719 -0.0782861 -0.0421663 -0.0511338 -0.0473464 -0.0657393 -0.059316 0.10738 0.101902 0.0954883 
0.30481 0.1441 0.196119 0.17062 0.253466 0.230433 -0.000117181 -2.92423e-05 -3.89345e-05 -3.41925e-05 -7.33058e-05 -7.06301e-05 0.0387784 0.0384277 0.0338656 
1.73084e-34 0.196119 0.1441 0.17062 0.0751045 0.104111 -1.75319e-34 -3.89345e-05 -2.92423e-05 -3.41925e-05 -8.91354e-06 -1.24431e-05 0.0354987 0.0338656 0.0384277 
-0.0951956 -0.0624195 -0.0713615 -0.0757913 -0.092411 -0.0810917 0.00784351 0.0513368 0.0250033 0.0410939 0.0215307 0.0297339 0.0219203 0.00661495 0.0125905 
0.890241 0.495241 0.795056 0.670312 0.841342 0.741049 -0.127025 -0.121754 -0.155057 -0.143054 -0.14457 -0.13249 0.00883932 -0.0236446 0.00935047 
-1.25389e-34 -0.0532046 -0.0914813 -0.0763449 -0.0687005 -0.0582051 -3.7219e-34 -0.0256616 -0.0106385 -0.0182114 -0.00342889 -0.00710636 0.0737023 0.0797362 0.0517732 
1.11684e-33 0.111978 0.495241 0.261387 0.296448 0.0883107 -2.12246e-36 0.00364304 -0.121754 -0.0608109 -0.084758 -0.00447249 -0.0707422 -0.0275852 -0.0236446 
0.0716773 0.0296954 0.189345 0.0987114 0.130571 0.0442582 -0.0905059 -0.0431549 -0.116495 -0.0802891 -0.10598 -0.0679561 0.0854131 0.109543 0.109073 
0.306825 0.198236 0.360069 0.28686 0.334545 0.255567 -0.000104935 -2.63938e-06 4.26565e-05 1.80726e-05 -6.07901e-05 -4.66058e-05 0.0500445 0.0561136 0.0550111 
0.165302 0.189345 0.0296954 0.0987114 0.0927919 0.174793 -0.0760373 -0.116495 -0.0431549 -0.0802891 -0.0614603 -0.0967408 0.125453 0.109073 0.109543 
0.303071 0.192374 0.352994 0.279874 0.329264 0.250649 0.00241985 0.0017951 0.00545178 0.00363517 0.00375265 0.00233094 0.0741188 0.0795382 0.0786552 
0.274486 0.162362 0.323904 0.247269 0.29904 0.219967 0.00937637 0.00382004 0.0094138 0.00695667 0.0101092 0.00655304 0.0892811 0.0889251 0.0900325 
0.323048 0.204878 0.371023 0.296343 0.347998 0.266765 0.00691802 0.00192778 0.00697631 0.00425139 0.00717106 0.00407465 0.0870919 0.0798954 0.0808904 
0.307406 0.197937 0.361 0.287231 0.335265 0.255594 0.000481834 1.44753e-05 0.000197967 9.33601e-05 0.000334433 0.000161326 0.0616987 0.0559987 0.0569173 
0.461041 0.466111 0.495048 0.483842 0.482095 0.463703 0.00124545 0.00301034 0.00203661 0.00252148 0.00162501 0.00198788 0.0622564 0.0679425 0.0638943 
0.466115 0.456076 0.382046 0.424251 0.429497 0.462003 -0.00691926 -0.027247 -0.00154312 -0.0119271 -0.00435794 -0.0164475 0.110322 0.117031 0.11335 
0.499977 0.495048 0.466111 0.483842 0.491098 0.498602 0.00363208 0.00203661 0.00301034 0.00252148 0.0034196 0.00277875 0.0676403 0.0638943 0.0679425 
0.528586 0.568197 0.512295 0.544262 0.519486 0.559148 -0.0791102 -0.0979926 -0.0511338 -0.073185 -0.0651389 -0.0901448 0.0888757 0.100944 0.0954883 
1.88028e-34 0.192759 0.198989 0.195882 0.105779 0.10222 1.15345e-34 -1.88058e-05 -1.37123e-05 -1.58216e-05 -3.6643e-06 -4.81114e-06 0.0235318 0.0249389 0.021021 
0.451057 0.453222 0.490905 0.47552 0.474523 0.452148 0.0146765 0.0177619 0.0179226 0.0183221 0.0165023 0.0166489 0.0848408 0.0888866 0.0866319 
0.54383 0.512295 0.568197 0.544262 0.556222 0.54019 -0.0782861 -0.0511338 -0.0979926 -0.073185 -0.0886152 -0.0657393 0.10738 0.0954883 0.100944 
0.500185 0.490905 0.453222 0.47552 0.484376 0.496469 0.0192714 0.0179226 0.0177619 0.0183221 0.0192136 0.0189612 0.0908565 0.0866319 0.0888866 
1.88381e-34 0.204598 0.187023 0.195874 0.0989619 0.108984 -1.17045e-34 -1.57483e-05 -1.88334e-05 -1.71803e-05 -4.90519e-06 -4.45105e-06 0.0237 0.0216352 0.0254394 
0.499982 0.491684 0.495786 0.499808 0.498962 0.497864 -0.000238036 -0.000185219 -0.00018885 -0.000188025 -0.00021524 -0.000215236 0.0363041 0.0317608 0.0320248 
0.45379 0.468888 0.49514 0.484866 0.47975 0.46171 -0.000216635 -0.000242154 -0.00026298 -0.000261599 -0.000243215 -0.000242724 0.0378704 0.0437446 0.0402237 
0.499985 0.49514 0.468888 0.484866 0.492204 0.498764 -0.000263428 -0.00026298 -0.000242154 -0.000261599 -0.000263022 -0.000269001 0.0441089 0.0402237 0.0437446 
0.890241 0.922395 0.961052 0.942983 0.954138 0.93201 -0.127025 -0.123339 -0.0942253 -0.111297 -0.115872 -0.133358 0.00883932 0.040383 0.0484164 
0.499985 0.495274 0.467418 0.484462 0.491851 0.498813 -0.000263428 -0.000189355 -0.000240619 -0.000228824 -0.000251828 -0.000240066 0.0441089 0.0479749 0.0443582 
0.461404 0.467418 0.495274 0.484462 0.482418 0.464463 -0.000125569 -0.000240619 -0.000189355 -0.000228824 -0.00016576 -0.000201327 0.0498545 0.0443582 0.0479749 
0.31482 0.202266 0.358058 0.287299 0.337154 0.261875 -6.55536e-05 -4.0224e-05 -0.00011907 -7.80224e-05 -9.09617e-05 -5.46688e-05 0.0285941 0.0334946 0.0336605 
0.306874 0.358058 0.202266 0.287299 0.257382 0.333449 -0.00011477 -0.00011907 -4.0224e-05 -7.80224e-05 -7.41831e-05 -0.000120352 0.0384926 0.0336605 0.0334946 
0.597208 0.820062 0.721308 0.77311 0.67042 0.7284 -0.0805872 -0.142764 -0.13273 -0.139957 -0.106546 -0.113998 0.0595423 0.0506056 0.0602216 
0.376101 0.668431 0.758745 0.711415 0.571958 0.533642 -0.113815 -0.188683 -0.17741 -0.183246 -0.157875 -0.160859 0.00530845 0.02394 0.0174127 
0.499977 0.496238 0.4708 0.486474 0.493079 0.499187 0.00363208 0.00562496 0.00334482 0.00443365 0.00359522 0.00457485 0.0676403 0.0713626 0.0677235 
0.464717 0.4708 0.496238 0.486474 0.484469 0.467723 0.00603276 0.00334482 0.00562496 0.00443365 0.00592547 0.00457287 0.0730825 0.0677235 0.0713626 
0.81844 0.721308 0.820062 0.77311 0.832566 0.795706 -0.186738 -0.13273 -0.142764 -0.139957 -0.168246 -0.165004 0.0425609 0.0602216 0.0506056 
0.37675 0.795056 0.495241 0.670312 0.421093 0.60441 -0.0937615 -0.155057 -0.121754 -0.143054 -0.103599 -0.140161 -0.00206976 0.00935047 -0.0236446 
0.500185 0.503461 0.484955 0.499144 0.500204 0.501926 0.0192714 0.0161935 0.0169239 0.0172612 0.0183458 0.0184998 0.0908565 0.0950713 0.0934287 
0.81844 0.758745 0.668431 0.711415 0.770726 0.807074 -0.186738 -0.17741 -0.188683 -0.183246 -0.19671 -0.188251 0.0425609 0.0174127 0.02394 
0.395994 0.406596 0.190083 0.299611 0.285069 0.401788 -0.0513302 -0.0495643 -0.0113022 -0.0274226 -0.0271941 -0.0515463 0.0726598 0.078222 0.0748443 
0.474077 0.484955 0.503461 0.499144 0.497182 0.480467 0.00920775 0.0169239 0.0161935 0.0172612 0.0132963 0.014306 0.102452 0.0934287 0.0950713 
0.789859 0.961052 0.922395 0.942983 0.881382 0.898637 -0.0707369 -0.0942253 -0.123339 -0.111297 -0.0975029 -0.0852026 0.0592417 0.0484164 0.040383 
0.34668 0.563318 0.321762 0.448877 0.334244 0.452477 -0.175287 -0.207802 -0.148501 -0.185256 -0.167146 -0.194756 0.0754318 0.0529748 0.0345148 
0.598725 0.321762 0.563318 0.448877 0.580569 0.46067 -0.199128 -0.148501 -0.207802 -0.185256 -0.204815 -0.177659 0.035323 0.0345148 0.0529748 
0.289061 0.342634 0.196119 0.275343 0.2447 0.31683 -5.75213e-05 -0.000108915 -3.89345e-05 -7.28933e-05 -5.04168e-05 -8.0643e-05 0.0290645 0.0332333 0.0338656 
-0.0462394 -0.0713615 -0.0624195 -0.0757913 -0.0568707 -0.0614943 0.0542476 0.0250033 0.0513368 0.0410939 0.0564228 0.0406412 0.00769623 0.0125905 0.00661495 
0.295684 0.190083 0.406596 0.299611 0.347662 0.245409 -0.0187468 -0.0113022 -0.0495643 -0.0274226 -0.0319853 -0.016267 0.0800402 0.0748443 0.078222 
0.30481 0.196119 0.342634 0.275343 0.324232 0.253466 -0.000117181 -3.89345e-05 -0.000108915 -7.28933e-05 -0.000116282 -7.33058e-05 0.0387784 0.0338656 0.0332333 
0.46632 0.497473 0.472736 0.48841 0.469612 0.486345 -0.000118949 -0.000106374 -7.52778e-05 -9.10759e-05 -9.51585e-05 -0.000114901 0.0267686 0.0239958 0.0211411 
0.645054 0.555052 0.638836 0.613343 0.648006 0.600039 -0.208625 -0.194851 -0.170053 -0.187284 -0.192511 -0.203178 0.0752138 0.0934588 0.0901097 
0.516837 0.505656 0.493488 0.508205 0.507848 0.511427 -0.0252823 -0.00598786 0.000612655 -0.00325602 -0.0105809 -0.0152051 0.104495 0.104519 0.0973488 
0.499903 0.496275 0.491137 0.499996 0.496742 0.500062 0.0152687 0.0115115 0.0115287 0.0117374 0.0134891 0.0134934 0.0832607 0.0791387 0.0795076 
0.499987 0.493564 0.493783 0.499983 0.498382 0.498429 0.00103654 0.000348666 0.000362634 0.000375662 0.000652428 0.00064202 0.059839 0.0557381 0.055991 
0.499633 0.472736 0.497473 0.48841 0.499734 0.494622 -7.06061e-05 -7.52778e-05 -0.000106374 -9.10759e-05 -8.74631e-05 -7.50981e-05 0.0192415 0.0211411 0.0239958 
0.498818 0.495786 0.491684 0.499808 0.496064 0.499747 -0.000139697 -0.00018885 -0.000185219 -0.000188025 -0.000161535 -0.000163755 0.0274857 0.0320248 0.0317608 
0.499983 0.493783 0.493564 0.499983 0.498336 0.498479 1.17059e-05 0.000362634 0.000348666 0.000375662 0.000161025 0.000166743 0.0519501 0.055991 0.0557381 
0.499975 0.491137 0.496275 0.499996 0.499437 0.497373 0.0084881 0.0115287 0.0115115 0.0117374 0.00999554 0.0100168 0.0754708 0.0795076 0.0791387 
0.503528 0.493488 0.505656 0.508205 0.5073 0.499671 0.00974263 0.000612655 -0.00598786 -0.00325602 0.00286079 0.00539615 0.0973169 0.0973488 0.104519 
-5.85241e-35 -0.0205768 -0.0156165 -0.0197872 -0.00440067 -0.00619967 2.7544e-35 0.019355 0.0440935 0.0331258 0.0205379 0.0141207 0.0126285 0.00923687 0.00643832 
-0.0462394 -0.0156165 -0.0205768 -0.0197872 -0.0364962 -0.0314337 0.0542476 0.0440935 0.019355 0.0331258 0.0376604 0.0526165 0.00769623 0.00643832 0.00923687 
-3.66971e-35 -0.0156165 -0.0211545 -0.0209176 -0.00843687 -0.00390153 8.14179e-35 0.0440935 0.0791341 0.0648548 0.0644036 0.0320778 0.0067585 0.00643832 0.00024184 
-0.0462394 -0.0211545 -0.0156165 -0.0209176 -0.0314337 -0.0343378 0.0542476 0.0791341 0.0440935 0.0648548 0.0526165 0.0687858 0.00769623 0.00024184 0.00643832 
