0.474724 0.8452 1.09003e-33 0.563754 0.284465 0.674497 -0.111923 -0.0586198 1.02655e-35 -0.0807087 -0.0797206 -0.108782 -0.0247293 0.0138988 -0.0715071 
0.00241759 0.0177039 0.270469 0.125986 0.118805 0.0089536 -0.0269816 -0.0385291 -0.0993136 -0.0667037 -0.0619248 -0.0341367 0.0325258 0.0520143 0.0495663 
0.501313 0.450178 0.501566 0.493543 0.502362 0.486105 0.0129699 0.0132518 0.0136467 0.0144678 0.0134698 0.0137434 0.0438539 0.0494708 0.0474228 
0.507984 0.441374 0.514395 0.497676 0.512429 0.485381 0.00908582 0.00727494 0.00392724 0.00591225 0.00674461 0.00836515 0.0653648 0.0676093 0.0693749 
0.536335 0.483236 0.543176 0.53588 0.54065 0.522901 -0.0286345 -0.0250262 -0.0421015 -0.0351456 -0.0350551 -0.0279784 0.083255 0.078783 0.0868174 
0.304807 0.279784 0.595213 0.448666 0.468511 0.29154 -0.105647 -0.0936786 -0.13565 -0.122501 -0.129484 -0.100193 0.0669467 0.0810852 0.0748588 
0.373223 0.303262 0.19647 0.252466 0.294487 0.340663 0.00775829 0.00353009 0.00198013 0.00291782 0.00472767 0.00550248 0.0448527 0.0397454 0.0452833 
0.572018 0.412491 0.535897 0.486918 0.554438 0.511784 -0.0804219 -0.0722528 -0.0678885 -0.072848 -0.0744152 -0.0816459 0.088922 0.0989866 0.0923255 
0.88026 0.8452 0.474724 0.674497 0.722995 0.868673 -0.11256 -0.0586198 -0.111923 -0.108782 -0.119565 -0.0900175 0.00335131 0.0138988 -0.0247293 
0.390906 0.199208 0.323888 0.264445 0.359657 0.302574 -0.0260416 -0.00703159 -0.0104107 -0.0096802 -0.0175603 -0.016823 0.0939816 0.0967408 0.0895521 
0.572018 0.497142 0.412491 0.45468 0.511784 0.546592 -0.0804219 -0.0965495 -0.0722528 -0.0848541 -0.0816459 -0.0905448 0.088922 0.0932819 0.0989866 
0.359981 0.316763 0.467002 0.407133 0.423108 0.33923 0.000289043 0.00134772 0.00308005 0.00235199 0.00143478 0.000850311 0.0230239 0.0298215 0.0274432 
0.446184 0.467002 0.316763 0.407133 0.391473 0.457299 0.00510929 0.00308005 0.00134772 0.00235199 0.00303844 0.00411491 0.0328925 0.0274432 0.0298215 
0.507984 0.487559 0.49253 0.509066 0.501305 0.508597 0.00908582 0.00961793 0.0125802 0.0115236 0.0110377 0.00969769 0.0653648 0.0615629 0.0615182 
0.501313 0.464635 0.493572 0.498526 0.498391 0.494566 0.0129699 0.00826083 0.0110836 0.0104098 0.0121408 0.0109555 0.0438539 0.0379929 0.0402924 
0.500653 0.464635 0.492699 0.481242 0.499013 0.492752 0.00902737 0.00826083 0.00601279 0.00735426 0.00754769 0.00907397 0.036205 0.0379929 0.0313047 
0.492699 0.464635 0.442236 0.45379 0.473421 0.481242 0.00601279 0.00826083 0.00485693 0.00652322 0.00557666 0.00735426 0.0313047 0.0379929 0.0319133 
0.413811 0.218603 0.332387 0.27956 0.376255 0.329436 0.00349601 0.00117487 0.00411698 0.00239103 0.00416388 0.00223892 0.0684038 0.0689415 0.0623134 
0.390906 0.323888 0.495308 0.42519 0.452379 0.359657 -0.0260416 -0.0104107 -0.0209605 -0.0174534 -0.0249659 -0.0175603 0.0939816 0.0895521 0.0849073 
0.0224517 -0.0215512 0.0138574 -0.0163546 0.0226184 -0.0109871 0.0451631 0.0589138 0.0194826 0.0473228 0.0337614 0.0599517 -0.00928099 -0.00148085 0.00337274 
0.664447 0.67088 0.627973 0.674869 0.645152 0.695574 -0.105005 -0.142961 -0.0954582 -0.122461 -0.100867 -0.128381 0.0633724 0.0648289 0.0708815 
0.497142 0.467672 0.294985 0.378411 0.402253 0.484488 -0.0965495 -0.114381 -0.071781 -0.0943679 -0.087868 -0.106032 0.0932819 0.0862418 0.098038 
0.595213 0.627973 0.67088 0.674869 0.633883 0.656734 -0.13565 -0.0954582 -0.142961 -0.122461 -0.140023 -0.122943 0.0748588 0.0708815 0.0648289 
0.413811 0.332387 0.487559 0.428984 0.458006 0.376255 0.00349601 0.00411698 0.00961793 0.00689942 0.00645012 0.00416388 0.0684038 0.0623134 0.0615629 
0.373223 0.449709 0.303262 0.388348 0.340663 0.415657 0.00775829 0.00823861 0.00353009 0.00604123 0.00550248 0.00832863 0.0448527 0.0386179 0.0397454 
0.593506 0.467672 0.497142 0.484488 0.550202 0.545682 -0.108307 -0.114381 -0.0965495 -0.106032 -0.104309 -0.115342 0.0847628 0.0862418 0.0932819 
0.391769 0.307834 0.464635 0.40138 0.433302 0.352114 0.00667071 0.00300796 0.00826083 0.00564765 0.00775159 0.00471285 0.0431381 0.0373425 0.0379929 
0.373223 0.29136 0.450178 0.383165 0.415806 0.334569 0.00775829 0.00584092 0.0132518 0.00995198 0.0106611 0.00699949 0.0448527 0.0501483 0.0494708 
0.536335 0.495308 0.515953 0.528275 0.528226 0.525717 -0.0286345 -0.0209605 -0.0156941 -0.0203197 -0.0219528 -0.025748 0.083255 0.0849073 0.0786822 
0.346561 0.263224 0.441374 0.361458 0.396417 0.306475 0.00870512 0.00504698 0.00727494 0.00700435 0.00878595 0.00685716 0.0634337 0.0667759 0.0676093 
0.351821 0.269087 0.483236 0.386915 0.419996 0.312188 -0.00470934 -0.00426331 -0.0250262 -0.0130131 -0.0130862 -0.00466012 0.074599 0.0742616 0.078783 
0.346561 0.300407 0.168157 0.237014 0.26343 0.323738 0.00870512 0.00757179 0.00256668 0.00492081 0.00573705 0.00839068 0.0634337 0.0588944 0.06358 
0.373223 0.19647 0.29136 0.246938 0.334569 0.294487 0.00775829 0.00198013 0.00584092 0.00373704 0.00699949 0.00472767 0.0448527 0.0452833 0.0501483 
0.346561 0.442422 0.300407 0.379514 0.323738 0.399104 0.00870512 0.0129765 0.00757179 0.0109503 0.00839068 0.0110531 0.0634337 0.059635 0.0588944 
0.351821 0.284113 0.155143 0.221561 0.255882 0.316721 -0.00470934 0.00176767 0.00033148 0.000679878 -0.00112665 -0.000782691 0.074599 0.0720646 0.0732936 
0.346561 0.168157 0.263224 0.217082 0.306475 0.26343 0.00870512 0.00256668 0.00504698 0.00393091 0.00685716 0.00573705 0.0634337 0.06358 0.0667759 
0.457722 0.335139 0.192196 0.267954 0.329375 0.393786 -0.0433211 -0.018005 -0.00741382 -0.0132672 -0.0223455 -0.0290463 0.0714119 0.0729354 0.0675653 
0.351821 0.155143 0.269087 0.210475 0.312188 0.255882 -0.00470934 0.00033148 -0.00426331 -0.00118525 -0.00466012 -0.00112665 0.074599 0.0732936 0.0742616 
0.424022 0.300407 0.442422 0.379514 0.433185 0.368348 0.0129632 0.00757179 0.0129765 0.0109503 0.0131897 0.0105991 0.0548704 0.0588944 0.059635 
0.351821 0.452512 0.284113 0.375396 0.316721 0.406847 -0.00470934 -0.00558455 0.00176767 -0.000643678 -0.000782691 -0.00542473 0.074599 0.0748648 0.0720646 
0.418127 0.284113 0.452512 0.375396 0.434843 0.356639 0.00252376 0.00176767 -0.00558455 -0.000643678 -0.00114316 0.00218467 0.0710967 0.0720646 0.0748648 
0.387655 0.461452 0.486208 0.475321 0.44867 0.429332 -0.00123735 -0.00186515 -0.00143566 -0.00179309 -0.00143437 -0.00159505 0.0105423 0.00569353 0.012555 
0.499992 0.486208 0.461452 0.475321 0.489843 0.496251 -0.00199195 -0.00143566 -0.00186515 -0.00179309 -0.00200246 -0.00177775 0.00843689 0.012555 0.00569353 
0.457722 0.546807 0.335139 0.455448 0.393786 0.510702 -0.0433211 -0.0586766 -0.018005 -0.0367388 -0.0290463 -0.0523668 0.0714119 0.0788804 0.0729354 
0.480014 0.335139 0.546807 0.455448 0.513036 0.416639 -0.0340587 -0.018005 -0.0586766 -0.0367388 -0.0455929 -0.0265581 0.0781928 0.0729354 0.0788804 
0.390906 0.467386 0.276262 0.378791 0.337514 0.430108 -0.0260416 -0.0499544 -0.0249571 -0.0398479 -0.026634 -0.0375607 0.0939816 0.0954857 0.101054 
0.474025 0.361515 0.491349 0.440047 0.483848 0.425867 -0.00885236 -0.00115367 -0.000490768 -0.0014579 -0.00450796 -0.00449192 0.0796598 0.0763472 0.0731419 
0.413811 0.491349 0.361515 0.440047 0.389731 0.4589 0.00349601 -0.000490768 -0.00115367 -0.0014579 0.00108142 0.00201153 0.0684038 0.0731419 0.0763472 
0.463167 0.345906 0.475055 0.423653 0.469514 0.413377 0.0105112 0.00564848 0.0117279 0.00881677 0.0113392 0.00832327 0.0552329 0.0500061 0.0491945 
0.391769 0.475055 0.345906 0.423653 0.370045 0.439733 0.00667071 0.0117279 0.00564848 0.00881677 0.00632929 0.00930415 0.0431381 0.0491945 0.0500061 
0.502658 0.501566 0.450178 0.493543 0.48522 0.503564 0.0148492 0.0136467 0.0132518 0.0144678 0.0146869 0.0143724 0.0512767 0.0474228 0.0494708 
0.457722 0.374921 0.627973 0.526025 0.550191 0.420098 -0.0433211 -0.0313717 -0.0954582 -0.061963 -0.067448 -0.038099 0.0714119 0.0652058 0.0708815 
0.513964 0.514395 0.441374 0.497676 0.488053 0.515439 0.000583567 0.00392724 0.00727494 0.00591225 0.004535 0.00228755 0.0718153 0.0693749 0.0676093 
0.446184 0.449709 0.495541 0.478707 0.477448 0.448107 0.00510929 0.00823861 0.00650995 0.00764667 0.00596643 0.00663595 0.0328925 0.0386179 0.0322476 
0.554451 0.543176 0.483236 0.53588 0.536252 0.54878 -0.0508784 -0.0421015 -0.0250262 -0.0351456 -0.0383093 -0.0464739 0.0868981 0.0868174 0.078783 
3.46673e-34 0.21312 0.292028 0.254128 0.161505 0.113607 -8.47746e-35 -0.000390756 -0.000445937 -0.000470429 -0.00015013 -0.000102702 0.0170967 0.0113717 0.0163609 
0.500653 0.495541 0.449709 0.478707 0.486678 0.498963 0.00902737 0.00650995 0.00823861 0.00764667 0.00911792 0.00780571 0.036205 0.0322476 0.0386179 
1.67645e-34 3.46474e-34 0.217131 0.116555 0.116339 5.65947e-35 5.90678e-35 8.94276e-35 -0.000396701 -0.000102915 -9.65538e-05 1.49038e-34 0.0120661 0.0183141 0.0116761 
0.217131 3.46474e-34 0.297218 0.165348 0.25886 0.116555 -0.000396701 8.94276e-35 -0.00043996 -0.000148254 -0.000478226 -0.000102915 0.0116761 0.0183141 0.0173081 
0.474025 0.51982 0.495308 0.513003 0.485044 0.504901 -0.00885236 -0.00707808 -0.0209605 -0.0138757 -0.0145417 -0.00848329 0.0796598 0.0764152 0.0849073 
0.391769 0.201877 0.307834 0.258009 0.352114 0.30799 0.00667071 0.00153136 0.00300796 0.00238682 0.00471285 0.00388535 0.0431381 0.0428503 0.0373425 
0.522895 0.495308 0.51982 0.513003 0.52304 0.522395 -0.011671 -0.0209605 -0.00707808 -0.0138757 -0.00933899 -0.0169578 0.0777823 0.0849073 0.0764152 
0.50463 0.49253 0.487559 0.509066 0.50605 0.49995 0.0138018 0.0125802 0.00961793 0.0115236 0.012108 0.0132901 0.0584589 0.0615182 0.0615629 
0.500653 0.493572 0.464635 0.498526 0.492752 0.498585 0.00902737 0.0110836 0.00826083 0.0104098 0.00907397 0.0101265 0.036205 0.0402924 0.0379929 
0.0138574 -0.0215512 -0.0494949 -0.0344869 -0.0290478 -0.0163546 0.0194826 0.0589138 0.0358576 0.0481235 0.0337315 0.0473228 0.00337274 -0.00148085 0.00573645 
1.12534e-33 0.844228 0.843014 0.843849 0.5131 0.512378 1.02007e-33 -0.00208597 -0.00519408 -0.00325637 -0.00150778 -0.00102654 0.20874 0.230635 0.176255 
0.457722 0.192196 0.374921 0.278677 0.420098 0.329375 -0.0433211 -0.00741382 -0.0313717 -0.0170629 -0.038099 -0.0223455 0.0714119 0.0675653 0.0652058 
0.303262 0.151847 0.19647 0.174969 0.252466 0.233196 0.00353009 0.000827605 0.00198013 0.00133787 0.00291782 0.00203754 0.0397454 0.0399826 0.0452833 
0.391769 0.345906 0.201877 0.278357 0.30799 0.370045 0.00667071 0.00564848 0.00153136 0.00337611 0.00388535 0.00632929 0.0431381 0.0500061 0.0428503 
0.507984 0.448695 0.441374 0.444808 0.485381 0.48667 0.00908582 0.0107884 0.00727494 0.0090707 0.00836515 0.0104575 0.0653648 0.0639015 0.0676093 
0.536335 0.473993 0.483236 0.477728 0.522901 0.517374 -0.0286345 -0.0151944 -0.0250262 -0.0200062 -0.0279784 -0.0220203 0.083255 0.0776278 0.078783 
0.501313 0.462128 0.450178 0.456385 0.486105 0.48908 0.0129699 0.0115452 0.0132518 0.0124902 0.0137434 0.0126919 0.0438539 0.0440576 0.0494708 
0.413811 0.361515 0.218603 0.296677 0.329436 0.389731 0.00349601 -0.00115367 0.00117487 0.000714559 0.00223892 0.00108142 0.0684038 0.0763472 0.0689415 
2.75433e-34 0.270739 0.21312 0.242687 0.11411 0.148432 -2.92997e-35 -0.00068885 -0.000390756 -0.000545667 -0.000119499 -0.000212728 0.0058565 0.00680674 0.0113717 
0.522895 0.515953 0.495308 0.528275 0.522395 0.520509 -0.011671 -0.0156941 -0.0209605 -0.0203197 -0.0169578 -0.0137876 0.0777823 0.0786822 0.0849073 
0.446184 0.357098 0.449709 0.409537 0.448107 0.406926 0.00510929 0.0034571 0.00823861 0.00573961 0.00663595 0.00439299 0.0328925 0.0348873 0.0386179 
0.303262 0.449709 0.357098 0.409537 0.331246 0.388348 0.00353009 0.00823861 0.0034571 0.00573961 0.00359176 0.00604123 0.0397454 0.0386179 0.0348873 
0.387655 0.440585 0.292028 0.377382 0.343403 0.41603 -0.00123735 -0.000411581 -0.000445937 -0.000521748 -0.000829353 -0.0010093 0.0105423 0.0173207 0.0163609 
0.390906 0.276262 0.199208 0.241452 0.302574 0.337514 -0.0260416 -0.0249571 -0.00703159 -0.0147948 -0.016823 -0.026634 0.0939816 0.101054 0.0967408 
0.304807 0.595213 0.51703 0.562461 0.412384 0.468511 -0.105647 -0.13565 -0.139695 -0.140272 -0.125086 -0.129484 0.0669467 0.0748588 0.0628644 
3.46673e-34 1.64957e-34 0.21312 0.113828 0.113607 5.32032e-35 -8.47746e-35 -5.70846e-35 -0.000390756 -9.74321e-05 -0.000102702 -1.41326e-34 0.0170967 0.0115426 0.0113717 
0.0138574 -0.0724484 0.058439 -0.0318299 0.0351975 -0.0387792 0.0194826 0.0103133 -0.0227103 0.00370498 -0.00322073 0.019075 0.00337274 0.0166642 0.0155349 
0.323888 0.199208 0.160756 0.182062 0.248619 0.264445 -0.0104107 -0.00703159 -0.00239449 -0.00441374 -0.00606256 -0.0096802 0.0895521 0.0967408 0.0903669 
0.438665 0.535897 0.412491 0.486918 0.426521 0.493941 -0.0621711 -0.0678885 -0.0722528 -0.072848 -0.0672798 -0.0667518 0.0981249 0.0923255 0.0989866 
0.352385 0.292028 0.440585 0.377382 0.401363 0.323264 0.000394316 -0.000445937 -0.000411581 -0.000521748 6.09093e-05 -0.000152336 0.0222189 0.0163609 0.0173207 
0.253023 0.322889 0.058439 0.16993 0.146467 0.286946 -0.0864413 -0.0844571 -0.0227103 -0.047778 -0.0545702 -0.0852384 0.0289927 0.0100259 0.0155349 
0.463167 0.504445 0.487559 0.499048 0.476291 0.491156 0.0105112 0.0139134 0.00961793 0.0121406 0.0103079 0.0124381 0.0552329 0.0549045 0.0615629 
0.474025 0.495308 0.388474 0.449344 0.436381 0.485044 -0.00885236 -0.0209605 -0.00790817 -0.0144302 -0.00878801 -0.0145417 0.0796598 0.0849073 0.0833071 
0.50463 0.487559 0.504445 0.499048 0.506572 0.50605 0.0138018 0.00961793 0.0139134 0.0121406 0.0140518 0.012108 0.0584589 0.0615629 0.0549045 
0.307834 0.342769 0.464635 0.413552 0.40138 0.325703 0.00300796 0.0025708 0.00826083 0.00517342 0.00564765 0.00286449 0.0373425 0.031879 0.0379929 
0.0177039 0.103498 0.270469 0.178416 0.125986 0.0585043 -0.0385291 -0.0605793 -0.0993136 -0.0798429 -0.0667037 -0.0498435 0.0520143 0.0668118 0.0495663 
0.995268 0.984199 0.74557 0.909083 0.91759 0.99219 -0.0349332 -0.0605785 -0.0318078 -0.0478872 -0.0390808 -0.0488644 0.0868793 0.0561919 0.0688981 
0.29136 0.337529 0.450178 0.401044 0.383165 0.315302 0.00584092 0.00877792 0.0132518 0.0113988 0.00995198 0.00734618 0.0501483 0.0540616 0.0494708 
0.442236 0.464635 0.342769 0.413552 0.398549 0.45379 0.00485693 0.00826083 0.0025708 0.00517342 0.00375526 0.00652322 0.0319133 0.0379929 0.031879 
0.323888 0.388474 0.495308 0.449344 0.42519 0.358084 -0.0104107 -0.00790817 -0.0209605 -0.0144302 -0.0174534 -0.00943075 0.0895521 0.0833071 0.0849073 
0.263224 0.316043 0.441374 0.3848 0.361458 0.289574 0.00504698 0.00437644 0.00727494 0.00573966 0.00700435 0.00501576 0.0667759 0.0695506 0.0676093 
0.269087 0.349532 0.483236 0.424405 0.386915 0.307998 -0.00426331 -0.0143299 -0.0250262 -0.0203947 -0.0130131 -0.00843769 0.0742616 0.075066 0.078783 
0.407052 0.381805 0.275348 0.332852 0.348358 0.394827 -0.00129954 -0.00128622 -0.000694353 -0.000998849 -0.00104629 -0.00134965 0.0112443 0.00417962 0.00712339 
0.424022 0.450178 0.337529 0.401044 0.384161 0.437792 0.0129632 0.0132518 0.00877792 0.0113988 0.0110839 0.013309 0.0548704 0.0494708 0.0540616 
0.418127 0.441374 0.316043 0.3848 0.369678 0.430008 0.00252376 0.00727494 0.00437644 0.00573966 0.00392614 0.00499916 0.0710967 0.0676093 0.0695506 
0.480014 0.483236 0.349532 0.424405 0.418895 0.481193 -0.0340587 -0.0250262 -0.0143299 -0.0203947 -0.0233296 -0.0294431 0.0781928 0.078783 0.075066 
0.332387 0.218603 0.162906 0.191347 0.254609 0.27956 0.00411698 0.00117487 0.000955504 0.00108798 0.00235731 0.00239103 0.0623134 0.0689415 0.0619965 
0.387655 0.270739 0.378307 0.328707 0.383012 0.334355 -0.00123735 -0.00068885 -0.00128602 -0.000995363 -0.00131027 -0.00100125 0.0105423 0.00680674 0.00406983 
0.595213 0.279784 0.467672 0.379665 0.531717 0.448666 -0.13565 -0.0936786 -0.114381 -0.10736 -0.126428 -0.122501 0.0748588 0.0810852 0.0862418 
0.540849 0.322889 0.253023 0.286946 0.390918 0.439519 -0.139183 -0.0844571 -0.0864413 -0.0852384 -0.114784 -0.117063 0.02975 0.0100259 0.0289927 
-9.52929e-35 -1.21564e-34 -0.0724484 -0.068077 -0.0597964 4.50604e-36 -3.99373e-35 -1.15322e-34 0.0103133 0.00407521 0.00684242 -1.71176e-34 0.0103875 0.0245378 0.0166642 
0.407052 0.468236 0.381805 0.431905 0.394827 0.441695 -0.00129954 -0.00189896 -0.00128622 -0.00162624 -0.00134965 -0.00164518 0.0112443 0.00551132 0.00417962 
0.387655 0.378307 0.461452 0.425665 0.429332 0.383012 -0.00123735 -0.00128602 -0.00186515 -0.00160664 -0.00159505 -0.00131027 0.0105423 0.00406983 0.00569353 
0.463167 0.487559 0.383666 0.446059 0.428686 0.476291 0.0105112 0.00961793 0.0067178 0.00857085 0.00867643 0.0103079 0.0552329 0.0615629 0.0568474 
0.507984 0.49556 0.487559 0.491701 0.508597 0.511018 0.00908582 0.00564097 0.00961793 0.00804583 0.00969769 0.00735796 0.0653648 0.0673814 0.0615629 
0.332387 0.383666 0.487559 0.446059 0.428984 0.359463 0.00411698 0.0067178 0.00961793 0.00857085 0.00689942 0.00545113 0.0623134 0.0568474 0.0615629 
0.00241759 0.058439 -0.0724484 -0.0318299 -0.0498734 0.0286424 -0.0269816 -0.0227103 0.0103133 0.00370498 -0.00336514 -0.0249534 0.0325258 0.0155349 0.0166642 
0.304807 0.270469 0.103498 0.178416 0.197814 0.288472 -0.105647 -0.0993136 -0.0605793 -0.0798429 -0.0835628 -0.103757 0.0669467 0.0495663 0.0668118 
1.64957e-34 2.75433e-34 0.21312 0.11411 0.113828 5.38736e-35 -5.70846e-35 -2.92997e-35 -0.000390756 -0.000119499 -9.74321e-05 -8.58367e-35 0.0115426 0.0058565 0.0113717 
0.501313 0.476136 0.464635 0.470469 0.494566 0.497495 0.0129699 0.0107458 0.00826083 0.00956138 0.0109555 0.0122061 0.0438539 0.0435658 0.0379929 
0.374921 0.504077 0.627973 0.581408 0.526025 0.438345 -0.0313717 -0.0573087 -0.0954582 -0.0776548 -0.061963 -0.0432405 0.0652058 0.0625769 0.0708815 
8.62459e-34 1.12534e-33 0.843014 0.5131 0.509919 -4.15585e-35 7.99092e-34 1.02007e-33 -0.00519408 -0.00150778 -0.00210138 1.82473e-33 0.163736 0.20874 0.176255 
0.664447 0.627973 0.504077 0.581408 0.597115 0.645152 -0.105005 -0.0954582 -0.0573087 -0.0776548 -0.0812794 -0.100867 0.0633724 0.0708815 0.0625769 
0.276262 0.467386 0.307003 0.394975 0.292125 0.378791 -0.0249571 -0.0499544 -0.0412231 -0.0483723 -0.0327097 -0.0398479 0.101054 0.0954857 0.10216 
0.00241759 -0.0631088 0.0177039 -0.0381564 0.0089536 -0.0464524 -0.0269816 -0.0078854 -0.0385291 -0.0201807 -0.0341367 -0.0161203 0.0325258 0.0473839 0.0520143 
0.335139 0.122777 0.192196 0.155081 0.267954 0.228884 -0.018005 -0.00230948 -0.00741382 -0.0045753 -0.0132672 -0.00829814 0.0729354 0.0704246 0.0675653 
0.284113 0.112485 0.155143 0.133484 0.221561 0.200271 0.00176767 0.000689286 0.00033148 0.000504075 0.000679878 0.00146039 0.0720646 0.0719505 0.0732936 
0.300407 0.12824 0.168157 0.148756 0.237014 0.220002 0.00757179 0.00149352 0.00256668 0.00198799 0.00492081 0.00424371 0.0588944 0.0598137 0.06358 
0.269087 0.155143 0.112099 0.133638 0.190576 0.210475 -0.00426331 0.00033148 -0.000379274 -0.000189382 -0.00174768 -0.00118525 0.0742616 0.0732936 0.0734955 
0.263224 0.168157 0.118729 0.143367 0.193638 0.217082 0.00504698 0.00256668 0.00123401 0.00181731 0.00299588 0.00393091 0.0667759 0.06358 0.0670584 
0.29136 0.19647 0.138039 0.167622 0.220008 0.246938 0.00584092 0.00198013 0.00129856 0.00166703 0.00333339 0.00373704 0.0501483 0.0452833 0.0506369 
0.707994 0.995268 0.74557 0.91759 0.730734 0.909688 -0.013979 -0.0349332 -0.0318078 -0.0390808 -0.020969 -0.0247864 0.107474 0.0868793 0.0688981 
0.480014 0.546807 0.561527 0.558117 0.53213 0.513036 -0.0340587 -0.0586766 -0.056081 -0.0581415 -0.045402 -0.0455929 0.0781928 0.0788804 0.0843929 
0.418127 0.452512 0.499693 0.47997 0.465457 0.434843 0.00252376 -0.00558455 -0.00227508 -0.0040827 0.000540623 -0.00114316 0.0710967 0.0748648 0.0734428 
0.572018 0.561527 0.546807 0.558117 0.582457 0.573487 -0.0804219 -0.056081 -0.0586766 -0.0581415 -0.0723972 -0.0683284 0.088922 0.0843929 0.0788804 
0.424022 0.442422 0.489285 0.469778 0.462326 0.433185 0.0129632 0.0129765 0.0150085 0.0142888 0.0144221 0.0131897 0.0548704 0.059635 0.0548559 
0.522895 0.499693 0.452512 0.47997 0.499975 0.513215 -0.011671 -0.00227508 -0.00558455 -0.0040827 -0.00887358 -0.00662477 0.0777823 0.0734428 0.0748648 
0.50463 0.489285 0.442422 0.469778 0.483303 0.498147 0.0138018 0.0150085 0.0129765 0.0142888 0.013918 0.0146727 0.0584589 0.0548559 0.059635 
0.480014 0.561527 0.483236 0.528286 0.481193 0.53213 -0.0340587 -0.056081 -0.0250262 -0.0391015 -0.0294431 -0.045402 0.0781928 0.0843929 0.078783 
0.418127 0.499693 0.441374 0.473036 0.430008 0.465457 0.00252376 -0.00227508 0.00727494 0.00353994 0.00499916 0.000540623 0.0710967 0.0734428 0.0676093 
0.424022 0.489285 0.450178 0.471981 0.437792 0.462326 0.0129632 0.0150085 0.0132518 0.0146338 0.013309 0.0144221 0.0548704 0.0548559 0.0494708 
0.554451 0.483236 0.561527 0.528286 0.559516 0.536252 -0.0508784 -0.0250262 -0.056081 -0.0391015 -0.053778 -0.0383093 0.0868981 0.078783 0.0843929 
0.513964 0.441374 0.499693 0.473036 0.508561 0.488053 0.000583567 0.00727494 -0.00227508 0.00353994 -0.000878149 0.004535 0.0718153 0.0676093 0.0734428 
0.502658 0.450178 0.489285 0.471981 0.49788 0.48522 0.0148492 0.0132518 0.0150085 0.0146338 0.0150812 0.0146869 0.0512767 0.0494708 0.0548559 
-0.0353703 -0.0494949 -0.0215512 -0.0344869 -0.0293096 -0.0444243 0.037775 0.0358576 0.0589138 0.0481235 0.0494557 0.0391216 0.00490816 0.00573645 -0.00148085 
2.79215e-34 0.217131 0.275348 0.247121 0.151223 0.116057 2.87837e-35 -0.000396701 -0.000694353 -0.000550252 -0.000213437 -0.00011949 0.00594978 0.0116761 0.00712339 
8.20917e-34 1.07227e-33 0.835675 0.514652 0.505109 1.08645e-34 -5.33815e-34 -2.9887e-34 -0.0207244 -0.00729613 -0.00482068 -7.82948e-34 0.110648 0.053214 0.0792499 
0.536335 0.500707 0.495308 0.498045 0.525717 0.53002 -0.0286345 -0.0349772 -0.0209605 -0.0272684 -0.025748 -0.0332199 0.083255 0.0895868 0.0849073 
0.651088 0.731965 0.484314 0.646578 0.568526 0.710927 -0.0852603 -0.128675 -0.0510227 -0.091526 -0.067363 -0.109964 0.0513478 0.0560889 0.056655 
0.664447 0.484314 0.731965 0.646578 0.699826 0.59811 -0.105005 -0.0510227 -0.128675 -0.091526 -0.116949 -0.0799024 0.0633724 0.056655 0.0560889 
0.989588 0.843014 0.844228 0.843849 0.97845 0.978204 -0.00465569 -0.00519408 -0.00208597 -0.00325637 -0.00375504 -0.00599035 0.198367 0.176255 0.230635 
0.202371 0.294985 0.467672 0.378411 0.334765 0.250224 -0.0675227 -0.071781 -0.114381 -0.0943679 -0.094658 -0.0707252 0.0911745 0.098038 0.0862418 
0.424022 0.337529 0.300407 0.319307 0.368348 0.384161 0.0129632 0.00877792 0.00757179 0.00827212 0.0105991 0.0110839 0.0548704 0.0540616 0.0588944 
0.418127 0.316043 0.284113 0.30014 0.356639 0.369678 0.00252376 0.00437644 0.00176767 0.00296201 0.00218467 0.00392614 0.0710967 0.0695506 0.0720646 
0.480014 0.349532 0.335139 0.342094 0.416639 0.418895 -0.0340587 -0.0143299 -0.018005 -0.0164276 -0.0265581 -0.0233296 0.0781928 0.075066 0.0729354 
0.438665 0.307003 0.467386 0.394975 0.454245 0.374716 -0.0621711 -0.0412231 -0.0499544 -0.0483723 -0.0559799 -0.053124 0.0981249 0.10216 0.0954857 
0.307834 0.201877 0.144643 0.173465 0.232024 0.258009 0.00300796 0.00153136 0.00059131 0.00100964 0.00162732 0.00238682 0.0373425 0.0428503 0.0368328 
0.446184 0.316763 0.357098 0.337854 0.406926 0.391473 0.00510929 0.00134772 0.0034571 0.00229307 0.00439299 0.00303844 0.0328925 0.0298215 0.0348873 
0.499484 0.440585 0.486208 0.467338 0.495001 0.482107 0.000301623 -0.000411581 -0.00143566 -0.000954174 -0.000742362 -8.88892e-05 0.0191726 0.0173207 0.012555 
0.499484 0.486208 0.489463 0.499963 0.498488 0.495001 0.000301623 -0.00143566 -0.00112154 -0.00131027 -0.000512372 -0.000742362 0.0191726 0.012555 0.0144514 
0.374921 0.192196 0.149464 0.171734 0.26235 0.278677 -0.0313717 -0.00741382 -0.00560113 -0.00677549 -0.0161058 -0.0170629 0.0652058 0.0675653 0.0623618 
0.345906 0.153383 0.201877 0.178303 0.278357 0.258475 0.00564848 0.00101088 0.00153136 0.00129578 0.00337611 0.00300772 0.0500061 0.0490075 0.0428503 
0.88026 0.964389 0.8452 0.95424 0.868673 0.95157 -0.11256 -0.08352 -0.0586198 -0.0838353 -0.0900175 -0.102713 0.00335131 0.039063 0.0138988 
1.12534e-33 9.5258e-34 0.844228 0.513681 0.512378 -3.21004e-35 1.02007e-33 1.24708e-33 -0.00208597 -0.000704109 -0.00102654 2.27057e-33 0.20874 0.254627 0.230635 
-1.78113e-35 0.0311371 0.06135 0.0434194 -0.0106257 -0.00702103 -4.34054e-34 -0.0191684 -0.0421654 -0.0302391 -0.0127219 -0.0058664 0.0825848 0.0906557 0.0788622 
0.359981 0.195445 0.316763 0.260308 0.33923 0.285751 0.000289043 0.000174228 0.00134772 0.000615785 0.000850311 0.000306201 0.0230239 0.0260403 0.0298215 
0.622346 0.540849 0.754561 0.669153 0.708753 0.579945 -0.14293 -0.139183 -0.153671 -0.154027 -0.154522 -0.141272 0.0215567 0.02975 0.0415552 
0.463167 0.383666 0.345906 0.365292 0.413377 0.428686 0.0105112 0.0067178 0.00564848 0.00633217 0.00832327 0.00867643 0.0552329 0.0568474 0.0500061 
0.820196 0.622346 0.754561 0.708753 0.786459 0.74714 -0.1476 -0.14293 -0.153671 -0.154522 -0.15193 -0.152455 0.0322762 0.0215567 0.0415552 
0.572018 0.598202 0.497142 0.568875 0.546592 0.585977 -0.0804219 -0.0879599 -0.0965495 -0.0969133 -0.0905448 -0.0845962 0.088922 0.0842797 0.0932819 
0.593506 0.497142 0.598202 0.568875 0.60024 0.550202 -0.108307 -0.0965495 -0.0879599 -0.0969133 -0.0985776 -0.104309 0.0847628 0.0932819 0.0842797 
0.0138574 -0.0494949 -0.0724484 -0.062285 -0.0387792 -0.0290478 0.0194826 0.0358576 0.0103133 0.0226267 0.019075 0.0337315 0.00337274 0.00573645 0.0166642 
8.82928e-34 7.36253e-34 0.707994 0.406617 0.397052 2.15007e-34 4.05476e-34 5.90954e-34 -0.013979 -0.00404588 -0.00555019 1.01475e-33 0.0862504 0.121694 0.107474 
0.361515 0.163116 0.218603 0.191825 0.296677 0.272911 -0.00115367 1.73387e-06 0.00117487 0.000495819 0.000714559 -0.000413148 0.0763472 0.07608 0.0689415 
0.474025 0.388474 0.361515 0.376181 0.425867 0.436381 -0.00885236 -0.00790817 -0.00115367 -0.00407239 -0.00449192 -0.00878801 0.0796598 0.0833071 0.0763472 
0.502658 0.504445 0.475055 0.494043 0.499742 0.504941 0.0148492 0.0139134 0.0117279 0.0131523 0.0137249 0.0145603 0.0512767 0.0549045 0.0491945 
0.463167 0.475055 0.504445 0.494043 0.491156 0.469514 0.0105112 0.0117279 0.0139134 0.0131523 0.0124381 0.0113392 0.0552329 0.0491945 0.0549045 
0.276262 0.123622 0.199208 0.161628 0.241452 0.202734 -0.0249571 -0.00540308 -0.00703159 -0.0064433 -0.0147948 -0.0143369 0.101054 0.102497 0.0967408 
0.352385 0.286852 0.184338 0.237835 0.276077 0.321068 0.000394316 0.00102456 0.000140679 0.000470034 0.00030577 0.000791419 0.0222189 0.0277777 0.024286 
0.89441 0.616661 0.928767 0.82544 0.914484 0.832587 -0.128145 -0.0509185 -0.106885 -0.0832784 -0.117928 -0.0936941 0.0271325 0.0447293 0.030224 
0.498998 0.492699 0.433421 0.470236 0.478795 0.496516 0.00398996 0.00601279 0.00283143 0.00439966 0.00361757 0.00502153 0.0273072 0.0313047 0.0274488 
0.407052 0.275348 0.217131 0.247121 0.325064 0.348358 -0.00129954 -0.000694353 -0.000396701 -0.000550252 -0.0008612 -0.00104629 0.0112443 0.00712339 0.0116761 
0.490327 0.4093 0.468236 0.442538 0.48089 0.460139 -0.00197563 -0.0014014 -0.00189896 -0.0016616 -0.00195026 -0.00173597 -2.63892e-05 -5.19434e-05 0.00551132 
0.407 0.489233 0.461452 0.477468 0.437176 0.458194 -0.00139904 -0.00198027 -0.00186515 -0.00194311 -0.00164224 -0.0017334 5.403e-05 2.78655e-05 0.00569353 
0.513964 0.51982 0.491349 0.509008 0.514289 0.519065 0.000583567 -0.00707808 -0.000490768 -0.00355606 -0.000227461 -0.00312435 0.0718153 0.0764152 0.0731419 
0.474025 0.491349 0.51982 0.509008 0.504901 0.483848 -0.00885236 -0.000490768 -0.00707808 -0.00355606 -0.00848329 -0.00450796 0.0796598 0.0731419 0.0764152 
0.499484 0.489463 0.474274 0.48278 0.495361 0.498488 0.000301623 -0.00112154 0.000810626 -0.000293994 0.000585354 -0.000512372 0.0191726 0.0144514 0.0216055 
2.79215e-34 1.67645e-34 0.217131 0.116339 0.116057 5.5935e-35 2.87837e-35 5.90678e-35 -0.000396701 -9.65538e-05 -0.00011949 8.83946e-35 0.00594978 0.0120661 0.0116761 
8.82928e-34 0.707994 0.74557 0.730734 0.436874 0.397052 4.05476e-34 -0.013979 -0.0318078 -0.020969 -0.00978839 -0.00555019 0.0862504 0.107474 0.0688981 
0.00241759 -0.0724484 -0.0746695 -0.0773562 -0.0571615 -0.0498734 -0.0269816 0.0103133 -0.00117584 0.00234734 -0.00919584 -0.00336514 0.0325258 0.0166642 0.0324456 
-1.21564e-34 -0.0746695 -0.0724484 -0.0773562 -0.068077 -0.053914 -1.15322e-34 -0.00117584 0.0103133 0.00234734 0.00407521 0.00121849 0.0245378 0.0324456 0.0166642 
0.387655 0.292028 0.21312 0.254128 0.310348 0.343403 -0.00123735 -0.000445937 -0.000390756 -0.000470429 -0.000816249 -0.000829353 0.0105423 0.0163609 0.0113717 
0.498998 0.433421 0.476875 0.457924 0.491376 0.478795 0.00398996 0.00283143 0.0017519 0.00236585 0.0028122 0.00361757 0.0273072 0.0274488 0.0231801 
0.995268 0.8452 0.984199 0.963338 0.99219 0.969662 -0.0349332 -0.0586198 -0.0605785 -0.0694737 -0.0488644 -0.0520145 0.0868793 0.0138988 0.0561919 
0.387655 0.21312 0.270739 0.242687 0.334355 0.310348 -0.00123735 -0.000390756 -0.00068885 -0.000545667 -0.00100125 -0.000816249 0.0105423 0.0113717 0.00680674 
0.554451 0.535897 0.467386 0.503619 0.5276 0.55119 -0.0508784 -0.0678885 -0.0499544 -0.0592098 -0.0534059 -0.0598288 0.0868981 0.0923255 0.0954857 
0.438665 0.467386 0.535897 0.503619 0.493941 0.454245 -0.0621711 -0.0499544 -0.0678885 -0.0592098 -0.0667518 -0.0559799 0.0981249 0.0954857 0.0923255 
0.407052 0.217131 0.297218 0.25886 0.357522 0.325064 -0.00129954 -0.000396701 -0.00043996 -0.000478226 -0.000849833 -0.0008612 0.0112443 0.0116761 0.0173081 
0.489463 0.430306 0.474274 0.455054 0.48278 0.466436 -0.00112154 -0.000548609 0.000810626 1.12494e-05 -0.000293994 -0.000822363 0.0144514 0.0175462 0.0216055 
3.37733e-34 0.202911 0.316763 0.263216 0.178518 0.108676 1.51925e-34 0.000934553 0.00134772 0.00127287 0.000412818 0.000204291 0.0308291 0.0348952 0.0298215 
2.79215e-34 0.275348 0.181927 0.230611 0.0961606 0.151223 2.87837e-35 -0.000694353 -0.000314847 -0.000490122 -9.9358e-05 -0.000213437 0.00594978 0.00712339 0.00371202 
3.37733e-34 0.316763 0.195445 0.260308 0.10379 0.178518 1.51925e-34 0.00134772 0.000174228 0.000615785 9.77426e-05 0.000412818 0.0308291 0.0298215 0.0260403 
-9.52929e-35 -0.0724484 -0.0495476 -0.0667208 -0.03586 -0.0597964 -3.99373e-35 0.0103133 0.0166461 0.0158938 0.00523644 0.00684242 0.0103875 0.0166642 0.00847411 
3.46673e-34 0.292028 0.201598 0.248767 0.107139 0.161505 -8.47746e-35 -0.000445937 -3.59162e-05 -0.000193718 -4.87087e-05 -0.00015013 0.0170967 0.0163609 0.0206929 
0.89441 0.845212 0.616661 0.772201 0.832587 0.875959 -0.128145 -0.117546 -0.0509185 -0.086728 -0.0936941 -0.124305 0.0271325 0.0368048 0.0447293 
0.407052 0.297218 0.430306 0.372558 0.419198 0.357522 -0.00129954 -0.00043996 -0.000548609 -0.000556046 -0.00105238 -0.000849833 0.0112443 0.0173081 0.0175462 
8.20917e-34 0.835675 0.702627 0.773534 0.405482 0.505109 -5.33815e-34 -0.0207244 -0.0076574 -0.0118563 -0.00261364 -0.00482068 0.110648 0.0792499 0.119962 
0.75 1 0.937299 0.984305 0.859269 0.9375 -3.52671e-37 -6.59575e-37 -0.000613306 -0.000458921 -0.000332403 -1.26016e-36 0.348334 0.34777 0.307729 
4.72985e-34 0.316738 0.484314 0.407602 0.239046 0.144708 2.24455e-34 -0.0218367 -0.0510227 -0.0359054 -0.0137457 -0.00530831 0.0515901 0.0500455 0.056655 
0.835675 0.8452 0.995268 0.969662 0.969524 0.839517 -0.0207244 -0.0586198 -0.0349332 -0.0520145 -0.0333589 -0.0307675 0.0792499 0.0138988 0.0868793 
0.359981 0.430306 0.297218 0.372558 0.330249 0.39824 0.000289043 -0.000548609 -0.00043996 -0.000556046 -0.000187358 -9.67246e-05 0.0230239 0.0175462 0.0173081 
0.202371 0.06135 0.0311371 0.0434194 0.102494 0.128761 -0.0675227 -0.0421654 -0.0191684 -0.0302391 -0.0425275 -0.0560561 0.0911745 0.0788622 0.0906557 
2.75433e-34 0.168628 0.270739 0.222083 0.148432 0.0885653 -2.92997e-35 -0.000279641 -0.00068885 -0.000467189 -0.000212728 -8.78274e-05 0.0058565 0.00376035 0.00680674 
9.5258e-34 0.706338 0.844228 0.780896 0.513681 0.405299 1.24708e-33 -0.000670565 -0.00208597 -0.00115396 -0.000704109 -0.000281146 0.254627 0.28038 0.230635 
4.85117e-34 5.58576e-34 0.616661 0.346619 0.318055 -2.18456e-35 1.73012e-34 1.89794e-34 -0.0509185 -0.0135801 -0.0143974 4.04022e-34 0.0390617 0.0421808 0.0447293 
0.202371 0.279784 0.06135 0.15967 0.128761 0.238766 -0.0675227 -0.0936786 -0.0421654 -0.0685676 -0.0560561 -0.0809123 0.0911745 0.0810852 0.0788622 
0.984199 0.8452 0.964389 0.95424 0.975122 0.963338 -0.0605785 -0.0586198 -0.08352 -0.0838353 -0.0720728 -0.0694737 0.0561919 0.0138988 0.039063 
-1.78113e-35 0.06135 -0.0286522 0.00886895 -0.0278754 -0.0106257 -4.34054e-34 -0.0421654 -0.01776 -0.0291568 -0.00590773 -0.0127219 0.0825848 0.0788622 0.0655019 
0.805713 0.74557 0.964389 0.899646 0.908475 0.782269 -0.0617809 -0.0318078 -0.08352 -0.0574085 -0.0747686 -0.0471281 0.0466919 0.0688981 0.039063 
0.446184 0.495541 0.467002 0.484497 0.457299 0.477448 0.00510929 0.00650995 0.00308005 0.00472504 0.00411491 0.00596643 0.0328925 0.0322476 0.0274432 
0.498998 0.467002 0.495541 0.484497 0.499965 0.494677 0.00398996 0.00308005 0.00650995 0.00472504 0.00527505 0.00372746 0.0273072 0.0274432 0.0322476 
0.651088 0.484314 0.316738 0.407602 0.498618 0.568526 -0.0852603 -0.0510227 -0.0218367 -0.0359054 -0.0504589 -0.067363 0.0513478 0.056655 0.0500455 
0.664447 0.504077 0.484314 0.49541 0.59811 0.597115 -0.105005 -0.0573087 -0.0510227 -0.0547148 -0.0799024 -0.0812794 0.0633724 0.0625769 0.056655 
0.805713 0.928767 0.616661 0.82544 0.715144 0.893986 -0.0617809 -0.106885 -0.0509185 -0.0832784 -0.0595349 -0.0846825 0.0466919 0.030224 0.0447293 
7.4077e-34 7.74236e-34 0.774588 0.457307 0.456192 1.69808e-34 -1.21714e-33 -9.95773e-34 -0.00165024 -0.000607374 -0.000467345 -2.21163e-33 0.255473 0.208897 0.23369 
4.72985e-34 0.484314 0.246635 0.36093 0.12718 0.239046 2.24455e-34 -0.0510227 -0.0146785 -0.0298852 -0.00429724 -0.0137457 0.0515901 0.056655 0.0594543 
0.998657 0.937299 0.986662 0.995448 0.994198 0.988609 -0.00142014 -0.000613306 -0.000516839 -0.000630667 -0.000927233 -0.00105306 0.269668 0.307729 0.317725 
0.352385 0.184338 0.201598 0.192999 0.283326 0.276077 0.000394316 0.000140679 -3.59162e-05 5.87785e-05 9.50476e-05 0.00030577 0.0222189 0.024286 0.0206929 
0.998657 0.986662 0.749909 0.905269 0.927951 0.994198 -0.00142014 -0.000516839 -0.000461267 -0.000553857 -0.000951375 -0.000927233 0.269668 0.317725 0.305145 
0.499484 0.476875 0.440585 0.460637 0.482107 0.492297 0.000301623 0.0017519 -0.000411581 0.000486845 -8.88892e-05 0.00103856 0.0191726 0.0231801 0.0173207 
0.412491 0.214928 0.307003 0.262917 0.359005 0.314538 -0.0722528 -0.040322 -0.0412231 -0.0416023 -0.0570033 -0.0586234 0.0989866 0.103286 0.10216 
0.625154 0.270469 0.51703 0.400635 0.570873 0.456615 -0.152305 -0.0993136 -0.139695 -0.124874 -0.146678 -0.133572 0.0528997 0.0495663 0.0628644 
0.352385 0.440585 0.476875 0.460637 0.427903 0.401363 0.000394316 -0.000411581 0.0017519 0.000486845 0.00102785 6.09093e-05 0.0222189 0.0173207 0.0231801 
0.307003 0.214928 0.152737 0.1848 0.229396 0.262917 -0.0412231 -0.040322 -0.0151728 -0.0268973 -0.0285199 -0.0416023 0.10216 0.103286 0.104858 
0.304807 0.51703 0.270469 0.400635 0.288472 0.412384 -0.105647 -0.139695 -0.0993136 -0.124874 -0.103757 -0.125086 0.0669467 0.0628644 0.0495663 
2.98065e-34 0.286852 0.195185 0.243094 0.102989 0.157912 -1.38571e-34 0.00102456 0.000762425 0.00097821 0.000156041 0.000276511 0.028173 0.0277777 0.0323742 
1.03869e-34 -0.0215512 0.0224517 -0.0109871 -0.000129283 -0.00933604 9.05736e-35 0.0589138 0.0451631 0.0599517 0.0537628 0.0569602 -0.0238916 -0.00148085 -0.00928099 
0.352385 0.433421 0.286852 0.370272 0.321068 0.396489 0.000394316 0.00283143 0.00102456 0.00189538 0.000791419 0.00139931 0.0222189 0.0274488 0.0277777 
1.07227e-33 0.8452 0.835675 0.839517 0.514652 0.544898 -2.9887e-34 -0.0586198 -0.0207244 -0.0307675 -0.00729613 -0.0302788 0.053214 0.0138988 0.0792499 
1.43927e-34 0.123622 0.152737 0.141259 0.0828169 0.0612627 -5.27623e-34 -0.00540308 -0.0151728 -0.00958544 -0.00414874 -0.00167986 0.105828 0.102497 0.104858 
5.58576e-34 0.400938 0.616661 0.52479 0.346619 0.202884 1.89794e-34 -0.0163328 -0.0509185 -0.0304331 -0.0135801 -0.00427458 0.0421808 0.0527297 0.0447293 
0.805713 0.616661 0.400938 0.52479 0.631312 0.715144 -0.0617809 -0.0509185 -0.0163328 -0.0304331 -0.0373391 -0.0595349 0.0466919 0.0447293 0.0527297 
0.998657 0.844228 0.706338 0.780896 0.936018 0.967819 -0.00142014 -0.00208597 -0.000670565 -0.00115396 -0.00125195 -0.00202478 0.269668 0.230635 0.28038 
2.89823e-35 6.80341e-35 0.0935086 0.0408782 0.0252089 -8.17309e-36 -4.91159e-34 -5.28047e-34 -0.0246904 -0.00725834 -0.0073875 -9.94849e-34 0.0969912 0.105072 0.0998059 
0.352385 0.201598 0.292028 0.248767 0.323264 0.283326 0.000394316 -3.59162e-05 -0.000445937 -0.000193718 -0.000152336 9.50476e-05 0.0222189 0.0206929 0.0163609 
0.359981 0.201898 0.195445 0.198713 0.285751 0.288536 0.000289043 -3.98837e-05 0.000174228 6.42696e-05 0.000306201 6.3168e-05 0.0230239 0.0219212 0.0260403 
0.490327 0.468236 0.499975 0.492476 0.497809 0.48089 -0.00197563 -0.00189896 -0.00211711 -0.00206874 -0.00206163 -0.00195026 -2.63892e-05 0.00551132 0.00381306 
2.98065e-34 0.184338 0.286852 0.237835 0.157912 0.0973827 -1.38571e-34 0.000140679 0.00102456 0.000470034 0.000276511 6.83133e-05 0.028173 0.024286 0.0277777 
0.489233 0.499975 0.461452 0.489886 0.477468 0.49705 -0.00198027 -0.00211711 -0.00186515 -0.0020617 -0.00194311 -0.00206637 2.78655e-05 0.00381306 0.00569353 
3.46474e-34 0.201898 0.297218 0.251929 0.165348 0.107558 8.94276e-35 -3.98837e-05 -0.00043996 -0.000192719 -0.000148254 -4.6669e-05 0.0183141 0.0219212 0.0173081 
-1.78113e-35 2.89823e-35 0.0311371 0.00619802 -0.00702103 -2.68318e-35 -4.34054e-34 -4.91159e-34 -0.0191684 -0.00550602 -0.0058664 -8.85686e-34 0.0825848 0.0969912 0.0906557 
-3.42162e-35 -0.0495476 -0.0143811 -0.0319347 -0.0110981 -0.0244814 -9.50278e-36 0.0166461 0.0132935 0.0164116 0.00399398 0.00553253 0.0035384 0.00847411 0.0055486 
0.0138574 0.058439 0.322889 0.16993 0.131716 0.0351975 0.0194826 -0.0227103 -0.0844571 -0.047778 -0.0256005 -0.00322073 0.00337274 0.0155349 0.0100259 
1.15299e-34 1.43927e-34 0.152737 0.0828169 0.0720617 4.60476e-35 -5.39159e-34 -5.27623e-34 -0.0151728 -0.00414874 -0.00456865 -1.05394e-33 0.107847 0.105828 0.104858 
0.00241759 -0.0746695 -0.0631088 -0.0705892 -0.0464524 -0.0571615 -0.0269816 -0.00117584 -0.0078854 -0.0045346 -0.0161203 -0.00919584 0.0325258 0.0324456 0.0473839 
0.805713 0.400938 0.74557 0.582862 0.782269 0.631312 -0.0617809 -0.0163328 -0.0318078 -0.0243782 -0.0471281 -0.0373391 0.0466919 0.0527297 0.0688981 
0.645865 0.616661 0.845212 0.772201 0.768652 0.635452 -0.067883 -0.0509185 -0.117546 -0.086728 -0.0947321 -0.0599319 0.042966 0.0447293 0.0368048 
1.09003e-33 0.8452 1.07227e-33 0.544898 2.99333e-34 0.563754 1.02655e-35 -0.0586198 -2.9887e-34 -0.0302788 -4.99221e-36 -0.0807087 -0.0715071 0.0138988 0.053214 
0.276262 0.152737 0.123622 0.141259 0.202734 0.214807 -0.0249571 -0.0151728 -0.00540308 -0.00958544 -0.0143369 -0.0212266 0.101054 0.104858 0.102497 
0.499992 0.499975 0.468236 0.492476 0.492531 0.499979 -0.00199195 -0.00211711 -0.00189896 -0.00206874 -0.00202302 -0.00209473 0.00843689 0.00381306 0.00551132 
0.499992 0.461452 0.499975 0.489886 0.499979 0.489843 -0.00199195 -0.00186515 -0.00211711 -0.0020617 -0.00209473 -0.00200246 0.00843689 0.00569353 0.00381306 
9.5324e-34 8.20917e-34 0.702627 0.405482 0.400781 3.51293e-34 -7.70569e-34 -5.33815e-34 -0.0076574 -0.00261364 -0.00195473 -1.29433e-33 0.160884 0.110648 0.119962 
-8.48689e-35 -0.0286522 -0.0631088 -0.0484279 -0.0455082 -0.0393225 -3.22437e-34 -0.01776 -0.0078854 -0.0126593 -0.00271074 -0.00463218 0.0639032 0.0655019 0.0473839 
0.999387 0.995268 0.707994 0.909688 0.919472 0.997845 -0.0149306 -0.0349332 -0.013979 -0.0247864 -0.0174866 -0.0238383 0.130633 0.0868793 0.107474 
9.5324e-34 0.702627 0.834582 0.773328 0.506997 0.400781 -7.70569e-34 -0.0076574 -0.00640823 -0.00741532 -0.00211091 -0.00195473 0.160884 0.119962 0.157503 
0.820196 0.754561 0.770013 0.800885 0.823145 0.786459 -0.1476 -0.153671 -0.108487 -0.137629 -0.132281 -0.15193 0.0322762 0.0415552 0.0438191 
0.359981 0.297218 0.201898 0.251929 0.288536 0.330249 0.000289043 -0.00043996 -3.98837e-05 -0.000192719 6.3168e-05 -0.000187358 0.0230239 0.0173081 0.0219212 
0.347049 0.322889 0.728339 0.523206 0.56332 0.336146 -0.082021 -0.0844571 -0.144867 -0.12378 -0.123957 -0.0824288 -0.00182073 0.0100259 0.0152485 
0.984199 0.964389 0.74557 0.899646 0.909083 0.975122 -0.0605785 -0.08352 -0.0318078 -0.0574085 -0.0478872 -0.0720728 0.0561919 0.039063 0.0688981 
1.03869e-34 -2.4753e-35 -0.0215512 -0.00827656 -0.00933604 8.17665e-35 9.05736e-35 6.22171e-35 0.0589138 0.0500665 0.0569602 6.56149e-35 -0.0238916 0.00398987 -0.00148085 
0.999387 0.707994 0.648299 0.680012 0.904188 0.919472 -0.0149306 -0.013979 -0.00626846 -0.00910062 -0.012513 -0.0174866 0.130633 0.107474 0.141152 
0.999387 0.835675 0.995268 0.969524 0.997845 0.96369 -0.0149306 -0.0207244 -0.0349332 -0.0333589 -0.0238383 -0.021237 0.130633 0.0792499 0.0868793 
0.245686 0.181927 0.381805 0.293953 0.320088 0.214723 -0.000554995 -0.000314847 -0.00128622 -0.000788147 -0.000905396 -0.000438438 -5.10394e-05 0.00371202 0.00417962 
0.244091 0.378307 0.168628 0.28636 0.207546 0.317461 -0.000554885 -0.00128602 -0.000279641 -0.000764578 -0.000419756 -0.00090522 5.05953e-05 0.00406983 0.00376035 
0.387655 0.486208 0.440585 0.467338 0.41603 0.44867 -0.00123735 -0.00143566 -0.000411581 -0.000954174 -0.0010093 -0.00143437 0.0105423 0.012555 0.0173207 
7.36253e-34 0.648299 0.707994 0.680012 0.406617 0.362023 5.90954e-34 -0.00626846 -0.013979 -0.00910062 -0.00404588 -0.00217724 0.121694 0.141152 0.107474 
0.390906 0.495308 0.500707 0.498045 0.452666 0.452379 -0.0260416 -0.0209605 -0.0349772 -0.0272684 -0.0319868 -0.0249659 0.0939816 0.0849073 0.0895868 
0.413811 0.487559 0.49556 0.491701 0.463043 0.458006 0.00349601 0.00961793 0.00564097 0.00804583 0.00445739 0.00645012 0.0684038 0.0615629 0.0673814 
7.74236e-34 0.644922 0.774588 0.713347 0.457307 0.3633 -9.95773e-34 -0.00217682 -0.00165024 -0.00195069 -0.000607374 -0.000564691 0.208897 0.191295 0.23369 
0.998657 0.749909 0.624591 0.690387 0.894784 0.927951 -0.00142014 -0.000461267 -0.000628375 -0.000564079 -0.00122227 -0.000951375 0.269668 0.305145 0.270204 
0.00241759 0.270469 0.253023 0.262758 0.107855 0.118805 -0.0269816 -0.0993136 -0.0864413 -0.0945771 -0.0525676 -0.0619248 0.0325258 0.0495663 0.0289927 
8.62459e-34 0.843014 0.648299 0.755285 0.36616 0.509919 7.99092e-34 -0.00519408 -0.00626846 -0.00605976 -0.0015851 -0.00210138 0.163736 0.176255 0.141152 
0.373223 0.450178 0.462128 0.456385 0.423746 0.415806 0.00775829 0.0132518 0.0115452 0.0124902 0.00992529 0.0106611 0.0448527 0.0494708 0.0440576 
3.32471e-34 3.44343e-34 0.412025 0.212927 0.193634 5.3283e-35 2.08952e-34 1.81217e-34 -0.0325575 -0.00849429 -0.00774062 4.19894e-34 0.0451053 0.0391032 0.0465563 
0.999387 0.702627 0.835675 0.773534 0.96369 0.933655 -0.0149306 -0.0076574 -0.0207244 -0.0118563 -0.021237 -0.0140882 0.130633 0.119962 0.0792499 
-3.42162e-35 -9.52929e-35 -0.0495476 -0.03586 -0.0244814 -2.93969e-35 -9.50278e-36 -3.99373e-35 0.0166461 0.00523644 0.00553253 -6.64341e-35 0.0035384 0.0103875 0.00847411 
1.85038e-34 3.46673e-34 0.201598 0.107139 0.107092 6.87141e-35 -1.11761e-34 -8.47746e-35 -3.59162e-05 -4.87087e-05 1.32048e-06 -1.96198e-34 0.0226343 0.0170967 0.0206929 
0.75 0.749909 0.986662 0.905269 0.905288 0.749913 -4.0855e-37 -0.000461267 -0.000516839 -0.000553857 -0.000321366 -0.000250131 0.347259 0.305145 0.317725 
0.457722 0.605595 0.546807 0.576611 0.510702 0.549865 -0.0433211 -0.0864632 -0.0586766 -0.0718837 -0.0523668 -0.0655165 0.0714119 0.0777203 0.0788804 
0.351821 0.483236 0.473993 0.477728 0.418849 0.419996 -0.00470934 -0.0250262 -0.0151944 -0.0200062 -0.00956222 -0.0130862 0.074599 0.078783 0.0776278 
0.346561 0.441374 0.448695 0.444808 0.402498 0.396417 0.00870512 0.00727494 0.0107884 0.0090707 0.0101587 0.00878595 0.0634337 0.0676093 0.0639015 
0.625154 0.731965 0.754561 0.75654 0.691201 0.714754 -0.152305 -0.128675 -0.153671 -0.143789 -0.155143 -0.148759 0.0528997 0.0560889 0.0415552 
0.391769 0.464635 0.476136 0.470469 0.441307 0.433302 0.00667071 0.00826083 0.0107458 0.00956138 0.00884295 0.00775159 0.0431381 0.0379929 0.0435658 
0.286852 0.433421 0.342769 0.392925 0.315596 0.370272 0.00102456 0.00283143 0.0025708 0.00289408 0.00171274 0.00189538 0.0277777 0.0274488 0.031879 
0.499992 0.489463 0.486208 0.499963 0.496251 0.497644 -0.00199195 -0.00112154 -0.00143566 -0.00131027 -0.00177775 -0.00166947 0.00843689 0.0144514 0.012555 
0.625154 0.50323 0.270469 0.382173 0.456615 0.5717 -0.152305 -0.138502 -0.0993136 -0.120059 -0.133572 -0.148595 0.0528997 0.0392676 0.0495663 
0.500653 0.449709 0.493572 0.476393 0.498585 0.486678 0.00902737 0.00823861 0.0110836 0.00982225 0.0101265 0.00911792 0.036205 0.0386179 0.0402924 
-1.42095e-35 -3.42162e-35 -0.0143811 -0.0110981 -0.00174376 2.16771e-37 -1.13547e-35 -9.50278e-36 0.0132935 0.00399398 0.00179252 -4.49574e-35 0.00553976 0.0035384 0.0055486 
0.373223 0.462128 0.449709 0.456191 0.415657 0.423746 0.00775829 0.0115452 0.00823861 0.00992667 0.00832863 0.00992529 0.0448527 0.0440576 0.0386179 
0.347049 0.103354 0.0224517 0.0509849 0.131996 0.2182 -0.082021 0.00158148 0.0451631 0.0318245 -0.0100794 -0.0423456 -0.00182073 -0.0294493 -0.00928099 
-1.42095e-35 -0.0143811 -3.67005e-35 -0.0043203 -5.42708e-35 -0.00174376 -1.13547e-35 0.0132935 1.91649e-35 0.00977446 -2.99192e-36 0.00179252 0.00553976 0.0055486 0.00785604 
0.442236 0.342769 0.433421 0.392925 0.437785 0.398549 0.00485693 0.0025708 0.00283143 0.00289408 0.00380053 0.00375526 0.0319133 0.031879 0.0274488 
0.645865 0.303375 0.616661 0.459073 0.635452 0.488575 -0.067883 -0.0161939 -0.0509185 -0.0306129 -0.0599319 -0.0389679 0.042966 0.0416593 0.0447293 
0.625154 0.754561 0.50323 0.646862 0.5717 0.691201 -0.152305 -0.153671 -0.138502 -0.154175 -0.148595 -0.155143 0.0528997 0.0415552 0.0392676 
0.407052 0.430306 0.489463 0.466436 0.458571 0.419198 -0.00129954 -0.000548609 -0.00112154 -0.000822363 -0.00134769 -0.00105238 0.0112443 0.0175462 0.0144514 
9.5258e-34 6.96059e-34 0.706338 0.405706 0.405299 3.06608e-34 1.24708e-33 1.47672e-33 -0.000670565 -0.000168547 -0.000281146 2.72486e-33 0.254627 0.301293 0.28038 
0.346561 0.448695 0.442422 0.445314 0.399104 0.402498 0.00870512 0.0107884 0.0129765 0.0121367 0.0110531 0.0101587 0.0634337 0.0639015 0.059635 
0.998657 0.996998 0.844228 0.971182 0.967819 0.997855 -0.00142014 -0.00271139 -0.00208597 -0.00270284 -0.00202478 -0.00209112 0.269668 0.233154 0.230635 
0.351821 0.473993 0.452512 0.462612 0.406847 0.418849 -0.00470934 -0.0151944 -0.00558455 -0.00989523 -0.00542473 -0.00956222 0.074599 0.0776278 0.0748648 
0.999387 0.648299 0.843014 0.755285 0.957169 0.904188 -0.0149306 -0.00626846 -0.00519408 -0.00605976 -0.0098847 -0.012513 0.130633 0.141152 0.176255 
0.50463 0.442422 0.49253 0.471053 0.49995 0.483303 0.0138018 0.0129765 0.0125802 0.0131203 0.0132901 0.013918 0.0584589 0.059635 0.0615182 
4.72985e-34 3.32471e-34 0.316738 0.158452 0.144708 8.52703e-35 2.24455e-34 2.08952e-34 -0.0218367 -0.00583497 -0.00530831 4.77394e-34 0.0515901 0.0451053 0.0500455 
-0.0353703 -0.0143811 -0.0495476 -0.0319347 -0.0442641 -0.0263769 0.037775 0.0132935 0.0166461 0.0164116 0.0274488 0.025983 0.00490816 0.0055486 0.00847411 
0.347049 0.12041 0.322889 0.216229 0.336146 0.215055 -0.082021 -0.011302 -0.0844571 -0.0496754 -0.0824288 -0.0433791 -0.00182073 -0.0024117 0.0100259 
0.457722 0.627973 0.605595 0.616647 0.549865 0.550191 -0.0433211 -0.0954582 -0.0864632 -0.0913206 -0.0655165 -0.067448 0.0714119 0.0708815 0.0777203 
0.522895 0.452512 0.515953 0.489201 0.520509 0.499975 -0.011671 -0.00558455 -0.0156941 -0.0103114 -0.0137876 -0.00887358 0.0777823 0.0748648 0.0786822 
0.572018 0.546807 0.598202 0.584488 0.585977 0.582457 -0.0804219 -0.0586766 -0.0879599 -0.0740184 -0.0845962 -0.0723972 0.088922 0.0788804 0.0842797 
0.989588 0.844228 0.996998 0.971182 0.993859 0.97845 -0.00465569 -0.00208597 -0.00271139 -0.00270284 -0.00345824 -0.00375504 0.198367 0.230635 0.233154 
0.998657 0.624591 0.774588 0.704255 0.934736 0.894784 -0.00142014 -0.000628375 -0.00165024 -0.000986203 -0.00180669 -0.00122227 0.269668 0.270204 0.23369 
0.89441 0.728339 0.845212 0.850359 0.875959 0.837855 -0.128145 -0.144867 -0.117546 -0.143159 -0.124305 -0.143404 0.0271325 0.0152485 0.0368048 
0.0177039 -0.0631088 -0.0286522 -0.0484279 -0.0123546 -0.0381564 -0.0385291 -0.0078854 -0.01776 -0.0126593 -0.0279677 -0.0201807 0.0520143 0.0473839 0.0655019 
1.03869e-34 0.0224517 0.103354 0.0509849 0.00943491 -0.000129283 9.05736e-35 0.0451631 0.00158148 0.0318245 0.0389913 0.0537628 -0.0238916 -0.00928099 -0.0294493 
0.595213 0.634312 0.627973 0.64459 0.656734 0.623547 -0.13565 -0.11579 -0.0954582 -0.108141 -0.122943 -0.127289 0.0748588 0.0783009 0.0708815 
4.85117e-34 0.616661 0.303375 0.459073 0.160344 0.318055 1.73012e-34 -0.0509185 -0.0161939 -0.0306129 -0.00530308 -0.0143974 0.0390617 0.0447293 0.0416593 
0.664447 0.731965 0.67088 0.712068 0.695574 0.699826 -0.105005 -0.128675 -0.142961 -0.139167 -0.128381 -0.116949 0.0633724 0.0560889 0.0648289 
0.625154 0.67088 0.731965 0.712068 0.714754 0.654529 -0.152305 -0.142961 -0.128675 -0.139167 -0.148759 -0.149799 0.0528997 0.0648289 0.0560889 
0.442236 0.433421 0.492699 0.470236 0.473421 0.437785 0.00485693 0.00283143 0.00601279 0.00439966 0.00557666 0.00380053 0.0319133 0.0274488 0.0313047 
2.89823e-35 0.0935086 0.0311371 0.0613258 0.00619802 0.0252089 -4.91159e-34 -0.0246904 -0.0191684 -0.0222149 -0.00550602 -0.0073875 0.0969912 0.0998059 0.0906557 
0.0138574 0.322889 0.12041 0.216229 0.0583913 0.131716 0.0194826 -0.0844571 -0.011302 -0.0496754 0.00930068 -0.0256005 0.00337274 0.0100259 -0.0024117 
0.391769 0.476136 0.475055 0.475567 0.439733 0.441307 0.00667071 0.0107458 0.0117279 0.011364 0.00930415 0.00884295 0.0431381 0.0435658 0.0491945 
0.270739 0.168628 0.378307 0.28636 0.328707 0.222083 -0.00068885 -0.000279641 -0.00128602 -0.000764578 -0.000995363 -0.000467189 0.00680674 0.00376035 0.00406983 
0.275348 0.381805 0.181927 0.293953 0.230611 0.332852 -0.000694353 -0.00128622 -0.000314847 -0.000788147 -0.000490122 -0.000998849 0.00712339 0.00417962 0.00371202 
6.38896e-34 8.82928e-34 0.74557 0.436874 0.415613 3.678e-35 2.7143e-34 4.05476e-34 -0.0318078 -0.00978839 -0.0122282 7.02837e-34 0.0585367 0.0862504 0.0688981 
0.75 0.437596 0.749909 0.609306 0.749913 0.609435 -4.0855e-37 -8.47428e-05 -0.000461267 -0.000203763 -0.000250131 -7.82072e-05 0.347259 0.324347 0.305145 
0.4093 0.381805 0.468236 0.431905 0.442538 0.396006 -0.0014014 -0.00128622 -0.00189896 -0.00162624 -0.0016616 -0.00134632 -5.19434e-05 0.00417962 0.00551132 
0.407 0.461452 0.378307 0.425665 0.393135 0.437176 -0.00139904 -0.00186515 -0.00128602 -0.00160664 -0.00134447 -0.00164224 5.403e-05 0.00569353 0.00406983 
0.820196 0.845212 0.728339 0.850359 0.79049 0.847675 -0.1476 -0.117546 -0.144867 -0.143159 -0.15002 -0.135777 0.0322762 0.0368048 0.0152485 
0.413811 0.49556 0.491349 0.49387 0.4589 0.463043 0.00349601 0.00564097 -0.000490768 0.00277304 0.00201153 0.00445739 0.0684038 0.0673814 0.0731419 
0.998657 0.706338 0.937299 0.843071 0.988609 0.936018 -0.00142014 -0.000670565 -0.000613306 -0.00073902 -0.00105306 -0.00125195 0.269668 0.28038 0.307729 
3.46474e-34 1.91289e-34 0.201898 0.107592 0.107558 7.94138e-35 8.94276e-35 1.20525e-34 -3.98837e-05 -1.92959e-07 -4.6669e-05 2.10296e-34 0.0183141 0.0245839 0.0219212 
0.502658 0.475055 0.501566 0.492622 0.503564 0.499742 0.0148492 0.0117279 0.0136467 0.0129197 0.0143724 0.0137249 0.0512767 0.0491945 0.0474228 
0.989588 0.999421 0.843014 0.965393 0.978204 0.996158 -0.00465569 -0.00840086 -0.00519408 -0.00746064 -0.00599035 -0.00659683 0.198367 0.165617 0.176255 
0.390906 0.500707 0.467386 0.486658 0.430108 0.452666 -0.0260416 -0.0349772 -0.0499544 -0.042424 -0.0375607 -0.0319868 0.0939816 0.0895868 0.0954857 
7.36253e-34 8.62459e-34 0.648299 0.36616 0.362023 3.64294e-34 5.90954e-34 7.99092e-34 -0.00626846 -0.0015851 -0.00217724 1.39783e-33 0.121694 0.163736 0.141152 
0.4093 0.245686 0.381805 0.320088 0.396006 0.337808 -0.0014014 -0.000554995 -0.00128622 -0.000905396 -0.00134632 -0.00098355 -5.19434e-05 -5.10394e-05 0.00417962 
0.244091 0.407 0.378307 0.393135 0.317461 0.335639 -0.000554885 -0.00139904 -0.00128602 -0.00134447 -0.00090522 -0.000984887 5.05953e-05 5.403e-05 0.00406983 
0.651088 0.316738 0.412025 0.362716 0.550008 0.498618 -0.0852603 -0.0218367 -0.0325575 -0.0268331 -0.0584777 -0.0504589 0.0513478 0.0500455 0.0465563 
-3.26166e-34 0.586454 6.96059e-34 0.325014 4.9036e-34 0.325164 8.53814e-34 -0.000190407 1.47672e-33 -7.12263e-05 3.18452e-33 -3.8608e-05 0.34837 0.317535 0.301293 
6.96059e-34 0.586454 0.706338 0.649024 0.405706 0.325014 1.47672e-33 -0.000190407 -0.000670565 -0.000361597 -0.000168547 -7.12263e-05 0.301293 0.317535 0.28038 
0.499992 0.468236 0.479379 0.474128 0.49524 0.492531 -0.00199195 -0.00189896 -0.00173159 -0.00188178 -0.00189227 -0.00202302 0.00843689 0.00551132 0.0100922 
0.407052 0.479379 0.468236 0.474128 0.441695 0.449729 -0.00129954 -0.00173159 -0.00189896 -0.00188178 -0.00164518 -0.00154963 0.0112443 0.0100922 0.00551132 
7.27603e-34 0.624591 0.749909 0.690387 0.437502 0.349624 -1.43602e-33 -0.000628375 -0.000461267 -0.000564079 -0.000138196 -0.000152707 0.301508 0.270204 0.305145 
1 0.75 0.986662 0.905288 0.99666 0.9375 -6.59575e-37 -4.0855e-37 -0.000516839 -0.000321366 -0.000367225 -1.09862e-36 0.34777 0.347259 0.317725 
0.999387 0.843014 0.999421 0.965393 0.999785 0.957169 -0.0149306 -0.00519408 -0.00840086 -0.00746064 -0.0108876 -0.0098847 0.130633 0.176255 0.165617 
2.01897e-34 2.05141e-34 0.217948 0.117576 0.11636 8.81099e-35 -4.31662e-34 -3.93937e-34 -0.00180644 -0.000326432 -0.000592766 -8.23806e-34 0.0872235 0.0796999 0.0832894 
0.513964 0.491349 0.514395 0.508059 0.515439 0.514289 0.000583567 -0.000490768 0.00392724 0.00178688 0.00228755 -0.000227461 0.0718153 0.0731419 0.0693749 
1.9765e-34 1.94258e-34 0.211753 0.111933 0.113296 8.45061e-35 -2.87752e-34 -2.55501e-34 0.00192993 0.000530152 0.000528402 -5.44816e-34 0.0584064 0.0518759 0.0556487 
0.989588 0.774588 0.644922 0.713347 0.878696 0.916586 -0.00465569 -0.00165024 -0.00217682 -0.00195069 -0.0039955 -0.0031344 0.198367 0.23369 0.191295 
1.66078e-34 1.62579e-34 0.181243 0.0947063 0.0965729 7.09028e-35 2.62748e-34 2.85507e-34 0.00265017 0.000738333 0.000714349 5.46139e-34 0.0534209 0.0580464 0.0551534 
1.40587e-34 1.38319e-34 0.158848 0.0810022 0.0823126 5.8589e-35 3.37804e-34 3.49567e-34 0.00181892 0.000478062 0.000573126 6.86004e-34 0.0687566 0.0711831 0.0696866 
1.32372e-34 1.38279e-34 0.163483 0.0808815 0.0794181 5.15981e-35 3.5718e-34 3.48237e-34 -0.00238277 -0.000631553 -0.000350522 7.07766e-34 0.0729156 0.0712051 0.0729011 
-1.03428e-34 -8.48689e-35 -0.0631088 -0.0455082 -0.0516596 -6.67664e-35 -2.13285e-34 -3.22437e-34 -0.0078854 -0.00271074 -0.00175761 -5.26614e-34 0.0429053 0.0639032 0.0473839 
0.540849 0.622346 0.322889 0.478237 0.439519 0.579945 -0.139183 -0.14293 -0.0844571 -0.120076 -0.117063 -0.141272 0.02975 0.0215567 0.0100259 
1.79325e-34 4.72985e-34 0.246635 0.12718 0.116396 7.15619e-35 2.81707e-34 2.24455e-34 -0.0146785 -0.00429724 -0.00358814 5.40969e-34 0.0582157 0.0515901 0.0594543 
1.72187e-34 2.98065e-34 0.195185 0.102989 0.103467 8.05014e-35 -1.6672e-34 -1.38571e-34 0.000762425 0.000156041 0.000215922 -3.06229e-34 0.0338132 0.028173 0.0323742 
0.359981 0.467002 0.474274 0.470858 0.428595 0.423108 0.000289043 0.00308005 0.000810626 0.00187795 0.000584939 0.00143478 0.0230239 0.0274432 0.0216055 
0.937299 0.706338 0.586454 0.649024 0.800416 0.843071 -0.000613306 -0.000670565 -0.000190407 -0.000361597 -0.000405883 -0.00073902 0.307729 0.28038 0.317535 
0.554451 0.467386 0.543176 0.519325 0.54878 0.5276 -0.0508784 -0.0499544 -0.0421015 -0.0478832 -0.0464739 -0.0534059 0.0868981 0.0954857 0.0868174 
1 0.986662 0.937299 0.995448 0.984305 0.99666 -6.59575e-37 -0.000516839 -0.000613306 -0.000630667 -0.000458921 -0.000367225 0.34777 0.317725 0.307729 
-1.21564e-34 -1.03428e-34 -0.0746695 -0.0534629 -0.053914 -7.01536e-35 -1.15322e-34 -2.13285e-34 -0.00117584 -0.000350044 0.00121849 -3.29891e-34 0.0245378 0.0429053 0.0324456 
6.38896e-34 0.74557 0.400938 0.582862 0.215936 0.415613 2.7143e-34 -0.0318078 -0.0163328 -0.0243782 -0.00514347 -0.0122282 0.0585367 0.0688981 0.0527297 
-3.26166e-34 0.75 0.586454 0.673373 0.325164 0.4375 8.53814e-34 -3.52671e-37 -0.000190407 -0.000125116 -3.8608e-05 -1.0645e-37 0.34837 0.348334 0.317535 
1.81314e-34 1.76252e-34 0.19647 0.103883 0.105272 7.10246e-35 2.10462e-34 2.37706e-34 0.00198013 0.000593208 0.000520285 4.4659e-34 0.0428031 0.0483321 0.0452833 
3.37733e-34 1.82571e-34 0.202911 0.108094 0.108676 7.43439e-35 1.51925e-34 1.81499e-34 0.000934553 0.000273806 0.000204291 3.32122e-34 0.0308291 0.0369493 0.0348952 
1.53679e-34 1.47804e-34 0.168157 0.0869033 0.0887417 6.48274e-35 3.05552e-34 3.23156e-34 0.00256668 0.000707622 0.000745728 6.26652e-34 0.062136 0.0657378 0.06358 
1.33474e-34 1.31839e-34 0.155143 0.0778432 0.078212 5.41044e-35 3.56989e-34 3.60057e-34 0.00033148 0.000120929 0.000276193 7.17077e-34 0.0727386 0.0734104 0.0732936 
1.48255e-34 1.61154e-34 0.192196 0.0948373 0.0899143 5.59569e-35 3.31967e-34 3.09055e-34 -0.00741382 -0.00198536 -0.00154286 6.47633e-34 0.0680691 0.063562 0.0675653 
1.719e-34 1.93062e-34 0.199208 0.108873 0.103712 7.60231e-35 -5.02247e-34 -4.68724e-34 -0.00703159 -0.00182768 -0.0022378 -9.64773e-34 0.101086 0.0944503 0.0967408 
2.04476e-34 2.03162e-34 0.218603 0.116435 0.117203 8.92002e-35 -3.56966e-34 -3.2159e-34 0.00117487 0.000355324 0.000230878 -6.79351e-34 0.0723262 0.0652199 0.0689415 
1.88394e-34 1.83281e-34 0.201877 0.106508 0.1076 8.14262e-35 -2.24711e-34 -1.95173e-34 0.00153136 0.000391654 0.000444067 -4.21098e-34 0.0456228 0.0396176 0.0428503 
0.645865 0.770013 0.412025 0.622027 0.53052 0.721135 -0.067883 -0.108487 -0.0325575 -0.0698189 -0.0496539 -0.0885367 0.042966 0.0438191 0.0465563 
0.595213 0.467672 0.634312 0.574763 0.623547 0.531717 -0.13565 -0.114381 -0.11579 -0.121962 -0.127289 -0.126428 0.0748588 0.0862418 0.0783009 
0.593506 0.634312 0.467672 0.574763 0.545682 0.614813 -0.108307 -0.11579 -0.114381 -0.121962 -0.115342 -0.112619 0.0847628 0.0783009 0.0862418 
0.651088 0.770013 0.754561 0.800885 0.769252 0.712911 -0.0852603 -0.108487 -0.153671 -0.137629 -0.128666 -0.0975257 0.0513478 0.0438191 0.0415552 
0.347049 0.0224517 0.12041 0.0656976 0.215055 0.131996 -0.082021 0.0451631 -0.011302 0.0169361 -0.0433791 -0.0100794 -0.00182073 -0.00928099 -0.0024117 
0.499992 0.479379 0.489463 0.484858 0.497644 0.49524 -0.00199195 -0.00173159 -0.00112154 -0.00147854 -0.00166947 -0.00189227 0.00843689 0.0100922 0.0144514 
-4.08816e-34 7.27603e-34 0.437596 0.234461 0.234401 6.19403e-34 -8.26675e-34 -1.43602e-33 -8.47428e-05 -5.16982e-05 -2.44189e-05 -3.08914e-33 0.347194 0.301508 0.324347 
0.999387 0.834582 0.702627 0.773328 0.933655 0.962453 -0.0149306 -0.00640823 -0.0076574 -0.00741532 -0.0140882 -0.0112141 0.130633 0.157503 0.119962 
0.202371 0.0311371 0.0935086 0.0613258 0.141337 0.102494 -0.0675227 -0.0191684 -0.0246904 -0.0222149 -0.0456688 -0.0425275 0.0911745 0.0906557 0.0998059 
0.651088 0.412025 0.770013 0.622027 0.712911 0.550008 -0.0852603 -0.0325575 -0.108487 -0.0698189 -0.0975257 -0.0584777 0.0513478 0.0465563 0.0438191 
0.407052 0.489463 0.479379 0.484858 0.449729 0.458571 -0.00129954 -0.00112154 -0.00173159 -0.00147854 -0.00154963 -0.00134769 0.0112443 0.0144514 0.0100922 
-8.48689e-35 -1.78113e-35 -0.0286522 -0.0278754 -0.0393225 -3.89673e-35 -3.22437e-34 -4.34054e-34 -0.01776 -0.00590773 -0.00463218 -7.2111e-34 0.0639032 0.0825848 0.0655019 
7.27603e-34 0.749909 0.437596 0.609306 0.234461 0.437502 -1.43602e-33 -0.000461267 -8.47428e-05 -0.000203763 -5.16982e-05 -0.000138196 0.301508 0.305145 0.324347 
2.01897e-34 0.217948 0.160756 0.190078 0.0855631 0.11636 -4.31662e-34 -0.00180644 -0.00239449 -0.00222574 -0.000570583 -0.000592766 0.0872235 0.0832894 0.0903669 
0.75 0.937299 0.586454 0.800416 0.673373 0.859269 -3.52671e-37 -0.000613306 -0.000190407 -0.000405883 -0.000125116 -0.000332403 0.348334 0.307729 0.317535 
0.323888 0.160756 0.217948 0.190078 0.275664 0.248619 -0.0104107 -0.00239449 -0.00180644 -0.00222574 -0.00524491 -0.00606256 0.0895521 0.0903669 0.0832894 
1.9765e-34 0.211753 0.162906 0.188135 0.0847808 0.113296 -2.87752e-34 0.00192993 0.000955504 0.0014214 0.00028173 0.000528402 0.0584064 0.0556487 0.0619965 
0.0138574 0.12041 0.0224517 0.0656976 0.0226184 0.0583913 0.0194826 -0.011302 0.0451631 0.0169361 0.0337614 0.00930068 0.00337274 -0.0024117 -0.00928099 
7.27603e-34 7.4077e-34 0.624591 0.350018 0.349624 4.30351e-34 -1.43602e-33 -1.21714e-33 -0.000628375 -0.00023034 -0.000152707 -2.65246e-33 0.301508 0.255473 0.270204 
0.332387 0.162906 0.211753 0.188135 0.275463 0.254609 0.00411698 0.000955504 0.00192993 0.0014214 0.00310983 0.00235731 0.0623134 0.0619965 0.0556487 
1.91289e-34 3.37733e-34 0.195445 0.10379 0.103941 8.7553e-35 1.20525e-34 1.51925e-34 0.000174228 9.77426e-05 2.83606e-05 2.71647e-34 0.0245839 0.0308291 0.0260403 
7.74236e-34 9.5324e-34 0.644922 0.364865 0.3633 4.15217e-34 -9.95773e-34 -7.70569e-34 -0.00217682 -0.00104844 -0.000564691 -1.76175e-33 0.208897 0.160884 0.191295 
0.06135 0.279784 0.103498 0.189526 0.0798401 0.15967 -0.0421654 -0.0936786 -0.0605793 -0.0788783 -0.0514714 -0.0685676 0.0788622 0.0810852 0.0668118 
0.651088 0.754561 0.731965 0.75654 0.710927 0.769252 -0.0852603 -0.153671 -0.128675 -0.143789 -0.109964 -0.128666 0.0513478 0.0415552 0.0560889 
0.645865 0.412025 0.303375 0.362825 0.488575 0.53052 -0.067883 -0.0325575 -0.0161939 -0.0237894 -0.0389679 -0.0496539 0.042966 0.0465563 0.0416593 
1.62579e-34 0.12824 0.181243 0.15481 0.0947063 0.0670846 2.85507e-34 0.00149352 0.00265017 0.00206095 0.000738333 0.000413123 0.0580464 0.0598137 0.0551534 
1.66078e-34 0.181243 0.138039 0.160442 0.0712476 0.0965729 2.62748e-34 0.00265017 0.00129856 0.00190978 0.000370698 0.000714349 0.0534209 0.0551534 0.0506369 
1.38319e-34 0.112485 0.158848 0.135609 0.0810022 0.0573218 3.49567e-34 0.000689286 0.00181892 0.00117712 0.000478062 0.000235321 0.0711831 0.0719505 0.0696866 
1.40587e-34 0.158848 0.118729 0.139009 0.0603351 0.0823126 3.37804e-34 0.00181892 0.00123401 0.00149642 0.000356594 0.000573126 0.0687566 0.0696866 0.0670584 
1.38279e-34 0.122777 0.163483 0.143407 0.0808815 0.0588262 3.48237e-34 -0.00230948 -0.00238277 -0.00245872 -0.000631553 -0.00047982 0.0712051 0.0704246 0.0729011 
1.32372e-34 0.163483 0.112099 0.136705 0.0559004 0.0794181 3.5718e-34 -0.00238277 -0.000379274 -0.00127878 -4.16435e-05 -0.000350522 0.0729156 0.0729011 0.0734955 
0.29136 0.138039 0.181243 0.160442 0.2385 0.220008 0.00584092 0.00129856 0.00265017 0.00190978 0.00432957 0.00333339 0.0501483 0.0506369 0.0551534 
0.263224 0.118729 0.158848 0.139009 0.212227 0.193638 0.00504698 0.00123401 0.00181892 0.00149642 0.00322594 0.00299588 0.0667759 0.0670584 0.0696866 
0.300407 0.181243 0.12824 0.15481 0.220002 0.244624 0.00757179 0.00265017 0.00149352 0.00206095 0.00424371 0.00505497 0.0588944 0.0551534 0.0598137 
0.269087 0.112099 0.163483 0.136705 0.217868 0.190576 -0.00426331 -0.000379274 -0.00238277 -0.00127878 -0.0036835 -0.00174768 0.0742616 0.0734955 0.0729011 
0.284113 0.158848 0.112485 0.135609 0.200271 0.222073 0.00176767 0.00181892 0.000689286 0.00117712 0.00146039 0.00233771 0.0720646 0.0696866 0.0719505 
0.335139 0.163483 0.122777 0.143407 0.228884 0.245689 -0.018005 -0.00238277 -0.00230948 -0.00245872 -0.00829814 -0.00805223 0.0729354 0.0729011 0.0704246 
9.5324e-34 0.834582 0.644922 0.748323 0.364865 0.506997 -7.70569e-34 -0.00640823 -0.00217682 -0.00367778 -0.00104844 -0.00211091 0.160884 0.157503 0.191295 
0.540849 0.50323 0.754561 0.646862 0.669153 0.521568 -0.139183 -0.138502 -0.153671 -0.154175 -0.154027 -0.139185 0.02975 0.0392676 0.0415552 
0.345906 0.211753 0.153383 0.182831 0.258475 0.284508 0.00564848 0.00192993 0.00101088 0.00145479 0.00300772 0.00369421 0.0500061 0.0556487 0.0490075 
1.94258e-34 0.153383 0.211753 0.182831 0.111933 0.0804564 -2.55501e-34 0.00101088 0.00192993 0.00145479 0.000530152 0.000276782 0.0518759 0.0490075 0.0556487 
0.214928 0.0814536 0.152737 0.116176 0.1848 0.144061 -0.040322 -0.0109817 -0.0151728 -0.013324 -0.0268973 -0.0250213 0.103286 0.104727 0.104858 
1.16608e-34 0.168628 2.75433e-34 0.0885653 1.13002e-34 0.0887624 -3.55666e-37 -0.000279641 -2.92997e-35 -8.78274e-05 -2.93537e-35 -0.000101615 8.13546e-05 0.00376035 0.0058565 
3.44343e-34 0.303375 0.412025 0.362825 0.212927 0.145575 1.81217e-34 -0.0161939 -0.0325575 -0.0237894 -0.00849429 -0.0043894 0.0391032 0.0416593 0.0465563 
0.347049 0.474724 0.103354 0.247182 0.2182 0.396597 -0.082021 -0.111923 0.00158148 -0.0571668 -0.0423456 -0.0934599 -0.00182073 -0.0247293 -0.0294493 
1.15299e-34 0.152737 0.0814536 0.116176 0.0435292 0.0720617 -5.39159e-34 -0.0151728 -0.0109817 -0.013324 -0.00297105 -0.00456865 0.107847 0.104858 0.104727 
1.1897e-34 2.79215e-34 0.181927 0.0961606 0.0959486 1.00928e-34 -3.56195e-37 2.87837e-35 -0.000314847 -9.9358e-05 -0.000113863 2.87498e-35 -7.9912e-05 0.00594978 0.00371202 
0.361515 0.217948 0.163116 0.191892 0.272911 0.295655 -0.00115367 -0.00180644 1.73387e-06 -0.000699904 -0.000413148 -0.00221705 0.0763472 0.0832894 0.07608 
0.304807 0.103498 0.279784 0.189526 0.29154 0.197814 -0.105647 -0.0605793 -0.0936786 -0.0788783 -0.100193 -0.0835628 0.0669467 0.0668118 0.0810852 
1.81314e-34 0.19647 0.151847 0.174969 0.0791368 0.105272 2.10462e-34 0.00198013 0.000827605 0.00133787 0.00024758 0.000520285 0.0428031 0.0452833 0.0399826 
2.05141e-34 0.163116 0.217948 0.191892 0.117576 0.0854774 -3.93937e-34 1.73387e-06 -0.00180644 -0.000699904 -0.000326432 -6.19248e-05 0.0796999 0.07608 0.0832894 
1.93062e-34 0.160756 0.199208 0.182062 0.108873 0.0833769 -4.68724e-34 -0.00239449 -0.00703159 -0.00441374 -0.00182768 -0.000789812 0.0944503 0.0903669 0.0967408 
1.76252e-34 0.138039 0.19647 0.167622 0.103883 0.0724613 2.37706e-34 0.00129856 0.00198013 0.00166703 0.000593208 0.000348586 0.0483321 0.0506369 0.0452833 
1.719e-34 0.199208 0.123622 0.161628 0.0665582 0.103712 -5.02247e-34 -0.00703159 -0.00540308 -0.0064433 -0.00144382 -0.0022378 0.101086 0.0967408 0.102497 
2.03162e-34 0.162906 0.218603 0.191347 0.116435 0.0856798 -3.2159e-34 0.000955504 0.00117487 0.00108798 0.000355324 0.000246053 0.0652199 0.0619965 0.0689415 
1.53679e-34 0.168157 0.12824 0.148756 0.0656643 0.0887417 3.05552e-34 0.00256668 0.00149352 0.00198799 0.000421577 0.000745728 0.062136 0.06358 0.0598137 
1.47804e-34 0.118729 0.168157 0.143367 0.0869033 0.06153 3.23156e-34 0.00123401 0.00256668 0.00181731 0.000707622 0.00037624 0.0657378 0.0670584 0.06358 
1.33474e-34 0.155143 0.112485 0.133484 0.0566405 0.078212 3.56989e-34 0.00033148 0.000689286 0.000504075 0.000216817 0.000276193 0.0727386 0.0732936 0.0719505 
1.31839e-34 0.112099 0.155143 0.133638 0.0778432 0.0556139 3.60057e-34 -0.000379274 0.00033148 -0.000189382 0.000120929 2.34625e-05 0.0734104 0.0734955 0.0732936 
1.48255e-34 0.192196 0.122777 0.155081 0.0609483 0.0899143 3.31967e-34 -0.00741382 -0.00230948 -0.0045753 -0.000611107 -0.00154286 0.0680691 0.0675653 0.0704246 
2.04476e-34 0.218603 0.163116 0.191825 0.0855295 0.117203 -3.56966e-34 0.00117487 1.73387e-06 0.000495819 1.40922e-05 0.000230878 0.0723262 0.0689415 0.07608 
1.61154e-34 0.149464 0.192196 0.171734 0.0948373 0.0697854 3.09055e-34 -0.00560113 -0.00741382 -0.00677549 -0.00198536 -0.00130943 0.063562 0.0623618 0.0675653 
1.83281e-34 0.144643 0.201877 0.173465 0.106508 0.0755481 -1.95173e-34 0.00059131 0.00153136 0.00100964 0.000391654 0.000172023 0.0396176 0.0368328 0.0428503 
1.88394e-34 0.201877 0.153383 0.178303 0.079517 0.1076 -2.24711e-34 0.00153136 0.00101088 0.00129578 0.000265513 0.000444067 0.0456228 0.0428503 0.0490075 
0.202371 0.467672 0.279784 0.379665 0.238766 0.334765 -0.0675227 -0.114381 -0.0936786 -0.10736 -0.0809123 -0.094658 0.0911745 0.0862418 0.0810852 
0.498998 0.497862 0.467002 0.486982 0.494677 0.500092 0.00398996 0.00223449 0.00308005 0.00270756 0.00372746 0.00311336 0.0273072 0.0241349 0.0274432 
1.1897e-34 0.181927 0.245686 0.214723 0.132999 0.0959486 -3.56195e-37 -0.000314847 -0.000554995 -0.000438438 -0.000196026 -0.000113863 -7.9912e-05 0.00371202 -5.10394e-05 
0.00241759 0.253023 0.058439 0.146467 0.0286424 0.107855 -0.0269816 -0.0864413 -0.0227103 -0.0545702 -0.0249534 -0.0525676 0.0325258 0.0289927 0.0155349 
1.16608e-34 0.244091 0.168628 0.207546 0.0887624 0.132298 -3.55666e-37 -0.000554885 -0.000279641 -0.000419756 -0.000101615 -0.000195612 8.13546e-05 5.05953e-05 0.00376035 
0.352385 0.476875 0.433421 0.457924 0.396489 0.427903 0.000394316 0.0017519 0.00283143 0.00236585 0.00139931 0.00102785 0.0222189 0.0231801 0.0274488 
3.32471e-34 0.412025 0.316738 0.362716 0.158452 0.193634 2.08952e-34 -0.0325575 -0.0218367 -0.0268331 -0.00583497 -0.00774062 0.0451053 0.0465563 0.0500455 
0.202371 0.0935086 0.294985 0.185494 0.250224 0.141337 -0.0675227 -0.0246904 -0.071781 -0.0493255 -0.0707252 -0.0456688 0.0911745 0.0998059 0.098038 
0.214928 0.294985 0.0935086 0.185494 0.15265 0.252966 -0.040322 -0.071781 -0.0246904 -0.0493255 -0.0337058 -0.0559493 0.103286 0.098038 0.0998059 
0.595213 0.67088 0.51703 0.609137 0.562461 0.633883 -0.13565 -0.142961 -0.139695 -0.146133 -0.140272 -0.140023 0.0748588 0.0648289 0.0628644 
2.98065e-34 1.85038e-34 0.184338 0.0972473 0.0973827 9.15403e-35 -1.38571e-34 -1.11761e-34 0.000140679 2.47831e-05 6.83133e-05 -2.50882e-34 0.028173 0.0226343 0.024286 
0.499484 0.497862 0.476875 0.497351 0.492297 0.499927 0.000301623 0.00223449 0.0017519 0.00211717 0.00103856 0.00119043 0.0191726 0.0241349 0.0231801 
0.498998 0.476875 0.497862 0.497351 0.500092 0.491376 0.00398996 0.0017519 0.00223449 0.00211717 0.00311336 0.0028122 0.0273072 0.0231801 0.0241349 
0.489233 0.490327 0.499975 0.497809 0.49705 0.499986 -0.00198027 -0.00197563 -0.00211711 -0.00206163 -0.00206637 -0.00203581 2.78655e-05 -2.63892e-05 0.00381306 
0.214928 0.0935086 0.0814536 0.0889931 0.144061 0.15265 -0.040322 -0.0246904 -0.0109817 -0.0170886 -0.0250213 -0.0337058 0.103286 0.0998059 0.104727 
6.80341e-35 0.0814536 0.0935086 0.0889931 0.0408782 0.0338788 -5.28047e-34 -0.0109817 -0.0246904 -0.0170886 -0.00725834 -0.00341817 0.105072 0.104727 0.0998059 
0.359981 0.474274 0.430306 0.455054 0.39824 0.428595 0.000289043 0.000810626 -0.000548609 1.12494e-05 -9.67246e-05 0.000584939 0.0230239 0.0216055 0.0175462 
7.4077e-34 0.774588 0.624591 0.704255 0.350018 0.456192 -1.21714e-33 -0.00165024 -0.000628375 -0.000986203 -0.00023034 -0.000467345 0.255473 0.23369 0.270204 
0.998657 0.774588 0.996998 0.929885 0.997855 0.934736 -0.00142014 -0.00165024 -0.00271139 -0.00240663 -0.00209112 -0.00180669 0.269668 0.23369 0.233154 
0.989588 0.996998 0.774588 0.929885 0.916586 0.993859 -0.00465569 -0.00271139 -0.00165024 -0.00240663 -0.0031344 -0.00345824 0.198367 0.233154 0.23369 
0.497142 0.294985 0.412491 0.358153 0.45468 0.402253 -0.0965495 -0.071781 -0.0722528 -0.0737041 -0.0848541 -0.087868 0.0932819 0.098038 0.0989866 
0.214928 0.412491 0.294985 0.358153 0.252966 0.314538 -0.040322 -0.0722528 -0.071781 -0.0737041 -0.0559493 -0.0586234 0.103286 0.0989866 0.098038 
1.09003e-33 1.03869e-34 0.103354 0.00943491 0.083725 3.74742e-34 1.02655e-35 9.05736e-35 0.00158148 0.0389913 -0.00416184 9.90649e-35 -0.0715071 -0.0238916 -0.0294493 
0.345906 0.383666 0.211753 0.306672 0.284508 0.365292 0.00564848 0.0067178 0.00192993 0.00414047 0.00369421 0.00633217 0.0500061 0.0568474 0.0556487 
0.361515 0.388474 0.217948 0.312077 0.295655 0.376181 -0.00115367 -0.00790817 -0.00180644 -0.00482594 -0.00221705 -0.00407239 0.0763472 0.0833071 0.0832894 
0.347049 0.728339 0.774526 0.7486 0.574531 0.56332 -0.082021 -0.144867 -0.134574 -0.140094 -0.122448 -0.123957 -0.00182073 0.0152485 0.00637578 
6.80341e-35 1.15299e-34 0.0814536 0.0435292 0.0338788 5.37517e-35 -5.28047e-34 -5.39159e-34 -0.0109817 -0.00297105 -0.00341817 -1.05253e-33 0.105072 0.107847 0.104727 
0.989588 0.644922 0.834582 0.748323 0.935504 0.878696 -0.00465569 -0.00217682 -0.00640823 -0.00367778 -0.00594651 -0.0039955 0.198367 0.191295 0.157503 
0.335139 0.349532 0.163483 0.258005 0.245689 0.342094 -0.018005 -0.0143299 -0.00238277 -0.00719131 -0.00805223 -0.0164276 0.0729354 0.075066 0.0729011 
0.284113 0.316043 0.158848 0.240369 0.222073 0.30014 0.00176767 0.00437644 0.00181892 0.00331577 0.00233771 0.00296201 0.0720646 0.0695506 0.0696866 
0.300407 0.337529 0.181243 0.265318 0.244624 0.319307 0.00757179 0.00877792 0.00265017 0.00564055 0.00505497 0.00827212 0.0588944 0.0540616 0.0551534 
1.82571e-34 0.151847 0.202911 0.17784 0.108094 0.0798603 1.81499e-34 0.000827605 0.000934553 0.000916118 0.000273806 0.000204235 0.0369493 0.0399826 0.0348952 
1.82571e-34 1.81314e-34 0.151847 0.0791368 0.0798603 1.29054e-34 1.81499e-34 2.10462e-34 0.000827605 0.00024758 0.000204235 3.90986e-34 0.0369493 0.0428031 0.0399826 
0.303262 0.202911 0.151847 0.17784 0.233196 0.25632 0.00353009 0.000934553 0.000827605 0.000916118 0.00203754 0.0020306 0.0397454 0.0348952 0.0399826 
1.93062e-34 2.01897e-34 0.160756 0.0855631 0.0833769 1.42838e-34 -4.68724e-34 -4.31662e-34 -0.00239449 -0.000570583 -0.000789812 -8.97214e-34 0.0944503 0.0872235 0.0903669 
5.58576e-34 6.38896e-34 0.400938 0.215936 0.202884 4.11137e-34 1.89794e-34 2.7143e-34 -0.0163328 -0.00514347 -0.00427458 4.89842e-34 0.0421808 0.0585367 0.0527297 
3.44343e-34 4.85117e-34 0.303375 0.160344 0.145575 2.65208e-34 1.81217e-34 1.73012e-34 -0.0161939 -0.00530308 -0.0043894 3.80231e-34 0.0391032 0.0390617 0.0416593 
2.03162e-34 1.9765e-34 0.162906 0.0847808 0.0856798 1.46881e-34 -3.2159e-34 -2.87752e-34 0.000955504 0.00028173 0.000246053 -6.10466e-34 0.0652199 0.0584064 0.0619965 
1.62579e-34 1.53679e-34 0.12824 0.0656643 0.0670846 1.17166e-34 2.85507e-34 3.05552e-34 0.00149352 0.000421577 0.000413123 5.89241e-34 0.0580464 0.062136 0.0598137 
1.76252e-34 1.66078e-34 0.138039 0.0712476 0.0724613 1.27616e-34 2.37706e-34 2.62748e-34 0.00129856 0.000370698 0.000348586 4.98886e-34 0.0483321 0.0534209 0.0506369 
1.38319e-34 1.33474e-34 0.112485 0.0566405 0.0573218 9.83602e-35 3.49567e-34 3.56989e-34 0.000689286 0.000216817 0.000235321 7.05887e-34 0.0711831 0.0727386 0.0719505 
1.47804e-34 1.40587e-34 0.118729 0.0603351 0.06153 1.06775e-34 3.23156e-34 3.37804e-34 0.00123401 0.000356594 0.00037624 6.59509e-34 0.0657378 0.0687566 0.0670584 
1.38279e-34 1.48255e-34 0.122777 0.0609483 0.0588262 9.77101e-35 3.48237e-34 3.31967e-34 -0.00230948 -0.000611107 -0.00047982 6.83565e-34 0.0712051 0.0680691 0.0704246 
1.31839e-34 1.32372e-34 0.112099 0.0559004 0.0556139 9.38934e-35 3.60057e-34 3.5718e-34 -0.000379274 -4.16435e-05 2.34625e-05 7.18037e-34 0.0734104 0.0729156 0.0734955 
0.89441 0.774526 0.728339 0.7486 0.837855 0.862407 -0.128145 -0.134574 -0.144867 -0.140094 -0.143404 -0.137232 0.0271325 0.00637578 0.0152485 
1.83281e-34 1.72187e-34 0.144643 0.0749888 0.0755481 1.38543e-34 -1.95173e-34 -1.6672e-34 0.00059131 0.000146224 0.000172023 -3.62597e-34 0.0396176 0.0338132 0.0368328 
1.94258e-34 1.88394e-34 0.153383 0.079517 0.0804564 1.41867e-34 -2.55501e-34 -2.24711e-34 0.00101088 0.000265513 0.000276782 -4.81471e-34 0.0518759 0.0456228 0.0490075 
1.61154e-34 1.79325e-34 0.149464 0.0750016 0.0697854 1.21636e-34 3.09055e-34 2.81707e-34 -0.00560113 -0.00155295 -0.00130943 5.97683e-34 0.063562 0.0582157 0.0623618 
2.05141e-34 2.04476e-34 0.163116 0.0855295 0.0854774 1.54125e-34 -3.93937e-34 -3.56966e-34 1.73387e-06 1.40922e-05 -6.19248e-05 -7.50811e-34 0.0796999 0.0723262 0.07608 
1.43927e-34 1.719e-34 0.123622 0.0665582 0.0612627 1.2288e-34 -5.27623e-34 -5.02247e-34 -0.00540308 -0.00144382 -0.00167986 -1.02258e-33 0.105828 0.101086 0.102497 
0.546807 0.605595 0.598202 0.605816 0.584488 0.576611 -0.0586766 -0.0864632 -0.0879599 -0.0880822 -0.0740184 -0.0718837 0.0788804 0.0777203 0.0842797 
0.88026 0.774526 0.928767 0.896337 0.929267 0.826384 -0.11256 -0.134574 -0.106885 -0.127623 -0.116659 -0.127189 0.00335131 0.00637578 0.030224 
-2.4753e-35 -3.67005e-35 -0.0120284 -0.003021 -0.00307643 -4.84869e-35 6.22171e-35 1.91649e-35 0.0314225 0.0143358 0.0232557 3.2772e-35 0.00398987 0.00785604 0.00307751 
0.999387 0.999421 0.834582 0.953625 0.962453 0.999785 -0.0149306 -0.00840086 -0.00640823 -0.00816598 -0.0112141 -0.0108876 0.130633 0.165617 0.157503 
0.989588 0.834582 0.999421 0.953625 0.996158 0.935504 -0.00465569 -0.00640823 -0.00840086 -0.00816598 -0.00659683 -0.00594651 0.198367 0.157503 0.165617 
-4.08816e-34 0.437596 0.75 0.609435 0.4375 0.234401 -8.26675e-34 -8.47428e-05 -4.0855e-37 -7.82072e-05 -1.63819e-37 -2.44189e-05 0.347194 0.324347 0.347259 
0.276262 0.307003 0.152737 0.229396 0.214807 0.292125 -0.0249571 -0.0412231 -0.0151728 -0.0285199 -0.0212266 -0.0327097 0.101054 0.10216 0.104858 
1.79325e-34 0.246635 0.149464 0.195358 0.0750016 0.116396 2.81707e-34 -0.0146785 -0.00560113 -0.0095255 -0.00155295 -0.00358814 0.0582157 0.0594543 0.0623618 
0.374921 0.149464 0.246635 0.195358 0.314967 0.26235 -0.0313717 -0.00560113 -0.0146785 -0.0095255 -0.0232657 -0.0161058 0.0652058 0.0623618 0.0594543 
0.89441 0.928767 0.774526 0.896337 0.862407 0.914484 -0.128145 -0.106885 -0.134574 -0.127623 -0.137232 -0.117928 0.0271325 0.030224 0.00637578 
0.593506 0.598202 0.605595 0.605816 0.617003 0.60024 -0.108307 -0.0879599 -0.0864632 -0.0880822 -0.100067 -0.0985776 0.0847628 0.0842797 0.0777203 
0.307834 0.144643 0.195185 0.170447 0.254064 0.232024 0.00300796 0.00059131 0.000762425 0.000697352 0.00169409 0.00162732 0.0373425 0.0368328 0.0323742 
1.72187e-34 0.195185 0.144643 0.170447 0.0749888 0.103467 -1.6672e-34 0.000762425 0.00059131 0.000697352 0.000146224 0.000215922 0.0338132 0.0323742 0.0368328 
-0.0724484 -0.0494949 -0.0495476 -0.0554343 -0.0667208 -0.062285 0.0103133 0.0358576 0.0166461 0.0280309 0.0158938 0.0226267 0.0166642 0.00573645 0.00847411 
0.88026 0.474724 0.774526 0.646808 0.826384 0.722995 -0.11256 -0.111923 -0.134574 -0.127722 -0.127189 -0.119565 0.00335131 -0.0247293 0.00637578 
-1.03428e-34 -0.0631088 -0.0746695 -0.0705892 -0.0534629 -0.0516596 -2.13285e-34 -0.0078854 -0.00117584 -0.0045346 -0.000350044 -0.00175761 0.0429053 0.0473839 0.0324456 
1.09003e-33 0.103354 0.474724 0.247182 0.284465 0.083725 1.02655e-35 0.00158148 -0.111923 -0.0571668 -0.0797206 -0.00416184 -0.0715071 -0.0294493 -0.0247293 
0.0177039 -0.0286522 0.103498 0.0213995 0.0585043 -0.0123546 -0.0385291 -0.01776 -0.0605793 -0.0369938 -0.0498435 -0.0279677 0.0520143 0.0655019 0.0668118 
0.29136 0.181243 0.337529 0.265318 0.315302 0.2385 0.00584092 0.00265017 0.00877792 0.00564055 0.00734618 0.00432957 0.0501483 0.0551534 0.0540616 
0.06135 0.103498 -0.0286522 0.0213995 0.00886895 0.0798401 -0.0421654 -0.0605793 -0.01776 -0.0369938 -0.0291568 -0.0514714 0.0788622 0.0668118 0.0655019 
0.263224 0.158848 0.316043 0.240369 0.289574 0.212227 0.00504698 0.00181892 0.00437644 0.00331577 0.00501576 0.00322594 0.0667759 0.0696866 0.0695506 
0.269087 0.163483 0.349532 0.258005 0.307998 0.217868 -0.00426331 -0.00238277 -0.0143299 -0.00719131 -0.00843769 -0.0036835 0.0742616 0.0729011 0.075066 
0.323888 0.217948 0.388474 0.312077 0.358084 0.275664 -0.0104107 -0.00180644 -0.00790817 -0.00482594 -0.00943075 -0.00524491 0.0895521 0.0832894 0.0833071 
0.332387 0.211753 0.383666 0.306672 0.359463 0.275463 0.00411698 0.00192993 0.0067178 0.00414047 0.00545113 0.00310983 0.0623134 0.0556487 0.0568474 
0.442422 0.448695 0.49253 0.474097 0.471053 0.445314 0.0129765 0.0107884 0.0125802 0.0118677 0.0131203 0.0121367 0.059635 0.0639015 0.0615182 
0.438665 0.412491 0.307003 0.359005 0.374716 0.426521 -0.0621711 -0.0722528 -0.0412231 -0.0570033 -0.053124 -0.0672798 0.0981249 0.0989866 0.10216 
0.507984 0.49253 0.448695 0.474097 0.48667 0.501305 0.00908582 0.0125802 0.0107884 0.0118677 0.0104575 0.0110377 0.0653648 0.0615182 0.0639015 
0.627973 0.634312 0.605595 0.628055 0.616647 0.64459 -0.0954582 -0.11579 -0.0864632 -0.101852 -0.0913206 -0.108141 0.0708815 0.0783009 0.0777203 
1.91289e-34 0.195445 0.201898 0.198713 0.107592 0.103941 1.20525e-34 0.000174228 -3.98837e-05 6.42696e-05 -1.92959e-07 2.83606e-05 0.0245839 0.0260403 0.0219212 
0.452512 0.473993 0.515953 0.498985 0.489201 0.462612 -0.00558455 -0.0151944 -0.0156941 -0.0156114 -0.0103114 -0.00989523 0.0748648 0.0776278 0.0786822 
0.593506 0.605595 0.634312 0.628055 0.614813 0.617003 -0.108307 -0.0864632 -0.11579 -0.101852 -0.112619 -0.100067 0.0847628 0.0777203 0.0783009 
0.536335 0.515953 0.473993 0.498985 0.517374 0.528226 -0.0286345 -0.0156941 -0.0151944 -0.0156114 -0.0220203 -0.0219528 0.083255 0.0786822 0.0776278 
1.85038e-34 0.201598 0.184338 0.192999 0.0972473 0.107092 -1.11761e-34 -3.59162e-05 0.000140679 5.87785e-05 2.47831e-05 1.32048e-06 0.0226343 0.0206929 0.024286 
0.500653 0.492699 0.495541 0.500301 0.498963 0.499013 0.00902737 0.00601279 0.00650995 0.00644275 0.00780571 0.00754769 0.036205 0.0313047 0.0322476 
0.449709 0.462128 0.493572 0.480944 0.476393 0.456191 0.00823861 0.0115452 0.0110836 0.0114965 0.00982225 0.00992667 0.0386179 0.0440576 0.0402924 
0.501313 0.493572 0.462128 0.480944 0.48908 0.498391 0.0129699 0.0110836 0.0115452 0.0114965 0.0126919 0.0121408 0.0438539 0.0402924 0.0440576 
0.88026 0.928767 0.964389 0.947721 0.95157 0.929267 -0.11256 -0.106885 -0.08352 -0.0977836 -0.102713 -0.116659 0.00335131 0.030224 0.039063 
0.501313 0.501566 0.476136 0.492582 0.497495 0.502362 0.0129699 0.0136467 0.0107458 0.0123603 0.0122061 0.0134698 0.0438539 0.0474228 0.0435658 
0.475055 0.476136 0.501566 0.492582 0.492622 0.475567 0.0117279 0.0107458 0.0136467 0.0123603 0.0129197 0.011364 0.0491945 0.0435658 0.0474228 
0.316763 0.202911 0.357098 0.287276 0.337854 0.263216 0.00134772 0.000934553 0.0034571 0.00209119 0.00229307 0.00127287 0.0298215 0.0348952 0.0348873 
0.303262 0.357098 0.202911 0.287276 0.25632 0.331246 0.00353009 0.0034571 0.000934553 0.00209119 0.0020306 0.00359176 0.0397454 0.0348873 0.0348952 
0.645865 0.845212 0.770013 0.809259 0.721135 0.768652 -0.067883 -0.117546 -0.108487 -0.114209 -0.0885367 -0.0947321 0.042966 0.0368048 0.0438191 
0.322889 0.622346 0.728339 0.673277 0.523206 0.478237 -0.0844571 -0.14293 -0.144867 -0.14419 -0.12378 -0.120076 0.0100259 0.0215567 0.0152485 
0.507984 0.514395 0.49556 0.508299 0.511018 0.512429 0.00908582 0.00392724 0.00564097 0.00490411 0.00735796 0.00674461 0.0653648 0.0693749 0.0673814 
0.491349 0.49556 0.514395 0.508299 0.508059 0.49387 -0.000490768 0.00564097 0.00392724 0.00490411 0.00178688 0.00277304 0.0731419 0.0673814 0.0693749 
0.820196 0.770013 0.845212 0.809259 0.847675 0.823145 -0.1476 -0.108487 -0.117546 -0.114209 -0.135777 -0.132281 0.0322762 0.0438191 0.0368048 
0.347049 0.774526 0.474724 0.646808 0.396597 0.574531 -0.082021 -0.134574 -0.111923 -0.127722 -0.0934599 -0.122448 -0.00182073 0.00637578 -0.0247293 
0.536335 0.543176 0.500707 0.52656 0.53002 0.54065 -0.0286345 -0.0421015 -0.0349772 -0.0392071 -0.0332199 -0.0350551 0.083255 0.0868174 0.0895868 
0.820196 0.728339 0.622346 0.673277 0.74714 0.79049 -0.1476 -0.144867 -0.14293 -0.14419 -0.152455 -0.15002 0.0322762 0.0152485 0.0215567 
0.484314 0.504077 0.246635 0.380703 0.36093 0.49541 -0.0510227 -0.0573087 -0.0146785 -0.0334019 -0.0298852 -0.0547148 0.056655 0.0625769 0.0594543 
0.467386 0.500707 0.543176 0.52656 0.519325 0.486658 -0.0499544 -0.0349772 -0.0421015 -0.0392071 -0.0478832 -0.042424 0.0954857 0.0895868 0.0868174 
0.805713 0.964389 0.928767 0.947721 0.893986 0.908475 -0.0617809 -0.08352 -0.106885 -0.0977836 -0.0846825 -0.0747686 0.0466919 0.039063 0.030224 
0.270469 0.50323 0.253023 0.378071 0.262758 0.382173 -0.0993136 -0.138502 -0.0864413 -0.115601 -0.0945771 -0.120059 0.0495663 0.0392676 0.0289927 
0.540849 0.253023 0.50323 0.378071 0.521568 0.390918 -0.139183 -0.0864413 -0.138502 -0.115601 -0.139185 -0.114784 0.02975 0.0289927 0.0392676 
0.286852 0.342769 0.195185 0.274781 0.243094 0.315596 0.00102456 0.0025708 0.000762425 0.00161012 0.00097821 0.00171274 0.0277777 0.031879 0.0323742 
-0.0353703 -0.0495476 -0.0494949 -0.0554343 -0.0444243 -0.0442641 0.037775 0.0166461 0.0358576 0.0280309 0.0391216 0.0274488 0.00490816 0.00847411 0.00573645 
0.374921 0.246635 0.504077 0.380703 0.438345 0.314967 -0.0313717 -0.0146785 -0.0573087 -0.0334019 -0.0432405 -0.0232657 0.0652058 0.0594543 0.0625769 
0.307834 0.195185 0.342769 0.274781 0.325703 0.254064 0.00300796 0.000762425 0.0025708 0.00161012 0.00286449 0.00169409 0.0373425 0.0323742 0.031879 
0.467002 0.497862 0.474274 0.489302 0.470858 0.486982 0.00308005 0.00223449 0.000810626 0.00148646 0.00187795 0.00270756 0.0274432 0.0241349 0.0216055 
0.625154 0.51703 0.67088 0.609137 0.654529 0.570873 -0.152305 -0.139695 -0.142961 -0.146133 -0.149799 -0.146678 0.0528997 0.0628644 0.0648289 
0.572018 0.535897 0.561527 0.563367 0.573487 0.554438 -0.0804219 -0.0678885 -0.056081 -0.0641235 -0.0683284 -0.0744152 0.088922 0.0923255 0.0843929 
0.522895 0.51982 0.499693 0.517933 0.513215 0.52304 -0.011671 -0.00707808 -0.00227508 -0.00491643 -0.00662477 -0.00933899 0.0777823 0.0764152 0.0734428 
0.50463 0.504445 0.489285 0.503566 0.498147 0.506572 0.0138018 0.0139134 0.0150085 0.0147696 0.0146727 0.0140518 0.0584589 0.0549045 0.0548559 
0.499484 0.474274 0.497862 0.489302 0.499927 0.495361 0.000301623 0.000810626 0.00223449 0.00148646 0.00119043 0.000585354 0.0191726 0.0216055 0.0241349 
0.498998 0.495541 0.492699 0.500301 0.496516 0.499965 0.00398996 0.00650995 0.00601279 0.00644275 0.00502153 0.00527505 0.0273072 0.0322476 0.0313047 
0.502658 0.489285 0.504445 0.503566 0.504941 0.49788 0.0148492 0.0150085 0.0139134 0.0147696 0.0145603 0.0150812 0.0512767 0.0548559 0.0549045 
0.513964 0.499693 0.51982 0.517933 0.519065 0.508561 0.000583567 -0.00227508 -0.00707808 -0.00491643 -0.00312435 -0.000878149 0.0718153 0.0734428 0.0764152 
0.554451 0.561527 0.535897 0.563367 0.55119 0.559516 -0.0508784 -0.056081 -0.0678885 -0.0641235 -0.0598288 -0.053778 0.0868981 0.0843929 0.0923255 
-3.67005e-35 -0.0143811 -0.0120284 -0.0144606 -0.003021 -0.0043203 1.91649e-35 0.0132935 0.0314225 0.0231585 0.0143358 0.00977446 0.00785604 0.0055486 0.00307751 
-0.0353703 -0.0120284 -0.0143811 -0.0144606 -0.0263769 -0.0243744 0.037775 0.0314225 0.0132935 0.0231585 0.025983 0.037254 0.00490816 0.00307751 0.0055486 
-2.4753e-35 -0.0120284 -0.0215512 -0.0178707 -0.00827656 -0.00307643 6.22171e-35 0.0314225 0.0589138 0.0472765 0.0500665 0.0232557 0.00398987 0.00307751 -0.00148085 
-0.0353703 -0.0215512 -0.0120284 -0.0178707 -0.0243744 -0.0293096 0.037775 0.0589138 0.0314225 0.0472765 0.037254 0.0494557 0.00490816 -0.00148085 0.00307751 
