0.547137 0.852379 1.3017e-33 0.602082 0.345724 0.711725 -0.225178 -0.0882281 -2.07442e-35 -0.117005 -0.1484 -0.173543 -0.0504393 0.00718947 -0.111578 
0.238832 0.273168 0.409257 0.345433 0.332615 0.260262 -0.0812925 -0.0438558 -0.090671 -0.0683177 -0.0931535 -0.0609762 0.145527 0.146887 0.143975 
0.499977 0.461518 0.495352 0.495875 0.498847 0.490289 9.40036e-06 2.01403e-05 1.73818e-05 1.96451e-05 1.28148e-05 1.41382e-05 0.0441179 0.0495853 0.0480267 
0.499975 0.461225 0.495459 0.495781 0.498895 0.490153 0.000254344 0.000397018 0.000379497 0.000411325 0.000313105 0.0003286 0.0676503 0.0730841 0.0715659 
0.499955 0.459692 0.498874 0.493093 0.499775 0.489451 0.00203881 0.00231375 0.0024216 0.00246691 0.00226556 0.00227439 0.0912215 0.0957598 0.0955219 
0.429464 0.416441 0.500623 0.473368 0.478152 0.424233 -0.0487658 -0.0211983 -0.033875 -0.029255 -0.0433332 -0.0329789 0.137937 0.132477 0.124071 
0.382956 0.306593 0.202058 0.257138 0.302884 0.34716 5.9513e-06 1.67329e-06 2.05226e-06 2.04623e-06 4.08104e-06 3.19846e-06 0.0440246 0.0384145 0.0440995 
0.50009 0.441342 0.492493 0.472944 0.497764 0.484252 0.00104984 0.00121253 0.00231015 0.00187639 0.00186374 0.00106106 0.10738 0.110041 0.103689 
0.867904 0.852379 0.547137 0.711725 0.749316 0.87323 -0.194294 -0.0882281 -0.225178 -0.173543 -0.22066 -0.146913 0.0154213 0.00718947 -0.0504393 
0.385405 0.202925 0.309482 0.259168 0.349782 0.304897 0.00133659 0.000442739 0.000619445 0.000574247 0.000928174 0.000889936 0.0924522 0.0929444 0.0865321 
0.50009 0.48178 0.441342 0.464553 0.484252 0.494957 0.00104984 -0.0022316 0.00121253 2.15897e-05 0.00106106 -0.000392995 0.10738 0.114317 0.110041 
0.356801 0.314698 0.466254 0.405704 0.421009 0.336427 1.9997e-07 3.81633e-07 2.27791e-07 3.31049e-07 1.87942e-07 2.55708e-07 0.0221133 0.0285781 0.0267641 
0.447018 0.466254 0.314698 0.405704 0.39089 0.457177 7.26701e-07 2.27791e-07 3.81633e-07 3.31049e-07 5.45389e-07 3.98198e-07 0.0320089 0.0267641 0.0285781 
0.499975 0.46469 0.495214 0.49645 0.49874 0.491289 0.000254344 0.000115556 0.000157135 0.000142409 0.000201938 0.000176174 0.0676503 0.0622475 0.0637399 
0.499977 0.459582 0.495067 0.495692 0.498723 0.489954 9.40036e-06 2.99772e-06 4.54371e-06 3.8983e-06 6.68005e-06 5.48671e-06 0.0441179 0.0389614 0.040203 
0.499977 0.459582 0.491733 0.478693 0.497892 0.489825 1.97089e-06 2.99772e-06 6.1668e-07 1.44974e-06 1.10019e-06 2.45123e-06 0.0363056 0.0389614 0.0317662 
0.491733 0.459582 0.440904 0.450685 0.472114 0.478693 6.1668e-07 2.99772e-06 6.59054e-07 1.59743e-06 6.54775e-07 1.44974e-06 0.0317662 0.0389614 0.032948 
0.383239 0.198029 0.307533 0.255851 0.347726 0.301435 0.000158124 4.82733e-05 5.38544e-05 5.63419e-05 9.47586e-05 0.000101944 0.068041 0.068191 0.0623788 
0.385405 0.309482 0.465757 0.403479 0.431473 0.349782 0.00133659 0.000619445 0.0012679 0.000963719 0.00133997 0.000928174 0.0924522 0.0865321 0.0860935 
0.0518131 -0.00620464 0.117749 0.0372157 0.0830001 0.00650707 -0.0812496 -0.00241315 -0.141735 -0.0746525 -0.125463 -0.0319632 0.0262309 0.0568914 0.0939388 
0.461233 0.50658 0.459421 0.48969 0.458948 0.493236 -0.0378141 -0.0571625 -0.0175332 -0.033822 -0.0262141 -0.0483201 0.114942 0.123687 0.112955 
0.48178 0.476543 0.396736 0.444455 0.447699 0.479868 -0.0022316 -0.0141112 -0.00185923 -0.00666002 -0.0022941 -0.00696809 0.114317 0.123216 0.119224 
0.500623 0.459421 0.50658 0.48969 0.503951 0.495862 -0.033875 -0.0175332 -0.0571625 -0.033822 -0.0447993 -0.0264812 0.124071 0.112955 0.123687 
0.383239 0.307533 0.46469 0.401843 0.429877 0.347726 0.000158124 5.38544e-05 0.000115556 8.6331e-05 0.00013957 9.47586e-05 0.068041 0.0623788 0.0622475 
0.382956 0.453609 0.306593 0.392692 0.34716 0.422299 5.9513e-06 2.60242e-06 1.67329e-06 2.19211e-06 3.19846e-06 4.08499e-06 0.0440246 0.0378297 0.0384145 
0.500573 0.476543 0.48178 0.479868 0.495682 0.494402 -0.00715511 -0.0141112 -0.0022316 -0.00696809 -0.00439814 -0.0104142 0.114873 0.123216 0.114317 
0.382526 0.305096 0.459582 0.396795 0.426075 0.346248 5.97547e-06 1.49726e-06 2.99772e-06 2.27717e-06 4.44642e-06 3.11602e-06 0.0444058 0.0388644 0.0389614 
0.382956 0.306319 0.461518 0.398797 0.427565 0.347038 5.9513e-06 9.9519e-06 2.01403e-05 1.51135e-05 1.11754e-05 7.87887e-06 0.0440246 0.0497736 0.0495853 
0.499955 0.465757 0.494867 0.496785 0.49856 0.491877 0.00203881 0.0012679 0.00156074 0.00147124 0.0018018 0.00165221 0.0912215 0.0860935 0.0871592 
0.38214 0.305825 0.461225 0.398372 0.427056 0.346356 0.000151164 0.000188946 0.000397018 0.000297021 0.00025258 0.000174169 0.0675916 0.0732263 0.0730841 
0.380483 0.303223 0.459692 0.396073 0.425344 0.344237 0.00130228 0.00125326 0.00231375 0.00182779 0.0018081 0.00133254 0.0903831 0.095188 0.0957598 
0.38214 0.330386 0.197256 0.268609 0.3004 0.357449 0.000151164 5.14458e-05 4.47046e-05 5.37024e-05 9.65688e-05 8.99597e-05 0.0675916 0.0609352 0.0676083 
0.382956 0.202058 0.306319 0.256986 0.347038 0.302884 5.9513e-06 2.05226e-06 9.9519e-06 4.88346e-06 7.87887e-06 4.08104e-06 0.0440246 0.0440995 0.0497736 
0.38214 0.461179 0.330386 0.407321 0.357449 0.427013 0.000151164 0.000108898 5.14458e-05 8.0336e-05 8.99597e-05 0.000133239 0.0675916 0.0618655 0.0609352 
0.380483 0.329334 0.195648 0.267262 0.298611 0.356102 0.00130228 0.000616084 0.000415493 0.000558492 0.000853131 0.00091419 0.0903831 0.0840965 0.0901965 
0.38214 0.197256 0.305825 0.254563 0.346356 0.3004 0.000151164 4.47046e-05 0.000188946 9.93065e-05 0.000174169 9.65688e-05 0.0675916 0.0676083 0.0732263 
0.379124 0.325376 0.191617 0.263101 0.295512 0.352688 -0.00209878 0.00130354 0.000217264 0.000613263 -0.000667622 0.000271101 0.107523 0.103405 0.10592 
0.380483 0.195648 0.303223 0.252405 0.344237 0.298611 0.00130228 0.000415493 0.00125326 0.000774772 0.00133254 0.000853131 0.0903831 0.0901965 0.095188 
0.442721 0.330386 0.461179 0.407321 0.452402 0.393997 4.5361e-05 5.14458e-05 0.000108898 8.0336e-05 7.08828e-05 5.12962e-05 0.0558836 0.0609352 0.0618655 
0.380483 0.460393 0.329334 0.406305 0.356102 0.425814 0.00130228 0.00120093 0.000616084 0.000927422 0.00091419 0.00130399 0.0903831 0.0851789 0.0840965 
0.442241 0.329334 0.460393 0.406305 0.451782 0.39326 0.000668482 0.000616084 0.00120093 0.000927422 0.000899016 0.000684097 0.0792885 0.0840965 0.0851789 
0.390377 0.462952 0.487422 0.476802 0.450891 0.43147 -2.3542e-09 4.43409e-09 3.53793e-09 1.00574e-08 1.68502e-09 2.30705e-10 0.0108537 0.00577621 0.0127427 
0.499976 0.487422 0.462952 0.476802 0.49072 0.496837 3.27324e-08 3.53793e-09 4.43409e-09 1.00574e-08 1.98699e-08 1.57488e-08 0.00844889 0.0127427 0.00577621 
0.379124 0.459625 0.325376 0.403979 0.352688 0.424614 -0.00209878 0.000478866 0.00130354 0.00110996 0.000271101 -0.000739223 0.107523 0.106122 0.103405 
0.439987 0.325376 0.459625 0.403979 0.45016 0.390206 0.00220675 0.00130354 0.000478866 0.00110996 0.00162746 0.00183844 0.100969 0.103405 0.106122 
0.385405 0.45509 0.306378 0.393841 0.348472 0.424228 0.00133659 0.00227411 0.00122417 0.00179859 0.0013498 0.00182071 0.0924522 0.0991064 0.0999796 
0.443849 0.331804 0.462138 0.408592 0.45343 0.395303 0.000667391 0.000251177 0.000415955 0.000340975 0.000533321 0.000439158 0.0796219 0.0748325 0.0736452 
0.383239 0.462138 0.331804 0.408592 0.358679 0.428089 0.000158124 0.000415955 0.000251177 0.000340975 0.000201926 0.000265095 0.068041 0.0736452 0.0748325 
0.443132 0.331091 0.461658 0.407953 0.452849 0.394552 4.51233e-05 1.33649e-05 2.11012e-05 1.77237e-05 3.12917e-05 2.63283e-05 0.0559564 0.0510949 0.0500235 
0.382526 0.461658 0.331091 0.407953 0.357972 0.42749 5.97547e-06 2.11012e-05 1.33649e-05 1.77237e-05 9.03892e-06 1.1579e-05 0.0444058 0.0500235 0.0510949 
0.499978 0.495352 0.461518 0.495875 0.490399 0.498809 3.22279e-05 1.73818e-05 2.01403e-05 1.96451e-05 2.63233e-05 2.38464e-05 0.0519529 0.0480267 0.0495853 
0.379124 0.304244 0.459421 0.395346 0.422379 0.343684 -0.00209878 -0.00461218 -0.0175332 -0.0107837 -0.00782624 -0.00347166 0.107523 0.108123 0.112955 
0.499978 0.495459 0.461225 0.495781 0.490241 0.498867 0.000569077 0.000379497 0.000397018 0.000411325 0.000491825 0.000467351 0.075482 0.0715659 0.0730841 
0.447018 0.453609 0.495743 0.480321 0.478192 0.450368 7.26701e-07 2.60242e-06 7.12348e-07 1.43524e-06 7.11141e-07 1.45228e-06 0.0320089 0.0378297 0.0320215 
0.500036 0.498874 0.459692 0.493093 0.489452 0.499819 0.00258301 0.0024216 0.00231375 0.00246691 0.00251458 0.00253334 0.098986 0.0955219 0.0957598 
3.51724e-34 0.215485 0.29544 0.257108 0.163957 0.115287 -8.77895e-35 -1.85198e-08 -1.44786e-08 -6.50106e-09 -1.78115e-08 -2.57253e-08 0.0177774 0.0117495 0.0170256 
0.499977 0.495743 0.453609 0.480321 0.488442 0.498936 1.97089e-06 7.12348e-07 2.60242e-06 1.43524e-06 2.31224e-06 1.19164e-06 0.0363056 0.0320215 0.0378297 
1.65484e-34 3.41611e-34 0.214831 0.114907 0.114907 5.51871e-35 5.76726e-35 8.65092e-35 7.04894e-08 4.97613e-08 4.2865e-08 1.44182e-34 0.0117652 0.0176478 0.0113209 
0.214831 3.41611e-34 0.293843 0.162934 0.255936 0.114907 7.04894e-08 8.65092e-35 1.35368e-07 8.23662e-08 1.03424e-07 4.97613e-08 0.0113209 0.0176478 0.0166745 
0.443849 0.493865 0.465757 0.482646 0.455447 0.47516 0.000667391 0.000820891 0.0012679 0.00103552 0.000916554 0.000762774 0.0796219 0.0793975 0.0860935 
0.382526 0.1977 0.305096 0.254332 0.346248 0.300834 5.97547e-06 1.83805e-06 1.49726e-06 1.86049e-06 3.11602e-06 3.91995e-06 0.0444058 0.0444419 0.0388644 
0.499967 0.465757 0.493865 0.482646 0.49858 0.491709 0.0011745 0.0012679 0.000820891 0.00103552 0.000995882 0.00126495 0.0833752 0.0860935 0.0793975 
0.499976 0.495214 0.46469 0.49645 0.491273 0.498744 9.71277e-05 0.000157135 0.000115556 0.000142409 0.00010945 0.000124024 0.059838 0.0637399 0.0622475 
0.499977 0.495067 0.459582 0.495692 0.489825 0.498768 1.97089e-06 4.54371e-06 2.99772e-06 3.8983e-06 2.45123e-06 3.0639e-06 0.0363056 0.040203 0.0389614 
0.117749 -0.00620464 0.0287475 0.00864932 0.0660533 0.0372157 -0.141735 -0.00241315 -0.0501753 -0.036172 -0.0920275 -0.0746525 0.0939388 0.0568914 0.0936182 
1.12685e-33 0.84488 0.844478 0.844805 0.514024 0.512991 1.07588e-33 -0.00166341 -0.00499523 -0.00281433 -0.00145948 -0.000921127 0.220082 0.241261 0.187902 
0.379124 0.191617 0.304244 0.249185 0.343684 0.295512 -0.00209878 0.000217264 -0.00461218 -0.00125374 -0.00347166 -0.000667622 0.107523 0.10592 0.108123 
0.306593 0.152931 0.202058 0.177963 0.257138 0.235339 1.67329e-06 5.87864e-07 2.05226e-06 1.10836e-06 2.04623e-06 1.18582e-06 0.0384145 0.0384883 0.0440995 
0.382526 0.331091 0.1977 0.269213 0.300834 0.357972 5.97547e-06 1.33649e-05 1.83805e-06 5.6054e-06 3.91995e-06 9.03892e-06 0.0444058 0.0510949 0.0444419 
0.499975 0.466963 0.461225 0.464157 0.490153 0.491592 0.000254344 0.000213695 0.000397018 0.000290274 0.0003286 0.000241927 0.0676503 0.0674684 0.0730841 
0.499955 0.465897 0.459692 0.462839 0.489451 0.490987 0.00203881 0.00176809 0.00231375 0.00200885 0.00227439 0.00198045 0.0912215 0.0905889 0.0957598 
0.499977 0.468675 0.461518 0.465189 0.490289 0.492085 9.40036e-06 7.55396e-06 2.01403e-05 1.25897e-05 1.41382e-05 8.66434e-06 0.0441179 0.0436731 0.0495853 
0.383239 0.331804 0.198029 0.269739 0.301435 0.358679 0.000158124 0.000251177 4.82733e-05 0.000121291 0.000101944 0.000201926 0.068041 0.0748325 0.068191 
2.77776e-34 0.272707 0.215485 0.244898 0.115287 0.149621 -2.92634e-35 9.90892e-09 -1.85198e-08 -4.99928e-10 -9.5803e-09 1.75796e-08 0.00592584 0.00697932 0.0117495 
0.499967 0.494867 0.465757 0.496785 0.491709 0.498583 0.0011745 0.00156074 0.0012679 0.00147124 0.00126495 0.00135827 0.0833752 0.0871592 0.0860935 
0.447018 0.357871 0.453609 0.412272 0.450368 0.407836 7.26701e-07 9.35214e-07 2.60242e-06 1.53539e-06 1.45228e-06 8.83505e-07 0.0320089 0.0336228 0.0378297 
0.306593 0.453609 0.357871 0.412272 0.333218 0.392692 1.67329e-06 2.60242e-06 9.35214e-07 1.53539e-06 1.24645e-06 2.19211e-06 0.0384145 0.0378297 0.0336228 
0.390377 0.443059 0.29544 0.380665 0.346581 0.418856 -2.3542e-09 -2.89664e-08 -1.44786e-08 -2.69241e-08 -1.5889e-08 -1.6183e-08 0.0108537 0.0178644 0.0170256 
0.385405 0.306378 0.202925 0.257338 0.304897 0.348472 0.00133659 0.00122417 0.000442739 0.000788513 0.000889936 0.0013498 0.0924522 0.0999796 0.0929444 
0.429464 0.500623 0.4875 0.496464 0.462473 0.478152 -0.0487658 -0.033875 -0.0685301 -0.0489798 -0.059607 -0.0433332 0.137937 0.124071 0.132923 
3.51724e-34 1.6717e-34 0.215485 0.115287 0.115287 5.46109e-35 -8.77895e-35 -5.85267e-35 -1.85198e-08 -3.18416e-08 -2.57253e-08 -1.46316e-34 0.0177774 0.0118516 0.0117495 
0.117749 0.0819699 0.230313 0.147362 0.176361 0.0990443 -0.141735 -0.0512341 -0.154198 -0.101541 -0.159765 -0.0955577 0.0939388 0.125463 0.130549 
0.309482 0.202925 0.151954 0.177877 0.236641 0.259168 0.000619445 0.000442739 0.000168889 0.000262989 0.000381482 0.000574247 0.0865321 0.0929444 0.086463 
0.446358 0.492493 0.441342 0.472944 0.443953 0.474725 0.00203958 0.00231015 0.00121253 0.00187639 0.00167613 0.00224284 0.104999 0.103689 0.110041 
0.355531 0.29544 0.443059 0.380665 0.4043 0.326789 1.12787e-08 -1.44786e-08 -2.89664e-08 -2.69241e-08 -3.05255e-08 -4.65235e-09 0.0231955 0.0170256 0.0178644 
0.377293 0.386185 0.230313 0.294822 0.308736 0.378527 -0.162335 -0.270468 -0.154198 -0.213482 -0.164181 -0.218134 0.142685 0.109204 0.130549 
0.443132 0.493637 0.46469 0.482089 0.454547 0.474688 4.51233e-05 5.59248e-05 0.000115556 8.1578e-05 7.30543e-05 5.17332e-05 0.0559564 0.0558443 0.0622475 
0.443849 0.465757 0.36257 0.422755 0.407687 0.455447 0.000667391 0.0012679 0.000544069 0.000866866 0.000623613 0.000916554 0.0796219 0.0860935 0.0812543 
0.499976 0.46469 0.493637 0.482089 0.498442 0.491273 9.71277e-05 0.000115556 5.59248e-05 8.1578e-05 7.43028e-05 0.00010945 0.059838 0.0622475 0.0558443 
0.305096 0.342814 0.459582 0.410748 0.396795 0.324461 1.49726e-06 5.77944e-07 2.99772e-06 1.38053e-06 2.27717e-06 9.24229e-07 0.0388644 0.0332714 0.0389614 
0.273168 0.334282 0.409257 0.376048 0.345433 0.306005 -0.0438558 -0.0319604 -0.090671 -0.0576412 -0.0683177 -0.0382033 0.146887 0.14198 0.143975 
0.993197 0.974555 0.733303 0.896924 0.910867 0.988015 -0.0450943 -0.0854711 -0.0421872 -0.0656617 -0.0517008 -0.066649 0.0994378 0.0722095 0.0990742 
0.306319 0.359607 0.461518 0.418533 0.398797 0.334034 9.9519e-06 2.57894e-05 2.01403e-05 2.38454e-05 1.51135e-05 1.63085e-05 0.0497736 0.054639 0.0495853 
0.440904 0.459582 0.342814 0.410748 0.397741 0.450685 6.59054e-07 2.99772e-06 5.77944e-07 1.38053e-06 6.45061e-07 1.59743e-06 0.032948 0.0389614 0.0332714 
0.309482 0.36257 0.465757 0.422755 0.403479 0.337097 0.000619445 0.000544069 0.0012679 0.000866866 0.000963719 0.000595459 0.0865321 0.0812543 0.0860935 
0.305825 0.359028 0.461225 0.418094 0.398372 0.33351 0.000188946 0.00040362 0.000397018 0.000415741 0.000297021 0.000282707 0.0732263 0.0780183 0.0730841 
0.303223 0.355854 0.459692 0.415704 0.396073 0.330559 0.00125326 0.00174928 0.00231375 0.00207339 0.00182779 0.00155031 0.095188 0.0992831 0.0957598 
0.404395 0.38002 0.273378 0.330903 0.345847 0.392553 9.94674e-08 4.20801e-08 4.80193e-08 5.29532e-08 8.11171e-08 7.92611e-08 0.0109419 0.00412681 0.00695265 
0.442721 0.461518 0.359607 0.418533 0.405746 0.452587 4.5361e-05 2.01403e-05 2.57894e-05 2.38454e-05 3.5286e-05 3.06273e-05 0.0558836 0.0495853 0.054639 
0.442241 0.461225 0.359028 0.418094 0.405201 0.452221 0.000668482 0.000397018 0.00040362 0.000415741 0.000536296 0.000525681 0.0792885 0.0730841 0.0780183 
0.439987 0.459692 0.355854 0.415704 0.40242 0.450329 0.00220675 0.00231375 0.00174928 0.00207339 0.00204767 0.0024547 0.100969 0.0957598 0.0992831 
0.307533 0.198029 0.149424 0.174171 0.234363 0.255851 5.38544e-05 4.82733e-05 1.39868e-05 2.51984e-05 3.26224e-05 5.63419e-05 0.0623788 0.068191 0.062235 
0.390377 0.272707 0.380084 0.330651 0.385288 0.336847 -2.3542e-09 9.90892e-09 -7.38067e-09 2.48917e-11 3.764e-09 1.5736e-10 0.0108537 0.00697932 0.00412529 
0.500623 0.416441 0.476543 0.451345 0.491623 0.473368 -0.033875 -0.0211983 -0.0141112 -0.017761 -0.0227773 -0.029255 0.124071 0.132477 0.123216 
0.49721 0.386185 0.377293 0.378527 0.435465 0.456852 -0.211448 -0.270468 -0.162335 -0.218134 -0.192859 -0.251265 0.132919 0.109204 0.142685 
7.95129e-36 7.90969e-35 0.0819699 0.0388539 0.0118018 -7.1682e-35 -5.83278e-34 -7.08121e-34 -0.0512341 -0.0164099 -0.015458 -1.23833e-33 0.113725 0.138255 0.125463 
0.404395 0.46681 0.38002 0.430158 0.392553 0.439637 9.94674e-08 4.66601e-08 4.20801e-08 4.58307e-08 7.92611e-08 6.43192e-08 0.0109419 0.00544899 0.00412681 
0.390377 0.380084 0.462952 0.427434 0.43147 0.385288 -2.3542e-09 -7.38067e-09 4.43409e-09 -1.36276e-09 2.30705e-10 3.764e-09 0.0108537 0.00412529 0.00577621 
0.443132 0.46469 0.361367 0.42153 0.406731 0.454547 4.51233e-05 0.000115556 3.83744e-05 6.97765e-05 4.3024e-05 7.30543e-05 0.0559564 0.0622475 0.0573904 
0.499975 0.469822 0.46469 0.4673 0.491289 0.492563 0.000254344 0.000235877 0.000115556 0.000166614 0.000176174 0.000248942 0.0676503 0.0681975 0.0622475 
0.307533 0.361367 0.46469 0.42153 0.401843 0.33555 5.38544e-05 3.83744e-05 0.000115556 6.97765e-05 8.6331e-05 4.62188e-05 0.0623788 0.0573904 0.0622475 
0.238832 0.230313 0.0819699 0.147362 0.15886 0.238027 -0.0812925 -0.154198 -0.0512341 -0.101541 -0.0739246 -0.117573 0.145527 0.130549 0.125463 
0.429464 0.409257 0.334282 0.376048 0.385808 0.42159 -0.0487658 -0.090671 -0.0319604 -0.0576412 -0.0414002 -0.067668 0.137937 0.143975 0.14198 
1.6717e-34 2.77776e-34 0.215485 0.115287 0.115287 5.46111e-35 -5.85267e-35 -2.92634e-35 -1.85198e-08 -9.5803e-09 -3.18416e-08 -8.77901e-35 0.0118516 0.00592584 0.0117495 
0.499977 0.467631 0.459582 0.463718 0.489954 0.491959 9.40036e-06 8.5482e-06 2.99772e-06 5.04303e-06 5.48671e-06 9.10287e-06 0.0441179 0.0444406 0.0389614 
0.304244 0.366167 0.459421 0.41989 0.395346 0.334796 -0.00461218 -0.0166471 -0.0175332 -0.0185264 -0.0107837 -0.00935814 0.108123 0.110315 0.112955 
8.63423e-34 1.12685e-33 0.844478 0.514024 0.510768 -4.58817e-35 8.62191e-34 1.07588e-33 -0.00499523 -0.00145948 -0.00218106 1.94182e-33 0.176674 0.220082 0.187902 
0.461233 0.459421 0.366167 0.41989 0.419523 0.458948 -0.0378141 -0.0175332 -0.0166471 -0.0185264 -0.0263377 -0.0262141 0.114942 0.112955 0.110315 
0.306378 0.45509 0.355799 0.412552 0.332052 0.393841 0.00122417 0.00227411 0.00163398 0.00197638 0.00146048 0.00179859 0.0999796 0.0991064 0.105198 
0.238832 0.141595 0.273168 0.209016 0.260262 0.196846 -0.0812925 -0.0175111 -0.0438558 -0.0316654 -0.0609762 -0.0447905 0.145527 0.146545 0.146887 
0.325376 0.141275 0.191617 0.166553 0.263101 0.241085 0.00130354 0.000434061 0.000217264 0.000307228 0.000613263 0.000942658 0.103405 0.103222 0.10592 
0.329334 0.145274 0.195648 0.170999 0.267262 0.245576 0.000616084 0.000154284 0.000415493 0.000235505 0.000558492 0.000384952 0.0840965 0.0847922 0.0901965 
0.330386 0.146075 0.197256 0.172173 0.268609 0.246607 5.14458e-05 1.30424e-05 4.47046e-05 2.2829e-05 5.37024e-05 3.23778e-05 0.0609352 0.0617533 0.0676083 
0.303223 0.195648 0.143727 0.170178 0.229213 0.252405 0.00125326 0.000415493 0.000349385 0.000382501 0.000788055 0.000774772 0.095188 0.0901965 0.0951954 
0.305825 0.197256 0.145859 0.172064 0.231794 0.254563 0.000188946 4.47046e-05 5.03246e-05 4.80083e-05 0.000116579 9.93065e-05 0.0732263 0.0676083 0.0734271 
0.306319 0.202058 0.146115 0.174688 0.232207 0.256986 9.9519e-06 2.05226e-06 2.80444e-06 2.49079e-06 6.33481e-06 4.88346e-06 0.0497736 0.0440995 0.0500027 
0.707592 0.993197 0.733303 0.910867 0.725684 0.907811 -0.0167049 -0.0450943 -0.0421872 -0.0517008 -0.0261458 -0.0303744 0.1257 0.0994378 0.0990742 
0.439987 0.459625 0.492783 0.479511 0.472702 0.45016 0.00220675 0.000478866 0.00242043 0.00172095 0.0023431 0.00162746 0.100969 0.106122 0.10226 
0.442241 0.460393 0.493528 0.480496 0.474276 0.451782 0.000668482 0.00120093 0.000817291 0.00100795 0.000757025 0.000899016 0.0792885 0.0851789 0.0793734 
0.50009 0.492783 0.459625 0.479511 0.491093 0.498689 0.00104984 0.00242043 0.000478866 0.00172095 0.00075656 0.00200769 0.10738 0.10226 0.106122 
0.442721 0.461179 0.493707 0.480913 0.474621 0.452402 4.5361e-05 0.000108898 5.5967e-05 7.93388e-05 5.15397e-05 7.08828e-05 0.0558836 0.0618655 0.0558835 
0.499967 0.493528 0.460393 0.480496 0.489764 0.49824 0.0011745 0.000817291 0.00120093 0.00100795 0.0012258 0.000993016 0.0833752 0.0793734 0.0851789 
0.499976 0.493707 0.461179 0.480913 0.490155 0.498361 9.71277e-05 5.5967e-05 0.000108898 7.93388e-05 0.000106182 7.44543e-05 0.059838 0.0558835 0.0618655 
0.439987 0.492783 0.459692 0.479532 0.450329 0.472702 0.00220675 0.00242043 0.00231375 0.00260143 0.0024547 0.0023431 0.100969 0.10226 0.0957598 
0.442241 0.493528 0.461225 0.480784 0.452221 0.474276 0.000668482 0.000817291 0.000397018 0.000585643 0.000525681 0.000757025 0.0792885 0.0793734 0.0730841 
0.442721 0.493707 0.461518 0.481031 0.452587 0.474621 4.5361e-05 5.5967e-05 2.01403e-05 3.42535e-05 3.06273e-05 5.15397e-05 0.0558836 0.0558835 0.0495853 
0.500036 0.459692 0.492783 0.479532 0.497998 0.489452 0.00258301 0.00231375 0.00242043 0.00260143 0.00255539 0.00251458 0.098986 0.0957598 0.10226 
0.499978 0.461225 0.493528 0.480784 0.498344 0.490241 0.000569077 0.000397018 0.000817291 0.000585643 0.000686689 0.000491825 0.075482 0.0730841 0.0793734 
0.499978 0.461518 0.493707 0.481031 0.498425 0.490399 3.22279e-05 2.01403e-05 5.5967e-05 3.42535e-05 4.29817e-05 2.63233e-05 0.0519529 0.0495853 0.0558835 
-0.00853167 0.0287475 -0.00620464 0.00864932 -0.00634307 0.00484408 -0.00263539 -0.0501753 -0.00241315 -0.036172 -0.00281597 -0.0247117 0.0810966 0.0936182 0.0568914 
2.76932e-34 0.214831 0.273378 0.244945 0.150038 0.114907 2.88363e-35 7.04894e-08 4.80193e-08 5.51846e-08 9.70048e-09 1.91736e-08 0.0058826 0.0113209 0.00695265 
8.22713e-34 1.09685e-33 0.83632 0.518696 0.507045 1.29659e-34 -5.59392e-34 -2.97158e-34 -0.0260598 -0.0108146 -0.00622881 -7.91408e-34 0.115604 0.0486162 0.081762 
0.499955 0.472044 0.465757 0.468947 0.491877 0.493395 0.00203881 0.00190576 0.0012679 0.00159991 0.00165221 0.00198228 0.0912215 0.0924336 0.0860935 
0.44868 0.502048 0.343207 0.439591 0.392665 0.482946 -0.0651085 -0.0784104 -0.0238712 -0.0488132 -0.0407708 -0.0754485 0.113044 0.118802 0.109769 
0.461233 0.343207 0.502048 0.439591 0.480096 0.413546 -0.0378141 -0.0238712 -0.0784104 -0.0488132 -0.0556823 -0.0329657 0.114942 0.109769 0.118802 
0.989229 0.844478 0.84488 0.844805 0.978748 0.978768 -0.00414847 -0.00499523 -0.00166341 -0.00281433 -0.00321081 -0.00561671 0.208663 0.187902 0.241261 
0.364411 0.396736 0.476543 0.444455 0.432113 0.381606 -0.00740682 -0.00185923 -0.0141112 -0.00666002 -0.0110248 -0.0042073 0.1278 0.119224 0.123216 
0.442721 0.359607 0.330386 0.345346 0.393997 0.405746 4.5361e-05 2.57894e-05 5.14458e-05 3.65625e-05 5.12962e-05 3.5286e-05 0.0558836 0.054639 0.0609352 
0.442241 0.359028 0.329334 0.344564 0.39326 0.405201 0.000668482 0.00040362 0.000616084 0.00049901 0.000684097 0.000536296 0.0792885 0.0780183 0.0840965 
0.439987 0.355854 0.325376 0.340861 0.390206 0.40242 0.00220675 0.00174928 0.00130354 0.00158621 0.00183844 0.00204767 0.100969 0.0992831 0.103405 
0.446358 0.355799 0.45509 0.412552 0.450822 0.406526 0.00203958 0.00163398 0.00227411 0.00197638 0.00231833 0.0018651 0.104999 0.105198 0.0991064 
0.305096 0.1977 0.144307 0.171546 0.230703 0.254332 1.49726e-06 1.83805e-06 3.09245e-07 8.16343e-07 8.77111e-07 1.86049e-06 0.0388644 0.0444419 0.0385163 
0.447018 0.314698 0.357871 0.336999 0.407836 0.39089 7.26701e-07 3.81633e-07 9.35214e-07 5.63872e-07 8.83505e-07 5.45389e-07 0.0320089 0.0285781 0.0336228 
0.499632 0.443059 0.487422 0.469243 0.495711 0.483446 -9.41411e-09 -2.89664e-08 3.53793e-09 -1.54997e-08 -8.78216e-09 -3.29287e-08 0.0192418 0.0178644 0.0127427 
0.499632 0.487422 0.48824 0.499973 0.497962 0.495711 -9.41411e-09 3.53793e-09 4.81634e-08 1.62752e-08 1.53253e-08 -8.78216e-09 0.0192418 0.0127427 0.014271 
0.304244 0.191617 0.139045 0.165494 0.227032 0.249185 -0.00461218 0.000217264 -0.000763637 -0.000337888 -0.00230894 -0.00125374 0.108123 0.10592 0.10714 
0.331091 0.147144 0.1977 0.17291 0.269213 0.247495 1.33649e-05 2.80732e-06 1.83805e-06 2.3194e-06 5.6054e-06 7.64991e-06 0.0510949 0.0504161 0.0444419 
0.867904 0.937301 0.852379 0.944885 0.87323 0.926951 -0.194294 -0.125274 -0.0882281 -0.127802 -0.146913 -0.163471 0.0154213 0.0643645 0.00718947 
1.12685e-33 9.53194e-34 0.84488 0.514065 0.512991 -3.4083e-35 1.07588e-33 1.29938e-33 -0.00166341 -0.00062538 -0.000921127 2.37742e-33 0.220082 0.265262 0.241261 
3.21881e-34 0.197607 0.285209 0.24542 0.160534 0.105109 -6.95049e-34 -0.00223371 -0.0125355 -0.00605223 -0.00375444 -0.00110243 0.139001 0.131454 0.137597 
0.356801 0.192692 0.314698 0.257533 0.336427 0.282486 1.9997e-07 1.70603e-07 3.81633e-07 2.84206e-07 2.55708e-07 2.23483e-07 0.0221133 0.024931 0.0285781 
0.552953 0.49721 0.557981 0.540376 0.567683 0.520807 -0.267046 -0.211448 -0.167463 -0.192763 -0.219191 -0.241117 0.116415 0.132919 0.126098 
0.443132 0.361367 0.331091 0.3466 0.394552 0.406731 4.51233e-05 3.83744e-05 1.33649e-05 2.31125e-05 2.63283e-05 4.3024e-05 0.0559564 0.0573904 0.0510949 
0.638604 0.552953 0.557981 0.567683 0.592749 0.609832 -0.220728 -0.267046 -0.167463 -0.219191 -0.198268 -0.251092 0.116827 0.116415 0.126098 
0.50009 0.496386 0.48178 0.498876 0.494957 0.499529 0.00104984 -0.00175522 -0.0022316 -0.00216117 -0.000392995 -5.27652e-05 0.10738 0.109993 0.114317 
0.500573 0.48178 0.496386 0.498876 0.499499 0.495682 -0.00715511 -0.0022316 -0.00175522 -0.00216117 -0.0041135 -0.00439814 0.114873 0.114317 0.109993 
0.117749 0.0287475 0.0819699 0.0556137 0.0990443 0.0660533 -0.141735 -0.0501753 -0.0512341 -0.0561633 -0.0955577 -0.0920275 0.0939388 0.0936182 0.125463 
8.70542e-34 7.34236e-34 0.707592 0.405154 0.393445 1.97015e-34 5.23805e-34 6.70636e-34 -0.0167049 -0.00502629 -0.00701186 1.21429e-33 0.111365 0.138216 0.1257 
0.331804 0.146563 0.198029 0.172797 0.269739 0.247692 0.000251177 5.49399e-05 4.82733e-05 5.15378e-05 0.000121291 0.000146076 0.0748325 0.0742301 0.068191 
0.443849 0.36257 0.331804 0.347548 0.395303 0.407687 0.000667391 0.000544069 0.000251177 0.000377724 0.000439158 0.000623613 0.0796219 0.0812543 0.0748325 
0.499978 0.493637 0.461658 0.481017 0.490362 0.498378 3.22279e-05 5.59248e-05 2.11012e-05 3.5163e-05 2.7055e-05 4.28421e-05 0.0519529 0.0558443 0.0500235 
0.443132 0.461658 0.493637 0.481017 0.474688 0.452849 4.51233e-05 2.11012e-05 5.59248e-05 3.5163e-05 5.17332e-05 3.12917e-05 0.0559564 0.0500235 0.0558443 
0.306378 0.143263 0.202925 0.173813 0.257338 0.231125 0.00122417 0.0003375 0.000442739 0.000382311 0.000788513 0.000776378 0.0999796 0.0997673 0.0929444 
0.355531 0.289185 0.187094 0.240652 0.27935 0.323921 1.12787e-08 1.31465e-07 5.32958e-09 6.93461e-08 1.83722e-08 4.15426e-08 0.0231955 0.0290845 0.0254499 
0.783087 0.533545 0.861751 0.738237 0.826166 0.717972 -0.216513 -0.0712443 -0.171191 -0.124418 -0.195258 -0.141627 0.0897143 0.107525 0.0758109 
0.498826 0.491733 0.434152 0.469812 0.478881 0.496088 8.95495e-08 6.1668e-07 2.08768e-07 3.31449e-07 1.46573e-07 3.00961e-07 0.027488 0.0317662 0.0284203 
0.404395 0.273378 0.214831 0.244945 0.32225 0.345847 9.94674e-08 4.80193e-08 7.04894e-08 5.51846e-08 9.42772e-08 8.11171e-08 0.0109419 0.00695265 0.0113209 
0.489772 0.408145 0.46681 0.441133 0.479936 0.459162 -1.35051e-10 1.04182e-08 4.66601e-08 3.14724e-08 2.53827e-08 1.92591e-08 -7.90867e-10 4.3563e-09 0.00544899 
0.408145 0.489773 0.462952 0.478451 0.438608 0.459162 -1.67687e-08 -1.29282e-08 4.43409e-09 9.6887e-10 -2.48089e-09 -9.70667e-09 -4.40235e-09 4.66589e-09 0.00577621 
0.499978 0.493865 0.462138 0.481365 0.490569 0.498469 0.000569077 0.000820891 0.000415955 0.000599451 0.000505478 0.00068649 0.075482 0.0793975 0.0736452 
0.443849 0.462138 0.493865 0.481365 0.47516 0.45343 0.000667391 0.000415955 0.000820891 0.000599451 0.000762774 0.000533321 0.0796219 0.0736452 0.0793975 
0.499632 0.48824 0.4727 0.481277 0.494604 0.497962 -9.41411e-09 4.81634e-08 5.34293e-08 4.01838e-08 1.03645e-08 1.53253e-08 0.0192418 0.014271 0.0211423 
2.76932e-34 1.65484e-34 0.214831 0.114907 0.114907 5.51871e-35 2.88363e-35 5.76726e-35 7.04894e-08 4.2865e-08 1.91736e-08 8.65088e-35 0.0058826 0.0117652 0.0113209 
8.70542e-34 0.707592 0.733303 0.725684 0.429364 0.393445 5.23805e-34 -0.0167049 -0.0421872 -0.0261458 -0.012477 -0.00701186 0.111365 0.1257 0.0990742 
0.238832 0.0819699 0.100341 0.0968523 0.168528 0.15886 -0.0812925 -0.0512341 -0.0230531 -0.03706 -0.0511804 -0.0739246 0.145527 0.125463 0.142147 
7.90969e-35 0.100341 0.0819699 0.0968523 0.0388539 0.0400249 -7.08121e-34 -0.0230531 -0.0512341 -0.03706 -0.0164099 -0.00743436 0.138255 0.142147 0.125463 
0.390377 0.29544 0.215485 0.257108 0.313164 0.346581 -2.3542e-09 -1.44786e-08 -1.85198e-08 -6.50106e-09 -7.01092e-10 -1.5889e-08 0.0108537 0.0170256 0.0117495 
0.498826 0.434152 0.477846 0.458905 0.491633 0.478881 8.95495e-08 2.08768e-07 -6.27151e-09 6.92531e-08 1.20774e-08 1.46573e-07 0.027488 0.0284203 0.0237179 
0.993197 0.852379 0.974555 0.958748 0.988015 0.969845 -0.0450943 -0.0882281 -0.0854711 -0.101498 -0.066649 -0.0722659 0.0994378 0.00718947 0.0722095 
0.390377 0.215485 0.272707 0.244898 0.336847 0.313164 -2.3542e-09 -1.85198e-08 9.90892e-09 -4.99928e-10 1.5736e-10 -7.01092e-10 0.0108537 0.0117495 0.00697932 
0.500036 0.492493 0.45509 0.477741 0.489338 0.498422 0.00258301 0.00231015 0.00227411 0.00246969 0.00252245 0.00253182 0.098986 0.103689 0.0991064 
0.446358 0.45509 0.492493 0.477741 0.474725 0.450822 0.00203958 0.00227411 0.00231015 0.00246969 0.00224284 0.00231833 0.104999 0.0991064 0.103689 
0.404395 0.214831 0.293843 0.255936 0.354365 0.32225 9.94674e-08 7.04894e-08 1.35368e-07 1.03424e-07 1.1661e-07 9.42772e-08 0.0109419 0.0113209 0.0166745 
0.48824 0.427544 0.4727 0.452825 0.481277 0.464356 4.81634e-08 1.04412e-07 5.34293e-08 7.66268e-08 4.01838e-08 7.63813e-08 0.014271 0.0170282 0.0211423 
3.34142e-34 0.202103 0.314698 0.261726 0.176484 0.107557 1.44184e-34 4.19321e-07 3.81633e-07 4.36046e-07 2.1748e-07 1.32873e-07 0.0294134 0.0334516 0.0285781 
2.76932e-34 0.273378 0.180918 0.229121 0.0955175 0.150038 2.88363e-35 4.80193e-08 -3.55127e-10 2.16308e-08 -4.16977e-09 9.70048e-09 0.0058826 0.00695265 0.00366008 
3.34142e-34 0.314698 0.192692 0.257533 0.10218 0.176484 1.44184e-34 3.81633e-07 1.70603e-07 2.84206e-07 9.32149e-08 2.1748e-07 0.0294134 0.0285781 0.024931 
7.95129e-36 0.0819699 -0.00497967 0.0266651 -0.0106978 0.0118018 -5.83278e-34 -0.0512341 -0.0118067 -0.0310481 -0.00454877 -0.015458 0.113725 0.125463 0.0987646 
3.51724e-34 0.29544 0.204646 0.252122 0.109019 0.163957 -8.77895e-35 -1.44786e-08 -2.66865e-08 -7.41248e-09 -3.4154e-08 -1.78115e-08 0.0177774 0.0170256 0.0216382 
0.783087 0.677192 0.533545 0.641862 0.717972 0.73369 -0.216513 -0.17567 -0.0712443 -0.124556 -0.141627 -0.19948 0.0897143 0.111112 0.107525 
0.404395 0.293843 0.427544 0.369239 0.41637 0.354365 9.94674e-08 1.35368e-07 1.04412e-07 1.35041e-07 9.81469e-08 1.1661e-07 0.0109419 0.0166745 0.0170282 
8.22713e-34 0.83632 0.701554 0.773498 0.405564 0.507045 -5.59392e-34 -0.0260598 -0.00865468 -0.0137948 -0.00309139 -0.00622881 0.115604 0.081762 0.126146 
0.75 1 0.937353 0.984321 0.859295 0.9375 -3.10216e-37 -5.56373e-37 -0.000494986 -0.000384934 -0.000285226 -1.07618e-36 0.358682 0.358199 0.318113 
3.66879e-34 0.234487 0.343207 0.294044 0.185284 0.113972 5.0777e-34 -0.0139487 -0.0238712 -0.0200979 -0.00620704 -0.0026056 0.106224 0.10777 0.109769 
0.83632 0.852379 0.993197 0.969845 0.969669 0.843912 -0.0260598 -0.0882281 -0.0450943 -0.0722659 -0.043079 -0.0420783 0.081762 0.00718947 0.0994378 
0.356801 0.427544 0.293843 0.369239 0.326752 0.395156 1.9997e-07 1.04412e-07 1.35368e-07 1.35041e-07 1.72883e-07 1.39424e-07 0.0221133 0.0170282 0.0166745 
0.364411 0.285209 0.197607 0.24542 0.28935 0.327572 -0.00740682 -0.0125355 -0.00223371 -0.00605223 -0.00489394 -0.0102649 0.1278 0.137597 0.131454 
2.77776e-34 0.169601 0.272707 0.223558 0.149621 0.0891771 -2.92634e-35 1.94596e-08 9.90892e-09 1.94773e-08 1.75796e-08 1.37878e-08 0.00592584 0.00381639 0.00697932 
9.53194e-34 0.706531 0.84488 0.78132 0.514065 0.40548 1.29938e-33 -0.000526436 -0.00166341 -0.000833762 -0.00062538 -0.000233232 0.265262 0.290799 0.241261 
4.09345e-34 4.96003e-34 0.533545 0.305402 0.269776 -4.11085e-35 4.69475e-34 4.36971e-34 -0.0712443 -0.0167383 -0.0168524 9.65846e-34 0.100031 0.0933004 0.107525 
0.364411 0.416441 0.285209 0.357864 0.327572 0.393034 -0.00740682 -0.0211983 -0.0125355 -0.0178384 -0.0102649 -0.0132614 0.1278 0.132477 0.137597 
0.974555 0.852379 0.937301 0.944885 0.958004 0.958748 -0.0854711 -0.0882281 -0.125274 -0.127802 -0.104833 -0.101498 0.0722095 0.00718947 0.0643645 
3.21881e-34 0.285209 0.192424 0.24073 0.109202 0.160534 -6.95049e-34 -0.0125355 -0.0122368 -0.0131472 -0.00270918 -0.00375444 0.139001 0.137597 0.144196 
0.758458 0.733303 0.937301 0.878056 0.868263 0.754926 -0.0890151 -0.0421872 -0.125274 -0.0811586 -0.110857 -0.0654322 0.0930616 0.0990742 0.0643645 
0.447018 0.495743 0.466254 0.484514 0.457177 0.478192 7.26701e-07 7.12348e-07 2.27791e-07 3.71543e-07 3.98198e-07 7.11141e-07 0.0320089 0.0320215 0.0267641 
0.498826 0.466254 0.495743 0.484514 0.499734 0.494373 8.95495e-08 2.27791e-07 7.12348e-07 3.71543e-07 3.40771e-07 1.62229e-07 0.027488 0.0267641 0.0320215 
0.44868 0.343207 0.234487 0.294044 0.352281 0.392665 -0.0651085 -0.0238712 -0.0139487 -0.0200979 -0.035466 -0.0407708 0.113044 0.109769 0.10777 
0.461233 0.366167 0.343207 0.353858 0.413546 0.419523 -0.0378141 -0.0166471 -0.0238712 -0.0204297 -0.0329657 -0.0263377 0.114942 0.110315 0.109769 
0.758458 0.861751 0.533545 0.738237 0.648874 0.835577 -0.0890151 -0.171191 -0.0712443 -0.124418 -0.0855526 -0.128303 0.0930616 0.0758109 0.107525 
7.40328e-34 7.73492e-34 0.773936 0.456819 0.455874 1.70896e-34 -1.26582e-33 -1.04198e-33 -0.00130579 -0.000516468 -0.00040583 -2.30714e-33 0.265712 0.218608 0.243917 
3.66879e-34 0.343207 0.202083 0.272134 0.107009 0.185284 5.0777e-34 -0.0238712 -0.00379972 -0.0111371 -0.00130765 -0.00620704 0.106224 0.109769 0.10787 
0.998618 0.937353 0.986644 0.995464 0.994165 0.98866 -0.00108882 -0.000494986 -0.000431751 -0.000507395 -0.000702335 -0.000803337 0.280101 0.318113 0.328179 
0.355531 0.187094 0.204646 0.195933 0.286762 0.27935 1.12787e-08 5.32958e-09 -2.66865e-08 -2.26767e-08 -6.24061e-09 1.83722e-08 0.0231955 0.0254499 0.0216382 
0.998618 0.986644 0.749838 0.905215 0.927833 0.994165 -0.00108882 -0.000431751 -0.000379852 -0.000455657 -0.000737901 -0.000702335 0.280101 0.328179 0.315631 
0.499632 0.477846 0.443059 0.462469 0.483446 0.492977 -9.41411e-09 -6.27151e-09 -2.89664e-08 -4.18815e-08 -3.29287e-08 -2.31578e-08 0.0192418 0.0237179 0.0178644 
0.441342 0.31288 0.355799 0.335139 0.403435 0.386289 0.00121253 0.000761166 0.00163398 0.00132546 0.00168796 0.000919948 0.110041 0.113435 0.105198 
0.50951 0.409257 0.4875 0.456826 0.498286 0.470528 -0.10473 -0.090671 -0.0685301 -0.0812051 -0.0859389 -0.103421 0.131546 0.143975 0.132923 
0.355531 0.443059 0.477846 0.462469 0.430064 0.4043 1.12787e-08 -2.89664e-08 -6.27151e-09 -4.18815e-08 -1.93936e-09 -3.05255e-08 0.0231955 0.0178644 0.0237179 
0.355799 0.31288 0.209552 0.264226 0.289126 0.335139 0.00163398 0.000761166 0.000698716 0.000923437 0.00115097 0.00132546 0.105198 0.113435 0.10712 
0.429464 0.4875 0.409257 0.456826 0.42159 0.462473 -0.0487658 -0.0685301 -0.090671 -0.0812051 -0.067668 -0.059607 0.137937 0.132923 0.143975 
3.01755e-34 0.289185 0.196287 0.24485 0.104229 0.159966 -1.46313e-34 1.31465e-07 2.14641e-07 2.12473e-07 3.06309e-08 6.48038e-08 0.0296284 0.0290845 0.0339136 
8.00794e-35 -0.00620464 0.0518131 0.00650707 0.00403671 -0.0130567 3.66119e-35 -0.00241315 -0.0812496 -0.0319632 0.0161652 0.038504 -0.0144217 0.0568914 0.0262309 
0.355531 0.434152 0.289185 0.371926 0.323921 0.398654 1.12787e-08 2.08768e-07 1.31465e-07 1.69333e-07 4.15426e-08 6.10641e-08 0.0231955 0.0284203 0.0290845 
1.09685e-33 0.852379 0.83632 0.843912 0.518696 0.565907 -2.97158e-34 -0.0882281 -0.0260598 -0.0420783 -0.0108146 -0.0440029 0.0486162 0.00718947 0.081762 
1.89174e-34 0.143263 0.209552 0.17724 0.112307 0.0750274 -5.10042e-34 0.0003375 0.000698716 0.000474152 0.000242397 0.000105758 0.103345 0.0997673 0.10712 
4.96003e-34 0.374383 0.533545 0.47482 0.305402 0.184481 4.36971e-34 -0.0216241 -0.0712443 -0.0417081 -0.0167383 -0.00500166 0.0933004 0.0992343 0.107525 
0.758458 0.533545 0.374383 0.47482 0.593563 0.648874 -0.0890151 -0.0712443 -0.0216241 -0.0417081 -0.0505846 -0.0855526 0.0930616 0.107525 0.0992343 
0.998618 0.84488 0.706531 0.78132 0.93617 0.968067 -0.00108882 -0.00166341 -0.000526436 -0.000833762 -0.000954653 -0.00155975 0.280101 0.241261 0.290799 
2.28309e-34 2.04201e-34 0.2299 0.125622 0.125244 4.70311e-35 -6.39695e-34 -5.91728e-34 -0.00043352 -2.1406e-05 -0.000263289 -1.23027e-33 0.129396 0.11983 0.122467 
0.355531 0.204646 0.29544 0.252122 0.326789 0.286762 1.12787e-08 -2.66865e-08 -1.44786e-08 -7.41248e-09 -4.65235e-09 -6.24061e-09 0.0231955 0.0216382 0.0170256 
0.356801 0.198946 0.192692 0.195827 0.282486 0.285122 1.9997e-07 1.23471e-07 1.70603e-07 1.41245e-07 2.23483e-07 1.79375e-07 0.0221133 0.0210199 0.024931 
0.489772 0.46681 0.499975 0.491753 0.497463 0.479936 -1.35051e-10 4.66601e-08 1.40443e-08 2.59982e-08 8.20853e-09 2.53827e-08 -7.90867e-10 0.00544899 0.00381185 
3.01755e-34 0.187094 0.289185 0.240652 0.159966 0.0990034 -1.46313e-34 5.32958e-09 1.31465e-07 6.93461e-08 6.48038e-08 3.69062e-09 0.0296284 0.0254499 0.0290845 
0.489773 0.499975 0.462952 0.490648 0.478451 0.497387 -1.29282e-08 1.40443e-08 4.43409e-09 8.07832e-09 9.6887e-10 9.55778e-10 4.66589e-09 0.00381185 0.00577621 
3.41611e-34 0.198946 0.293843 0.248634 0.162934 0.105749 8.65092e-35 1.23471e-07 1.35368e-07 1.40897e-07 8.23662e-08 5.47593e-08 0.0176478 0.0210199 0.0166745 
3.21881e-34 2.28309e-34 0.197607 0.107033 0.105109 8.89462e-35 -6.95049e-34 -6.39695e-34 -0.00223371 -0.000540199 -0.00110243 -1.32547e-33 0.139001 0.129396 0.131454 
-2.82116e-35 -0.00497967 -0.0127604 -0.0151577 -0.0125687 -0.0167576 -4.32233e-34 -0.0118067 0.0103356 0.000139116 0.0033832 -0.000951125 0.0879338 0.0987646 0.0821686 
0.117749 0.230313 0.386185 0.294822 0.235961 0.176361 -0.141735 -0.154198 -0.270468 -0.213482 -0.21838 -0.159765 0.0939388 0.130549 0.109204 
1.98364e-34 1.89174e-34 0.209552 0.112307 0.112877 7.40784e-35 -5.48625e-34 -5.10042e-34 0.000698716 0.000242397 0.000237343 -1.05884e-33 0.111165 0.103345 0.10712 
0.238832 0.100341 0.141595 0.122407 0.196846 0.168528 -0.0812925 -0.0230531 -0.0175111 -0.020818 -0.0447905 -0.0511804 0.145527 0.142147 0.146545 
0.758458 0.374383 0.733303 0.560388 0.754926 0.593563 -0.0890151 -0.0216241 -0.0421872 -0.0326131 -0.0654322 -0.0505846 0.0930616 0.0992343 0.0990742 
0.500086 0.533545 0.677192 0.641862 0.603874 0.521335 -0.0822049 -0.0712443 -0.17567 -0.124556 -0.127279 -0.0787256 0.110459 0.107525 0.111112 
1.3017e-33 0.852379 1.09685e-33 0.565907 3.67387e-34 0.602082 -2.07442e-35 -0.0882281 -2.97158e-34 -0.0440029 1.61824e-34 -0.117005 -0.111578 0.00718947 0.0486162 
0.306378 0.209552 0.143263 0.17724 0.231125 0.260517 0.00122417 0.000698716 0.0003375 0.000474152 0.000776378 0.00101366 0.0999796 0.10712 0.0997673 
0.499976 0.499975 0.46681 0.491753 0.491684 0.499976 3.27324e-08 1.40443e-08 4.66601e-08 2.59982e-08 3.85478e-08 2.90396e-08 0.00844889 0.00381185 0.00544899 
0.499976 0.462952 0.499975 0.490648 0.499976 0.49072 3.27324e-08 4.43409e-09 1.40443e-08 8.07832e-09 2.90396e-08 1.98699e-08 0.00844889 0.00577621 0.00381185 
9.51878e-34 8.22713e-34 0.701554 0.405564 0.400474 3.56843e-34 -8.10112e-34 -5.59392e-34 -0.00865468 -0.00309139 -0.00216945 -1.35873e-33 0.169117 0.115604 0.126146 
1.82982e-34 0.192424 0.141595 0.168323 0.0816184 0.10181 -7.33526e-34 -0.0122368 -0.0175111 -0.0154458 -0.004 -0.00365463 0.147008 0.144196 0.146545 
0.99916 0.993197 0.707592 0.907811 0.919919 0.99699 -0.016519 -0.0450943 -0.0167049 -0.0303744 -0.0202526 -0.0288715 0.141262 0.0994378 0.1257 
9.51878e-34 0.701554 0.832985 0.771829 0.506088 0.400474 -8.10112e-34 -0.00865468 -0.0064749 -0.00805766 -0.00212633 -0.00216945 0.169117 0.126146 0.166281 
0.638604 0.557981 0.560854 0.575758 0.615516 0.592749 -0.220728 -0.167463 -0.125042 -0.154238 -0.172357 -0.198268 0.116827 0.126098 0.115599 
0.356801 0.293843 0.198946 0.248634 0.285122 0.326752 1.9997e-07 1.35368e-07 1.23471e-07 1.40897e-07 1.79375e-07 1.72883e-07 0.0221133 0.0166745 0.0210199 
0.419599 0.386185 0.649565 0.511977 0.566661 0.391834 -0.272372 -0.270468 -0.289559 -0.297991 -0.304308 -0.286987 0.0279567 0.109204 0.0891392 
0.974555 0.937301 0.733303 0.878056 0.896924 0.958004 -0.0854711 -0.125274 -0.0421872 -0.0811586 -0.0656617 -0.104833 0.0722095 0.0643645 0.0990742 
8.00794e-35 -2.58449e-34 -0.00620464 -0.00678367 -0.0130567 -2.12286e-34 3.66119e-35 5.6329e-35 -0.00241315 0.0432469 0.038504 1.52848e-34 -0.0144217 0.06042 0.0568914 
0.99916 0.707592 0.6495 0.680673 0.905029 0.919919 -0.016519 -0.0167049 -0.00709766 -0.0103418 -0.0138605 -0.0202526 0.141262 0.1257 0.155334 
0.99916 0.83632 0.993197 0.969669 0.99699 0.962895 -0.016519 -0.0260598 -0.0450943 -0.043079 -0.0288715 -0.0256195 0.141262 0.081762 0.0994378 
0.244889 0.180918 0.38002 0.292405 0.318752 0.213797 -3.41394e-09 -3.55127e-10 4.20801e-08 2.92913e-08 2.18295e-08 -3.09683e-09 7.86019e-09 0.00366008 0.00412681 
0.244889 0.380084 0.169601 0.287899 0.20846 0.318791 6.49888e-09 -7.38067e-09 1.94596e-08 5.90744e-09 1.13734e-08 2.25349e-09 8.36557e-09 0.00412529 0.00381639 
0.390377 0.487422 0.443059 0.469243 0.418856 0.450891 -2.3542e-09 3.53793e-09 -2.89664e-08 -1.54997e-08 -1.6183e-08 1.68502e-09 0.0108537 0.0127427 0.0178644 
7.34236e-34 0.6495 0.707592 0.680673 0.405154 0.361894 6.70636e-34 -0.00709766 -0.0167049 -0.0103418 -0.00502629 -0.00262938 0.138216 0.155334 0.1257 
0.385405 0.465757 0.472044 0.468947 0.436053 0.431473 0.00133659 0.0012679 0.00190576 0.00159991 0.00164003 0.00133997 0.0924522 0.0860935 0.0924336 
0.383239 0.46469 0.469822 0.4673 0.433587 0.429877 0.000158124 0.000115556 0.000235877 0.000166614 0.000200283 0.00013957 0.068041 0.0622475 0.0681975 
7.73492e-34 0.643845 0.773936 0.712464 0.456819 0.362924 -1.04198e-33 -0.00202017 -0.00130579 -0.00170299 -0.000516468 -0.000560298 0.218608 0.200804 0.243917 
0.998618 0.749838 0.624347 0.690245 0.894566 0.927833 -0.00108882 -0.000379852 -0.000488652 -0.000449172 -0.00092947 -0.000737901 0.280101 0.315631 0.280601 
0.238832 0.409257 0.377293 0.398072 0.307905 0.332615 -0.0812925 -0.090671 -0.162335 -0.124601 -0.124051 -0.0931535 0.145527 0.143975 0.142685 
8.63423e-34 0.844478 0.6495 0.756854 0.366337 0.510768 8.62191e-34 -0.00499523 -0.00709766 -0.00646513 -0.00184348 -0.00218106 0.176674 0.187902 0.155334 
0.382956 0.461518 0.468675 0.465189 0.432635 0.427565 5.9513e-06 2.01403e-05 7.55396e-06 1.25897e-05 6.95824e-06 1.11754e-05 0.0440246 0.0495853 0.0436731 
2.57121e-34 2.68793e-34 0.305766 0.163879 0.147921 4.21575e-35 5.05388e-34 4.90993e-34 -0.0284214 -0.00776793 -0.00581509 1.0237e-33 0.104943 0.102088 0.108711 
0.99916 0.701554 0.83632 0.773498 0.962895 0.933151 -0.016519 -0.00865468 -0.0260598 -0.0137948 -0.0256195 -0.0159088 0.141262 0.126146 0.081762 
-2.82116e-35 7.95129e-36 -0.00497967 -0.0106978 -0.0167576 -5.38512e-35 -4.32233e-34 -5.83278e-34 -0.0118067 -0.00454877 -0.000951125 -9.88221e-34 0.0879338 0.113725 0.0987646 
1.88452e-34 3.51724e-34 0.204646 0.109019 0.109019 7.03795e-35 -1.17052e-34 -8.77895e-35 -2.66865e-08 -3.4154e-08 -4.37799e-08 -2.04841e-34 0.0237029 0.0177774 0.0216382 
0.75 0.749838 0.986644 0.905215 0.90527 0.749893 -3.58572e-37 -0.000379852 -0.000431751 -0.000455657 -0.000277671 -0.000220807 0.35777 0.315631 0.328179 
0.379124 0.475002 0.459625 0.467446 0.424614 0.436027 -0.00209878 -0.00567403 0.000478866 -0.00168874 -0.000739223 -0.00397951 0.107523 0.111107 0.106122 
0.380483 0.459692 0.465897 0.462839 0.429693 0.425344 0.00130228 0.00231375 0.00176809 0.00200885 0.00157143 0.0018081 0.0903831 0.0957598 0.0905889 
0.38214 0.461225 0.466963 0.464157 0.431079 0.427056 0.000151164 0.000397018 0.000213695 0.000290274 0.000186897 0.00025258 0.0675916 0.0730841 0.0674684 
0.50951 0.502048 0.557981 0.533807 0.529637 0.519571 -0.10473 -0.0784104 -0.167463 -0.117542 -0.136165 -0.095113 0.131546 0.118802 0.126098 
0.382526 0.459582 0.467631 0.463718 0.43171 0.426075 5.97547e-06 2.99772e-06 8.5482e-06 5.04303e-06 7.42603e-06 4.44642e-06 0.0444058 0.0389614 0.0444406 
0.289185 0.434152 0.342814 0.393374 0.316982 0.371926 1.31465e-07 2.08768e-07 5.77944e-07 3.63438e-07 3.05608e-07 1.69333e-07 0.0290845 0.0284203 0.0332714 
0.499976 0.48824 0.487422 0.499973 0.496837 0.497042 3.27324e-08 4.81634e-08 3.53793e-09 1.62752e-08 1.57488e-08 3.74637e-08 0.00844889 0.014271 0.0127427 
0.50951 0.482502 0.409257 0.445337 0.470528 0.500688 -0.10473 -0.155938 -0.090671 -0.122767 -0.103421 -0.129953 0.131546 0.136608 0.143975 
0.499977 0.453609 0.495067 0.479614 0.498768 0.488442 1.97089e-06 2.60242e-06 4.54371e-06 3.39856e-06 3.0639e-06 2.31224e-06 0.0363056 0.0378297 0.040203 
-1.73455e-34 -2.82116e-35 -0.0127604 -0.0125687 -0.00527474 -1.67872e-35 -1.96163e-34 -4.32233e-34 0.0103356 0.0033832 0.00439992 -8.21028e-34 0.0810265 0.0879338 0.0821686 
0.382956 0.468675 0.453609 0.461511 0.422299 0.432635 5.9513e-06 7.55396e-06 2.60242e-06 4.42645e-06 4.08499e-06 6.95824e-06 0.0440246 0.0436731 0.0378297 
0.419599 0.151932 0.0518131 0.083895 0.193051 0.288418 -0.272372 -0.0882073 -0.0812496 -0.0737809 -0.185994 -0.19955 0.0279567 -0.0503608 0.0262309 
-1.73455e-34 -0.0127604 -3.38538e-34 -0.00430704 -6.81e-34 -0.00527474 -1.96163e-34 0.0103356 2.58874e-35 0.01207 2.90605e-36 0.00439992 0.0810265 0.0821686 0.0804563 
0.440904 0.342814 0.434152 0.393374 0.437573 0.397741 6.59054e-07 5.77944e-07 2.08768e-07 3.63438e-07 3.312e-07 6.45061e-07 0.032948 0.0332714 0.0284203 
0.500086 0.242853 0.533545 0.381076 0.521335 0.384735 -0.0822049 -0.0172165 -0.0712443 -0.0386472 -0.0787256 -0.0446907 0.110459 0.104897 0.107525 
0.50951 0.557981 0.482502 0.526998 0.500688 0.529637 -0.10473 -0.167463 -0.155938 -0.168138 -0.129953 -0.136165 0.131546 0.126098 0.136608 
0.404395 0.427544 0.48824 0.464356 0.456401 0.41637 9.94674e-08 1.04412e-07 4.81634e-08 7.63813e-08 7.39184e-08 9.81469e-08 0.0109419 0.0170282 0.014271 
9.53194e-34 6.96139e-34 0.706531 0.405755 0.40548 3.06218e-34 1.29938e-33 1.5277e-33 -0.000526436 -0.000140757 -0.000233232 2.82777e-33 0.265262 0.311686 0.290799 
0.38214 0.466963 0.461179 0.464135 0.427013 0.431079 0.000151164 0.000213695 0.000108898 0.000154481 0.000133239 0.000186897 0.0675916 0.0674684 0.0618655 
0.998618 0.996881 0.84488 0.971568 0.968067 0.997775 -0.00108882 -0.00217494 -0.00166341 -0.00214989 -0.00155975 -0.00167944 0.280101 0.243582 0.241261 
0.380483 0.465897 0.460393 0.463231 0.425814 0.429693 0.00130228 0.00176809 0.00120093 0.0014963 0.00130399 0.00157143 0.0903831 0.0905889 0.0851789 
0.99916 0.6495 0.844478 0.756854 0.958221 0.905029 -0.016519 -0.00709766 -0.00499523 -0.00646513 -0.0102562 -0.0138605 0.141262 0.155334 0.187902 
0.499976 0.461179 0.495214 0.482289 0.498744 0.490155 9.71277e-05 0.000108898 0.000157135 0.000131639 0.000124024 0.000106182 0.059838 0.0618655 0.0637399 
3.66879e-34 2.57121e-34 0.234487 0.12256 0.113972 7.23403e-35 5.0777e-34 5.05388e-34 -0.0139487 -0.00380545 -0.0026056 1.0385e-33 0.106224 0.104943 0.10777 
-0.00853167 -0.0127604 -0.00497967 -0.0151577 -0.00564547 -0.0147426 -0.00263539 0.0103356 -0.0118067 0.000139116 -0.0100437 0.0094365 0.0810966 0.0821686 0.0987646 
0.419599 0.197895 0.386185 0.296683 0.391834 0.290856 -0.272372 -0.211748 -0.270468 -0.253393 -0.286987 -0.244806 0.0279567 0.0603429 0.109204 
0.379124 0.459421 0.475002 0.466887 0.436027 0.422379 -0.00209878 -0.0175332 -0.00567403 -0.0108241 -0.00397951 -0.00782624 0.107523 0.112955 0.111107 
0.499967 0.460393 0.494867 0.481669 0.498583 0.489764 0.0011745 0.00120093 0.00156074 0.00138004 0.00135827 0.0012258 0.0833752 0.0851789 0.0871592 
0.50009 0.459625 0.496386 0.482761 0.499529 0.491093 0.00104984 0.000478866 -0.00175522 -0.000541243 -5.27652e-05 0.00075656 0.10738 0.106122 0.109993 
0.989229 0.84488 0.996881 0.971568 0.993644 0.978748 -0.00414847 -0.00166341 -0.00217494 -0.00214989 -0.00282661 -0.00321081 0.208663 0.241261 0.243582 
0.998618 0.624347 0.773936 0.703822 0.934407 0.894566 -0.00108882 -0.000488652 -0.00130579 -0.000725265 -0.00141118 -0.00092947 0.280101 0.280601 0.243917 
0.783087 0.649565 0.677192 0.70724 0.73369 0.732688 -0.216513 -0.289559 -0.17567 -0.241989 -0.19948 -0.261601 0.0897143 0.0891392 0.111112 
0.273168 0.141595 0.192424 0.168323 0.237609 0.209016 -0.0438558 -0.0175111 -0.0122368 -0.0154458 -0.0259349 -0.0316654 0.146887 0.146545 0.144196 
8.00794e-35 0.0518131 0.151932 0.083895 0.0217105 0.00403671 3.66119e-35 -0.0812496 -0.0882073 -0.0737809 0.0244933 0.0161652 -0.0144217 0.0262309 -0.0503608 
0.500623 0.497776 0.459421 0.483979 0.495862 0.501852 -0.033875 -0.0158135 -0.0175332 -0.0169556 -0.0264812 -0.0239543 0.124071 0.1165 0.112955 
4.09345e-34 0.533545 0.242853 0.381076 0.131864 0.269776 4.69475e-34 -0.0712443 -0.0172165 -0.0386472 -0.00528569 -0.0168524 0.100031 0.107525 0.104897 
0.461233 0.502048 0.50658 0.506414 0.493236 0.480096 -0.0378141 -0.0784104 -0.0571625 -0.0691148 -0.0483201 -0.0556823 0.114942 0.118802 0.123687 
0.50951 0.50658 0.502048 0.506414 0.519571 0.510603 -0.10473 -0.0571625 -0.0784104 -0.0691148 -0.095113 -0.078283 0.131546 0.123687 0.118802 
0.440904 0.434152 0.491733 0.469812 0.472114 0.437573 6.59054e-07 2.08768e-07 6.1668e-07 3.31449e-07 6.54775e-07 3.312e-07 0.032948 0.0284203 0.0317662 
2.28309e-34 0.2299 0.197607 0.214448 0.107033 0.125244 -6.39695e-34 -0.00043352 -0.00223371 -0.00124322 -0.000540199 -0.000263289 0.129396 0.122467 0.131454 
0.117749 0.386185 0.197895 0.296683 0.143846 0.235961 -0.141735 -0.270468 -0.211748 -0.253393 -0.17613 -0.21838 0.0939388 0.109204 0.0603429 
0.382526 0.467631 0.461658 0.464708 0.42749 0.43171 5.97547e-06 8.5482e-06 2.11012e-05 1.36965e-05 1.1579e-05 7.42603e-06 0.0444058 0.0444406 0.0500235 
0.272707 0.169601 0.380084 0.287899 0.330651 0.223558 9.90892e-09 1.94596e-08 -7.38067e-09 5.90744e-09 2.48917e-11 1.94773e-08 0.00697932 0.00381639 0.00412529 
0.273378 0.38002 0.180918 0.292405 0.229121 0.330903 4.80193e-08 4.20801e-08 -3.55127e-10 2.92913e-08 2.16308e-08 5.29532e-08 0.00695265 0.00412681 0.00366008 
6.09675e-34 8.70542e-34 0.733303 0.429364 0.400975 8.75465e-36 4.53455e-34 5.23805e-34 -0.0421872 -0.012477 -0.016597 1.00726e-33 0.0967357 0.111365 0.0990742 
0.75 0.437592 0.749838 0.609274 0.749893 0.609433 -3.58572e-37 -8.14783e-05 -0.000379852 -0.00017468 -0.000220807 -7.48187e-05 0.35777 0.334844 0.315631 
0.408145 0.38002 0.46681 0.430158 0.441133 0.394551 1.04182e-08 4.20801e-08 4.66601e-08 4.58307e-08 3.14724e-08 2.2392e-08 4.3563e-09 0.00412681 0.00544899 
0.408145 0.462952 0.380084 0.427434 0.394581 0.438608 -1.67687e-08 4.43409e-09 -7.38067e-09 -1.36276e-09 -8.49949e-09 -2.48089e-09 -4.40235e-09 0.00577621 0.00412529 
0.638604 0.677192 0.649565 0.70724 0.654085 0.665947 -0.220728 -0.17567 -0.289559 -0.241989 -0.260356 -0.203706 0.116827 0.111112 0.0891392 
0.383239 0.469822 0.462138 0.466084 0.428089 0.433587 0.000158124 0.000235877 0.000415955 0.000314934 0.000265095 0.000200283 0.068041 0.0681975 0.0736452 
0.998618 0.706531 0.937353 0.843193 0.98866 0.93617 -0.00108882 -0.000526436 -0.000494986 -0.000591169 -0.000803337 -0.000954653 0.280101 0.290799 0.318113 
3.41611e-34 1.87962e-34 0.198946 0.105749 0.105749 7.76327e-35 8.65092e-35 1.15346e-34 1.23471e-07 6.35402e-08 5.47593e-08 2.01855e-34 0.0176478 0.0235306 0.0210199 
0.499978 0.461658 0.495352 0.482585 0.498809 0.490362 3.22279e-05 2.11012e-05 1.73818e-05 1.94316e-05 2.38464e-05 2.7055e-05 0.0519529 0.0500235 0.0480267 
0.989229 0.999275 0.844478 0.966391 0.978768 0.995953 -0.00414847 -0.00831032 -0.00499523 -0.00725391 -0.00561671 -0.00636185 0.208663 0.175909 0.187902 
0.385405 0.472044 0.45509 0.464091 0.424228 0.436053 0.00133659 0.00190576 0.00227411 0.00212178 0.00182071 0.00164003 0.0924522 0.0924336 0.0991064 
7.34236e-34 8.63423e-34 0.6495 0.366337 0.361894 3.58257e-34 6.70636e-34 8.62191e-34 -0.00709766 -0.00184348 -0.00262938 1.54023e-33 0.138216 0.176674 0.155334 
0.408145 0.244889 0.38002 0.318752 0.394551 0.33672 1.04182e-08 -3.41394e-09 4.20801e-08 2.18295e-08 2.2392e-08 1.79579e-08 4.3563e-09 7.86019e-09 0.00412681 
0.244889 0.408145 0.380084 0.394581 0.318791 0.336721 6.49888e-09 -1.67687e-08 -7.38067e-09 -8.49949e-09 2.25349e-09 8.5076e-10 8.36557e-09 -4.40235e-09 0.00412529 
0.44868 0.234487 0.305766 0.266777 0.39131 0.352281 -0.0651085 -0.0139487 -0.0284214 -0.0205167 -0.049135 -0.035466 0.113044 0.10777 0.108711 
-3.47744e-34 0.586477 6.96139e-34 0.325033 4.90306e-34 0.325157 8.79197e-34 -0.000164342 1.5277e-33 -5.75745e-05 3.2862e-33 -4.28012e-05 0.358727 0.3279 0.311686 
6.96139e-34 0.586477 0.706531 0.649115 0.405755 0.325033 1.5277e-33 -0.000164342 -0.000526436 -0.00028065 -0.000140757 -5.75745e-05 0.311686 0.3279 0.290799 
0.499976 0.46681 0.477884 0.472627 0.494453 0.491684 3.27324e-08 4.66601e-08 5.2459e-08 4.00905e-08 4.7144e-08 3.85478e-08 0.00844889 0.00544899 0.00994228 
0.404395 0.477884 0.46681 0.472627 0.439637 0.447582 9.94674e-08 5.2459e-08 4.66601e-08 4.00905e-08 6.43192e-08 6.64241e-08 0.0109419 0.00994228 0.00544899 
7.27529e-34 0.624347 0.749838 0.690245 0.437466 0.349575 -1.48581e-33 -0.000488652 -0.000379852 -0.000449172 -0.000111743 -0.000135492 0.31197 0.280601 0.315631 
1 0.75 0.986644 0.90527 0.996652 0.9375 -5.56373e-37 -3.58572e-37 -0.000431751 -0.000277671 -0.000309935 -9.27058e-37 0.358199 0.35777 0.328179 
0.99916 0.844478 0.999275 0.966391 0.999607 0.958221 -0.016519 -0.00499523 -0.00831032 -0.00725391 -0.0111738 -0.0102562 0.141262 0.187902 0.175909 
1.85222e-34 1.84229e-34 0.199436 0.106035 0.106164 7.88653e-35 -4.11358e-34 -3.81176e-34 0.000162945 4.70268e-05 5.70443e-05 -7.9262e-34 0.0833192 0.0771996 0.0804268 
0.499978 0.462138 0.495459 0.48285 0.498867 0.490569 0.000569077 0.000415955 0.000379497 0.000405083 0.000467351 0.000505478 0.075482 0.0736452 0.0715659 
1.83129e-34 1.83947e-34 0.198471 0.105476 0.105485 7.89056e-35 -2.92652e-34 -2.63364e-34 1.07997e-05 2.87933e-06 3.83639e-06 -5.56023e-34 0.0592633 0.0533318 0.0564921 
0.989229 0.773936 0.643845 0.712464 0.877753 0.915894 -0.00414847 -0.00130579 -0.00202017 -0.00170299 -0.00360484 -0.00267764 0.208663 0.243917 0.200804 
1.79633e-34 1.8224e-34 0.197698 0.105027 0.105035 7.92417e-35 2.59529e-34 2.88343e-34 1.04565e-05 3.43356e-06 2.7319e-06 5.47864e-34 0.0529432 0.0588207 0.0556504 
1.79109e-34 1.81315e-34 0.197146 0.104588 0.104704 7.88356e-35 3.74166e-34 4.02165e-34 0.000155148 4.9283e-05 4.25467e-05 7.76249e-34 0.0763195 0.0820254 0.0789518 
1.75012e-34 1.7553e-34 0.193681 0.101741 0.102321 7.44439e-35 4.7844e-34 4.98368e-34 0.000763513 0.000237245 0.000239906 9.76587e-34 0.0975407 0.101598 0.0994945 
1.18382e-34 1.82982e-34 0.141595 0.0816184 0.0698332 6.49114e-35 -7.4448e-34 -7.33526e-34 -0.0175111 -0.004 -0.00513018 -1.46117e-33 0.148846 0.147008 0.146545 
0.49721 0.552953 0.386185 0.481047 0.456852 0.520807 -0.211448 -0.267046 -0.270468 -0.278494 -0.251265 -0.241117 0.132919 0.116415 0.109204 
1.65647e-34 3.66879e-34 0.202083 0.107009 0.103417 6.58737e-35 5.24958e-34 5.0777e-34 -0.00379972 -0.00130765 -0.000907493 1.04746e-33 0.107283 0.106224 0.10787 
1.73314e-34 3.01755e-34 0.196287 0.104229 0.104229 8.17546e-35 -1.75573e-34 -1.46313e-34 2.14641e-07 3.06309e-08 5.01706e-08 -3.21887e-34 0.0355536 0.0296284 0.0339136 
0.356801 0.466254 0.4727 0.469563 0.426117 0.421009 1.9997e-07 2.27791e-07 5.34293e-08 1.1661e-07 1.32362e-07 1.87942e-07 0.0221133 0.0267641 0.0211423 
0.937353 0.706531 0.586477 0.649115 0.800467 0.843193 -0.000494986 -0.000526436 -0.000164342 -0.00028065 -0.000337258 -0.000591169 0.318113 0.290799 0.3279 
0.500036 0.45509 0.498874 0.484926 0.499819 0.489338 0.00258301 0.00227411 0.0024216 0.00244982 0.00253334 0.00252245 0.098986 0.0991064 0.0955219 
1 0.986644 0.937353 0.995464 0.984321 0.996652 -5.56373e-37 -0.000431751 -0.000494986 -0.000507395 -0.000384934 -0.000309935 0.358199 0.328179 0.318113 
7.90969e-35 1.18382e-34 0.100341 0.0561601 0.0400249 2.07511e-35 -7.08121e-34 -7.4448e-34 -0.0230531 -0.00650526 -0.00743436 -1.42153e-33 0.138255 0.148846 0.142147 
6.09675e-34 0.733303 0.374383 0.560388 0.201661 0.400975 4.53455e-34 -0.0421872 -0.0216241 -0.0326131 -0.00687139 -0.016597 0.0967357 0.0990742 0.0992343 
-3.47744e-34 0.75 0.586477 0.67338 0.325157 0.4375 8.79197e-34 -3.10216e-37 -0.000164342 -0.000114403 -4.28012e-05 -1.19639e-37 0.358727 0.358682 0.3279 
1.84377e-34 1.83579e-34 0.202058 0.10753 0.107532 7.34226e-35 2.01861e-34 2.30699e-34 2.05226e-06 7.87666e-07 6.01546e-07 4.32558e-34 0.0411795 0.0470623 0.0440995 
3.34142e-34 1.81988e-34 0.202103 0.107557 0.107557 7.33673e-35 1.44184e-34 1.73022e-34 4.19321e-07 1.70147e-07 1.32873e-07 3.17205e-34 0.0294134 0.0352964 0.0334516 
1.80663e-34 1.80526e-34 0.197256 0.104747 0.104782 7.95903e-35 3.171e-34 3.45758e-34 4.47046e-05 1.56169e-05 1.26932e-05 6.62831e-34 0.0646853 0.0705292 0.0676083 
1.79015e-34 1.77895e-34 0.195648 0.103463 0.103787 7.8012e-35 4.29286e-34 4.55046e-34 0.000415493 0.000142004 0.000125891 8.84159e-34 0.0875434 0.0927848 0.0901965 
1.71906e-34 1.69674e-34 0.191617 0.0997434 0.0999683 6.98202e-35 5.13365e-34 5.21769e-34 0.000217264 9.1349e-05 0.000193598 1.03582e-33 0.104673 0.106433 0.10592 
1.84671e-34 1.88679e-34 0.202925 0.10811 0.108454 7.70931e-35 -4.7504e-34 -4.42445e-34 0.000442739 0.000134025 0.000148124 -9.17665e-34 0.0962389 0.0896293 0.0929444 
1.83101e-34 1.84032e-34 0.198029 0.105224 0.105261 7.97535e-35 -3.51457e-34 -3.21998e-34 4.82733e-05 1.29923e-05 1.56788e-05 -6.73481e-34 0.0711751 0.0652078 0.068191 
1.83153e-34 1.81478e-34 0.1977 0.105036 0.105037 7.98854e-35 -2.34094e-34 -2.04834e-34 1.83805e-06 4.17806e-07 5.72431e-07 -4.38929e-34 0.0474043 0.0414789 0.0444419 
0.500086 0.560854 0.305766 0.452347 0.398785 0.540116 -0.0822049 -0.125042 -0.0284214 -0.0705802 -0.051299 -0.105685 0.110459 0.115599 0.108711 
0.500623 0.476543 0.497776 0.498642 0.501852 0.491623 -0.033875 -0.0141112 -0.0158135 -0.0159815 -0.0239543 -0.0227773 0.124071 0.123216 0.1165 
0.500573 0.497776 0.476543 0.498642 0.494402 0.499997 -0.00715511 -0.0158135 -0.0141112 -0.0159815 -0.0104142 -0.0110702 0.114873 0.1165 0.123216 
0.44868 0.560854 0.557981 0.575758 0.534495 0.501071 -0.0651085 -0.125042 -0.167463 -0.154238 -0.115428 -0.0920953 0.113044 0.115599 0.126098 
0.419599 0.0518131 0.197895 0.122809 0.290856 0.193051 -0.272372 -0.0812496 -0.211748 -0.158672 -0.244806 -0.185994 0.0279567 0.0262309 0.0603429 
0.499976 0.477884 0.48824 0.483468 0.497042 0.494453 3.27324e-08 5.2459e-08 4.81634e-08 6.37194e-08 3.74637e-08 4.7144e-08 0.00844889 0.00994228 0.014271 
-4.30681e-34 7.27529e-34 0.437592 0.234457 0.234409 6.19447e-34 -8.51686e-34 -1.48581e-33 -8.14783e-05 -5.13908e-05 -3.08621e-05 -3.18901e-33 0.357695 0.31197 0.334844 
0.99916 0.832985 0.701554 0.771829 0.933151 0.96134 -0.016519 -0.0064749 -0.00865468 -0.00805766 -0.0159088 -0.0120033 0.141262 0.166281 0.126146 
0.364411 0.197607 0.2299 0.214448 0.304171 0.28935 -0.00740682 -0.00223371 -0.00043352 -0.00124322 -0.00279468 -0.00489394 0.1278 0.131454 0.122467 
0.44868 0.305766 0.560854 0.452347 0.501071 0.39131 -0.0651085 -0.0284214 -0.125042 -0.0705802 -0.0920953 -0.049135 0.113044 0.108711 0.115599 
0.404395 0.48824 0.477884 0.483468 0.447582 0.456401 9.94674e-08 4.81634e-08 5.2459e-08 6.37194e-08 6.64241e-08 7.39184e-08 0.0109419 0.014271 0.00994228 
1.82982e-34 3.21881e-34 0.192424 0.109202 0.10181 5.90031e-35 -7.33526e-34 -6.95049e-34 -0.0122368 -0.00270918 -0.00365463 -1.41197e-33 0.147008 0.139001 0.144196 
7.27529e-34 0.749838 0.437592 0.609274 0.234457 0.437466 -1.48581e-33 -0.000379852 -8.14783e-05 -0.00017468 -5.13908e-05 -0.000111743 0.31197 0.315631 0.334844 
1.85222e-34 0.199436 0.151954 0.176125 0.079419 0.106164 -4.11358e-34 0.000162945 0.000168889 0.000165886 5.17139e-05 5.70443e-05 0.0833192 0.0804268 0.086463 
0.75 0.937353 0.586477 0.800467 0.67338 0.859295 -3.10216e-37 -0.000494986 -0.000164342 -0.000337258 -0.000114403 -0.000285226 0.358682 0.318113 0.3279 
0.309482 0.151954 0.199436 0.176125 0.257517 0.236641 0.000619445 0.000168889 0.000162945 0.000165886 0.000345351 0.000381482 0.0865321 0.086463 0.0804268 
1.83129e-34 0.198471 0.149424 0.174408 0.0780181 0.105485 -2.92652e-34 1.07997e-05 1.39868e-05 1.23713e-05 4.15886e-06 3.83639e-06 0.0592633 0.0564921 0.062235 
0.117749 0.197895 0.0518131 0.122809 0.0830001 0.143846 -0.141735 -0.211748 -0.0812496 -0.158672 -0.125463 -0.17613 0.0939388 0.0603429 0.0262309 
7.27529e-34 7.40328e-34 0.624347 0.349863 0.349575 4.30634e-34 -1.48581e-33 -1.26582e-33 -0.000488652 -0.000205502 -0.000135492 -2.75121e-33 0.31197 0.265712 0.280601 
0.307533 0.149424 0.198471 0.174408 0.256043 0.234363 5.38544e-05 1.39868e-05 1.07997e-05 1.23713e-05 2.63844e-05 3.26224e-05 0.0623788 0.062235 0.0564921 
1.87962e-34 3.34142e-34 0.192692 0.10218 0.10218 8.58068e-35 1.15346e-34 1.44184e-34 1.70603e-07 9.32149e-08 7.48721e-08 2.59529e-34 0.0235306 0.0294134 0.024931 
7.73492e-34 9.51878e-34 0.643845 0.36429 0.362924 4.17153e-34 -1.04198e-33 -8.10112e-34 -0.00202017 -0.00117131 -0.000560298 -1.84805e-33 0.218608 0.169117 0.200804 
0.285209 0.416441 0.334282 0.37936 0.312266 0.357864 -0.0125355 -0.0211983 -0.0319604 -0.0273505 -0.0208329 -0.0178384 0.137597 0.132477 0.14198 
0.44868 0.557981 0.502048 0.533807 0.482946 0.534495 -0.0651085 -0.167463 -0.0784104 -0.117542 -0.0754485 -0.115428 0.113044 0.126098 0.118802 
0.500086 0.305766 0.242853 0.279002 0.384735 0.398785 -0.0822049 -0.0284214 -0.0172165 -0.0237307 -0.0446907 -0.051299 0.110459 0.108711 0.104897 
1.8224e-34 0.146075 0.197698 0.172397 0.105027 0.0761861 2.88343e-34 1.30424e-05 1.04565e-05 1.24078e-05 3.43356e-06 3.64237e-06 0.0588207 0.0617533 0.0556504 
1.79633e-34 0.197698 0.146115 0.172416 0.0762043 0.105035 2.59529e-34 1.04565e-05 2.80444e-06 5.22747e-06 1.1296e-06 2.7319e-06 0.0529432 0.0556504 0.0500027 
1.81315e-34 0.145274 0.197146 0.171729 0.104588 0.075739 4.02165e-34 0.000154284 0.000155148 0.00016327 4.9283e-05 4.29226e-05 0.0820254 0.0847922 0.0789518 
1.79109e-34 0.197146 0.145859 0.172027 0.0760221 0.104704 3.74166e-34 0.000155148 5.03246e-05 8.42103e-05 1.83306e-05 4.25467e-05 0.0763195 0.0789518 0.0734271 
1.7553e-34 0.141275 0.193681 0.167894 0.101741 0.0731156 4.98368e-34 0.000434061 0.000763513 0.000631662 0.000237245 0.000141128 0.101598 0.103222 0.0994945 
1.75012e-34 0.193681 0.143727 0.169206 0.0744956 0.102321 4.7844e-34 0.000763513 0.000349385 0.000483207 0.000118245 0.000239906 0.0975407 0.0994945 0.0951954 
0.306319 0.146115 0.197698 0.172416 0.255019 0.232207 9.9519e-06 2.80444e-06 1.04565e-05 5.22747e-06 1.1259e-05 6.33481e-06 0.0497736 0.0500027 0.0556504 
0.305825 0.145859 0.197146 0.172027 0.254486 0.231794 0.000188946 5.03246e-05 0.000155148 8.42103e-05 0.000188323 0.000116579 0.0732263 0.0734271 0.0789518 
0.330386 0.197698 0.146075 0.172397 0.246607 0.268809 5.14458e-05 1.04565e-05 1.30424e-05 1.24078e-05 3.23778e-05 2.61976e-05 0.0609352 0.0556504 0.0617533 
0.303223 0.143727 0.193681 0.169206 0.251384 0.229213 0.00125326 0.000349385 0.000763513 0.000483207 0.0010676 0.000788055 0.095188 0.0951954 0.0994945 
0.329334 0.197146 0.145274 0.171729 0.245576 0.268013 0.000616084 0.000155148 0.000154284 0.00016327 0.000384952 0.0003472 0.0840965 0.0789518 0.0847922 
0.325376 0.193681 0.141275 0.167894 0.241085 0.263896 0.00130354 0.000763513 0.000434061 0.000631662 0.000942658 0.00118782 0.103405 0.0994945 0.103222 
9.51878e-34 0.832985 0.643845 0.746904 0.36429 0.506088 -8.10112e-34 -0.0064749 -0.00202017 -0.00342862 -0.00117131 -0.00212633 0.169117 0.166281 0.200804 
0.49721 0.482502 0.557981 0.526998 0.540376 0.489363 -0.211448 -0.155938 -0.167463 -0.168138 -0.192763 -0.183144 0.132919 0.136608 0.126098 
0.331091 0.198471 0.147144 0.173309 0.247495 0.269552 1.33649e-05 1.07997e-05 2.80732e-06 5.37763e-06 7.64991e-06 1.33501e-05 0.0510949 0.0564921 0.0504161 
1.83947e-34 0.147144 0.198471 0.173309 0.105476 0.0767722 -2.63364e-34 2.80732e-06 1.07997e-05 5.37763e-06 2.87933e-06 9.87325e-07 0.0533318 0.0504161 0.0564921 
0.31288 0.160583 0.209552 0.185703 0.264226 0.242611 0.000761166 0.000301121 0.000698716 0.000537672 0.000923437 0.000597535 0.113435 0.115414 0.10712 
1.16908e-34 0.169601 2.77776e-34 0.0891771 1.13778e-34 0.0891772 7.60038e-41 1.94596e-08 -2.92634e-35 1.37878e-08 -2.92633e-35 1.14169e-08 -2.54548e-08 0.00381639 0.00592584 
2.68793e-34 0.242853 0.305766 0.279002 0.163879 0.115246 4.90993e-34 -0.0172165 -0.0284214 -0.0237307 -0.00776793 -0.00418877 0.102088 0.104897 0.108711 
0.419599 0.547137 0.151932 0.320258 0.288418 0.466133 -0.272372 -0.225178 -0.0882073 -0.165993 -0.19955 -0.248132 0.0279567 -0.0504393 -0.0503608 
1.98364e-34 0.209552 0.160583 0.185703 0.0847275 0.112877 -5.48625e-34 0.000698716 0.000301121 0.000537672 0.000117988 0.000237343 0.111165 0.10712 0.115414 
1.18661e-34 2.76932e-34 0.180918 0.0955175 0.0955175 1.00225e-34 -3.80953e-41 2.88363e-35 -3.55127e-10 -4.16977e-09 -9.68666e-09 2.88362e-35 -1.1321e-08 0.0058826 0.00366008 
0.331804 0.199436 0.146563 0.173504 0.247692 0.270405 0.000251177 0.000162945 5.49399e-05 9.16901e-05 0.000146076 0.000222004 0.0748325 0.0804268 0.0742301 
0.429464 0.334282 0.416441 0.37936 0.424233 0.385808 -0.0487658 -0.0319604 -0.0211983 -0.0273505 -0.0329789 -0.0414002 0.137937 0.14198 0.132477 
1.84377e-34 0.202058 0.152931 0.177963 0.0799455 0.107532 2.01861e-34 2.05226e-06 5.87864e-07 1.10836e-06 2.59574e-07 6.01546e-07 0.0411795 0.0440995 0.0384883 
1.84229e-34 0.146563 0.199436 0.173504 0.106035 0.0764977 -3.81176e-34 5.49399e-05 0.000162945 9.16901e-05 4.70268e-05 1.8097e-05 0.0771996 0.0742301 0.0804268 
1.88679e-34 0.151954 0.202925 0.177877 0.10811 0.0795699 -4.42445e-34 0.000168889 0.000442739 0.000262989 0.000134025 5.89717e-05 0.0896293 0.086463 0.0929444 
1.83579e-34 0.146115 0.202058 0.174688 0.10753 0.0762069 2.30699e-34 2.80444e-06 2.05226e-06 2.49079e-06 7.87666e-07 8.67441e-07 0.0470623 0.0500027 0.0440995 
1.84671e-34 0.202925 0.143263 0.173813 0.0747357 0.108454 -4.7504e-34 0.000442739 0.0003375 0.000382311 0.000101549 0.000148124 0.0962389 0.0929444 0.0997673 
1.84032e-34 0.149424 0.198029 0.174171 0.105224 0.0780315 -3.21998e-34 1.39868e-05 4.82733e-05 2.51984e-05 1.29923e-05 5.15296e-06 0.0652078 0.062235 0.068191 
1.80663e-34 0.197256 0.146075 0.172173 0.076174 0.104782 3.171e-34 4.47046e-05 1.30424e-05 2.2829e-05 4.92535e-06 1.26932e-05 0.0646853 0.0676083 0.0617533 
1.80526e-34 0.145859 0.197256 0.172064 0.104747 0.0760689 3.45758e-34 5.03246e-05 4.47046e-05 4.80083e-05 1.56169e-05 1.49682e-05 0.0705292 0.0734271 0.0676083 
1.79015e-34 0.195648 0.145274 0.170999 0.0755982 0.103787 4.29286e-34 0.000415493 0.000154284 0.000235505 5.3036e-05 0.000125891 0.0875434 0.0901965 0.0847922 
1.77895e-34 0.143727 0.195648 0.170178 0.103463 0.0748166 4.55046e-34 0.000349385 0.000415493 0.000382501 0.000142004 0.000110197 0.0927848 0.0951954 0.0901965 
1.71906e-34 0.191617 0.141275 0.166553 0.0727327 0.0999683 5.13365e-34 0.000217264 0.000434061 0.000307228 0.00012029 0.000193598 0.104673 0.10592 0.103222 
1.83101e-34 0.198029 0.146563 0.172797 0.0764491 0.105261 -3.51457e-34 4.82733e-05 5.49399e-05 5.15378e-05 1.47862e-05 1.56788e-05 0.0711751 0.068191 0.0742301 
1.69674e-34 0.139045 0.191617 0.165494 0.0997434 0.0706918 5.21769e-34 -0.000763637 0.000217264 -0.000337888 9.1349e-05 -0.000115118 0.106433 0.10714 0.10592 
1.81478e-34 0.144307 0.1977 0.171546 0.105036 0.0752185 -2.04834e-34 3.09245e-07 1.83805e-06 8.16343e-07 4.17806e-07 1.10462e-07 0.0414789 0.0385163 0.0444419 
1.83153e-34 0.1977 0.147144 0.17291 0.0767695 0.105037 -2.34094e-34 1.83805e-06 2.80732e-06 2.3194e-06 7.17324e-07 5.72431e-07 0.0474043 0.0444419 0.0504161 
0.364411 0.476543 0.416441 0.451345 0.393034 0.432113 -0.00740682 -0.0141112 -0.0211983 -0.017761 -0.0132614 -0.0110248 0.1278 0.123216 0.132477 
0.498826 0.497455 0.466254 0.486306 0.494373 0.49991 8.95495e-08 2.95133e-08 2.27791e-07 9.09493e-08 1.62229e-07 4.91051e-08 0.027488 0.0239958 0.0267641 
1.18661e-34 0.180918 0.244889 0.213797 0.132649 0.0955175 -3.80953e-41 -3.55127e-10 -3.41394e-09 -3.09683e-09 -1.30848e-08 -9.68666e-09 -1.1321e-08 0.00366008 7.86019e-09 
0.238832 0.377293 0.230313 0.308736 0.238027 0.307905 -0.0812925 -0.162335 -0.154198 -0.164181 -0.117573 -0.124051 0.145527 0.142685 0.130549 
1.16908e-34 0.244889 0.169601 0.20846 0.0891772 0.132649 7.60038e-41 6.49888e-09 1.94596e-08 1.13734e-08 1.14169e-08 1.46238e-08 -2.54548e-08 8.36557e-09 0.00381639 
0.355531 0.477846 0.434152 0.458905 0.398654 0.430064 1.12787e-08 -6.27151e-09 2.08768e-07 6.92531e-08 6.10641e-08 -1.93936e-09 0.0231955 0.0237179 0.0284203 
2.57121e-34 0.305766 0.234487 0.266777 0.12256 0.147921 5.05388e-34 -0.0284214 -0.0139487 -0.0205167 -0.00380545 -0.00581509 0.104943 0.108711 0.10777 
0.364411 0.2299 0.396736 0.323329 0.381606 0.304171 -0.00740682 -0.00043352 -0.00185923 -0.0012695 -0.0042073 -0.00279468 0.1278 0.122467 0.119224 
0.31288 0.396736 0.2299 0.323329 0.273508 0.358407 0.000761166 -0.00185923 -0.00043352 -0.0012695 0.000148066 -0.000156354 0.113435 0.119224 0.122467 
0.500623 0.50658 0.4875 0.50363 0.496464 0.503951 -0.033875 -0.0571625 -0.0685301 -0.064187 -0.0489798 -0.0447993 0.124071 0.123687 0.132923 
3.01755e-34 1.88452e-34 0.187094 0.0990034 0.0990034 9.35051e-35 -1.46313e-34 -1.17052e-34 5.32958e-09 -2.68439e-08 3.69062e-09 -2.63365e-34 0.0296284 0.0237029 0.0254499 
0.499632 0.497455 0.477846 0.497548 0.492977 0.499726 -9.41411e-09 2.95133e-08 -6.27151e-09 -1.4477e-09 -2.31578e-08 -7.93265e-09 0.0192418 0.0239958 0.0237179 
0.498826 0.477846 0.497455 0.497548 0.49991 0.491633 8.95495e-08 -6.27151e-09 2.95133e-08 -1.4477e-09 4.91051e-08 1.20774e-08 0.027488 0.0237179 0.0239958 
0.489773 0.489772 0.499975 0.497463 0.497387 0.499976 -1.29282e-08 -1.35051e-10 1.40443e-08 8.20853e-09 9.55778e-10 6.1453e-09 4.66589e-09 -7.90867e-10 0.00381185 
0.31288 0.2299 0.160583 0.19671 0.242611 0.273508 0.000761166 -0.00043352 0.000301121 3.93007e-05 0.000597535 0.000148066 0.113435 0.122467 0.115414 
2.04201e-34 0.160583 0.2299 0.19671 0.125622 0.0849577 -5.91728e-34 0.000301121 -0.00043352 3.93007e-05 -2.1406e-05 8.35576e-05 0.11983 0.115414 0.122467 
0.356801 0.4727 0.427544 0.452825 0.395156 0.426117 1.9997e-07 5.34293e-08 1.04412e-07 7.66268e-08 1.39424e-07 1.32362e-07 0.0221133 0.0211423 0.0170282 
7.40328e-34 0.773936 0.624347 0.703822 0.349863 0.455874 -1.26582e-33 -0.00130579 -0.000488652 -0.000725265 -0.000205502 -0.00040583 0.265712 0.243917 0.280601 
0.998618 0.773936 0.996881 0.929361 0.997775 0.934407 -0.00108882 -0.00130579 -0.00217494 -0.00193488 -0.00167944 -0.00141118 0.280101 0.243917 0.243582 
0.989229 0.996881 0.773936 0.929361 0.915894 0.993644 -0.00414847 -0.00217494 -0.00130579 -0.00193488 -0.00267764 -0.00282661 0.208663 0.243582 0.243917 
0.48178 0.396736 0.441342 0.420893 0.464553 0.447699 -0.0022316 -0.00185923 0.00121253 -6.43577e-05 2.15897e-05 -0.0022941 0.114317 0.119224 0.110041 
0.31288 0.441342 0.396736 0.420893 0.358407 0.386289 0.000761166 0.00121253 -0.00185923 -6.43577e-05 -0.000156354 0.000919948 0.113435 0.110041 0.119224 
1.3017e-33 8.00794e-35 0.151932 0.0217105 0.117312 5.17046e-34 -2.07442e-35 3.66119e-35 -0.0882073 0.0244933 -0.0427901 1.46523e-34 -0.111578 -0.0144217 -0.0503608 
0.331091 0.361367 0.198471 0.287733 0.269552 0.3466 1.33649e-05 3.83744e-05 1.07997e-05 2.32361e-05 1.33501e-05 2.31125e-05 0.0510949 0.0573904 0.0564921 
0.331804 0.36257 0.199436 0.288887 0.270405 0.347548 0.000251177 0.000544069 0.000162945 0.000333713 0.000222004 0.000377724 0.0748325 0.0812543 0.0804268 
0.419599 0.649565 0.747222 0.696357 0.598951 0.566661 -0.272372 -0.289559 -0.264823 -0.286295 -0.284678 -0.304308 0.0279567 0.0891392 0.0386518 
2.04201e-34 1.98364e-34 0.160583 0.0847275 0.0849577 1.36258e-34 -5.91728e-34 -5.48625e-34 0.000301121 0.000117988 8.35576e-05 -1.14035e-33 0.11983 0.111165 0.115414 
0.989229 0.643845 0.832985 0.746904 0.934551 0.877753 -0.00414847 -0.00202017 -0.0064749 -0.00342862 -0.00568551 -0.00360484 0.208663 0.200804 0.166281 
0.325376 0.355854 0.193681 0.28219 0.263896 0.340861 0.00130354 0.00174928 0.000763513 0.0012991 0.00118782 0.00158621 0.103405 0.0992831 0.0994945 
0.329334 0.359028 0.197146 0.285721 0.268013 0.344564 0.000616084 0.00040362 0.000155148 0.000285591 0.0003472 0.00049901 0.0840965 0.0780183 0.0789518 
0.330386 0.359607 0.197698 0.286321 0.268809 0.345346 5.14458e-05 2.57894e-05 1.04565e-05 1.87643e-05 2.61976e-05 3.65625e-05 0.0609352 0.054639 0.0556504 
1.81988e-34 0.152931 0.202103 0.177986 0.107557 0.0799459 1.73022e-34 5.87864e-07 4.19321e-07 5.31939e-07 1.70147e-07 1.83843e-07 0.0352964 0.0384883 0.0334516 
1.81988e-34 1.84377e-34 0.152931 0.0799455 0.0799459 1.29733e-34 1.73022e-34 2.01861e-34 5.87864e-07 2.59574e-07 1.83843e-07 3.74882e-34 0.0352964 0.0411795 0.0384883 
0.306593 0.202103 0.152931 0.177986 0.235339 0.257158 1.67329e-06 4.19321e-07 5.87864e-07 5.31939e-07 1.18582e-06 9.24531e-07 0.0384145 0.0334516 0.0384883 
1.88679e-34 1.85222e-34 0.151954 0.079419 0.0795699 1.33841e-34 -4.42445e-34 -4.11358e-34 0.000168889 5.17139e-05 5.89717e-05 -8.53943e-34 0.0896293 0.0833192 0.086463 
4.96003e-34 6.09675e-34 0.374383 0.201661 0.184481 3.6507e-34 4.36971e-34 4.53455e-34 -0.0216241 -0.00687139 -0.00500166 9.2955e-34 0.0933004 0.0967357 0.0992343 
2.68793e-34 4.09345e-34 0.242853 0.131864 0.115246 2.11302e-34 4.90993e-34 4.69475e-34 -0.0172165 -0.00528569 -0.00418877 9.90968e-34 0.102088 0.100031 0.104897 
1.84032e-34 1.83129e-34 0.149424 0.0780181 0.0780315 1.34105e-34 -3.21998e-34 -2.92652e-34 1.39868e-05 4.15886e-06 5.15296e-06 -6.14662e-34 0.0652078 0.0592633 0.062235 
1.8224e-34 1.80663e-34 0.146075 0.076174 0.0761861 1.3588e-34 2.88343e-34 3.171e-34 1.30424e-05 4.92535e-06 3.64237e-06 6.0543e-34 0.0588207 0.0646853 0.0617533 
1.83579e-34 1.79633e-34 0.146115 0.0762043 0.0762069 1.35947e-34 2.30699e-34 2.59529e-34 2.80444e-06 1.1296e-06 8.67441e-07 4.90225e-34 0.0470623 0.0529432 0.0500027 
1.81315e-34 1.79015e-34 0.145274 0.0755982 0.075739 1.34652e-34 4.02165e-34 4.29286e-34 0.000154284 5.3036e-05 4.29226e-05 8.31328e-34 0.0820254 0.0875434 0.0847922 
1.80526e-34 1.79109e-34 0.145859 0.0760221 0.0760689 1.35632e-34 3.45758e-34 3.74166e-34 5.03246e-05 1.83306e-05 1.49682e-05 7.19884e-34 0.0705292 0.0763195 0.0734271 
1.7553e-34 1.71906e-34 0.141275 0.0727327 0.0731156 1.27027e-34 4.98368e-34 5.13365e-34 0.000434061 0.00012029 0.000141128 1.01159e-33 0.101598 0.104673 0.103222 
1.77895e-34 1.75012e-34 0.143727 0.0744956 0.0748166 1.32057e-34 4.55046e-34 4.7844e-34 0.000349385 0.000118245 0.000110197 9.33257e-34 0.0927848 0.0975407 0.0951954 
0.783087 0.747222 0.649565 0.696357 0.732688 0.786183 -0.216513 -0.264823 -0.289559 -0.286295 -0.261601 -0.251124 0.0897143 0.0386518 0.0891392 
1.81478e-34 1.73314e-34 0.144307 0.075218 0.0752185 1.38582e-34 -2.04834e-34 -1.75573e-34 3.09245e-07 7.37336e-08 1.10462e-07 -3.80407e-34 0.0414789 0.0355536 0.0385163 
1.83947e-34 1.83153e-34 0.147144 0.0767695 0.0767722 1.36073e-34 -2.63364e-34 -2.34094e-34 2.80732e-06 7.17324e-07 9.87325e-07 -4.97461e-34 0.0533318 0.0474043 0.0504161 
1.69674e-34 1.65647e-34 0.139045 0.0713468 0.0706918 1.26245e-34 5.21769e-34 5.24958e-34 -0.000763637 -0.000324345 -0.000115118 1.04789e-33 0.106433 0.107283 0.10714 
1.84229e-34 1.83101e-34 0.146563 0.0764491 0.0764977 1.37178e-34 -3.81176e-34 -3.51457e-34 5.49399e-05 1.47862e-05 1.8097e-05 -7.32681e-34 0.0771996 0.0711751 0.0742301 
1.89174e-34 1.84671e-34 0.143263 0.0747357 0.0750274 1.45746e-34 -5.10042e-34 -4.7504e-34 0.0003375 0.000101549 0.000105758 -9.85331e-34 0.103345 0.0962389 0.0997673 
0.459625 0.475002 0.496386 0.487969 0.482761 0.467446 0.000478866 -0.00567403 -0.00175522 -0.0035937 -0.000541243 -0.00168874 0.106122 0.111107 0.109993 
0.867904 0.747222 0.861751 0.838541 0.885532 0.808141 -0.194294 -0.264823 -0.171191 -0.224602 -0.194154 -0.235173 0.0154213 0.0386518 0.0758109 
-2.58449e-34 -3.38538e-34 -0.00657195 -0.00106751 -0.00104941 -5.84859e-34 5.6329e-35 2.58874e-35 0.0219075 0.0172475 0.0209212 5.28779e-35 0.06042 0.0804563 0.0687813 
0.99916 0.999275 0.832985 0.95239 0.96134 0.999607 -0.016519 -0.00831032 -0.0064749 -0.00822354 -0.0120033 -0.0111738 0.141262 0.175909 0.166281 
0.989229 0.832985 0.999275 0.95239 0.995953 0.934551 -0.00414847 -0.0064749 -0.00831032 -0.00822354 -0.00636185 -0.00568551 0.208663 0.166281 0.175909 
-4.30681e-34 0.437592 0.75 0.609433 0.4375 0.234409 -8.51686e-34 -8.14783e-05 -3.58572e-37 -7.48187e-05 -1.7838e-37 -3.08621e-05 0.357695 0.334844 0.35777 
0.306378 0.355799 0.209552 0.289126 0.260517 0.332052 0.00122417 0.00163398 0.000698716 0.00115097 0.00101366 0.00146048 0.0999796 0.105198 0.10712 
1.65647e-34 0.202083 0.139045 0.169994 0.0713468 0.103417 5.24958e-34 -0.00379972 -0.000763637 -0.00200098 -0.000324345 -0.000907493 0.107283 0.10787 0.10714 
0.304244 0.139045 0.202083 0.169994 0.256139 0.227032 -0.00461218 -0.000763637 -0.00379972 -0.00200098 -0.00475326 -0.00230894 0.108123 0.10714 0.10787 
0.783087 0.861751 0.747222 0.838541 0.786183 0.826166 -0.216513 -0.171191 -0.264823 -0.224602 -0.251124 -0.195258 0.0897143 0.0758109 0.0386518 
0.500573 0.496386 0.475002 0.487969 0.49458 0.499499 -0.00715511 -0.00175522 -0.00567403 -0.0035937 -0.00676199 -0.0041135 0.114873 0.109993 0.111107 
0.305096 0.144307 0.196287 0.17081 0.253696 0.230703 1.49726e-06 3.09245e-07 2.14641e-07 2.77431e-07 6.7172e-07 8.77111e-07 0.0388644 0.0385163 0.0339136 
1.73314e-34 0.196287 0.144307 0.17081 0.075218 0.104229 -1.75573e-34 2.14641e-07 3.09245e-07 2.77431e-07 7.37336e-08 5.01706e-08 0.0355536 0.0339136 0.0385163 
0.0819699 0.0287475 -0.00497967 0.00966836 0.0266651 0.0556137 -0.0512341 -0.0501753 -0.0118067 -0.0266848 -0.0310481 -0.0561633 0.125463 0.0936182 0.0987646 
0.867904 0.547137 0.747222 0.670324 0.808141 0.749316 -0.194294 -0.225178 -0.264823 -0.260066 -0.235173 -0.22066 0.0154213 -0.0504393 0.0386518 
1.18382e-34 0.141595 0.100341 0.122407 0.0561601 0.0698332 -7.4448e-34 -0.0175111 -0.0230531 -0.020818 -0.00650526 -0.00513018 0.148846 0.146545 0.142147 
1.3017e-33 0.151932 0.547137 0.320258 0.345724 0.117312 -2.07442e-35 -0.0882073 -0.225178 -0.165993 -0.1484 -0.0427901 -0.111578 -0.0503608 -0.0504393 
0.273168 0.192424 0.334282 0.268277 0.306005 0.237609 -0.0438558 -0.0122368 -0.0319604 -0.0223161 -0.0382033 -0.0259349 0.146887 0.144196 0.14198 
0.306319 0.197698 0.359607 0.286321 0.334034 0.255019 9.9519e-06 1.04565e-05 2.57894e-05 1.87643e-05 1.63085e-05 1.1259e-05 0.0497736 0.0556504 0.054639 
0.285209 0.334282 0.192424 0.268277 0.24073 0.312266 -0.0125355 -0.0319604 -0.0122368 -0.0223161 -0.0131472 -0.0208329 0.137597 0.14198 0.144196 
0.305825 0.197146 0.359028 0.285721 0.33351 0.254486 0.000188946 0.000155148 0.00040362 0.000285591 0.000282707 0.000188323 0.0732263 0.0789518 0.0780183 
0.303223 0.193681 0.355854 0.28219 0.330559 0.251384 0.00125326 0.000763513 0.00174928 0.0012991 0.00155031 0.0010676 0.095188 0.0994945 0.0992831 
0.309482 0.199436 0.36257 0.288887 0.337097 0.257517 0.000619445 0.000162945 0.000544069 0.000333713 0.000595459 0.000345351 0.0865321 0.0804268 0.0812543 
0.307533 0.198471 0.361367 0.287733 0.33555 0.256043 5.38544e-05 1.07997e-05 3.83744e-05 2.32361e-05 4.62188e-05 2.63844e-05 0.0623788 0.0564921 0.0573904 
0.461179 0.466963 0.495214 0.484263 0.482289 0.464135 0.000108898 0.000213695 0.000157135 0.000186799 0.000131639 0.000154481 0.0618655 0.0674684 0.0637399 
0.446358 0.441342 0.355799 0.403435 0.406526 0.443953 0.00203958 0.00121253 0.00163398 0.00168796 0.0018651 0.00167613 0.104999 0.110041 0.105198 
0.499975 0.495214 0.466963 0.484263 0.491592 0.49874 0.000254344 0.000157135 0.000213695 0.000186799 0.000241927 0.000201938 0.0676503 0.0637399 0.0674684 
0.459421 0.497776 0.475002 0.488444 0.466887 0.483979 -0.0175332 -0.0158135 -0.00567403 -0.00988783 -0.0108241 -0.0169556 0.112955 0.1165 0.111107 
1.87962e-34 0.192692 0.198946 0.195827 0.105749 0.10218 1.15346e-34 1.70603e-07 1.23471e-07 1.41245e-07 6.35402e-08 7.48721e-08 0.0235306 0.024931 0.0210199 
0.460393 0.465897 0.494867 0.483567 0.481669 0.463231 0.00120093 0.00176809 0.00156074 0.00171046 0.00138004 0.0014963 0.0851789 0.0905889 0.0871592 
0.500573 0.475002 0.497776 0.488444 0.499997 0.49458 -0.00715511 -0.00567403 -0.0158135 -0.00988783 -0.0110702 -0.00676199 0.114873 0.111107 0.1165 
0.499955 0.494867 0.465897 0.483567 0.490987 0.49856 0.00203881 0.00156074 0.00176809 0.00171046 0.00198045 0.0018018 0.0912215 0.0871592 0.0905889 
1.88452e-34 0.204646 0.187094 0.195933 0.0990034 0.109019 -1.17052e-34 -2.66865e-08 5.32958e-09 -2.26767e-08 -2.68439e-08 -4.37799e-08 0.0237029 0.0216382 0.0254499 
0.499977 0.491733 0.495743 0.499811 0.498936 0.497892 1.97089e-06 6.1668e-07 7.12348e-07 6.59674e-07 1.19164e-06 1.10019e-06 0.0363056 0.0317662 0.0320215 
0.453609 0.468675 0.495067 0.484726 0.479614 0.461511 2.60242e-06 7.55396e-06 4.54371e-06 5.89751e-06 3.39856e-06 4.42645e-06 0.0378297 0.0436731 0.040203 
0.499977 0.495067 0.468675 0.484726 0.492085 0.498723 9.40036e-06 4.54371e-06 7.55396e-06 5.89751e-06 8.66434e-06 6.68005e-06 0.0441179 0.040203 0.0436731 
0.867904 0.861751 0.937301 0.902584 0.926951 0.885532 -0.194294 -0.171191 -0.125274 -0.152559 -0.163471 -0.194154 0.0154213 0.0758109 0.0643645 
0.499977 0.495352 0.467631 0.484619 0.491959 0.498847 9.40036e-06 1.73818e-05 8.5482e-06 1.24727e-05 9.10287e-06 1.28148e-05 0.0441179 0.0480267 0.0444406 
0.461658 0.467631 0.495352 0.484619 0.482585 0.464708 2.11012e-05 8.5482e-06 1.73818e-05 1.24727e-05 1.94316e-05 1.36965e-05 0.0500235 0.0444406 0.0480267 
0.314698 0.202103 0.357871 0.287111 0.336999 0.261726 3.81633e-07 4.19321e-07 9.35214e-07 7.1847e-07 5.63872e-07 4.36046e-07 0.0285781 0.0334516 0.0336228 
0.306593 0.357871 0.202103 0.287111 0.257158 0.333218 1.67329e-06 9.35214e-07 4.19321e-07 7.1847e-07 9.24531e-07 1.24645e-06 0.0384145 0.0336228 0.0334516 
0.500086 0.677192 0.560854 0.617488 0.540116 0.603874 -0.0822049 -0.17567 -0.125042 -0.151611 -0.105685 -0.127279 0.110459 0.111112 0.115599 
0.386185 0.552953 0.649565 0.595087 0.511977 0.481047 -0.270468 -0.267046 -0.289559 -0.282089 -0.297991 -0.278494 0.109204 0.116415 0.0891392 
0.499975 0.495459 0.469822 0.485473 0.492563 0.498895 0.000254344 0.000379497 0.000235877 0.000304074 0.000248942 0.000313105 0.0676503 0.0715659 0.0681975 
0.462138 0.469822 0.495459 0.485473 0.48285 0.466084 0.000415955 0.000235877 0.000379497 0.000304074 0.000405083 0.000314934 0.0736452 0.0681975 0.0715659 
0.638604 0.560854 0.677192 0.617488 0.665947 0.615516 -0.220728 -0.125042 -0.17567 -0.151611 -0.203706 -0.172357 0.116827 0.115599 0.111112 
0.419599 0.747222 0.547137 0.670324 0.466133 0.598951 -0.272372 -0.264823 -0.225178 -0.260066 -0.248132 -0.284678 0.0279567 0.0386518 -0.0504393 
0.499955 0.498874 0.472044 0.489938 0.493395 0.499775 0.00203881 0.0024216 0.00190576 0.0022123 0.00198228 0.00226556 0.0912215 0.0955219 0.0924336 
0.638604 0.649565 0.552953 0.595087 0.609832 0.654085 -0.220728 -0.289559 -0.267046 -0.282089 -0.251092 -0.260356 0.116827 0.0891392 0.116415 
0.343207 0.366167 0.202083 0.291225 0.272134 0.353858 -0.0238712 -0.0166471 -0.00379972 -0.00943556 -0.0111371 -0.0204297 0.109769 0.110315 0.10787 
0.45509 0.472044 0.498874 0.489938 0.484926 0.464091 0.00227411 0.00190576 0.0024216 0.0022123 0.00244982 0.00212178 0.0991064 0.0924336 0.0955219 
0.758458 0.937301 0.861751 0.902584 0.835577 0.868263 -0.0890151 -0.125274 -0.171191 -0.152559 -0.128303 -0.110857 0.0930616 0.0643645 0.0758109 
0.409257 0.482502 0.377293 0.43705 0.398072 0.445337 -0.090671 -0.155938 -0.162335 -0.163436 -0.124601 -0.122767 0.143975 0.136608 0.142685 
0.49721 0.377293 0.482502 0.43705 0.489363 0.435465 -0.211448 -0.162335 -0.155938 -0.163436 -0.183144 -0.192859 0.132919 0.142685 0.136608 
0.289185 0.342814 0.196287 0.275529 0.24485 0.316982 1.31465e-07 5.77944e-07 2.14641e-07 4.33648e-07 2.12473e-07 3.05608e-07 0.0290845 0.0332714 0.0339136 
-0.00853167 -0.00497967 0.0287475 0.00966836 0.00484408 -0.00564547 -0.00263539 -0.0118067 -0.0501753 -0.0266848 -0.0247117 -0.0100437 0.0810966 0.0987646 0.0936182 
0.304244 0.202083 0.366167 0.291225 0.334796 0.256139 -0.00461218 -0.00379972 -0.0166471 -0.00943556 -0.00935814 -0.00475326 0.108123 0.10787 0.110315 
0.305096 0.196287 0.342814 0.275529 0.324461 0.253696 1.49726e-06 2.14641e-07 5.77944e-07 4.33648e-07 9.24229e-07 6.7172e-07 0.0388644 0.0339136 0.0332714 
0.466254 0.497455 0.4727 0.488381 0.469563 0.486306 2.27791e-07 2.95133e-08 5.34293e-08 3.28154e-08 1.1661e-07 9.09493e-08 0.0267641 0.0239958 0.0211423 
0.50951 0.4875 0.50658 0.50363 0.510603 0.498286 -0.10473 -0.0685301 -0.0571625 -0.064187 -0.078283 -0.0859389 0.131546 0.132923 0.123687 
0.50009 0.492493 0.492783 0.500104 0.498689 0.497764 0.00104984 0.00231015 0.00242043 0.00236761 0.00200769 0.00186374 0.10738 0.103689 0.10226 
0.499967 0.493865 0.493528 0.499984 0.49824 0.49858 0.0011745 0.000820891 0.000817291 0.000828961 0.000993016 0.000995882 0.0833752 0.0793975 0.0793734 
0.499976 0.493637 0.493707 0.499978 0.498361 0.498442 9.71277e-05 5.59248e-05 5.5967e-05 5.6846e-05 7.44543e-05 7.43028e-05 0.059838 0.0558443 0.0558835 
0.499632 0.4727 0.497455 0.488381 0.499726 0.494604 -9.41411e-09 5.34293e-08 2.95133e-08 3.28154e-08 -7.93265e-09 1.03645e-08 0.0192418 0.0211423 0.0239958 
0.498826 0.495743 0.491733 0.499811 0.496088 0.499734 8.95495e-08 7.12348e-07 6.1668e-07 6.59674e-07 3.00961e-07 3.40771e-07 0.027488 0.0320215 0.0317662 
0.499978 0.493707 0.493637 0.499978 0.498378 0.498425 3.22279e-05 5.5967e-05 5.59248e-05 5.6846e-05 4.28421e-05 4.29817e-05 0.0519529 0.0558835 0.0558443 
0.499978 0.493528 0.493865 0.499984 0.498469 0.498344 0.000569077 0.000817291 0.000820891 0.000828961 0.00068649 0.000686689 0.075482 0.0793734 0.0793975 
0.500036 0.492783 0.492493 0.500104 0.498422 0.497998 0.00258301 0.00242043 0.00231015 0.00236761 0.00253182 0.00255539 0.098986 0.10226 0.103689 
-3.38538e-34 -0.0127604 -0.00657195 -0.00989346 -0.00106751 -0.00430704 2.58874e-35 0.0103356 0.0219075 0.0176739 0.0172475 0.01207 0.0804563 0.0821686 0.0687813 
-0.00853167 -0.00657195 -0.0127604 -0.00989346 -0.0147426 -0.0119505 -0.00263539 0.0219075 0.0103356 0.0176739 0.0094365 0.0128153 0.0810966 0.0687813 0.0821686 
-2.58449e-34 -0.00657195 -0.00620464 -0.0065912 -0.00678367 -0.00104941 5.6329e-35 0.0219075 -0.00241315 0.0168209 0.0432469 0.0209212 0.06042 0.0687813 0.0568914 
-0.00853167 -0.00620464 -0.00657195 -0.0065912 -0.0119505 -0.00634307 -0.00263539 -0.00241315 0.0219075 0.0168209 0.0128153 -0.00281597 0.0810966 0.0568914 0.0687813 
