0.48458 0.84933 1.1028e-33 0.570116 0.290338 0.681908 -0.116949 -0.0619248 2.69791e-36 -0.0835855 -0.0825189 -0.113298 -0.0238627 0.0168971 -0.0709104 
0.0114802 0.03654 0.321573 0.164098 0.152089 0.0216516 -0.039282 -0.0628238 -0.139877 -0.100216 -0.0891643 -0.0531763 0.033665 0.0623853 0.0552713 
0.499993 0.462174 0.495138 0.496078 0.498742 0.490655 -0.000558419 2.73294e-05 -0.000150057 -3.25917e-05 -0.000399538 -0.000323733 0.0440958 0.0499919 0.0478904 
0.499975 0.453284 0.498142 0.493204 0.499969 0.486993 0.0107984 0.0141817 0.0145595 0.0154091 0.0127281 0.0130368 0.0676476 0.0736645 0.0712532 
0.50457 0.441175 0.513328 0.493717 0.50898 0.483692 0.0148263 0.0096716 0.00232165 0.00619135 0.0094864 0.0123756 0.0892967 0.0862335 0.0933549 
0.361519 0.341385 0.606629 0.493588 0.512647 0.35028 -0.151379 -0.133223 -0.165269 -0.160417 -0.171316 -0.143867 0.0819812 0.102989 0.0893812 
0.384028 0.30747 0.203119 0.258138 0.304075 0.348178 -0.000429872 -0.000322067 -0.000153148 -0.000244821 -0.000298309 -0.000395584 0.0443813 0.038623 0.044523 
0.543859 0.455795 0.523202 0.501409 0.533769 0.518421 -0.0550307 -0.0600058 -0.0345052 -0.0488316 -0.0446596 -0.0622054 0.0995596 0.1151 0.102313 
0.885246 0.84933 0.48458 0.681908 0.73184 0.873472 -0.119705 -0.0619248 -0.116949 -0.113298 -0.125971 -0.0952453 0.00640153 0.0168971 -0.0238627 
0.418709 0.23237 0.338385 0.289861 0.382617 0.339892 0.00683167 0.00279693 0.0090596 0.00572973 0.00915699 0.00489031 0.0974116 0.0990832 0.0892992 
0.543859 0.516692 0.455795 0.486242 0.518421 0.541143 -0.0550307 -0.0947654 -0.0600058 -0.0775426 -0.0622054 -0.0757719 0.0995596 0.110286 0.1151 
0.357001 0.315089 0.466474 0.40604 0.421245 0.336712 -0.000160633 -0.000208653 -0.000393847 -0.000318435 -0.000269854 -0.000187363 0.0221062 0.0286148 0.0267731 
0.447431 0.466474 0.315089 0.40604 0.391332 0.457481 -0.000493219 -0.000393847 -0.000208653 -0.000318435 -0.000353325 -0.000448072 0.0320567 0.0267731 0.0286148 
0.499975 0.466077 0.494378 0.497112 0.498154 0.492703 0.0107984 0.00490773 0.00695194 0.00633417 0.00882609 0.00776385 0.0676476 0.0613993 0.064036 
0.499993 0.459013 0.495292 0.495495 0.498843 0.48961 -0.000558419 -0.000641269 -0.000696969 -0.000702387 -0.000652408 -0.00065891 0.0440958 0.0388242 0.0402604 
0.499984 0.459013 0.491556 0.478342 0.497787 0.489558 -0.000701416 -0.000641269 -0.000585967 -0.000641726 -0.000660529 -0.00070355 0.0363025 0.0388242 0.0317534 
0.491556 0.459013 0.440449 0.450162 0.471784 0.478342 -0.000585967 -0.000641269 -0.000500733 -0.000572982 -0.000553582 -0.000641726 0.0317534 0.0388242 0.0328874 
0.38809 0.200514 0.308204 0.25741 0.350185 0.30544 0.00607711 0.0014679 0.0018172 0.00187064 0.00357903 0.00365093 0.0667091 0.0666785 0.0609937 
0.418709 0.338385 0.485485 0.431228 0.459272 0.382617 0.00683167 0.0090596 0.0184691 0.0141365 0.0130466 0.00915699 0.0974116 0.0892992 0.087139 
0.0273049 -0.0209511 0.0213734 -0.0133313 0.0302059 -0.00808197 0.0513214 0.0676765 0.0279593 0.0574605 0.041538 0.0680272 -0.00850689 -0.00111528 0.0018627 
0.612534 0.667207 0.566738 0.63925 0.588385 0.66502 -0.118851 -0.174093 -0.100534 -0.139819 -0.111122 -0.150376 0.0727508 0.0756881 0.0798674 
0.516692 0.505691 0.364938 0.432955 0.450606 0.513367 -0.0947654 -0.139359 -0.083657 -0.113488 -0.0940727 -0.117676 0.110286 0.105851 0.121319 
0.606629 0.566738 0.667207 0.63925 0.63759 0.62759 -0.165269 -0.100534 -0.174093 -0.139819 -0.170872 -0.138598 0.0893812 0.0798674 0.0756881 
0.38809 0.308204 0.466077 0.403157 0.432732 0.350185 0.00607711 0.0018172 0.00490773 0.00342509 0.00579011 0.00357903 0.0667091 0.0609937 0.0613993 
0.384028 0.454194 0.30747 0.393498 0.348178 0.423134 -0.000429872 -0.000618654 -0.000322067 -0.000487362 -0.000395584 -0.000554958 0.0443813 0.037943 0.038623 
0.577156 0.505691 0.516692 0.513367 0.551722 0.557589 -0.108516 -0.139359 -0.0947654 -0.117676 -0.103638 -0.127902 0.098355 0.105851 0.110286 
0.381438 0.304201 0.459013 0.395971 0.425238 0.345213 -0.000415726 -0.000324599 -0.000641269 -0.000499526 -0.000548238 -0.000395393 0.0440347 0.0386376 0.0388242 
0.384028 0.307665 0.462174 0.399895 0.428519 0.348286 -0.000429872 -0.000117607 2.73294e-05 -6.44584e-05 -0.000316541 -0.000293012 0.0443813 0.0504563 0.0499919 
0.50457 0.485485 0.488988 0.504962 0.497672 0.505254 0.0148263 0.0184691 0.021432 0.0204148 0.0188218 0.0174132 0.0892967 0.087139 0.0848841 
0.377612 0.296498 0.453284 0.388338 0.420332 0.339591 0.00586514 0.00603255 0.0141817 0.0103506 0.00967074 0.00621427 0.0688946 0.0742077 0.0736645 
0.343549 0.255737 0.441175 0.357631 0.393529 0.301348 0.0151753 0.00883262 0.0096716 0.0110193 0.0145592 0.0121864 0.0835196 0.0829749 0.0862335 
0.377612 0.33005 0.195018 0.267372 0.296754 0.355424 0.00586514 0.00175935 0.00141311 0.00186041 0.00351635 0.00345202 0.0688946 0.0622373 0.0690965 
0.384028 0.203119 0.307665 0.258285 0.348286 0.304075 -0.000429872 -0.000153148 -0.000117607 -0.000181821 -0.000293012 -0.000298309 0.0443813 0.044523 0.0504563 
0.377612 0.459965 0.33005 0.406334 0.355424 0.424406 0.00586514 0.00460731 0.00175935 0.00314669 0.00345202 0.0054906 0.0688946 0.0627006 0.0622373 
0.343549 0.301368 0.163111 0.235095 0.259228 0.322437 0.0151753 0.0119658 0.00475902 0.00848378 0.0102332 0.0141536 0.0835196 0.0814908 0.0831922 
0.377612 0.195018 0.296498 0.249291 0.339591 0.296754 0.00586514 0.00141311 0.00603255 0.00329233 0.00621427 0.00351635 0.0688946 0.0690965 0.0742077 
0.387501 0.285192 0.156038 0.222396 0.272281 0.331488 -0.0335687 -0.00493941 -0.00484206 -0.00665018 -0.0163214 -0.0167984 0.0776364 0.0794363 0.0744204 
0.343549 0.163111 0.255737 0.210064 0.301348 0.259228 0.0151753 0.00475902 0.00883262 0.00721612 0.0121864 0.0102332 0.0835196 0.0831922 0.0829749 
0.443004 0.33005 0.459965 0.406334 0.452051 0.394045 0.00144064 0.00175935 0.00460731 0.00314669 0.0027832 0.00174141 0.0566183 0.0622373 0.0627006 
0.343549 0.440923 0.301368 0.379676 0.322437 0.397303 0.0151753 0.0211149 0.0119658 0.017473 0.0141536 0.0186782 0.0835196 0.0826587 0.0814908 
0.426182 0.301368 0.440923 0.379676 0.433532 0.370672 0.0178395 0.0119658 0.0211149 0.017473 0.0199426 0.0156386 0.0787584 0.0814908 0.0826587 
0.390348 0.462952 0.487403 0.476792 0.450861 0.431458 -6.06224e-05 -4.89612e-05 -0.000120535 -7.75607e-05 -9.13073e-05 -5.55559e-05 0.0108671 0.00578216 0.0127487 
0.499981 0.487403 0.462952 0.476792 0.49072 0.496835 -7.88184e-05 -0.000120535 -4.89612e-05 -7.75607e-05 -6.49552e-05 -9.85854e-05 0.00844866 0.0127487 0.00578216 
0.387501 0.481513 0.285192 0.391462 0.331488 0.440497 -0.0335687 -0.0357866 -0.00493941 -0.0172478 -0.0167984 -0.036344 0.0776364 0.0859968 0.0794363 
0.424693 0.285192 0.481513 0.391462 0.450996 0.361787 -0.0050381 -0.00493941 -0.0357866 -0.0172478 -0.0186851 -0.00545569 0.0852166 0.0794363 0.0859968 
0.418709 0.482356 0.33842 0.424314 0.383371 0.45507 0.00683167 -0.0127288 -0.00565979 -0.0102193 0.000430379 -0.000660137 0.0974116 0.103494 0.109353 
0.460012 0.343442 0.470474 0.419644 0.465357 0.410536 0.0172714 0.00777013 0.0145173 0.0114695 0.0163005 0.0126685 0.0796645 0.0739577 0.0730013 
0.38809 0.470474 0.343442 0.419644 0.36654 0.435256 0.00607711 0.0145173 0.00777013 0.0114695 0.0071491 0.00998801 0.0667091 0.0730013 0.0739577 
0.442869 0.329803 0.46102 0.406956 0.452304 0.393656 0.00145623 -1.76877e-05 8.53675e-05 5.88635e-05 0.000671733 0.000489884 0.0552142 0.0503548 0.0495867 
0.381438 0.46102 0.329803 0.406956 0.35673 0.426534 -0.000415726 8.53675e-05 -1.76877e-05 5.88635e-05 -0.000251265 -0.000290772 0.0440347 0.0495867 0.0503548 
0.499987 0.495138 0.462174 0.496078 0.490689 0.498714 0.00070616 -0.000150057 2.73294e-05 -3.25917e-05 0.00035134 0.000218531 0.0519476 0.0478904 0.0499919 
0.387501 0.312842 0.566738 0.455091 0.478698 0.352634 -0.0335687 -0.0291274 -0.100534 -0.0612162 -0.062974 -0.0328553 0.0776364 0.0722923 0.0798674 
0.500072 0.498142 0.453284 0.493204 0.485395 0.500577 0.0188209 0.0145595 0.0141817 0.0154091 0.0170648 0.0167945 0.0753231 0.0712532 0.0736645 
0.447431 0.454194 0.495881 0.480656 0.478485 0.450865 -0.000493219 -0.000618654 -0.000596846 -0.000635109 -0.000560607 -0.00055992 0.0320567 0.037943 0.0320307 
0.517635 0.513328 0.441175 0.493717 0.490377 0.515434 -0.00936648 0.00232165 0.0096716 0.00619135 0.00159629 -0.00323539 0.0943749 0.0933549 0.0862335 
3.51592e-34 0.215463 0.295351 0.257059 0.163895 0.115262 -8.79145e-35 -1.88731e-05 -6.74518e-05 -3.84255e-05 -2.31087e-05 -9.31502e-06 0.017793 0.0117645 0.0170395 
0.499984 0.495881 0.454194 0.480656 0.488736 0.499017 -0.000701416 -0.000596846 -0.000618654 -0.000635109 -0.000685466 -0.000659839 0.0363025 0.0320307 0.037943 
1.65494e-34 3.41729e-34 0.21485 0.114929 0.114915 5.52092e-35 5.75731e-35 8.63834e-35 -1.75323e-05 -8.68721e-06 -4.38991e-06 1.44005e-34 0.0117458 0.0176308 0.0113052 
0.21485 3.41729e-34 0.29393 0.162991 0.255983 0.114929 -1.75323e-05 8.63834e-35 -6.44015e-05 -2.19297e-05 -3.62877e-05 -8.68721e-06 0.0113052 0.0176308 0.0166593 
0.460012 0.500406 0.485485 0.495364 0.473897 0.487215 0.0172714 0.0213534 0.0184691 0.0210546 0.0185807 0.0197258 0.0796645 0.0790346 0.087139 
0.381438 0.196634 0.304201 0.253318 0.345213 0.299628 -0.000415726 -0.000151815 -0.000324599 -0.000244843 -0.000395393 -0.000291278 0.0440347 0.0439983 0.0386376 
0.500647 0.485485 0.500406 0.495364 0.502614 0.502006 0.0228665 0.0184691 0.0213534 0.0210546 0.022592 0.0214775 0.0825794 0.087139 0.0790346 
0.500002 0.494378 0.466077 0.497112 0.491893 0.49847 0.00418686 0.00695194 0.00490773 0.00633417 0.00472922 0.00550166 0.0598442 0.064036 0.0613993 
0.499984 0.495292 0.459013 0.495495 0.489558 0.498878 -0.000701416 -0.000696969 -0.000641269 -0.000702387 -0.00070355 -0.000712511 0.0363025 0.0402604 0.0388242 
0.0213734 -0.0209511 -0.055628 -0.0360885 -0.0294257 -0.0133313 0.0279593 0.0676765 0.045833 0.0584283 0.0441395 0.0574605 0.0018627 -0.00111528 0.00505523 
1.12468e-33 0.844058 0.84253 0.84354 0.512712 0.512136 1.04301e-33 -0.00223711 -0.00554899 -0.00348712 -0.00161017 -0.00109831 0.213465 0.235313 0.181036 
0.387501 0.156038 0.312842 0.227889 0.352634 0.272281 -0.0335687 -0.00484206 -0.0291274 -0.0141431 -0.0328553 -0.0163214 0.0776364 0.0744204 0.0722923 
0.30747 0.153566 0.203119 0.178809 0.258138 0.236153 -0.000322067 -8.86026e-05 -0.000153148 -0.00011852 -0.000244821 -0.000200941 0.038623 0.0387144 0.044523 
0.381438 0.329803 0.196634 0.267879 0.299628 0.35673 -0.000415726 -1.76877e-05 -0.000151815 -0.000173181 -0.000291278 -0.000251265 0.0440347 0.0503548 0.0439983 
0.499975 0.463388 0.453284 0.458651 0.486993 0.489524 0.0107984 0.00902865 0.0141817 0.0115064 0.0130368 0.0102357 0.0676476 0.0682948 0.0736645 
0.50457 0.445901 0.441175 0.442621 0.483692 0.483473 0.0148263 0.0181249 0.0096716 0.0142935 0.0123756 0.0174353 0.0892967 0.0853326 0.0862335 
0.499993 0.469312 0.462174 0.465882 0.490655 0.492431 -0.000558419 -0.000547205 2.73294e-05 -0.000319568 -0.000323733 -0.000576236 0.0440958 0.0438704 0.0499919 
0.38809 0.343442 0.200514 0.276143 0.30544 0.36654 0.00607711 0.00777013 0.0014679 0.00396047 0.00365093 0.0071491 0.0667091 0.0739577 0.0666785 
2.77785e-34 0.272708 0.215463 0.244889 0.115288 0.149628 -2.93272e-35 -1.86011e-05 -1.88731e-05 -1.95244e-05 -3.45788e-06 -5.20202e-06 0.00593638 0.00699003 0.0117645 
0.500647 0.488988 0.485485 0.504962 0.502006 0.496105 0.0228665 0.021432 0.0184691 0.0204148 0.0214775 0.022453 0.0825794 0.0848841 0.087139 
0.447431 0.358479 0.454194 0.412911 0.450865 0.40836 -0.000493219 -0.0003628 -0.000618654 -0.000501807 -0.00055992 -0.00043853 0.0320567 0.0337217 0.037943 
0.30747 0.454194 0.358479 0.412911 0.333957 0.393498 -0.000322067 -0.000618654 -0.0003628 -0.000501807 -0.000353662 -0.000487362 0.038623 0.037943 0.0337217 
0.390348 0.442968 0.295351 0.380564 0.346526 0.418799 -6.06224e-05 -0.00016706 -6.74518e-05 -0.000117574 -6.70719e-05 -0.000103962 0.0108671 0.0178753 0.0170395 
0.418709 0.33842 0.23237 0.29139 0.339892 0.383371 0.00683167 -0.00565979 0.00279693 0.000660129 0.00489031 0.000430379 0.0974116 0.109353 0.0990832 
0.361519 0.606629 0.557205 0.59015 0.463942 0.512647 -0.151379 -0.165269 -0.183237 -0.178794 -0.170906 -0.171316 0.0819812 0.0893812 0.0741215 
3.51592e-34 1.67155e-34 0.215463 0.115277 0.115262 5.45879e-35 -8.79145e-35 -5.86235e-35 -1.88731e-05 -4.63438e-06 -9.31502e-06 -1.46484e-34 0.017793 0.0118704 0.0117645 
0.0213734 -0.088413 0.0750488 -0.0327415 0.0472548 -0.0411696 0.0279593 0.0150846 -0.0248893 0.00784428 0.00135478 0.027361 0.0018627 0.0162545 0.0124394 
0.338385 0.23237 0.170272 0.202202 0.262016 0.289861 0.0090596 0.00279693 0.00231371 0.00272838 0.00545927 0.00572973 0.0892992 0.0990832 0.089096 
0.470321 0.523202 0.455795 0.501409 0.464154 0.503214 -0.0367747 -0.0345052 -0.0600058 -0.0488316 -0.0481809 -0.0369298 0.11018 0.102313 0.1151 
0.355311 0.295351 0.442968 0.380564 0.404151 0.326642 -0.000175692 -6.74518e-05 -0.00016706 -0.000117574 -0.000178408 -0.0001129 0.0231966 0.0170395 0.0178753 
0.293692 0.349095 0.0750488 0.194882 0.175886 0.321425 -0.110557 -0.0942147 -0.0248893 -0.0534281 -0.0674401 -0.101428 0.0267842 0.00777909 0.0124394 
0.442869 0.493619 0.466077 0.482478 0.454978 0.474579 0.00145623 0.00196115 0.00490773 0.00332309 0.00291469 0.00174497 0.0552142 0.0555783 0.0613993 
0.460012 0.485485 0.383972 0.445714 0.42705 0.473897 0.0172714 0.0184691 0.0123001 0.0163442 0.0150664 0.0185807 0.0796645 0.087139 0.0819903 
0.500002 0.466077 0.493619 0.482478 0.498537 0.491893 0.00418686 0.00490773 0.00196115 0.00332309 0.00296496 0.00472922 0.0598442 0.0613993 0.0555783 
0.304201 0.342223 0.459013 0.410094 0.395971 0.323724 -0.000324599 -0.000331208 -0.000641269 -0.000501022 -0.000499526 -0.000339868 0.0386376 0.033174 0.0388242 
0.03654 0.147559 0.321573 0.225807 0.164098 0.0902141 -0.0628238 -0.0966944 -0.139877 -0.119754 -0.100216 -0.0808376 0.0623853 0.084233 0.0552713 
0.994971 0.983379 0.741058 0.906098 0.915252 0.991717 -0.0370519 -0.0642229 -0.0338855 -0.0509698 -0.041532 -0.0517767 0.0916057 0.0609659 0.0748723 
0.307665 0.360557 0.462174 0.419413 0.399895 0.335281 -0.000117607 0.000556669 2.73294e-05 0.00034543 -6.44584e-05 0.000120486 0.0504563 0.055531 0.0499919 
0.440449 0.459013 0.342223 0.410094 0.397202 0.450162 -0.000500733 -0.000641269 -0.000331208 -0.000501022 -0.000424356 -0.000572982 0.0328874 0.0388242 0.033174 
0.338385 0.383972 0.485485 0.445714 0.431228 0.362496 0.0090596 0.0123001 0.0184691 0.0163442 0.0141365 0.0110654 0.0892992 0.0819903 0.087139 
0.296498 0.341971 0.453284 0.405419 0.388338 0.320422 0.00603255 0.0113118 0.0141817 0.0133741 0.0103506 0.0085417 0.0742077 0.0779317 0.0736645 
0.255737 0.311928 0.441175 0.383398 0.357631 0.282679 0.00883262 0.00437435 0.0096716 0.00662853 0.0110193 0.00763703 0.0829749 0.0826197 0.0862335 
0.404431 0.380018 0.273379 0.330902 0.345865 0.392567 -6.60032e-05 -2.66818e-05 -1.83207e-05 -2.33285e-05 -3.79607e-05 -4.20522e-05 0.010928 0.00411994 0.0069415 
0.443004 0.462174 0.360557 0.419413 0.406356 0.453168 0.00144064 2.73294e-05 0.000556669 0.00034543 0.000956523 0.000591675 0.0566183 0.0499919 0.055531 
0.426182 0.453284 0.341971 0.405419 0.387789 0.440661 0.0178395 0.0141817 0.0113118 0.0133741 0.0147387 0.0163383 0.0787584 0.0736645 0.0779317 
0.424693 0.441175 0.311928 0.383398 0.370775 0.432427 -0.0050381 0.0096716 0.00437435 0.00662853 0.000916502 0.00316659 0.0852166 0.0862335 0.0826197 
0.308204 0.200514 0.149204 0.174931 0.234498 0.25741 0.0018172 0.0014679 0.000400308 0.000814846 0.00102685 0.00187064 0.0609937 0.0666785 0.0607833 
0.390348 0.272708 0.380093 0.330657 0.385282 0.336834 -6.06224e-05 -1.86011e-05 -2.6893e-05 -2.35099e-05 -4.02243e-05 -3.60819e-05 0.0108671 0.00699003 0.00413183 
0.606629 0.341385 0.505691 0.433986 0.556707 0.493588 -0.165269 -0.133223 -0.139359 -0.141552 -0.154413 -0.160417 0.0893812 0.102989 0.105851 
0.57708 0.349095 0.293692 0.321425 0.433031 0.473383 -0.167787 -0.0942147 -0.110557 -0.101428 -0.142012 -0.136504 0.0290204 0.00777909 0.0267842 
-1.17612e-34 -1.57283e-34 -0.088413 -0.0873946 -0.0745819 1.04446e-35 -3.32537e-35 -1.22202e-34 0.0150846 0.00646942 0.0103219 -1.77907e-34 0.0100501 0.0266352 0.0162545 
0.404431 0.466818 0.380018 0.430162 0.392567 0.439657 -6.60032e-05 -4.79417e-05 -2.66818e-05 -3.71786e-05 -4.20522e-05 -5.71748e-05 0.010928 0.00544331 0.00411994 
0.390348 0.380093 0.462952 0.427438 0.431458 0.385282 -6.06224e-05 -2.6893e-05 -4.89612e-05 -3.74993e-05 -5.55559e-05 -4.02243e-05 0.0108671 0.00413183 0.00578216 
0.442869 0.466077 0.360889 0.422045 0.406374 0.454978 0.00145623 0.00490773 0.00110499 0.00266661 0.00131335 0.00291469 0.0552142 0.0613993 0.0563141 
0.499975 0.473762 0.466077 0.4698 0.492703 0.494678 0.0107984 0.00977615 0.00490773 0.00710148 0.00776385 0.0105861 0.0676476 0.0673747 0.0613993 
0.308204 0.360889 0.466077 0.422045 0.403157 0.335534 0.0018172 0.00110499 0.00490773 0.00266661 0.00342509 0.00148318 0.0609937 0.0563141 0.0613993 
0.0114802 0.0750488 -0.088413 -0.0327415 -0.0567711 0.0419256 -0.039282 -0.0248893 0.0150846 0.00784428 -0.00329497 -0.0316959 0.033665 0.0124394 0.0162545 
0.361519 0.321573 0.147559 0.225807 0.251372 0.341937 -0.151379 -0.139877 -0.0966944 -0.119754 -0.126083 -0.148231 0.0819812 0.0552713 0.084233 
1.67155e-34 2.77785e-34 0.215463 0.115288 0.115277 5.46324e-35 -5.86235e-35 -2.93272e-35 -1.88731e-05 -3.45788e-06 -4.63438e-06 -8.79287e-35 0.0118704 0.00593638 0.0117645 
0.499993 0.466989 0.459013 0.463097 0.48961 0.491632 -0.000558419 -0.000514541 -0.000641269 -0.000632796 -0.00065891 -0.000532462 0.0440958 0.0442159 0.0388242 
0.312842 0.43869 0.566738 0.514088 0.455091 0.372956 -0.0291274 -0.0605559 -0.100534 -0.0819834 -0.0612162 -0.0432201 0.0722923 0.0708237 0.0798674 
8.6122e-34 1.12468e-33 0.84253 0.512712 0.50932 -4.15217e-35 8.22513e-34 1.04301e-33 -0.00554899 -0.00161017 -0.00224076 1.87151e-33 0.168561 0.213465 0.181036 
0.612534 0.566738 0.43869 0.514088 0.534366 0.588385 -0.118851 -0.100534 -0.0605559 -0.0819834 -0.088966 -0.111122 0.0727508 0.0798674 0.0708237 
0.33842 0.482356 0.37524 0.438877 0.358983 0.424314 -0.00565979 -0.0127288 -0.0235362 -0.0203327 -0.0134078 -0.0102193 0.109353 0.103494 0.115212 
0.0114802 -0.0760816 0.03654 -0.0374611 0.0216516 -0.0516182 -0.039282 -0.0138359 -0.0628238 -0.0343223 -0.0531763 -0.0258297 0.033665 0.0578591 0.0623853 
0.285192 0.102909 0.156038 0.127093 0.222396 0.193395 -0.00493941 -0.000269271 -0.00484206 -0.00214761 -0.00665018 -0.00178097 0.0794363 0.0779239 0.0744204 
0.301368 0.127218 0.163111 0.145875 0.235095 0.22002 0.0119658 0.00255053 0.00475902 0.00352331 0.00848378 0.00696737 0.0814908 0.0818994 0.0831922 
0.33005 0.146366 0.195018 0.171552 0.267372 0.24666 0.00175935 0.000360359 0.00141311 0.000749936 0.00186041 0.00100558 0.0622373 0.0631801 0.0690965 
0.255737 0.163111 0.110175 0.136169 0.184548 0.210064 0.00883262 0.00475902 0.00230122 0.0034194 0.00540902 0.00721612 0.0829749 0.0831922 0.0829722 
0.296498 0.195018 0.140674 0.168387 0.224114 0.249291 0.00603255 0.00141311 0.00141349 0.00147157 0.00353047 0.00329233 0.0742077 0.0690965 0.0745023 
0.307665 0.203119 0.147195 0.175803 0.233544 0.258285 -0.000117607 -0.000153148 -3.93299e-05 -9.23856e-05 -8.02108e-05 -0.000181821 0.0504563 0.044523 0.050731 
0.705937 0.994971 0.741058 0.915252 0.727596 0.908044 -0.014859 -0.0370519 -0.0338855 -0.041532 -0.0222935 -0.0263454 0.112752 0.0916057 0.0748723 
0.424693 0.481513 0.511659 0.499995 0.475789 0.450996 -0.0050381 -0.0357866 -0.0201484 -0.0281681 -0.0118102 -0.0186851 0.0852166 0.0859968 0.0922864 
0.426182 0.440923 0.487525 0.468358 0.462553 0.433532 0.0178395 0.0211149 0.021647 0.0220593 0.0202345 0.0199426 0.0787584 0.0826587 0.0789395 
0.543859 0.511659 0.481513 0.499995 0.530777 0.531726 -0.0550307 -0.0201484 -0.0357866 -0.0281681 -0.0466397 -0.0362151 0.0995596 0.0922864 0.0859968 
0.443004 0.459965 0.493739 0.480573 0.474745 0.452051 0.00144064 0.00460731 0.00200218 0.00323308 0.00175487 0.0027832 0.0566183 0.0627006 0.056147 
0.500647 0.487525 0.440923 0.468358 0.480515 0.495064 0.0228665 0.021647 0.0211149 0.0220593 0.0226915 0.022801 0.0825794 0.0789395 0.0826587 
0.500002 0.493739 0.459965 0.480573 0.48957 0.4983 0.00418686 0.00200218 0.00460731 0.00323308 0.0045974 0.00299227 0.0598442 0.056147 0.0627006 
0.424693 0.511659 0.441175 0.477749 0.432427 0.475789 -0.0050381 -0.0201484 0.0096716 -0.00174582 0.00316659 -0.0118102 0.0852166 0.0922864 0.0862335 
0.426182 0.487525 0.453284 0.472746 0.440661 0.462553 0.0178395 0.021647 0.0141817 0.0183532 0.0163383 0.0202345 0.0787584 0.0789395 0.0736645 
0.443004 0.493739 0.462174 0.481379 0.453168 0.474745 0.00144064 0.00200218 2.73294e-05 0.000760704 0.000591675 0.00175487 0.0566183 0.056147 0.0499919 
0.517635 0.441175 0.511659 0.477749 0.515956 0.490377 -0.00936648 0.0096716 -0.0201484 -0.00174582 -0.0147916 0.00159629 0.0943749 0.0862335 0.0922864 
0.500072 0.453284 0.487525 0.472746 0.495763 0.485395 0.0188209 0.0141817 0.021647 0.0183532 0.020475 0.0170648 0.0753231 0.0736645 0.0789395 
0.499987 0.462174 0.493739 0.481379 0.498509 0.490689 0.00070616 2.73294e-05 0.00200218 0.000760704 0.00129996 0.00035134 0.0519476 0.0499919 0.056147 
-0.0400273 -0.055628 -0.0209511 -0.0360885 -0.0312189 -0.0500543 0.0455583 0.045833 0.0676765 0.0584283 0.0582624 0.0484963 0.00511545 0.00505523 -0.00111528 
2.76919e-34 0.21485 0.273379 0.244954 0.15003 0.114904 2.87724e-35 -1.75323e-05 -1.83207e-05 -1.85939e-05 -5.22381e-06 -3.44354e-06 0.00587185 0.0113052 0.0069415 
8.23433e-34 1.07887e-33 0.837681 0.517069 0.506796 1.09877e-34 -5.54054e-34 -3.17424e-34 -0.0220328 -0.00791065 -0.00520332 -8.19246e-34 0.11479 0.0566327 0.083089 
0.50457 0.495156 0.485485 0.49061 0.505254 0.508278 0.0148263 0.00865724 0.0184691 0.0152269 0.0174132 0.0116071 0.0892967 0.0942183 0.087139 
0.608906 0.702284 0.429154 0.595909 0.518771 0.672204 -0.097666 -0.151914 -0.0562436 -0.10449 -0.076005 -0.127923 0.0611121 0.0653556 0.0658183 
0.612534 0.429154 0.702284 0.595909 0.658614 0.539427 -0.118851 -0.0562436 -0.151914 -0.10449 -0.135726 -0.0892026 0.0727508 0.0658183 0.0653556 
0.98969 0.84253 0.844058 0.84354 0.978339 0.978031 -0.00498474 -0.00554899 -0.00223711 -0.00348712 -0.00402259 -0.00640546 0.202934 0.181036 0.235313 
0.272995 0.364938 0.505691 0.432955 0.395312 0.322868 -0.095191 -0.083657 -0.139359 -0.113488 -0.123533 -0.0912784 0.117329 0.121319 0.105851 
0.443004 0.360557 0.33005 0.345855 0.394045 0.406356 0.00144064 0.000556669 0.00175935 0.00110646 0.00174141 0.000956523 0.0566183 0.055531 0.0622373 
0.426182 0.341971 0.301368 0.322254 0.370672 0.387789 0.0178395 0.0113118 0.0119658 0.0119156 0.0156386 0.0147387 0.0787584 0.0779317 0.0814908 
0.424693 0.311928 0.285192 0.297668 0.361787 0.370775 -0.0050381 0.00437435 -0.00493941 -0.000321247 -0.00545569 0.000916502 0.0852166 0.0826197 0.0794363 
0.470321 0.37524 0.482356 0.438877 0.477435 0.426852 -0.0367747 -0.0235362 -0.0127288 -0.0203327 -0.0236423 -0.0313905 0.11018 0.115212 0.103494 
0.304201 0.196634 0.143693 0.170709 0.229882 0.253318 -0.000324599 -0.000151815 -7.95373e-05 -0.00011206 -0.000194493 -0.000244843 0.0386376 0.0439983 0.0382874 
0.447431 0.315089 0.358479 0.337499 0.40836 0.391332 -0.000493219 -0.000208653 -0.0003628 -0.00028398 -0.00043853 -0.000353325 0.0320567 0.0286148 0.0337217 
0.499627 0.442968 0.487403 0.469195 0.495693 0.483388 -0.00024332 -0.00016706 -0.000120535 -0.000145141 -0.000174327 -0.000211933 0.0192422 0.0178753 0.0127487 
0.499627 0.487403 0.488276 0.499978 0.497986 0.495693 -0.00024332 -0.000120535 -0.000142237 -0.000136639 -0.000190053 -0.000174327 0.0192422 0.0127487 0.014264 
0.312842 0.156038 0.120664 0.13839 0.214968 0.227889 -0.0291274 -0.00484206 -0.00517756 -0.00548363 -0.0149625 -0.0141431 0.0722923 0.0744204 0.0698695 
0.329803 0.146049 0.196634 0.171787 0.267879 0.246128 -1.76877e-05 -3.89213e-05 -0.000151815 -9.34535e-05 -0.000173181 -5.51905e-05 0.0503548 0.049656 0.0439983 
0.885246 0.962798 0.84933 0.956214 0.873472 0.952926 -0.119705 -0.0888931 -0.0619248 -0.0888367 -0.0952453 -0.109262 0.00640153 0.044057 0.0168971 
1.12468e-33 9.52349e-34 0.844058 0.513532 0.512136 -3.21612e-35 1.04301e-33 1.26986e-33 -0.00223711 -0.000753567 -0.00109831 2.31655e-33 0.213465 0.25929 0.235313 
2.93381e-35 0.081475 0.109225 0.0938482 0.0139849 0.0151058 -5.92851e-34 -0.0306589 -0.0695658 -0.0495318 -0.0226571 -0.0104337 0.110765 0.118975 0.103307 
0.357001 0.192896 0.315089 0.25783 0.336712 0.282706 -0.000160633 -5.99187e-05 -0.000208653 -0.000122104 -0.000187363 -0.000114449 0.0221062 0.0249437 0.0286148 
0.648381 0.57708 0.761711 0.693931 0.728687 0.611126 -0.163937 -0.167787 -0.182384 -0.185162 -0.181717 -0.165944 0.0212449 0.0290204 0.0463762 
0.442869 0.360889 0.329803 0.345538 0.393656 0.406374 0.00145623 0.00110499 -1.76877e-05 0.000401276 0.000489884 0.00131335 0.0552142 0.0563141 0.0503548 
0.822842 0.648381 0.761711 0.728687 0.791238 0.762727 -0.168487 -0.163937 -0.182384 -0.181717 -0.176887 -0.174579 0.0363913 0.0212449 0.0463762 
0.543859 0.556002 0.516692 0.555823 0.541143 0.550669 -0.0550307 -0.0714078 -0.0947654 -0.0866745 -0.0757719 -0.0634183 0.0995596 0.094614 0.110286 
0.577156 0.516692 0.556002 0.555823 0.569886 0.551722 -0.108516 -0.0947654 -0.0714078 -0.0866745 -0.089797 -0.103638 0.098355 0.110286 0.094614 
0.0213734 -0.055628 -0.088413 -0.0729005 -0.0411696 -0.0294257 0.0279593 0.045833 0.0150846 0.0304907 0.027361 0.0441395 0.0018627 0.00505523 0.0162545 
8.77346e-34 7.33826e-34 0.705937 0.405164 0.395003 2.13464e-34 4.31689e-34 6.15437e-34 -0.014859 -0.00428519 -0.00588702 1.06667e-33 0.0918078 0.126757 0.112752 
0.343442 0.152062 0.200514 0.176747 0.276143 0.256807 0.00777013 0.00144903 0.0014679 0.00151639 0.00396047 0.00424604 0.0739577 0.0731431 0.0666785 
0.460012 0.383972 0.343442 0.364013 0.410536 0.42705 0.0172714 0.0123001 0.00777013 0.0101831 0.0126685 0.0150664 0.0796645 0.0819903 0.0739577 
0.499987 0.493619 0.46102 0.480701 0.49009 0.498321 0.00070616 0.00196115 8.53675e-05 0.000806522 0.000379645 0.00128152 0.0519476 0.0555783 0.0495867 
0.442869 0.46102 0.493619 0.480701 0.474579 0.452304 0.00145623 8.53675e-05 0.00196115 0.000806522 0.00174497 0.000671733 0.0552142 0.0495867 0.0555783 
0.33842 0.166198 0.23237 0.201406 0.29139 0.261474 -0.00565979 -0.000734653 0.00279693 0.000766315 0.000660129 -0.00268816 0.109353 0.109689 0.0990832 
0.355311 0.288786 0.18688 0.240349 0.279112 0.323617 -0.000175692 -0.000181528 -5.94045e-05 -0.000111089 -0.000120878 -0.000186172 0.0231966 0.0290389 0.0254317 
0.893425 0.600978 0.92586 0.815082 0.912382 0.821002 -0.140314 -0.0556 -0.115159 -0.0906036 -0.128009 -0.102627 0.03209 0.0530069 0.0355688 
0.498787 0.491556 0.433834 0.469539 0.478694 0.495994 -0.000462878 -0.000585967 -0.000386201 -0.000492098 -0.000445697 -0.00052458 0.0274833 0.0317534 0.0283961 
0.404431 0.273379 0.21485 0.244954 0.322282 0.345865 -6.60032e-05 -1.83207e-05 -1.75323e-05 -1.85939e-05 -4.19761e-05 -3.79607e-05 0.010928 0.0069415 0.0113052 
0.489773 0.408133 0.466818 0.441132 0.479938 0.459157 -3.42471e-05 -2.2804e-05 -4.79417e-05 -3.20476e-05 -3.86372e-05 -3.03376e-05 -4.55268e-07 -1.36793e-06 0.00544331 
0.408164 0.489783 0.462952 0.478458 0.438617 0.459177 -2.30231e-05 -3.41465e-05 -4.89612e-05 -3.89645e-05 -3.23388e-05 -3.04614e-05 1.33215e-06 3.95112e-07 0.00578216 
0.500072 0.500406 0.470474 0.48971 0.495653 0.501362 0.0188209 0.0213534 0.0145173 0.0183585 0.0172198 0.0203482 0.0753231 0.0790346 0.0730013 
0.460012 0.470474 0.500406 0.48971 0.487215 0.465357 0.0172714 0.0145173 0.0213534 0.0183585 0.0197258 0.0163005 0.0796645 0.0730013 0.0790346 
0.499627 0.488276 0.472815 0.481343 0.494656 0.497986 -0.00024332 -0.000142237 -0.000256954 -0.000193657 -0.000257844 -0.000190053 0.0192422 0.014264 0.0211352 
2.76919e-34 1.65494e-34 0.21485 0.114915 0.114904 5.51656e-35 2.87724e-35 5.75731e-35 -1.75323e-05 -4.38991e-06 -3.44354e-06 8.63655e-35 0.00587185 0.0117458 0.0113052 
8.77346e-34 0.705937 0.741058 0.727596 0.43366 0.395003 4.31689e-34 -0.014859 -0.0338855 -0.0222935 -0.0103561 -0.00588702 0.0918078 0.112752 0.0748723 
0.0114802 -0.088413 -0.0951087 -0.0967091 -0.0669981 -0.0567711 -0.039282 0.0150846 -0.00151563 0.00423587 -0.0133363 -0.00329497 0.033665 0.0162545 0.0367442 
-1.57283e-34 -0.0951087 -0.088413 -0.0967091 -0.0873946 -0.0709606 -1.22202e-34 -0.00151563 0.0150846 0.00423587 0.00646942 0.00206058 0.0266352 0.0367442 0.0162545 
0.390348 0.295351 0.215463 0.257059 0.313136 0.346526 -6.06224e-05 -6.74518e-05 -1.88731e-05 -3.84255e-05 -4.05679e-05 -6.70719e-05 0.0108671 0.0170395 0.0117645 
0.498787 0.433834 0.477719 0.458692 0.491536 0.478694 -0.000462878 -0.000386201 -0.000327098 -0.000361899 -0.000397194 -0.000445697 0.0274833 0.0283961 0.0237184 
0.994971 0.84933 0.983379 0.964952 0.991717 0.971246 -0.0370519 -0.0619248 -0.0642229 -0.0734713 -0.0517767 -0.0550636 0.0916057 0.0168971 0.0609659 
0.390348 0.215463 0.272708 0.244889 0.336834 0.313136 -6.06224e-05 -1.88731e-05 -1.86011e-05 -1.95244e-05 -3.60819e-05 -4.05679e-05 0.0108671 0.0117645 0.00699003 
0.517635 0.523202 0.482356 0.505204 0.513633 0.524333 -0.00936648 -0.0345052 -0.0127288 -0.0231456 -0.0124688 -0.0212342 0.0943749 0.102313 0.103494 
0.470321 0.482356 0.523202 0.505204 0.503214 0.477435 -0.0367747 -0.0127288 -0.0345052 -0.0231456 -0.0369298 -0.0236423 0.11018 0.103494 0.102313 
0.404431 0.21485 0.29393 0.255983 0.354424 0.322282 -6.60032e-05 -1.75323e-05 -6.44015e-05 -3.62877e-05 -6.90248e-05 -4.19761e-05 0.010928 0.0113052 0.0166593 
0.488276 0.427638 0.472815 0.452934 0.481343 0.46442 -0.000142237 -0.00014236 -0.000256954 -0.000195187 -0.000193657 -0.000146533 0.014264 0.0170154 0.0211352 
3.34744e-34 0.202608 0.315089 0.262196 0.176787 0.107825 1.44256e-34 -0.000120311 -0.000208653 -0.000169599 -7.33866e-05 -3.74288e-05 0.0294567 0.033561 0.0286148 
2.76919e-34 0.273379 0.180903 0.229112 0.0955065 0.15003 2.87724e-35 -1.83207e-05 -5.6112e-06 -1.06401e-05 -2.12804e-06 -5.22381e-06 0.00587185 0.0069415 0.00365335 
3.34744e-34 0.315089 0.192896 0.25783 0.102335 0.176787 1.44256e-34 -0.000208653 -5.99187e-05 -0.000122104 -2.81536e-05 -7.33866e-05 0.0294567 0.0286148 0.0249437 
-1.17612e-34 -0.088413 -0.0595123 -0.0806206 -0.0434735 -0.0745819 -3.32537e-35 0.0150846 0.0216464 0.0217021 0.00725023 0.0103219 0.0100501 0.0162545 0.00862387 
3.51592e-34 0.295351 0.204506 0.252004 0.108955 0.163895 -8.79145e-35 -6.74518e-05 -5.06264e-05 -6.26438e-05 -1.28319e-05 -2.31087e-05 0.017793 0.0170395 0.0216402 
0.893425 0.833807 0.600978 0.755935 0.821002 0.87014 -0.140314 -0.131193 -0.0556 -0.0956639 -0.102627 -0.137478 0.03209 0.043747 0.0530069 
0.404431 0.29393 0.427638 0.369337 0.416432 0.354424 -6.60032e-05 -6.44015e-05 -0.00014236 -0.00010363 -9.81865e-05 -6.90248e-05 0.010928 0.0166593 0.0170154 
8.23433e-34 0.837681 0.70389 0.775197 0.406529 0.506796 -5.54054e-34 -0.0220328 -0.00817757 -0.0126556 -0.00279862 -0.00520332 0.11479 0.083089 0.124112 
0.75 1 0.937284 0.9843 0.859262 0.9375 -3.77665e-37 -7.06853e-37 -0.000657805 -0.000491865 -0.000356119 -1.35017e-36 0.352976 0.352372 0.312356 
4.07381e-34 0.28222 0.429154 0.361806 0.20498 0.124808 2.6468e-34 -0.0240862 -0.0562436 -0.0396373 -0.0147038 -0.00563796 0.0602319 0.0594566 0.0658183 
0.837681 0.84933 0.994971 0.971246 0.970696 0.842488 -0.0220328 -0.0619248 -0.0370519 -0.0550636 -0.0353671 -0.0327071 0.083089 0.0168971 0.0916057 
0.357001 0.427638 0.29393 0.369337 0.326889 0.395297 -0.000160633 -0.00014236 -6.44015e-05 -0.00010363 -0.000105512 -0.000155234 0.0221062 0.0170154 0.0166593 
0.272995 0.109225 0.081475 0.0938482 0.169683 0.191863 -0.095191 -0.0695658 -0.0306589 -0.0495318 -0.0643632 -0.0859582 0.117329 0.103307 0.118975 
2.77785e-34 0.169616 0.272708 0.223568 0.149628 0.0891863 -2.93272e-35 -5.01995e-06 -1.86011e-05 -1.03265e-05 -5.20202e-06 -1.8408e-06 0.00593638 0.00382311 0.00699003 
9.52349e-34 0.706277 0.844058 0.780782 0.513532 0.405231 1.26986e-33 -0.000719474 -0.00223711 -0.00123972 -0.000753567 -0.000301369 0.25929 0.285031 0.235313 
4.64299e-34 5.43171e-34 0.600978 0.336744 0.305909 -2.18354e-35 2.11612e-34 2.23868e-34 -0.0556 -0.0146092 -0.0155256 4.80172e-34 0.0472056 0.0493967 0.0530069 
0.272995 0.341385 0.109225 0.219344 0.191863 0.304466 -0.095191 -0.133223 -0.0695658 -0.104747 -0.0859582 -0.114993 0.117329 0.102989 0.103307 
0.983379 0.84933 0.962798 0.956214 0.973951 0.964952 -0.0642229 -0.0619248 -0.0888931 -0.0888367 -0.0764758 -0.0734713 0.0609659 0.0168971 0.044057 
2.93381e-35 0.109225 -0.0175567 0.0379341 -0.0209405 0.0139849 -5.92851e-34 -0.0695658 -0.0320252 -0.0506429 -0.011213 -0.0226571 0.110765 0.103307 0.0847394 
0.797823 0.741058 0.962798 0.895697 0.90365 0.776166 -0.0663832 -0.0338855 -0.0888931 -0.0611938 -0.0800555 -0.0503467 0.0533464 0.0748723 0.044057 
0.447431 0.495881 0.466474 0.484713 0.457481 0.478485 -0.000493219 -0.000596846 -0.000393847 -0.000499854 -0.000448072 -0.000560607 0.0320567 0.0320307 0.0267731 
0.498787 0.466474 0.495881 0.484713 0.499767 0.494475 -0.000462878 -0.000393847 -0.000596846 -0.000499854 -0.000531882 -0.000446051 0.0274833 0.0267731 0.0320307 
0.608906 0.429154 0.28222 0.361806 0.4549 0.518771 -0.097666 -0.0562436 -0.0240862 -0.0396373 -0.0565363 -0.076005 0.0611121 0.0658183 0.0594566 
0.612534 0.43869 0.429154 0.434939 0.539427 0.534366 -0.118851 -0.0605559 -0.0562436 -0.0593445 -0.0892026 -0.088966 0.0727508 0.0708237 0.0658183 
0.797823 0.92586 0.600978 0.815082 0.703508 0.88782 -0.0663832 -0.115159 -0.0556 -0.0906036 -0.0643817 -0.0912258 0.0533464 0.0355688 0.0530069 
7.40959e-34 7.74698e-34 0.774761 0.457513 0.456318 1.69915e-34 -1.23883e-33 -1.01727e-33 -0.00177093 -0.000651139 -0.000500781 -2.25473e-33 0.26002 0.213397 0.238213 
4.07381e-34 0.429154 0.205466 0.309976 0.105901 0.20498 2.6468e-34 -0.0562436 -0.0148815 -0.0318587 -0.00438715 -0.0147038 0.0602319 0.0658183 0.067518 
0.998664 0.937284 0.986666 0.995444 0.994206 0.988598 -0.00152447 -0.000657805 -0.000553996 -0.000676458 -0.000995613 -0.00113052 0.274265 0.312356 0.322317 
0.355311 0.18688 0.204506 0.195757 0.286573 0.279112 -0.000175692 -5.94045e-05 -5.06264e-05 -5.48969e-05 -0.000109542 -0.000120878 0.0231966 0.0254317 0.0216402 
0.998664 0.986666 0.749933 0.905283 0.927981 0.994206 -0.00152447 -0.000553996 -0.000494595 -0.000593867 -0.00102118 -0.000995613 0.274265 0.322317 0.30971 
0.499627 0.477719 0.442968 0.462356 0.483388 0.492922 -0.00024332 -0.000327098 -0.00016706 -0.000238547 -0.000211933 -0.000288089 0.0192422 0.0237184 0.0178753 
0.455795 0.298668 0.37524 0.341103 0.41732 0.384177 -0.0600058 -0.0393208 -0.0235362 -0.0322327 -0.040928 -0.0529715 0.1151 0.1237 0.115212 
0.651177 0.321573 0.557205 0.452026 0.604325 0.504305 -0.191876 -0.139877 -0.183237 -0.17045 -0.188628 -0.177024 0.0596601 0.0552713 0.0741215 
0.355311 0.442968 0.477719 0.462356 0.429868 0.404151 -0.000175692 -0.00016706 -0.000327098 -0.000238547 -0.000259218 -0.000178408 0.0231966 0.0178753 0.0237184 
0.37524 0.298668 0.224413 0.266921 0.306571 0.341103 -0.0235362 -0.0393208 -0.00936949 -0.0221026 -0.0172387 -0.0322327 0.115212 0.1237 0.119362 
0.361519 0.557205 0.321573 0.452026 0.341937 0.463942 -0.151379 -0.183237 -0.139877 -0.17045 -0.148231 -0.170906 0.0819812 0.0741215 0.0552713 
3.01168e-34 0.288786 0.19577 0.244376 0.103958 0.159672 -1.46199e-34 -0.000181528 -0.000115426 -0.00015458 -3.54736e-05 -6.24936e-05 0.0295814 0.0290389 0.0337928 
1.05105e-34 -0.0209511 0.0273049 -0.00808197 0.00115456 -0.00860095 9.66819e-35 0.0676765 0.0513214 0.0680272 0.0573727 0.0617268 -0.0237096 -0.00111528 -0.00850689 
0.355311 0.433834 0.288786 0.371535 0.323617 0.398375 -0.000175692 -0.000386201 -0.000181528 -0.000291889 -0.000186172 -0.000271306 0.0231966 0.0283961 0.0290389 
1.07887e-33 0.84933 0.837681 0.842488 0.517069 0.549229 -3.17424e-34 -0.0619248 -0.0220328 -0.0327071 -0.00791065 -0.0316969 0.0566327 0.0168971 0.083089 
2.16528e-34 0.166198 0.224413 0.199538 0.126357 0.0877707 -5.71619e-34 -0.000734653 -0.00936949 -0.00385307 -0.00215247 -0.000471088 0.115276 0.109689 0.119362 
5.43171e-34 0.393862 0.600978 0.513577 0.336744 0.198183 2.23868e-34 -0.0174738 -0.0556 -0.0327769 -0.0146092 -0.00460197 0.0493967 0.0596887 0.0530069 
0.797823 0.600978 0.393862 0.513577 0.622527 0.703508 -0.0663832 -0.0556 -0.0174738 -0.0327769 -0.0399826 -0.0643817 0.0533464 0.0530069 0.0596887 
0.998664 0.844058 0.706277 0.780782 0.935969 0.967754 -0.00152447 -0.00223711 -0.000719474 -0.00123972 -0.00134395 -0.00217318 0.274265 0.235313 0.285031 
1.00873e-34 1.53717e-34 0.167539 0.0907179 0.0689841 7.34827e-36 -6.46777e-34 -6.57237e-34 -0.0325391 -0.00968975 -0.0109766 -1.27092e-33 0.127184 0.130643 0.126454 
0.355311 0.204506 0.295351 0.252004 0.326642 0.286573 -0.000175692 -5.06264e-05 -6.74518e-05 -6.26438e-05 -0.0001129 -0.000109542 0.0231966 0.0216402 0.0170395 
0.357001 0.199072 0.192896 0.19599 0.282706 0.285295 -0.000160633 -4.45638e-05 -5.99187e-05 -5.11673e-05 -0.000114449 -0.000100175 0.0221062 0.0210144 0.0249437 
0.489773 0.466818 0.499981 0.491759 0.497467 0.479938 -3.42471e-05 -4.79417e-05 -4.75602e-05 -4.92588e-05 -3.93454e-05 -3.86372e-05 -4.55268e-07 0.00544331 0.00381168 
3.01168e-34 0.18688 0.288786 0.240349 0.159672 0.0988437 -1.46199e-34 -5.94045e-05 -0.000181528 -0.000111089 -6.24936e-05 -2.62979e-05 0.0295814 0.0254317 0.0290389 
0.489783 0.499981 0.462952 0.490651 0.478458 0.497394 -3.41465e-05 -4.75602e-05 -4.89612e-05 -4.98566e-05 -3.89645e-05 -3.92372e-05 3.95112e-07 0.00381168 0.00578216 
3.41729e-34 0.199072 0.29393 0.248744 0.162991 0.105805 8.63834e-35 -4.45638e-05 -6.44015e-05 -5.81827e-05 -2.19297e-05 -1.11376e-05 0.0176308 0.0210144 0.0166593 
2.93381e-35 1.00873e-34 0.081475 0.0369229 0.0151058 -1.61746e-35 -5.92851e-34 -6.46777e-34 -0.0306589 -0.00904394 -0.0104337 -1.1745e-33 0.110765 0.127184 0.118975 
-4.05018e-35 -0.0595123 -0.0166955 -0.0378442 -0.0128934 -0.0292091 -5.06578e-36 0.0216464 0.0155833 0.0201489 0.00462126 0.00691477 0.00299061 0.00862387 0.00588646 
0.0213734 0.0750488 0.349095 0.194882 0.150368 0.0472548 0.0279593 -0.0248893 -0.0942147 -0.0534281 -0.0247846 0.00135478 0.0018627 0.0124394 0.00777909 
2.02677e-34 2.16528e-34 0.224413 0.126357 0.119629 8.35736e-35 -6.25713e-34 -5.71619e-34 -0.00936949 -0.00215247 -0.00321912 -1.18932e-33 0.125644 0.115276 0.119362 
0.0114802 -0.0951087 -0.0760816 -0.088672 -0.0516182 -0.0669981 -0.039282 -0.00151563 -0.0138359 -0.00751439 -0.0258297 -0.0133363 0.033665 0.0367442 0.0578591 
0.797823 0.393862 0.741058 0.576525 0.776166 0.622527 -0.0663832 -0.0174738 -0.0338855 -0.0259969 -0.0503467 -0.0399826 0.0533464 0.0596887 0.0748723 
0.620703 0.600978 0.833807 0.755935 0.748711 0.615341 -0.0756619 -0.0556 -0.131193 -0.0956639 -0.105839 -0.0661315 0.0519932 0.0530069 0.043747 
1.1028e-33 0.84933 1.07887e-33 0.549229 3.04508e-34 0.570116 2.69791e-36 -0.0619248 -3.17424e-34 -0.0316969 -2.74065e-35 -0.0835855 -0.0709104 0.0168971 0.0566327 
0.33842 0.224413 0.166198 0.199538 0.261474 0.285724 -0.00565979 -0.00936949 -0.000734653 -0.00385307 -0.00268816 -0.00917888 0.109353 0.119362 0.109689 
0.499981 0.499981 0.466818 0.491759 0.491695 0.499981 -7.88184e-05 -4.75602e-05 -4.79417e-05 -4.92588e-05 -6.37358e-05 -6.09262e-05 0.00844866 0.00381168 0.00544331 
0.499981 0.462952 0.499981 0.490651 0.499981 0.49072 -7.88184e-05 -4.89612e-05 -4.75602e-05 -4.98566e-05 -6.09262e-05 -6.49552e-05 0.00844866 0.00578216 0.00381168 
9.54517e-34 8.23433e-34 0.70389 0.406529 0.401521 3.52088e-34 -7.91718e-34 -5.54054e-34 -0.00817757 -0.00279862 -0.00208467 -1.33492e-33 0.165262 0.11479 0.124112 
-9.67868e-35 -0.0175567 -0.0760816 -0.0510526 -0.0560234 -0.0419105 -4.265e-34 -0.0320252 -0.0138359 -0.0226475 -0.00503656 -0.00883684 0.0837119 0.0847394 0.0578591 
0.999336 0.994971 0.705937 0.908044 0.918396 0.997697 -0.0159041 -0.0370519 -0.014859 -0.0263454 -0.018605 -0.0253203 0.13526 0.0916057 0.112752 
9.54517e-34 0.70389 0.835202 0.774247 0.507641 0.401521 -7.91718e-34 -0.00817757 -0.00684821 -0.00791764 -0.00225765 -0.00208467 0.165262 0.124112 0.161872 
0.822842 0.761711 0.746359 0.789563 0.812028 0.791238 -0.168487 -0.182384 -0.123724 -0.159997 -0.151325 -0.176887 0.0363913 0.0463762 0.0522694 
0.357001 0.29393 0.199072 0.248744 0.285295 0.326889 -0.000160633 -6.44015e-05 -4.45638e-05 -5.81827e-05 -0.000100175 -0.000105512 0.0221062 0.0166593 0.0210144 
0.360569 0.349095 0.74463 0.547705 0.581549 0.356127 -0.0871968 -0.0942147 -0.160139 -0.137879 -0.134389 -0.0890126 -0.00109131 0.00777909 0.0161579 
0.983379 0.962798 0.741058 0.895697 0.906098 0.973951 -0.0642229 -0.0888931 -0.0338855 -0.0611938 -0.0509698 -0.0764758 0.0609659 0.044057 0.0748723 
1.05105e-34 -2.74675e-35 -0.0209511 -0.00829489 -0.00860095 7.91981e-35 9.66819e-35 6.90466e-35 0.0676765 0.055416 0.0617268 6.71025e-35 -0.0237096 0.00460381 -0.00111528 
0.999336 0.705937 0.647204 0.678475 0.903332 0.918396 -0.0159041 -0.014859 -0.0066687 -0.00968215 -0.0133213 -0.018605 0.13526 0.112752 0.146142 
0.999336 0.837681 0.994971 0.970696 0.997697 0.964524 -0.0159041 -0.0220328 -0.0370519 -0.0353671 -0.0253203 -0.0225718 0.13526 0.083089 0.0916057 
0.244866 0.180903 0.380018 0.292395 0.318738 0.213778 -8.3256e-06 -5.6112e-06 -2.66818e-05 -1.52516e-05 -1.56176e-05 -6.78622e-06 -8.98524e-07 0.00365335 0.00411994 
0.244913 0.380093 0.169616 0.287913 0.20848 0.31881 -8.38811e-06 -2.6893e-05 -5.01995e-06 -1.50027e-05 -6.54972e-06 -1.57098e-05 9.40381e-07 0.00413183 0.00382311 
0.390348 0.487403 0.442968 0.469195 0.418799 0.450861 -6.06224e-05 -0.000120535 -0.00016706 -0.000145141 -0.000103962 -9.13073e-05 0.0108671 0.0127487 0.0178753 
7.33826e-34 0.647204 0.705937 0.678475 0.405164 0.361072 6.15437e-34 -0.0066687 -0.014859 -0.00968215 -0.00428519 -0.00231154 0.126757 0.146142 0.112752 
0.418709 0.485485 0.495156 0.49061 0.464956 0.459272 0.00683167 0.0184691 0.00865724 0.0152269 0.00752887 0.0130466 0.0974116 0.087139 0.0942183 
0.38809 0.466077 0.473762 0.4698 0.438401 0.432732 0.00607711 0.00490773 0.00977615 0.00710148 0.00807583 0.00579011 0.0667091 0.0613993 0.0673747 
7.74698e-34 0.645326 0.774761 0.713622 0.457513 0.363564 -1.01727e-33 -0.00233043 -0.00177093 -0.00209028 -0.000651139 -0.000603586 0.213397 0.195739 0.238213 
0.998664 0.749933 0.62467 0.690434 0.89485 0.927981 -0.00152447 -0.000494595 -0.000674453 -0.000605189 -0.00131236 -0.00102118 0.274265 0.30971 0.274753 
0.0114802 0.321573 0.293692 0.308321 0.136119 0.152089 -0.039282 -0.139877 -0.110557 -0.127862 -0.070442 -0.0891643 0.033665 0.0552713 0.0267842 
8.6122e-34 0.84253 0.647204 0.754518 0.365479 0.50932 8.22513e-34 -0.00554899 -0.0066687 -0.00645605 -0.00168484 -0.00224076 0.168561 0.181036 0.146142 
0.384028 0.462174 0.469312 0.465882 0.433507 0.428519 -0.000429872 2.73294e-05 -0.000547205 -0.000319568 -0.000499312 -0.000316541 0.0443813 0.0499919 0.0438704 
2.96948e-34 3.17223e-34 0.381122 0.195767 0.174557 4.75276e-35 2.52111e-34 2.23921e-34 -0.03642 -0.00935512 -0.00847622 5.08796e-34 0.0541279 0.0480014 0.0562173 
0.999336 0.70389 0.837681 0.775197 0.964524 0.934514 -0.0159041 -0.00817757 -0.0220328 -0.0126556 -0.0225718 -0.0150219 0.13526 0.124112 0.083089 
-4.05018e-35 -1.17612e-34 -0.0595123 -0.0434735 -0.0292091 -3.30885e-35 -5.06578e-36 -3.32537e-35 0.0216464 0.00725023 0.00691477 -6.21391e-35 0.00299061 0.0100501 0.00862387 
1.8825e-34 3.51592e-34 0.204506 0.108955 0.108922 7.03236e-35 -1.17093e-34 -8.79145e-35 -5.06264e-05 -1.28319e-05 -1.42967e-05 -2.04934e-34 0.0237067 0.017793 0.0216402 
0.75 0.749933 0.986666 0.905283 0.905293 0.749921 -4.37499e-37 -0.000494595 -0.000553996 -0.000593867 -0.000344256 -0.000267832 0.351824 0.30971 0.322317 
0.387501 0.546114 0.481513 0.512417 0.440497 0.479017 -0.0335687 -0.0779776 -0.0357866 -0.0551566 -0.036344 -0.0550145 0.0776364 0.0865809 0.0859968 
0.343549 0.441175 0.445901 0.442621 0.399915 0.393529 0.0151753 0.0096716 0.0181249 0.0142935 0.0173057 0.0145592 0.0835196 0.0862335 0.0853326 
0.377612 0.453284 0.463388 0.458651 0.426689 0.420332 0.00586514 0.0141817 0.00902865 0.0115064 0.00761393 0.00967074 0.0688946 0.0736645 0.0682948 
0.651177 0.702284 0.761711 0.745827 0.707755 0.712308 -0.191876 -0.151914 -0.182384 -0.171225 -0.189922 -0.180987 0.0596601 0.0653556 0.0463762 
0.381438 0.459013 0.466989 0.463097 0.430825 0.425238 -0.000415726 -0.000641269 -0.000514541 -0.000632796 -0.000471986 -0.000548238 0.0440347 0.0388242 0.0442159 
0.288786 0.433834 0.342223 0.39292 0.316485 0.371535 -0.000181528 -0.000386201 -0.000331208 -0.000371013 -0.000250459 -0.000291889 0.0290389 0.0283961 0.033174 
0.499981 0.488276 0.487403 0.499978 0.496835 0.497057 -7.88184e-05 -0.000142237 -0.000120535 -0.000136639 -9.85854e-05 -0.000107027 0.00844866 0.014264 0.0127487 
0.651177 0.545543 0.321573 0.431258 0.504305 0.608158 -0.191876 -0.175215 -0.139877 -0.159426 -0.177024 -0.188515 0.0596601 0.040829 0.0552713 
0.499984 0.454194 0.495292 0.480048 0.498878 0.488736 -0.000701416 -0.000618654 -0.000696969 -0.000673349 -0.000712511 -0.000685466 0.0363025 0.037943 0.0402604 
-1.54977e-35 -4.05018e-35 -0.0166955 -0.0128934 -0.00179212 1.57077e-36 -1.22152e-35 -5.06578e-36 0.0155833 0.00462126 0.00195656 -4.54794e-35 0.0060067 0.00299061 0.00588646 
0.384028 0.469312 0.454194 0.462136 0.423134 0.433507 -0.000429872 -0.000547205 -0.000618654 -0.000636739 -0.000554958 -0.000499312 0.0443813 0.0438704 0.037943 
0.360569 0.107161 0.0273049 0.054975 0.140486 0.226537 -0.0871968 0.00159524 0.0513214 0.0347518 -0.00845733 -0.0439154 -0.00109131 -0.0283652 -0.00850689 
-1.54977e-35 -0.0166955 -4.09122e-35 -0.00497581 -5.90523e-35 -0.00179212 -1.22152e-35 0.0155833 2.18956e-35 0.0112494 -3.54291e-36 0.00195656 0.0060067 0.00588646 0.00870659 
0.440449 0.342223 0.433834 0.39292 0.43719 0.397202 -0.000500733 -0.000331208 -0.000386201 -0.000371013 -0.000450144 -0.000424356 0.0328874 0.033174 0.0283961 
0.620703 0.286465 0.600978 0.441348 0.615341 0.465173 -0.0756619 -0.0177474 -0.0556 -0.0334555 -0.0661315 -0.0430163 0.0519932 0.050601 0.0530069 
0.651177 0.761711 0.545543 0.673954 0.608158 0.707755 -0.191876 -0.182384 -0.175215 -0.188731 -0.188515 -0.189922 0.0596601 0.0463762 0.040829 
0.404431 0.427638 0.488276 0.46442 0.456444 0.416432 -6.60032e-05 -0.00014236 -0.000142237 -0.000146533 -0.000102376 -9.81865e-05 0.010928 0.0170154 0.014264 
9.52349e-34 6.96009e-34 0.706277 0.405669 0.405231 3.06543e-34 1.26986e-33 1.49946e-33 -0.000719474 -0.000180671 -0.000301369 2.77046e-33 0.25929 0.305935 0.285031 
0.377612 0.463388 0.459965 0.461899 0.424406 0.426689 0.00586514 0.00902865 0.00460731 0.00660695 0.0054906 0.00761393 0.0688946 0.0682948 0.0627006 
0.998664 0.997025 0.844058 0.971106 0.967754 0.997867 -0.00152447 -0.00290849 -0.00223711 -0.00289933 -0.00217318 -0.002243 0.274265 0.237749 0.235313 
0.343549 0.445901 0.440923 0.442855 0.397303 0.399915 0.0151753 0.0181249 0.0211149 0.020487 0.0186782 0.0173057 0.0835196 0.0853326 0.0826587 
0.999336 0.647204 0.84253 0.754518 0.956763 0.903332 -0.0159041 -0.0066687 -0.00554899 -0.00645605 -0.0105427 -0.0133213 0.13526 0.146142 0.181036 
0.500002 0.459965 0.494378 0.481084 0.49847 0.48957 0.00418686 0.00460731 0.00695194 0.00576819 0.00550166 0.0045974 0.0598442 0.0627006 0.064036 
4.07381e-34 2.96948e-34 0.28222 0.140037 0.124808 7.30192e-35 2.6468e-34 2.52111e-34 -0.0240862 -0.00632178 -0.00563796 5.64676e-34 0.0602319 0.0541279 0.0594566 
-0.0400273 -0.0166955 -0.0595123 -0.0378442 -0.0519911 -0.0305261 0.0455583 0.0155833 0.0216464 0.0201489 0.0343346 0.0309538 0.00511545 0.00588646 0.00862387 
0.360569 0.133104 0.349095 0.235998 0.356127 0.228139 -0.0871968 -0.00836259 -0.0942147 -0.0520205 -0.0890126 -0.0442751 -0.00109131 -0.00244587 0.00777909 
0.387501 0.566738 0.546114 0.555768 0.479017 0.478698 -0.0335687 -0.100534 -0.0779776 -0.0900448 -0.0550145 -0.062974 0.0776364 0.0798674 0.0865809 
0.500647 0.440923 0.488988 0.468231 0.496105 0.480515 0.0228665 0.0211149 0.021432 0.0218466 0.022453 0.0226915 0.0825794 0.0826587 0.0848841 
0.543859 0.481513 0.556002 0.527034 0.550669 0.530777 -0.0550307 -0.0357866 -0.0714078 -0.0529415 -0.0634183 -0.0466397 0.0995596 0.0859968 0.094614 
0.98969 0.844058 0.997025 0.971106 0.993918 0.978339 -0.00498474 -0.00223711 -0.00290849 -0.00289933 -0.00370858 -0.00402259 0.202934 0.235313 0.237749 
0.998664 0.62467 0.774761 0.704382 0.934816 0.89485 -0.00152447 -0.000674453 -0.00177093 -0.00105955 -0.00193898 -0.00131236 0.274265 0.274753 0.238213 
0.893425 0.74463 0.833807 0.853381 0.87014 0.844999 -0.140314 -0.160139 -0.131193 -0.15982 -0.137478 -0.158137 0.03209 0.0161579 0.043747 
0.03654 -0.0760816 -0.0175567 -0.0510526 0.0013973 -0.0374611 -0.0628238 -0.0138359 -0.0320252 -0.0226475 -0.0480214 -0.0343223 0.0623853 0.0578591 0.0847394 
1.05105e-34 0.0273049 0.107161 0.054975 0.0102148 0.00115456 9.66819e-35 0.0513214 0.00159524 0.0347518 0.0399435 0.0573727 -0.0237096 -0.00850689 -0.0283652 
0.606629 0.605027 0.566738 0.597774 0.62759 0.614256 -0.165269 -0.124042 -0.100534 -0.114664 -0.138598 -0.146159 0.0893812 0.0903747 0.0798674 
4.64299e-34 0.600978 0.286465 0.441348 0.151677 0.305909 2.11612e-34 -0.0556 -0.0177474 -0.0334555 -0.0056555 -0.0155256 0.0472056 0.0530069 0.050601 
0.612534 0.702284 0.667207 0.693989 0.66502 0.658614 -0.118851 -0.151914 -0.174093 -0.166927 -0.150376 -0.135726 0.0727508 0.0653556 0.0756881 
0.651177 0.667207 0.702284 0.693989 0.712308 0.666251 -0.191876 -0.174093 -0.151914 -0.166927 -0.180987 -0.186538 0.0596601 0.0756881 0.0653556 
0.440449 0.433834 0.491556 0.469539 0.471784 0.43719 -0.000500733 -0.000386201 -0.000585967 -0.000492098 -0.000553582 -0.000450144 0.0328874 0.0283961 0.0317534 
1.00873e-34 0.167539 0.081475 0.125038 0.0369229 0.0689841 -6.46777e-34 -0.0325391 -0.0306589 -0.0325776 -0.00904394 -0.0109766 0.127184 0.126454 0.118975 
0.0213734 0.349095 0.133104 0.235998 0.0698885 0.150368 0.0279593 -0.0942147 -0.00836259 -0.0520205 0.0151393 -0.0247846 0.0018627 0.00777909 -0.00244587 
0.381438 0.466989 0.46102 0.464021 0.426534 0.430825 -0.000415726 -0.000514541 8.53675e-05 -0.000281766 -0.000290772 -0.000471986 0.0440347 0.0442159 0.0495867 
0.272708 0.169616 0.380093 0.287913 0.330657 0.223568 -1.86011e-05 -5.01995e-06 -2.6893e-05 -1.50027e-05 -2.35099e-05 -1.03265e-05 0.00699003 0.00382311 0.00413183 
0.273379 0.380018 0.180903 0.292395 0.229112 0.330902 -1.83207e-05 -2.66818e-05 -5.6112e-06 -1.52516e-05 -1.06401e-05 -2.33285e-05 0.0069415 0.00411994 0.00365335 
6.30558e-34 8.77346e-34 0.741058 0.43366 0.411115 3.60982e-35 3.01042e-34 4.31689e-34 -0.0338855 -0.0103561 -0.0129492 7.60529e-34 0.0647568 0.0918078 0.0748723 
0.75 0.437602 0.749933 0.609319 0.749921 0.609439 -4.37499e-37 -9.05761e-05 -0.000494595 -0.00021831 -0.000267832 -8.35895e-05 0.351824 0.328909 0.30971 
0.408133 0.380018 0.466818 0.430162 0.441132 0.394544 -2.2804e-05 -2.66818e-05 -4.79417e-05 -3.71786e-05 -3.20476e-05 -2.3678e-05 -1.36793e-06 0.00411994 0.00544331 
0.408164 0.462952 0.380093 0.427438 0.394596 0.438617 -2.30231e-05 -4.89612e-05 -2.6893e-05 -3.74993e-05 -2.39163e-05 -3.23388e-05 1.33215e-06 0.00578216 0.00413183 
0.822842 0.833807 0.74463 0.853381 0.801455 0.842393 -0.168487 -0.131193 -0.160139 -0.15982 -0.169092 -0.153282 0.0363913 0.043747 0.0161579 
0.38809 0.473762 0.470474 0.471981 0.435256 0.438401 0.00607711 0.00977615 0.0145173 0.0121387 0.00998801 0.00807583 0.0667091 0.0673747 0.0730013 
0.998664 0.706277 0.937284 0.843038 0.988598 0.935969 -0.00152447 -0.000719474 -0.000657805 -0.000792723 -0.00113052 -0.00134395 0.274265 0.285031 0.312356 
3.41729e-34 1.88154e-34 0.199072 0.105836 0.105805 7.76917e-35 8.63834e-35 1.15291e-34 -4.45638e-05 -1.20907e-05 -1.11376e-05 2.0174e-34 0.0176308 0.0235238 0.0210144 
0.499987 0.46102 0.495138 0.482149 0.498714 0.49009 0.00070616 8.53675e-05 -0.000150057 -4.5155e-05 0.000218531 0.000379645 0.0519476 0.0495867 0.0478904 
0.98969 0.999461 0.84253 0.965129 0.978031 0.996249 -0.00498474 -0.00897532 -0.00554899 -0.00797138 -0.00640546 -0.00705124 0.202934 0.170198 0.181036 
0.418709 0.495156 0.482356 0.490489 0.45507 0.464956 0.00683167 0.00865724 -0.0127288 -0.000832331 -0.000660137 0.00752887 0.0974116 0.0942183 0.103494 
7.33826e-34 8.6122e-34 0.647204 0.365479 0.361072 3.63309e-34 6.15437e-34 8.22513e-34 -0.0066687 -0.00168484 -0.00231154 1.44627e-33 0.126757 0.168561 0.146142 
0.408133 0.244866 0.380018 0.318738 0.394544 0.336702 -2.2804e-05 -8.3256e-06 -2.66818e-05 -1.56176e-05 -2.3678e-05 -1.60963e-05 -1.36793e-06 -8.98524e-07 0.00411994 
0.244913 0.408164 0.380093 0.394596 0.31881 0.336744 -8.38811e-06 -2.30231e-05 -2.6893e-05 -2.39163e-05 -1.57098e-05 -1.61824e-05 9.40381e-07 1.33215e-06 0.00413183 
0.608906 0.28222 0.381122 0.329729 0.510845 0.4549 -0.097666 -0.0240862 -0.03642 -0.0298379 -0.0658872 -0.0565363 0.0611121 0.0594566 0.0562173 
-3.35844e-34 0.586441 6.96009e-34 0.325002 4.90358e-34 0.325162 8.65196e-34 -0.000203997 1.49946e-33 -7.64157e-05 3.23004e-33 -4.11583e-05 0.353015 0.322178 0.305935 
6.96009e-34 0.586441 0.706277 0.64899 0.405669 0.325002 1.49946e-33 -0.000203997 -0.000719474 -0.000388092 -0.000180671 -7.64157e-05 0.305935 0.322178 0.285031 
0.499981 0.466818 0.477907 0.472643 0.494466 0.491695 -7.88184e-05 -4.79417e-05 -8.40294e-05 -6.29836e-05 -8.34009e-05 -6.37358e-05 0.00844866 0.00544331 0.00993501 
0.404431 0.477907 0.466818 0.472643 0.439657 0.447613 -6.60032e-05 -8.40294e-05 -4.79417e-05 -6.29836e-05 -5.71748e-05 -7.68042e-05 0.010928 0.00993501 0.00544331 
7.27652e-34 0.62467 0.749933 0.690434 0.437524 0.349662 -1.45777e-33 -0.000674453 -0.000494595 -0.000605189 -0.000148206 -0.000163487 0.306071 0.274753 0.30971 
1 0.75 0.986666 0.905293 0.99666 0.9375 -7.06853e-37 -4.37499e-37 -0.000553996 -0.000344256 -0.000393544 -1.1774e-36 0.352372 0.351824 0.322317 
0.999336 0.84253 0.999461 0.965129 0.999785 0.956763 -0.0159041 -0.00554899 -0.00897532 -0.00797138 -0.0116224 -0.0105427 0.13526 0.181036 0.170198 
2.04544e-34 1.95415e-34 0.213924 0.113213 0.115864 8.71112e-35 -4.14066e-34 -3.755e-34 0.00361279 0.000995313 0.00111354 -7.92148e-34 0.0841561 0.0762886 0.0807699 
0.500072 0.470474 0.498142 0.488275 0.500577 0.495653 0.0188209 0.0145173 0.0145595 0.0148282 0.0167945 0.0172198 0.0753231 0.0730013 0.0712532 
1.81867e-34 1.82285e-34 0.197377 0.104587 0.104717 7.76709e-35 -2.85867e-34 -2.58747e-34 0.00019491 2.84623e-05 6.78748e-05 -5.448e-34 0.0579136 0.052401 0.0553723 
0.98969 0.774761 0.645326 0.713622 0.879018 0.916765 -0.00498474 -0.00177093 -0.00233043 -0.00209028 -0.00427876 -0.00335939 0.202934 0.238213 0.195739 
1.81268e-34 1.83548e-34 0.198851 0.105822 0.105931 8.04757e-35 2.6395e-34 2.94904e-34 0.000144742 5.70941e-05 1.969e-05 5.58696e-34 0.0538434 0.0601365 0.056714 
1.68609e-34 1.62447e-34 0.183732 0.0952908 0.0979334 7.04118e-35 3.79507e-34 3.99027e-34 0.00362615 0.00110376 0.000981507 7.75986e-34 0.0771776 0.0810914 0.0786416 
1.2439e-34 1.20051e-34 0.147398 0.0714178 0.0732574 4.38577e-35 4.06327e-34 3.91618e-34 0.00255206 0.000626801 0.000919483 7.96225e-34 0.0826261 0.0797505 0.0811277 
-1.3556e-34 -9.67868e-35 -0.0760816 -0.0560234 -0.067117 -9.16985e-35 -2.59445e-34 -4.265e-34 -0.0138359 -0.00503656 -0.00313723 -6.67596e-34 0.0520263 0.0837119 0.0578591 
0.57708 0.648381 0.349095 0.507236 0.473383 0.611126 -0.167787 -0.163937 -0.0942147 -0.136364 -0.136504 -0.165944 0.0290204 0.0212449 0.00777909 
1.45333e-34 4.07381e-34 0.205466 0.105901 0.0950992 5.95839e-35 3.20424e-34 2.6468e-34 -0.0148815 -0.00438715 -0.00351046 6.21808e-34 0.0660796 0.0602319 0.067518 
1.7264e-34 3.01168e-34 0.19577 0.103958 0.103877 8.14212e-35 -1.74941e-34 -1.46199e-34 -0.000115426 -3.54736e-05 -3.60406e-05 -3.20987e-34 0.035416 0.0295814 0.0337928 
0.357001 0.466474 0.472815 0.469724 0.426287 0.421245 -0.000160633 -0.000393847 -0.000256954 -0.000320833 -0.00021712 -0.000269854 0.0221062 0.0267731 0.0211352 
0.937284 0.706277 0.586441 0.64899 0.800397 0.843038 -0.000657805 -0.000719474 -0.000203997 -0.000388092 -0.000435112 -0.000792723 0.312356 0.285031 0.322178 
0.517635 0.482356 0.513328 0.508284 0.515434 0.513633 -0.00936648 -0.0127288 0.00232165 -0.0051862 -0.00323539 -0.0124688 0.0943749 0.103494 0.0933549 
1 0.986666 0.937284 0.995444 0.9843 0.99666 -7.06853e-37 -0.000553996 -0.000657805 -0.000676458 -0.000491865 -0.000393544 0.352372 0.322317 0.312356 
-1.57283e-34 -1.3556e-34 -0.0951087 -0.0702971 -0.0709606 -9.39197e-35 -1.22202e-34 -2.59445e-34 -0.00151563 -0.000528066 0.00206058 -3.81956e-34 0.0266352 0.0520263 0.0367442 
6.30558e-34 0.741058 0.393862 0.576525 0.212175 0.411115 3.01042e-34 -0.0338855 -0.0174738 -0.0259969 -0.005439 -0.0129492 0.0647568 0.0748723 0.0596887 
-3.35844e-34 0.75 0.586441 0.67337 0.325162 0.4375 8.65196e-34 -3.77665e-37 -0.000203997 -0.000133888 -4.11583e-05 -1.13438e-37 0.353015 0.352976 0.322178 
1.85468e-34 1.85037e-34 0.203119 0.108296 0.108182 7.42791e-35 2.03242e-34 2.33368e-34 -0.000153148 -4.65028e-05 -5.03692e-05 4.36687e-34 0.0414745 0.0476184 0.044523 
3.34744e-34 1.82669e-34 0.202608 0.107906 0.107825 7.36683e-35 1.44256e-34 1.73602e-34 -0.000120311 -3.70764e-05 -3.74288e-05 3.18035e-34 0.0294567 0.0354253 0.033561 
1.80158e-34 1.76731e-34 0.195018 0.103127 0.104181 7.88451e-35 3.25357e-34 3.54305e-34 0.00141311 0.000470654 0.000362383 6.78648e-34 0.0662865 0.072136 0.0690965 
1.48287e-34 1.36909e-34 0.163111 0.0818288 0.0853427 5.69889e-35 4.10436e-34 4.12893e-34 0.00475902 0.00141555 0.00142165 8.19967e-34 0.0833574 0.0838551 0.0831922 
1.19956e-34 1.28244e-34 0.156038 0.0757298 0.0724413 4.31377e-35 3.70636e-34 3.4625e-34 -0.00484206 -0.00148017 -0.000850382 7.20895e-34 0.0757759 0.0710338 0.0744204 
2.18567e-34 2.18343e-34 0.23237 0.12555 0.127461 9.48651e-35 -5.1377e-34 -4.59917e-34 0.00279693 0.0009477 0.000629541 -9.75379e-34 0.104137 0.0934036 0.0990832 
1.87187e-34 1.84678e-34 0.200514 0.105923 0.107022 8.05993e-35 -3.42705e-34 -3.13469e-34 0.0014679 0.0003757 0.000484101 -6.57237e-34 0.0695419 0.0635681 0.0666785 
1.81665e-34 1.80371e-34 0.196634 0.104384 0.104272 7.89727e-35 -2.31297e-34 -2.0337e-34 -0.000151815 -4.72715e-05 -4.34545e-05 -4.34599e-34 0.0468278 0.0411704 0.0439983 
0.620703 0.746359 0.381122 0.589076 0.501305 0.695495 -0.0756619 -0.123724 -0.03642 -0.0786907 -0.0554601 -0.0997086 0.0519932 0.0522694 0.0562173 
0.606629 0.505691 0.605027 0.58028 0.614256 0.556707 -0.165269 -0.139359 -0.124042 -0.138666 -0.146159 -0.154413 0.0893812 0.105851 0.0903747 
0.577156 0.605027 0.505691 0.58028 0.557589 0.591832 -0.108516 -0.124042 -0.139359 -0.138666 -0.127902 -0.117032 0.098355 0.0903747 0.105851 
0.608906 0.746359 0.761711 0.789563 0.746727 0.680067 -0.097666 -0.123724 -0.182384 -0.159997 -0.150591 -0.111856 0.0611121 0.0522694 0.0463762 
0.360569 0.0273049 0.133104 0.0740323 0.228139 0.140486 -0.0871968 0.0513214 -0.00836259 0.0220761 -0.0442751 -0.00845733 -0.00109131 -0.00850689 -0.00244587 
0.499981 0.477907 0.488276 0.483498 0.497057 0.494466 -7.88184e-05 -8.40294e-05 -0.000142237 -0.00011024 -0.000107027 -8.34009e-05 0.00844866 0.00993501 0.014264 
-4.18317e-34 7.27652e-34 0.437602 0.234467 0.234402 6.19409e-34 -8.37536e-34 -1.45777e-33 -9.05761e-05 -5.52205e-05 -2.59175e-05 -3.1326e-33 0.351756 0.306071 0.328909 
0.999336 0.835202 0.70389 0.774247 0.934514 0.962894 -0.0159041 -0.00684821 -0.00817757 -0.00791764 -0.0150219 -0.0119682 0.13526 0.161872 0.124112 
0.272995 0.081475 0.167539 0.125038 0.217516 0.169683 -0.095191 -0.0306589 -0.0325391 -0.0325776 -0.0635591 -0.0643632 0.117329 0.118975 0.126454 
0.608906 0.381122 0.746359 0.589076 0.680067 0.510845 -0.097666 -0.03642 -0.123724 -0.0786907 -0.111856 -0.0658872 0.0611121 0.0562173 0.0522694 
0.404431 0.488276 0.477907 0.483498 0.447613 0.456444 -6.60032e-05 -0.000142237 -8.40294e-05 -0.00011024 -7.68042e-05 -0.000102376 0.010928 0.014264 0.00993501 
-9.67868e-35 2.93381e-35 -0.0175567 -0.0209405 -0.0419105 -4.9552e-35 -4.265e-34 -5.92851e-34 -0.0320252 -0.011213 -0.00883684 -9.5541e-34 0.0837119 0.110765 0.0847394 
7.27652e-34 0.749933 0.437602 0.609319 0.234467 0.437524 -1.45777e-33 -0.000494595 -9.05761e-05 -0.00021831 -5.52205e-05 -0.000148206 0.306071 0.30971 0.328909 
2.04544e-34 0.213924 0.170272 0.19298 0.0888963 0.115864 -4.14066e-34 0.00361279 0.00231371 0.00303244 0.000676505 0.00111354 0.0841561 0.0807699 0.089096 
0.75 0.937284 0.586441 0.800397 0.67337 0.859262 -3.77665e-37 -0.000657805 -0.000203997 -0.000435112 -0.000133888 -0.000356119 0.352976 0.312356 0.322178 
0.338385 0.170272 0.213924 0.19298 0.279659 0.262016 0.0090596 0.00231371 0.00361279 0.00303244 0.0064665 0.00545927 0.0892992 0.089096 0.0807699 
1.81867e-34 0.197377 0.149204 0.173657 0.0776101 0.104717 -2.85867e-34 0.00019491 0.000400308 0.000310777 9.36508e-05 6.78748e-05 0.0579136 0.0553723 0.0607833 
0.0213734 0.133104 0.0273049 0.0740323 0.0302059 0.0698885 0.0279593 -0.00836259 0.0513214 0.0220761 0.041538 0.0151393 0.0018627 -0.00244587 -0.00850689 
7.27652e-34 7.40959e-34 0.62467 0.350085 0.349662 4.30419e-34 -1.45777e-33 -1.23883e-33 -0.000674453 -0.00024666 -0.000163487 -2.69586e-33 0.306071 0.26002 0.274753 
0.308204 0.149204 0.197377 0.173657 0.255469 0.234498 0.0018172 0.000400308 0.00019491 0.000310777 0.000757011 0.00102685 0.0609937 0.0607833 0.0553723 
1.88154e-34 3.34744e-34 0.192896 0.102335 0.102296 8.60058e-35 1.15291e-34 1.44256e-34 -5.99187e-05 -2.81536e-05 -1.5298e-05 2.59701e-34 0.0235238 0.0294567 0.0249437 
7.74698e-34 9.54517e-34 0.645326 0.365241 0.363564 4.1572e-34 -1.01727e-33 -7.91718e-34 -0.00233043 -0.00111855 -0.000603586 -1.80406e-33 0.213397 0.165262 0.195739 
0.109225 0.341385 0.147559 0.246824 0.124971 0.219344 -0.0695658 -0.133223 -0.0966944 -0.119509 -0.0836759 -0.104747 0.103307 0.102989 0.084233 
0.608906 0.761711 0.702284 0.745827 0.672204 0.746727 -0.097666 -0.182384 -0.151914 -0.171225 -0.127923 -0.150591 0.0611121 0.0463762 0.0653556 
0.620703 0.381122 0.286465 0.339171 0.465173 0.501305 -0.0756619 -0.03642 -0.0177474 -0.0263559 -0.0430163 -0.0554601 0.0519932 0.0562173 0.050601 
1.83548e-34 0.146366 0.198851 0.173223 0.105822 0.0766104 2.94904e-34 0.000360359 0.000144742 0.000274501 5.70941e-05 8.7323e-05 0.0601365 0.0631801 0.056714 
1.81268e-34 0.198851 0.147195 0.173624 0.076893 0.105931 2.6395e-34 0.000144742 -3.93299e-05 1.89761e-05 -5.84824e-06 1.969e-05 0.0538434 0.056714 0.050731 
1.62447e-34 0.127218 0.183732 0.155654 0.0952908 0.0665158 3.99027e-34 0.00255053 0.00362615 0.0031829 0.00110376 0.000695573 0.0810914 0.0818994 0.0786416 
1.68609e-34 0.183732 0.140674 0.163254 0.0725279 0.0979334 3.79507e-34 0.00362615 0.00141349 0.00232203 0.000450014 0.000981507 0.0771776 0.0786416 0.0745023 
1.20051e-34 0.102909 0.147398 0.124364 0.0714178 0.0498185 3.91618e-34 -0.000269271 0.00255206 0.00091764 0.000626801 8.10297e-05 0.0797505 0.0779239 0.0811277 
1.2439e-34 0.147398 0.110175 0.12843 0.0540095 0.0732574 4.06327e-34 0.00255206 0.00230122 0.00250476 0.00065056 0.000919483 0.0826261 0.0811277 0.0829722 
0.307665 0.147195 0.198851 0.173624 0.25635 0.233544 -0.000117607 -3.93299e-05 0.000144742 1.89761e-05 5.80337e-05 -8.02108e-05 0.0504563 0.050731 0.056714 
0.296498 0.140674 0.183732 0.163254 0.24268 0.224114 0.00603255 0.00141349 0.00362615 0.00232203 0.00521586 0.00353047 0.0742077 0.0745023 0.0786416 
0.33005 0.198851 0.146366 0.173223 0.24666 0.269563 0.00175935 0.000144742 0.000360359 0.000274501 0.00100558 0.000696071 0.0622373 0.056714 0.0631801 
0.255737 0.110175 0.147398 0.12843 0.202278 0.184548 0.00883262 0.00230122 0.00255206 0.00250476 0.00521882 0.00540902 0.0829749 0.0829722 0.0811277 
0.301368 0.183732 0.127218 0.155654 0.22002 0.246884 0.0119658 0.00362615 0.00255053 0.0031829 0.00696737 0.00751873 0.0814908 0.0786416 0.0818994 
0.285192 0.147398 0.102909 0.124364 0.193395 0.213416 -0.00493941 0.00255206 -0.000269271 0.00091764 -0.00178097 0.000945857 0.0794363 0.0811277 0.0779239 
9.54517e-34 0.835202 0.645326 0.748847 0.365241 0.507641 -7.91718e-34 -0.00684821 -0.00233043 -0.0039373 -0.00111855 -0.00225765 0.165262 0.161872 0.195739 
0.57708 0.545543 0.761711 0.673954 0.693931 0.560885 -0.167787 -0.175215 -0.182384 -0.188731 -0.185162 -0.172069 0.0290204 0.040829 0.0463762 
0.329803 0.197377 0.146049 0.172102 0.246128 0.268261 -1.76877e-05 0.00019491 -3.89213e-05 3.35438e-05 -5.51905e-05 0.000164729 0.0503548 0.0553723 0.049656 
1.82285e-34 0.146049 0.197377 0.172102 0.104587 0.0760751 -2.58747e-34 -3.89213e-05 0.00019491 3.35438e-05 2.84623e-05 -2.62936e-06 0.052401 0.049656 0.0553723 
0.298668 0.146385 0.224413 0.186914 0.266921 0.226141 -0.0393208 -0.0115177 -0.00936949 -0.0112089 -0.0221026 -0.0254659 0.1237 0.126563 0.119362 
1.16928e-34 0.169616 2.77785e-34 0.0891863 1.13805e-34 0.0891902 -5.70666e-39 -5.01995e-06 -2.93272e-35 -1.8408e-06 -2.9323e-35 -1.59489e-06 1.34555e-06 0.00382311 0.00593638 
3.17223e-34 0.286465 0.381122 0.339171 0.195767 0.135488 2.23921e-34 -0.0177474 -0.03642 -0.0263559 -0.00935512 -0.00475771 0.0480014 0.050601 0.0562173 
0.360569 0.48458 0.107161 0.253827 0.226537 0.407811 -0.0871968 -0.116949 0.00159524 -0.0595416 -0.0439154 -0.0984187 -0.00109131 -0.0238627 -0.0283652 
2.02677e-34 0.224413 0.146385 0.186914 0.0816904 0.119629 -6.25713e-34 -0.00936949 -0.0115177 -0.0112089 -0.00287093 -0.00321912 0.125644 0.119362 0.126563 
1.1864e-34 2.76919e-34 0.180903 0.0955065 0.0955025 1.00198e-34 -5.76957e-39 2.87724e-35 -5.6112e-06 -2.12804e-06 -1.79791e-06 2.87761e-35 -1.33668e-06 0.00587185 0.00365335 
0.343442 0.213924 0.152062 0.182945 0.256807 0.284309 0.00777013 0.00361279 0.00144903 0.0023885 0.00424604 0.00598333 0.0739577 0.0807699 0.0731431 
0.361519 0.147559 0.341385 0.246824 0.35028 0.251372 -0.151379 -0.0966944 -0.133223 -0.119509 -0.143867 -0.126083 0.0819812 0.084233 0.102989 
1.85468e-34 0.203119 0.153566 0.178809 0.0803657 0.108182 2.03242e-34 -0.000153148 -8.86026e-05 -0.00011852 -2.66242e-05 -5.03692e-05 0.0414745 0.044523 0.0387144 
1.95415e-34 0.152062 0.213924 0.182945 0.113213 0.0801437 -3.755e-34 0.00144903 0.00361279 0.0023885 0.000995313 0.000441611 0.0762886 0.0731431 0.0807699 
2.18343e-34 0.170272 0.23237 0.202202 0.12555 0.0909996 -4.59917e-34 0.00231371 0.00279693 0.00272838 0.0009477 0.000629372 0.0934036 0.089096 0.0990832 
1.85037e-34 0.147195 0.203119 0.175803 0.108296 0.0768568 2.33368e-34 -3.93299e-05 -0.000153148 -9.23856e-05 -4.65028e-05 -1.64288e-05 0.0476184 0.050731 0.044523 
2.18567e-34 0.23237 0.166198 0.201406 0.0885551 0.127461 -5.1377e-34 0.00279693 -0.000734653 0.000766315 -9.67888e-05 0.000629541 0.104137 0.0990832 0.109689 
1.84678e-34 0.149204 0.200514 0.174931 0.105923 0.0779738 -3.13469e-34 0.000400308 0.0014679 0.000814846 0.0003757 0.000143159 0.0635681 0.0607833 0.0666785 
1.80158e-34 0.195018 0.146366 0.171552 0.0762713 0.104181 3.25357e-34 0.00141311 0.000360359 0.000749936 0.000134627 0.000362383 0.0662865 0.0690965 0.0631801 
1.76731e-34 0.140674 0.195018 0.168387 0.103127 0.0738381 3.54305e-34 0.00141349 0.00141311 0.00147157 0.000470654 0.000373368 0.072136 0.0745023 0.0690965 
1.48287e-34 0.163111 0.127218 0.145875 0.064129 0.0853427 4.10436e-34 0.00475902 0.00255053 0.00352331 0.000752963 0.00142165 0.0833574 0.0831922 0.0818994 
1.36909e-34 0.110175 0.163111 0.136169 0.0818288 0.0562294 4.12893e-34 0.00230122 0.00475902 0.0034194 0.00141555 0.000737722 0.0838551 0.0829722 0.0831922 
1.19956e-34 0.156038 0.102909 0.127093 0.0499876 0.0724413 3.70636e-34 -0.00484206 -0.000269271 -0.00214761 -0.000142491 -0.000850382 0.0757759 0.0744204 0.0779239 
1.87187e-34 0.200514 0.152062 0.176747 0.0788101 0.107022 -3.42705e-34 0.0014679 0.00144903 0.00151639 0.000374166 0.000484101 0.0695419 0.0666785 0.0731431 
1.28244e-34 0.120664 0.156038 0.13839 0.0757298 0.0556207 3.4625e-34 -0.00517756 -0.00484206 -0.00548363 -0.00148017 -0.00112706 0.0710338 0.0698695 0.0744204 
1.80371e-34 0.143693 0.196634 0.170709 0.104384 0.0748125 -2.0337e-34 -7.95373e-05 -0.000151815 -0.00011206 -4.72715e-05 -2.30387e-05 0.0411704 0.0382874 0.0439983 
1.81665e-34 0.196634 0.146049 0.171787 0.0761045 0.104272 -2.31297e-34 -0.000151815 -3.89213e-05 -9.34535e-05 -1.35038e-05 -4.34545e-05 0.0468278 0.0439983 0.049656 
0.272995 0.505691 0.341385 0.433986 0.304466 0.395312 -0.095191 -0.139359 -0.133223 -0.141552 -0.114993 -0.123533 0.117329 0.105851 0.102989 
0.498787 0.497508 0.466474 0.486435 0.494475 0.499924 -0.000462878 -0.000359975 -0.000393847 -0.000384799 -0.000446051 -0.000412519 0.0274833 0.0239953 0.0267731 
1.1864e-34 0.180903 0.244866 0.213778 0.132627 0.0955025 -5.76957e-39 -5.6112e-06 -8.3256e-06 -6.78622e-06 -2.81563e-06 -1.79791e-06 -1.33668e-06 0.00365335 -8.98524e-07 
0.0114802 0.293692 0.0750488 0.175886 0.0419256 0.136119 -0.039282 -0.110557 -0.0248893 -0.0674401 -0.0316959 -0.070442 0.033665 0.0267842 0.0124394 
1.16928e-34 0.244913 0.169616 0.20848 0.0891902 0.13267 -5.70666e-39 -8.38811e-06 -5.01995e-06 -6.54972e-06 -1.59489e-06 -2.83986e-06 1.34555e-06 9.40381e-07 0.00382311 
0.355311 0.477719 0.433834 0.458692 0.398375 0.429868 -0.000175692 -0.000327098 -0.000386201 -0.000361899 -0.000271306 -0.000259218 0.0231966 0.0237184 0.0283961 
2.96948e-34 0.381122 0.28222 0.329729 0.140037 0.174557 2.52111e-34 -0.03642 -0.0240862 -0.0298379 -0.00632178 -0.00847622 0.0541279 0.0562173 0.0594566 
0.272995 0.167539 0.364938 0.266451 0.322868 0.217516 -0.095191 -0.0325391 -0.083657 -0.0617696 -0.0912784 -0.0635591 0.117329 0.126454 0.121319 
0.298668 0.364938 0.167539 0.266451 0.236152 0.331815 -0.0393208 -0.083657 -0.0325391 -0.0617696 -0.03886 -0.0608659 0.1237 0.121319 0.126454 
0.606629 0.667207 0.557205 0.629429 0.59015 0.63759 -0.165269 -0.174093 -0.183237 -0.184384 -0.178794 -0.170872 0.0893812 0.0756881 0.0741215 
3.01168e-34 1.8825e-34 0.18688 0.0988838 0.0988437 9.32926e-35 -1.46199e-34 -1.17093e-34 -5.94045e-05 -1.5342e-05 -2.62979e-05 -2.63159e-34 0.0295814 0.0237067 0.0254317 
0.499627 0.497508 0.477719 0.497507 0.492922 0.499743 -0.00024332 -0.000359975 -0.000327098 -0.000355281 -0.000288089 -0.000299159 0.0192422 0.0239953 0.0237184 
0.498787 0.477719 0.497508 0.497507 0.499924 0.491536 -0.000462878 -0.000327098 -0.000359975 -0.000355281 -0.000412519 -0.000397194 0.0274833 0.0237184 0.0239953 
0.489783 0.489773 0.499981 0.497467 0.497394 0.499981 -3.41465e-05 -3.42471e-05 -4.75602e-05 -3.93454e-05 -3.92372e-05 -3.70892e-05 3.95112e-07 -4.55268e-07 0.00381168 
0.298668 0.167539 0.146385 0.161268 0.226141 0.236152 -0.0393208 -0.0325391 -0.0115177 -0.0204964 -0.0254659 -0.03886 0.1237 0.126454 0.126563 
1.53717e-34 0.146385 0.167539 0.161268 0.0907179 0.0716598 -6.57237e-34 -0.0115177 -0.0325391 -0.0204964 -0.00968975 -0.00402784 0.130643 0.126563 0.126454 
0.357001 0.472815 0.427638 0.452934 0.395297 0.426287 -0.000160633 -0.000256954 -0.00014236 -0.000195187 -0.000155234 -0.00021712 0.0221062 0.0211352 0.0170154 
7.40959e-34 0.774761 0.62467 0.704382 0.350085 0.456318 -1.23883e-33 -0.00177093 -0.000674453 -0.00105955 -0.00024666 -0.000500781 0.26002 0.238213 0.274753 
0.998664 0.774761 0.997025 0.929999 0.997867 0.934816 -0.00152447 -0.00177093 -0.00290849 -0.00258172 -0.002243 -0.00193898 0.274265 0.238213 0.237749 
0.98969 0.997025 0.774761 0.929999 0.916765 0.993918 -0.00498474 -0.00290849 -0.00177093 -0.00258172 -0.00335939 -0.00370858 0.202934 0.237749 0.238213 
0.516692 0.364938 0.455795 0.41735 0.486242 0.450606 -0.0947654 -0.083657 -0.0600058 -0.0736993 -0.0775426 -0.0940727 0.110286 0.121319 0.1151 
0.298668 0.455795 0.364938 0.41735 0.331815 0.384177 -0.0393208 -0.0600058 -0.083657 -0.0736993 -0.0608659 -0.0529715 0.1237 0.1151 0.121319 
1.1028e-33 1.05105e-34 0.107161 0.0102148 0.0859075 3.71516e-34 2.69791e-36 9.66819e-35 0.00159524 0.0399435 -0.00492304 9.90272e-35 -0.0709104 -0.0237096 -0.0283652 
0.329803 0.360889 0.197377 0.286813 0.268261 0.345538 -1.76877e-05 0.00110499 0.00019491 0.000587882 0.000164729 0.000401276 0.0503548 0.0563141 0.0553723 
0.343442 0.383972 0.213924 0.30827 0.284309 0.364013 0.00777013 0.0123001 0.00361279 0.00767611 0.00598333 0.0101831 0.0739577 0.0819903 0.0807699 
0.360569 0.74463 0.784761 0.761684 0.588723 0.581549 -0.0871968 -0.160139 -0.144385 -0.152291 -0.130545 -0.134389 -0.00109131 0.0161579 0.00822379 
1.53717e-34 2.02677e-34 0.146385 0.0816904 0.0716598 1.19294e-34 -6.57237e-34 -6.25713e-34 -0.0115177 -0.00287093 -0.00402784 -1.26745e-33 0.130643 0.125644 0.126563 
0.98969 0.645326 0.835202 0.748847 0.935838 0.879018 -0.00498474 -0.00233043 -0.00684821 -0.0039373 -0.00635928 -0.00427876 0.202934 0.195739 0.161872 
0.285192 0.311928 0.147398 0.231441 0.213416 0.297668 -0.00493941 0.00437435 0.00255206 0.00403656 0.000945857 -0.000321247 0.0794363 0.0826197 0.0811277 
0.301368 0.341971 0.183732 0.269243 0.246884 0.322254 0.0119658 0.0113118 0.00362615 0.00745122 0.00751873 0.0119156 0.0814908 0.0779317 0.0786416 
0.33005 0.360557 0.198851 0.287471 0.269563 0.345855 0.00175935 0.000556669 0.000144742 0.00034495 0.000696071 0.00110646 0.0622373 0.055531 0.056714 
1.82669e-34 0.153566 0.202608 0.178565 0.107906 0.0802892 1.73602e-34 -8.86026e-05 -0.000120311 -0.000105979 -3.70764e-05 -2.50702e-05 0.0354253 0.0387144 0.033561 
1.82669e-34 1.85468e-34 0.153566 0.0803657 0.0802892 1.30524e-34 1.73602e-34 2.03242e-34 -8.86026e-05 -2.66242e-05 -2.50702e-05 3.76932e-34 0.0354253 0.0414745 0.0387144 
0.30747 0.202608 0.153566 0.178565 0.236153 0.257858 -0.000322067 -0.000120311 -8.86026e-05 -0.000105979 -0.000200941 -0.000216019 0.038623 0.033561 0.0387144 
2.18343e-34 2.04544e-34 0.170272 0.0888963 0.0909996 1.54107e-34 -4.59917e-34 -4.14066e-34 0.00231371 0.000676505 0.000629372 -8.76446e-34 0.0934036 0.0841561 0.089096 
5.43171e-34 6.30558e-34 0.393862 0.212175 0.198183 4.02124e-34 2.23868e-34 3.01042e-34 -0.0174738 -0.005439 -0.00460197 5.55647e-34 0.0493967 0.0647568 0.0596887 
3.17223e-34 4.64299e-34 0.286465 0.151677 0.135488 2.48178e-34 2.23921e-34 2.11612e-34 -0.0177474 -0.0056555 -0.00475771 4.64069e-34 0.0480014 0.0472056 0.050601 
1.84678e-34 1.81867e-34 0.149204 0.0776101 0.0779738 1.33367e-34 -3.13469e-34 -2.85867e-34 0.000400308 9.36508e-05 0.000143159 -5.998e-34 0.0635681 0.0579136 0.0607833 
1.83548e-34 1.80158e-34 0.146366 0.0762713 0.0766104 1.36669e-34 2.94904e-34 3.25357e-34 0.000360359 0.000134627 8.7323e-05 6.19849e-34 0.0601365 0.0662865 0.0631801 
1.85037e-34 1.81268e-34 0.147195 0.076893 0.0768568 1.37502e-34 2.33368e-34 2.6395e-34 -3.93299e-05 -5.84824e-06 -1.64288e-05 4.97341e-34 0.0476184 0.0538434 0.050731 
1.62447e-34 1.48287e-34 0.127218 0.064129 0.0665158 1.13173e-34 3.99027e-34 4.10436e-34 0.00255053 0.000752963 0.000695573 8.06695e-34 0.0810914 0.0833574 0.0818994 
1.76731e-34 1.68609e-34 0.140674 0.0725279 0.0738381 1.29864e-34 3.54305e-34 3.79507e-34 0.00141349 0.000450014 0.000373368 7.32325e-34 0.072136 0.0771776 0.0745023 
1.20051e-34 1.19956e-34 0.102909 0.0499876 0.0498185 7.96982e-35 3.91618e-34 3.70636e-34 -0.000269271 -0.000142491 8.10297e-05 7.62699e-34 0.0797505 0.0757759 0.0779239 
1.36909e-34 1.2439e-34 0.110175 0.0540095 0.0562294 9.17583e-35 4.12893e-34 4.06327e-34 0.00230122 0.00065056 0.000737722 8.16721e-34 0.0838551 0.0826261 0.0829722 
0.893425 0.784761 0.74463 0.761684 0.844999 0.867911 -0.140314 -0.144385 -0.160139 -0.152291 -0.158137 -0.149206 0.03209 0.00822379 0.0161579 
1.80371e-34 1.7264e-34 0.143693 0.0748866 0.0748125 1.3773e-34 -2.0337e-34 -1.74941e-34 -7.95373e-05 -2.38693e-05 -2.30387e-05 -3.78235e-34 0.0411704 0.035416 0.0382874 
1.82285e-34 1.81665e-34 0.146049 0.0761045 0.0760751 1.34492e-34 -2.58747e-34 -2.31297e-34 -3.89213e-05 -1.35038e-05 -2.62936e-06 -4.90027e-34 0.052401 0.0468278 0.049656 
1.28244e-34 1.45333e-34 0.120664 0.0603284 0.0556207 9.66624e-35 3.4625e-34 3.20424e-34 -0.00517756 -0.00144999 -0.00112706 6.72735e-34 0.0710338 0.0660796 0.0698695 
1.95415e-34 1.87187e-34 0.152062 0.0788101 0.0801437 1.43152e-34 -3.755e-34 -3.42705e-34 0.00144903 0.000374166 0.000441611 -7.19817e-34 0.0762886 0.0695419 0.0731431 
2.16528e-34 2.18567e-34 0.166198 0.0885551 0.0877707 1.74811e-34 -5.71619e-34 -5.1377e-34 -0.000734653 -9.67888e-05 -0.000471088 -1.08402e-33 0.115276 0.104137 0.109689 
0.481513 0.546114 0.556002 0.554386 0.527034 0.512417 -0.0357866 -0.0779776 -0.0714078 -0.0755704 -0.0529415 -0.0551566 0.0859968 0.0865809 0.094614 
0.885246 0.784761 0.92586 0.899636 0.930784 0.833816 -0.119705 -0.144385 -0.115159 -0.137646 -0.124922 -0.135694 0.00640153 0.00822379 0.0355688 
-2.74675e-35 -4.09122e-35 -0.0134714 -0.00355711 -0.00340362 -5.48694e-35 6.90466e-35 2.18956e-35 0.0362099 0.0164246 0.0263418 3.69413e-35 0.00460381 0.00870659 0.00361263 
0.999336 0.999461 0.835202 0.953967 0.962894 0.999785 -0.0159041 -0.00897532 -0.00684821 -0.0087232 -0.0119682 -0.0116224 0.13526 0.170198 0.161872 
0.98969 0.835202 0.999461 0.953967 0.996249 0.935838 -0.00498474 -0.00684821 -0.00897532 -0.0087232 -0.00705124 -0.00635928 0.202934 0.161872 0.170198 
-4.18317e-34 0.437602 0.75 0.609439 0.4375 0.234402 -8.37536e-34 -9.05761e-05 -4.37499e-37 -8.35895e-05 -1.74521e-37 -2.59175e-05 0.351756 0.328909 0.351824 
0.33842 0.37524 0.224413 0.306571 0.285724 0.358983 -0.00565979 -0.0235362 -0.00936949 -0.0172387 -0.00917888 -0.0134078 0.109353 0.115212 0.119362 
1.45333e-34 0.205466 0.120664 0.159945 0.0603284 0.0950992 3.20424e-34 -0.0148815 -0.00517756 -0.00930037 -0.00144999 -0.00351046 0.0660796 0.067518 0.0698695 
0.312842 0.120664 0.205466 0.159945 0.26219 0.214968 -0.0291274 -0.00517756 -0.0148815 -0.00930037 -0.0229251 -0.0149625 0.0722923 0.0698695 0.067518 
0.893425 0.92586 0.784761 0.899636 0.867911 0.912382 -0.140314 -0.115159 -0.144385 -0.137646 -0.149206 -0.128009 0.03209 0.0355688 0.00822379 
0.577156 0.556002 0.546114 0.554386 0.576363 0.569886 -0.108516 -0.0714078 -0.0779776 -0.0755704 -0.0949124 -0.089797 0.098355 0.094614 0.0865809 
0.304201 0.143693 0.19577 0.170235 0.252978 0.229882 -0.000324599 -7.95373e-05 -0.000115426 -9.77133e-05 -0.000211572 -0.000194493 0.0386376 0.0382874 0.0337928 
1.7264e-34 0.19577 0.143693 0.170235 0.0748866 0.103877 -1.74941e-34 -0.000115426 -7.95373e-05 -9.77133e-05 -2.38693e-05 -3.60406e-05 0.035416 0.0337928 0.0382874 
-0.088413 -0.055628 -0.0595123 -0.0651367 -0.0806206 -0.0729005 0.0150846 0.045833 0.0216464 0.0360772 0.0217021 0.0304907 0.0162545 0.00505523 0.00862387 
0.885246 0.48458 0.784761 0.658067 0.833816 0.73184 -0.119705 -0.116949 -0.144385 -0.1351 -0.135694 -0.125971 0.00640153 -0.0238627 0.00822379 
-1.3556e-34 -0.0760816 -0.0951087 -0.088672 -0.0702971 -0.067117 -2.59445e-34 -0.0138359 -0.00151563 -0.00751439 -0.000528066 -0.00313723 0.0520263 0.0578591 0.0367442 
1.1028e-33 0.107161 0.48458 0.253827 0.290338 0.0859075 2.69791e-36 0.00159524 -0.116949 -0.0595416 -0.0825189 -0.00492304 -0.0709104 -0.0283652 -0.0238627 
0.03654 -0.0175567 0.147559 0.0494751 0.0902141 0.0013973 -0.0628238 -0.0320252 -0.0966944 -0.0628358 -0.0808376 -0.0480214 0.0623853 0.0847394 0.084233 
0.307665 0.198851 0.360557 0.287471 0.335281 0.25635 -0.000117607 0.000144742 0.000556669 0.00034495 0.000120486 5.80337e-05 0.0504563 0.056714 0.055531 
0.109225 0.147559 -0.0175567 0.0494751 0.0379341 0.124971 -0.0695658 -0.0966944 -0.0320252 -0.0628358 -0.0506429 -0.0836759 0.103307 0.084233 0.0847394 
0.296498 0.183732 0.341971 0.269243 0.320422 0.24268 0.00603255 0.00362615 0.0113118 0.00745122 0.0085417 0.00521586 0.0742077 0.0786416 0.0779317 
0.255737 0.147398 0.311928 0.231441 0.282679 0.202278 0.00883262 0.00255206 0.00437435 0.00403656 0.00763703 0.00521882 0.0829749 0.0811277 0.0826197 
0.338385 0.213924 0.383972 0.30827 0.362496 0.279659 0.0090596 0.00361279 0.0123001 0.00767611 0.0110654 0.0064665 0.0892992 0.0807699 0.0819903 
0.308204 0.197377 0.360889 0.286813 0.335534 0.255469 0.0018172 0.00019491 0.00110499 0.000587882 0.00148318 0.000757011 0.0609937 0.0553723 0.0563141 
0.459965 0.463388 0.494378 0.482304 0.481084 0.461899 0.00460731 0.00902865 0.00695194 0.00809131 0.00576819 0.00660695 0.0627006 0.0682948 0.064036 
0.470321 0.455795 0.37524 0.41732 0.426852 0.464154 -0.0367747 -0.0600058 -0.0235362 -0.040928 -0.0313905 -0.0481809 0.11018 0.1151 0.115212 
0.499975 0.494378 0.463388 0.482304 0.489524 0.498154 0.0107984 0.00695194 0.00902865 0.00809131 0.0102357 0.00882609 0.0676476 0.064036 0.0682948 
0.566738 0.605027 0.546114 0.5817 0.555768 0.597774 -0.100534 -0.124042 -0.0779776 -0.100921 -0.0900448 -0.114664 0.0798674 0.0903747 0.0865809 
1.88154e-34 0.192896 0.199072 0.19599 0.105836 0.102296 1.15291e-34 -5.99187e-05 -4.45638e-05 -5.11673e-05 -1.20907e-05 -1.5298e-05 0.0235238 0.0249437 0.0210144 
0.440923 0.445901 0.488988 0.470927 0.468231 0.442855 0.0211149 0.0181249 0.021432 0.0202031 0.0218466 0.020487 0.0826587 0.0853326 0.0848841 
0.577156 0.546114 0.605027 0.5817 0.591832 0.576363 -0.108516 -0.0779776 -0.124042 -0.100921 -0.117032 -0.0949124 0.098355 0.0865809 0.0903747 
0.50457 0.488988 0.445901 0.470927 0.483473 0.497672 0.0148263 0.021432 0.0181249 0.0202031 0.0174353 0.0188218 0.0892967 0.0848841 0.0853326 
1.8825e-34 0.204506 0.18688 0.195757 0.0988838 0.108922 -1.17093e-34 -5.06264e-05 -5.94045e-05 -5.48969e-05 -1.5342e-05 -1.42967e-05 0.0237067 0.0216402 0.0254317 
0.499984 0.491556 0.495881 0.49979 0.499017 0.497787 -0.000701416 -0.000585967 -0.000596846 -0.000595982 -0.000659839 -0.000660529 0.0363025 0.0317534 0.0320307 
0.454194 0.469312 0.495292 0.485155 0.480048 0.462136 -0.000618654 -0.000547205 -0.000696969 -0.000649295 -0.000673349 -0.000636739 0.037943 0.0438704 0.0402604 
0.499993 0.495292 0.469312 0.485155 0.492431 0.498843 -0.000558419 -0.000696969 -0.000547205 -0.000649295 -0.000576236 -0.000652408 0.0440958 0.0402604 0.0438704 
0.885246 0.92586 0.962798 0.945509 0.952926 0.930784 -0.119705 -0.115159 -0.0888931 -0.104564 -0.109262 -0.124922 0.00640153 0.0355688 0.044057 
0.499993 0.495138 0.466989 0.484168 0.491632 0.498742 -0.000558419 -0.000150057 -0.000514541 -0.000381587 -0.000532462 -0.000399538 0.0440958 0.0478904 0.0442159 
0.46102 0.466989 0.495138 0.484168 0.482149 0.464021 8.53675e-05 -0.000514541 -0.000150057 -0.000381587 -4.5155e-05 -0.000281766 0.0495867 0.0442159 0.0478904 
0.315089 0.202608 0.358479 0.287709 0.337499 0.262196 -0.000208653 -0.000120311 -0.0003628 -0.000236266 -0.00028398 -0.000169599 0.0286148 0.033561 0.0337217 
0.30747 0.358479 0.202608 0.287709 0.257858 0.333957 -0.000322067 -0.0003628 -0.000120311 -0.000236266 -0.000216019 -0.000353662 0.038623 0.0337217 0.033561 
0.620703 0.833807 0.746359 0.792279 0.695495 0.748711 -0.0756619 -0.131193 -0.123724 -0.129119 -0.0997086 -0.105839 0.0519932 0.043747 0.0522694 
0.349095 0.648381 0.74463 0.694261 0.547705 0.507236 -0.0942147 -0.163937 -0.160139 -0.162203 -0.137879 -0.136364 0.00777909 0.0212449 0.0161579 
0.499975 0.498142 0.473762 0.489194 0.494678 0.499969 0.0107984 0.0145595 0.00977615 0.0122085 0.0105861 0.0127281 0.0676476 0.0712532 0.0673747 
0.470474 0.473762 0.498142 0.489194 0.488275 0.471981 0.0145173 0.00977615 0.0145595 0.0122085 0.0148282 0.0121387 0.0730013 0.0673747 0.0712532 
0.822842 0.746359 0.833807 0.792279 0.842393 0.812028 -0.168487 -0.123724 -0.131193 -0.129119 -0.153282 -0.151325 0.0363913 0.0522694 0.043747 
0.360569 0.784761 0.48458 0.658067 0.407811 0.588723 -0.0871968 -0.144385 -0.116949 -0.1351 -0.0984187 -0.130545 -0.00109131 0.00822379 -0.0238627 
0.50457 0.513328 0.495156 0.508662 0.508278 0.50898 0.0148263 0.00232165 0.00865724 0.00567116 0.0116071 0.0094864 0.0892967 0.0933549 0.0942183 
0.822842 0.74463 0.648381 0.694261 0.762727 0.801455 -0.168487 -0.160139 -0.163937 -0.162203 -0.174579 -0.169092 0.0363913 0.0161579 0.0212449 
0.429154 0.43869 0.205466 0.323625 0.309976 0.434939 -0.0562436 -0.0605559 -0.0148815 -0.0346013 -0.0318587 -0.0593445 0.0658183 0.0708237 0.067518 
0.482356 0.495156 0.513328 0.508662 0.508284 0.490489 -0.0127288 0.00865724 0.00232165 0.00567116 -0.0051862 -0.000832331 0.103494 0.0942183 0.0933549 
0.797823 0.962798 0.92586 0.945509 0.88782 0.90365 -0.0663832 -0.0888931 -0.115159 -0.104564 -0.0912258 -0.0800555 0.0533464 0.044057 0.0355688 
0.321573 0.545543 0.293692 0.423016 0.308321 0.431258 -0.139877 -0.175215 -0.110557 -0.147527 -0.127862 -0.159426 0.0552713 0.040829 0.0267842 
0.57708 0.293692 0.545543 0.423016 0.560885 0.433031 -0.167787 -0.110557 -0.175215 -0.147527 -0.172069 -0.142012 0.0290204 0.0267842 0.040829 
0.288786 0.342223 0.19577 0.274937 0.244376 0.316485 -0.000181528 -0.000331208 -0.000115426 -0.000219443 -0.00015458 -0.000250459 0.0290389 0.033174 0.0337928 
-0.0400273 -0.0595123 -0.055628 -0.0651367 -0.0500543 -0.0519911 0.0455583 0.0216464 0.045833 0.0360772 0.0484963 0.0343346 0.00511545 0.00862387 0.00505523 
0.312842 0.205466 0.43869 0.323625 0.372956 0.26219 -0.0291274 -0.0148815 -0.0605559 -0.0346013 -0.0432201 -0.0229251 0.0722923 0.067518 0.0708237 
0.304201 0.19577 0.342223 0.274937 0.323724 0.252978 -0.000324599 -0.000115426 -0.000331208 -0.000219443 -0.000339868 -0.000211572 0.0386376 0.0337928 0.033174 
0.466474 0.497508 0.472815 0.488474 0.469724 0.486435 -0.000393847 -0.000359975 -0.000256954 -0.000309748 -0.000320833 -0.000384799 0.0267731 0.0239953 0.0211352 
0.651177 0.557205 0.667207 0.629429 0.666251 0.604325 -0.191876 -0.183237 -0.174093 -0.184384 -0.186538 -0.188628 0.0596601 0.0741215 0.0756881 
0.543859 0.523202 0.511659 0.528673 0.531726 0.533769 -0.0550307 -0.0345052 -0.0201484 -0.0282675 -0.0362151 -0.0446596 0.0995596 0.102313 0.0922864 
0.500647 0.500406 0.487525 0.500278 0.495064 0.502614 0.0228665 0.0213534 0.021647 0.0218583 0.022801 0.022592 0.0825794 0.0790346 0.0789395 
0.500002 0.493619 0.493739 0.499995 0.4983 0.498537 0.00418686 0.00196115 0.00200218 0.00205579 0.00299227 0.00296496 0.0598442 0.0555783 0.056147 
0.499627 0.472815 0.497508 0.488474 0.499743 0.494656 -0.00024332 -0.000256954 -0.000359975 -0.000309748 -0.000299159 -0.000257844 0.0192422 0.0211352 0.0239953 
0.498787 0.495881 0.491556 0.49979 0.495994 0.499767 -0.000462878 -0.000596846 -0.000585967 -0.000595982 -0.00052458 -0.000531882 0.0274833 0.0320307 0.0317534 
0.499987 0.493739 0.493619 0.499995 0.498321 0.498509 0.00070616 0.00200218 0.00196115 0.00205579 0.00128152 0.00129996 0.0519476 0.056147 0.0555783 
0.500072 0.487525 0.500406 0.500278 0.501362 0.495763 0.0188209 0.021647 0.0213534 0.0218583 0.0203482 0.020475 0.0753231 0.0789395 0.0790346 
0.517635 0.511659 0.523202 0.528673 0.524333 0.515956 -0.00936648 -0.0201484 -0.0345052 -0.0282675 -0.0212342 -0.0147916 0.0943749 0.0922864 0.102313 
-4.09122e-35 -0.0166955 -0.0134714 -0.0165857 -0.00355711 -0.00497581 2.18956e-35 0.0155833 0.0362099 0.0269566 0.0164246 0.0112494 0.00870659 0.00588646 0.00361263 
-0.0400273 -0.0134714 -0.0166955 -0.0165857 -0.0305261 -0.0272695 0.0455583 0.0362099 0.0155833 0.0269566 0.0309538 0.0437061 0.00511545 0.00361263 0.00588646 
-2.74675e-35 -0.0134714 -0.0209511 -0.0189925 -0.00829489 -0.00340362 6.90466e-35 0.0362099 0.0676765 0.0544089 0.055416 0.0263418 0.00460381 0.00361263 -0.00111528 
-0.0400273 -0.0209511 -0.0134714 -0.0189925 -0.0272695 -0.0312189 0.0455583 0.0676765 0.0362099 0.0544089 0.0437061 0.0582624 0.00511545 -0.00111528 0.00361263 
