0.476065 0.845754 1.09212e-33 0.564641 0.285303 0.675514 -0.112752 -0.0590907 9.32488e-36 -0.0811335 -0.0802008 -0.109459 -0.0247115 0.0142259 -0.0715452 
0.00346719 0.0192114 0.277343 0.130708 0.122917 0.0102053 -0.0268877 -0.0394487 -0.102627 -0.0686883 -0.0632587 -0.0344928 0.0325325 0.0524458 0.0496659 
0.500288 0.455821 0.497921 0.494369 0.500034 0.488341 0.00911775 0.0115642 0.0117403 0.0126003 0.0105087 0.0108482 0.0440568 0.0504701 0.0475709 
0.504357 0.438035 0.510929 0.493352 0.508615 0.481941 0.0183948 0.0159233 0.0144323 0.0161194 0.0167953 0.0178232 0.0662464 0.068877 0.0700381 
0.531181 0.468957 0.541282 0.526591 0.53698 0.512597 -0.0229637 -0.0222353 -0.0390523 -0.0319256 -0.0306365 -0.0236381 0.0839907 0.07899 0.0878605 
0.313774 0.290202 0.600646 0.458598 0.477524 0.301197 -0.110653 -0.099563 -0.142315 -0.12932 -0.1359 -0.105705 0.0676012 0.0825573 0.0758223 
0.381336 0.308899 0.202622 0.258667 0.302484 0.347868 0.00481873 0.00123705 0.00111499 0.00136422 0.00282237 0.00274057 0.0455442 0.0399048 0.0458956 
0.572184 0.426325 0.540258 0.496905 0.556685 0.519977 -0.0838236 -0.0772022 -0.0698435 -0.0765177 -0.077139 -0.0860639 0.0903572 0.101814 0.0940971 
0.880886 0.845754 0.476065 0.675514 0.724159 0.869308 -0.113578 -0.0590907 -0.112752 -0.109459 -0.120531 -0.0907688 0.0037144 0.0142259 -0.0247115 
0.406035 0.213488 0.33809 0.2796 0.374956 0.319466 -0.0234788 -0.00627768 -0.00701925 -0.00784604 -0.0143452 -0.0152654 0.096103 0.0990575 0.0910233 
0.572184 0.506781 0.426325 0.466512 0.519977 0.552004 -0.0838236 -0.102788 -0.0772022 -0.0905381 -0.0860639 -0.0955176 0.0903572 0.0953948 0.101814 
0.359498 0.318081 0.468158 0.408634 0.423628 0.339549 -0.00108657 -0.000489583 -0.000926067 -0.00071529 -0.00120272 -0.00083504 0.0225063 0.0294013 0.0271904 
0.449108 0.468158 0.318081 0.408634 0.393955 0.45925 0.000560902 -0.000926067 -0.000489583 -0.00071529 -0.000202405 -0.000257145 0.0327515 0.0271904 0.0294013 
0.504357 0.482633 0.49076 0.505172 0.4984 0.504608 0.0183948 0.015814 0.0196341 0.0186245 0.0193122 0.0177559 0.0662464 0.0615427 0.0626206 
0.500288 0.459521 0.49489 0.496028 0.498599 0.490833 0.00911775 0.00395251 0.00597976 0.0054063 0.00756381 0.00656558 0.0440568 0.0379603 0.0405146 
0.50008 0.459521 0.490952 0.477929 0.497655 0.48978 0.00340252 0.00395251 0.000780773 0.0023243 0.0019725 0.0038886 0.036285 0.0379603 0.0314401 
0.490952 0.459521 0.438828 0.449437 0.47065 0.477929 0.000780773 0.00395251 0.000770514 0.00220324 0.000826905 0.0023243 0.0314401 0.0379603 0.0321095 
0.412454 0.217755 0.327427 0.276665 0.372949 0.328439 0.00948008 0.00263756 0.00661144 0.00457923 0.00831156 0.00588495 0.0681808 0.0683924 0.0616582 
0.406035 0.33809 0.500343 0.436671 0.462978 0.374956 -0.0234788 -0.00701925 -0.0136586 -0.0119048 -0.0200292 -0.0143452 0.096103 0.0910233 0.0860387 
0.0227619 -0.0215358 0.0145538 -0.0161449 0.0231566 -0.0108555 0.0452822 0.0592667 0.0199176 0.0477749 0.0339934 0.0602406 -0.00919262 -0.00141653 0.00343023 
0.658035 0.672771 0.619838 0.671882 0.637904 0.693067 -0.108691 -0.148699 -0.0993359 -0.127563 -0.104747 -0.133255 0.064686 0.0656557 0.0721492 
0.506781 0.478176 0.308651 0.39101 0.415312 0.494658 -0.102788 -0.121569 -0.0777494 -0.101161 -0.0943102 -0.112942 0.0953948 0.0878445 0.101001 
0.600646 0.619838 0.672771 0.671882 0.637497 0.655306 -0.142315 -0.0993359 -0.148699 -0.127563 -0.146285 -0.128571 0.0758223 0.0721492 0.0656557 
0.412454 0.327427 0.482633 0.42376 0.454323 0.372949 0.00948008 0.00661144 0.015814 0.0114279 0.0129413 0.00831156 0.0681808 0.0616582 0.0615427 
0.381336 0.454267 0.308899 0.39421 0.347868 0.422113 0.00481873 0.00337834 0.00123705 0.00231888 0.00274057 0.00432264 0.0455442 0.0387816 0.0399048 
0.595792 0.478176 0.506781 0.494658 0.55631 0.552862 -0.114228 -0.121569 -0.102788 -0.112942 -0.110517 -0.122225 0.0861798 0.0878445 0.0953948 
0.384178 0.302786 0.459521 0.395545 0.426699 0.345548 0.00456538 0.00118136 0.00395251 0.00251403 0.00452395 0.00260378 0.0428161 0.0373294 0.0379603 
0.381336 0.301054 0.455821 0.392131 0.423444 0.343725 0.00481873 0.00470573 0.0115642 0.00835034 0.00798781 0.00498896 0.0455442 0.0513893 0.0504701 
0.531181 0.500343 0.507617 0.526046 0.521197 0.525921 -0.0229637 -0.0136586 -0.00807398 -0.0123387 -0.015204 -0.018938 0.0839907 0.0860387 0.0791759 
0.350529 0.264895 0.438035 0.360785 0.396628 0.309449 0.0133481 0.00851112 0.0159233 0.0131567 0.0155101 0.0110936 0.0653133 0.06847 0.068877 
0.338984 0.256481 0.468957 0.371631 0.405457 0.299109 -0.00143384 -0.0031813 -0.0222353 -0.0109865 -0.00980029 -0.00263967 0.0747888 0.0744873 0.07899 
0.350529 0.30915 0.173253 0.244442 0.269061 0.330486 0.0133481 0.00926549 0.00365822 0.00658683 0.00847621 0.0115017 0.0653133 0.0608946 0.0656712 
0.381336 0.202622 0.301054 0.255231 0.343725 0.302484 0.00481873 0.00111499 0.00470573 0.00260159 0.00498896 0.00282237 0.0455442 0.0458956 0.0513893 
0.350529 0.445197 0.30915 0.385977 0.330486 0.402873 0.0133481 0.0177508 0.00926549 0.0141085 0.0115017 0.0160682 0.0653133 0.0612237 0.0608946 
0.338984 0.276768 0.148429 0.213926 0.245569 0.306387 -0.00143384 0.00527518 0.00101449 0.00248925 0.000688738 0.00272216 0.0747888 0.0727233 0.073766 
0.350529 0.173253 0.264895 0.221075 0.309449 0.269061 0.0133481 0.00365822 0.00851112 0.00612592 0.0110936 0.00847621 0.0653133 0.0656712 0.06847 
0.443668 0.320566 0.183899 0.256113 0.316884 0.379063 -0.0447728 -0.0182025 -0.00761927 -0.0135866 -0.0229986 -0.0297904 0.0724702 0.0735728 0.0685897 
0.338984 0.148429 0.256481 0.200726 0.299109 0.245569 -0.00143384 0.00101449 -0.0031813 -0.000265318 -0.00263967 0.000688738 0.0747888 0.073766 0.0744873 
0.430326 0.30915 0.445197 0.385977 0.437891 0.376483 0.0142021 0.00926549 0.0177508 0.0141085 0.0161595 0.012293 0.0563625 0.0608946 0.0612237 
0.338984 0.442023 0.276768 0.365652 0.306387 0.394771 -0.00143384 0.00153644 0.00527518 0.0048404 0.00272216 -0.000266259 0.0747888 0.0752818 0.0727233 
0.411359 0.276768 0.442023 0.365652 0.426 0.349328 0.0102933 0.00527518 0.00153644 0.0048404 0.00645309 0.00786746 0.0719638 0.0727233 0.0752818 
0.389332 0.462545 0.486804 0.476242 0.449904 0.430769 -0.00104013 -0.00110945 -0.00177713 -0.00144191 -0.00145109 -0.00111209 0.0108461 0.00580384 0.0127208 
0.499987 0.486804 0.462545 0.476242 0.490437 0.496586 -0.00153563 -0.00177713 -0.00110945 -0.00144191 -0.00135993 -0.00168902 0.00844553 0.0127208 0.00580384 
0.443668 0.534075 0.320566 0.439857 0.379063 0.49658 -0.0447728 -0.0604463 -0.0182025 -0.0375195 -0.0297904 -0.0541327 0.0724702 0.0796785 0.0735728 
0.464578 0.320566 0.534075 0.439857 0.498641 0.400577 -0.0336483 -0.0182025 -0.0604463 -0.0375195 -0.0462559 -0.02662 0.0786155 0.0735728 0.0796785 
0.406035 0.478436 0.293971 0.395029 0.354795 0.443664 -0.0234788 -0.0500764 -0.0256469 -0.0404645 -0.0259317 -0.0361572 0.096103 0.0977332 0.10418 
0.478578 0.36636 0.491261 0.442963 0.485927 0.431566 -0.000100525 0.0041742 0.00932246 0.0064088 0.00499884 0.00291068 0.0803969 0.0765029 0.0735806 
0.412454 0.491261 0.36636 0.442963 0.391336 0.458806 0.00948008 0.00932246 0.0041742 0.0064088 0.0069674 0.0101485 0.0681808 0.0735806 0.0765029 
0.456067 0.3376 0.46812 0.415345 0.462287 0.405131 0.0128499 0.00539508 0.0110849 0.0084305 0.0121951 0.00906259 0.0548988 0.0493925 0.0489433 
0.384178 0.46812 0.3376 0.415345 0.361827 0.431937 0.00456538 0.0110849 0.00539508 0.0084305 0.00517974 0.00761171 0.0428161 0.0489433 0.0493925 
0.50087 0.497921 0.455821 0.494369 0.487132 0.500825 0.015009 0.0117403 0.0115642 0.0126003 0.0138144 0.0134495 0.0517588 0.0475709 0.0504701 
0.443668 0.363764 0.619838 0.514552 0.538334 0.407271 -0.0447728 -0.0323641 -0.0993359 -0.0642039 -0.0700353 -0.0393906 0.0724702 0.066537 0.0721492 
0.509387 0.510929 0.438035 0.493352 0.483082 0.511548 0.0114234 0.0144323 0.0159233 0.0161194 0.0146339 0.0130957 0.0725961 0.0700381 0.068877 
0.449108 0.454267 0.496331 0.481199 0.479527 0.451892 0.000560902 0.00337834 0.000997716 0.00222032 0.000783912 0.00182216 0.0327515 0.0387816 0.0322274 
0.550713 0.541282 0.468957 0.526591 0.526041 0.545954 -0.0497449 -0.0390523 -0.0222353 -0.0319256 -0.0360039 -0.0443969 0.0879268 0.0878605 0.07899 
3.49108e-34 0.214664 0.293614 0.255816 0.162702 0.114581 -8.7458e-35 -0.000315551 -0.000746802 -0.000519865 -0.000249024 -0.000118968 0.0176035 0.0117141 0.0168441 
0.50008 0.496331 0.454267 0.481199 0.488774 0.499199 0.00340252 0.000997716 0.00337834 0.00222032 0.00361978 0.0021119 0.036285 0.0322274 0.0387816 
1.6619e-34 3.44075e-34 0.215602 0.115586 0.115375 5.59182e-35 5.74914e-35 8.68181e-35 -0.000305652 -0.000115287 -7.64988e-05 1.4493e-34 0.0117422 0.017812 0.0113463 
0.215602 3.44075e-34 0.295614 0.164151 0.257172 0.115586 -0.000305652 8.68181e-35 -0.000735075 -0.000244211 -0.000509875 -0.000115287 0.0113463 0.017812 0.0168397 
0.478578 0.517615 0.500343 0.51393 0.490091 0.506055 -0.000100525 0.00338811 -0.0136586 -0.00466992 -0.00631065 0.0013828 0.0803969 0.077088 0.0860387 
0.384178 0.196967 0.302786 0.252737 0.345548 0.301118 0.00456538 0.000955092 0.00118136 0.00124673 0.00260378 0.00258662 0.0428161 0.0425717 0.0373294 
0.517658 0.500343 0.517615 0.51393 0.519433 0.521631 -0.00224784 -0.0136586 0.00338811 -0.00466992 0.000760027 -0.00820848 0.078447 0.0860387 0.077088 
0.502004 0.49076 0.482633 0.505172 0.501628 0.49784 0.0189608 0.0196341 0.015814 0.0186245 0.01805 0.01947 0.0592183 0.0626206 0.0615427 
0.50008 0.49489 0.459521 0.496028 0.48978 0.498868 0.00340252 0.00597976 0.00395251 0.0054063 0.0038886 0.00467185 0.036285 0.0405146 0.0379603 
0.0145538 -0.0215358 -0.0497475 -0.0345459 -0.028929 -0.0161449 0.0199176 0.0592667 0.0364571 0.0486121 0.034341 0.0477749 0.00343023 -0.00141653 0.0057637 
1.12525e-33 0.844206 0.84295 0.843808 0.513048 0.512346 1.02286e-33 -0.00210586 -0.00524153 -0.00328691 -0.00152148 -0.00103608 0.209317 0.231204 0.176839 
0.443668 0.183899 0.363764 0.268409 0.407271 0.316884 -0.0447728 -0.00761927 -0.0323641 -0.0175501 -0.0393906 -0.0229986 0.0724702 0.0685897 0.066537 
0.308899 0.155063 0.202622 0.179618 0.258667 0.237849 0.00123705 0.000269373 0.00111499 0.000609894 0.00136422 0.000690697 0.0399048 0.0400492 0.0458956 
0.384178 0.3376 0.196967 0.271259 0.301118 0.361827 0.00456538 0.00539508 0.000955092 0.0027194 0.00258662 0.00517974 0.0428161 0.0493925 0.0425717 
0.504357 0.44829 0.438035 0.443006 0.481941 0.484136 0.0183948 0.0182107 0.0159233 0.0172414 0.0178232 0.0190624 0.0662464 0.0653988 0.068877 
0.531181 0.461433 0.468957 0.464196 0.512597 0.507617 -0.0229637 -0.00994137 -0.0222353 -0.0160001 -0.0236381 -0.0162514 0.0839907 0.0778846 0.07899 
0.500288 0.46692 0.455821 0.461713 0.488341 0.491074 0.00911775 0.00755196 0.0115642 0.00955362 0.0108482 0.00861307 0.0440568 0.0445748 0.0504701 
0.412454 0.36636 0.217755 0.298423 0.328439 0.391336 0.00948008 0.0041742 0.00263756 0.00398731 0.00588495 0.0069674 0.0681808 0.0765029 0.0683924 
2.77306e-34 0.272268 0.214664 0.244264 0.115005 0.14942 -2.97599e-35 -0.000400605 -0.000315551 -0.000373707 -7.42365e-05 -0.000117104 0.00597841 0.00700138 0.0117141 
0.517658 0.507617 0.500343 0.526046 0.521631 0.513764 -0.00224784 -0.00807398 -0.0136586 -0.0123387 -0.00820848 -0.00519266 0.078447 0.0791759 0.0860387 
0.449108 0.360903 0.454267 0.414247 0.451892 0.410469 0.000560902 0.000438463 0.00337834 0.00163369 0.00182216 0.000535145 0.0327515 0.0347467 0.0387816 
0.308899 0.454267 0.360903 0.414247 0.336 0.39421 0.00123705 0.00337834 0.000438463 0.00163369 0.00087338 0.00231888 0.0399048 0.0387816 0.0347467 
0.389332 0.441348 0.293614 0.378689 0.345132 0.417414 -0.00104013 -0.00164513 -0.000746802 -0.00123234 -0.000937136 -0.0013759 0.0108461 0.0177058 0.0168441 
0.406035 0.293971 0.213488 0.258285 0.319466 0.354795 -0.0234788 -0.0256469 -0.00627768 -0.0145147 -0.0152654 -0.0259317 0.096103 0.10418 0.0990575 
0.313774 0.600646 0.524572 0.569306 0.421216 0.477524 -0.110653 -0.142315 -0.145532 -0.146738 -0.130651 -0.1359 0.0676012 0.0758223 0.0633437 
3.49108e-34 1.66432e-34 0.214664 0.114799 0.114581 5.38734e-35 -8.7458e-35 -5.86947e-35 -0.000315551 -7.887e-05 -0.000118968 -1.45506e-34 0.0176035 0.0118713 0.0117141 
0.0145538 -0.0734412 0.0602337 -0.0316087 0.0363932 -0.038731 0.0199176 0.0110017 -0.0225312 0.00443438 -0.00283738 0.0198109 0.00343023 0.0166688 0.0155092 
0.33809 0.213488 0.170228 0.194136 0.261608 0.2796 -0.00701925 -0.00627768 -0.00155044 -0.00355423 -0.00405567 -0.00784604 0.0910233 0.0990575 0.0916644 
0.451773 0.540258 0.426325 0.496905 0.440064 0.50317 -0.0651974 -0.0698435 -0.0772022 -0.0765177 -0.0713218 -0.069338 0.100759 0.0940971 0.101814 
0.352693 0.293614 0.441348 0.378689 0.401979 0.324395 -0.00103384 -0.000746802 -0.00164513 -0.00123234 -0.00138543 -0.000936951 0.0227385 0.0168441 0.0177058 
0.257628 0.325611 0.0602337 0.172425 0.14965 0.290597 -0.0881831 -0.0857801 -0.0225312 -0.0483396 -0.0552148 -0.0867081 0.0289347 0.0101008 0.0155092 
0.456067 0.500082 0.482633 0.49386 0.470214 0.48516 0.0128499 0.0166504 0.015814 0.0167658 0.014524 0.0150597 0.0548988 0.0551839 0.0615427 
0.478578 0.500343 0.398271 0.45797 0.443883 0.490091 -0.000100525 -0.0136586 -0.00200287 -0.00741182 -0.00134861 -0.00631065 0.0803969 0.0860387 0.0841827 
0.502004 0.482633 0.500082 0.49386 0.503146 0.501628 0.0189608 0.015814 0.0166504 0.0167658 0.0180229 0.01805 0.0592183 0.0615427 0.0551839 
0.302786 0.339613 0.459521 0.408818 0.395545 0.321557 0.00118136 0.000199813 0.00395251 0.00163169 0.00251403 0.000697215 0.0373294 0.0321257 0.0379603 
0.0192114 0.108464 0.277343 0.184774 0.130708 0.0616146 -0.0394487 -0.0633949 -0.102627 -0.082919 -0.0686883 -0.0516617 0.0524458 0.0677255 0.0496659 
0.995226 0.984082 0.744958 0.908676 0.917273 0.992124 -0.0352266 -0.061087 -0.0320947 -0.0483138 -0.03942 -0.0492705 0.0874568 0.0567802 0.0696616 
0.301054 0.347333 0.455821 0.409336 0.392131 0.325381 0.00470573 0.00882789 0.0115642 0.0107139 0.00835034 0.00665614 0.0513893 0.055677 0.0504701 
0.438828 0.459521 0.339613 0.408818 0.395058 0.449437 0.000770514 0.00395251 0.000199813 0.00163169 0.000482142 0.00220324 0.0321095 0.0379603 0.0321257 
0.33809 0.398271 0.500343 0.45797 0.436671 0.370292 -0.00701925 -0.00200287 -0.0136586 -0.00741182 -0.0119048 -0.00474807 0.0910233 0.0841827 0.0860387 
0.264895 0.312632 0.438035 0.381523 0.360785 0.288771 0.00851112 0.00935579 0.0159233 0.0127659 0.0131567 0.00929062 0.06847 0.070733 0.068877 
0.256481 0.334112 0.468957 0.408525 0.371631 0.293759 -0.0031813 -0.0136721 -0.0222353 -0.0188883 -0.0109865 -0.00750491 0.0744873 0.0753747 0.07899 
0.405445 0.380344 0.273819 0.331298 0.34662 0.393209 -0.00112872 -0.000648556 -0.000399446 -0.000536793 -0.000729422 -0.000868392 0.0109506 0.00408637 0.00692974 
0.430326 0.455821 0.347333 0.409336 0.392614 0.443933 0.0142021 0.0115642 0.00882789 0.0107139 0.0116343 0.0130547 0.0563625 0.0504701 0.055677 
0.411359 0.438035 0.312632 0.381523 0.364408 0.425036 0.0102933 0.0159233 0.00935579 0.0127659 0.0103652 0.0134316 0.0719638 0.068877 0.070733 
0.464578 0.468957 0.334112 0.408525 0.402719 0.466218 -0.0336483 -0.0222353 -0.0136721 -0.0188883 -0.0226968 -0.0279489 0.0786155 0.07899 0.0753747 
0.327427 0.217755 0.15982 0.189058 0.250245 0.276665 0.00661144 0.00263756 0.00149959 0.00204561 0.00376827 0.00457923 0.0616582 0.0683924 0.0612089 
0.389332 0.272268 0.379769 0.330262 0.384648 0.336094 -0.00104013 -0.000400605 -0.000650583 -0.000537359 -0.00083354 -0.000692573 0.0108461 0.00700138 0.00416397 
0.600646 0.290202 0.478176 0.391017 0.539841 0.458598 -0.142315 -0.099563 -0.121569 -0.114203 -0.133476 -0.12932 0.0758223 0.0825573 0.0878445 
0.545166 0.325611 0.257628 0.290597 0.395752 0.443241 -0.142204 -0.0857801 -0.0881831 -0.0867081 -0.117275 -0.119158 0.0298282 0.0101008 0.0289347 
-9.6523e-35 -1.24195e-34 -0.0734412 -0.0693624 -0.0606285 5.27791e-36 -3.93326e-35 -1.1469e-34 0.0110017 0.00437462 0.00712447 -1.71035e-34 0.0103495 0.0245082 0.0166688 
0.405445 0.467192 0.380344 0.430555 0.393209 0.44032 -0.00112872 -0.00110777 -0.000648556 -0.000882195 -0.000868392 -0.00115097 0.0109506 0.00542117 0.00408637 
0.389332 0.379769 0.462545 0.427034 0.430769 0.384648 -0.00104013 -0.000650583 -0.00110945 -0.000880719 -0.00111209 -0.00083354 0.0108461 0.00416397 0.00580384 
0.456067 0.482633 0.376258 0.439791 0.421208 0.470214 0.0128499 0.015814 0.0085897 0.0124688 0.0108664 0.014524 0.0548988 0.0615427 0.0562003 
0.504357 0.492709 0.482633 0.487801 0.504608 0.507395 0.0183948 0.014495 0.015814 0.0156807 0.0177559 0.016726 0.0662464 0.0676279 0.0615427 
0.327427 0.376258 0.482633 0.439791 0.42376 0.353097 0.00661144 0.0085897 0.015814 0.0124688 0.0114279 0.00775887 0.0616582 0.0562003 0.0615427 
0.00346719 0.0602337 -0.0734412 -0.0316087 -0.0502764 0.0302713 -0.0268877 -0.0225312 0.0110017 0.00443438 -0.00266866 -0.0247631 0.0325325 0.0155092 0.0166688 
0.313774 0.277343 0.108464 0.184774 0.205335 0.296391 -0.110653 -0.102627 -0.0633949 -0.082919 -0.0875051 -0.107912 0.0676012 0.0496659 0.0677255 
1.66432e-34 2.77306e-34 0.214664 0.115005 0.114799 5.45417e-35 -5.86947e-35 -2.97599e-35 -0.000315551 -7.42365e-05 -7.887e-05 -8.80687e-35 0.0118713 0.00597841 0.0117141 
0.500288 0.470106 0.459521 0.464811 0.490833 0.493619 0.00911775 0.00765989 0.00395251 0.00568365 0.00656558 0.00867899 0.0440568 0.0434376 0.0379603 
0.363764 0.494091 0.619838 0.571554 0.514552 0.42756 -0.0323641 -0.0591416 -0.0993359 -0.0804626 -0.0642039 -0.0446252 0.066537 0.0640378 0.0721492 
8.62294e-34 1.12525e-33 0.84295 0.513048 0.50984 -4.15576e-35 8.01958e-34 1.02286e-33 -0.00524153 -0.00152148 -0.00212017 1.83045e-33 0.164327 0.209317 0.176839 
0.658035 0.619838 0.494091 0.571554 0.588305 0.637904 -0.108691 -0.0993359 -0.0591416 -0.0804626 -0.0840194 -0.104747 0.064686 0.0721492 0.0640378 
0.293971 0.478436 0.324015 0.410401 0.309669 0.395029 -0.0256469 -0.0500764 -0.043815 -0.0500985 -0.0343036 -0.0404645 0.10418 0.0977332 0.105525 
0.00346719 -0.0653868 0.0192114 -0.0390879 0.0102053 -0.0473561 -0.0268877 -0.00776012 -0.0394487 -0.0203505 -0.0344928 -0.0159036 0.0325325 0.047841 0.0524458 
0.320566 0.116466 0.183899 0.147684 0.256113 0.217782 -0.0182025 -0.00236915 -0.00761927 -0.00469965 -0.0135866 -0.00843629 0.0735728 0.071147 0.0685897 
0.276768 0.109206 0.148429 0.128512 0.213926 0.194879 0.00527518 0.00124246 0.00101449 0.00115423 0.00248925 0.00322327 0.0727233 0.0728568 0.073766 
0.30915 0.133961 0.173253 0.154465 0.244442 0.228318 0.00926549 0.00184196 0.00365822 0.00265783 0.00658683 0.00522077 0.0608946 0.0618749 0.0656712 
0.256481 0.148429 0.106173 0.127093 0.180998 0.200726 -0.0031813 0.00101449 -0.000240512 0.000176892 -0.00126829 -0.000265318 0.0744873 0.073766 0.0738902 
0.264895 0.173253 0.120393 0.146669 0.195779 0.221075 0.00851112 0.00365822 0.0019902 0.0027812 0.00495577 0.00612592 0.06847 0.0656712 0.0689259 
0.301054 0.202622 0.143973 0.173907 0.228474 0.255231 0.00470573 0.00111499 0.00104564 0.00114348 0.00269106 0.00260159 0.0513893 0.0458956 0.0518084 
0.707718 0.995226 0.744958 0.917273 0.73031 0.909466 -0.0140999 -0.0352266 -0.0320947 -0.03942 -0.0211514 -0.0250007 0.108131 0.0874568 0.0696616 
0.464578 0.534075 0.553383 0.547361 0.519467 0.498641 -0.0336483 -0.0604463 -0.0564968 -0.0593771 -0.045259 -0.0462559 0.0786155 0.0796785 0.0852295 
0.411359 0.442023 0.492996 0.471413 0.458171 0.426 0.0102933 0.00153644 0.00778793 0.004721 0.00966986 0.00645309 0.0719638 0.0752818 0.0741763 
0.572184 0.553383 0.534075 0.547361 0.575351 0.56931 -0.0838236 -0.0564968 -0.0604463 -0.0593771 -0.0749702 -0.0701987 0.0903572 0.0852295 0.0796785 
0.430326 0.445197 0.489716 0.471588 0.465747 0.437891 0.0142021 0.0177508 0.0173127 0.0179783 0.0161825 0.0161595 0.0563625 0.0612237 0.0558167 
0.517658 0.492996 0.442023 0.471413 0.491401 0.506888 -0.00224784 0.00778793 0.00153644 0.004721 -0.000274463 0.00328877 0.078447 0.0741763 0.0752818 
0.502004 0.489716 0.445197 0.471588 0.483208 0.496912 0.0189608 0.0173127 0.0177508 0.0179783 0.0190909 0.0184113 0.0592183 0.0558167 0.0612237 
0.464578 0.553383 0.468957 0.516225 0.466218 0.519467 -0.0336483 -0.0564968 -0.0222353 -0.0376463 -0.0279489 -0.045259 0.0786155 0.0852295 0.07899 
0.411359 0.492996 0.438035 0.467281 0.425036 0.458171 0.0102933 0.00778793 0.0159233 0.0132429 0.0134316 0.00966986 0.0719638 0.0741763 0.068877 
0.430326 0.489716 0.455821 0.475191 0.443933 0.465747 0.0142021 0.0173127 0.0115642 0.0146898 0.0130547 0.0161825 0.0563625 0.0558167 0.0504701 
0.550713 0.468957 0.553383 0.516225 0.55351 0.526041 -0.0497449 -0.0222353 -0.0564968 -0.0376463 -0.0534578 -0.0360039 0.0879268 0.07899 0.0852295 
0.509387 0.438035 0.492996 0.467281 0.502995 0.483082 0.0114234 0.0159233 0.00778793 0.0132429 0.00970872 0.0146339 0.0725961 0.068877 0.0741763 
0.50087 0.455821 0.489716 0.475191 0.497251 0.487132 0.015009 0.0115642 0.0173127 0.0146898 0.0163179 0.0138144 0.0517588 0.0504701 0.0558167 
-0.0355717 -0.0497475 -0.0215358 -0.0345459 -0.0293963 -0.0446705 0.0381312 0.0364571 0.0592667 0.0486121 0.0498398 0.0396129 0.00496228 0.0057637 -0.00141653 
2.77366e-34 0.215602 0.273819 0.245554 0.150233 0.11517 2.83518e-35 -0.000305652 -0.000399446 -0.00036565 -0.000117936 -7.41256e-05 0.00583111 0.0113463 0.00692974 
8.21256e-34 1.07318e-33 0.835945 0.514979 0.505337 1.08831e-34 -5.36228e-34 -3.01031e-34 -0.0209045 -0.00738112 -0.00487304 -7.87173e-34 0.11114 0.0535997 0.0796989 
0.531181 0.506994 0.500343 0.503774 0.525921 0.530462 -0.0229637 -0.0308593 -0.0136586 -0.0213717 -0.018938 -0.0281349 0.0839907 0.0910946 0.0860387 
0.645631 0.728964 0.476377 0.640001 0.561761 0.706273 -0.0872589 -0.132533 -0.0524133 -0.0941746 -0.0690821 -0.112908 0.0528096 0.0572164 0.0582195 
0.658035 0.476377 0.728964 0.640001 0.695179 0.59004 -0.108691 -0.0524133 -0.132533 -0.0941746 -0.120765 -0.0823855 0.064686 0.0582195 0.0572164 
0.989601 0.84295 0.844206 0.843808 0.978435 0.978182 -0.00469933 -0.00524153 -0.00210586 -0.00328691 -0.00379041 -0.00604569 0.198921 0.176839 0.231204 
0.212628 0.308651 0.478176 0.39101 0.346758 0.262417 -0.0727789 -0.0777494 -0.121569 -0.101161 -0.101285 -0.0765185 0.0936602 0.101001 0.0878445 
0.430326 0.347333 0.30915 0.328806 0.376483 0.392614 0.0142021 0.00882789 0.00926549 0.00922665 0.012293 0.0116343 0.0563625 0.055677 0.0608946 
0.411359 0.312632 0.276768 0.294647 0.349328 0.364408 0.0102933 0.00935579 0.00527518 0.00728355 0.00786746 0.0103652 0.0719638 0.070733 0.0727233 
0.464578 0.334112 0.320566 0.326949 0.400577 0.402719 -0.0336483 -0.0136721 -0.0182025 -0.0162989 -0.02662 -0.0226968 0.0786155 0.0753747 0.0735728 
0.451773 0.324015 0.478436 0.410401 0.466435 0.390467 -0.0651974 -0.043815 -0.0500764 -0.0500985 -0.0575819 -0.0560872 0.100759 0.105525 0.0977332 
0.302786 0.196967 0.142173 0.169786 0.228129 0.252737 0.00118136 0.000955092 0.000208146 0.000511221 0.000610355 0.00124673 0.0373294 0.0425717 0.0369398 
0.449108 0.318081 0.360903 0.340393 0.410469 0.393955 0.000560902 -0.000489583 0.000438463 -0.000154945 0.000535145 -0.000202405 0.0327515 0.0294013 0.0347467 
0.499464 0.441348 0.486804 0.468111 0.495233 0.482365 -0.0019877 -0.00164513 -0.00177713 -0.00177453 -0.0019684 -0.00190354 0.0192203 0.0177058 0.0127208 
0.499464 0.486804 0.488942 0.499967 0.498324 0.495233 -0.0019877 -0.00177713 -0.00186087 -0.00189508 -0.00200482 -0.0019684 0.0192203 0.0127208 0.0142973 
0.363764 0.183899 0.14404 0.16487 0.253549 0.268409 -0.0323641 -0.00761927 -0.00573208 -0.00694752 -0.0165479 -0.0175501 0.066537 0.0685897 0.0636388 
0.3376 0.148905 0.196967 0.173414 0.271259 0.251496 0.00539508 0.000922645 0.000955092 0.000989427 0.0027194 0.00282529 0.0493925 0.0484444 0.0425717 
0.880886 0.964154 0.845754 0.954489 0.869308 0.95172 -0.113578 -0.0842666 -0.0590907 -0.0845384 -0.0907688 -0.103629 0.0037144 0.0396928 0.0142259 
1.12525e-33 9.5255e-34 0.844206 0.513661 0.512346 -3.21105e-35 1.02286e-33 1.24985e-33 -0.00210586 -0.000710672 -0.00103608 2.27617e-33 0.209317 0.255194 0.231204 
-1.84851e-35 0.033603 0.0650403 0.0463574 -0.0110842 -0.00737951 -4.46882e-34 -0.0207472 -0.0447977 -0.0324477 -0.013496 -0.00625988 0.0848707 0.0934916 0.0806715 
0.359498 0.195119 0.318081 0.260613 0.339549 0.285287 -0.00108657 -0.000302059 -0.000489583 -0.000434093 -0.00083504 -0.000661561 0.0225063 0.0255139 0.0294013 
0.625328 0.545166 0.755874 0.67243 0.711274 0.583557 -0.145392 -0.142204 -0.157272 -0.157587 -0.157685 -0.144006 0.0217339 0.0298282 0.0421372 
0.456067 0.376258 0.3376 0.357133 0.405131 0.421208 0.0128499 0.0085897 0.00539508 0.00701841 0.00906259 0.0108664 0.0548988 0.0562003 0.0493925 
0.820521 0.625328 0.755874 0.711274 0.787221 0.749 -0.150203 -0.145392 -0.157272 -0.157685 -0.155018 -0.155124 0.0329164 0.0217339 0.0421372 
0.572184 0.594524 0.506781 0.572425 0.552004 0.584165 -0.0838236 -0.0920176 -0.102788 -0.102239 -0.0955176 -0.0884153 0.0903572 0.085509 0.0953948 
0.595792 0.506781 0.594524 0.572425 0.599613 0.55631 -0.114228 -0.102788 -0.0920176 -0.102239 -0.103626 -0.110517 0.0861798 0.0953948 0.085509 
0.0145538 -0.0497475 -0.0734412 -0.0628185 -0.038731 -0.028929 0.0199176 0.0364571 0.0110017 0.0232996 0.0198109 0.034341 0.00343023 0.0057637 0.0166688 
8.82166e-34 7.35924e-34 0.707718 0.406421 0.396773 2.1478e-34 4.08776e-34 5.93979e-34 -0.0140999 -0.00407919 -0.0055971 1.02124e-33 0.086953 0.12232 0.108131 
0.36636 0.165671 0.217755 0.192832 0.298423 0.277044 0.0041742 0.00100177 0.00263756 0.00177133 0.00398731 0.00251988 0.0765029 0.075883 0.0683924 
0.478578 0.398271 0.36636 0.383675 0.431566 0.443883 -0.000100525 -0.00200287 0.0041742 0.00173364 0.00291068 -0.00134861 0.0803969 0.0841827 0.0765029 
0.50087 0.500082 0.46812 0.488298 0.495029 0.501718 0.015009 0.0166504 0.0110849 0.0140403 0.013467 0.0160126 0.0517588 0.0551839 0.0489433 
0.456067 0.46812 0.500082 0.488298 0.48516 0.462287 0.0128499 0.0110849 0.0166504 0.0140403 0.0150597 0.0121951 0.0548988 0.0489433 0.0551839 
0.293971 0.134868 0.213488 0.17483 0.258285 0.218643 -0.0256469 -0.00555566 -0.00627768 -0.00627316 -0.0145147 -0.0147802 0.10418 0.105702 0.0990575 
0.352693 0.285782 0.184663 0.237618 0.276462 0.320719 -0.00103384 -0.00037307 -0.000283383 -0.00037157 -0.000630347 -0.000718869 0.0227385 0.0282212 0.0248235 
0.894184 0.614544 0.928325 0.824026 0.914131 0.831016 -0.129748 -0.0515506 -0.108011 -0.084263 -0.119281 -0.0948848 0.027833 0.0458715 0.0309328 
0.498488 0.490952 0.431601 0.468094 0.477386 0.495491 -0.000691457 0.000780773 -0.000619411 -4.31754e-05 -0.00065426 -1.5516e-05 0.0273798 0.0314401 0.027784 
0.405445 0.273819 0.215602 0.245554 0.323273 0.34662 -0.00112872 -0.000399446 -0.000305652 -0.00036565 -0.000714064 -0.000729422 0.0109506 0.00692974 0.0113463 
0.489827 0.408175 0.467192 0.441368 0.48012 0.459234 -0.000906292 -0.000607564 -0.00110777 -0.000808285 -0.000975252 -0.000788421 -1.43906e-05 -2.95681e-05 0.00542117 
0.408124 0.489731 0.462545 0.478268 0.438371 0.459101 -0.000608853 -0.000906535 -0.00110945 -0.000978161 -0.000806422 -0.000787845 2.98822e-05 1.41996e-05 0.00580384 
0.509387 0.517615 0.491261 0.508274 0.51182 0.515326 0.0114234 0.00338811 0.00932246 0.00692833 0.0105134 0.00768178 0.0725961 0.077088 0.0735806 
0.478578 0.491261 0.517615 0.508274 0.506055 0.485927 -0.000100525 0.00932246 0.00338811 0.00692833 0.0013828 0.00499884 0.0803969 0.0735806 0.077088 
0.499464 0.488942 0.474246 0.482374 0.495296 0.498324 -0.0019877 -0.00186087 -0.00172346 -0.0018961 -0.00192122 -0.00200482 0.0192203 0.0142973 0.0213257 
2.77366e-34 1.6619e-34 0.215602 0.115375 0.11517 5.52609e-35 2.83518e-35 5.74914e-35 -0.000305652 -7.64988e-05 -7.41256e-05 8.6208e-35 0.00583111 0.0117422 0.0113463 
8.82166e-34 0.707718 0.744958 0.73031 0.436435 0.396773 4.08776e-34 -0.0140999 -0.0320947 -0.0211514 -0.00986831 -0.0055971 0.086953 0.108131 0.0696616 
0.00346719 -0.0734412 -0.0766558 -0.0788577 -0.0582297 -0.0502764 -0.0268877 0.0110017 -0.000763069 0.00293936 -0.00866351 -0.00266866 0.0325325 0.0166688 0.0325843 
-1.24195e-34 -0.0766558 -0.0734412 -0.0788577 -0.0693624 -0.0552857 -1.1469e-34 -0.000763069 0.0110017 0.00293936 0.00437462 0.00138747 0.0245082 0.0325843 0.0166688 
0.389332 0.293614 0.214664 0.255816 0.312139 0.345132 -0.00104013 -0.000746802 -0.000315551 -0.000519865 -0.000680411 -0.000937136 0.0108461 0.0168441 0.0117141 
0.498488 0.431601 0.476346 0.456829 0.490674 0.477386 -0.000691457 -0.000619411 -0.00149308 -0.00109206 -0.00120242 -0.00065426 0.0273798 0.027784 0.0234544 
0.995226 0.845754 0.984082 0.963547 0.992124 0.969873 -0.0352266 -0.0590907 -0.061087 -0.070036 -0.0492705 -0.0524405 0.0874568 0.0142259 0.0567802 
0.389332 0.214664 0.272268 0.244264 0.336094 0.312139 -0.00104013 -0.000315551 -0.000400605 -0.000373707 -0.000692573 -0.000680411 0.0108461 0.0117141 0.00700138 
0.550713 0.540258 0.478436 0.511482 0.531625 0.551469 -0.0497449 -0.0698435 -0.0500764 -0.0602507 -0.0528138 -0.0602045 0.0879268 0.0940971 0.0977332 
0.451773 0.478436 0.540258 0.511482 0.50317 0.466435 -0.0651974 -0.0500764 -0.0698435 -0.0602507 -0.069338 -0.0575819 0.100759 0.0977332 0.0940971 
0.405445 0.215602 0.295614 0.257172 0.355808 0.323273 -0.00112872 -0.000305652 -0.000735075 -0.000509875 -0.000976419 -0.000714064 0.0109506 0.0113463 0.0168397 
0.488942 0.429289 0.474246 0.454555 0.482374 0.465612 -0.00186087 -0.00152656 -0.00172346 -0.00168827 -0.0018961 -0.00173459 0.0142973 0.0171667 0.0213257 
3.3914e-34 0.205116 0.318081 0.265104 0.179137 0.109487 1.48165e-34 2.6312e-05 -0.000489583 -0.000147578 -0.000169688 -5.35476e-05 0.0302862 0.0346455 0.0294013 
2.77366e-34 0.273819 0.180967 0.229339 0.0955588 0.150233 2.83518e-35 -0.000399446 -0.00014425 -0.000251549 -5.05547e-05 -0.000117936 0.00583111 0.00692974 0.00362899 
3.3914e-34 0.318081 0.195119 0.260613 0.103797 0.179137 1.48165e-34 -0.000489583 -0.000302059 -0.000434093 -9.46879e-05 -0.000169688 0.0302862 0.0294013 0.0255139 
-9.6523e-35 -0.0734412 -0.0500053 -0.0674757 -0.0362219 -0.0606285 -3.93326e-35 0.0110017 0.0169419 0.0163896 0.00536148 0.00712447 0.0103495 0.0166688 0.00850331 
3.49108e-34 0.293614 0.20257 0.250087 0.107911 0.162702 -8.7458e-35 -0.000746802 -0.000374884 -0.000564518 -0.000120602 -0.000249024 0.0176035 0.0168441 0.021236 
0.894184 0.843692 0.614544 0.770028 0.831016 0.875128 -0.129748 -0.119319 -0.0515506 -0.0879215 -0.0948848 -0.126015 0.027833 0.0377886 0.0458715 
0.405445 0.295614 0.429289 0.371142 0.417782 0.355808 -0.00112872 -0.000735075 -0.00152656 -0.00115463 -0.00135775 -0.000976419 0.0109506 0.0168397 0.0171667 
8.21256e-34 0.835945 0.702795 0.773757 0.405622 0.505337 -5.36228e-34 -0.0209045 -0.00772793 -0.011965 -0.00263875 -0.00487304 0.11114 0.0796989 0.120456 
0.75 1 0.937297 0.984304 0.859268 0.9375 -3.55984e-37 -6.65819e-37 -0.000619163 -0.000463271 -0.00033554 -1.27206e-36 0.348898 0.348329 0.308291 
4.62854e-34 0.311768 0.476377 0.401003 0.233802 0.141682 2.30836e-34 -0.0223114 -0.0524133 -0.0367549 -0.0140484 -0.005405 0.0530265 0.0515703 0.0582195 
0.835945 0.845754 0.995226 0.969873 0.969681 0.839918 -0.0209045 -0.0590907 -0.0352266 -0.0524405 -0.0336368 -0.0310368 0.0796989 0.0142259 0.0874568 
0.359498 0.429289 0.295614 0.371142 0.329038 0.397403 -0.00108657 -0.00152656 -0.000735075 -0.00115463 -0.000941173 -0.00134898 0.0225063 0.0171667 0.0168397 
0.212628 0.0650403 0.033603 0.0463574 0.109004 0.135838 -0.0727789 -0.0447977 -0.0207472 -0.0324477 -0.0459613 -0.0600335 0.0936602 0.0806715 0.0934916 
2.77306e-34 0.169551 0.272268 0.223339 0.14942 0.0891349 -2.97599e-35 -0.000128506 -0.000400605 -0.00024148 -0.000117104 -4.41981e-05 0.00597841 0.00384766 0.00700138 
9.5255e-34 0.70633 0.844206 0.780881 0.513661 0.40529 1.24985e-33 -0.000676992 -0.00210586 -0.00116517 -0.000710672 -0.000283814 0.255194 0.280945 0.231204 
4.82212e-34 5.56443e-34 0.614544 0.345256 0.316375 -2.19614e-35 1.78498e-34 1.94399e-34 -0.0515506 -0.0137237 -0.0145573 4.14587e-34 0.0402201 0.0431574 0.0458715 
0.212628 0.290202 0.0650403 0.16731 0.135838 0.249134 -0.0727789 -0.099563 -0.0447977 -0.072838 -0.0600335 -0.086519 0.0936602 0.0825573 0.0806715 
0.984082 0.845754 0.964154 0.954489 0.974951 0.963547 -0.061087 -0.0590907 -0.0842666 -0.0845384 -0.0726867 -0.070036 0.0567802 0.0142259 0.0396928 
-1.84851e-35 0.0650403 -0.0298464 0.00971145 -0.029424 -0.0110842 -4.46882e-34 -0.0447977 -0.0183846 -0.0306233 -0.00613952 -0.013496 0.0848707 0.0806715 0.0666632 
0.804634 0.744958 0.964154 0.899105 0.907806 0.781437 -0.0624113 -0.0320947 -0.0842666 -0.0579323 -0.0754959 -0.0475729 0.0475685 0.0696616 0.0396928 
0.449108 0.496331 0.468158 0.48578 0.45925 0.479527 0.000560902 0.000997716 -0.000926067 -0.000172244 -0.000257145 0.000783912 0.0327515 0.0322274 0.0271904 
0.498488 0.468158 0.496331 0.48578 0.499918 0.495171 -0.000691457 -0.000926067 0.000997716 -0.000172244 7.65541e-05 -0.000830961 0.0273798 0.0271904 0.0322274 
0.645631 0.476377 0.311768 0.401003 0.492599 0.561761 -0.0872589 -0.0524133 -0.0223114 -0.0367549 -0.0515759 -0.0690821 0.0528096 0.0582195 0.0515703 
0.658035 0.494091 0.476377 0.486469 0.59004 0.588305 -0.108691 -0.0591416 -0.0524133 -0.0563383 -0.0823855 -0.0840194 0.064686 0.0640378 0.0582195 
0.804634 0.928325 0.614544 0.824026 0.713562 0.893129 -0.0624113 -0.108011 -0.0515506 -0.084263 -0.0601939 -0.0855748 0.0475685 0.0309328 0.0458715 
7.40795e-34 7.74297e-34 0.774611 0.457334 0.456209 1.69823e-34 -1.21977e-33 -9.98375e-34 -0.00166609 -0.000613151 -0.000471769 -2.21685e-33 0.256024 0.209442 0.234238 
4.62854e-34 0.476377 0.239758 0.353042 0.123693 0.233802 2.30836e-34 -0.0524133 -0.0150697 -0.030682 -0.00438023 -0.0140484 0.0530265 0.0582195 0.0608823 
0.998658 0.937297 0.986662 0.995447 0.994199 0.988608 -0.00143382 -0.000619163 -0.000521743 -0.000636693 -0.000936192 -0.00106321 0.270226 0.308291 0.318282 
0.352693 0.184663 0.20257 0.193661 0.284132 0.276462 -0.00103384 -0.000283383 -0.000374884 -0.000331622 -0.000713655 -0.000630347 0.0227385 0.0248235 0.021236 
0.998658 0.986662 0.749912 0.905271 0.927955 0.994199 -0.00143382 -0.000521743 -0.000465659 -0.000559131 -0.000960535 -0.000936192 0.270226 0.318282 0.305699 
0.499464 0.476346 0.441348 0.460747 0.482365 0.492158 -0.0019877 -0.00149308 -0.00164513 -0.00169116 -0.00190354 -0.00181454 0.0192203 0.0234544 0.0177058 
0.426325 0.229115 0.324015 0.279005 0.37475 0.329968 -0.0772022 -0.0440483 -0.043815 -0.0449865 -0.0608381 -0.0633202 0.101814 0.107012 0.105525 
0.62992 0.277343 0.524572 0.408622 0.577075 0.463725 -0.157416 -0.102627 -0.145532 -0.129694 -0.152174 -0.138171 0.0532612 0.0496659 0.0633437 
0.352693 0.441348 0.476346 0.460747 0.427638 0.401979 -0.00103384 -0.00164513 -0.00149308 -0.00169116 -0.00134688 -0.00138543 0.0227385 0.0177058 0.0234544 
0.324015 0.229115 0.166006 0.198981 0.245682 0.279005 -0.043815 -0.0440483 -0.0164585 -0.0293841 -0.0306685 -0.0449865 0.105525 0.107012 0.108674 
0.313774 0.524572 0.277343 0.408622 0.296391 0.421216 -0.110653 -0.145532 -0.102627 -0.129694 -0.107912 -0.130651 0.0676012 0.0633437 0.0496659 
2.97029e-34 0.285782 0.193304 0.241518 0.102334 0.157465 -1.42128e-34 -0.00037307 3.78333e-05 -0.000109795 -4.86826e-05 -0.0001438 0.0287341 0.0282212 0.0326801 
1.04003e-34 -0.0215358 0.0227619 -0.0108555 -7.17196e-05 -0.00933202 9.07617e-35 0.0592667 0.0452822 0.0602406 0.0538725 0.057152 -0.0238933 -0.00141653 -0.00919262 
0.352693 0.431601 0.285782 0.368676 0.320719 0.395732 -0.00103384 -0.000619411 -0.00037307 -0.000537975 -0.000718869 -0.000989289 0.0227385 0.027784 0.0282212 
1.07318e-33 0.845754 0.835945 0.839918 0.514979 0.5455 -3.01031e-34 -0.0590907 -0.0209045 -0.0310368 -0.00738112 -0.0304836 0.0535997 0.0142259 0.0796989 
1.58656e-34 0.134868 0.166006 0.154001 0.0910993 0.0674208 -5.46158e-34 -0.00555566 -0.0164585 -0.0102092 -0.0044881 -0.00176639 0.109501 0.105702 0.108674 
5.56443e-34 0.399963 0.614544 0.523259 0.345256 0.202231 1.94399e-34 -0.016492 -0.0515506 -0.0307546 -0.0137237 -0.0043205 0.0431574 0.0536537 0.0458715 
0.804634 0.614544 0.399963 0.523259 0.630112 0.713562 -0.0624113 -0.0515506 -0.016492 -0.0307546 -0.0377046 -0.0601939 0.0475685 0.0458715 0.0536537 
0.998658 0.844206 0.70633 0.780881 0.936012 0.967811 -0.00143382 -0.00210586 -0.000676992 -0.00116517 -0.00126401 -0.00204425 0.270226 0.231204 0.280945 
3.19301e-35 7.50324e-35 0.100883 0.0448148 0.0276003 -9.2362e-36 -5.09241e-34 -5.4961e-34 -0.0270987 -0.00801129 -0.00813237 -1.03188e-33 0.100419 0.109241 0.103402 
0.352693 0.20257 0.293614 0.250087 0.324395 0.284132 -0.00103384 -0.000374884 -0.000746802 -0.000564518 -0.000936951 -0.000713655 0.0227385 0.021236 0.0168441 
0.359498 0.200899 0.195119 0.198025 0.285287 0.287629 -0.00108657 -0.000355918 -0.000302059 -0.00033321 -0.000661561 -0.000720092 0.0225063 0.021387 0.0255139 
0.489827 0.467192 0.499981 0.491942 0.497528 0.48012 -0.000906292 -0.00110777 -0.00115137 -0.00116813 -0.00100786 -0.000975252 -1.43906e-05 0.00542117 0.00381272 
2.97029e-34 0.184663 0.285782 0.237618 0.157465 0.0974039 -1.42128e-34 -0.000283383 -0.00037307 -0.00037157 -0.0001438 -8.79284e-05 0.0287341 0.0248235 0.0282212 
0.489731 0.499981 0.462545 0.490455 0.478268 0.497336 -0.000906535 -0.00115137 -0.00110945 -0.00117453 -0.000978161 -0.00100859 1.41996e-05 0.00381272 0.00580384 
3.44075e-34 0.200899 0.295614 0.250581 0.164151 0.106795 8.68181e-35 -0.000355918 -0.000735075 -0.00054967 -0.000244211 -0.000111777 0.017812 0.021387 0.0168397 
-1.84851e-35 3.19301e-35 0.033603 0.00693468 -0.00737951 -2.89041e-35 -4.46882e-34 -5.09241e-34 -0.0207472 -0.00599117 -0.00625988 -9.13546e-34 0.0848707 0.100419 0.0934916 
-3.44455e-35 -0.0500053 -0.0144606 -0.0321685 -0.0111535 -0.0246564 -9.44147e-36 0.0169419 0.013372 0.0165873 0.00401687 0.00560162 0.00354265 0.00850331 0.00559258 
0.0145538 0.0602337 0.325611 0.172425 0.133433 0.0363932 0.0199176 -0.0225312 -0.0857801 -0.0483396 -0.0258671 -0.00283738 0.00343023 0.0155092 0.0101008 
1.27395e-34 1.58656e-34 0.166006 0.0910993 0.0793988 5.10037e-35 -5.60825e-34 -5.46158e-34 -0.0164585 -0.0044881 -0.00502638 -1.09302e-33 0.112096 0.109501 0.108674 
0.00346719 -0.0766558 -0.0653868 -0.0727827 -0.0473561 -0.0582297 -0.0268877 -0.000763069 -0.00776012 -0.00424251 -0.0159036 -0.00866351 0.0325325 0.0325843 0.047841 
0.804634 0.399963 0.744958 0.581994 0.781437 0.630112 -0.0624113 -0.016492 -0.0320947 -0.0246029 -0.0475729 -0.0377046 0.0475685 0.0536537 0.0696616 
0.642528 0.614544 0.843692 0.770028 0.766032 0.632758 -0.0689565 -0.0515506 -0.119319 -0.0879215 -0.0962162 -0.060774 0.0442662 0.0458715 0.0377886 
1.09212e-33 0.845754 1.07318e-33 0.5455 3.00117e-34 0.564641 9.32488e-36 -0.0590907 -3.01031e-34 -0.0304836 -7.14921e-36 -0.0811335 -0.0715452 0.0142259 0.0535997 
0.293971 0.166006 0.134868 0.154001 0.218643 0.231101 -0.0256469 -0.0164585 -0.00555566 -0.0102092 -0.0147802 -0.0225431 0.10418 0.108674 0.105702 
0.499987 0.499981 0.467192 0.491942 0.491962 0.499982 -0.00153563 -0.00115137 -0.00110777 -0.00116813 -0.00135385 -0.00133526 0.00844553 0.00381272 0.00542117 
0.499987 0.462545 0.499981 0.490455 0.499982 0.490437 -0.00153563 -0.00110945 -0.00115137 -0.00117453 -0.00133526 -0.00135993 0.00844553 0.00580384 0.00381272 
9.5341e-34 8.21256e-34 0.702795 0.405622 0.40088 3.51405e-34 -7.73118e-34 -5.36228e-34 -0.00772793 -0.00263875 -0.00197232 -1.29918e-33 0.161411 0.11114 0.120456 
-8.89761e-35 -0.0298464 -0.0653868 -0.0503529 -0.047534 -0.0413626 -3.27848e-34 -0.0183846 -0.00776012 -0.012848 -0.00269648 -0.00475031 0.0649831 0.0666632 0.047841 
0.99938 0.995226 0.707718 0.909466 0.919328 0.997825 -0.0150627 -0.0352266 -0.0140999 -0.0250007 -0.0176393 -0.0240417 0.131196 0.0874568 0.108131 
9.5341e-34 0.702795 0.834664 0.77345 0.507082 0.40088 -7.73118e-34 -0.00772793 -0.00646727 -0.00748322 -0.00213057 -0.00197232 0.161411 0.120456 0.158029 
0.820521 0.755874 0.767026 0.799651 0.821795 0.787221 -0.150203 -0.157272 -0.110555 -0.140588 -0.134748 -0.155018 0.0329164 0.0421372 0.0450272 
0.359498 0.295614 0.200899 0.250581 0.287629 0.329038 -0.00108657 -0.000735075 -0.000355918 -0.00054967 -0.000720092 -0.000941173 0.0225063 0.0168397 0.021387 
0.348662 0.325611 0.7302 0.525898 0.565425 0.338233 -0.0830224 -0.0857801 -0.146848 -0.125581 -0.125466 -0.0835603 -0.00170895 0.0101008 0.0155177 
0.984082 0.964154 0.744958 0.899105 0.908676 0.974951 -0.061087 -0.0842666 -0.0320947 -0.0579323 -0.0483138 -0.0726867 0.0567802 0.0396928 0.0696616 
1.04003e-34 -2.50798e-35 -0.0215358 -0.00828883 -0.00933202 8.14691e-35 9.07617e-35 6.24703e-35 0.0592667 0.0502849 0.057152 6.57995e-35 -0.0238933 0.00406411 -0.00141653 
0.99938 0.707718 0.648153 0.679806 0.904075 0.919328 -0.0150627 -0.0140999 -0.006323 -0.00917991 -0.0126228 -0.0176393 0.131196 0.108131 0.141766 
0.99938 0.835945 0.995226 0.969681 0.997825 0.963802 -0.0150627 -0.0209045 -0.0352266 -0.0336368 -0.0240417 -0.0214199 0.131196 0.0796989 0.0874568 
0.244773 0.180967 0.380344 0.292595 0.31883 0.213766 -0.000227185 -0.00014425 -0.000648556 -0.00037894 -0.000402664 -0.000184528 -2.22629e-05 0.00362899 0.00408637 
0.245006 0.379769 0.169551 0.287712 0.20849 0.318718 -0.000227077 -0.000650583 -0.000128506 -0.000369338 -0.000176874 -0.000402895 2.26827e-05 0.00416397 0.00384766 
0.389332 0.486804 0.441348 0.468111 0.417414 0.449904 -0.00104013 -0.00177713 -0.00164513 -0.00177453 -0.0013759 -0.00145109 0.0108461 0.0127208 0.0177058 
7.35924e-34 0.648153 0.707718 0.679806 0.406421 0.361896 5.93979e-34 -0.006323 -0.0140999 -0.00917991 -0.00407919 -0.00219572 0.12232 0.141766 0.108131 
0.406035 0.500343 0.506994 0.503774 0.463986 0.462978 -0.0234788 -0.0136586 -0.0308593 -0.0213717 -0.02862 -0.0200292 0.096103 0.0860387 0.0910946 
0.412454 0.482633 0.492709 0.487801 0.461045 0.454323 0.00948008 0.015814 0.014495 0.0156807 0.0120986 0.0129413 0.0681808 0.0615427 0.0676279 
7.74297e-34 0.644975 0.774611 0.713383 0.457334 0.363335 -9.98375e-34 -0.00219724 -0.00166609 -0.00196916 -0.000613151 -0.000569888 0.209442 0.191831 0.234238 
0.998658 0.749912 0.624601 0.690394 0.894793 0.927955 -0.00143382 -0.000465659 -0.000634424 -0.000569485 -0.00123407 -0.000960535 0.270226 0.305699 0.270755 
0.00346719 0.277343 0.257628 0.268511 0.11118 0.122917 -0.0268877 -0.102627 -0.0881831 -0.0970512 -0.0532715 -0.0632587 0.0325325 0.0496659 0.0289347 
8.62294e-34 0.84295 0.648153 0.755183 0.366069 0.50984 8.01958e-34 -0.00524153 -0.006323 -0.00611338 -0.00159874 -0.00212017 0.164327 0.176839 0.141766 
0.381336 0.455821 0.46692 0.461713 0.430624 0.423444 0.00481873 0.0115642 0.00755196 0.00955362 0.00634731 0.00798781 0.0455442 0.0504701 0.0445748 
3.27279e-34 3.40499e-34 0.407792 0.210512 0.190896 5.23293e-35 2.15729e-34 1.87586e-34 -0.0331721 -0.0086294 -0.00787222 4.33536e-34 0.0465275 0.0404326 0.0480285 
0.99938 0.702795 0.835945 0.773757 0.963802 0.93377 -0.0150627 -0.00772793 -0.0209045 -0.011965 -0.0214199 -0.014215 0.131196 0.120456 0.0796989 
-3.44455e-35 -9.6523e-35 -0.0500053 -0.0362219 -0.0246564 -2.9458e-35 -9.44147e-36 -3.93326e-35 0.0169419 0.00536148 0.00560162 -6.63138e-35 0.00354265 0.0103495 0.00850331 
1.8587e-34 3.49108e-34 0.20257 0.107911 0.10766 6.92911e-35 -1.14971e-34 -8.7458e-35 -0.000374884 -0.000120602 -0.000100221 -2.01739e-34 0.0232532 0.0176035 0.021236 
0.75 0.749912 0.986662 0.905271 0.905289 0.749914 -4.12386e-37 -0.000465659 -0.000521743 -0.000559131 -0.000324395 -0.000252477 0.347813 0.305699 0.318282 
0.443668 0.597342 0.534075 0.565987 0.49658 0.537435 -0.0447728 -0.090269 -0.0604463 -0.0747116 -0.0541327 -0.0680424 0.0724702 0.0788446 0.0796785 
0.338984 0.468957 0.461433 0.464196 0.405409 0.405457 -0.00143384 -0.0222353 -0.00994137 -0.0160001 -0.00520811 -0.00980029 0.0747888 0.07899 0.0778846 
0.350529 0.438035 0.44829 0.443006 0.404342 0.396628 0.0133481 0.0159233 0.0182107 0.0172414 0.0162831 0.0155101 0.0653133 0.068877 0.0653988 
0.62992 0.728964 0.755874 0.755905 0.694141 0.715771 -0.157416 -0.132533 -0.157272 -0.147685 -0.159538 -0.153557 0.0532612 0.0572164 0.0421372 
0.384178 0.459521 0.470106 0.464811 0.434115 0.426699 0.00456538 0.00395251 0.00765989 0.00568365 0.00620946 0.00452395 0.0428161 0.0379603 0.0434376 
0.285782 0.431601 0.339613 0.390366 0.313514 0.368676 -0.00037307 -0.000619411 0.000199813 -0.00013119 -0.000164132 -0.000537975 0.0282212 0.027784 0.0321257 
0.499987 0.488942 0.486804 0.499967 0.496586 0.497324 -0.00153563 -0.00186087 -0.00177713 -0.00189508 -0.00168902 -0.00174029 0.00844553 0.0142973 0.0127208 
0.62992 0.508803 0.277343 0.388751 0.463725 0.577154 -0.157416 -0.142265 -0.102627 -0.123664 -0.138171 -0.153121 0.0532612 0.0393198 0.0496659 
0.50008 0.454267 0.49489 0.479628 0.498868 0.488774 0.00340252 0.00337834 0.00597976 0.0046738 0.00467185 0.00361978 0.036285 0.0387816 0.0405146 
-1.43185e-35 -3.44455e-35 -0.0144606 -0.0111535 -0.00173732 2.86138e-37 -1.14711e-35 -9.44147e-36 0.013372 0.00401687 0.0017916 -4.52743e-35 0.00558938 0.00354265 0.00559258 
0.381336 0.46692 0.454267 0.461041 0.422113 0.430624 0.00481873 0.00755196 0.00337834 0.00529174 0.00432264 0.00634731 0.0455442 0.0445748 0.0387816 
0.348662 0.103827 0.0227619 0.0513306 0.13282 0.219197 -0.0830224 0.00132883 0.0452822 0.0317638 -0.0104075 -0.0429148 -0.00170895 -0.0294302 -0.00919262 
-1.43185e-35 -0.0144606 -3.69898e-35 -0.00434037 -5.47121e-35 -0.00173732 -1.14711e-35 0.013372 1.92396e-35 0.00981719 -3.01767e-36 0.0017916 0.00558938 0.00559258 0.00792101 
0.438828 0.339613 0.431601 0.390366 0.435174 0.395058 0.000770514 0.000199813 -0.000619411 -0.00013119 -3.89891e-05 0.000482142 0.0321095 0.0321257 0.027784 
0.642528 0.301038 0.614544 0.456658 0.632758 0.485408 -0.0689565 -0.0164217 -0.0515506 -0.0310069 -0.060774 -0.0395411 0.0442662 0.0429589 0.0458715 
0.62992 0.755874 0.508803 0.650704 0.577154 0.694141 -0.157416 -0.157272 -0.142265 -0.158135 -0.153121 -0.159538 0.0532612 0.0421372 0.0393198 
0.405445 0.429289 0.488942 0.465612 0.457442 0.417782 -0.00112872 -0.00152656 -0.00186087 -0.00173459 -0.001542 -0.00135775 0.0109506 0.0171667 0.0142973 
9.5255e-34 6.96052e-34 0.70633 0.405701 0.40529 3.06599e-34 1.24985e-33 1.47949e-33 -0.000676992 -0.000170148 -0.000283814 2.7304e-33 0.255194 0.301857 0.280945 
0.350529 0.44829 0.445197 0.44657 0.402873 0.404342 0.0133481 0.0182107 0.0177508 0.0183183 0.0160682 0.0162831 0.0653133 0.0653988 0.0612237 
0.998658 0.997002 0.844206 0.971172 0.967811 0.997857 -0.00143382 -0.00273731 -0.00210586 -0.00272868 -0.00204425 -0.0021111 0.270226 0.233712 0.231204 
0.338984 0.461433 0.442023 0.450944 0.394771 0.405409 -0.00143384 -0.00994137 0.00153644 -0.00361761 -0.000266259 -0.00520811 0.0747888 0.0778846 0.0752818 
0.99938 0.648153 0.84295 0.755183 0.957115 0.904075 -0.0150627 -0.006323 -0.00524153 -0.00611338 -0.00997338 -0.0126228 0.131196 0.141766 0.176839 
0.502004 0.445197 0.49076 0.471338 0.49784 0.483208 0.0189608 0.0177508 0.0196341 0.0190654 0.01947 0.0190909 0.0592183 0.0612237 0.0626206 
4.62854e-34 3.27279e-34 0.311768 0.155739 0.141682 8.32929e-35 2.30836e-34 2.15729e-34 -0.0223114 -0.00593536 -0.005405 4.91537e-34 0.0530265 0.0465275 0.0515703 
-0.0355717 -0.0144606 -0.0500053 -0.0321685 -0.0446026 -0.0265436 0.0381312 0.013372 0.0169419 0.0165873 0.0278031 0.0261836 0.00496228 0.00559258 0.00850331 
0.348662 0.121518 0.325611 0.218121 0.338233 0.216389 -0.0830224 -0.0115439 -0.0857801 -0.0503634 -0.0835603 -0.0439919 -0.00170895 -0.00229227 0.0101008 
0.443668 0.619838 0.597342 0.608383 0.537435 0.538334 -0.0447728 -0.0993359 -0.090269 -0.0952627 -0.0680424 -0.0700353 0.0724702 0.0721492 0.0788446 
0.517658 0.442023 0.507617 0.479218 0.513764 0.491401 -0.00224784 0.00153644 -0.00807398 -0.00274733 -0.00519266 -0.000274463 0.078447 0.0752818 0.0791759 
0.572184 0.534075 0.594524 0.575808 0.584165 0.575351 -0.0838236 -0.0604463 -0.0920176 -0.0768561 -0.0884153 -0.0749702 0.0903572 0.0796785 0.085509 
0.989601 0.844206 0.997002 0.971172 0.993867 0.978435 -0.00469933 -0.00210586 -0.00273731 -0.00272868 -0.00349121 -0.00379041 0.198921 0.231204 0.233712 
0.998658 0.624601 0.774611 0.704272 0.934746 0.894793 -0.00143382 -0.000634424 -0.00166609 -0.000995793 -0.00182406 -0.00123407 0.270226 0.270755 0.234238 
0.894184 0.7302 0.843692 0.850641 0.875128 0.838623 -0.129748 -0.146848 -0.119319 -0.145279 -0.126015 -0.145319 0.027833 0.0155177 0.0377886 
0.0192114 -0.0653868 -0.0298464 -0.0503529 -0.012339 -0.0390879 -0.0394487 -0.00776012 -0.0183846 -0.012848 -0.0287377 -0.0203505 0.0524458 0.047841 0.0666632 
1.04003e-34 0.0227619 0.103827 0.0513306 0.00951854 -7.17196e-05 9.07617e-35 0.0452822 0.00132883 0.0317638 0.0389929 0.0538725 -0.0238933 -0.00919262 -0.0294302 
0.600646 0.633292 0.619838 0.63974 0.655306 0.625968 -0.142315 -0.121511 -0.0993359 -0.113058 -0.128571 -0.133646 0.0758223 0.0795015 0.0721492 
4.82212e-34 0.614544 0.301038 0.456658 0.159127 0.316375 1.78498e-34 -0.0515506 -0.0164217 -0.0310069 -0.0053579 -0.0145573 0.0402201 0.0458715 0.0429589 
0.658035 0.728964 0.672771 0.711235 0.693067 0.695179 -0.108691 -0.132533 -0.148699 -0.144034 -0.133255 -0.120765 0.064686 0.0572164 0.0656557 
0.62992 0.672771 0.728964 0.711235 0.715771 0.658071 -0.157416 -0.148699 -0.132533 -0.144034 -0.153557 -0.155374 0.0532612 0.0656557 0.0572164 
0.438828 0.431601 0.490952 0.468094 0.47065 0.435174 0.000770514 -0.000619411 0.000780773 -4.31754e-05 0.000826905 -3.89891e-05 0.0321095 0.027784 0.0314401 
3.19301e-35 0.100883 0.033603 0.0661224 0.00693468 0.0276003 -5.09241e-34 -0.0270987 -0.0207472 -0.0242552 -0.00599117 -0.00813237 0.100419 0.103402 0.0934916 
0.0145538 0.325611 0.121518 0.218121 0.0593354 0.133433 0.0199176 -0.0857801 -0.0115439 -0.0503634 0.0093946 -0.0258671 0.00343023 0.0101008 -0.00229227 
0.384178 0.470106 0.46812 0.468965 0.431937 0.434115 0.00456538 0.00765989 0.0110849 0.00941147 0.00761171 0.00620946 0.0428161 0.0434376 0.0489433 
0.272268 0.169551 0.379769 0.287712 0.330262 0.223339 -0.000400605 -0.000128506 -0.000650583 -0.000369338 -0.000537359 -0.00024148 0.00700138 0.00384766 0.00416397 
0.273819 0.380344 0.180967 0.292595 0.229339 0.331298 -0.000399446 -0.000648556 -0.00014425 -0.00037894 -0.000251549 -0.000536793 0.00692974 0.00408637 0.00362899 
6.37739e-34 8.82166e-34 0.744958 0.436435 0.414993 3.6649e-35 2.75277e-34 4.08776e-34 -0.0320947 -0.00986831 -0.0123299 7.10235e-34 0.059347 0.086953 0.0696616 
0.75 0.437597 0.749912 0.609307 0.749914 0.609436 -4.12386e-37 -8.55216e-05 -0.000465659 -0.000205686 -0.000252477 -7.89258e-05 0.347813 0.324901 0.305699 
0.408175 0.380344 0.467192 0.430555 0.441368 0.394715 -0.000607564 -0.000648556 -0.00110777 -0.000882195 -0.000808285 -0.000613516 -2.95681e-05 0.00408637 0.00542117 
0.408124 0.462545 0.379769 0.427034 0.394425 0.438371 -0.000608853 -0.00110945 -0.000650583 -0.000880719 -0.000615256 -0.000806422 2.98822e-05 0.00580384 0.00416397 
0.820521 0.843692 0.7302 0.850641 0.791746 0.846965 -0.150203 -0.119319 -0.146848 -0.145279 -0.152396 -0.138006 0.0329164 0.0377886 0.0155177 
0.412454 0.492709 0.491261 0.492297 0.458806 0.461045 0.00948008 0.014495 0.00932246 0.0122625 0.0101485 0.0120986 0.0681808 0.0676279 0.0735806 
0.998658 0.70633 0.937297 0.843067 0.988608 0.936012 -0.00143382 -0.000676992 -0.000619163 -0.000746084 -0.00106321 -0.00126401 0.270226 0.280945 0.308291 
3.44075e-34 1.90489e-34 0.200899 0.107035 0.106795 7.87965e-35 8.68181e-35 1.17331e-34 -0.000355918 -9.42295e-05 -0.000111777 2.04808e-34 0.017812 0.0239644 0.021387 
0.50087 0.46812 0.497921 0.487131 0.500825 0.495029 0.015009 0.0110849 0.0117403 0.0116318 0.0134495 0.013467 0.0517588 0.0489433 0.0475709 
0.989601 0.999426 0.84295 0.965359 0.978182 0.99617 -0.00469933 -0.00847782 -0.00524153 -0.00752897 -0.00604569 -0.00665756 0.198921 0.166173 0.176839 
0.406035 0.506994 0.478436 0.495434 0.443664 0.463986 -0.0234788 -0.0308593 -0.0500764 -0.0404131 -0.0361572 -0.02862 0.096103 0.0910946 0.0977332 
7.35924e-34 8.62294e-34 0.648153 0.366069 0.361896 3.64156e-34 5.93979e-34 8.01958e-34 -0.006323 -0.00159874 -0.00219572 1.4038e-33 0.12232 0.164327 0.141766 
0.408175 0.244773 0.380344 0.31883 0.394715 0.336678 -0.000607564 -0.000227185 -0.000648556 -0.000402664 -0.000613516 -0.000419294 -2.95681e-05 -2.22629e-05 0.00408637 
0.245006 0.408124 0.379769 0.394425 0.318718 0.336768 -0.000227077 -0.000608853 -0.000650583 -0.000615256 -0.000402895 -0.000419919 2.26827e-05 2.98822e-05 0.00416397 
0.645631 0.311768 0.407792 0.358099 0.544764 0.492599 -0.0872589 -0.0223114 -0.0331721 -0.0273734 -0.059672 -0.0515759 0.0528096 0.0515703 0.0480285 
-3.27342e-34 0.586453 6.96052e-34 0.325012 4.9036e-34 0.325163 8.55198e-34 -0.000192205 1.47949e-33 -7.19096e-05 3.19005e-33 -3.89538e-05 0.348935 0.318099 0.301857 
6.96052e-34 0.586453 0.70633 0.649019 0.405701 0.325012 1.47949e-33 -0.000192205 -0.000676992 -0.000365075 -0.000170148 -7.19096e-05 0.301857 0.318099 0.280945 
0.499987 0.467192 0.478492 0.473131 0.494763 0.491962 -0.00153563 -0.00110777 -0.00149904 -0.00130302 -0.00155314 -0.00135385 0.00844553 0.00542117 0.00994243 
0.405445 0.478492 0.467192 0.473131 0.44032 0.448449 -0.00112872 -0.00149904 -0.00110777 -0.00130302 -0.00115097 -0.00134698 0.0109506 0.00994243 0.00542117 
7.2761e-34 0.624601 0.749912 0.690394 0.437505 0.349629 -1.43866e-33 -0.000634424 -0.000465659 -0.000569485 -0.000139514 -0.000154138 0.302061 0.270755 0.305699 
1 0.75 0.986662 0.905289 0.99666 0.9375 -6.65819e-37 -4.12386e-37 -0.000521743 -0.000324395 -0.000370701 -1.10902e-36 0.348329 0.347813 0.318282 
0.99938 0.84295 0.999426 0.965359 0.999785 0.957115 -0.0150627 -0.00524153 -0.00847782 -0.00752897 -0.0109864 -0.00997338 0.131196 0.176839 0.166173 
2.12138e-34 2.11202e-34 0.22584 0.121525 0.121621 9.22791e-35 -4.34078e-34 -3.92481e-34 5.05432e-05 0.000195079 -9.05681e-05 -8.26326e-34 0.0878413 0.0795413 0.0838425 
0.509387 0.491261 0.510929 0.505946 0.511548 0.51182 0.0114234 0.00932246 0.0144323 0.0121518 0.0130957 0.0105134 0.0725961 0.0735806 0.0700381 
1.92701e-34 1.88444e-34 0.206196 0.108668 0.110293 8.21629e-35 -2.83212e-34 -2.5211e-34 0.00229572 0.000593683 0.000670973 -5.37136e-34 0.0575313 0.0512018 0.0548934 
0.989601 0.774611 0.644975 0.713383 0.878738 0.916609 -0.00469933 -0.00166609 -0.00219724 -0.00196916 -0.00403309 -0.00316413 0.198921 0.234238 0.191831 
1.74305e-34 1.70769e-34 0.189328 0.0994288 0.101328 7.48315e-35 2.69604e-34 2.95161e-34 0.00265078 0.000787616 0.000692329 5.62734e-34 0.0548299 0.0599943 0.0568638 
1.40814e-34 1.35664e-34 0.157595 0.0798351 0.0820769 5.70772e-35 3.47358e-34 3.56441e-34 0.00318224 0.000835195 0.000936147 7.01299e-34 0.0706132 0.0724989 0.071043 
1.24999e-34 1.30743e-34 0.154777 0.0764528 0.0750262 4.89184e-35 3.59354e-34 3.51117e-34 -0.00229023 -0.000636048 -0.000326391 7.12677e-34 0.0733546 0.0717942 0.0733496 
-1.07062e-34 -8.89761e-35 -0.0653868 -0.047534 -0.0536055 -6.94446e-35 -2.14526e-34 -3.27848e-34 -0.00776012 -0.00269648 -0.00166125 -5.33244e-34 0.0431996 0.0649831 0.047841 
0.545166 0.625328 0.325611 0.481425 0.443241 0.583557 -0.142204 -0.145392 -0.0857801 -0.122003 -0.119158 -0.144006 0.0298282 0.0217339 0.0101008 
1.73337e-34 4.62854e-34 0.239758 0.123693 0.112711 6.96319e-35 2.88099e-34 2.30836e-34 -0.0150697 -0.00438023 -0.00365914 5.54558e-34 0.0595282 0.0530265 0.0608823 
1.70012e-34 2.97029e-34 0.193304 0.102334 0.102322 7.96849e-35 -1.68734e-34 -1.42128e-34 3.78333e-05 -4.86826e-05 1.4388e-05 -3.10713e-34 0.0341746 0.0287341 0.0326801 
0.359498 0.468158 0.474246 0.471342 0.428414 0.423628 -0.00108657 -0.000926067 -0.00172346 -0.00141955 -0.00145161 -0.00120272 0.0225063 0.0271904 0.0213257 
0.937297 0.70633 0.586453 0.649019 0.800413 0.843067 -0.000619163 -0.000676992 -0.000192205 -0.000365075 -0.000409739 -0.000746084 0.308291 0.280945 0.318099 
0.550713 0.478436 0.541282 0.52414 0.545954 0.531625 -0.0497449 -0.0500764 -0.0390523 -0.0462888 -0.0443969 -0.0528138 0.0879268 0.0977332 0.0878605 
1 0.986662 0.937297 0.995447 0.984304 0.99666 -6.65819e-37 -0.000521743 -0.000619163 -0.000636693 -0.000463271 -0.000370701 0.348329 0.318282 0.308291 
-1.24195e-34 -1.07062e-34 -0.0766558 -0.0551428 -0.0552857 -7.17723e-35 -1.1469e-34 -2.14526e-34 -0.000763069 -0.000211152 0.00138747 -3.31072e-34 0.0245082 0.0431996 0.0325843 
6.37739e-34 0.744958 0.399963 0.581994 0.215412 0.414993 2.75277e-34 -0.0320947 -0.016492 -0.0246029 -0.00518607 -0.0123299 0.059347 0.0696616 0.0536537 
-3.27342e-34 0.75 0.586453 0.673373 0.325163 0.4375 8.55198e-34 -3.55984e-37 -0.000192205 -0.000126282 -3.89538e-05 -1.074e-37 0.348935 0.348898 0.318099 
1.86615e-34 1.83344e-34 0.202622 0.107756 0.108554 7.41579e-35 2.10952e-34 2.41266e-34 0.00111499 0.00036737 0.000268648 4.5136e-34 0.0429699 0.0491118 0.0458956 
3.3914e-34 1.85363e-34 0.205116 0.109499 0.109487 7.52833e-35 1.48165e-34 1.79711e-34 2.6312e-05 1.49961e-05 -5.35476e-05 3.28081e-34 0.0302862 0.0366518 0.0346455 
1.60103e-34 1.51706e-34 0.173253 0.0894926 0.0921332 6.6608e-35 3.16837e-34 3.34326e-34 0.00365822 0.00105599 0.00103007 6.4832e-34 0.0643685 0.0679239 0.0656712 
1.28057e-34 1.25167e-34 0.148429 0.0740634 0.0748627 5.11545e-35 3.61303e-34 3.62674e-34 0.00101449 0.000254947 0.000456865 7.23328e-34 0.0735706 0.0739165 0.073766 
1.4101e-34 1.54297e-34 0.183899 0.0907146 0.0856749 5.36558e-35 3.36039e-34 3.14531e-34 -0.00761927 -0.00203848 -0.00157629 6.57316e-34 0.0689064 0.0646893 0.0685897 
1.87406e-34 2.07433e-34 0.213488 0.117212 0.112538 8.28845e-35 -5.15565e-34 -4.76298e-34 -0.00627768 -0.00157459 -0.00211462 -9.86292e-34 0.103798 0.0960602 0.0990575 
2.05448e-34 2.00788e-34 0.217755 0.115437 0.117258 8.93232e-35 -3.53153e-34 -3.1678e-34 0.00263756 0.000726515 0.000671903 -6.71923e-34 0.0716737 0.0643391 0.0683924 
1.83017e-34 1.79112e-34 0.196967 0.103948 0.10466 7.8967e-35 -2.23128e-34 -1.95537e-34 0.000955092 0.000234275 0.000317549 -4.19397e-34 0.0452759 0.0396505 0.0425717 
0.642528 0.767026 0.407792 0.617682 0.526595 0.717799 -0.0689565 -0.110555 -0.0331721 -0.0711188 -0.050503 -0.0900716 0.0442662 0.0450272 0.0480285 
0.600646 0.478176 0.633292 0.580399 0.625968 0.539841 -0.142315 -0.121569 -0.121511 -0.128756 -0.133646 -0.133476 0.0758223 0.0878445 0.0795015 
0.595792 0.633292 0.478176 0.580399 0.552862 0.615417 -0.114228 -0.121511 -0.121569 -0.128756 -0.122225 -0.118499 0.0861798 0.0795015 0.0878445 
0.645631 0.767026 0.755874 0.799651 0.766719 0.708727 -0.0872589 -0.110555 -0.157272 -0.140588 -0.131779 -0.0996031 0.0528096 0.0450272 0.0421372 
0.348662 0.0227619 0.121518 0.0663456 0.216389 0.13282 -0.0830224 0.0452822 -0.0115439 0.0169033 -0.0439919 -0.0104075 -0.00170895 -0.00919262 -0.00229227 
0.499987 0.478492 0.488942 0.484139 0.497324 0.494763 -0.00153563 -0.00149904 -0.00186087 -0.00168653 -0.00174029 -0.00155314 0.00844553 0.00994243 0.0142973 
-4.09969e-34 7.2761e-34 0.437597 0.234462 0.234401 6.19404e-34 -8.27993e-34 -1.43866e-33 -8.55216e-05 -5.21699e-05 -2.46257e-05 -3.09442e-33 0.347748 0.302061 0.324901 
0.99938 0.834664 0.702795 0.77345 0.93377 0.962512 -0.0150627 -0.00646727 -0.00772793 -0.00748322 -0.014215 -0.0113159 0.131196 0.158029 0.120456 
0.212628 0.033603 0.100883 0.0661224 0.150289 0.109004 -0.0727789 -0.0207472 -0.0270987 -0.0242552 -0.0496636 -0.0459613 0.0936602 0.0934916 0.103402 
0.645631 0.407792 0.767026 0.617682 0.708727 0.544764 -0.0872589 -0.0331721 -0.110555 -0.0711188 -0.0996031 -0.059672 0.0528096 0.0480285 0.0450272 
0.405445 0.488942 0.478492 0.484139 0.448449 0.457442 -0.00112872 -0.00186087 -0.00149904 -0.00168653 -0.00134698 -0.001542 0.0109506 0.0142973 0.00994243 
-8.89761e-35 -1.84851e-35 -0.0298464 -0.029424 -0.0413626 -4.14581e-35 -3.27848e-34 -4.46882e-34 -0.0183846 -0.00613952 -0.00475031 -7.37438e-34 0.0649831 0.0848707 0.0666632 
7.2761e-34 0.749912 0.437597 0.609307 0.234462 0.437505 -1.43866e-33 -0.000465659 -8.55216e-05 -0.000205686 -5.21699e-05 -0.000139514 0.302061 0.305699 0.324901 
2.12138e-34 0.22584 0.170228 0.199103 0.0904867 0.121621 -4.34078e-34 5.05432e-05 -0.00155044 -0.000902748 -0.000317331 -9.05681e-05 0.0878413 0.0838425 0.0916644 
0.75 0.937297 0.586453 0.800413 0.673373 0.859268 -3.55984e-37 -0.000619163 -0.000192205 -0.000409739 -0.000126282 -0.00033554 0.348898 0.308291 0.318099 
0.33809 0.170228 0.22584 0.199103 0.287216 0.261608 -0.00701925 -0.00155044 5.05432e-05 -0.000902748 -0.00244195 -0.00405567 0.0910233 0.0916644 0.0838425 
1.92701e-34 0.206196 0.15982 0.183731 0.0828867 0.110293 -2.83212e-34 0.00229572 0.00149959 0.00192318 0.000411709 0.000670973 0.0575313 0.0548934 0.0612089 
0.0145538 0.121518 0.0227619 0.0663456 0.0231566 0.0593354 0.0199176 -0.0115439 0.0452822 0.0169033 0.0339934 0.0093946 0.00343023 -0.00229227 -0.00919262 
7.2761e-34 7.40795e-34 0.624601 0.350027 0.349629 4.30361e-34 -1.43866e-33 -1.21977e-33 -0.000634424 -0.000232505 -0.000154138 -2.65773e-33 0.302061 0.256024 0.270755 
0.327427 0.15982 0.206196 0.183731 0.269623 0.250245 0.00661144 0.00149959 0.00229572 0.00192318 0.00431555 0.00376827 0.0616582 0.0612089 0.0548934 
1.90489e-34 3.3914e-34 0.195119 0.103797 0.103615 8.7727e-35 1.17331e-34 1.48165e-34 -0.000302059 -9.46879e-05 -8.6917e-05 2.6595e-34 0.0239644 0.0302862 0.0255139 
7.74297e-34 9.5341e-34 0.644975 0.364915 0.363335 4.15286e-34 -9.98375e-34 -7.73118e-34 -0.00219724 -0.00105792 -0.000569888 -1.76685e-33 0.209442 0.161411 0.191831 
0.0650403 0.290202 0.108464 0.197501 0.0841116 0.16731 -0.0447977 -0.099563 -0.0633949 -0.083263 -0.0542066 -0.072838 0.0806715 0.0825573 0.0677255 
0.645631 0.755874 0.728964 0.755905 0.706273 0.766719 -0.0872589 -0.157272 -0.132533 -0.147685 -0.112908 -0.131779 0.0528096 0.0421372 0.0572164 
0.642528 0.407792 0.301038 0.359572 0.485408 0.526595 -0.0689565 -0.0331721 -0.0164217 -0.0241716 -0.0395411 -0.050503 0.0442662 0.0480285 0.0429589 
1.70769e-34 0.133961 0.189328 0.161895 0.0994288 0.070389 2.95161e-34 0.00184196 0.00265078 0.0023017 0.000787616 0.000493489 0.0599943 0.0618749 0.0568638 
1.74305e-34 0.189328 0.143973 0.167622 0.0746585 0.101328 2.69604e-34 0.00265078 0.00104564 0.00173108 0.000318751 0.000692329 0.0548299 0.0568638 0.0518084 
1.35664e-34 0.109206 0.157595 0.133055 0.0798351 0.055827 3.56441e-34 0.00124246 0.00318224 0.00210318 0.000835195 0.00039081 0.0724989 0.0728568 0.071043 
1.40814e-34 0.157595 0.120393 0.139399 0.0608636 0.0820769 3.47358e-34 0.00318224 0.0019902 0.00256083 0.000558728 0.000936147 0.0706132 0.071043 0.0689259 
1.30743e-34 0.116466 0.154777 0.135805 0.0764528 0.0556869 3.51117e-34 -0.00236915 -0.00229023 -0.00246384 -0.000636048 -0.000487579 0.0717942 0.071147 0.0733496 
1.24999e-34 0.154777 0.106173 0.129361 0.0528096 0.0750262 3.59354e-34 -0.00229023 -0.000240512 -0.00115217 -2.18192e-05 -0.000326391 0.0733546 0.0733496 0.0738902 
0.301054 0.143973 0.189328 0.167622 0.247867 0.228474 0.00470573 0.00104564 0.00265078 0.00173108 0.00394289 0.00269106 0.0513893 0.0518084 0.0568638 
0.264895 0.120393 0.157595 0.139399 0.212302 0.195779 0.00851112 0.0019902 0.00318224 0.00256083 0.00566409 0.00495577 0.06847 0.0689259 0.071043 
0.30915 0.189328 0.133961 0.161895 0.228318 0.253997 0.00926549 0.00265078 0.00184196 0.0023017 0.00522077 0.00565089 0.0608946 0.0568638 0.0618749 
0.256481 0.106173 0.154777 0.129361 0.206794 0.180998 -0.0031813 -0.000240512 -0.00229023 -0.00115217 -0.00329738 -0.00126829 0.0744873 0.0738902 0.0733496 
0.276768 0.157595 0.109206 0.133055 0.194879 0.218049 0.00527518 0.00318224 0.00124246 0.00210318 0.00322327 0.00478076 0.0727233 0.071043 0.0728568 
0.320566 0.154777 0.116466 0.135805 0.217782 0.23353 -0.0182025 -0.00229023 -0.00236915 -0.00246384 -0.00843629 -0.00801883 0.0735728 0.0733496 0.071147 
9.5341e-34 0.834664 0.644975 0.748392 0.364915 0.507082 -7.73118e-34 -0.00646727 -0.00219724 -0.00371231 -0.00105792 -0.00213057 0.161411 0.158029 0.191831 
0.545166 0.508803 0.755874 0.650704 0.67243 0.526496 -0.142204 -0.142265 -0.157272 -0.158135 -0.157587 -0.142573 0.0298282 0.0393198 0.0421372 
0.3376 0.206196 0.148905 0.177602 0.251496 0.277176 0.00539508 0.00229572 0.000922645 0.00153475 0.00282529 0.00399366 0.0493925 0.0548934 0.0484444 
1.88444e-34 0.148905 0.206196 0.177602 0.108668 0.0780036 -2.5211e-34 0.000922645 0.00229572 0.00153475 0.000593683 0.000272735 0.0512018 0.0484444 0.0548934 
0.229115 0.0891935 0.166006 0.126791 0.198981 0.155672 -0.0440483 -0.0121421 -0.0164585 -0.0146525 -0.0293841 -0.0275437 0.107012 0.108741 0.108674 
1.1706e-34 0.169551 2.77306e-34 0.0891349 1.1383e-34 0.0892257 -1.46997e-37 -0.000128506 -2.97599e-35 -4.41981e-05 -2.97106e-35 -4.22724e-05 3.36897e-05 0.00384766 0.00597841 
3.40499e-34 0.301038 0.407792 0.359572 0.210512 0.144152 1.87586e-34 -0.0164217 -0.0331721 -0.0241716 -0.0086294 -0.00444738 0.0404326 0.0429589 0.0480285 
0.348662 0.476065 0.103827 0.24809 0.219197 0.398033 -0.0830224 -0.112752 0.00132883 -0.0576979 -0.0429148 -0.0943687 -0.00170895 -0.0247115 -0.0294302 
1.27395e-34 0.166006 0.0891935 0.126791 0.0481193 0.0793988 -5.60825e-34 -0.0164585 -0.0121421 -0.0146525 -0.00329021 -0.00502638 0.112096 0.108674 0.108741 
1.1851e-34 2.77366e-34 0.180967 0.0955588 0.0954626 1.00176e-34 -1.48682e-37 2.83518e-35 -0.00014425 -5.05547e-05 -4.74871e-05 2.83988e-35 -3.35224e-05 0.00583111 0.00362899 
0.36636 0.22584 0.165671 0.196933 0.277044 0.302729 0.0041742 5.05432e-05 0.00100177 0.000734362 0.00251988 0.00133955 0.0765029 0.0838425 0.075883 
0.313774 0.108464 0.290202 0.197501 0.301197 0.205335 -0.110653 -0.0633949 -0.099563 -0.083263 -0.105705 -0.0875051 0.0676012 0.0677255 0.0825573 
1.86615e-34 0.202622 0.155063 0.179618 0.0811468 0.108554 2.10952e-34 0.00111499 0.000269373 0.000609894 9.78936e-05 0.000268648 0.0429699 0.0458956 0.0400492 
2.11202e-34 0.165671 0.22584 0.196933 0.121525 0.0873769 -3.92481e-34 0.00100177 5.05432e-05 0.000734362 0.000195079 0.000216173 0.0795413 0.075883 0.0838425 
2.07433e-34 0.170228 0.213488 0.194136 0.117212 0.089083 -4.76298e-34 -0.00155044 -0.00627768 -0.00355423 -0.00157459 -0.00058019 0.0960602 0.0916644 0.0990575 
1.83344e-34 0.143973 0.202622 0.173907 0.107756 0.0756231 2.41266e-34 0.00104564 0.00111499 0.00114348 0.00036737 0.000266167 0.0491118 0.0518084 0.0458956 
1.87406e-34 0.213488 0.134868 0.17483 0.0728767 0.112538 -5.15565e-34 -0.00627768 -0.00555566 -0.00627316 -0.00147414 -0.00211462 0.103798 0.0990575 0.105702 
2.00788e-34 0.15982 0.217755 0.189058 0.115437 0.0842759 -3.1678e-34 0.00149959 0.00263756 0.00204561 0.000726515 0.000414137 0.0643391 0.0612089 0.0683924 
1.60103e-34 0.173253 0.133961 0.154465 0.0686552 0.0921332 3.16837e-34 0.00365822 0.00184196 0.00265783 0.000537757 0.00103007 0.0643685 0.0656712 0.0618749 
1.51706e-34 0.120393 0.173253 0.146669 0.0894926 0.0627587 3.34326e-34 0.0019902 0.00365822 0.0027812 0.00105599 0.000578704 0.0679239 0.0689259 0.0656712 
1.28057e-34 0.148429 0.109206 0.128512 0.0546154 0.0748627 3.61303e-34 0.00101449 0.00124246 0.00115423 0.000343438 0.000456865 0.0735706 0.073766 0.0728568 
1.25167e-34 0.106173 0.148429 0.127093 0.0740634 0.0526723 3.62674e-34 -0.000240512 0.00101449 0.000176892 0.000254947 6.40895e-05 0.0739165 0.0738902 0.073766 
1.4101e-34 0.183899 0.116466 0.147684 0.0578482 0.0856749 3.36039e-34 -0.00761927 -0.00236915 -0.00469965 -0.000622999 -0.00157629 0.0689064 0.0685897 0.071147 
2.05448e-34 0.217755 0.165671 0.192832 0.0864837 0.117258 -3.53153e-34 0.00263756 0.00100177 0.00177133 0.000281952 0.000671903 0.0716737 0.0683924 0.075883 
1.54297e-34 0.14404 0.183899 0.16487 0.0907146 0.0669989 3.14531e-34 -0.00573208 -0.00761927 -0.00694752 -0.00203848 -0.00133257 0.0646893 0.0636388 0.0685897 
1.79112e-34 0.142173 0.196967 0.169786 0.103948 0.0740293 -1.95537e-34 0.000208146 0.000955092 0.000511221 0.000234275 7.69391e-05 0.0396505 0.0369398 0.0425717 
1.83017e-34 0.196967 0.148905 0.173414 0.0771478 0.10466 -2.23128e-34 0.000955092 0.000922645 0.000989427 0.000234863 0.000317549 0.0452759 0.0425717 0.0484444 
0.212628 0.478176 0.290202 0.391017 0.249134 0.346758 -0.0727789 -0.121569 -0.099563 -0.114203 -0.086519 -0.101285 0.0936602 0.0878445 0.0825573 
0.498488 0.497983 0.468158 0.487543 0.495171 0.500003 -0.000691457 -0.00151321 -0.000926067 -0.00126389 -0.000830961 -0.00116013 0.0273798 0.0240736 0.0271904 
1.1851e-34 0.180967 0.244773 0.213766 0.13249 0.0954626 -1.48682e-37 -0.00014425 -0.000227185 -0.000184528 -7.71259e-05 -4.74871e-05 -3.35224e-05 0.00362899 -2.22629e-05 
0.00346719 0.257628 0.0602337 0.14965 0.0302713 0.11118 -0.0268877 -0.0881831 -0.0225312 -0.0552148 -0.0247631 -0.0532715 0.0325325 0.0289347 0.0155092 
1.1706e-34 0.245006 0.169551 0.20849 0.0892257 0.132807 -1.46997e-37 -0.000227077 -0.000128506 -0.000176874 -4.22724e-05 -7.72605e-05 3.36897e-05 2.26827e-05 0.00384766 
0.352693 0.476346 0.431601 0.456829 0.395732 0.427638 -0.00103384 -0.00149308 -0.000619411 -0.00109206 -0.000989289 -0.00134688 0.0227385 0.0234544 0.027784 
3.27279e-34 0.407792 0.311768 0.358099 0.155739 0.190896 2.15729e-34 -0.0331721 -0.0223114 -0.0273734 -0.00593536 -0.00787222 0.0465275 0.0480285 0.0515703 
0.212628 0.100883 0.308651 0.196955 0.262417 0.150289 -0.0727789 -0.0270987 -0.0777494 -0.0538013 -0.0765185 -0.0496636 0.0936602 0.103402 0.101001 
0.229115 0.308651 0.100883 0.196955 0.163804 0.266992 -0.0440483 -0.0777494 -0.0270987 -0.0538013 -0.0369911 -0.0608736 0.107012 0.101001 0.103402 
0.600646 0.672771 0.524572 0.614361 0.569306 0.637497 -0.142315 -0.148699 -0.145532 -0.15217 -0.146738 -0.146285 0.0758223 0.0656557 0.0633437 
2.97029e-34 1.8587e-34 0.184663 0.0975769 0.0974039 9.14663e-35 -1.42128e-34 -1.14971e-34 -0.000283383 -7.98376e-05 -8.79284e-05 -2.5671e-34 0.0287341 0.0232532 0.0248235 
0.499464 0.497983 0.476346 0.497044 0.492158 0.499884 -0.0019877 -0.00151321 -0.00149308 -0.00153833 -0.00181454 -0.00184194 0.0192203 0.0240736 0.0234544 
0.498488 0.476346 0.497983 0.497044 0.500003 0.490674 -0.000691457 -0.00149308 -0.00151321 -0.00153833 -0.00116013 -0.00120242 0.0273798 0.0234544 0.0240736 
0.489731 0.489827 0.499981 0.497528 0.497336 0.499984 -0.000906535 -0.000906292 -0.00115137 -0.00100786 -0.00100859 -0.000955932 1.41996e-05 -1.43906e-05 0.00381272 
0.229115 0.100883 0.0891935 0.0967495 0.155672 0.163804 -0.0440483 -0.0270987 -0.0121421 -0.0188585 -0.0275437 -0.0369911 0.107012 0.103402 0.108741 
7.50324e-35 0.0891935 0.100883 0.0967495 0.0448148 0.0374304 -5.4961e-34 -0.0121421 -0.0270987 -0.0188585 -0.00801129 -0.00378561 0.109241 0.108741 0.103402 
0.359498 0.474246 0.429289 0.454555 0.397403 0.428414 -0.00108657 -0.00172346 -0.00152656 -0.00168827 -0.00134898 -0.00145161 0.0225063 0.0213257 0.0171667 
7.40795e-34 0.774611 0.624601 0.704272 0.350027 0.456209 -1.21977e-33 -0.00166609 -0.000634424 -0.000995793 -0.000232505 -0.000471769 0.256024 0.234238 0.270755 
0.998658 0.774611 0.997002 0.929899 0.997857 0.934746 -0.00143382 -0.00166609 -0.00273731 -0.00242966 -0.0021111 -0.00182406 0.270226 0.234238 0.233712 
0.989601 0.997002 0.774611 0.929899 0.916609 0.993867 -0.00469933 -0.00273731 -0.00166609 -0.00242966 -0.00316413 -0.00349121 0.198921 0.233712 0.234238 
0.506781 0.308651 0.426325 0.372532 0.466512 0.415312 -0.102788 -0.0777494 -0.0772022 -0.0794449 -0.0905381 -0.0943102 0.0953948 0.101001 0.101814 
0.229115 0.426325 0.308651 0.372532 0.266992 0.329968 -0.0440483 -0.0772022 -0.0777494 -0.0794449 -0.0608736 -0.0633202 0.107012 0.101814 0.101001 
1.09212e-33 1.04003e-34 0.103827 0.00951854 0.0840529 3.74978e-34 9.32488e-36 9.07617e-35 0.00132883 0.0389929 -0.00435873 9.90627e-35 -0.0715452 -0.0238933 -0.0294302 
0.3376 0.376258 0.206196 0.299637 0.277176 0.357133 0.00539508 0.0085897 0.00229572 0.00516799 0.00399366 0.00701841 0.0493925 0.0562003 0.0548934 
0.36636 0.398271 0.22584 0.322035 0.302729 0.383675 0.0041742 -0.00200287 5.05432e-05 -0.000990517 0.00133955 0.00173364 0.0765029 0.0841827 0.0838425 
0.348662 0.7302 0.775758 0.750122 0.576277 0.565425 -0.0830224 -0.146848 -0.135966 -0.141767 -0.123709 -0.125466 -0.00170895 0.0155177 0.00664284 
7.50324e-35 1.27395e-34 0.0891935 0.0481193 0.0374304 5.95911e-35 -5.4961e-34 -5.60825e-34 -0.0121421 -0.00329021 -0.00378561 -1.0942e-33 0.109241 0.112096 0.108741 
0.989601 0.644975 0.834664 0.748392 0.935548 0.878738 -0.00469933 -0.00219724 -0.00646727 -0.00371231 -0.0060016 -0.00403309 0.198921 0.191831 0.158029 
0.320566 0.334112 0.154777 0.245246 0.23353 0.326949 -0.0182025 -0.0136721 -0.00229023 -0.00688618 -0.00801883 -0.0162989 0.0735728 0.0753747 0.0733496 
0.276768 0.312632 0.157595 0.238246 0.218049 0.294647 0.00527518 0.00935579 0.00318224 0.0063621 0.00478076 0.00728355 0.0727233 0.070733 0.071043 
0.30915 0.347333 0.189328 0.275205 0.253997 0.328806 0.00926549 0.00882789 0.00265078 0.0056627 0.00565089 0.00922665 0.0608946 0.055677 0.0568638 
1.85363e-34 0.155063 0.205116 0.18065 0.109499 0.0813749 1.79711e-34 0.000269373 2.6312e-05 0.000177496 1.49961e-05 5.44713e-05 0.0366518 0.0400492 0.0346455 
1.85363e-34 1.86615e-34 0.155063 0.0811468 0.0813749 1.32308e-34 1.79711e-34 2.10952e-34 0.000269373 9.78936e-05 5.44713e-05 3.90355e-34 0.0366518 0.0429699 0.0400492 
0.308899 0.205116 0.155063 0.18065 0.237849 0.260203 0.00123705 2.6312e-05 0.000269373 0.000177496 0.000690697 0.000440385 0.0399048 0.0346455 0.0400492 
2.07433e-34 2.12138e-34 0.170228 0.0904867 0.089083 1.52476e-34 -4.76298e-34 -4.34078e-34 -0.00155044 -0.000317331 -0.00058019 -9.08249e-34 0.0960602 0.0878413 0.0916644 
5.56443e-34 6.37739e-34 0.399963 0.215412 0.202231 4.0985e-34 1.94399e-34 2.75277e-34 -0.016492 -0.00518607 -0.0043205 4.98584e-34 0.0431574 0.059347 0.0536537 
3.40499e-34 4.82212e-34 0.301038 0.159127 0.144152 2.62731e-34 1.87586e-34 1.78498e-34 -0.0164217 -0.0053579 -0.00444738 3.92449e-34 0.0404326 0.0402201 0.0429589 
2.00788e-34 1.92701e-34 0.15982 0.0828867 0.0842759 1.44219e-34 -3.1678e-34 -2.83212e-34 0.00149959 0.000411709 0.000414137 -6.01743e-34 0.0643391 0.0575313 0.0612089 
1.70769e-34 1.60103e-34 0.133961 0.0686552 0.070389 1.22795e-34 2.95161e-34 3.16837e-34 0.00184196 0.000537757 0.000493489 6.09848e-34 0.0599943 0.0643685 0.0618749 
1.83344e-34 1.74305e-34 0.143973 0.0746585 0.0756231 1.33928e-34 2.41266e-34 2.69604e-34 0.00104564 0.000318751 0.000266167 5.09675e-34 0.0491118 0.0548299 0.0518084 
1.35664e-34 1.28057e-34 0.109206 0.0546154 0.055827 9.47714e-35 3.56441e-34 3.61303e-34 0.00124246 0.000343438 0.00039081 7.16278e-34 0.0724989 0.0735706 0.0728568 
1.51706e-34 1.40814e-34 0.120393 0.0608636 0.0627587 1.07815e-34 3.34326e-34 3.47358e-34 0.0019902 0.000558728 0.000578704 6.79337e-34 0.0679239 0.0706132 0.0689259 
1.30743e-34 1.4101e-34 0.116466 0.0578482 0.0556869 9.27434e-35 3.51117e-34 3.36039e-34 -0.00236915 -0.000622999 -0.000487579 6.90558e-34 0.0717942 0.0689064 0.071147 
1.25167e-34 1.24999e-34 0.106173 0.0528096 0.0526723 8.8708e-35 3.62674e-34 3.59354e-34 -0.000240512 -2.18192e-05 6.40895e-05 7.2254e-34 0.0739165 0.0733546 0.0738902 
0.894184 0.775758 0.7302 0.750122 0.838623 0.863006 -0.129748 -0.135966 -0.146848 -0.141767 -0.145319 -0.138841 0.027833 0.00664284 0.0155177 
1.79112e-34 1.70012e-34 0.142173 0.0738371 0.0740293 1.35803e-34 -1.95537e-34 -1.68734e-34 0.000208146 4.22799e-05 7.69391e-05 -3.6452e-34 0.0396505 0.0341746 0.0369398 
1.88444e-34 1.83017e-34 0.148905 0.0771478 0.0780036 1.37426e-34 -2.5211e-34 -2.23128e-34 0.000922645 0.000234863 0.000272735 -4.76342e-34 0.0512018 0.0452759 0.0484444 
1.54297e-34 1.73337e-34 0.14404 0.0723412 0.0669989 1.17065e-34 3.14531e-34 2.88099e-34 -0.00573208 -0.00157039 -0.00133257 6.09735e-34 0.0646893 0.0595282 0.0636388 
2.11202e-34 2.05448e-34 0.165671 0.0864837 0.0873769 1.57149e-34 -3.92481e-34 -3.53153e-34 0.00100177 0.000281952 0.000216173 -7.46789e-34 0.0795413 0.0716737 0.075883 
1.58656e-34 1.87406e-34 0.134868 0.0728767 0.0674208 1.35405e-34 -5.46158e-34 -5.15565e-34 -0.00555566 -0.00147414 -0.00176639 -1.05425e-33 0.109501 0.103798 0.105702 
0.534075 0.597342 0.594524 0.599691 0.575808 0.565987 -0.0604463 -0.090269 -0.0920176 -0.0920926 -0.0768561 -0.0747116 0.0796785 0.0788446 0.085509 
0.880886 0.775758 0.928325 0.89669 0.929412 0.827298 -0.113578 -0.135966 -0.108011 -0.128993 -0.117802 -0.128404 0.0037144 0.00664284 0.0309328 
-2.50798e-35 -3.69898e-35 -0.0120908 -0.00303947 -0.00308983 -4.90674e-35 6.24703e-35 1.92396e-35 0.0315919 0.0143971 0.0233565 3.28834e-35 0.00406411 0.00792101 0.00313426 
0.99938 0.999426 0.834664 0.95367 0.962512 0.999785 -0.0150627 -0.00847782 -0.00646727 -0.00824074 -0.0113159 -0.0109864 0.131196 0.166173 0.158029 
0.989601 0.834664 0.999426 0.95367 0.99617 0.935548 -0.00469933 -0.00646727 -0.00847782 -0.00824074 -0.00665756 -0.0060016 0.198921 0.158029 0.166173 
-4.09969e-34 0.437597 0.75 0.609436 0.4375 0.234401 -8.27993e-34 -8.55216e-05 -4.12386e-37 -7.89258e-05 -1.65268e-37 -2.46257e-05 0.347748 0.324901 0.347813 
0.293971 0.324015 0.166006 0.245682 0.231101 0.309669 -0.0256469 -0.043815 -0.0164585 -0.0306685 -0.0225431 -0.0343036 0.10418 0.105525 0.108674 
1.73337e-34 0.239758 0.14404 0.189082 0.0723412 0.112711 2.88099e-34 -0.0150697 -0.00573208 -0.00976633 -0.00157039 -0.00365914 0.0595282 0.0608823 0.0636388 
0.363764 0.14404 0.239758 0.189082 0.305812 0.253549 -0.0323641 -0.00573208 -0.0150697 -0.00976633 -0.023929 -0.0165479 0.066537 0.0636388 0.0608823 
0.894184 0.928325 0.775758 0.89669 0.863006 0.914131 -0.129748 -0.108011 -0.135966 -0.128993 -0.138841 -0.119281 0.027833 0.0309328 0.00664284 
0.595792 0.594524 0.597342 0.599691 0.613787 0.599613 -0.114228 -0.0920176 -0.090269 -0.0920926 -0.105 -0.103626 0.0861798 0.085509 0.0788446 
0.302786 0.142173 0.193304 0.168178 0.250658 0.228129 0.00118136 0.000208146 3.78333e-05 0.000147059 0.00042445 0.000610355 0.0373294 0.0369398 0.0326801 
1.70012e-34 0.193304 0.142173 0.168178 0.0738371 0.102322 -1.68734e-34 3.78333e-05 0.000208146 0.000147059 4.22799e-05 1.4388e-05 0.0341746 0.0326801 0.0369398 
-0.0734412 -0.0497475 -0.0500053 -0.055891 -0.0674757 -0.0628185 0.0110017 0.0364571 0.0169419 0.028521 0.0163896 0.0232996 0.0166688 0.0057637 0.00850331 
0.880886 0.476065 0.775758 0.64824 0.827298 0.724159 -0.113578 -0.112752 -0.135966 -0.12885 -0.128404 -0.120531 0.0037144 -0.0247115 0.00664284 
-1.07062e-34 -0.0653868 -0.0766558 -0.0727827 -0.0551428 -0.0536055 -2.14526e-34 -0.00776012 -0.000763069 -0.00424251 -0.000211152 -0.00166125 0.0431996 0.047841 0.0325843 
1.09212e-33 0.103827 0.476065 0.24809 0.285303 0.0840529 9.32488e-36 0.00132883 -0.112752 -0.0576979 -0.0802008 -0.00435873 -0.0715452 -0.0294302 -0.0247115 
0.0192114 -0.0298464 0.108464 0.0229524 0.0616146 -0.012339 -0.0394487 -0.0183846 -0.0633949 -0.0385364 -0.0516617 -0.0287377 0.0524458 0.0666632 0.0677255 
0.301054 0.189328 0.347333 0.275205 0.325381 0.247867 0.00470573 0.00265078 0.00882789 0.0056627 0.00665614 0.00394289 0.0513893 0.0568638 0.055677 
0.0650403 0.108464 -0.0298464 0.0229524 0.00971145 0.0841116 -0.0447977 -0.0633949 -0.0183846 -0.0385364 -0.0306233 -0.0542066 0.0806715 0.0677255 0.0666632 
0.264895 0.157595 0.312632 0.238246 0.288771 0.212302 0.00851112 0.00318224 0.00935579 0.0063621 0.00929062 0.00566409 0.06847 0.071043 0.070733 
0.256481 0.154777 0.334112 0.245246 0.293759 0.206794 -0.0031813 -0.00229023 -0.0136721 -0.00688618 -0.00750491 -0.00329738 0.0744873 0.0733496 0.0753747 
0.33809 0.22584 0.398271 0.322035 0.370292 0.287216 -0.00701925 5.05432e-05 -0.00200287 -0.000990517 -0.00474807 -0.00244195 0.0910233 0.0838425 0.0841827 
0.327427 0.206196 0.376258 0.299637 0.353097 0.269623 0.00661144 0.00229572 0.0085897 0.00516799 0.00775887 0.00431555 0.0616582 0.0548934 0.0562003 
0.445197 0.44829 0.49076 0.473077 0.471338 0.44657 0.0177508 0.0182107 0.0196341 0.0192808 0.0190654 0.0183183 0.0612237 0.0653988 0.0626206 
0.451773 0.426325 0.324015 0.37475 0.390467 0.440064 -0.0651974 -0.0772022 -0.043815 -0.0608381 -0.0560872 -0.0713218 0.100759 0.101814 0.105525 
0.504357 0.49076 0.44829 0.473077 0.484136 0.4984 0.0183948 0.0196341 0.0182107 0.0192808 0.0190624 0.0193122 0.0662464 0.0626206 0.0653988 
0.619838 0.633292 0.597342 0.62341 0.608383 0.63974 -0.0993359 -0.121511 -0.090269 -0.1067 -0.0952627 -0.113058 0.0721492 0.0795015 0.0788446 
1.90489e-34 0.195119 0.200899 0.198025 0.107035 0.103615 1.17331e-34 -0.000302059 -0.000355918 -0.00033321 -9.42295e-05 -8.6917e-05 0.0239644 0.0255139 0.021387 
0.442023 0.461433 0.507617 0.488392 0.479218 0.450944 0.00153644 -0.00994137 -0.00807398 -0.00910547 -0.00274733 -0.00361761 0.0752818 0.0778846 0.0791759 
0.595792 0.597342 0.633292 0.62341 0.615417 0.613787 -0.114228 -0.090269 -0.121511 -0.1067 -0.118499 -0.105 0.0861798 0.0788446 0.0795015 
0.531181 0.507617 0.461433 0.488392 0.507617 0.521197 -0.0229637 -0.00807398 -0.00994137 -0.00910547 -0.0162514 -0.015204 0.0839907 0.0791759 0.0778846 
1.8587e-34 0.20257 0.184663 0.193661 0.0975769 0.10766 -1.14971e-34 -0.000374884 -0.000283383 -0.000331622 -7.98376e-05 -0.000100221 0.0232532 0.021236 0.0248235 
0.50008 0.490952 0.496331 0.499741 0.499199 0.497655 0.00340252 0.000780773 0.000997716 0.000959967 0.0021119 0.0019725 0.036285 0.0314401 0.0322274 
0.454267 0.46692 0.49489 0.483964 0.479628 0.461041 0.00337834 0.00755196 0.00597976 0.00685655 0.0046738 0.00529174 0.0387816 0.0445748 0.0405146 
0.500288 0.49489 0.46692 0.483964 0.491074 0.498599 0.00911775 0.00597976 0.00755196 0.00685655 0.00861307 0.00756381 0.0440568 0.0405146 0.0445748 
0.880886 0.928325 0.964154 0.947389 0.95172 0.929412 -0.113578 -0.108011 -0.0842666 -0.0987197 -0.103629 -0.117802 0.0037144 0.0309328 0.0396928 
0.500288 0.497921 0.470106 0.487554 0.493619 0.500034 0.00911775 0.0117403 0.00765989 0.00974981 0.00867899 0.0105087 0.0440568 0.0475709 0.0434376 
0.46812 0.470106 0.497921 0.487554 0.487131 0.468965 0.0110849 0.00765989 0.0117403 0.00974981 0.0116318 0.00941147 0.0489433 0.0434376 0.0475709 
0.318081 0.205116 0.360903 0.290441 0.340393 0.265104 -0.000489583 2.6312e-05 0.000438463 0.00018836 -0.000154945 -0.000147578 0.0294013 0.0346455 0.0347467 
0.308899 0.360903 0.205116 0.290441 0.260203 0.336 0.00123705 0.000438463 2.6312e-05 0.00018836 0.000440385 0.00087338 0.0399048 0.0347467 0.0346455 
0.642528 0.843692 0.767026 0.807072 0.717799 0.766032 -0.0689565 -0.119319 -0.110555 -0.116164 -0.0900716 -0.0962162 0.0442662 0.0377886 0.0450272 
0.325611 0.625328 0.7302 0.67567 0.525898 0.481425 -0.0857801 -0.145392 -0.146848 -0.146404 -0.125581 -0.122003 0.0101008 0.0217339 0.0155177 
0.504357 0.510929 0.492709 0.505313 0.507395 0.508615 0.0183948 0.0144323 0.014495 0.0147455 0.016726 0.0167953 0.0662464 0.0700381 0.0676279 
0.491261 0.492709 0.510929 0.505313 0.505946 0.492297 0.00932246 0.014495 0.0144323 0.0147455 0.0121518 0.0122625 0.0735806 0.0676279 0.0700381 
0.820521 0.767026 0.843692 0.807072 0.846965 0.821795 -0.150203 -0.110555 -0.119319 -0.116164 -0.138006 -0.134748 0.0329164 0.0450272 0.0377886 
0.348662 0.775758 0.476065 0.64824 0.398033 0.576277 -0.0830224 -0.135966 -0.112752 -0.12885 -0.0943687 -0.123709 -0.00170895 0.00664284 -0.0247115 
0.531181 0.541282 0.506994 0.528889 0.530462 0.53698 -0.0229637 -0.0390523 -0.0308593 -0.035536 -0.0281349 -0.0306365 0.0839907 0.0878605 0.0910946 
0.820521 0.7302 0.625328 0.67567 0.749 0.791746 -0.150203 -0.146848 -0.145392 -0.146404 -0.155124 -0.152396 0.0329164 0.0155177 0.0217339 
0.476377 0.494091 0.239758 0.371495 0.353042 0.486469 -0.0524133 -0.0591416 -0.0150697 -0.0343606 -0.030682 -0.0563383 0.0582195 0.0640378 0.0608823 
0.478436 0.506994 0.541282 0.528889 0.52414 0.495434 -0.0500764 -0.0308593 -0.0390523 -0.035536 -0.0462888 -0.0404131 0.0977332 0.0910946 0.0878605 
0.804634 0.964154 0.928325 0.947389 0.893129 0.907806 -0.0624113 -0.0842666 -0.108011 -0.0987197 -0.0855748 -0.0754959 0.0475685 0.0396928 0.0309328 
0.277343 0.508803 0.257628 0.383538 0.268511 0.388751 -0.102627 -0.142265 -0.0881831 -0.118397 -0.0970512 -0.123664 0.0496659 0.0393198 0.0289347 
0.545166 0.257628 0.508803 0.383538 0.526496 0.395752 -0.142204 -0.0881831 -0.142265 -0.118397 -0.142573 -0.117275 0.0298282 0.0289347 0.0393198 
0.285782 0.339613 0.193304 0.272172 0.241518 0.313514 -0.00037307 0.000199813 3.78333e-05 0.000126498 -0.000109795 -0.000164132 0.0282212 0.0321257 0.0326801 
-0.0355717 -0.0500053 -0.0497475 -0.055891 -0.0446705 -0.0446026 0.0381312 0.0169419 0.0364571 0.028521 0.0396129 0.0278031 0.00496228 0.00850331 0.0057637 
0.363764 0.239758 0.494091 0.371495 0.42756 0.305812 -0.0323641 -0.0150697 -0.0591416 -0.0343606 -0.0446252 -0.023929 0.066537 0.0608823 0.0640378 
0.302786 0.193304 0.339613 0.272172 0.321557 0.250658 0.00118136 3.78333e-05 0.000199813 0.000126498 0.000697215 0.00042445 0.0373294 0.0326801 0.0321257 
0.468158 0.497983 0.474246 0.489476 0.471342 0.487543 -0.000926067 -0.00151321 -0.00172346 -0.00168661 -0.00141955 -0.00126389 0.0271904 0.0240736 0.0213257 
0.62992 0.524572 0.672771 0.614361 0.658071 0.577075 -0.157416 -0.145532 -0.148699 -0.15217 -0.155374 -0.152174 0.0532612 0.0633437 0.0656557 
0.572184 0.540258 0.553383 0.561301 0.56931 0.556685 -0.0838236 -0.0698435 -0.0564968 -0.0652398 -0.0701987 -0.077139 0.0903572 0.0940971 0.0852295 
0.517658 0.517615 0.492996 0.513007 0.506888 0.519433 -0.00224784 0.00338811 0.00778793 0.00558852 0.00328877 0.000760027 0.078447 0.077088 0.0741763 
0.502004 0.500082 0.489716 0.501374 0.496912 0.503146 0.0189608 0.0166504 0.0173127 0.0173699 0.0184113 0.0180229 0.0592183 0.0551839 0.0558167 
0.499464 0.474246 0.497983 0.489476 0.499884 0.495296 -0.0019877 -0.00172346 -0.00151321 -0.00168661 -0.00184194 -0.00192122 0.0192203 0.0213257 0.0240736 
0.498488 0.496331 0.490952 0.499741 0.495491 0.499918 -0.000691457 0.000997716 0.000780773 0.000959967 -1.5516e-05 7.65541e-05 0.0273798 0.0322274 0.0314401 
0.50087 0.489716 0.500082 0.501374 0.501718 0.497251 0.015009 0.0173127 0.0166504 0.0173699 0.0160126 0.0163179 0.0517588 0.0558167 0.0551839 
0.509387 0.492996 0.517615 0.513007 0.515326 0.502995 0.0114234 0.00778793 0.00338811 0.00558852 0.00768178 0.00970872 0.0725961 0.0741763 0.077088 
0.550713 0.553383 0.540258 0.561301 0.551469 0.55351 -0.0497449 -0.0564968 -0.0698435 -0.0652398 -0.0602045 -0.0534578 0.0879268 0.0852295 0.0940971 
-3.69898e-35 -0.0144606 -0.0120908 -0.0145456 -0.00303947 -0.00434037 1.92396e-35 0.013372 0.0315919 0.0232921 0.0143971 0.00981719 0.00792101 0.00559258 0.00313426 
-0.0355717 -0.0120908 -0.0144606 -0.0145456 -0.0265436 -0.0245023 0.0381312 0.0315919 0.013372 0.0232921 0.0261836 0.0375138 0.00496228 0.00313426 0.00559258 
-2.50798e-35 -0.0120908 -0.0215358 -0.0179253 -0.00828883 -0.00308983 6.24703e-35 0.0315919 0.0592667 0.0475544 0.0502849 0.0233565 0.00406411 0.00313426 -0.00141653 
-0.0355717 -0.0215358 -0.0120908 -0.0179253 -0.0245023 -0.0293963 0.0381312 0.0592667 0.0315919 0.0475544 0.0375138 0.0498398 0.00496228 -0.00141653 0.00313426 
