0.474554 0.84513 1.08975e-33 0.563642 0.284359 0.674369 -0.111817 -0.0585603 1.03674e-35 -0.080655 -0.0796602 -0.108696 -0.024725 0.0138638 -0.071496 
0.00226755 0.0174875 0.269688 0.125434 0.118329 0.00877199 -0.0269683 -0.0384369 -0.0989393 -0.0664874 -0.0617611 -0.0340886 0.0325017 0.0519464 0.0495282 
0.501542 0.449508 0.502127 0.493522 0.502772 0.485863 0.0129265 0.0128523 0.0132386 0.0140259 0.0132438 0.0135031 0.0437955 0.049274 0.0473863 
0.508463 0.442426 0.514597 0.49844 0.512806 0.48615 0.00757404 0.0061317 0.00248451 0.00452829 0.00524718 0.00697094 0.0652798 0.0675447 0.069306 
0.536846 0.485229 0.543168 0.537028 0.540912 0.524255 -0.0288785 -0.0250472 -0.0420336 -0.0351366 -0.035143 -0.0281034 0.083178 0.07876 0.0866965 
0.303766 0.27855 0.594529 0.447466 0.46744 0.290405 -0.105116 -0.0930647 -0.134875 -0.121747 -0.128775 -0.0996157 0.0668614 0.0809283 0.0747524 
0.371823 0.301946 0.195295 0.251157 0.293023 0.339226 0.00785162 0.00377036 0.00202276 0.00303843 0.00480349 0.00570231 0.0446548 0.0396133 0.0450845 
0.571803 0.410632 0.535086 0.485441 0.553928 0.510556 -0.079781 -0.0715206 -0.0673429 -0.072174 -0.0738149 -0.0809169 0.0887707 0.098691 0.0921336 
0.880181 0.84513 0.474554 0.674369 0.722848 0.868593 -0.112431 -0.0585603 -0.111817 -0.108696 -0.119442 -0.0899225 0.00331156 0.0138638 -0.024725 
0.388577 0.197239 0.321544 0.262167 0.357243 0.300137 -0.0260184 -0.00702037 -0.0106144 -0.00973627 -0.0176709 -0.0167878 0.0936853 0.0963986 0.0892994 
0.571803 0.495816 0.410632 0.453071 0.510556 0.54574 -0.079781 -0.0957142 -0.0715206 -0.0840598 -0.0809169 -0.0897824 0.0887707 0.0930719 0.098691 
0.35966 0.316039 0.466522 0.406429 0.422614 0.33871 0.000706861 0.00171527 0.00387291 0.00295885 0.00206558 0.00125812 0.0230689 0.0298135 0.0274373 
0.445375 0.466522 0.316039 0.406429 0.390588 0.45666 0.00578277 0.00387291 0.00171527 0.00295885 0.0035934 0.00486406 0.0328443 0.0274373 0.0298135 
0.508463 0.487756 0.492976 0.509435 0.501803 0.508853 0.00757404 0.00833264 0.0111597 0.010078 0.00955382 0.00822769 0.0652798 0.0615432 0.061404 
0.501542 0.465657 0.493387 0.499038 0.498417 0.495257 0.0129265 0.00857071 0.0113932 0.0107339 0.0122805 0.0111207 0.0437955 0.0380336 0.0402173 
0.500816 0.465657 0.493181 0.48201 0.49936 0.49339 0.00959041 0.00857071 0.00674807 0.00790123 0.00822018 0.00952365 0.036175 0.0380336 0.0312993 
0.493181 0.465657 0.443156 0.454787 0.474166 0.48201 0.00674807 0.00857071 0.00539755 0.00696953 0.00622333 0.00790123 0.0312993 0.0380336 0.0319337 
0.413175 0.218107 0.33241 0.279281 0.375929 0.328768 0.00255342 0.000934015 0.00357878 0.00198971 0.00341446 0.00165996 0.0683796 0.068958 0.0623657 
0.388577 0.321544 0.494139 0.423127 0.450504 0.357243 -0.0260184 -0.0106144 -0.0214514 -0.017804 -0.0251764 -0.0176709 0.0936853 0.0892994 0.0847424 
0.0224164 -0.0215499 0.0137815 -0.0163754 0.0225596 -0.0109989 0.045155 0.0588777 0.0194638 0.0472875 0.0337518 0.0599231 -0.00928716 -0.00148842 0.00336407 
0.665208 0.670646 0.628919 0.6752 0.646002 0.695863 -0.10456 -0.142293 -0.0949627 -0.121844 -0.100388 -0.127802 0.0632059 0.0647255 0.0707228 
0.495816 0.466356 0.293317 0.37684 0.400572 0.483155 -0.0957142 -0.11355 -0.0710888 -0.0935854 -0.0870684 -0.105183 0.0930719 0.0860825 0.0977374 
0.594529 0.628919 0.670646 0.6752 0.633432 0.656859 -0.134875 -0.0949627 -0.142293 -0.121844 -0.139294 -0.122254 0.0747524 0.0707228 0.0647255 
0.413175 0.33241 0.487756 0.429035 0.457824 0.375929 0.00255342 0.00357878 0.00833264 0.00595133 0.00529099 0.00341446 0.0683796 0.0623657 0.0615432 
0.371823 0.448787 0.301946 0.387072 0.339226 0.41445 0.00785162 0.00869835 0.00377036 0.00641285 0.00570231 0.00859731 0.0446548 0.0385128 0.0396133 
0.593108 0.466356 0.495816 0.483155 0.549318 0.544718 -0.107518 -0.11355 -0.0957142 -0.105183 -0.10348 -0.114494 0.0846165 0.0860825 0.0930719 
0.393037 0.308957 0.465657 0.402598 0.434507 0.353369 0.00665323 0.00316311 0.00857071 0.00589077 0.00787679 0.00481175 0.0432276 0.0374125 0.0380336 
0.371823 0.289946 0.449508 0.381953 0.414682 0.333112 0.00785162 0.00572565 0.0128523 0.00970548 0.0105503 0.00696692 0.0446548 0.049892 0.049274 
0.536846 0.494139 0.517109 0.528293 0.529089 0.52535 -0.0288785 -0.0214514 -0.0162334 -0.0208807 -0.0223511 -0.026137 0.083178 0.0847424 0.0786517 
0.346843 0.263877 0.442426 0.3624 0.397157 0.306953 0.00789021 0.00459001 0.0061317 0.0061885 0.00777542 0.00621319 0.063276 0.066669 0.0675447 
0.35398 0.271018 0.485229 0.38918 0.422215 0.314285 -0.00489102 -0.00428314 -0.0250472 -0.0130444 -0.0132134 -0.00473935 0.0746094 0.0742423 0.07876 
0.346843 0.299795 0.168085 0.236663 0.263469 0.323558 0.00789021 0.00704678 0.00236931 0.00454517 0.00525122 0.00770666 0.063276 0.0586494 0.0633773 
0.371823 0.195295 0.289946 0.245552 0.333112 0.293023 0.00785162 0.00202276 0.00572565 0.00372873 0.00696692 0.00480349 0.0446548 0.0450845 0.049892 
0.346843 0.442535 0.299795 0.379239 0.323558 0.399271 0.00789021 0.011828 0.00704678 0.0100995 0.00770666 0.0100298 0.063276 0.0594586 0.0586494 
0.35398 0.285778 0.156332 0.223085 0.257689 0.318674 -0.00489102 0.00148601 0.000300962 0.000566763 -0.00121904 -0.00102345 0.0746094 0.0720641 0.073282 
0.346843 0.168085 0.263877 0.21733 0.306953 0.263469 0.00789021 0.00236931 0.00459001 0.00360038 0.00621319 0.00525122 0.063276 0.0633773 0.066669 
0.459457 0.337054 0.193255 0.269486 0.330949 0.395656 -0.0430777 -0.0179011 -0.00737438 -0.0131924 -0.0222299 -0.0288791 0.0712616 0.0728354 0.0674205 
0.35398 0.156332 0.271018 0.212069 0.314285 0.257689 -0.00489102 0.000300962 -0.00428314 -0.00121545 -0.00473935 -0.00121904 0.0746094 0.073282 0.0742423 
0.423508 0.299795 0.442535 0.379239 0.432983 0.367717 0.0121927 0.00704678 0.011828 0.0100995 0.0122136 0.00990848 0.0546498 0.0586494 0.0594586 
0.35398 0.454333 0.285778 0.377322 0.318674 0.408932 -0.00489102 -0.00615392 0.00148601 -0.00108681 -0.00102345 -0.00577644 0.0746094 0.0748724 0.0720641 
0.419681 0.285778 0.454333 0.377322 0.436566 0.358348 0.00172346 0.00148601 -0.00615392 -0.00108681 -0.00183727 0.00166358 0.0710812 0.0720641 0.0748724 
0.387443 0.461253 0.486198 0.475214 0.448573 0.429111 -0.00105382 -0.00175662 -0.000996975 -0.00153486 -0.00112272 -0.00143886 0.0104798 0.00566244 0.0125253 
0.499994 0.486198 0.461253 0.475214 0.489756 0.496228 -0.00172279 -0.000996975 -0.00175662 -0.00153486 -0.00180995 -0.00141734 0.00843521 0.0125253 0.00566244 
0.459457 0.548347 0.337054 0.457434 0.395656 0.512436 -0.0430777 -0.0582911 -0.0179011 -0.0365117 -0.0288791 -0.0520395 0.0712616 0.0787722 0.0728354 
0.482043 0.337054 0.548347 0.457434 0.514848 0.418759 -0.0338829 -0.0179011 -0.0582911 -0.0365117 -0.0453105 -0.0264045 0.0781281 0.0728354 0.0787722 
0.388577 0.465653 0.273969 0.376516 0.335085 0.428025 -0.0260184 -0.0495802 -0.0246975 -0.0394949 -0.0264547 -0.0373684 0.0936853 0.0952201 0.100664 
0.472769 0.360029 0.490742 0.438858 0.482921 0.424326 -0.00970992 -0.00179449 -0.001719 -0.00242158 -0.00556759 -0.00529485 0.0795254 0.0762536 0.0730573 
0.413175 0.490742 0.360029 0.438858 0.388657 0.458155 0.00255342 -0.001719 -0.00179449 -0.00242158 0.000271839 0.000873359 0.0683796 0.0730573 0.0762536 
0.463804 0.346951 0.475956 0.424701 0.470317 0.414254 0.00964476 0.00538971 0.0112138 0.00841249 0.0106295 0.00778423 0.0552655 0.0501123 0.0492296 
0.393037 0.475956 0.346951 0.424701 0.371247 0.440872 0.00665323 0.0112138 0.00538971 0.00841249 0.00617078 0.00907686 0.0432276 0.0492296 0.0501123 
0.502969 0.502127 0.449508 0.493522 0.48509 0.503991 0.0140859 0.0132386 0.0128523 0.0140259 0.0140911 0.0137826 0.051188 0.0473863 0.049274 
0.459457 0.376292 0.628919 0.527409 0.551614 0.421679 -0.0430777 -0.0312294 -0.0949627 -0.0616594 -0.0670801 -0.0379026 0.0712616 0.0650253 0.0707228 
0.514522 0.514597 0.442426 0.49844 0.489009 0.5158 -0.000709079 0.00248451 0.0061317 0.00452829 0.00326306 0.000904367 0.0717552 0.069306 0.0675447 
0.445375 0.448787 0.495367 0.478166 0.476918 0.447223 0.00578277 0.00869835 0.00728342 0.00828815 0.00671463 0.00722247 0.0328443 0.0385128 0.032221 
0.554724 0.543168 0.485229 0.537028 0.537522 0.548916 -0.0506269 -0.0420336 -0.0250472 -0.0351366 -0.0382177 -0.0463092 0.0867805 0.0866965 0.07876 
3.46516e-34 0.21288 0.291967 0.253949 0.161427 0.113493 -8.42389e-35 -0.000341495 -0.00026162 -0.000363417 -9.18208e-05 -7.92832e-05 0.0170128 0.0113032 0.0162895 
0.500816 0.495367 0.448787 0.478166 0.486285 0.498945 0.00959041 0.00728342 0.00869835 0.00828815 0.0096518 0.00849264 0.036175 0.032221 0.0385128 
1.67882e-34 3.46625e-34 0.217375 0.116669 0.116495 5.66186e-35 5.94564e-35 8.99582e-35 -0.000349603 -7.89227e-05 -8.3915e-05 1.49823e-34 0.0121429 0.0183978 0.0117438 
0.217375 3.46625e-34 0.297278 0.165421 0.259042 0.116669 -0.000349603 8.99582e-35 -0.000244812 -8.63159e-05 -0.000368915 -7.89227e-05 0.0117438 0.0183978 0.0173783 
0.472769 0.519795 0.494139 0.512436 0.483801 0.504234 -0.00970992 -0.00814149 -0.0214514 -0.0146733 -0.0152311 -0.00947107 0.0795254 0.0763385 0.0847424 
0.393037 0.202754 0.308957 0.259058 0.353369 0.309179 0.00665323 0.00154164 0.00316311 0.00244644 0.00481175 0.00388525 0.0432276 0.0429504 0.0374125 
0.523486 0.494139 0.519795 0.512436 0.523311 0.522143 -0.0124857 -0.0214514 -0.00814149 -0.0146733 -0.0102896 -0.0176466 0.0777273 0.0847424 0.0763385 
0.505016 0.492976 0.487756 0.509435 0.506432 0.500347 0.0124752 0.0111597 0.00833264 0.010078 0.0107479 0.0118977 0.0583598 0.061404 0.0615432 
0.500816 0.493387 0.465657 0.499038 0.49339 0.49858 0.00959041 0.0113932 0.00857071 0.0107339 0.00952365 0.0105723 0.036175 0.0402173 0.0380336 
0.0137815 -0.0215499 -0.0494715 -0.0344793 -0.0290628 -0.0163754 0.0194638 0.0588777 0.0358083 0.0480805 0.0336873 0.0472875 0.00336407 -0.00148842 0.00572817 
1.12535e-33 0.844231 0.843021 0.843854 0.513106 0.512382 1.01974e-33 -0.00208349 -0.00518813 -0.00325254 -0.00150606 -0.00102535 0.208674 0.230569 0.176187 
0.459457 0.193255 0.376292 0.279961 0.421679 0.330949 -0.0430777 -0.00737438 -0.0312294 -0.0169849 -0.0379026 -0.0222299 0.0712616 0.0674205 0.0650253 
0.301946 0.151038 0.195295 0.17396 0.251157 0.23206 0.00377036 0.00088673 0.00202276 0.00139551 0.00303843 0.00217897 0.0396133 0.039864 0.0450845 
0.393037 0.346951 0.202754 0.27943 0.309179 0.371247 0.00665323 0.00538971 0.00154164 0.0032984 0.00388525 0.00617078 0.0432276 0.0501123 0.0429504 
0.508463 0.449292 0.442426 0.445632 0.48615 0.487295 0.00757404 0.00952256 0.0061317 0.00784971 0.00697094 0.00902328 0.0652798 0.0637782 0.0675447 
0.536846 0.475896 0.485229 0.479691 0.524255 0.518697 -0.0288785 -0.0154853 -0.0250472 -0.0201554 -0.0281034 -0.0223132 0.083178 0.0776229 0.07876 
0.501542 0.461391 0.449508 0.455659 0.485863 0.488831 0.0129265 0.0116172 0.0128523 0.0123279 0.0135031 0.0127102 0.0437955 0.0439114 0.049274 
0.413175 0.360029 0.218107 0.29565 0.328768 0.388657 0.00255342 -0.00179449 0.000934015 0.000262188 0.00165996 0.000271839 0.0683796 0.0762536 0.068958 
2.75012e-34 0.270408 0.21288 0.242394 0.113928 0.148198 -2.90805e-35 -0.000660657 -0.000341495 -0.000500896 -0.000112255 -0.000207188 0.00581638 0.00675821 0.0113032 
0.523486 0.517109 0.494139 0.528293 0.522143 0.521382 -0.0124857 -0.0162334 -0.0214514 -0.0208807 -0.0176466 -0.0144661 0.0777273 0.0786517 0.0847424 
0.445375 0.355997 0.448787 0.408414 0.447223 0.405922 0.00578277 0.00389081 0.00869835 0.00622943 0.00722247 0.00495488 0.0328443 0.0348158 0.0385128 
0.301946 0.448787 0.355997 0.408414 0.33002 0.387072 0.00377036 0.00869835 0.00389081 0.00622943 0.00393033 0.00641285 0.0396133 0.0385128 0.0348158 
0.387443 0.440718 0.291967 0.377425 0.343253 0.415977 -0.00105382 9.72873e-05 -0.00026162 -0.000178902 -0.000626503 -0.000671846 0.0104798 0.0172704 0.0162895 
0.388577 0.273969 0.197239 0.239222 0.300137 0.335085 -0.0260184 -0.0246975 -0.00702037 -0.0146777 -0.0167878 -0.0264547 0.0936853 0.100664 0.0963986 
0.303766 0.594529 0.51615 0.56164 0.411357 0.46744 -0.105116 -0.134875 -0.139039 -0.13954 -0.124476 -0.128775 0.0668614 0.0747524 0.0627968 
3.46516e-34 1.64719e-34 0.21288 0.113672 0.113493 5.31758e-35 -8.42389e-35 -5.66947e-35 -0.000341495 -8.4758e-05 -7.92832e-05 -1.40534e-34 0.0170128 0.011466 0.0113032 
0.0137815 -0.0723685 0.0582361 -0.0318693 0.0350648 -0.0387924 0.0194638 0.0102605 -0.0226865 0.0036603 -0.00322383 0.0190244 0.00336407 0.0166511 0.0155243 
0.321544 0.197239 0.159247 0.180285 0.246519 0.262167 -0.0106144 -0.00702037 -0.00244422 -0.00443918 -0.00617912 -0.00973627 0.0892994 0.0963986 0.0901221 
0.436802 0.535086 0.410632 0.485441 0.424652 0.492522 -0.0615654 -0.0673429 -0.0715206 -0.072174 -0.0666043 -0.0661583 0.097834 0.0921336 0.098691 
0.352731 0.291967 0.440718 0.377425 0.401604 0.323389 0.000774648 -0.00026162 9.72873e-05 -0.000178902 0.000527951 0.000129362 0.022175 0.0162895 0.0172704 
0.252502 0.322562 0.0582361 0.169646 0.146109 0.286528 -0.0862085 -0.08427 -0.0226865 -0.0476736 -0.0544553 -0.0850312 0.0289768 0.0100152 0.0155243 
0.463804 0.50494 0.487756 0.499479 0.476696 0.49174 0.00964476 0.0128434 0.00833264 0.0109197 0.00921822 0.0114441 0.0552655 0.054856 0.0615432 
0.472769 0.494139 0.386477 0.44759 0.434682 0.483801 -0.00970992 -0.0214514 -0.00843876 -0.0149817 -0.00948691 -0.0152311 0.0795254 0.0847424 0.0831275 
0.505016 0.487756 0.50494 0.499479 0.506989 0.506432 0.0124752 0.00833264 0.0128434 0.0109197 0.0128348 0.0107479 0.0583598 0.0615432 0.054856 
0.308957 0.343719 0.465657 0.414665 0.402598 0.32676 0.00316311 0.0028942 0.00857071 0.00554472 0.00589077 0.00310668 0.0374125 0.0319106 0.0380336 
0.0174875 0.102904 0.269688 0.177677 0.125434 0.0581143 -0.0384369 -0.0603083 -0.0989393 -0.0795206 -0.0664874 -0.0496676 0.0519464 0.0666994 0.0495282 
0.995273 0.984214 0.745647 0.909134 0.91763 0.992198 -0.0348963 -0.0605144 -0.0317717 -0.0478334 -0.0390381 -0.0488132 0.0868126 0.0561238 0.0688078 
0.289946 0.336443 0.449508 0.400078 0.381953 0.314007 0.00572565 0.00836164 0.0128523 0.0109493 0.00970548 0.00709448 0.049892 0.0538006 0.049274 
0.443156 0.465657 0.343719 0.414665 0.399532 0.454787 0.00539755 0.00857071 0.0028942 0.00554472 0.00419236 0.00696953 0.0319337 0.0380336 0.0319106 
0.321544 0.386477 0.494139 0.44759 0.423127 0.35587 -0.0106144 -0.00843876 -0.0214514 -0.0149817 -0.017804 -0.00978997 0.0892994 0.0831275 0.0847424 
0.263877 0.317348 0.442426 0.386031 0.3624 0.290563 0.00459001 0.00384735 0.0061317 0.00490135 0.0061885 0.00451205 0.066669 0.06951 0.0675447 
0.271018 0.351689 0.485229 0.426641 0.38918 0.310075 -0.00428314 -0.0142738 -0.0250472 -0.0203519 -0.0130444 -0.00842616 0.0742423 0.075017 0.07876 
0.407241 0.382149 0.275678 0.333202 0.348655 0.395116 -0.00108178 -0.00127061 -0.000666063 -0.000973017 -0.000946115 -0.00124637 0.0113039 0.00421074 0.00717204 
0.423508 0.449508 0.336443 0.400078 0.383328 0.437168 0.0121927 0.0128523 0.00836164 0.0109493 0.0104936 0.0127053 0.0546498 0.049274 0.0538006 
0.419681 0.442426 0.317348 0.386031 0.371164 0.431313 0.00172346 0.0061317 0.00384735 0.00490135 0.00325195 0.00401366 0.0710812 0.0675447 0.06951 
0.482043 0.485229 0.351689 0.426641 0.421095 0.483217 -0.0338829 -0.0250472 -0.0142738 -0.0203519 -0.0232239 -0.0293479 0.0781281 0.07876 0.075017 
0.33241 0.218107 0.162962 0.191163 0.254662 0.279281 0.00357878 0.000934015 0.000837202 0.000911038 0.00205336 0.00198971 0.0623657 0.068958 0.062081 
0.387443 0.270408 0.377963 0.328355 0.382713 0.334051 -0.00105382 -0.000660657 -0.00127113 -0.000970382 -0.00121894 -0.000912826 0.0104798 0.00675821 0.00403883 
0.594529 0.27855 0.466356 0.378287 0.530698 0.447466 -0.134875 -0.0930647 -0.11355 -0.106612 -0.125612 -0.121747 0.0747524 0.0809283 0.0860825 
0.540349 0.322562 0.252502 0.286528 0.390364 0.439082 -0.138808 -0.08427 -0.0862085 -0.0850312 -0.114468 -0.116787 0.0297247 0.0100152 0.0289768 
-9.51787e-35 -1.21334e-34 -0.0723685 -0.0679644 -0.0597204 4.45467e-36 -3.99368e-35 -1.15289e-34 0.0102605 0.00405057 0.00681927 -1.71054e-34 0.0103804 0.024523 0.0166511 
0.407241 0.468431 0.382149 0.432188 0.395116 0.441904 -0.00108178 -0.00179438 -0.00127061 -0.00157184 -0.00124637 -0.00147537 0.0113039 0.00553746 0.00421074 
0.387443 0.377963 0.461253 0.425379 0.429111 0.382713 -0.00105382 -0.00127113 -0.00175662 -0.00155154 -0.00143886 -0.00121894 0.0104798 0.00403883 0.00566244 
0.463804 0.487756 0.384224 0.446379 0.429297 0.476696 0.00964476 0.00833264 0.00611245 0.00760976 0.00792462 0.00921822 0.0552655 0.0615432 0.0569194 
0.508463 0.495403 0.487756 0.491712 0.508853 0.51121 0.00757404 0.00425994 0.00833264 0.00668249 0.00822769 0.00586723 0.0652798 0.0673296 0.0615432 
0.33241 0.384224 0.487756 0.446379 0.429035 0.359765 0.00357878 0.00611245 0.00833264 0.00760976 0.00595133 0.00486076 0.0623657 0.0569194 0.0615432 
0.00226755 0.0582361 -0.0723685 -0.0318693 -0.0498626 0.0284475 -0.0269683 -0.0226865 0.0102605 0.0036603 -0.00341161 -0.0249374 0.0325017 0.0155243 0.0166511 
0.303766 0.269688 0.102904 0.177677 0.196936 0.28756 -0.105116 -0.0989393 -0.0603083 -0.0795206 -0.0831615 -0.103307 0.0668614 0.0495282 0.0666994 
1.64719e-34 2.75012e-34 0.21288 0.113928 0.113672 5.37318e-35 -5.66947e-35 -2.90805e-35 -0.000341495 -0.000112255 -8.4758e-05 -8.5273e-35 0.011466 0.00581638 0.0113032 
0.501542 0.477119 0.465657 0.471488 0.495257 0.498154 0.0129265 0.0106779 0.00857071 0.0097035 0.0111207 0.0121421 0.0437955 0.0435997 0.0380336 
0.376292 0.505286 0.628919 0.582583 0.527409 0.439658 -0.0312294 -0.0570754 -0.0949627 -0.0772957 -0.0616594 -0.043055 0.0650253 0.0623862 0.0707228 
8.6248e-34 1.12535e-33 0.843021 0.513106 0.509929 -4.15586e-35 7.9876e-34 1.01974e-33 -0.00518813 -0.00150606 -0.00209902 1.82407e-33 0.163668 0.208674 0.176187 
0.665208 0.628919 0.505286 0.582583 0.59817 0.646002 -0.10456 -0.0949627 -0.0570754 -0.0772957 -0.0809399 -0.100388 0.0632059 0.0707228 0.0623862 
0.273969 0.465653 0.304831 0.392824 0.289877 0.376516 -0.0246975 -0.0495802 -0.0407554 -0.0479033 -0.0323466 -0.0394949 0.100664 0.0952201 0.101776 
0.00226755 -0.0629244 0.0174875 -0.0381168 0.00877199 -0.0464118 -0.0269683 -0.00789641 -0.0384369 -0.0201631 -0.0340886 -0.0161322 0.0325017 0.0473183 0.0519464 
0.337054 0.123616 0.193255 0.156043 0.269486 0.230356 -0.0179011 -0.0022935 -0.00737438 -0.00454856 -0.0131924 -0.00824731 0.0728354 0.070321 0.0674205 
0.285778 0.113259 0.156332 0.134468 0.223085 0.201556 0.00148601 0.000654955 0.000300962 0.000469113 0.000566763 0.00133399 0.0720641 0.0719207 0.073282 
0.299795 0.127806 0.168085 0.148471 0.236663 0.21937 0.00704678 0.0013928 0.00236931 0.00183971 0.00454517 0.00395224 0.0586494 0.0595482 0.0633773 
0.271018 0.156332 0.113 0.134701 0.192049 0.212069 -0.00428314 0.000300962 -0.00037633 -0.000199249 -0.00174922 -0.00121545 0.0742423 0.073282 0.0734654 
0.263877 0.168085 0.119023 0.143513 0.194102 0.21733 0.00459001 0.00236931 0.00114122 0.00167323 0.00274716 0.00360038 0.066669 0.0633773 0.0669186 
0.289946 0.195295 0.137142 0.166555 0.218739 0.245552 0.00572565 0.00202276 0.00127177 0.00166544 0.00326482 0.00372873 0.049892 0.0450845 0.0503809 
0.708029 0.995273 0.745647 0.91763 0.730787 0.909716 -0.0139638 -0.0348963 -0.0317717 -0.0390381 -0.0209461 -0.0247595 0.107397 0.0868126 0.0688078 
0.482043 0.548347 0.562435 0.55939 0.533711 0.514848 -0.0338829 -0.0582911 -0.0557219 -0.0577514 -0.0451432 -0.0453105 0.0781281 0.0787722 0.0842937 
0.419681 0.454333 0.50077 0.481438 0.466869 0.436566 0.00172346 -0.00615392 -0.00331263 -0.00489174 -0.000405542 -0.00183727 0.0710812 0.0748724 0.0734107 
0.571803 0.562435 0.548347 0.55939 0.583217 0.573839 -0.079781 -0.0557219 -0.0582911 -0.0577514 -0.0718702 -0.0678227 0.0887707 0.0842937 0.0787722 
0.423508 0.442535 0.48941 0.469854 0.462149 0.432983 0.0121927 0.011828 0.0139753 0.013154 0.0135038 0.0122136 0.0546498 0.0594586 0.0547126 
0.523486 0.50077 0.454333 0.481438 0.501297 0.514092 -0.0124857 -0.00331263 -0.00615392 -0.00489174 -0.00959483 -0.00756721 0.0777273 0.0734107 0.0748724 
0.505016 0.48941 0.442535 0.469854 0.483584 0.498437 0.0124752 0.0139753 0.011828 0.013154 0.0126299 0.0134765 0.0583598 0.0547126 0.0594586 
0.482043 0.562435 0.485229 0.529819 0.483217 0.533711 -0.0338829 -0.0557219 -0.0250472 -0.0389486 -0.0293479 -0.0451432 0.0781281 0.0842937 0.07876 
0.419681 0.50077 0.442426 0.474213 0.431313 0.466869 0.00172346 -0.00331263 0.0061317 0.0024043 0.00401366 -0.000405542 0.0710812 0.0734107 0.0675447 
0.423508 0.48941 0.449508 0.471736 0.437168 0.462149 0.0121927 0.0139753 0.0128523 0.0139164 0.0127053 0.0135038 0.0546498 0.0547126 0.049274 
0.554724 0.485229 0.562435 0.529819 0.560118 0.537522 -0.0506269 -0.0250472 -0.0557219 -0.0389486 -0.0534655 -0.0382177 0.0867805 0.07876 0.0842937 
0.514522 0.442426 0.50077 0.474213 0.509374 0.489009 -0.000709079 0.0061317 -0.00331263 0.0024043 -0.00205456 0.00326306 0.0717552 0.0675447 0.0734107 
0.502969 0.449508 0.48941 0.471736 0.49808 0.48509 0.0140859 0.0128523 0.0139753 0.0139164 0.0141692 0.0140911 0.051188 0.049274 0.0547126 
-0.0353487 -0.0494715 -0.0215499 -0.0344793 -0.0292985 -0.0443994 0.037741 0.0358083 0.0588777 0.0480805 0.049418 0.0390783 0.00489831 0.00572817 -0.00148842 
2.79638e-34 0.217375 0.275678 0.247415 0.151459 0.11624 2.89957e-35 -0.000349603 -0.000666063 -0.000507307 -0.000207278 -0.000112064 0.00598904 0.0117438 0.00717204 
8.20875e-34 1.07216e-33 0.835641 0.514611 0.505081 1.08621e-34 -5.3354e-34 -2.98627e-34 -0.0207017 -0.00728541 -0.00481409 -7.82474e-34 0.110592 0.0531716 0.0791995 
0.536846 0.499482 0.494139 0.496842 0.52535 0.52964 -0.0288785 -0.0350364 -0.0214514 -0.0275515 -0.026137 -0.0333834 0.083178 0.0893906 0.0847424 
0.651757 0.73233 0.48528 0.647374 0.569352 0.711495 -0.0850219 -0.12822 -0.0508534 -0.0912089 -0.0671567 -0.109614 0.0511646 0.0559447 0.0564554 
0.665208 0.48528 0.73233 0.647374 0.700381 0.599083 -0.10456 -0.0508534 -0.12822 -0.0912089 -0.116495 -0.0796004 0.0632059 0.0564554 0.0559447 
0.989586 0.843021 0.844231 0.843854 0.978452 0.978207 -0.00465022 -0.00518813 -0.00208349 -0.00325254 -0.00375061 -0.00598342 0.198303 0.176187 0.230569 
0.201169 0.293317 0.466356 0.37684 0.333307 0.248769 -0.0669819 -0.0710888 -0.11355 -0.0935854 -0.0939343 -0.0700956 0.090921 0.0977374 0.0860825 
0.423508 0.336443 0.299795 0.318436 0.367717 0.383328 0.0121927 0.00836164 0.00704678 0.0077779 0.00990848 0.0104936 0.0546498 0.0538006 0.0586494 
0.419681 0.317348 0.285778 0.301652 0.358348 0.371164 0.00172346 0.00384735 0.00148601 0.00256283 0.00166358 0.00325195 0.0710812 0.06951 0.0720641 
0.482043 0.351689 0.337054 0.344142 0.418759 0.421095 -0.0338829 -0.0142738 -0.0179011 -0.0163376 -0.0264045 -0.0232239 0.0781281 0.075017 0.0728354 
0.436802 0.304831 0.465653 0.392824 0.452433 0.372597 -0.0615654 -0.0407554 -0.0495802 -0.0479033 -0.0554811 -0.0525668 0.097834 0.101776 0.0952201 
0.308957 0.202754 0.14524 0.174221 0.232934 0.259058 0.00316311 0.00154164 0.000624542 0.00103683 0.00171392 0.00244644 0.0374125 0.0429504 0.0368884 
0.445375 0.316039 0.355997 0.336924 0.405922 0.390588 0.00578277 0.00171527 0.00389081 0.00270752 0.00495488 0.0035934 0.0328443 0.0298135 0.0348158 
0.499537 0.440718 0.486198 0.467381 0.495051 0.482252 0.00104796 9.72873e-05 -0.000996975 -0.000460175 -0.000140831 0.000564242 0.0191654 0.0172704 0.0125253 
0.499537 0.486198 0.489455 0.499972 0.498472 0.495051 0.00104796 -0.000996975 -0.000599774 -0.00080456 0.000138957 -0.000140831 0.0191654 0.0125253 0.014476 
0.376292 0.193255 0.150144 0.1726 0.263443 0.279961 -0.0312294 -0.00737438 -0.00558192 -0.00674694 -0.016042 -0.0169849 0.0650253 0.0674205 0.0621896 
0.346951 0.153994 0.202754 0.179069 0.27943 0.259399 0.00538971 0.000971891 0.00154164 0.00127475 0.0032984 0.0028779 0.0501123 0.0491268 0.0429504 
0.880181 0.964419 0.84513 0.954209 0.868593 0.951551 -0.112431 -0.0834258 -0.0585603 -0.0837465 -0.0899225 -0.102597 0.00331156 0.0389896 0.0138638 
1.12535e-33 9.52584e-34 0.844231 0.513683 0.512382 -3.20991e-35 1.01974e-33 1.24676e-33 -0.00208349 -0.000703287 -0.00102535 2.26992e-33 0.208674 0.254562 0.230569 
-1.77737e-35 0.0308874 0.0609114 0.0430881 -0.0105915 -0.00697766 -4.32764e-34 -0.0190236 -0.0419251 -0.0300378 -0.0126566 -0.00583381 0.0823505 0.0903646 0.0786693 
0.35966 0.195168 0.316039 0.259815 0.33871 0.285428 0.000706861 0.000298569 0.00171527 0.00085199 0.00125812 0.000575633 0.0230689 0.0260763 0.0298135 
0.621991 0.540349 0.754418 0.668776 0.708462 0.579521 -0.142617 -0.138808 -0.15324 -0.153597 -0.154134 -0.140928 0.0215283 0.0297247 0.0414731 
0.463804 0.384224 0.346951 0.366128 0.414254 0.429297 0.00964476 0.00611245 0.00538971 0.00590505 0.00778423 0.00792462 0.0552655 0.0569194 0.0501123 
0.820167 0.621991 0.754418 0.708462 0.78638 0.746923 -0.14728 -0.142617 -0.15324 -0.154134 -0.151555 -0.152123 0.0321929 0.0215283 0.0414731 
0.571803 0.598521 0.495816 0.568278 0.54574 0.586037 -0.079781 -0.0873117 -0.0957142 -0.0961386 -0.0897824 -0.0839408 0.0887707 0.0841442 0.0930719 
0.593108 0.495816 0.598521 0.568278 0.600185 0.549318 -0.107518 -0.0957142 -0.0873117 -0.0961386 -0.0978504 -0.10348 0.0846165 0.0930719 0.0841442 
0.0137815 -0.0494715 -0.0723685 -0.0622402 -0.0387924 -0.0290628 0.0194638 0.0358083 0.0102605 0.0225737 0.0190244 0.0336873 0.00336407 0.00572817 0.0166511 
8.83024e-34 7.36294e-34 0.708029 0.406642 0.397087 2.15036e-34 4.05089e-34 5.90602e-34 -0.0139638 -0.00404168 -0.00554427 1.01399e-33 0.0861678 0.121621 0.107397 
0.360029 0.162282 0.218107 0.191119 0.29565 0.271616 -0.00179449 -0.000123479 0.000934015 0.000312789 0.000262188 -0.000770398 0.0762536 0.0760297 0.068958 
0.472769 0.386477 0.360029 0.374401 0.424326 0.434682 -0.00970992 -0.00843876 -0.00179449 -0.00468204 -0.00529485 -0.00948691 0.0795254 0.0831275 0.0762536 
0.502969 0.50494 0.475956 0.494718 0.500373 0.50538 0.0140859 0.0128434 0.0112138 0.0123541 0.0130633 0.0136304 0.051188 0.054856 0.0492296 
0.463804 0.475956 0.50494 0.494718 0.49174 0.470317 0.00964476 0.0112138 0.0128434 0.0123541 0.0114441 0.0106295 0.0552655 0.0492296 0.054856 
0.273969 0.122268 0.197239 0.159931 0.239222 0.200754 -0.0246975 -0.00534322 -0.00702037 -0.00639276 -0.0146777 -0.0141786 0.100664 0.102081 0.0963986 
0.352731 0.287465 0.184575 0.238248 0.276385 0.321558 0.000774648 0.00127623 0.00024138 0.000642477 0.000538723 0.00111836 0.022175 0.0277684 0.0242437 
0.894442 0.616927 0.928824 0.825618 0.91453 0.832785 -0.127944 -0.0508397 -0.106743 -0.0831552 -0.117757 -0.0935456 0.027048 0.0445904 0.0301399 
0.499189 0.493181 0.43413 0.470905 0.47931 0.496843 0.00484177 0.00674807 0.00344305 0.00509921 0.00438093 0.00582891 0.0272987 0.0312993 0.0274448 
0.407241 0.275678 0.217375 0.247415 0.325316 0.348655 -0.00108178 -0.000666063 -0.000349603 -0.000507307 -0.00073475 -0.000946115 0.0113039 0.00717204 0.0117438 
0.490463 0.409641 0.468431 0.44282 0.481064 0.460395 -0.00198762 -0.0014358 -0.00179438 -0.00165172 -0.00192033 -0.00175429 -2.48609e-05 -4.87679e-05 0.00553746 
0.406659 0.489096 0.461253 0.477288 0.436891 0.457938 -0.00143294 -0.0019938 -0.00175662 -0.00191165 -0.00163063 -0.00175243 5.12159e-05 2.66629e-05 0.00566244 
0.514522 0.519795 0.490742 0.508631 0.514254 0.519369 -0.000709079 -0.00814149 -0.001719 -0.00474315 -0.00154345 -0.00431765 0.0717552 0.0763385 0.0730573 
0.472769 0.490742 0.519795 0.508631 0.504234 0.482921 -0.00970992 -0.001719 -0.00814149 -0.00474315 -0.00947107 -0.00556759 0.0795254 0.0730573 0.0763385 
0.499537 0.489455 0.474042 0.482684 0.495278 0.498472 0.00104796 -0.000599774 0.0015399 0.000348664 0.00135141 0.000138957 0.0191654 0.014476 0.0216297 
2.79638e-34 1.67882e-34 0.217375 0.116495 0.11624 5.6079e-35 2.89957e-35 5.94564e-35 -0.000349603 -8.3915e-05 -0.000112064 8.89539e-35 0.00598904 0.0121429 0.0117438 
8.83024e-34 0.708029 0.745647 0.730787 0.43693 0.397087 4.05089e-34 -0.0139638 -0.0317717 -0.0209461 -0.0097783 -0.00554427 0.0861678 0.107397 0.0688078 
0.00226755 -0.0723685 -0.0745054 -0.0772342 -0.0570971 -0.0498626 -0.0269683 0.0102605 -0.00120928 0.0023016 -0.00923297 -0.00341161 0.0325017 0.0166511 0.0324132 
-1.21334e-34 -0.0745054 -0.0723685 -0.0772342 -0.0679644 -0.0537947 -1.15289e-34 -0.00120928 0.0102605 0.0023016 0.00405057 0.00120397 0.024523 0.0324132 0.0166511 
0.387443 0.291967 0.21288 0.253949 0.310092 0.343253 -0.00105382 -0.00026162 -0.000341495 -0.000363417 -0.000701757 -0.000626503 0.0104798 0.0162895 0.0113032 
0.499189 0.43413 0.477233 0.458456 0.491689 0.47931 0.00484177 0.00344305 0.00250601 0.00306612 0.00363472 0.00438093 0.0272987 0.0274448 0.0231596 
0.995273 0.84513 0.984214 0.963312 0.992198 0.969635 -0.0348963 -0.0585603 -0.0605144 -0.0694028 -0.0488132 -0.0519608 0.0868126 0.0138638 0.0561238 
0.387443 0.21288 0.270408 0.242394 0.334051 0.310092 -0.00105382 -0.000341495 -0.000660657 -0.000500896 -0.000912826 -0.000701757 0.0104798 0.0113032 0.00675821 
0.554724 0.535086 0.465653 0.502327 0.526778 0.550907 -0.0506269 -0.0673429 -0.0495802 -0.0587419 -0.0530846 -0.059425 0.0867805 0.0921336 0.0952201 
0.436802 0.465653 0.535086 0.502327 0.492522 0.452433 -0.0615654 -0.0495802 -0.0673429 -0.0587419 -0.0661583 -0.0554811 0.097834 0.0952201 0.0921336 
0.407241 0.217375 0.297278 0.259042 0.35766 0.325316 -0.00108178 -0.000349603 -0.000244812 -0.000368915 -0.000622764 -0.00073475 0.0113039 0.0117438 0.0173783 
0.489455 0.430223 0.474042 0.454872 0.482684 0.466393 -0.000599774 -7.63553e-05 0.0015399 0.000618356 0.000348664 -0.000307422 0.014476 0.0175979 0.0216297 
3.36828e-34 0.202136 0.316039 0.262421 0.178054 0.108294 1.52226e-34 0.00107377 0.00171527 0.00152009 0.00052729 0.000248702 0.0308469 0.0348402 0.0298135 
2.79638e-34 0.275678 0.182202 0.230929 0.0963255 0.151459 2.89957e-35 -0.000666063 -0.000320382 -0.000484617 -9.89415e-05 -0.000207278 0.00598904 0.00717204 0.00373812 
3.36828e-34 0.316039 0.195168 0.259815 0.103575 0.178054 1.52226e-34 0.00171527 0.000298569 0.00085199 0.000139097 0.00052729 0.0308469 0.0298135 0.0260763 
-9.51787e-35 -0.0723685 -0.0495027 -0.0666531 -0.0358239 -0.0597204 -3.99368e-35 0.0102605 0.0166205 0.0158536 0.00522581 0.00681927 0.0103804 0.0166511 0.00846382 
3.46516e-34 0.291967 0.201683 0.248786 0.107129 0.161427 -8.42389e-35 -0.00026162 7.4445e-05 -3.992e-05 -1.84387e-05 -9.18208e-05 0.0170128 0.0162895 0.020632 
0.894442 0.845406 0.616927 0.772475 0.832785 0.876066 -0.127944 -0.117326 -0.0508397 -0.08658 -0.0935456 -0.124092 0.027048 0.0366834 0.0445904 
0.407241 0.297278 0.430223 0.372542 0.419263 0.35766 -0.00108178 -0.000244812 -7.63553e-05 -0.000223731 -0.000712094 -0.000622764 0.0113039 0.0173783 0.0175979 
8.20875e-34 0.835641 0.702606 0.773506 0.405464 0.505081 -5.3354e-34 -0.0207017 -0.00764854 -0.0118427 -0.00261048 -0.00481409 0.110592 0.0791995 0.119906 
0.75 1 0.937299 0.984305 0.859269 0.9375 -3.52256e-37 -6.58793e-37 -0.000612574 -0.000458377 -0.000332011 -1.25867e-36 0.348269 0.347706 0.307664 
4.74235e-34 0.317351 0.48528 0.40841 0.239693 0.145083 2.2363e-34 -0.0217791 -0.0508534 -0.0358024 -0.0137077 -0.00529606 0.0514051 0.0498531 0.0564554 
0.835641 0.84513 0.995273 0.969635 0.969504 0.839467 -0.0207017 -0.0585603 -0.0348963 -0.0519608 -0.0333239 -0.0307335 0.0791995 0.0138638 0.0868126 
0.35966 0.430223 0.297278 0.372542 0.330135 0.398046 0.000706861 -7.63553e-05 -0.000244812 -0.000223731 0.00011479 0.000366742 0.0230689 0.0175979 0.0173783 
0.201169 0.0609114 0.0308874 0.0430881 0.101768 0.127941 -0.0669819 -0.0419251 -0.0190236 -0.0300378 -0.042195 -0.0556709 0.090921 0.0786693 0.0903646 
2.75012e-34 0.168367 0.270408 0.22177 0.148198 0.0884102 -2.90805e-35 -0.000284576 -0.000660657 -0.000461921 -0.000207188 -8.7798e-05 0.00581638 0.00373328 0.00675821 
9.52584e-34 0.706339 0.844231 0.780898 0.513683 0.4053 1.24676e-33 -0.000669761 -0.00208349 -0.00115256 -0.000703287 -0.000280812 0.254562 0.280314 0.230569 
4.85482e-34 5.58845e-34 0.616927 0.34679 0.318266 -2.18286e-35 1.72342e-34 1.89239e-34 -0.0508397 -0.0135621 -0.0143775 4.02738e-34 0.0389201 0.0420631 0.0445904 
0.201169 0.27855 0.0609114 0.158772 0.127941 0.237537 -0.0669819 -0.0930647 -0.0419251 -0.068149 -0.0556709 -0.0803337 0.090921 0.0809283 0.0786693 
0.984214 0.84513 0.964419 0.954209 0.975143 0.963312 -0.0605144 -0.0585603 -0.0834258 -0.0837465 -0.0719954 -0.0694028 0.0561238 0.0138638 0.0389896 
-1.77737e-35 0.0609114 -0.028574 0.00873419 -0.0277359 -0.0105915 -4.32764e-34 -0.0419251 -0.0177091 -0.0290286 -0.0058909 -0.0126566 0.0823505 0.0786693 0.0653697 
0.805849 0.745647 0.964419 0.899714 0.90856 0.782374 -0.0617016 -0.0317717 -0.0834258 -0.0573424 -0.074677 -0.0470721 0.046587 0.0688078 0.0389896 
0.445375 0.495367 0.466522 0.484113 0.45666 0.476918 0.00578277 0.00728342 0.00387291 0.00554576 0.00486406 0.00671463 0.0328443 0.032221 0.0274373 
0.499189 0.466522 0.495367 0.484113 0.5 0.494503 0.00484177 0.00387291 0.00728342 0.00554576 0.00610686 0.0045907 0.0272987 0.0274373 0.032221 
0.651757 0.48528 0.317351 0.40841 0.499357 0.569352 -0.0850219 -0.0508534 -0.0217791 -0.0358024 -0.0503243 -0.0671567 0.0511646 0.0564554 0.0498531 
0.665208 0.505286 0.48528 0.496495 0.599083 0.59817 -0.10456 -0.0570754 -0.0508534 -0.0545136 -0.0796004 -0.0809399 0.0632059 0.0623862 0.0564554 
0.805849 0.928824 0.616927 0.825618 0.715343 0.894094 -0.0617016 -0.106743 -0.0508397 -0.0831552 -0.0594522 -0.0845703 0.046587 0.0301399 0.0445904 
7.40767e-34 7.74228e-34 0.774585 0.457304 0.45619 1.69806e-34 -1.21683e-33 -9.95474e-34 -0.00164825 -0.00060665 -0.000466791 -2.21103e-33 0.25541 0.208834 0.233627 
4.74235e-34 0.48528 0.247484 0.361896 0.127613 0.239693 2.2363e-34 -0.0508534 -0.0146267 -0.0297853 -0.00428613 -0.0137077 0.0514051 0.0564554 0.0592665 
0.998657 0.937299 0.986662 0.995448 0.994198 0.98861 -0.00141843 -0.000612574 -0.000516225 -0.000629913 -0.000926113 -0.00105179 0.269604 0.307664 0.317661 
0.352731 0.184575 0.201683 0.193162 0.283531 0.276385 0.000774648 0.00024138 7.4445e-05 0.000165649 0.000328981 0.000538723 0.022175 0.0242437 0.020632 
0.998657 0.986662 0.749909 0.905269 0.927951 0.994198 -0.00141843 -0.000516225 -0.000460717 -0.000553197 -0.00095023 -0.000926113 0.269604 0.317661 0.305082 
0.499537 0.477233 0.440718 0.460906 0.482252 0.492481 0.00104796 0.00250601 9.72873e-05 0.00113044 0.000564242 0.00181383 0.0191654 0.0231596 0.0172704 
0.410632 0.213278 0.304831 0.260961 0.356943 0.312605 -0.0715206 -0.0398556 -0.0407554 -0.0411136 -0.0563912 -0.0579896 0.098691 0.102886 0.101776 
0.624604 0.269688 0.51615 0.399716 0.570152 0.455801 -0.151715 -0.0989393 -0.139039 -0.124337 -0.146052 -0.133049 0.0528403 0.0495282 0.0627968 
0.352731 0.440718 0.477233 0.460906 0.428327 0.401604 0.000774648 9.72873e-05 0.00250601 0.00113044 0.00161318 0.000527951 0.022175 0.0172704 0.0231596 
0.304831 0.213278 0.151237 0.183183 0.22744 0.260961 -0.0407554 -0.0398556 -0.0149748 -0.0265611 -0.0281683 -0.0411136 0.101776 0.102886 0.104415 
0.303766 0.51615 0.269688 0.399716 0.28756 0.411357 -0.105116 -0.139039 -0.0989393 -0.124337 -0.103307 -0.124476 0.0668614 0.0627968 0.0495282 
2.98761e-34 0.287465 0.195817 0.243748 0.103291 0.158268 -1.38278e-34 0.00127623 0.000858265 0.00114546 0.000186975 0.000351278 0.0281409 0.0277684 0.0323966 
1.03838e-34 -0.0215499 0.0224164 -0.0109989 -0.000136446 -0.00933577 9.05487e-35 0.0588777 0.045155 0.0599231 0.0537474 0.056935 -0.0238879 -0.00148842 -0.00928716 
0.352731 0.43413 0.287465 0.370996 0.321558 0.397049 0.000774648 0.00344305 0.00127623 0.00232984 0.00111836 0.00190832 0.022175 0.0274448 0.0277684 
1.07216e-33 0.84513 0.835641 0.839467 0.514611 0.544822 -2.98627e-34 -0.0585603 -0.0207017 -0.0307335 -0.00728541 -0.0302529 0.0531716 0.0138638 0.0791995 
1.42293e-34 0.122268 0.151237 0.139781 0.0819067 0.060558 -5.25283e-34 -0.00534322 -0.0149748 -0.00946346 -0.00409383 -0.00165947 0.105367 0.102081 0.104415 
5.58845e-34 0.401061 0.616927 0.524983 0.34679 0.202966 1.89239e-34 -0.0163128 -0.0508397 -0.0303928 -0.0135621 -0.00426883 0.0420631 0.0526188 0.0445904 
0.805849 0.616927 0.401061 0.524983 0.631463 0.715343 -0.0617016 -0.0508397 -0.0163128 -0.0303928 -0.0372931 -0.0594522 0.046587 0.0445904 0.0526188 
0.998657 0.844231 0.706339 0.780898 0.936019 0.96782 -0.00141843 -0.00208349 -0.000669761 -0.00115256 -0.00125044 -0.00202234 0.269604 0.230569 0.280314 
2.87276e-35 6.73901e-35 0.09274 0.0405104 0.0249957 -8.04065e-36 -4.89324e-34 -5.2577e-34 -0.0244408 -0.00718157 -0.00731629 -9.91006e-34 0.0966416 0.104631 0.0994328 
0.352731 0.201683 0.291967 0.248786 0.323389 0.283531 0.000774648 7.4445e-05 -0.00026162 -3.992e-05 0.000129362 0.000328981 0.022175 0.020632 0.0162895 
0.35966 0.201812 0.195168 0.198532 0.285428 0.288338 0.000706861 7.50331e-05 0.000298569 0.000184974 0.000575633 0.000318303 0.0230689 0.021981 0.0260763 
0.490463 0.468431 0.499974 0.492578 0.497874 0.481064 -0.00198762 -0.00179438 -0.00203708 -0.0019707 -0.00204019 -0.00192033 -2.48609e-05 0.00553746 0.00381246 
2.98761e-34 0.184575 0.287465 0.238248 0.158268 0.0975589 -1.38278e-34 0.00024138 0.00127623 0.000642477 0.000351278 9.88641e-05 0.0281409 0.0242437 0.0277684 
0.489096 0.499974 0.461253 0.489779 0.477288 0.496983 -0.0019938 -0.00203708 -0.00175662 -0.00196102 -0.00191165 -0.002046 2.66629e-05 0.00381246 0.00566244 
3.46625e-34 0.201812 0.297278 0.25191 0.165421 0.107564 8.99582e-35 7.50331e-05 -0.000244812 -3.04662e-05 -8.63159e-05 -1.58269e-05 0.0183978 0.021981 0.0173783 
-1.77737e-35 2.87276e-35 0.0308874 0.00614267 -0.00697766 -2.66236e-35 -4.32764e-34 -4.89324e-34 -0.0190236 -0.00546246 -0.00583381 -8.82841e-34 0.0823505 0.0966416 0.0903646 
-3.41898e-35 -0.0495027 -0.0143715 -0.0319099 -0.0110908 -0.0244619 -9.47832e-36 0.0166205 0.0132842 0.0163949 0.00399117 0.00552605 0.00353178 0.00846382 0.00553904 
0.0137815 0.0582361 0.322562 0.169646 0.131519 0.0350648 0.0194638 -0.0226865 -0.08427 -0.0476736 -0.025536 -0.00322383 0.00336407 0.0155243 0.0100152 
1.14066e-34 1.42293e-34 0.151237 0.0819067 0.071293 4.55815e-35 -5.36696e-34 -5.25283e-34 -0.0149748 -0.00409383 -0.00450563 -1.04932e-33 0.107366 0.105367 0.104415 
0.00226755 -0.0745054 -0.0629244 -0.0704101 -0.0464118 -0.0570971 -0.0269683 -0.00120928 -0.00789641 -0.00455872 -0.0161322 -0.00923297 0.0325017 0.0324132 0.0473183 
0.805849 0.401061 0.745647 0.582971 0.782374 0.631463 -0.0617016 -0.0163128 -0.0317717 -0.0243499 -0.0470721 -0.0372931 0.046587 0.0526188 0.0688078 
0.646281 0.616927 0.845406 0.772475 0.768981 0.635789 -0.0677516 -0.0508397 -0.117326 -0.08658 -0.0945497 -0.0598279 0.0428059 0.0445904 0.0366834 
1.08975e-33 0.84513 1.07216e-33 0.544822 2.99234e-34 0.563642 1.03674e-35 -0.0585603 -2.98627e-34 -0.0302529 -4.77989e-36 -0.080655 -0.071496 0.0138638 0.0531716 
0.273969 0.151237 0.122268 0.139781 0.200754 0.212836 -0.0246975 -0.0149748 -0.00534322 -0.00946346 -0.0141786 -0.0209671 0.100664 0.104415 0.102081 
0.499994 0.499974 0.468431 0.492578 0.492618 0.49998 -0.00172279 -0.00203708 -0.00179438 -0.0019707 -0.00183397 -0.00192722 0.00843521 0.00381246 0.00553746 
0.499994 0.461253 0.499974 0.489779 0.49998 0.489756 -0.00172279 -0.00175662 -0.00203708 -0.00196102 -0.00192722 -0.00180995 0.00843521 0.00566244 0.00381246 
9.53219e-34 8.20875e-34 0.702606 0.405464 0.400769 3.51279e-34 -7.70277e-34 -5.3354e-34 -0.00764854 -0.00261048 -0.00195252 -1.29378e-33 0.160824 0.110592 0.119906 
-8.45062e-35 -0.028574 -0.0629244 -0.0482798 -0.045332 -0.0391427 -3.2183e-34 -0.0177091 -0.00789641 -0.0126443 -0.00271274 -0.00462402 0.063781 0.0653697 0.0473183 
0.999388 0.995273 0.708029 0.909716 0.91949 0.997848 -0.014914 -0.0348963 -0.0139638 -0.0247595 -0.0174674 -0.0238127 0.130569 0.0868126 0.107397 
9.53219e-34 0.702606 0.834572 0.773313 0.506986 0.400769 -7.70277e-34 -0.00764854 -0.00640082 -0.00740679 -0.00210844 -0.00195252 0.160824 0.119906 0.157443 
0.820167 0.754418 0.770386 0.801048 0.82332 0.78638 -0.14728 -0.15324 -0.108237 -0.137274 -0.131981 -0.151555 0.0321929 0.0414731 0.0436684 
0.35966 0.297278 0.201812 0.25191 0.288338 0.330135 0.000706861 -0.000244812 7.50331e-05 -3.04662e-05 0.000318303 0.00011479 0.0230689 0.0173783 0.021981 
0.346845 0.322562 0.728113 0.522878 0.563058 0.335889 -0.0818885 -0.08427 -0.144615 -0.123543 -0.12376 -0.0822717 -0.00182727 0.0100152 0.0152158 
0.984214 0.964419 0.745647 0.899714 0.909134 0.975143 -0.0605144 -0.0834258 -0.0317717 -0.0573424 -0.0478334 -0.0719954 0.0561238 0.0389896 0.0688078 
1.03838e-34 -2.47105e-35 -0.0215499 -0.00827447 -0.00933577 8.17907e-35 9.05487e-35 6.21838e-35 0.0588777 0.0500392 0.056935 6.55847e-35 -0.0238879 0.00398028 -0.00148842 
0.999388 0.708029 0.648317 0.680037 0.904203 0.91949 -0.014914 -0.0139638 -0.0062616 -0.00909065 -0.0124992 -0.0174674 0.130569 0.107397 0.14108 
0.999388 0.835641 0.995273 0.969504 0.997848 0.963676 -0.014914 -0.0207017 -0.0348963 -0.0333239 -0.0238127 -0.021214 0.130569 0.0791995 0.0868126 
0.246007 0.182202 0.382149 0.294309 0.320452 0.215025 -0.000579257 -0.000320382 -0.00127061 -0.000790572 -0.000924873 -0.000454701 -5.21627e-05 0.00373812 0.00421074 
0.243771 0.377963 0.168367 0.286006 0.20725 0.317097 -0.000579349 -0.00127113 -0.000284576 -0.000767016 -0.000435402 -0.000925124 5.14628e-05 0.00403883 0.00373328 
0.387443 0.486198 0.440718 0.467381 0.415977 0.448573 -0.00105382 -0.000996975 9.72873e-05 -0.000460175 -0.000671846 -0.00112272 0.0104798 0.0125253 0.0172704 
7.36294e-34 0.648317 0.708029 0.680037 0.406642 0.362039 5.90602e-34 -0.0062616 -0.0139638 -0.00909065 -0.00404168 -0.00217491 0.121621 0.14108 0.107397 
0.388577 0.494139 0.499482 0.496842 0.450774 0.450504 -0.0260184 -0.0214514 -0.0350364 -0.0275515 -0.0319968 -0.0251764 0.0936853 0.0847424 0.0893906 
0.413175 0.487756 0.495403 0.491712 0.462597 0.457824 0.00255342 0.00833264 0.00425994 0.00668249 0.00326326 0.00529099 0.0683796 0.0615432 0.0673296 
7.74228e-34 0.644915 0.774585 0.713343 0.457304 0.363296 -9.95474e-34 -0.00217426 -0.00164825 -0.00194838 -0.00060665 -0.000564039 0.208834 0.191233 0.233627 
0.998657 0.749909 0.62459 0.690387 0.894783 0.927951 -0.00141843 -0.000460717 -0.000627619 -0.000563403 -0.00122079 -0.00095023 0.269604 0.305082 0.27014 
0.00226755 0.269688 0.252502 0.262107 0.107474 0.118329 -0.0269683 -0.0989393 -0.0862085 -0.0942776 -0.0524561 -0.0617611 0.0325017 0.0495282 0.0289768 
8.6248e-34 0.843021 0.648317 0.755297 0.366171 0.509929 7.9876e-34 -0.00518813 -0.0062616 -0.00605303 -0.00158339 -0.00209902 0.163668 0.176187 0.14108 
0.371823 0.449508 0.461391 0.455659 0.422617 0.414682 0.00785162 0.0128523 0.0116172 0.0123279 0.0100139 0.0105503 0.0446548 0.049274 0.0439114 
3.33117e-34 3.44824e-34 0.412549 0.213228 0.193975 5.3407e-35 2.08098e-34 1.80427e-34 -0.0324832 -0.00847783 -0.00772469 4.1819e-34 0.0449261 0.0389384 0.0463732 
0.999388 0.702606 0.835641 0.773506 0.963676 0.933641 -0.014914 -0.00764854 -0.0207017 -0.0118427 -0.021214 -0.0140723 0.130569 0.119906 0.0791995 
-3.41898e-35 -9.51787e-35 -0.0495027 -0.0358239 -0.0244619 -2.93817e-35 -9.47832e-36 -3.99368e-35 0.0166205 0.00522581 0.00552605 -6.63648e-35 0.00353178 0.0103804 0.00846382 
1.85188e-34 3.46516e-34 0.201683 0.107129 0.107153 6.87384e-35 -1.1136e-34 -8.42389e-35 7.4445e-05 -1.84387e-05 3.17004e-05 -1.95437e-34 0.0225616 0.0170128 0.020632 
0.75 0.749909 0.986662 0.905269 0.905288 0.749913 -4.0807e-37 -0.000460717 -0.000516225 -0.000553197 -0.000320987 -0.000249837 0.347195 0.305082 0.317661 
0.459457 0.606529 0.548347 0.577855 0.512436 0.551357 -0.0430777 -0.0859078 -0.0582911 -0.0714055 -0.0520395 -0.0651231 0.0712616 0.0775824 0.0787722 
0.35398 0.485229 0.475896 0.479691 0.421011 0.422215 -0.00489102 -0.0250472 -0.0154853 -0.0201554 -0.00980522 -0.0132134 0.0746094 0.07876 0.0776229 
0.346843 0.442426 0.449292 0.445632 0.402968 0.397157 0.00789021 0.0061317 0.00952256 0.00784971 0.00909919 0.00777542 0.063276 0.0675447 0.0637782 
0.624604 0.73233 0.754418 0.756628 0.690866 0.71464 -0.151715 -0.12822 -0.15324 -0.143329 -0.154626 -0.148199 0.0528403 0.0559447 0.0414731 
0.393037 0.465657 0.477119 0.471488 0.442484 0.434507 0.00665323 0.00857071 0.0106779 0.0097035 0.00879805 0.00787679 0.0432276 0.0380336 0.0435997 
0.287465 0.43413 0.343719 0.393789 0.316389 0.370996 0.00127623 0.00344305 0.0028942 0.0033638 0.00200571 0.00232984 0.0277684 0.0274448 0.0319106 
0.499994 0.489455 0.486198 0.499972 0.496228 0.497668 -0.00172279 -0.000599774 -0.000996975 -0.00080456 -0.00141734 -0.00127001 0.00843521 0.014476 0.0125253 
0.624604 0.502591 0.269688 0.381426 0.455801 0.571074 -0.151715 -0.138053 -0.0989393 -0.119638 -0.133049 -0.148067 0.0528403 0.0392399 0.0495282 
0.500816 0.448787 0.493387 0.475811 0.49858 0.486285 0.00959041 0.00869835 0.0113932 0.010229 0.0105723 0.0096518 0.036175 0.0385128 0.0402173 
-1.41875e-35 -3.41898e-35 -0.0143715 -0.0110908 -0.00174351 2.12661e-37 -1.13313e-35 -9.47832e-36 0.0132842 0.00399117 0.00179187 -4.48728e-35 0.0055298 0.00353178 0.00553904 
0.371823 0.461391 0.448787 0.455334 0.41445 0.422617 0.00785162 0.0116172 0.00869835 0.0102193 0.00859731 0.0100139 0.0446548 0.0439114 0.0385128 
0.346845 0.103294 0.0224164 0.0509412 0.131892 0.218073 -0.0818885 0.00161238 0.045155 0.0318337 -0.010031 -0.0422711 -0.00182727 -0.0294453 -0.00928716 
-1.41875e-35 -0.0143715 -3.66503e-35 -0.00431765 -5.4184e-35 -0.00174351 -1.13313e-35 0.0132842 1.91537e-35 0.0097685 -2.98977e-36 0.00179187 0.0055298 0.00553904 0.00784458 
0.443156 0.343719 0.43413 0.393789 0.438608 0.399532 0.00539755 0.0028942 0.00344305 0.0033638 0.00439238 0.00419236 0.0319337 0.0319106 0.0274448 
0.646281 0.303667 0.616927 0.459375 0.635789 0.48897 -0.0677516 -0.0161658 -0.0508397 -0.0305641 -0.0598279 -0.0388975 0.0428059 0.0414993 0.0445904 
0.624604 0.754418 0.502591 0.646421 0.571074 0.690866 -0.151715 -0.15324 -0.138053 -0.153702 -0.148067 -0.154626 0.0528403 0.0414731 0.0392399 
0.407241 0.430223 0.489455 0.466393 0.458635 0.419263 -0.00108178 -7.63553e-05 -0.000599774 -0.000307422 -0.000977719 -0.000712094 0.0113039 0.0175979 0.014476 
9.52584e-34 6.96059e-34 0.706339 0.405707 0.4053 3.06609e-34 1.24676e-33 1.4764e-33 -0.000669761 -0.000168346 -0.000280812 2.72422e-33 0.254562 0.301228 0.280314 
0.346843 0.449292 0.442535 0.445672 0.399271 0.402968 0.00789021 0.00952256 0.011828 0.0109057 0.0100298 0.00909919 0.063276 0.0637782 0.0594586 
0.998657 0.996998 0.844231 0.971183 0.96782 0.997855 -0.00141843 -0.00270815 -0.00208349 -0.00269961 -0.00202234 -0.00208862 0.269604 0.233089 0.230569 
0.35398 0.475896 0.454333 0.464493 0.408932 0.421011 -0.00489102 -0.0154853 -0.00615392 -0.0103268 -0.00577644 -0.00980522 0.0746094 0.0776229 0.0748724 
0.999388 0.648317 0.843021 0.755297 0.957175 0.904203 -0.014914 -0.0062616 -0.00518813 -0.00605303 -0.00987357 -0.0124992 0.130569 0.14108 0.176187 
0.505016 0.442535 0.492976 0.471384 0.500347 0.483584 0.0124752 0.011828 0.0111597 0.0118183 0.0118977 0.0126299 0.0583598 0.0594586 0.061404 
4.74235e-34 3.33117e-34 0.317351 0.158789 0.145083 8.5522e-35 2.2363e-34 2.08098e-34 -0.0217791 -0.00582277 -0.00529606 4.75594e-34 0.0514051 0.0449261 0.0498531 
-0.0353487 -0.0143715 -0.0495027 -0.0319099 -0.0442302 -0.0263586 0.037741 0.0132842 0.0166205 0.0163949 0.0274167 0.0259621 0.00489831 0.00553904 0.00846382 
0.346845 0.120279 0.322562 0.216003 0.335889 0.214889 -0.0818885 -0.0112532 -0.08427 -0.0495663 -0.0822717 -0.0432902 -0.00182727 -0.00242137 0.0100152 
0.459457 0.628919 0.606529 0.617596 0.551357 0.551614 -0.0430777 -0.0949627 -0.0859078 -0.0907865 -0.0651231 -0.0670801 0.0712616 0.0707228 0.0775824 
0.523486 0.454333 0.517109 0.490767 0.521382 0.501297 -0.0124857 -0.00615392 -0.0162334 -0.0108878 -0.0144661 -0.00959483 0.0777273 0.0748724 0.0786517 
0.571803 0.548347 0.598521 0.585464 0.586037 0.583217 -0.079781 -0.0582911 -0.0873117 -0.0735001 -0.0839408 -0.0718702 0.0887707 0.0787722 0.0841442 
0.989586 0.844231 0.996998 0.971183 0.993858 0.978452 -0.00465022 -0.00208349 -0.00270815 -0.00269961 -0.00345411 -0.00375061 0.198303 0.230569 0.233089 
0.998657 0.62459 0.774585 0.704253 0.934734 0.894783 -0.00141843 -0.000627619 -0.00164825 -0.000985004 -0.00180452 -0.00122079 0.269604 0.27014 0.233627 
0.894442 0.728113 0.845406 0.850331 0.876066 0.837763 -0.127944 -0.144615 -0.117326 -0.142894 -0.124092 -0.143162 0.027048 0.0152158 0.0366834 
0.0174875 -0.0629244 -0.028574 -0.0482798 -0.0124145 -0.0381168 -0.0384369 -0.00789641 -0.0177091 -0.0126443 -0.0278987 -0.0201631 0.0519464 0.0473183 0.0653697 
1.03838e-34 0.0224164 0.103294 0.0509412 0.00942344 -0.000136446 9.05487e-35 0.045155 0.00161238 0.0318337 0.0389888 0.0537474 -0.0238879 -0.00928716 -0.0294453 
0.594529 0.634359 0.628919 0.645118 0.656859 0.623198 -0.134875 -0.115064 -0.0949627 -0.107513 -0.122254 -0.12652 0.0747524 0.0781686 0.0707228 
4.85482e-34 0.616927 0.303667 0.459375 0.160497 0.318266 1.72342e-34 -0.0508397 -0.0161658 -0.0305641 -0.00529622 -0.0143775 0.0389201 0.0445904 0.0414993 
0.665208 0.73233 0.670646 0.712165 0.695863 0.700381 -0.10456 -0.12822 -0.142293 -0.138596 -0.127802 -0.116495 0.0632059 0.0559447 0.0647255 
0.624604 0.670646 0.73233 0.712165 0.71464 0.654111 -0.151715 -0.142293 -0.12822 -0.138596 -0.148199 -0.149156 0.0528403 0.0647255 0.0559447 
0.443156 0.43413 0.493181 0.470905 0.474166 0.438608 0.00539755 0.00344305 0.00674807 0.00509921 0.00622333 0.00439238 0.0319337 0.0274448 0.0312993 
2.87276e-35 0.09274 0.0308874 0.0608366 0.00614267 0.0249957 -4.89324e-34 -0.0244408 -0.0190236 -0.0220155 -0.00546246 -0.00731629 0.0966416 0.0994328 0.0903646 
0.0137815 0.322562 0.120279 0.216003 0.0582849 0.131519 0.0194638 -0.08427 -0.0112532 -0.0495663 0.00931517 -0.025536 0.00336407 0.0100152 -0.00242137 
0.393037 0.477119 0.475956 0.476533 0.440872 0.442484 0.00665323 0.0106779 0.0112138 0.011073 0.00907686 0.00879805 0.0432276 0.0435997 0.0492296 
0.270408 0.168367 0.377963 0.286006 0.328355 0.22177 -0.000660657 -0.000284576 -0.00127113 -0.000767016 -0.000970382 -0.000461921 0.00675821 0.00373328 0.00403883 
0.275678 0.382149 0.182202 0.294309 0.230929 0.333202 -0.000666063 -0.00127061 -0.000320382 -0.000790572 -0.000484617 -0.000973017 0.00717204 0.00421074 0.00373812 
6.39042e-34 8.83024e-34 0.745647 0.43693 0.415691 3.6797e-35 2.70973e-34 4.05089e-34 -0.0317717 -0.0097783 -0.0122153 7.01962e-34 0.0584403 0.0861678 0.0688078 
0.75 0.437596 0.749909 0.609305 0.749913 0.609435 -4.0807e-37 -8.46451e-05 -0.000460717 -0.000203522 -0.000249837 -7.81171e-05 0.347195 0.324284 0.305082 
0.409641 0.382149 0.468431 0.432188 0.44282 0.39635 -0.0014358 -0.00127061 -0.00179438 -0.00157184 -0.00165172 -0.0013631 -4.87679e-05 0.00421074 0.00553746 
0.406659 0.461253 0.377963 0.425379 0.39279 0.436891 -0.00143294 -0.00175662 -0.00127113 -0.00155154 -0.001361 -0.00163063 5.12159e-05 0.00566244 0.00403883 
0.820167 0.845406 0.728113 0.850331 0.790344 0.847771 -0.14728 -0.117326 -0.144615 -0.142894 -0.149724 -0.135503 0.0321929 0.0366834 0.0152158 
0.413175 0.495403 0.490742 0.493492 0.458155 0.462597 0.00255342 0.00425994 -0.001719 0.0014492 0.000873359 0.00326326 0.0683796 0.0673296 0.0730573 
0.998657 0.706339 0.937299 0.843072 0.98861 0.936019 -0.00141843 -0.000669761 -0.000612574 -0.000738136 -0.00105179 -0.00125044 0.269604 0.280314 0.307664 
3.46625e-34 1.91102e-34 0.201812 0.107521 0.107564 7.93733e-35 8.99582e-35 1.20918e-34 7.50331e-05 3.16085e-05 -1.58269e-05 2.11041e-34 0.0183978 0.0246542 0.021981 
0.502969 0.475956 0.502127 0.49339 0.503991 0.500373 0.0140859 0.0112138 0.0132386 0.0124473 0.0137826 0.0130633 0.051188 0.0492296 0.0473863 
0.989586 0.99942 0.843021 0.965397 0.978207 0.996157 -0.00465022 -0.0083912 -0.00518813 -0.00745207 -0.00598342 -0.00658922 0.198303 0.165553 0.176187 
0.388577 0.499482 0.465653 0.485155 0.428025 0.450774 -0.0260184 -0.0350364 -0.0495802 -0.0422557 -0.0373684 -0.0319968 0.0936853 0.0893906 0.0952201 
7.36294e-34 8.6248e-34 0.648317 0.366171 0.362039 3.64311e-34 5.90602e-34 7.9876e-34 -0.0062616 -0.00158339 -0.00217491 1.39714e-33 0.121621 0.163668 0.14108 
0.409641 0.246007 0.382149 0.320452 0.39635 0.338175 -0.0014358 -0.000579257 -0.00127061 -0.000924873 -0.0013631 -0.00101442 -4.87679e-05 -5.21627e-05 0.00421074 
0.243771 0.406659 0.377963 0.39279 0.317097 0.335273 -0.000579349 -0.00143294 -0.00127113 -0.001361 -0.000925124 -0.0010162 5.14628e-05 5.12159e-05 0.00403883 
0.651757 0.317351 0.412549 0.363286 0.550655 0.499357 -0.0850219 -0.0217791 -0.0324832 -0.0267678 -0.0583338 -0.0503243 0.0511646 0.0498531 0.0463732 
-3.2603e-34 0.586454 6.96059e-34 0.325014 4.9036e-34 0.325164 8.53655e-34 -0.000190181 1.4764e-33 -7.11407e-05 3.18388e-33 -3.85645e-05 0.348305 0.31747 0.301228 
6.96059e-34 0.586454 0.706339 0.649025 0.405707 0.325014 1.4764e-33 -0.000190181 -0.000669761 -0.000361161 -0.000168346 -7.11407e-05 0.301228 0.31747 0.280314 
0.499994 0.468431 0.479473 0.474274 0.495294 0.492618 -0.00172279 -0.00179438 -0.0014341 -0.00168942 -0.00159895 -0.00183397 0.00843521 0.00553746 0.0101229 
0.407241 0.479473 0.468431 0.474274 0.441904 0.449868 -0.00108178 -0.0014341 -0.00179438 -0.00168942 -0.00147537 -0.00128472 0.0113039 0.0101229 0.00553746 
7.27602e-34 0.62459 0.749909 0.690387 0.437502 0.349624 -1.43571e-33 -0.000627619 -0.000460717 -0.000563403 -0.000138031 -0.000152528 0.301444 0.27014 0.305082 
1 0.75 0.986662 0.905288 0.99666 0.9375 -6.58793e-37 -4.0807e-37 -0.000516225 -0.000320987 -0.000366789 -1.09732e-36 0.347706 0.347195 0.317661 
0.999388 0.843021 0.99942 0.965397 0.999785 0.957175 -0.014914 -0.00518813 -0.0083912 -0.00745207 -0.0108752 -0.00987357 0.130569 0.176187 0.165553 
2.00098e-34 2.03736e-34 0.216368 0.116724 0.115385 8.73573e-35 -4.30847e-34 -3.93681e-34 -0.00198302 -0.000379301 -0.000635731 -8.22583e-34 0.0870483 0.0796336 0.0831339 
0.514522 0.490742 0.514597 0.507886 0.5158 0.514254 -0.000709079 -0.001719 0.00248451 0.000423793 0.000904367 -0.00154345 0.0717552 0.0730573 0.069306 
1.97976e-34 1.94914e-34 0.212258 0.112273 0.113532 8.46767e-35 -2.88437e-34 -2.56203e-34 0.00178096 0.000495137 0.00048257 -5.46086e-34 0.0585326 0.0520096 0.0557573 
0.989586 0.774585 0.644915 0.713343 0.87869 0.916583 -0.00465022 -0.00164825 -0.00217426 -0.00194838 -0.00399079 -0.00313068 0.198303 0.233627 0.191233 
1.65009e-34 1.61785e-34 0.180305 0.0942085 0.095985 7.05442e-35 2.61321e-34 2.83987e-34 0.00252824 0.00069763 0.000684071 5.43277e-34 0.0531367 0.0577478 0.0548741 
1.4118e-34 1.39172e-34 0.159618 0.0814667 0.082693 5.89879e-35 3.37133e-34 3.49233e-34 0.0016881 0.000449244 0.000538481 6.85119e-34 0.0686288 0.0711213 0.0696207 
1.33424e-34 1.39305e-34 0.164709 0.0814908 0.0800398 5.19433e-35 3.56976e-34 3.47854e-34 -0.0023649 -0.000625381 -0.000346719 7.07171e-34 0.0728731 0.0711255 0.0728406 
-1.03113e-34 -8.45062e-35 -0.0629244 -0.045332 -0.0514916 -6.65275e-35 -2.13061e-34 -3.2183e-34 -0.00789641 -0.00271274 -0.00176624 -5.2578e-34 0.042856 0.063781 0.0473183 
0.540349 0.621991 0.322562 0.477855 0.439082 0.579521 -0.138808 -0.142617 -0.08427 -0.11982 -0.116787 -0.140928 0.0297247 0.0215283 0.0100152 
1.80074e-34 4.74235e-34 0.247484 0.127613 0.116855 7.18078e-35 2.80862e-34 2.2363e-34 -0.0146267 -0.00428613 -0.00357829 5.39195e-34 0.0580419 0.0514051 0.0592665 
1.72837e-34 2.98761e-34 0.195817 0.103291 0.103837 8.07961e-35 -1.66788e-34 -1.38278e-34 0.000858265 0.000186975 0.000240552 -3.06179e-34 0.0338322 0.0281409 0.0323966 
0.35966 0.466522 0.474042 0.470506 0.428269 0.422614 0.000706861 0.00387291 0.0015399 0.00265461 0.00118222 0.00206558 0.0230689 0.0274373 0.0216297 
0.937299 0.706339 0.586454 0.649025 0.800416 0.843072 -0.000612574 -0.000669761 -0.000190181 -0.000361161 -0.000405401 -0.000738136 0.307664 0.280314 0.31747 
0.554724 0.465653 0.543168 0.518372 0.548916 0.526778 -0.0506269 -0.0495802 -0.0420336 -0.0476591 -0.0463092 -0.0530846 0.0867805 0.0952201 0.0866965 
1 0.986662 0.937299 0.995448 0.984305 0.99666 -6.58793e-37 -0.000516225 -0.000612574 -0.000629913 -0.000458377 -0.000366789 0.347706 0.317661 0.307664 
-1.21334e-34 -1.03113e-34 -0.0745054 -0.0533178 -0.0537947 -7.00035e-35 -1.15289e-34 -2.13061e-34 -0.00120928 -0.000362111 0.00120397 -3.29586e-34 0.024523 0.042856 0.0324132 
6.39042e-34 0.745647 0.401061 0.582971 0.216002 0.415691 2.70973e-34 -0.0317717 -0.0163128 -0.0243499 -0.00513808 -0.0122153 0.0584403 0.0688078 0.0526188 
-3.2603e-34 0.75 0.586454 0.673373 0.325164 0.4375 8.53655e-34 -3.52256e-37 -0.000190181 -0.000124969 -3.85645e-05 -1.0633e-37 0.348305 0.348269 0.31747 
1.80169e-34 1.75035e-34 0.195295 0.103183 0.104598 7.04888e-35 2.0978e-34 2.36591e-34 0.00202276 0.000598417 0.000535593 4.44747e-34 0.0426595 0.0481044 0.0450845 
3.36828e-34 1.81701e-34 0.202136 0.107618 0.108294 7.39924e-35 1.52226e-34 1.81272e-34 0.00107377 0.000310955 0.000248702 3.3192e-34 0.0308469 0.0368938 0.0348402 
1.53387e-34 1.47943e-34 0.168085 0.0869298 0.0886291 6.49253e-35 3.04166e-34 3.221e-34 0.00236931 0.000652762 0.000692599 6.24371e-34 0.0618669 0.065536 0.0633773 
1.34501e-34 1.32906e-34 0.156332 0.0784681 0.0788205 5.45232e-35 3.56848e-34 3.59944e-34 0.000300962 0.000118058 0.000268159 7.16859e-34 0.0727118 0.0733878 0.073282 
1.49199e-34 1.62028e-34 0.193255 0.0953637 0.0904631 5.62528e-35 3.31398e-34 3.08308e-34 -0.00737438 -0.00197624 -0.00153532 6.46289e-34 0.0679515 0.0634079 0.0674205 
1.69946e-34 1.91006e-34 0.197239 0.10771 0.102565 7.51773e-35 -5.00293e-34 -4.67307e-34 -0.00702037 -0.0018286 -0.0022229 -9.61413e-34 0.100696 0.0941622 0.0963986 
2.03707e-34 2.02924e-34 0.218107 0.116238 0.116837 8.89009e-35 -3.5717e-34 -3.22116e-34 0.000934015 0.000292149 0.000164958 -6.7988e-34 0.0723507 0.0653101 0.068958 
1.89245e-34 1.84124e-34 0.202754 0.106998 0.108092 8.18167e-35 -2.25279e-34 -1.95518e-34 0.00154164 0.000395959 0.000439469 -4.22024e-34 0.0457355 0.0396887 0.0429504 
0.646281 0.770386 0.412549 0.622565 0.531007 0.721552 -0.0677516 -0.108237 -0.0324832 -0.0696615 -0.0495507 -0.0883497 0.0428059 0.0436684 0.0463732 
0.594529 0.466356 0.634359 0.574007 0.623198 0.530698 -0.134875 -0.11355 -0.115064 -0.121137 -0.12652 -0.125612 0.0747524 0.0860825 0.0781686 
0.593108 0.634359 0.466356 0.574007 0.544718 0.614642 -0.107518 -0.115064 -0.11355 -0.121137 -0.114494 -0.111856 0.0846165 0.0781686 0.0860825 
0.651757 0.770386 0.754418 0.801048 0.769569 0.713429 -0.0850219 -0.108237 -0.15324 -0.137274 -0.128296 -0.0972769 0.0511646 0.0436684 0.0414731 
0.346845 0.0224164 0.120279 0.0656208 0.214889 0.131892 -0.0818885 0.045155 -0.0112532 0.0169527 -0.0432902 -0.010031 -0.00182727 -0.00928716 -0.00242137 
0.499994 0.479473 0.489455 0.484898 0.497668 0.495294 -0.00172279 -0.0014341 -0.000599774 -0.00107033 -0.00127001 -0.00159895 0.00843521 0.0101229 0.014476 
-4.08683e-34 7.27602e-34 0.437596 0.234461 0.234401 6.19402e-34 -8.26523e-34 -1.43571e-33 -8.46451e-05 -5.16391e-05 -2.43929e-05 -3.08854e-33 0.347131 0.301444 0.324284 
0.999388 0.834572 0.702606 0.773313 0.933641 0.962446 -0.014914 -0.00640082 -0.00764854 -0.00740679 -0.0140723 -0.0112013 0.130569 0.157443 0.119906 
0.201169 0.0308874 0.09274 0.0608366 0.140333 0.101768 -0.0669819 -0.0190236 -0.0244408 -0.0220155 -0.0452602 -0.042195 0.090921 0.0903646 0.0994328 
0.651757 0.412549 0.770386 0.622565 0.713429 0.550655 -0.0850219 -0.0324832 -0.108237 -0.0696615 -0.0972769 -0.0583338 0.0511646 0.0463732 0.0436684 
0.407241 0.489455 0.479473 0.484898 0.449868 0.458635 -0.00108178 -0.000599774 -0.0014341 -0.00107033 -0.00128472 -0.000977719 0.0113039 0.014476 0.0101229 
-8.45062e-35 -1.77737e-35 -0.028574 -0.0277359 -0.0391427 -3.874e-35 -3.2183e-34 -4.32764e-34 -0.0177091 -0.0058909 -0.00462402 -7.19373e-34 0.063781 0.0823505 0.0653697 
7.27602e-34 0.749909 0.437596 0.609305 0.234461 0.437502 -1.43571e-33 -0.000460717 -8.46451e-05 -0.000203522 -5.16391e-05 -0.000138031 0.301444 0.305082 0.324284 
2.00098e-34 0.216368 0.159247 0.188487 0.0847516 0.115385 -4.30847e-34 -0.00198302 -0.00244422 -0.00233015 -0.000587325 -0.000635731 0.0870483 0.0831339 0.0901221 
0.75 0.937299 0.586454 0.800416 0.673373 0.859269 -3.52256e-37 -0.000612574 -0.000190181 -0.000405401 -0.000124969 -0.000332011 0.348269 0.307664 0.31747 
0.321544 0.159247 0.216368 0.188487 0.273603 0.246519 -0.0106144 -0.00244422 -0.00198302 -0.00233015 -0.00546229 -0.00617912 0.0892994 0.0901221 0.0831339 
1.97976e-34 0.212258 0.162962 0.188407 0.0848619 0.113532 -2.88437e-34 0.00178096 0.000837202 0.00128202 0.000251185 0.00048257 0.0585326 0.0557573 0.062081 
0.0137815 0.120279 0.0224164 0.0656208 0.0225596 0.0582849 0.0194638 -0.0112532 0.045155 0.0169527 0.0337518 0.00931517 0.00336407 -0.00242137 -0.00928716 
7.27602e-34 7.40767e-34 0.62459 0.350017 0.349624 4.3035e-34 -1.43571e-33 -1.21683e-33 -0.000627619 -0.000230069 -0.000152528 -2.65186e-33 0.301444 0.25541 0.27014 
0.33241 0.162962 0.212258 0.188407 0.2758 0.254662 0.00357878 0.000837202 0.00178096 0.00128202 0.00278862 0.00205336 0.0623657 0.062081 0.0557573 
1.91102e-34 3.36828e-34 0.195168 0.103575 0.10381 8.72999e-35 1.20918e-34 1.52226e-34 0.000298569 0.000139097 6.03675e-05 2.72066e-34 0.0246542 0.0308469 0.0260763 
7.74228e-34 9.53219e-34 0.644915 0.364859 0.363296 4.15209e-34 -9.95474e-34 -7.70277e-34 -0.00217426 -0.00104724 -0.000564039 -1.76116e-33 0.208834 0.160824 0.191233 
0.0609114 0.27855 0.102904 0.18859 0.0793238 0.158772 -0.0419251 -0.0930647 -0.0603083 -0.0784405 -0.0512163 -0.068149 0.0786693 0.0809283 0.0666994 
0.651757 0.754418 0.73233 0.756628 0.711495 0.769569 -0.0850219 -0.15324 -0.12822 -0.143329 -0.109614 -0.128296 0.0511646 0.0414731 0.0559447 
0.646281 0.412549 0.303667 0.363231 0.48897 0.531007 -0.0677516 -0.0324832 -0.0161658 -0.0237427 -0.0388975 -0.0495507 0.0428059 0.0463732 0.0414993 
1.61785e-34 0.127806 0.180305 0.154123 0.0942085 0.0668058 2.83987e-34 0.0013928 0.00252824 0.00194149 0.00069763 0.000386873 0.0577478 0.0595482 0.0548741 
1.65009e-34 0.180305 0.137142 0.159485 0.0707668 0.095985 2.61321e-34 0.00252824 0.00127177 0.00184322 0.00036036 0.000684071 0.0531367 0.0548741 0.0503809 
1.39172e-34 0.113259 0.159618 0.136419 0.0814667 0.0577072 3.49233e-34 0.000654955 0.0016881 0.0011026 0.000449244 0.000225235 0.0711213 0.0719207 0.0696207 
1.4118e-34 0.159618 0.119023 0.139532 0.0605414 0.082693 3.37133e-34 0.0016881 0.00114122 0.00138135 0.000334492 0.000538481 0.0686288 0.0696207 0.0669186 
1.39305e-34 0.123616 0.164709 0.144443 0.0814908 0.0592477 3.47854e-34 -0.0022935 -0.0023649 -0.00244093 -0.000625381 -0.000476765 0.0711255 0.070321 0.0728406 
1.33424e-34 0.164709 0.113 0.137776 0.0563512 0.0800398 3.56976e-34 -0.0023649 -0.00037633 -0.00126965 -4.00027e-05 -0.000346719 0.0728731 0.0728406 0.0734654 
0.289946 0.137142 0.180305 0.159485 0.237269 0.218739 0.00572565 0.00127177 0.00252824 0.00184322 0.00417741 0.00326482 0.049892 0.0503809 0.0548741 
0.263877 0.119023 0.159618 0.139532 0.212995 0.194102 0.00459001 0.00114122 0.0016881 0.00138135 0.00295417 0.00274716 0.066669 0.0669186 0.0696207 
0.299795 0.180305 0.127806 0.154123 0.21937 0.243723 0.00704678 0.00252824 0.0013928 0.00194149 0.00395224 0.00475711 0.0586494 0.0548741 0.0595482 
0.271018 0.113 0.164709 0.137776 0.219491 0.192049 -0.00428314 -0.00037633 -0.0023649 -0.00126965 -0.00366835 -0.00174922 0.0742423 0.0734654 0.0728406 
0.285778 0.159618 0.113259 0.136419 0.201556 0.223302 0.00148601 0.0016881 0.000654955 0.0011026 0.00133399 0.00212649 0.0720641 0.0696207 0.0719207 
0.337054 0.164709 0.123616 0.144443 0.230356 0.247346 -0.0179011 -0.0023649 -0.0022935 -0.00244093 -0.00824731 -0.00800416 0.0728354 0.0728406 0.070321 
9.53219e-34 0.834572 0.644915 0.748315 0.364859 0.506986 -7.70277e-34 -0.00640082 -0.00217426 -0.00367345 -0.00104724 -0.00210844 0.160824 0.157443 0.191233 
0.540349 0.502591 0.754418 0.646421 0.668776 0.521 -0.138808 -0.138053 -0.15324 -0.153702 -0.153597 -0.138772 0.0297247 0.0392399 0.0414731 
0.346951 0.212258 0.153994 0.183433 0.259399 0.285311 0.00538971 0.00178096 0.000971891 0.0013685 0.0028779 0.00345926 0.0501123 0.0557573 0.0491268 
1.94914e-34 0.153994 0.212258 0.183433 0.112273 0.0807655 -2.56203e-34 0.000971891 0.00178096 0.0013685 0.000495137 0.000263489 0.0520096 0.0491268 0.0557573 
0.213278 0.080668 0.151237 0.115038 0.183183 0.142796 -0.0398556 -0.0108483 -0.0149748 -0.013151 -0.0265611 -0.0247204 0.102886 0.104292 0.104415 
1.16428e-34 0.168367 2.75012e-34 0.0884102 1.12759e-34 0.0886113 -3.72096e-37 -0.000284576 -2.90805e-35 -8.7798e-05 -2.91724e-35 -0.000105878 8.52725e-05 0.00373328 0.00581638 
3.44824e-34 0.303667 0.412549 0.363231 0.213228 0.145754 1.80427e-34 -0.0161658 -0.0324832 -0.0237427 -0.00847783 -0.00438224 0.0389384 0.0414993 0.0463732 
0.346845 0.474554 0.103294 0.247067 0.218073 0.396414 -0.0818885 -0.111817 0.00161238 -0.0570997 -0.0422711 -0.0933423 -0.00182727 -0.024725 -0.0294453 
1.14066e-34 0.151237 0.080668 0.115038 0.0430763 0.071293 -5.36696e-34 -0.0149748 -0.0108483 -0.013151 -0.00293324 -0.00450563 0.107366 0.104415 0.104292 
1.19153e-34 2.79638e-34 0.182202 0.0963255 0.0961089 1.01147e-34 -3.71856e-37 2.89957e-35 -0.000320382 -9.89415e-05 -0.000118572 2.89285e-35 -8.3544e-05 0.00598904 0.00373812 
0.360029 0.216368 0.162282 0.190683 0.271616 0.293984 -0.00179449 -0.00198302 -0.000123479 -0.00085586 -0.000770398 -0.00259585 0.0762536 0.0831339 0.0760297 
0.303766 0.102904 0.27855 0.18859 0.290405 0.196936 -0.105116 -0.0603083 -0.0930647 -0.0784405 -0.0996157 -0.0831615 0.0668614 0.0666994 0.0809283 
1.80169e-34 0.195295 0.151038 0.17396 0.0786631 0.104598 2.0978e-34 0.00202276 0.00088673 0.00139551 0.000261339 0.000535593 0.0426595 0.0450845 0.039864 
2.03736e-34 0.162282 0.216368 0.190683 0.116724 0.0849613 -3.93681e-34 -0.000123479 -0.00198302 -0.00085586 -0.000379301 -9.4426e-05 0.0796336 0.0760297 0.0831339 
1.91006e-34 0.159247 0.197239 0.180285 0.10771 0.0825184 -4.67307e-34 -0.00244422 -0.00702037 -0.00443918 -0.0018286 -0.000799403 0.0941622 0.0901221 0.0963986 
1.75035e-34 0.137142 0.195295 0.166555 0.103183 0.071958 2.36591e-34 0.00127177 0.00202276 0.00166544 0.000598417 0.000343633 0.0481044 0.0503809 0.0450845 
1.69946e-34 0.197239 0.122268 0.159931 0.0657933 0.102565 -5.00293e-34 -0.00702037 -0.00534322 -0.00639276 -0.00142777 -0.0022229 0.100696 0.0963986 0.102081 
2.02924e-34 0.162962 0.218107 0.191163 0.116238 0.0856524 -3.22116e-34 0.000837202 0.000934015 0.000911038 0.000292149 0.000212831 0.0653101 0.062081 0.068958 
1.53387e-34 0.168085 0.127806 0.148471 0.065479 0.0886291 3.04166e-34 0.00236931 0.0013928 0.00183971 0.00039333 0.000692599 0.0618669 0.0633773 0.0595482 
1.47943e-34 0.119023 0.168085 0.143513 0.0869298 0.0616485 3.221e-34 0.00114122 0.00236931 0.00167323 0.000652762 0.000350365 0.065536 0.0669186 0.0633773 
1.34501e-34 0.156332 0.113259 0.134468 0.0570606 0.0788205 3.56848e-34 0.000300962 0.000654955 0.000469113 0.000210334 0.000268159 0.0727118 0.073282 0.0719207 
1.32906e-34 0.113 0.156332 0.134701 0.0784681 0.0560658 3.59944e-34 -0.00037633 0.000300962 -0.000199249 0.000118058 2.39906e-05 0.0733878 0.0734654 0.073282 
1.49199e-34 0.193255 0.123616 0.156043 0.0613562 0.0904631 3.31398e-34 -0.00737438 -0.0022935 -0.00454856 -0.000608113 -0.00153532 0.0679515 0.0674205 0.070321 
2.03707e-34 0.218107 0.162282 0.191119 0.0851318 0.116837 -3.5717e-34 0.000934015 -0.000123479 0.000312789 -2.03657e-05 0.000164958 0.0723507 0.068958 0.0760297 
1.62028e-34 0.150144 0.193255 0.1726 0.0953637 0.0701384 3.08308e-34 -0.00558192 -0.00737438 -0.00674694 -0.00197624 -0.0013057 0.0634079 0.0621896 0.0674205 
1.84124e-34 0.14524 0.202754 0.174221 0.106998 0.0758857 -1.95518e-34 0.000624542 0.00154164 0.00103683 0.000395959 0.000178487 0.0396887 0.0368884 0.0429504 
1.89245e-34 0.202754 0.153994 0.179069 0.0798621 0.108092 -2.25279e-34 0.00154164 0.000971891 0.00127475 0.000256382 0.000439469 0.0457355 0.0429504 0.0491268 
0.201169 0.466356 0.27855 0.378287 0.237537 0.333307 -0.0669819 -0.11355 -0.0930647 -0.106612 -0.0803337 -0.0939343 0.090921 0.0860825 0.0809283 
0.499189 0.497786 0.466522 0.486714 0.494503 0.500132 0.00484177 0.00309079 0.00387291 0.00355203 0.0045907 0.00398242 0.0272987 0.024133 0.0274373 
1.19153e-34 0.182202 0.246007 0.215025 0.133201 0.0961089 -3.71856e-37 -0.000320382 -0.000579257 -0.000454701 -0.00020641 -0.000118572 -8.3544e-05 0.00373812 -5.21627e-05 
0.00226755 0.252502 0.0582361 0.146109 0.0284475 0.107474 -0.0269683 -0.0862085 -0.0226865 -0.0544553 -0.0249374 -0.0524561 0.0325017 0.0289768 0.0155243 
1.16428e-34 0.243771 0.168367 0.20725 0.0886113 0.132096 -3.72096e-37 -0.000579349 -0.000284576 -0.000435402 -0.000105878 -0.000205852 8.52725e-05 5.14628e-05 0.00373328 
0.352731 0.477233 0.43413 0.458456 0.397049 0.428327 0.000774648 0.00250601 0.00344305 0.00306612 0.00190832 0.00161318 0.022175 0.0231596 0.0274448 
3.33117e-34 0.412549 0.317351 0.363286 0.158789 0.193975 2.08098e-34 -0.0324832 -0.0217791 -0.0267678 -0.00582277 -0.00772469 0.0449261 0.0463732 0.0498531 
0.201169 0.09274 0.293317 0.184181 0.248769 0.140333 -0.0669819 -0.0244408 -0.0710888 -0.0488377 -0.0700956 -0.0452602 0.090921 0.0994328 0.0977374 
0.213278 0.293317 0.09274 0.184181 0.151421 0.251291 -0.0398556 -0.0710888 -0.0244408 -0.0488377 -0.0333359 -0.055361 0.102886 0.0977374 0.0994328 
0.594529 0.670646 0.51615 0.608516 0.56164 0.633432 -0.134875 -0.142293 -0.139039 -0.145443 -0.13954 -0.139294 0.0747524 0.0647255 0.0627968 
2.98761e-34 1.85188e-34 0.184575 0.0973531 0.0975589 9.17518e-35 -1.38278e-34 -1.1136e-34 0.00024138 5.06851e-05 9.88641e-05 -2.50376e-34 0.0281409 0.0225616 0.0242437 
0.499537 0.497786 0.477233 0.497521 0.492481 0.499936 0.00104796 0.00309079 0.00250601 0.00295488 0.00181383 0.00200697 0.0191654 0.024133 0.0231596 
0.499189 0.477233 0.497786 0.497521 0.500132 0.491689 0.00484177 0.00250601 0.00309079 0.00295488 0.00398242 0.00363472 0.0272987 0.0231596 0.024133 
0.489096 0.490463 0.499974 0.497874 0.496983 0.499986 -0.0019938 -0.00198762 -0.00203708 -0.00204019 -0.002046 -0.0020361 2.66629e-05 -2.48609e-05 0.00381246 
0.213278 0.09274 0.080668 0.0882009 0.142796 0.151421 -0.0398556 -0.0244408 -0.0108483 -0.0168959 -0.0247204 -0.0333359 0.102886 0.0994328 0.104292 
6.73901e-35 0.080668 0.09274 0.0882009 0.0405104 0.0335467 -5.2577e-34 -0.0108483 -0.0244408 -0.0168959 -0.00718157 -0.00337886 0.104631 0.104292 0.0994328 
0.35966 0.474042 0.430223 0.454872 0.398046 0.428269 0.000706861 0.0015399 -7.63553e-05 0.000618356 0.000366742 0.00118222 0.0230689 0.0216297 0.0175979 
7.40767e-34 0.774585 0.62459 0.704253 0.350017 0.45619 -1.21683e-33 -0.00164825 -0.000627619 -0.000985004 -0.000230069 -0.000466791 0.25541 0.233627 0.27014 
0.998657 0.774585 0.996998 0.929883 0.997855 0.934734 -0.00141843 -0.00164825 -0.00270815 -0.00240375 -0.00208862 -0.00180452 0.269604 0.233627 0.233089 
0.989586 0.996998 0.774585 0.929883 0.916583 0.993858 -0.00465022 -0.00270815 -0.00164825 -0.00240375 -0.00313068 -0.00345411 0.198303 0.233089 0.233627 
0.495816 0.293317 0.410632 0.35632 0.453071 0.400572 -0.0957142 -0.0710888 -0.0715206 -0.0729668 -0.0840598 -0.0870684 0.0930719 0.0977374 0.098691 
0.213278 0.410632 0.293317 0.35632 0.251291 0.312605 -0.0398556 -0.0715206 -0.0710888 -0.0729668 -0.055361 -0.0579896 0.102886 0.098691 0.0977374 
1.08975e-33 1.03838e-34 0.103294 0.00942344 0.0836829 3.74669e-34 1.03674e-35 9.05487e-35 0.00161238 0.0389888 -0.0041385 9.90589e-35 -0.071496 -0.0238879 -0.0294453 
0.346951 0.384224 0.212258 0.307255 0.285311 0.366128 0.00538971 0.00611245 0.00178096 0.00378457 0.00345926 0.00590505 0.0501123 0.0569194 0.0557573 
0.360029 0.386477 0.216368 0.310093 0.293984 0.374401 -0.00179449 -0.00843876 -0.00198302 -0.00517495 -0.00259585 -0.00468204 0.0762536 0.0831275 0.0831339 
0.346845 0.728113 0.774373 0.748413 0.574311 0.563058 -0.0818885 -0.144615 -0.134397 -0.13988 -0.122285 -0.12376 -0.00182727 0.0152158 0.0063475 
6.73901e-35 1.14066e-34 0.080668 0.0430763 0.0335467 5.32286e-35 -5.2577e-34 -5.36696e-34 -0.0108483 -0.00293324 -0.00337886 -1.04798e-33 0.104631 0.107366 0.104292 
0.989586 0.644915 0.834572 0.748315 0.935499 0.87869 -0.00465022 -0.00217426 -0.00640082 -0.00367345 -0.00593961 -0.00399079 0.198303 0.191233 0.157443 
0.337054 0.351689 0.164709 0.259807 0.247346 0.344142 -0.0179011 -0.0142738 -0.0023649 -0.00715493 -0.00800416 -0.0163376 0.0728354 0.075017 0.0728406 
0.285778 0.317348 0.159618 0.241444 0.223302 0.301652 0.00148601 0.00384735 0.0016881 0.00300801 0.00212649 0.00256283 0.0720641 0.06951 0.0696207 
0.299795 0.336443 0.180305 0.264182 0.243723 0.318436 0.00704678 0.00836164 0.00252824 0.00537614 0.00475711 0.0077779 0.0586494 0.0538006 0.0548741 
1.81701e-34 0.151038 0.202136 0.177024 0.107618 0.0794409 1.81272e-34 0.00088673 0.00107377 0.00101174 0.000310955 0.000221339 0.0368938 0.039864 0.0348402 
1.81701e-34 1.80169e-34 0.151038 0.0786631 0.0794409 1.28264e-34 1.81272e-34 2.0978e-34 0.00088673 0.000261339 0.000221339 3.90001e-34 0.0368938 0.0426595 0.039864 
0.301946 0.202136 0.151038 0.177024 0.23206 0.25524 0.00377036 0.00107377 0.00088673 0.00101174 0.00217897 0.00223365 0.0396133 0.0348402 0.039864 
1.91006e-34 2.00098e-34 0.159247 0.0847516 0.0825184 1.4138e-34 -4.67307e-34 -4.30847e-34 -0.00244422 -0.000587325 -0.000799403 -8.94917e-34 0.0941622 0.0870483 0.0901221 
5.58845e-34 6.39042e-34 0.401061 0.216002 0.202966 4.113e-34 1.89239e-34 2.70973e-34 -0.0163128 -0.00513808 -0.00426883 4.88794e-34 0.0420631 0.0584403 0.0526188 
3.44824e-34 4.85482e-34 0.303667 0.160497 0.145754 2.65521e-34 1.80427e-34 1.72342e-34 -0.0161658 -0.00529622 -0.00438224 3.78726e-34 0.0389384 0.0389201 0.0414993 
2.02924e-34 1.97976e-34 0.162962 0.0848619 0.0856524 1.46876e-34 -3.22116e-34 -2.88437e-34 0.000837202 0.000251185 0.000212831 -6.11536e-34 0.0653101 0.0585326 0.062081 
1.61785e-34 1.53387e-34 0.127806 0.065479 0.0668058 1.16816e-34 2.83987e-34 3.04166e-34 0.0013928 0.00039333 0.000386873 5.86451e-34 0.0577478 0.0618669 0.0595482 
1.75035e-34 1.65009e-34 0.137142 0.0707668 0.071958 1.2672e-34 2.36591e-34 2.61321e-34 0.00127177 0.00036036 0.000343633 4.96362e-34 0.0481044 0.0531367 0.0503809 
1.39172e-34 1.34501e-34 0.113259 0.0570606 0.0577072 9.90844e-35 3.49233e-34 3.56848e-34 0.000654955 0.000210334 0.000225235 7.05472e-34 0.0711213 0.0727118 0.0719207 
1.47943e-34 1.4118e-34 0.119023 0.0605414 0.0616485 1.07143e-34 3.221e-34 3.37133e-34 0.00114122 0.000334492 0.000350365 6.57908e-34 0.065536 0.0686288 0.0669186 
1.39305e-34 1.49199e-34 0.123616 0.0613562 0.0592477 9.83637e-35 3.47854e-34 3.31398e-34 -0.0022935 -0.000608113 -0.000476765 6.82592e-34 0.0711255 0.0679515 0.070321 
1.32906e-34 1.33424e-34 0.113 0.0563512 0.0560658 9.46318e-35 3.59944e-34 3.56976e-34 -0.00037633 -4.00027e-05 2.39906e-05 7.17726e-34 0.0733878 0.0728731 0.0734654 
0.894442 0.774373 0.728113 0.748413 0.837763 0.862335 -0.127944 -0.134397 -0.144615 -0.13988 -0.143162 -0.137028 0.027048 0.0063475 0.0152158 
1.84124e-34 1.72837e-34 0.14524 0.0752936 0.0758857 1.39167e-34 -1.95518e-34 -1.66788e-34 0.000624542 0.000155922 0.000178487 -3.63052e-34 0.0396887 0.0338322 0.0368884 
1.94914e-34 1.89245e-34 0.153994 0.0798621 0.0807655 1.42439e-34 -2.56203e-34 -2.25279e-34 0.000971891 0.000256382 0.000263489 -4.82698e-34 0.0520096 0.0457355 0.0491268 
1.62028e-34 1.80074e-34 0.150144 0.0753355 0.0701384 1.22217e-34 3.08308e-34 2.80862e-34 -0.00558192 -0.00155031 -0.0013057 5.96063e-34 0.0634079 0.0580419 0.0621896 
2.03736e-34 2.03707e-34 0.162282 0.0851318 0.0849613 1.5324e-34 -3.93681e-34 -3.5717e-34 -0.000123479 -2.03657e-05 -9.4426e-05 -7.50599e-34 0.0796336 0.0723507 0.0760297 
1.42293e-34 1.69946e-34 0.122268 0.0657933 0.060558 1.21455e-34 -5.25283e-34 -5.00293e-34 -0.00534322 -0.00142777 -0.00165947 -1.01837e-33 0.105367 0.100696 0.102081 
0.548347 0.606529 0.598521 0.606465 0.585464 0.577855 -0.0582911 -0.0859078 -0.0873117 -0.0874712 -0.0735001 -0.0714055 0.0787722 0.0775824 0.0841442 
0.880181 0.774373 0.928824 0.896294 0.929249 0.826269 -0.112431 -0.134397 -0.106743 -0.127449 -0.116515 -0.127034 0.00331156 0.0063475 0.0301399 
-2.47105e-35 -3.66503e-35 -0.0120213 -0.00301888 -0.00307482 -4.83989e-35 6.21838e-35 1.91537e-35 0.0314023 0.0143272 0.0232422 3.27531e-35 0.00398028 0.00784458 0.00306833 
0.999388 0.99942 0.834572 0.953619 0.962446 0.999785 -0.014914 -0.0083912 -0.00640082 -0.0081566 -0.0112013 -0.0108752 0.130569 0.165553 0.157443 
0.989586 0.834572 0.99942 0.953619 0.996157 0.935499 -0.00465022 -0.00640082 -0.0083912 -0.0081566 -0.00658922 -0.00593961 0.198303 0.157443 0.165553 
-4.08683e-34 0.437596 0.75 0.609435 0.4375 0.234401 -8.26523e-34 -8.46451e-05 -4.0807e-37 -7.81171e-05 -1.63637e-37 -2.43929e-05 0.347131 0.324284 0.347195 
0.273969 0.304831 0.151237 0.22744 0.212836 0.289877 -0.0246975 -0.0407554 -0.0149748 -0.0281683 -0.0209671 -0.0323466 0.100664 0.101776 0.104415 
1.80074e-34 0.247484 0.150144 0.196137 0.0753355 0.116855 2.80862e-34 -0.0146267 -0.00558192 -0.00949244 -0.00155031 -0.00357829 0.0580419 0.0592665 0.0621896 
0.376292 0.150144 0.247484 0.196137 0.316095 0.263443 -0.0312294 -0.00558192 -0.0146267 -0.00949244 -0.0231759 -0.016042 0.0650253 0.0621896 0.0592665 
0.894442 0.928824 0.774373 0.896294 0.862335 0.91453 -0.127944 -0.106743 -0.134397 -0.127449 -0.137028 -0.117757 0.027048 0.0301399 0.0063475 
0.593108 0.598521 0.606529 0.606465 0.617291 0.600185 -0.107518 -0.0873117 -0.0859078 -0.0874712 -0.0993777 -0.0978504 0.0846165 0.0841442 0.0775824 
0.308957 0.14524 0.195817 0.171081 0.254964 0.232934 0.00316311 0.000624542 0.000858265 0.000758455 0.0018312 0.00171392 0.0374125 0.0368884 0.0323966 
1.72837e-34 0.195817 0.14524 0.171081 0.0752936 0.103837 -1.66788e-34 0.000858265 0.000624542 0.000758455 0.000155922 0.000240552 0.0338322 0.0323966 0.0368884 
-0.0723685 -0.0494715 -0.0495027 -0.0553906 -0.0666531 -0.0622402 0.0102605 0.0358083 0.0166205 0.027989 0.0158536 0.0225737 0.0166511 0.00572817 0.00846382 
0.880181 0.474554 0.774373 0.646627 0.826269 0.722848 -0.112431 -0.111817 -0.134397 -0.127578 -0.127034 -0.119442 0.00331156 -0.024725 0.0063475 
-1.03113e-34 -0.0629244 -0.0745054 -0.0704101 -0.0533178 -0.0514916 -2.13061e-34 -0.00789641 -0.00120928 -0.00455872 -0.000362111 -0.00176624 0.042856 0.0473183 0.0324132 
1.08975e-33 0.103294 0.474554 0.247067 0.284359 0.0836829 1.03674e-35 0.00161238 -0.111817 -0.0570997 -0.0796602 -0.0041385 -0.071496 -0.0294453 -0.024725 
0.0174875 -0.028574 0.102904 0.0211785 0.0581143 -0.0124145 -0.0384369 -0.0177091 -0.0603083 -0.0368547 -0.0496676 -0.0278987 0.0519464 0.0653697 0.0666994 
0.289946 0.180305 0.336443 0.264182 0.314007 0.237269 0.00572565 0.00252824 0.00836164 0.00537614 0.00709448 0.00417741 0.049892 0.0548741 0.0538006 
0.0609114 0.102904 -0.028574 0.0211785 0.00873419 0.0793238 -0.0419251 -0.0603083 -0.0177091 -0.0368547 -0.0290286 -0.0512163 0.0786693 0.0666994 0.0653697 
0.263877 0.159618 0.317348 0.241444 0.290563 0.212995 0.00459001 0.0016881 0.00384735 0.00300801 0.00451205 0.00295417 0.066669 0.0696207 0.06951 
0.271018 0.164709 0.351689 0.259807 0.310075 0.219491 -0.00428314 -0.0023649 -0.0142738 -0.00715493 -0.00842616 -0.00366835 0.0742423 0.0728406 0.075017 
0.321544 0.216368 0.386477 0.310093 0.35587 0.273603 -0.0106144 -0.00198302 -0.00843876 -0.00517495 -0.00978997 -0.00546229 0.0892994 0.0831339 0.0831275 
0.33241 0.212258 0.384224 0.307255 0.359765 0.2758 0.00357878 0.00178096 0.00611245 0.00378457 0.00486076 0.00278862 0.0623657 0.0557573 0.0569194 
0.442535 0.449292 0.492976 0.47461 0.471384 0.445672 0.011828 0.00952256 0.0111597 0.0104947 0.0118183 0.0109057 0.0594586 0.0637782 0.061404 
0.436802 0.410632 0.304831 0.356943 0.372597 0.424652 -0.0615654 -0.0715206 -0.0407554 -0.0563912 -0.0525668 -0.0666043 0.097834 0.098691 0.101776 
0.508463 0.492976 0.449292 0.47461 0.487295 0.501803 0.00757404 0.0111597 0.00952256 0.0104947 0.00902328 0.00955382 0.0652798 0.061404 0.0637782 
0.628919 0.634359 0.606529 0.628539 0.617596 0.645118 -0.0949627 -0.115064 -0.0859078 -0.101198 -0.0907865 -0.107513 0.0707228 0.0781686 0.0775824 
1.91102e-34 0.195168 0.201812 0.198532 0.107521 0.10381 1.20918e-34 0.000298569 7.50331e-05 0.000184974 3.16085e-05 6.03675e-05 0.0246542 0.0260763 0.021981 
0.454333 0.475896 0.517109 0.500545 0.490767 0.464493 -0.00615392 -0.0154853 -0.0162334 -0.0160232 -0.0108878 -0.0103268 0.0748724 0.0776229 0.0786517 
0.593108 0.606529 0.634359 0.628539 0.614642 0.617291 -0.107518 -0.0859078 -0.115064 -0.101198 -0.111856 -0.0993777 0.0846165 0.0775824 0.0781686 
0.536846 0.517109 0.475896 0.500545 0.518697 0.529089 -0.0288785 -0.0162334 -0.0154853 -0.0160232 -0.0223132 -0.0223511 0.083178 0.0786517 0.0776229 
1.85188e-34 0.201683 0.184575 0.193162 0.0973531 0.107153 -1.1136e-34 7.4445e-05 0.00024138 0.000165649 5.06851e-05 3.17004e-05 0.0225616 0.020632 0.0242437 
0.500816 0.493181 0.495367 0.500473 0.498945 0.49936 0.00959041 0.00674807 0.00728342 0.00721043 0.00849264 0.00822018 0.036175 0.0312993 0.032221 
0.448787 0.461391 0.493387 0.480478 0.475811 0.455334 0.00869835 0.0116172 0.0113932 0.0116902 0.010229 0.0102193 0.0385128 0.0439114 0.0402173 
0.501542 0.493387 0.461391 0.480478 0.488831 0.498417 0.0129265 0.0113932 0.0116172 0.0116902 0.0127102 0.0122805 0.0437955 0.0402173 0.0439114 
0.880181 0.928824 0.964419 0.947763 0.951551 0.929249 -0.112431 -0.106743 -0.0834258 -0.0976655 -0.102597 -0.116515 0.00331156 0.0301399 0.0389896 
0.501542 0.502127 0.477119 0.493364 0.498154 0.502772 0.0129265 0.0132386 0.0106779 0.0121288 0.0121421 0.0132438 0.0437955 0.0473863 0.0435997 
0.475956 0.477119 0.502127 0.493364 0.49339 0.476533 0.0112138 0.0106779 0.0132386 0.0121288 0.0124473 0.011073 0.0492296 0.0435997 0.0473863 
0.316039 0.202136 0.355997 0.286266 0.336924 0.262421 0.00171527 0.00107377 0.00389081 0.00237303 0.00270752 0.00152009 0.0298135 0.0348402 0.0348158 
0.301946 0.355997 0.202136 0.286266 0.25524 0.33002 0.00377036 0.00389081 0.00107377 0.00237303 0.00223365 0.00393033 0.0396133 0.0348158 0.0348402 
0.646281 0.845406 0.770386 0.809535 0.721552 0.768981 -0.0677516 -0.117326 -0.108237 -0.11397 -0.0883497 -0.0945497 0.0428059 0.0366834 0.0436684 
0.322562 0.621991 0.728113 0.672989 0.522878 0.477855 -0.08427 -0.142617 -0.144615 -0.143908 -0.123543 -0.11982 0.0100152 0.0215283 0.0152158 
0.508463 0.514597 0.495403 0.508287 0.51121 0.512806 0.00757404 0.00248451 0.00425994 0.00346492 0.00586723 0.00524718 0.0652798 0.069306 0.0673296 
0.490742 0.495403 0.514597 0.508287 0.507886 0.493492 -0.001719 0.00425994 0.00248451 0.00346492 0.000423793 0.0014492 0.0730573 0.0673296 0.069306 
0.820167 0.770386 0.845406 0.809535 0.847771 0.82332 -0.14728 -0.108237 -0.117326 -0.11397 -0.135503 -0.131981 0.0321929 0.0436684 0.0366834 
0.346845 0.774373 0.474554 0.646627 0.396414 0.574311 -0.0818885 -0.134397 -0.111817 -0.127578 -0.0933423 -0.122285 -0.00182727 0.0063475 -0.024725 
0.536846 0.543168 0.499482 0.525919 0.52964 0.540912 -0.0288785 -0.0420336 -0.0350364 -0.0392037 -0.0333834 -0.035143 0.083178 0.0866965 0.0893906 
0.820167 0.728113 0.621991 0.672989 0.746923 0.790344 -0.14728 -0.144615 -0.142617 -0.143908 -0.152123 -0.149724 0.0321929 0.0152158 0.0215283 
0.48528 0.505286 0.247484 0.381828 0.361896 0.496495 -0.0508534 -0.0570754 -0.0146267 -0.0332784 -0.0297853 -0.0545136 0.0564554 0.0623862 0.0592665 
0.465653 0.499482 0.543168 0.525919 0.518372 0.485155 -0.0495802 -0.0350364 -0.0420336 -0.0392037 -0.0476591 -0.0422557 0.0952201 0.0893906 0.0866965 
0.805849 0.964419 0.928824 0.947763 0.894094 0.90856 -0.0617016 -0.0834258 -0.106743 -0.0976655 -0.0845703 -0.074677 0.046587 0.0389896 0.0301399 
0.269688 0.502591 0.252502 0.377448 0.262107 0.381426 -0.0989393 -0.138053 -0.0862085 -0.115256 -0.0942776 -0.119638 0.0495282 0.0392399 0.0289768 
0.540349 0.252502 0.502591 0.377448 0.521 0.390364 -0.138808 -0.0862085 -0.138053 -0.115256 -0.138772 -0.114468 0.0297247 0.0289768 0.0392399 
0.287465 0.343719 0.195817 0.275613 0.243748 0.316389 0.00127623 0.0028942 0.000858265 0.0018075 0.00114546 0.00200571 0.0277684 0.0319106 0.0323966 
-0.0353487 -0.0495027 -0.0494715 -0.0553906 -0.0443994 -0.0442302 0.037741 0.0166205 0.0358083 0.027989 0.0390783 0.0274167 0.00489831 0.00846382 0.00572817 
0.376292 0.247484 0.505286 0.381828 0.439658 0.316095 -0.0312294 -0.0146267 -0.0570754 -0.0332784 -0.043055 -0.0231759 0.0650253 0.0592665 0.0623862 
0.308957 0.195817 0.343719 0.275613 0.32676 0.254964 0.00316311 0.000858265 0.0028942 0.0018075 0.00310668 0.0018312 0.0374125 0.0323966 0.0319106 
0.466522 0.497786 0.474042 0.489117 0.470506 0.486714 0.00387291 0.00309079 0.0015399 0.00229569 0.00265461 0.00355203 0.0274373 0.024133 0.0216297 
0.624604 0.51615 0.670646 0.608516 0.654111 0.570152 -0.151715 -0.139039 -0.142293 -0.145443 -0.149156 -0.146052 0.0528403 0.0627968 0.0647255 
0.571803 0.535086 0.562435 0.563418 0.573839 0.553928 -0.079781 -0.0673429 -0.0557219 -0.0636654 -0.0678227 -0.0738149 0.0887707 0.0921336 0.0842937 
0.523486 0.519795 0.50077 0.518511 0.514092 0.523311 -0.0124857 -0.00814149 -0.00331263 -0.00599668 -0.00756721 -0.0102896 0.0777273 0.0763385 0.0734107 
0.505016 0.50494 0.48941 0.503911 0.498437 0.506989 0.0124752 0.0128434 0.0139753 0.0136917 0.0134765 0.0128348 0.0583598 0.054856 0.0547126 
0.499537 0.474042 0.497786 0.489117 0.499936 0.495278 0.00104796 0.0015399 0.00309079 0.00229569 0.00200697 0.00135141 0.0191654 0.0216297 0.024133 
0.499189 0.495367 0.493181 0.500473 0.496843 0.5 0.00484177 0.00728342 0.00674807 0.00721043 0.00582891 0.00610686 0.0272987 0.032221 0.0312993 
0.502969 0.48941 0.50494 0.503911 0.50538 0.49808 0.0140859 0.0139753 0.0128434 0.0136917 0.0136304 0.0141692 0.051188 0.0547126 0.054856 
0.514522 0.50077 0.519795 0.518511 0.519369 0.509374 -0.000709079 -0.00331263 -0.00814149 -0.00599668 -0.00431765 -0.00205456 0.0717552 0.0734107 0.0763385 
0.554724 0.562435 0.535086 0.563418 0.550907 0.560118 -0.0506269 -0.0557219 -0.0673429 -0.0636654 -0.059425 -0.0534655 0.0867805 0.0842937 0.0921336 
-3.66503e-35 -0.0143715 -0.0120213 -0.0144509 -0.00301888 -0.00431765 1.91537e-35 0.0132842 0.0314023 0.0231428 0.0143272 0.0097685 0.00784458 0.00553904 0.00306833 
-0.0353487 -0.0120213 -0.0143715 -0.0144509 -0.0263586 -0.02436 0.037741 0.0314023 0.0132842 0.0231428 0.0259621 0.0372265 0.00489831 0.00306833 0.00553904 
-2.47105e-35 -0.0120213 -0.0215499 -0.0178636 -0.00827447 -0.00307482 6.21838e-35 0.0314023 0.0588777 0.0472459 0.0500392 0.0232422 0.00398028 0.00306833 -0.00148842 
-0.0353487 -0.0215499 -0.0120213 -0.0178636 -0.02436 -0.0292985 0.037741 0.0588777 0.0314023 0.0472459 0.0372265 0.049418 0.00489831 -0.00148842 0.00306833 
