0.48064 0.847687 1.09811e-33 0.567635 0.288064 0.678986 -0.115194 -0.0606528 5.51807e-36 -0.0825032 -0.0816019 -0.111612 -0.024266 0.0156749 -0.0712518 
0.00680841 0.026269 0.303854 0.149357 0.139314 0.0148715 -0.0304044 -0.0497833 -0.121407 -0.0835424 -0.0742961 -0.0415715 0.0320071 0.0558508 0.0507654 
0.500002 0.462174 0.495127 0.496082 0.498709 0.490777 -0.000135605 0.0014174 0.00109045 0.00141813 0.000395639 0.000589443 0.0440813 0.0503114 0.0477788 
0.500121 0.446896 0.500854 0.491407 0.501285 0.484066 0.0179134 0.0197208 0.0206187 0.0214932 0.0195375 0.0197085 0.0675751 0.0728536 0.0711639 
0.512705 0.445497 0.524509 0.503325 0.518806 0.490742 0.00458731 -0.000263987 -0.0119969 -0.00616975 -0.00286885 0.0021498 0.0874698 0.082536 0.0914467 
0.344207 0.323366 0.609916 0.484892 0.50314 0.332769 -0.134588 -0.12261 -0.160978 -0.152091 -0.159674 -0.129795 0.07339 0.0925876 0.082334 
0.384787 0.308321 0.203932 0.259014 0.304968 0.349061 -0.000326128 -0.000498399 -0.000159579 -0.000322466 -0.000265479 -0.000493443 0.04472 0.0388528 0.0449006 
0.55875 0.451532 0.534701 0.506565 0.547124 0.525779 -0.0723001 -0.0737202 -0.0523812 -0.0655363 -0.0624426 -0.0782547 0.0959011 0.11122 0.0996699 
0.883202 0.847687 0.48064 0.678986 0.72827 0.871549 -0.116943 -0.0606528 -0.115194 -0.111612 -0.123575 -0.0932398 0.00520415 0.0156749 -0.024266 
0.421243 0.233586 0.345859 0.294514 0.38764 0.341245 -0.00364982 -0.000191918 0.00564097 0.00194727 0.00237219 -0.00204969 0.0982497 0.100588 0.0908662 
0.55875 0.52009 0.451532 0.485878 0.525779 0.551588 -0.0723001 -0.105954 -0.0737202 -0.0903008 -0.0782547 -0.0908537 0.0959011 0.104661 0.11122 
0.357265 0.315566 0.466757 0.406463 0.421556 0.337076 -0.000356297 -0.000422868 -0.000821145 -0.000654765 -0.000582225 -0.000399431 0.0221102 0.0286752 0.0267963 
0.447911 0.466757 0.315566 0.406463 0.391865 0.457856 -0.000924465 -0.000821145 -0.000422868 -0.000654765 -0.000691635 -0.000890775 0.0321282 0.0267963 0.0286752 
0.500121 0.469083 0.493031 0.498352 0.49743 0.494989 0.0179134 0.0102986 0.0135504 0.0127034 0.0158337 0.0143851 0.0675751 0.0611795 0.0640267 
0.500002 0.458484 0.495477 0.495321 0.498928 0.489343 -0.000135605 -0.00089472 -0.000823426 -0.00089137 -0.000537858 -0.000652909 0.0440813 0.038664 0.0403214 
0.499985 0.458484 0.491343 0.477965 0.497668 0.489295 -0.00111132 -0.00089472 -0.00109815 -0.00107503 -0.00115536 -0.00105127 0.0363002 0.038664 0.0317291 
0.491343 0.458484 0.439923 0.449609 0.471396 0.477965 -0.00109815 -0.00089472 -0.000915518 -0.000938335 -0.00102412 -0.00107503 0.0317291 0.038664 0.0328024 
0.394588 0.20476 0.311259 0.261262 0.35503 0.311376 0.0102153 0.00254053 0.00396119 0.00358497 0.00675894 0.00618862 0.0667931 0.0667095 0.060639 
0.421243 0.345859 0.492644 0.438687 0.465352 0.38764 -0.00364982 0.00564097 0.011225 0.00823643 0.00353892 0.00237219 0.0982497 0.0908662 0.0874006 
0.024846 -0.0212066 0.0181531 -0.0147301 0.0265559 -0.00957036 0.0477582 0.0628963 0.0244867 0.0524348 0.0375778 0.0635609 -0.00877471 -0.00131118 0.00282174 
0.632656 0.673651 0.588709 0.655587 0.60961 0.679533 -0.117804 -0.166874 -0.104856 -0.139455 -0.112564 -0.146847 0.06917 0.0702586 0.0764586 
0.52009 0.50143 0.346987 0.422155 0.443454 0.513068 -0.105954 -0.138912 -0.0881265 -0.115573 -0.101882 -0.123547 0.104661 0.0975254 0.113832 
0.609916 0.588709 0.673651 0.655587 0.642508 0.642523 -0.160978 -0.104856 -0.166874 -0.139455 -0.164963 -0.140142 0.082334 0.0764586 0.0702586 
0.394588 0.311259 0.469083 0.406776 0.437531 0.35503 0.0102153 0.00396119 0.0102986 0.00726403 0.0108151 0.00675894 0.0667931 0.060639 0.0611795 
0.384787 0.454758 0.308321 0.394281 0.349061 0.423843 -0.000326128 -0.000926 -0.000498399 -0.000741916 -0.000493443 -0.000671215 0.04472 0.0380833 0.0388528 
0.589814 0.50143 0.52009 0.513068 0.560035 0.56244 -0.118479 -0.138912 -0.105954 -0.123547 -0.114355 -0.133291 0.0930247 0.0975254 0.104661 
0.380686 0.30334 0.458484 0.395185 0.424554 0.344328 -0.000282883 -0.000492327 -0.00089472 -0.000725729 -0.000604427 -0.000477635 0.0436852 0.0383948 0.038664 
0.384787 0.308187 0.462174 0.400151 0.428964 0.348992 -0.000326128 0.000350731 0.0014174 0.000859302 0.000274737 9.08881e-06 0.04472 0.0509589 0.0503114 
0.512705 0.492644 0.492068 0.511262 0.503441 0.512769 0.00458731 0.011225 0.0160735 0.0135277 0.0110233 0.0081586 0.0874698 0.0874006 0.0829102 
0.371214 0.287364 0.446896 0.379321 0.413146 0.331676 0.0102545 0.00883173 0.0197208 0.0147827 0.0150412 0.0099255 0.0687271 0.0732764 0.0728536 
0.334962 0.247688 0.445497 0.354551 0.390673 0.292692 0.0124042 0.00551647 -0.000263987 0.00460038 0.0086023 0.00894859 0.0797778 0.0786713 0.082536 
0.371214 0.327346 0.190744 0.263665 0.290886 0.350906 0.0102545 0.00413462 0.00255496 0.00377108 0.00622702 0.00687811 0.0687271 0.0626418 0.0690157 
0.384787 0.203932 0.308187 0.259092 0.348992 0.304968 -0.000326128 -0.000159579 0.000350731 -3.79378e-05 9.08881e-06 -0.000265479 0.04472 0.0449006 0.0509589 
0.371214 0.457097 0.327346 0.403106 0.350906 0.419775 0.0102545 0.0098645 0.00413462 0.00703634 0.00687811 0.0105773 0.0687271 0.0629085 0.0626418 
0.334962 0.288908 0.152928 0.222898 0.247867 0.31112 0.0124042 0.012596 0.00428384 0.00822512 0.00882427 0.0133356 0.0797778 0.0786292 0.0793708 
0.371214 0.190744 0.287364 0.242485 0.331676 0.290886 0.0102545 0.00255496 0.00883173 0.00530382 0.0099255 0.00622702 0.0687271 0.0690157 0.0732764 
0.40472 0.290842 0.163079 0.22927 0.284546 0.343408 -0.0414836 -0.0119056 -0.00675961 -0.0109164 -0.0209635 -0.0246149 0.0750627 0.0759054 0.0714681 
0.334962 0.152928 0.247688 0.199783 0.292692 0.247867 0.0124042 0.00428384 0.00551647 0.005631 0.00894859 0.00882427 0.0797778 0.0793708 0.0786713 
0.441831 0.327346 0.457097 0.403106 0.450059 0.392091 0.00440225 0.00413462 0.0098645 0.00703634 0.00688252 0.00461736 0.0570109 0.0626418 0.0629085 
0.334962 0.436473 0.288908 0.369976 0.31112 0.390505 0.0124042 0.0194631 0.012596 0.0173929 0.0133356 0.0163054 0.0797778 0.0801477 0.0786292 
0.417989 0.288908 0.436473 0.369976 0.426787 0.359836 0.0203846 0.012596 0.0194631 0.0173929 0.0205491 0.0171293 0.0769681 0.0786292 0.0801477 
0.390302 0.462945 0.487366 0.476769 0.450809 0.431436 -0.000147717 -0.000122791 -0.000293337 -0.000192268 -0.000222623 -0.000137775 0.0108818 0.00578946 0.0127553 
0.499982 0.487366 0.462945 0.476769 0.490711 0.496823 -0.000196839 -0.000293337 -0.000122791 -0.000192268 -0.000162705 -0.000243573 0.00844864 0.0127553 0.00578946 
0.40472 0.498307 0.290842 0.403437 0.343408 0.457762 -0.0414836 -0.0500349 -0.0119056 -0.0282898 -0.0246149 -0.0477244 0.0750627 0.0825596 0.0759054 
0.433242 0.290842 0.498307 0.403437 0.464012 0.368652 -0.0173779 -0.0119056 -0.0500349 -0.0282898 -0.0324533 -0.0155436 0.0813696 0.0759054 0.0825596 
0.421243 0.486734 0.32989 0.42067 0.381028 0.457139 -0.00364982 -0.0292202 -0.0152662 -0.0243017 -0.0102971 -0.0147128 0.0982497 0.102529 0.109397 
0.468389 0.35287 0.47728 0.428518 0.473173 0.42025 0.0170588 0.0100719 0.0189299 0.014819 0.0186574 0.014341 0.0803609 0.0747535 0.0733565 
0.394588 0.47728 0.35287 0.428518 0.374719 0.442616 0.0102153 0.0189299 0.0100719 0.014819 0.0105752 0.0147772 0.0667931 0.0733565 0.0747535 
0.444077 0.329514 0.461068 0.40687 0.452807 0.394099 0.00439108 0.0006953 0.00155223 0.00119082 0.00286074 0.0021379 0.0548119 0.0498364 0.049257 
0.380686 0.461068 0.329514 0.40687 0.356112 0.426119 -0.000282883 0.00155223 0.0006953 0.00119082 0.000168241 0.000348098 0.0436852 0.049257 0.0498364 
0.500006 0.495127 0.462174 0.496082 0.490572 0.498762 0.00320508 0.00109045 0.0014174 0.00141813 0.00234091 0.00205168 0.0519449 0.0477788 0.0503114 
0.40472 0.330211 0.588709 0.477091 0.500246 0.370297 -0.0414836 -0.0322738 -0.104856 -0.065761 -0.0700974 -0.0381992 0.0750627 0.0698879 0.0764586 
0.500948 0.500854 0.446896 0.491407 0.482351 0.50242 0.0229096 0.0206187 0.0197208 0.0214932 0.022223 0.0220163 0.0748698 0.0711639 0.0728536 
0.447911 0.454758 0.496035 0.481012 0.478822 0.4514 -0.000924465 -0.000926 -0.00110962 -0.00108129 -0.00104755 -0.00095701 0.0321282 0.0380833 0.032048 
0.53094 0.524509 0.445497 0.503325 0.500844 0.527697 -0.0254094 -0.0119969 -0.000263987 -0.00616975 -0.0116528 -0.0184835 0.0918064 0.0914467 0.082536 
3.51417e-34 0.215435 0.295226 0.25699 0.163814 0.115228 -8.80379e-35 -4.53355e-05 -0.00015619 -9.05626e-05 -5.30673e-05 -2.17067e-05 0.0178055 0.0117798 0.0170502 
0.499985 0.496035 0.454758 0.481012 0.489022 0.499101 -0.00111132 -0.00110962 -0.000926 -0.00108129 -0.00105469 -0.0011466 0.0363002 0.032048 0.0380833 
1.65511e-34 3.41888e-34 0.214874 0.114961 0.114927 5.5247e-35 5.74681e-35 8.62641e-35 -4.23928e-05 -2.03852e-05 -1.06551e-05 1.43845e-34 0.0117256 0.0176178 0.0112897 
0.214874 3.41888e-34 0.294047 0.163068 0.256045 0.114961 -4.23928e-05 8.62641e-35 -0.000149777 -5.06389e-05 -8.59932e-05 -2.03852e-05 0.0112897 0.0176178 0.016648 
0.468389 0.504924 0.492644 0.501833 0.481615 0.493941 0.0170588 0.0216985 0.011225 0.0177069 0.0150333 0.0196977 0.0803609 0.078767 0.0874006 
0.380686 0.195835 0.30334 0.252441 0.344328 0.298742 -0.000282883 -0.000156541 -0.000492327 -0.000315281 -0.000477635 -0.000245129 0.0436852 0.0436089 0.0383948 
0.503893 0.492644 0.504924 0.501833 0.506369 0.508166 0.0199552 0.011225 0.0216985 0.0177069 0.0212677 0.0162651 0.0814613 0.0874006 0.078767 
0.500054 0.493031 0.469083 0.498352 0.493358 0.497938 0.00969114 0.0135504 0.0102986 0.0127034 0.0104133 0.0116384 0.0598369 0.0640267 0.0611795 
0.499985 0.495477 0.458484 0.495321 0.489295 0.498973 -0.00111132 -0.000823426 -0.00089472 -0.00089137 -0.00105127 -0.00100497 0.0363002 0.0403214 0.038664 
0.0181531 -0.0212066 -0.0523901 -0.0351557 -0.028979 -0.0147301 0.0244867 0.0628963 0.0413297 0.0532458 0.0396006 0.0524348 0.00282174 -0.00131118 0.00530361 
1.12494e-33 0.844126 0.842724 0.843664 0.512867 0.512233 1.03389e-33 -0.00217646 -0.00540775 -0.00339481 -0.00156945 -0.00106965 0.211587 0.233452 0.179135 
0.40472 0.163079 0.330211 0.240175 0.370297 0.284546 -0.0414836 -0.00675961 -0.0322738 -0.0167935 -0.0381992 -0.0209635 0.0750627 0.0714681 0.0698879 
0.308321 0.154172 0.203932 0.179545 0.259014 0.236939 -0.000498399 -0.000137649 -0.000159579 -0.000159019 -0.000322466 -0.000311965 0.0388528 0.0389527 0.0449006 
0.380686 0.329514 0.195835 0.267114 0.298742 0.356112 -0.000282883 0.0006953 -0.000156541 3.17416e-05 -0.000245129 0.000168241 0.0436852 0.0498364 0.0436089 
0.500121 0.458841 0.446896 0.453086 0.484066 0.487088 0.0179134 0.0154044 0.0197208 0.0176676 0.0197085 0.0172241 0.0675751 0.0681405 0.0728536 
0.512705 0.44602 0.445497 0.444688 0.490742 0.488486 0.00458731 0.0121957 -0.000263987 0.00638547 0.0021498 0.00935373 0.0874698 0.0822321 0.082536 
0.500002 0.469725 0.462174 0.466162 0.490777 0.492635 -0.000135605 -0.000301359 0.0014174 0.000426839 0.000589443 -0.000235512 0.0440813 0.0440715 0.0503114 
0.394588 0.35287 0.20476 0.283325 0.311376 0.374719 0.0102153 0.0100719 0.00254053 0.00588962 0.00618862 0.0105752 0.0667931 0.0747535 0.0667095 
2.77801e-34 0.272712 0.215435 0.244878 0.115292 0.149641 -2.9404e-35 -4.56495e-05 -4.53355e-05 -4.75367e-05 -8.50694e-06 -1.27419e-05 0.00594852 0.00700201 0.0117798 
0.503893 0.492068 0.492644 0.511262 0.508166 0.499184 0.0199552 0.0160735 0.011225 0.0135277 0.0162651 0.0182098 0.0814613 0.0829102 0.0874006 
0.447911 0.359158 0.454758 0.413587 0.4514 0.408959 -0.000924465 -0.000659248 -0.000926 -0.000842342 -0.00095701 -0.000808852 0.0321282 0.0338498 0.0380833 
0.308321 0.454758 0.359158 0.413587 0.334731 0.394281 -0.000498399 -0.000926 -0.000659248 -0.000842342 -0.000600542 -0.000741916 0.0388528 0.0380833 0.0338498 
0.390302 0.44283 0.295226 0.380417 0.346444 0.418709 -0.000147717 -0.000388594 -0.00015619 -0.000273258 -0.000159797 -0.000248157 0.0108818 0.0178836 0.0170502 
0.421243 0.32989 0.233586 0.287914 0.341245 0.381028 -0.00364982 -0.0152662 -0.000191918 -0.00554344 -0.00204969 -0.0102971 0.0982497 0.109397 0.100588 
0.344207 0.609916 0.547737 0.586678 0.449823 0.50314 -0.134588 -0.160978 -0.168894 -0.168963 -0.154897 -0.159674 0.07339 0.082334 0.0674985 
3.51417e-34 1.67136e-34 0.215435 0.115264 0.115228 5.45492e-35 -8.80379e-35 -5.87293e-35 -4.53355e-05 -1.11645e-05 -2.17067e-05 -1.46643e-34 0.0178055 0.0118906 0.0117798 
0.0181531 -0.081392 0.0682583 -0.0321917 0.0421743 -0.0398062 0.0244867 0.0143941 -0.0215651 0.00808917 0.000643747 0.0247587 0.00282174 0.016026 0.0138375 
0.345859 0.233586 0.175594 0.206237 0.269034 0.294514 0.00564097 -0.000191918 0.001557 0.00102307 0.00349788 0.00194727 0.0908662 0.100588 0.0908191 
0.470265 0.534701 0.451532 0.506565 0.462072 0.509604 -0.0529897 -0.0523812 -0.0737202 -0.0655363 -0.063373 -0.0542971 0.107901 0.0996699 0.11122 
0.355015 0.295226 0.44283 0.380417 0.403938 0.32644 -0.000384068 -0.00015619 -0.000388594 -0.000273258 -0.000403453 -0.000254626 0.0231862 0.0170502 0.0178836 
0.27774 0.337658 0.0682583 0.184271 0.164023 0.307183 -0.0977154 -0.089581 -0.0215651 -0.0496028 -0.0591267 -0.0928485 0.0271697 0.00922879 0.0138375 
0.444077 0.494223 0.469083 0.484027 0.457073 0.475602 0.00439108 0.00579143 0.0102986 0.00808121 0.00705091 0.00520532 0.0548119 0.0554145 0.0611795 
0.468389 0.492644 0.393776 0.45403 0.436408 0.481615 0.0170588 0.011225 0.0114751 0.0125129 0.014442 0.0150333 0.0803609 0.0874006 0.0832918 
0.500054 0.469083 0.494223 0.484027 0.499005 0.493358 0.00969114 0.0102986 0.00579143 0.00808121 0.00767159 0.0104133 0.0598369 0.0611795 0.0554145 
0.30334 0.341555 0.458484 0.409404 0.395185 0.322949 -0.000492327 -0.000607691 -0.00089472 -0.000827992 -0.000725729 -0.000577223 0.0383948 0.033048 0.038664 
0.026269 0.129253 0.303854 0.208719 0.149357 0.0754768 -0.0497833 -0.0814831 -0.121407 -0.10203 -0.0835424 -0.0661175 0.0558508 0.0746823 0.0507654 
0.995087 0.983696 0.74284 0.907276 0.916176 0.991902 -0.0362246 -0.0628061 -0.033075 -0.0497675 -0.0405755 -0.0506442 0.089728 0.0590759 0.07253 
0.308187 0.359967 0.462174 0.419186 0.400151 0.335357 0.000350731 0.00212136 0.0014174 0.00194625 0.000859302 0.00104742 0.0509589 0.0560456 0.0503114 
0.439923 0.458484 0.341555 0.409404 0.396584 0.449609 -0.000915518 -0.00089472 -0.000607691 -0.000827992 -0.00077712 -0.000938335 0.0328024 0.038664 0.033048 
0.345859 0.393776 0.492644 0.45403 0.438687 0.371534 0.00564097 0.0114751 0.011225 0.0125129 0.00823643 0.00878219 0.0908662 0.0832918 0.0874006 
0.287364 0.330669 0.446896 0.396138 0.379321 0.30987 0.00883173 0.0139977 0.0197208 0.017469 0.0147827 0.0114757 0.0732764 0.0761962 0.0728536 
0.247688 0.311305 0.445497 0.384773 0.354551 0.277861 0.00551647 -0.00272662 -0.000263987 -0.00224913 0.00460038 0.00254145 0.0786713 0.078416 0.082536 
0.404479 0.380008 0.273375 0.330895 0.345886 0.39258 -0.000161257 -6.6483e-05 -4.51434e-05 -5.77985e-05 -9.31309e-05 -0.000104064 0.0109137 0.00411188 0.0069295 
0.441831 0.462174 0.359967 0.419186 0.405401 0.452731 0.00440225 0.0014174 0.00212136 0.00194625 0.0032006 0.00273113 0.0570109 0.0503114 0.0560456 
0.417989 0.446896 0.330669 0.396138 0.377501 0.433204 0.0203846 0.0197208 0.0139977 0.017469 0.0175488 0.0205472 0.0769681 0.0728536 0.0761962 
0.433242 0.445497 0.311305 0.384773 0.374648 0.438694 -0.0173779 -0.000263987 -0.00272662 -0.00224913 -0.00881452 -0.00829998 0.0813696 0.082536 0.078416 
0.311259 0.20476 0.150649 0.177616 0.236796 0.261262 0.00396119 0.00254053 0.000886076 0.0015753 0.00225388 0.00358497 0.060639 0.0667095 0.0603675 
0.390302 0.272712 0.380103 0.330665 0.38527 0.336816 -0.000147717 -4.56495e-05 -6.6819e-05 -5.80495e-05 -9.9332e-05 -8.82839e-05 0.0108818 0.00700201 0.00413976 
0.609916 0.323366 0.50143 0.421845 0.556327 0.484892 -0.160978 -0.12261 -0.138912 -0.135676 -0.151935 -0.152091 0.082334 0.0925876 0.0975254 
0.563195 0.337658 0.27774 0.307183 0.416584 0.459425 -0.155065 -0.089581 -0.0977154 -0.0928485 -0.128882 -0.127314 0.0289732 0.00922879 0.0271697 
-1.06692e-34 -1.42235e-34 -0.081392 -0.0788205 -0.0674396 9.53297e-36 -3.34671e-35 -1.12286e-34 0.0143941 0.00589328 0.00898539 -1.67651e-34 0.00970958 0.0244907 0.016026 
0.404479 0.466824 0.380008 0.430161 0.39258 0.439679 -0.000161257 -0.000120608 -6.6483e-05 -9.31567e-05 -0.000104064 -0.000142158 0.0109137 0.00543673 0.00411188 
0.390302 0.380103 0.462945 0.427439 0.431436 0.38527 -0.000147717 -6.6819e-05 -0.000122791 -9.37184e-05 -0.000137775 -9.9332e-05 0.0108818 0.00413976 0.00578946 
0.444077 0.469083 0.362306 0.424571 0.40775 0.457073 0.00439108 0.0102986 0.0031869 0.00632497 0.00387539 0.00705091 0.0548119 0.0611795 0.05582 
0.500121 0.47858 0.469083 0.473751 0.494989 0.49737 0.0179134 0.0159434 0.0102986 0.01315 0.0143851 0.017381 0.0675751 0.0673918 0.0611795 
0.311259 0.362306 0.469083 0.424571 0.406776 0.337727 0.00396119 0.0031869 0.0102986 0.00632497 0.00726403 0.00368113 0.060639 0.05582 0.0611795 
0.00680841 0.0682583 -0.081392 -0.0321917 -0.0544203 0.0365296 -0.0304044 -0.0215651 0.0143941 0.00808917 -0.000696807 -0.0256619 0.0320071 0.0138375 0.016026 
0.344207 0.303854 0.129253 0.208719 0.232765 0.324669 -0.134588 -0.121407 -0.0814831 -0.10203 -0.10924 -0.129855 0.07339 0.0507654 0.0746823 
1.67136e-34 2.77801e-34 0.215435 0.115292 0.115264 5.46559e-35 -5.87293e-35 -2.9404e-35 -4.53355e-05 -8.50694e-06 -1.11645e-05 -8.80806e-35 0.0118906 0.00594852 0.0117798 
0.500002 0.466605 0.458484 0.462607 0.489343 0.491443 -0.000135605 -0.000169406 -0.00089472 -0.00066453 -0.000652909 -0.000121669 0.0440813 0.043994 0.038664 
0.330211 0.460274 0.588709 0.53687 0.477091 0.392994 -0.0322738 -0.0621352 -0.104856 -0.0847492 -0.065761 -0.0458229 0.0698879 0.0681015 0.0764586 
8.61713e-34 1.12494e-33 0.842724 0.512867 0.509559 -4.15428e-35 8.13213e-34 1.03389e-33 -0.00540775 -0.00156945 -0.00218553 1.85292e-33 0.166645 0.211587 0.179135 
0.632656 0.588709 0.460274 0.53687 0.556546 0.60961 -0.117804 -0.104856 -0.0621352 -0.0847492 -0.0896893 -0.112564 0.06917 0.0764586 0.0681015 
0.32989 0.486734 0.362431 0.435188 0.347755 0.42067 -0.0152662 -0.0292202 -0.0357966 -0.0355629 -0.0246268 -0.0243017 0.109397 0.102529 0.113517 
0.00680841 -0.0751225 0.026269 -0.0420593 0.0148715 -0.0523314 -0.0304044 -0.0096528 -0.0497833 -0.0257384 -0.0415715 -0.0187368 0.0320071 0.0514861 0.0558508 
0.290842 0.103847 0.163079 0.130905 0.22927 0.195906 -0.0119056 -0.00153056 -0.00675961 -0.00379907 -0.0109164 -0.00551789 0.0759054 0.074143 0.0714681 
0.288908 0.118741 0.152928 0.136204 0.222898 0.208095 0.012596 0.00267859 0.00428384 0.0034318 0.00822512 0.00732722 0.0786292 0.0789903 0.0793708 
0.327346 0.144973 0.190744 0.1689 0.263665 0.244487 0.00413462 0.000841517 0.00255496 0.00152083 0.00377108 0.0023573 0.0626418 0.0635894 0.0690157 
0.247688 0.152928 0.103667 0.12763 0.176085 0.199783 0.00551647 0.00428384 0.00154844 0.00273309 0.00349112 0.005631 0.0786713 0.0793708 0.0786253 
0.287364 0.190744 0.135139 0.163294 0.216259 0.242485 0.00883173 0.00255496 0.0020601 0.00237535 0.00515321 0.00530382 0.0732764 0.0690157 0.073662 
0.308187 0.203932 0.147697 0.17651 0.234131 0.259092 0.000350731 -0.000159579 6.47923e-05 -3.33291e-05 0.000188591 -3.79378e-05 0.0509589 0.0449006 0.0512496 
0.706754 0.995087 0.74284 0.916176 0.728838 0.908696 -0.0145141 -0.0362246 -0.033075 -0.0405755 -0.0217752 -0.0257344 0.110665 0.089728 0.07253 
0.433242 0.498307 0.526663 0.515894 0.488411 0.464012 -0.0173779 -0.0500349 -0.0367753 -0.0441077 -0.0265404 -0.0324533 0.0813696 0.0825596 0.0889159 
0.417989 0.436473 0.486081 0.465377 0.457585 0.426787 0.0203846 0.0194631 0.0231989 0.0218669 0.0224607 0.0205491 0.0769681 0.0801477 0.0777663 
0.55875 0.526663 0.498307 0.515894 0.548249 0.54776 -0.0723001 -0.0367753 -0.0500349 -0.0441077 -0.0630649 -0.0537811 0.0959011 0.0889159 0.0825596 
0.441831 0.457097 0.493201 0.47911 0.473775 0.450059 0.00440225 0.0098645 0.00587472 0.00794859 0.00524851 0.00688252 0.0570109 0.0629085 0.0562934 
0.503893 0.486081 0.436473 0.465377 0.480361 0.495949 0.0199552 0.0231989 0.0194631 0.0218669 0.0203439 0.0222693 0.0814613 0.0777663 0.0801477 
0.500054 0.493201 0.457097 0.47911 0.488153 0.497929 0.00969114 0.00587472 0.0098645 0.00794859 0.0102199 0.00771914 0.0598369 0.0562934 0.0629085 
0.433242 0.526663 0.445497 0.488334 0.438694 0.488411 -0.0173779 -0.0367753 -0.000263987 -0.0154156 -0.00829998 -0.0265404 0.0813696 0.0889159 0.082536 
0.417989 0.486081 0.446896 0.468212 0.433204 0.457585 0.0203846 0.0231989 0.0197208 0.0225457 0.0205472 0.0224607 0.0769681 0.0777663 0.0728536 
0.441831 0.493201 0.462174 0.481007 0.452731 0.473775 0.00440225 0.00587472 0.0014174 0.00326358 0.00273113 0.00524851 0.0570109 0.0562934 0.0503114 
0.53094 0.445497 0.526663 0.488334 0.530213 0.500844 -0.0254094 -0.000263987 -0.0367753 -0.0154156 -0.0312253 -0.0116528 0.0918064 0.082536 0.0889159 
0.500948 0.446896 0.486081 0.468212 0.495423 0.482351 0.0229096 0.0197208 0.0231989 0.0225457 0.0233259 0.022223 0.0748698 0.0728536 0.0777663 
0.500006 0.462174 0.493201 0.481007 0.498351 0.490572 0.00320508 0.0014174 0.00587472 0.00326358 0.00448867 0.00234091 0.0519449 0.0503114 0.0562934 
-0.0374903 -0.0523901 -0.0212066 -0.0351557 -0.0301317 -0.0470488 0.041504 0.0413297 0.0628963 0.0532458 0.0535886 0.0439198 0.00488289 0.00530361 -0.00131118 
2.76901e-34 0.214874 0.273375 0.244963 0.150017 0.114899 2.86976e-35 -4.23928e-05 -4.51434e-05 -4.54974e-05 -1.28632e-05 -8.52152e-06 0.00585991 0.0112897 0.0069295 
8.22434e-34 1.07628e-33 0.836885 0.516111 0.506128 1.09421e-34 -5.45963e-34 -3.09959e-34 -0.0215196 -0.00766949 -0.00505259 -8.04661e-34 0.113133 0.0552487 0.0815489 
0.512705 0.502563 0.492644 0.497771 0.512769 0.517134 0.00458731 -0.00432289 0.011225 0.00502175 0.0081586 -0.000369809 0.0874698 0.0938181 0.0874006 
0.625383 0.715663 0.4486 0.615287 0.537305 0.68805 -0.0939949 -0.145419 -0.0558418 -0.10188 -0.0741534 -0.122764 0.0575645 0.0614047 0.0628049 
0.632656 0.4486 0.715663 0.615287 0.67575 0.560703 -0.117804 -0.0558418 -0.145419 -0.10188 -0.131945 -0.0884925 0.06917 0.0628049 0.0614047 
0.989649 0.842724 0.844126 0.843664 0.978384 0.978101 -0.00485323 -0.00540775 -0.00217646 -0.00339481 -0.00391549 -0.00624 0.201117 0.179135 0.233452 
0.249239 0.346987 0.50143 0.422155 0.380361 0.30119 -0.0904304 -0.0881265 -0.138912 -0.115573 -0.120324 -0.0911955 0.10695 0.113832 0.0975254 
0.441831 0.359967 0.327346 0.344353 0.392091 0.405401 0.00440225 0.00212136 0.00413462 0.00311978 0.00461736 0.0032006 0.0570109 0.0560456 0.0626418 
0.417989 0.330669 0.288908 0.310145 0.359836 0.377501 0.0203846 0.0139977 0.012596 0.0135583 0.0171293 0.0175488 0.0769681 0.0761962 0.0786292 
0.433242 0.311305 0.290842 0.300169 0.368652 0.374648 -0.0173779 -0.00272662 -0.0119056 -0.007688 -0.0155436 -0.00881452 0.0813696 0.078416 0.0759054 
0.470265 0.362431 0.486734 0.435188 0.479842 0.419966 -0.0529897 -0.0357966 -0.0292202 -0.0355629 -0.0404584 -0.0459921 0.107901 0.113517 0.102529 
0.30334 0.195835 0.143111 0.169986 0.229097 0.252441 -0.000492327 -0.000156541 -0.000122945 -0.000148789 -0.000298631 -0.000315281 0.0383948 0.0436089 0.0380482 
0.447911 0.315566 0.359158 0.338087 0.408959 0.391865 -0.000924465 -0.000422868 -0.000659248 -0.000548335 -0.000808852 -0.000691635 0.0321282 0.0286752 0.0338498 
0.499612 0.44283 0.487366 0.469116 0.495657 0.483294 -0.000560398 -0.000388594 -0.000293337 -0.000346124 -0.000413852 -0.000491224 0.0192427 0.0178836 0.0127553 
0.499612 0.487366 0.488323 0.499978 0.498015 0.495657 -0.000560398 -0.000293337 -0.000342319 -0.000331133 -0.000448476 -0.000413852 0.0192427 0.0127553 0.0142575 
0.330211 0.163079 0.128436 0.146295 0.227816 0.240175 -0.0322738 -0.00675961 -0.00570205 -0.00660366 -0.0164965 -0.0167935 0.0698879 0.0714681 0.0671206 
0.329514 0.145561 0.195835 0.171091 0.267114 0.245619 0.0006953 7.00257e-05 -0.000156541 -3.45572e-05 3.17416e-05 0.000301366 0.0498364 0.0491279 0.0436089 
0.883202 0.963406 0.847687 0.955409 0.871549 0.952349 -0.116943 -0.0867991 -0.0606528 -0.0868969 -0.0932398 -0.106712 0.00520415 0.0420967 0.0156749 
1.12494e-33 9.52442e-34 0.844126 0.513592 0.512233 -3.21401e-35 1.03389e-33 1.2608e-33 -0.00217646 -0.000733806 -0.00106965 2.29826e-33 0.211587 0.257435 0.233452 
-3.20527e-36 0.0557681 0.086211 0.06827 -0.00313986 0.000425185 -5.23903e-34 -0.0277662 -0.0596692 -0.0435274 -0.0187578 -0.00878284 0.0983762 0.107905 0.091939 
0.357265 0.193153 0.315566 0.2582 0.337076 0.282991 -0.000356297 -0.00012736 -0.000422868 -0.000253306 -0.000399431 -0.000248524 0.0221102 0.0249721 0.0286752 
0.637821 0.563195 0.760541 0.685407 0.721535 0.598776 -0.154804 -0.155065 -0.171375 -0.17232 -0.170416 -0.155044 0.0214401 0.0289732 0.0439417 
0.444077 0.362306 0.329514 0.345937 0.394099 0.40775 0.00439108 0.0031869 0.0006953 0.00171996 0.0021379 0.00387539 0.0548119 0.05582 0.0498364 
0.822262 0.637821 0.760541 0.721535 0.790329 0.756787 -0.160117 -0.154804 -0.171375 -0.170416 -0.167014 -0.165376 0.0347187 0.0214401 0.0439417 
0.55875 0.573448 0.52009 0.568022 0.551588 0.566867 -0.0723001 -0.086274 -0.105954 -0.10043 -0.0908537 -0.079751 0.0959011 0.0905722 0.104661 
0.589814 0.52009 0.573448 0.568022 0.585595 0.560035 -0.118479 -0.105954 -0.086274 -0.10043 -0.10265 -0.114355 0.0930247 0.104661 0.0905722 
0.0181531 -0.0523901 -0.081392 -0.0677478 -0.0398062 -0.028979 0.0244867 0.0413297 0.0143941 0.0276864 0.0247587 0.0396006 0.00282174 0.00530361 0.016026 
8.7954e-34 7.34785e-34 0.706754 0.405738 0.39581 2.14043e-34 4.21379e-34 6.05741e-34 -0.0145141 -0.00419219 -0.00575632 1.04618e-33 0.0896232 0.124752 0.110665 
0.35287 0.15725 0.20476 0.181695 0.283325 0.264804 0.0100719 0.00194093 0.00254053 0.00231794 0.00588962 0.00558388 0.0747535 0.073787 0.0667095 
0.468389 0.393776 0.35287 0.374181 0.42025 0.436408 0.0170588 0.0114751 0.0100719 0.0113167 0.014341 0.014442 0.0803609 0.0832918 0.0747535 
0.500006 0.494223 0.461068 0.481134 0.490251 0.498533 0.00320508 0.00579143 0.00155223 0.00334814 0.00241057 0.00444881 0.0519449 0.0554145 0.049257 
0.444077 0.461068 0.494223 0.481134 0.475602 0.452807 0.00439108 0.00155223 0.00579143 0.00334814 0.00520532 0.00286074 0.0548119 0.049257 0.0554145 
0.32989 0.160475 0.233586 0.19895 0.287914 0.253323 -0.0152662 -0.00298493 -0.000191918 -0.00202091 -0.00554344 -0.00845941 0.109397 0.110302 0.100588 
0.355015 0.288302 0.186615 0.239975 0.278803 0.323228 -0.000384068 -0.000363181 -0.000125389 -0.000228527 -0.000259524 -0.000390911 0.0231862 0.0289711 0.0253982 
0.893794 0.607153 0.926974 0.819178 0.913181 0.825626 -0.135449 -0.053799 -0.111903 -0.0877443 -0.124014 -0.0991416 0.0302078 0.049871 0.0335049 
0.49873 0.491343 0.433426 0.469196 0.478446 0.49587 -0.00095149 -0.00109815 -0.000782756 -0.000962428 -0.000909712 -0.00103389 0.0274763 0.0317291 0.0283532 
0.404479 0.273375 0.214874 0.244963 0.322322 0.345886 -0.000161257 -4.51434e-05 -4.23928e-05 -4.54974e-05 -0.000101828 -9.31309e-05 0.0109137 0.0069295 0.0112897 
0.489766 0.408107 0.466824 0.441122 0.479935 0.459141 -8.62832e-05 -5.69167e-05 -0.000120608 -8.0332e-05 -9.73553e-05 -7.5933e-05 -1.23786e-06 -3.38105e-06 0.00543673 
0.408191 0.489791 0.462945 0.478463 0.438627 0.459194 -5.72812e-05 -8.59937e-05 -0.000122791 -9.80478e-05 -8.08295e-05 -7.60718e-05 3.30263e-06 1.1042e-06 0.00578946 
0.500948 0.504924 0.47728 0.495483 0.499829 0.504105 0.0229096 0.0216985 0.0189299 0.0211187 0.0215742 0.0227119 0.0748698 0.078767 0.0733565 
0.468389 0.47728 0.504924 0.495483 0.493941 0.473173 0.0170588 0.0189299 0.0216985 0.0211187 0.0196977 0.0186574 0.0803609 0.0733565 0.078767 
0.499612 0.488323 0.472971 0.481433 0.494723 0.498015 -0.000560398 -0.000342319 -0.000579003 -0.000452678 -0.000588204 -0.000448476 0.0192427 0.0142575 0.0211333 
2.76901e-34 1.65511e-34 0.214874 0.114927 0.114899 5.51426e-35 2.86976e-35 5.74681e-35 -4.23928e-05 -1.06551e-05 -8.52152e-06 8.62138e-35 0.00585991 0.0117256 0.0112897 
8.7954e-34 0.706754 0.74284 0.728838 0.434923 0.39581 4.21379e-34 -0.0145141 -0.033075 -0.0217752 -0.0101374 -0.00575632 0.0896232 0.110665 0.07253 
0.00680841 -0.081392 -0.0883124 -0.0891283 -0.064925 -0.0544203 -0.0304044 0.0143941 6.20433e-05 0.00506061 -0.00872841 -0.000696807 0.0320071 0.016026 0.0335925 
-1.42235e-34 -0.0883124 -0.081392 -0.0891283 -0.0788205 -0.0641517 -1.12286e-34 6.20433e-05 0.0143941 0.00506061 0.00589328 0.00204291 0.0244907 0.0335925 0.016026 
0.390302 0.295226 0.215435 0.25699 0.313095 0.346444 -0.000147717 -0.00015619 -4.53355e-05 -9.05626e-05 -9.80519e-05 -0.000159797 0.0108818 0.0170502 0.0117798 
0.49873 0.433426 0.477537 0.458404 0.4914 0.478446 -0.00095149 -0.000782756 -0.000713349 -0.000763175 -0.000843428 -0.000909712 0.0274763 0.0283532 0.0237122 
0.995087 0.847687 0.983696 0.964301 0.991902 0.970617 -0.0362246 -0.0606528 -0.0628061 -0.0719225 -0.0506442 -0.0538779 0.089728 0.0156749 0.0590759 
0.390302 0.215435 0.272712 0.244878 0.336816 0.313095 -0.000147717 -4.53355e-05 -4.56495e-05 -4.75367e-05 -8.82839e-05 -9.80519e-05 0.0108818 0.0117798 0.00700201 
0.53094 0.534701 0.486734 0.513146 0.524265 0.537681 -0.0254094 -0.0523812 -0.0292202 -0.0405897 -0.029288 -0.0386279 0.0918064 0.0996699 0.102529 
0.470265 0.486734 0.534701 0.513146 0.509604 0.479842 -0.0529897 -0.0292202 -0.0523812 -0.0405897 -0.0542971 -0.0404584 0.107901 0.102529 0.0996699 
0.404479 0.214874 0.294047 0.256045 0.354505 0.322322 -0.000161257 -4.23928e-05 -0.000149777 -8.59932e-05 -0.000164974 -0.000101828 0.0109137 0.0112897 0.016648 
0.488323 0.427769 0.472971 0.453085 0.481433 0.464509 -0.000342319 -0.000333567 -0.000579003 -0.000449127 -0.000452678 -0.000348151 0.0142575 0.0170059 0.0211333 
3.35449e-34 0.203163 0.315566 0.26274 0.177146 0.108127 1.44437e-34 -0.000220774 -0.000422868 -0.000327666 -0.000146562 -7.19973e-05 0.0295215 0.0336954 0.0286752 
2.76901e-34 0.273375 0.180878 0.229094 0.0954909 0.150017 2.86976e-35 -4.51434e-05 -1.38979e-05 -2.62782e-05 -5.24743e-06 -1.28632e-05 0.00585991 0.0069295 0.00364582 
3.35449e-34 0.315566 0.193153 0.2582 0.102524 0.177146 1.44437e-34 -0.000422868 -0.00012736 -0.000253306 -5.69398e-05 -0.000146562 0.0295215 0.0286752 0.0249721 
-1.06692e-34 -0.081392 -0.0542803 -0.0738804 -0.0394903 -0.0674396 -3.34671e-35 0.0143941 0.019323 0.019582 0.00633786 0.00898539 0.00970958 0.016026 0.00826413 
3.51417e-34 0.295226 0.204323 0.251845 0.108871 0.163814 -8.80379e-35 -0.00015619 -0.000112026 -0.000141614 -2.91006e-05 -5.30673e-05 0.0178055 0.0170502 0.0216327 
0.893794 0.838505 0.607153 0.762422 0.825626 0.872524 -0.135449 -0.125846 -0.053799 -0.092226 -0.0991416 -0.132227 0.0302078 0.0410795 0.049871 
0.404479 0.294047 0.427769 0.369471 0.416517 0.354505 -0.000161257 -0.000149777 -0.000333567 -0.000242269 -0.000235614 -0.000164974 0.0109137 0.016648 0.0170059 
8.22434e-34 0.836885 0.703386 0.774536 0.406113 0.506128 -5.45963e-34 -0.0215196 -0.0079719 -0.01234 -0.00272552 -0.00505259 0.113133 0.0815489 0.122454 
0.75 1 0.93729 0.984302 0.859265 0.9375 -3.67671e-37 -6.87915e-37 -0.000639948 -0.000478666 -0.000346626 -1.31413e-36 0.351129 0.350541 0.310515 
4.29385e-34 0.294598 0.4486 0.378071 0.216421 0.131621 2.50082e-34 -0.0236519 -0.0558418 -0.0390506 -0.0147068 -0.00561898 0.0572508 0.056241 0.0628049 
0.836885 0.847687 0.995087 0.970617 0.970231 0.841312 -0.0215196 -0.0606528 -0.0362246 -0.0538779 -0.0345821 -0.0319492 0.0815489 0.0156749 0.089728 
0.357265 0.427769 0.294047 0.369471 0.327073 0.39549 -0.000356297 -0.000333567 -0.000149777 -0.000242269 -0.000239957 -0.000354938 0.0221102 0.0170059 0.016648 
0.249239 0.086211 0.0557681 0.06827 0.141408 0.166563 -0.0904304 -0.0596692 -0.0277662 -0.0435274 -0.0595116 -0.0775342 0.10695 0.091939 0.107905 
2.77801e-34 0.169639 0.272712 0.223585 0.149641 0.089201 -2.9404e-35 -1.23712e-05 -4.56495e-05 -2.53754e-05 -1.27419e-05 -4.52067e-06 0.00594852 0.00383088 0.00700201 
9.52442e-34 0.706302 0.844126 0.780828 0.513592 0.405258 1.2608e-33 -0.00069983 -0.00217646 -0.00120518 -0.000733806 -0.000293263 0.257435 0.283181 0.233452 
4.72261e-34 5.49138e-34 0.607153 0.340578 0.310593 -2.20145e-35 1.97239e-34 2.10854e-34 -0.053799 -0.0142208 -0.0151113 4.51458e-34 0.0441764 0.0466425 0.049871 
0.249239 0.323366 0.086211 0.197019 0.166563 0.283722 -0.0904304 -0.12261 -0.0596692 -0.0930982 -0.0775342 -0.107181 0.10695 0.0925876 0.091939 
0.983696 0.847687 0.963406 0.955409 0.974401 0.964301 -0.0628061 -0.0606528 -0.0867991 -0.0868969 -0.0747632 -0.0719225 0.0590759 0.0156749 0.0420967 
-3.20527e-36 0.086211 -0.0289584 0.0200824 -0.029828 -0.00313986 -5.23903e-34 -0.0596692 -0.0249958 -0.0414196 -0.00868433 -0.0187578 0.0983762 0.091939 0.074752 
0.80093 0.74284 0.963406 0.897251 0.905545 0.778571 -0.0645898 -0.033075 -0.0867991 -0.059718 -0.0779908 -0.0490945 0.050767 0.07253 0.0420967 
0.447911 0.496035 0.466757 0.484956 0.457856 0.478822 -0.000924465 -0.00110962 -0.000821145 -0.000991822 -0.000890775 -0.00104755 0.0321282 0.032048 0.0267963 
0.49873 0.466757 0.496035 0.484956 0.499801 0.494601 -0.00095149 -0.000821145 -0.00110962 -0.000991822 -0.0010448 -0.000923706 0.0274763 0.0267963 0.032048 
0.625383 0.4486 0.294598 0.378071 0.471139 0.537305 -0.0939949 -0.0558418 -0.0236519 -0.0390506 -0.0550193 -0.0741534 0.0575645 0.0628049 0.056241 
0.632656 0.460274 0.4486 0.455633 0.560703 0.556546 -0.117804 -0.0621352 -0.0558418 -0.0597341 -0.0884925 -0.0896893 0.06917 0.0681015 0.0628049 
0.80093 0.926974 0.607153 0.819178 0.708087 0.89024 -0.0645898 -0.111903 -0.053799 -0.0877443 -0.0624992 -0.0886653 0.050767 0.0335049 0.049871 
7.40883e-34 7.74513e-34 0.774691 0.457431 0.456267 1.69874e-34 -1.2302e-33 -1.00871e-33 -0.00172246 -0.000633601 -0.000487398 -2.23758e-33 0.25821 0.211606 0.236413 
4.29385e-34 0.4486 0.218142 0.326821 0.112672 0.216421 2.50082e-34 -0.0558418 -0.0155055 -0.0322256 -0.00447981 -0.0147068 0.0572508 0.0628049 0.0648138 
0.998661 0.93729 0.986664 0.995446 0.994202 0.988603 -0.00148252 -0.000639948 -0.000539106 -0.000658081 -0.000968108 -0.00109937 0.272436 0.310515 0.32049 
0.355015 0.186615 0.204323 0.195533 0.286322 0.278803 -0.000384068 -0.000125389 -0.000112026 -0.00011893 -0.00024026 -0.000259524 0.0231862 0.0253982 0.0216327 
0.998661 0.986664 0.749923 0.905277 0.927969 0.994202 -0.00148252 -0.000539106 -0.000481229 -0.000577823 -0.000993124 -0.000968108 0.272436 0.32049 0.307894 
0.499612 0.477537 0.44283 0.462188 0.483294 0.492836 -0.000560398 -0.000713349 -0.000388594 -0.00053889 -0.000491224 -0.000647062 0.0192427 0.0237122 0.0178836 
0.451532 0.274646 0.362431 0.322477 0.407665 0.368667 -0.0737202 -0.0462868 -0.0357966 -0.042276 -0.0545736 -0.0635048 0.11122 0.119015 0.113517 
0.6452 0.303854 0.547737 0.436465 0.596512 0.489436 -0.17785 -0.121407 -0.168894 -0.152537 -0.174233 -0.159538 0.0554338 0.0507654 0.0674985 
0.355015 0.44283 0.477537 0.462188 0.429596 0.403938 -0.000384068 -0.000388594 -0.000713349 -0.00053889 -0.000566736 -0.000403453 0.0231862 0.0178836 0.0237122 
0.362431 0.274646 0.206818 0.244525 0.289322 0.322477 -0.0357966 -0.0462868 -0.0141978 -0.0286401 -0.0259462 -0.042276 0.113517 0.119015 0.117595 
0.344207 0.547737 0.303854 0.436465 0.324669 0.449823 -0.134588 -0.168894 -0.121407 -0.152537 -0.129855 -0.154897 0.07339 0.0674985 0.0507654 
3.0049e-34 0.288302 0.19521 0.243831 0.103656 0.159327 -1.45978e-34 -0.000363181 -0.000209006 -0.000294488 -6.77297e-05 -0.000123971 0.0295137 0.0289711 0.0336492 
1.04485e-34 -0.0212066 0.024846 -0.00957036 0.000426315 -0.00904866 9.2992e-35 0.0628963 0.0477582 0.0635609 0.055163 0.058931 -0.0238128 -0.00131118 -0.00877471 
0.355015 0.433426 0.288302 0.371047 0.323228 0.398005 -0.000384068 -0.000782756 -0.000363181 -0.000588488 -0.000390911 -0.00057308 0.0231862 0.0283532 0.0289711 
1.07628e-33 0.847687 0.836885 0.841312 0.516111 0.547541 -3.09959e-34 -0.0606528 -0.0215196 -0.0319492 -0.00766949 -0.0311556 0.0552487 0.0156749 0.0815489 
2.0157e-34 0.160475 0.206818 0.188176 0.116554 0.083362 -5.7489e-34 -0.00298493 -0.0141978 -0.00741163 -0.00362876 -0.00113471 0.115565 0.110302 0.117595 
5.49138e-34 0.396621 0.607153 0.517966 0.340578 0.200004 2.10854e-34 -0.0170373 -0.053799 -0.031874 -0.0142208 -0.00447881 0.0466425 0.0570056 0.049871 
0.80093 0.607153 0.396621 0.517966 0.625976 0.708087 -0.0645898 -0.053799 -0.0170373 -0.031874 -0.0389618 -0.0624992 0.050767 0.049871 0.0570056 
0.998661 0.844126 0.706302 0.780828 0.935989 0.96778 -0.00148252 -0.00217646 -0.00069983 -0.00120518 -0.00130696 -0.00211353 0.272436 0.233452 0.283181 
6.39936e-35 1.18534e-34 0.138183 0.0697651 0.048082 -3.97722e-36 -5.92493e-34 -6.24704e-34 -0.0331754 -0.00995014 -0.0106437 -1.1836e-33 0.116406 0.123961 0.118102 
0.355015 0.204323 0.295226 0.251845 0.32644 0.286322 -0.000384068 -0.000112026 -0.00015619 -0.000141614 -0.000254626 -0.00024026 0.0231862 0.0216327 0.0170502 
0.357265 0.199237 0.193153 0.196199 0.282991 0.285522 -0.000356297 -9.96031e-05 -0.00012736 -0.000111931 -0.000248524 -0.000222154 0.0221102 0.0210188 0.0249721 
0.489766 0.466824 0.499982 0.491762 0.497465 0.479935 -8.62832e-05 -0.000120608 -0.000120069 -0.000124327 -9.9245e-05 -9.73553e-05 -1.23786e-06 0.00543673 0.00381165 
3.0049e-34 0.186615 0.288302 0.239975 0.159327 0.0986511 -1.45978e-34 -0.000125389 -0.000363181 -0.000228527 -0.000123971 -5.29934e-05 0.0295137 0.0253982 0.0289711 
0.489791 0.499982 0.462945 0.490649 0.478463 0.497397 -8.59937e-05 -0.000120069 -0.000122791 -0.000125715 -9.80478e-05 -9.89839e-05 1.1042e-06 0.00381165 0.00578946 
3.41888e-34 0.199237 0.294047 0.24889 0.163068 0.105882 8.62641e-35 -9.96031e-05 -0.000149777 -0.000132341 -5.06389e-05 -2.55617e-05 0.0176178 0.0210188 0.016648 
-3.20527e-36 6.39936e-35 0.0557681 0.0199006 0.000425185 -2.81825e-35 -5.23903e-34 -5.92493e-34 -0.0277662 -0.00817617 -0.00878284 -1.05907e-33 0.0983762 0.116406 0.107905 
-3.69048e-35 -0.0542803 -0.0153435 -0.0345724 -0.0118128 -0.0265321 -6.28421e-36 0.019323 0.0142543 0.0182164 0.00425617 0.00621419 0.00305363 0.00826413 0.00551262 
0.0181531 0.0682583 0.337658 0.184271 0.142054 0.0421743 0.0244867 -0.0215651 -0.089581 -0.0496028 -0.0247135 0.000643747 0.00282174 0.0138375 0.00922879 
1.76181e-34 2.0157e-34 0.206818 0.116554 0.106373 7.25999e-35 -6.14538e-34 -5.7489e-34 -0.0141978 -0.00362876 -0.00463454 -1.17742e-33 0.123009 0.115565 0.117595 
0.00680841 -0.0883124 -0.0751225 -0.0841168 -0.0523314 -0.064925 -0.0304044 6.20433e-05 -0.0096528 -0.00466428 -0.0187368 -0.00872841 0.0320071 0.0335925 0.0514861 
0.80093 0.396621 0.74284 0.579011 0.778571 0.625976 -0.0645898 -0.0170373 -0.033075 -0.0253702 -0.0490945 -0.0389618 0.050767 0.0570056 0.07253 
0.63062 0.607153 0.838505 0.762422 0.756718 0.623259 -0.0728247 -0.053799 -0.125846 -0.092226 -0.101637 -0.0638022 0.0486494 0.049871 0.0410795 
1.09811e-33 0.847687 1.07628e-33 0.547541 3.02612e-34 0.567635 5.51807e-36 -0.0606528 -3.09959e-34 -0.0311556 -1.7984e-35 -0.0825032 -0.0712518 0.0156749 0.0552487 
0.32989 0.206818 0.160475 0.188176 0.253323 0.271983 -0.0152662 -0.0141978 -0.00298493 -0.00741163 -0.00845941 -0.0167132 0.109397 0.117595 0.110302 
0.499982 0.499982 0.466824 0.491762 0.491703 0.499982 -0.000196839 -0.000120069 -0.000120608 -0.000124327 -0.000159979 -0.000153233 0.00844864 0.00381165 0.00543673 
0.499982 0.462945 0.499982 0.490649 0.499982 0.490711 -0.000196839 -0.000122791 -0.000120069 -0.000125715 -0.000153233 -0.000162705 0.00844864 0.00578946 0.00381165 
9.54008e-34 8.22434e-34 0.703386 0.406113 0.401226 3.51781e-34 -7.83288e-34 -5.45963e-34 -0.0079719 -0.00272552 -0.00203327 -1.31872e-33 0.163517 0.113133 0.122454 
-1.01344e-34 -0.0289584 -0.0751225 -0.0557706 -0.0554235 -0.0462909 -3.71036e-34 -0.0249958 -0.0096528 -0.0169054 -0.00352181 -0.0065979 0.0732164 0.074752 0.0514861 
0.999356 0.995087 0.706754 0.908696 0.918825 0.997756 -0.0155197 -0.0362246 -0.0145141 -0.0257344 -0.018165 -0.0247387 0.133419 0.089728 0.110665 
9.54008e-34 0.703386 0.834953 0.773879 0.507384 0.401226 -7.83288e-34 -0.0079719 -0.00667338 -0.00771876 -0.00219928 -0.00203327 0.163517 0.122454 0.160131 
0.822262 0.760541 0.75609 0.795005 0.817006 0.790329 -0.160117 -0.171375 -0.118182 -0.151749 -0.144051 -0.167014 0.0347187 0.0439417 0.0490471 
0.357265 0.294047 0.199237 0.24889 0.285522 0.327073 -0.000356297 -0.000149777 -9.96031e-05 -0.000132341 -0.000222154 -0.000239957 0.0221102 0.016648 0.0210188 
0.354742 0.337658 0.737869 0.537212 0.573757 0.347218 -0.0854676 -0.089581 -0.153832 -0.131697 -0.130171 -0.0863069 -0.00119906 0.00922879 0.0159983 
0.983696 0.963406 0.74284 0.897251 0.907276 0.974401 -0.0628061 -0.0867991 -0.033075 -0.059718 -0.0497675 -0.0747632 0.0590759 0.0420967 0.07253 
1.04485e-34 -2.58529e-35 -0.0212066 -0.00828797 -0.00904866 8.06868e-35 9.2992e-35 6.50018e-35 0.0628963 0.052333 0.058931 6.62406e-35 -0.0238128 0.00423508 -0.00131118 
0.999356 0.706754 0.64764 0.679086 0.903674 0.918825 -0.0155197 -0.0145141 -0.00651107 -0.00945316 -0.0130024 -0.018165 0.133419 0.110665 0.144163 
0.999356 0.836885 0.995087 0.970231 0.997756 0.964192 -0.0155197 -0.0215196 -0.0362246 -0.0345821 -0.0247387 -0.0220472 0.133419 0.0815489 0.089728 
0.244829 0.180878 0.380008 0.292374 0.318711 0.213746 -2.06223e-05 -1.38979e-05 -6.6483e-05 -3.78368e-05 -3.86986e-05 -1.68408e-05 -2.20574e-06 0.00364582 0.00411188 
0.244951 0.380103 0.169639 0.287934 0.208511 0.318837 -2.06592e-05 -6.6819e-05 -1.23712e-05 -3.70433e-05 -1.61635e-05 -3.87655e-05 2.29508e-06 0.00413976 0.00383088 
0.390302 0.487366 0.44283 0.469116 0.418709 0.450809 -0.000147717 -0.000293337 -0.000388594 -0.000346124 -0.000248157 -0.000222623 0.0108818 0.0127553 0.0178836 
7.34785e-34 0.64764 0.706754 0.679086 0.405738 0.361449 6.05741e-34 -0.00651107 -0.0145141 -0.00945316 -0.00419219 -0.00225895 0.124752 0.144163 0.110665 
0.421243 0.492644 0.502563 0.497771 0.469733 0.465352 -0.00364982 0.011225 -0.00432289 0.00502175 -0.00478597 0.00353892 0.0982497 0.0874006 0.0938181 
0.394588 0.469083 0.47858 0.473751 0.444457 0.437531 0.0102153 0.0102986 0.0159434 0.01315 0.0133325 0.0108151 0.0667931 0.0611795 0.0673918 
7.74513e-34 0.645164 0.774691 0.713511 0.457431 0.363459 -1.00871e-33 -0.0022691 -0.00172246 -0.00203442 -0.000633601 -0.000588099 0.211606 0.193969 0.236413 
0.998661 0.749923 0.624638 0.690415 0.894823 0.927969 -0.00148252 -0.000481229 -0.000655936 -0.000588682 -0.00127613 -0.000993124 0.272436 0.307894 0.272943 
0.00680841 0.303854 0.27774 0.291759 0.125029 0.139314 -0.0304044 -0.121407 -0.0977154 -0.1114 -0.0594537 -0.0742961 0.0320071 0.0507654 0.0271697 
8.61713e-34 0.842724 0.64764 0.754825 0.365749 0.509559 8.13213e-34 -0.00540775 -0.00651107 -0.00629935 -0.00164563 -0.00218553 0.166645 0.179135 0.144163 
0.384787 0.462174 0.469725 0.466162 0.434098 0.428964 -0.000326128 0.0014174 -0.000301359 0.000426839 -0.000319051 0.000274737 0.04472 0.0503114 0.0440715 
3.09668e-34 3.273e-34 0.392806 0.202162 0.1815 4.94768e-35 2.36853e-34 2.08432e-34 -0.0352372 -0.00908464 -0.00828549 4.77138e-34 0.0509592 0.0447841 0.0527877 
0.999356 0.703386 0.836885 0.774536 0.964192 0.934173 -0.0155197 -0.0079719 -0.0215196 -0.01234 -0.0220472 -0.0146531 0.133419 0.122454 0.0815489 
-3.69048e-35 -1.06692e-34 -0.0542803 -0.0394903 -0.0265321 -3.05491e-35 -6.28421e-36 -3.34671e-35 0.019323 0.00633786 0.00621419 -6.09436e-35 0.00305363 0.00970958 0.00826413 
1.87996e-34 3.51417e-34 0.204323 0.108871 0.108798 7.02422e-35 -1.17084e-34 -8.80379e-35 -0.000112026 -2.91006e-05 -3.15387e-05 -2.04957e-34 0.0236994 0.0178055 0.0216327 
0.75 0.749923 0.986664 0.905277 0.905291 0.749918 -4.25921e-37 -0.000481229 -0.000539106 -0.000577823 -0.000335096 -0.000260754 0.350008 0.307894 0.32049 
0.40472 0.566443 0.498307 0.531668 0.457762 0.499181 -0.0414836 -0.0890187 -0.0500349 -0.0684717 -0.0477244 -0.0650483 0.0750627 0.082942 0.0825596 
0.334962 0.445497 0.44602 0.444688 0.395364 0.390673 0.0124042 -0.000263987 0.0121957 0.00638547 0.0130492 0.0086023 0.0797778 0.082536 0.0822321 
0.371214 0.446896 0.458841 0.453086 0.420849 0.413146 0.0102545 0.0197208 0.0154044 0.0176676 0.0131272 0.0150412 0.0687271 0.0728536 0.0681405 
0.6452 0.715663 0.760541 0.7521 0.704023 0.716621 -0.17785 -0.145419 -0.171375 -0.161989 -0.177032 -0.170882 0.0554338 0.0614047 0.0439417 
0.380686 0.458484 0.466605 0.462607 0.430255 0.424554 -0.000282883 -0.00089472 -0.000169406 -0.00066453 -0.00023034 -0.000604427 0.0436852 0.038664 0.043994 
0.288302 0.433426 0.341555 0.392372 0.3159 0.371047 -0.000363181 -0.000782756 -0.000607691 -0.000718 -0.00048117 -0.000588488 0.0289711 0.0283532 0.033048 
0.499982 0.488323 0.487366 0.499978 0.496823 0.497072 -0.000196839 -0.000342319 -0.000293337 -0.000331133 -0.000243573 -0.000263193 0.00844864 0.0142575 0.0127553 
0.6452 0.530745 0.303854 0.414363 0.489436 0.596973 -0.17785 -0.159378 -0.121407 -0.141878 -0.159538 -0.172722 0.0554338 0.0390692 0.0507654 
0.499985 0.454758 0.495477 0.480437 0.498973 0.489022 -0.00111132 -0.000926 -0.000823426 -0.000914833 -0.00100497 -0.00105469 0.0363002 0.0380833 0.0403214 
-1.43725e-35 -3.69048e-35 -0.0153435 -0.0118128 -0.00171212 9.69933e-37 -1.13327e-35 -6.28421e-36 0.0142543 0.00425617 0.00182213 -4.32468e-35 0.00557019 0.00305363 0.00551262 
0.384787 0.469725 0.454758 0.462658 0.423843 0.434098 -0.000326128 -0.000301359 -0.000926 -0.00075043 -0.000671215 -0.000319051 0.04472 0.0440715 0.0380833 
0.354742 0.105522 0.024846 0.0530172 0.136492 0.222894 -0.0854676 0.00107567 0.0477582 0.0327787 -0.00988326 -0.0438636 -0.00119906 -0.0289197 -0.00877471 
-1.43725e-35 -0.0153435 -3.78174e-35 -0.00457977 -5.48709e-35 -0.00171212 -1.13327e-35 0.0142543 2.01867e-35 0.0103448 -3.26602e-36 0.00182213 0.00557019 0.00551262 0.00806191 
0.439923 0.341555 0.433426 0.392372 0.436721 0.396584 -0.000915518 -0.000607691 -0.000782756 -0.000718 -0.000872268 -0.00077712 0.0328024 0.033048 0.0283532 
0.63062 0.29292 0.607153 0.448234 0.623259 0.474237 -0.0728247 -0.0172107 -0.053799 -0.0324016 -0.0638022 -0.0415701 0.0486494 0.0473218 0.049871 
0.6452 0.760541 0.530745 0.665239 0.596973 0.704023 -0.17785 -0.171375 -0.159378 -0.174743 -0.172722 -0.177032 0.0554338 0.0439417 0.0390692 
0.404479 0.427769 0.488323 0.464509 0.456504 0.416517 -0.000161257 -0.000333567 -0.000342319 -0.000348151 -0.000248771 -0.000235614 0.0109137 0.0170059 0.0142575 
9.52442e-34 6.96029e-34 0.706302 0.405684 0.405258 3.06568e-34 1.2608e-33 1.49041e-33 -0.00069983 -0.000175813 -0.000293263 2.75232e-33 0.257435 0.304088 0.283181 
0.371214 0.458841 0.457097 0.458168 0.419775 0.420849 0.0102545 0.0154044 0.0098645 0.0126022 0.0105773 0.0131272 0.0687271 0.0681405 0.0629085 
0.998661 0.997014 0.844126 0.971137 0.96778 0.997862 -0.00148252 -0.00282938 -0.00217646 -0.00282045 -0.00211353 -0.00218205 0.272436 0.23592 0.233452 
0.334962 0.44602 0.436473 0.44046 0.390505 0.395364 0.0124042 0.0121957 0.0194631 0.0167685 0.0163054 0.0130492 0.0797778 0.0822321 0.0801477 
0.999356 0.64764 0.842724 0.754825 0.956926 0.903674 -0.0155197 -0.00651107 -0.00540775 -0.00629935 -0.0102819 -0.0130024 0.133419 0.144163 0.179135 
0.500054 0.457097 0.493031 0.478749 0.497938 0.488153 0.00969114 0.0098645 0.0135504 0.011785 0.0116384 0.0102199 0.0598369 0.0629085 0.0640267 
4.29385e-34 3.09668e-34 0.294598 0.146564 0.131621 7.71288e-35 2.50082e-34 2.36853e-34 -0.0236519 -0.00622336 -0.00561898 5.34376e-34 0.0572508 0.0509592 0.056241 
-0.0374903 -0.0153435 -0.0542803 -0.0345724 -0.0478682 -0.0282151 0.041504 0.0142543 0.019323 0.0182164 0.0309204 0.0282294 0.00488289 0.00551262 0.00826413 
0.354742 0.127161 0.337658 0.227059 0.347218 0.222172 -0.0854676 -0.010082 -0.089581 -0.0509668 -0.0863069 -0.0444192 -0.00119906 -0.00211252 0.00922879 
0.40472 0.588709 0.566443 0.577085 0.499181 0.500246 -0.0414836 -0.104856 -0.0890187 -0.0977664 -0.0650483 -0.0700974 0.0750627 0.0764586 0.082942 
0.503893 0.436473 0.492068 0.467655 0.499184 0.480361 0.0199552 0.0194631 0.0160735 0.0184785 0.0182098 0.0203439 0.0814613 0.0801477 0.0829102 
0.55875 0.498307 0.573448 0.545436 0.566867 0.548249 -0.0723001 -0.0500349 -0.086274 -0.067992 -0.079751 -0.0630649 0.0959011 0.0825596 0.0905722 
0.989649 0.844126 0.997014 0.971137 0.993894 0.978384 -0.00485323 -0.00217646 -0.00282938 -0.00282045 -0.00360816 -0.00391549 0.201117 0.233452 0.23592 
0.998661 0.624638 0.774691 0.704331 0.934784 0.894823 -0.00148252 -0.000655936 -0.00172246 -0.00103002 -0.00188583 -0.00127613 0.272436 0.272943 0.236413 
0.893794 0.737869 0.838505 0.852274 0.872524 0.842036 -0.135449 -0.153832 -0.125846 -0.153073 -0.132227 -0.152158 0.0302078 0.0159983 0.0410795 
0.026269 -0.0751225 -0.0289584 -0.0557706 -0.00918733 -0.0420593 -0.0497833 -0.0096528 -0.0249958 -0.0169054 -0.0375641 -0.0257384 0.0558508 0.0514861 0.074752 
1.04485e-34 0.024846 0.105522 0.0530172 0.00983177 0.000426315 9.2992e-35 0.0477582 0.00107567 0.0327787 0.039239 0.055163 -0.0238128 -0.00877471 -0.0289197 
0.609916 0.62025 0.588709 0.616848 0.642523 0.624054 -0.160978 -0.129723 -0.104856 -0.119953 -0.140142 -0.147238 0.082334 0.0853176 0.0764586 
4.72261e-34 0.607153 0.29292 0.448234 0.154963 0.310593 1.97239e-34 -0.053799 -0.0172107 -0.0324016 -0.00553837 -0.0151113 0.0441764 0.049871 0.0473218 
0.632656 0.715663 0.673651 0.704228 0.679533 0.67575 -0.117804 -0.145419 -0.166874 -0.159841 -0.146847 -0.131945 0.06917 0.0614047 0.0702586 
0.6452 0.673651 0.715663 0.704228 0.716621 0.666592 -0.17785 -0.166874 -0.145419 -0.159841 -0.170882 -0.175496 0.0554338 0.0702586 0.0614047 
0.439923 0.433426 0.491343 0.469196 0.471396 0.436721 -0.000915518 -0.000782756 -0.00109815 -0.000962428 -0.00102412 -0.000872268 0.0328024 0.0283532 0.0317291 
6.39936e-35 0.138183 0.0557681 0.096497 0.0199006 0.048082 -5.92493e-34 -0.0331754 -0.0277662 -0.0312169 -0.00817617 -0.0106437 0.116406 0.118102 0.107905 
0.0181531 0.337658 0.127161 0.227059 0.0645673 0.142054 0.0244867 -0.089581 -0.010082 -0.0509668 0.0124327 -0.0247135 0.00282174 0.00922879 -0.00211252 
0.380686 0.466605 0.461068 0.463784 0.426119 0.430255 -0.000282883 -0.000169406 0.00155223 0.000559948 0.000348098 -0.00023034 0.0436852 0.043994 0.049257 
0.272712 0.169639 0.380103 0.287934 0.330665 0.223585 -4.56495e-05 -1.23712e-05 -6.6819e-05 -3.70433e-05 -5.80495e-05 -2.53754e-05 0.00700201 0.00383088 0.00413976 
0.273375 0.380008 0.180878 0.292374 0.229094 0.330895 -4.51434e-05 -6.6483e-05 -1.38979e-05 -3.78368e-05 -2.62782e-05 -5.77985e-05 0.0069295 0.00411188 0.00364582 
6.338e-34 8.7954e-34 0.74284 0.434923 0.412873 3.63035e-35 2.89532e-34 4.21379e-34 -0.033075 -0.0101374 -0.0126721 7.37969e-34 0.0623404 0.0896232 0.07253 
0.75 0.4376 0.749923 0.609314 0.749918 0.609438 -4.25921e-37 -8.82523e-05 -0.000481229 -0.000212485 -0.000260754 -8.14456e-05 0.350008 0.327094 0.307894 
0.408107 0.380008 0.466824 0.430161 0.441122 0.394525 -5.69167e-05 -6.6483e-05 -0.000120608 -9.31567e-05 -8.0332e-05 -5.90842e-05 -3.38105e-06 0.00411188 0.00543673 
0.408191 0.462945 0.380103 0.427439 0.394615 0.438627 -5.72812e-05 -0.000122791 -6.6819e-05 -9.37184e-05 -5.94879e-05 -8.08295e-05 3.30263e-06 0.00578946 0.00413976 
0.822262 0.838505 0.737869 0.852274 0.797192 0.844807 -0.160117 -0.125846 -0.153832 -0.153073 -0.161257 -0.146354 0.0347187 0.0410795 0.0159983 
0.394588 0.47858 0.47728 0.47788 0.442616 0.444457 0.0102153 0.0159434 0.0189299 0.017711 0.0147772 0.0133325 0.0667931 0.0673918 0.0733565 
0.998661 0.706302 0.93729 0.843051 0.988603 0.935989 -0.00148252 -0.00069983 -0.000639948 -0.000771166 -0.00109937 -0.00130696 0.272436 0.283181 0.310515 
3.41888e-34 1.88398e-34 0.199237 0.10595 0.105882 7.77784e-35 8.62641e-35 1.15291e-34 -9.96031e-05 -2.71533e-05 -2.55617e-05 2.01705e-34 0.0176178 0.0235291 0.0210188 
0.500006 0.461068 0.495127 0.482148 0.498762 0.490251 0.00320508 0.00155223 0.00109045 0.00133244 0.00205168 0.00241057 0.0519449 0.049257 0.0477788 
0.989649 0.999445 0.842724 0.965236 0.978101 0.996213 -0.00485323 -0.0087469 -0.00540775 -0.00776818 -0.00624 -0.00687033 0.201117 0.168375 0.179135 
0.421243 0.502563 0.486734 0.49691 0.457139 0.469733 -0.00364982 -0.00432289 -0.0292202 -0.0159316 -0.0147128 -0.00478597 0.0982497 0.0938181 0.102529 
7.34785e-34 8.61713e-34 0.64764 0.365749 0.361449 3.6369e-34 6.05741e-34 8.13213e-34 -0.00651107 -0.00164563 -0.00225895 1.42706e-33 0.124752 0.166645 0.144163 
0.408107 0.244829 0.380008 0.318711 0.394525 0.336668 -5.69167e-05 -2.06223e-05 -6.6483e-05 -3.86986e-05 -5.90842e-05 -3.978e-05 -3.38105e-06 -2.20574e-06 0.00411188 
0.244951 0.408191 0.380103 0.394615 0.318837 0.336778 -2.06592e-05 -5.72812e-05 -6.6819e-05 -5.94879e-05 -3.87655e-05 -3.98412e-05 2.29508e-06 3.30263e-06 0.00413976 
0.625383 0.294598 0.392806 0.341911 0.525818 0.471139 -0.0939949 -0.0236519 -0.0352372 -0.0290573 -0.0636555 -0.0550193 0.0575645 0.056241 0.0527877 
-3.31993e-34 0.586446 6.96029e-34 0.325007 4.90358e-34 0.325162 8.60667e-34 -0.000198558 1.49041e-33 -7.43333e-05 3.21192e-33 -4.01508e-05 0.351167 0.32033 0.304088 
6.96029e-34 0.586446 0.706302 0.649003 0.405684 0.325007 1.49041e-33 -0.000198558 -0.00069983 -0.000377445 -0.000175813 -7.43333e-05 0.304088 0.32033 0.283181 
0.499982 0.466824 0.477935 0.472659 0.494479 0.491703 -0.000196839 -0.000120608 -0.000207759 -0.000157611 -0.000207342 -0.000159979 0.00844864 0.00543673 0.00992743 
0.404479 0.477935 0.466824 0.472659 0.439679 0.447653 -0.000161257 -0.000207759 -0.000120608 -0.000157611 -0.000142158 -0.000189047 0.0109137 0.00992743 0.00543673 
7.27632e-34 0.624638 0.749923 0.690415 0.437516 0.349647 -1.44911e-33 -0.000655936 -0.000481229 -0.000588682 -0.000144188 -0.000159178 0.304256 0.272943 0.307894 
1 0.75 0.986664 0.905291 0.99666 0.9375 -6.87915e-37 -4.25921e-37 -0.000539106 -0.000335096 -0.000383002 -1.14584e-36 0.350541 0.350008 0.32049 
0.999356 0.842724 0.999445 0.965236 0.999785 0.956926 -0.0155197 -0.00540775 -0.0087469 -0.00776818 -0.0113308 -0.0102819 0.133419 0.179135 0.168375 
2.12708e-34 2.03371e-34 0.221879 0.117867 0.12059 9.13086e-35 -4.2214e-34 -3.79612e-34 0.00373326 0.00108909 0.00107288 -8.04503e-34 0.0857596 0.0771538 0.0821064 
0.500948 0.47728 0.500854 0.493149 0.50242 0.499829 0.0229096 0.0189299 0.0206187 0.020188 0.0220163 0.0215742 0.0748698 0.0733565 0.0711639 
1.82675e-34 1.81934e-34 0.197693 0.104502 0.104995 7.77291e-35 -2.82668e-34 -2.55666e-34 0.000694403 0.000149907 0.000232588 -5.38867e-34 0.0573142 0.0518057 0.0548149 
0.989649 0.774691 0.645164 0.713511 0.878889 0.916693 -0.00485323 -0.00172246 -0.0022691 -0.00203442 -0.00416557 -0.00326929 0.201117 0.236413 0.193969 
1.81656e-34 1.82798e-34 0.198663 0.105596 0.106054 8.04251e-35 2.66955e-34 2.98073e-34 0.000615592 0.000213046 0.000135367 5.64545e-34 0.05443 0.060736 0.0572678 
1.59707e-34 1.5153e-34 0.174397 0.08936 0.0926048 6.48379e-35 3.74096e-34 3.87963e-34 0.00450154 0.00131544 0.0012449 7.58761e-34 0.0760016 0.0787873 0.0767844 
1.17752e-34 1.17955e-34 0.14346 0.0696164 0.0699922 4.28913e-35 3.83017e-34 3.69311e-34 0.000509103 6.05542e-06 0.000389677 7.52029e-34 0.0779988 0.0753595 0.0768412 
-1.2597e-34 -1.01344e-34 -0.0751225 -0.0554235 -0.0631578 -8.37052e-35 -2.28867e-34 -3.71036e-34 -0.0096528 -0.00352181 -0.00195507 -5.87174e-34 0.0461119 0.0732164 0.0514861 
0.563195 0.637821 0.337658 0.495032 0.459425 0.598776 -0.155065 -0.154804 -0.089581 -0.12889 -0.127314 -0.155044 0.0289732 0.0214401 0.00922879 
1.55408e-34 4.29385e-34 0.218142 0.112672 0.101502 6.36324e-35 3.06342e-34 2.50082e-34 -0.0155055 -0.00447981 -0.0036869 5.93584e-34 0.0632431 0.0572508 0.0648138 
1.71957e-34 3.0049e-34 0.19521 0.103656 0.103508 8.10592e-35 -1.74174e-34 -1.45978e-34 -0.000209006 -6.77297e-05 -6.43352e-05 -3.19863e-34 0.0352539 0.0295137 0.0336492 
0.357265 0.466757 0.472971 0.469939 0.426516 0.421556 -0.000356297 -0.000821145 -0.000579003 -0.000697473 -0.00048583 -0.000582225 0.0221102 0.0267963 0.0211333 
0.93729 0.706302 0.586446 0.649003 0.800405 0.843051 -0.000639948 -0.00069983 -0.000198558 -0.000377445 -0.000423396 -0.000771166 0.310515 0.283181 0.32033 
0.53094 0.486734 0.524509 0.517867 0.527697 0.524265 -0.0254094 -0.0292202 -0.0119969 -0.021219 -0.0184835 -0.029288 0.0918064 0.102529 0.0914467 
1 0.986664 0.93729 0.995446 0.984302 0.99666 -6.87915e-37 -0.000539106 -0.000639948 -0.000658081 -0.000478666 -0.000383002 0.350541 0.32049 0.310515 
-1.42235e-34 -1.2597e-34 -0.0883124 -0.0646115 -0.0641517 -8.31932e-35 -1.12286e-34 -2.28867e-34 6.20433e-05 1.47349e-05 0.00204291 -3.43933e-34 0.0244907 0.0461119 0.0335925 
6.338e-34 0.74284 0.396621 0.579011 0.213632 0.412873 2.89532e-34 -0.033075 -0.0170373 -0.0253702 -0.00532756 -0.0126721 0.0623404 0.07253 0.0570056 
-3.31993e-34 0.75 0.586446 0.673371 0.325162 0.4375 8.60667e-34 -3.67671e-37 -0.000198558 -0.000130387 -4.01508e-05 -1.10681e-37 0.351167 0.351129 0.32033 
1.8639e-34 1.85961e-34 0.203932 0.108831 0.108715 7.48742e-35 2.04663e-34 2.35656e-34 -0.000159579 -4.17486e-05 -6.04546e-05 4.40392e-34 0.0417679 0.0480811 0.0449006 
3.35449e-34 1.83368e-34 0.203163 0.108277 0.108127 7.39987e-35 1.44437e-34 1.74326e-34 -0.000220774 -6.71237e-05 -7.19973e-05 3.19107e-34 0.0295215 0.0355809 0.0336954 
1.77017e-34 1.70953e-34 0.190744 0.10022 0.102109 7.61746e-35 3.27408e-34 3.53465e-34 0.00255496 0.000817668 0.00067927 6.79042e-34 0.0666248 0.0718739 0.0690157 
1.36768e-34 1.26597e-34 0.152928 0.0757778 0.0789184 5.15855e-35 3.93788e-34 3.9183e-34 0.00428384 0.00121796 0.00132594 7.82478e-34 0.079978 0.0796213 0.0793708 
1.23972e-34 1.35977e-34 0.163079 0.0799259 0.0753903 4.68295e-35 3.51554e-34 3.30703e-34 -0.00675961 -0.00192116 -0.00134107 6.88031e-34 0.0720125 0.0679611 0.0714681 
2.16126e-34 2.22894e-34 0.233586 0.127474 0.12717 9.48037e-35 -5.23517e-34 -4.70596e-34 -0.000191918 0.000179761 -0.00037161 -9.93468e-34 0.105836 0.0953756 0.100588 
1.92731e-34 1.87814e-34 0.20476 0.107968 0.109835 8.30926e-35 -3.43101e-34 -3.11294e-34 0.00254053 0.000665069 0.000791222 -6.56246e-34 0.0696975 0.0632023 0.0667095 
1.80746e-34 1.79449e-34 0.195835 0.10386 0.103749 7.83512e-35 -2.28948e-34 -2.0189e-34 -0.000156541 -5.40407e-05 -3.6405e-05 -4.30777e-34 0.0463572 0.0408683 0.0436089 
0.63062 0.75609 0.392806 0.60196 0.512609 0.705764 -0.0728247 -0.118182 -0.0352372 -0.0756935 -0.053484 -0.0956476 0.0486494 0.0490471 0.0527877 
0.609916 0.50143 0.62025 0.586602 0.624054 0.556327 -0.160978 -0.138912 -0.129723 -0.141736 -0.147238 -0.151935 0.082334 0.0975254 0.0853176 
0.589814 0.62025 0.50143 0.586602 0.56244 0.605862 -0.118479 -0.129723 -0.138912 -0.141736 -0.133291 -0.12491 0.0930247 0.0853176 0.0975254 
0.625383 0.75609 0.760541 0.795005 0.756665 0.693243 -0.0939949 -0.118182 -0.171375 -0.151749 -0.143139 -0.107045 0.0575645 0.0490471 0.0439417 
0.354742 0.024846 0.127161 0.0699677 0.222172 0.136492 -0.0854676 0.0477582 -0.010082 0.019095 -0.0444192 -0.00988326 -0.00119906 -0.00877471 -0.00211252 
0.499982 0.477935 0.488323 0.483536 0.497072 0.494479 -0.000196839 -0.000207759 -0.000342319 -0.000268961 -0.000263193 -0.000207342 0.00844864 0.00992743 0.0142575 
-4.14537e-34 7.27632e-34 0.4376 0.234465 0.234402 6.19407e-34 -8.33215e-34 -1.44911e-33 -8.82523e-05 -5.38195e-05 -2.53312e-05 -3.11531e-33 0.349941 0.304256 0.327094 
0.999356 0.834953 0.703386 0.773879 0.934173 0.962718 -0.0155197 -0.00667338 -0.0079719 -0.00771876 -0.0146531 -0.0116695 0.133419 0.160131 0.122454 
0.249239 0.0557681 0.138183 0.096497 0.188722 0.141408 -0.0904304 -0.0277662 -0.0331754 -0.0312169 -0.0618653 -0.0595116 0.10695 0.107905 0.118102 
0.625383 0.392806 0.75609 0.60196 0.693243 0.525818 -0.0939949 -0.0352372 -0.118182 -0.0756935 -0.107045 -0.0636555 0.0575645 0.0527877 0.0490471 
0.404479 0.488323 0.477935 0.483536 0.447653 0.456504 -0.000161257 -0.000342319 -0.000207759 -0.000268961 -0.000189047 -0.000248771 0.0109137 0.0142575 0.00992743 
-1.01344e-34 -3.20527e-36 -0.0289584 -0.029828 -0.0462909 -5.0031e-35 -3.71036e-34 -5.23903e-34 -0.0249958 -0.00868433 -0.0065979 -8.4315e-34 0.0732164 0.0983762 0.074752 
7.27632e-34 0.749923 0.4376 0.609314 0.234465 0.437516 -1.44911e-33 -0.000481229 -8.82523e-05 -0.000212485 -5.38195e-05 -0.000144188 0.304256 0.307894 0.327094 
2.12708e-34 0.221879 0.175594 0.199943 0.0922129 0.12059 -4.2214e-34 0.00373326 0.001557 0.002642 0.000513715 0.00107288 0.0857596 0.0821064 0.0908191 
0.75 0.93729 0.586446 0.800405 0.673371 0.859265 -3.67671e-37 -0.000639948 -0.000198558 -0.000423396 -0.000130387 -0.000346626 0.351129 0.310515 0.32033 
0.345859 0.175594 0.221879 0.199943 0.288411 0.269034 0.00564097 0.001557 0.00373326 0.002642 0.00538271 0.00349788 0.0908662 0.0908191 0.0821064 
1.82675e-34 0.197693 0.150649 0.174531 0.0781738 0.104995 -2.82668e-34 0.000694403 0.000886076 0.000825815 0.000219454 0.000232588 0.0573142 0.0548149 0.0603675 
0.0181531 0.127161 0.024846 0.0699677 0.0265559 0.0645673 0.0244867 -0.010082 0.0477582 0.019095 0.0375778 0.0124327 0.00282174 -0.00211252 -0.00877471 
7.27632e-34 7.40883e-34 0.624638 0.350058 0.349647 4.30392e-34 -1.44911e-33 -1.2302e-33 -0.000655936 -0.000240136 -0.000159178 -2.67859e-33 0.304256 0.25821 0.272943 
0.311259 0.150649 0.197693 0.174531 0.256896 0.236796 0.00396119 0.000886076 0.000694403 0.000825815 0.00194179 0.00225388 0.060639 0.0603675 0.0548149 
1.88398e-34 3.35449e-34 0.193153 0.102524 0.102442 8.62468e-35 1.15291e-34 1.44437e-34 -0.00012736 -5.69398e-05 -3.28688e-05 2.6004e-34 0.0235291 0.0295215 0.0249721 
7.74513e-34 9.54008e-34 0.645164 0.36509 0.363459 4.15523e-34 -1.00871e-33 -7.83288e-34 -0.0022691 -0.00109081 -0.000588099 -1.7872e-33 0.211606 0.163517 0.193969 
0.086211 0.323366 0.129253 0.226647 0.104517 0.197019 -0.0596692 -0.12261 -0.0814831 -0.105189 -0.0709352 -0.0930982 0.091939 0.0925876 0.0746823 
0.625383 0.760541 0.715663 0.7521 0.68805 0.756665 -0.0939949 -0.171375 -0.145419 -0.161989 -0.122764 -0.143139 0.0575645 0.0439417 0.0614047 
0.63062 0.392806 0.29292 0.34816 0.474237 0.512609 -0.0728247 -0.0352372 -0.0172107 -0.0254969 -0.0415701 -0.053484 0.0486494 0.0527877 0.0473218 
1.82798e-34 0.144973 0.198663 0.172456 0.105596 0.0760681 2.98073e-34 0.000841517 0.000615592 0.000785065 0.000213046 0.000209557 0.060736 0.0635894 0.0572678 
1.81656e-34 0.198663 0.147697 0.173908 0.0771561 0.106054 2.66955e-34 0.000615592 6.47923e-05 0.00025956 3.39572e-05 0.000135367 0.05443 0.0572678 0.0512496 
1.5153e-34 0.118741 0.174397 0.146433 0.08936 0.0617734 3.87963e-34 0.00267859 0.00450154 0.00362408 0.00131544 0.00075132 0.0787873 0.0789903 0.0767844 
1.59707e-34 0.174397 0.135139 0.155768 0.0690964 0.0926048 3.74096e-34 0.00450154 0.0020601 0.00311914 0.000622759 0.0012449 0.0760016 0.0767844 0.073662 
1.17955e-34 0.103847 0.14346 0.123074 0.0696164 0.04968 3.69311e-34 -0.00153056 0.000509103 -0.00078814 6.05542e-06 -0.000246749 0.0753595 0.074143 0.0768412 
1.17752e-34 0.14346 0.103667 0.122732 0.0506564 0.0699922 3.83017e-34 0.000509103 0.00154844 0.00119421 0.000419236 0.000389677 0.0779988 0.0768412 0.0786253 
0.308187 0.147697 0.198663 0.173908 0.256557 0.234131 0.000350731 6.47923e-05 0.000615592 0.00025956 0.00061499 0.000188591 0.0509589 0.0512496 0.0572678 
0.287364 0.135139 0.174397 0.155768 0.232942 0.216259 0.00883173 0.0020601 0.00450154 0.00311914 0.0069736 0.00515321 0.0732764 0.073662 0.0767844 
0.327346 0.198663 0.144973 0.172456 0.244487 0.268363 0.00413462 0.000615592 0.000841517 0.000785065 0.0023573 0.00194132 0.0626418 0.0572678 0.0635894 
0.247688 0.103667 0.14346 0.122732 0.195946 0.176085 0.00551647 0.00154844 0.000509103 0.00119421 0.00221232 0.00349112 0.0786713 0.0786253 0.0768412 
0.288908 0.174397 0.118741 0.146433 0.208095 0.234938 0.012596 0.00450154 0.00267859 0.00362408 0.00732722 0.00855806 0.0786292 0.0767844 0.0789903 
0.290842 0.14346 0.103847 0.123074 0.195906 0.213088 -0.0119056 0.000509103 -0.00153056 -0.00078814 -0.00551789 -0.00337084 0.0759054 0.0768412 0.074143 
9.54008e-34 0.834953 0.645164 0.748637 0.36509 0.507384 -7.83288e-34 -0.00667338 -0.0022691 -0.00383372 -0.00109081 -0.00219928 0.163517 0.160131 0.193969 
0.563195 0.530745 0.760541 0.665239 0.685407 0.546504 -0.155065 -0.159378 -0.171375 -0.174743 -0.17232 -0.157595 0.0289732 0.0390692 0.0439417 
0.329514 0.197693 0.145561 0.171869 0.245619 0.268255 0.0006953 0.000694403 7.00257e-05 0.000291254 0.000301366 0.000869062 0.0498364 0.0548149 0.0491279 
1.81934e-34 0.145561 0.197693 0.171869 0.104502 0.0758207 -2.55666e-34 7.00257e-05 0.000694403 0.000291254 0.000149907 3.78931e-05 0.0518057 0.0491279 0.0548149 
0.274646 0.123999 0.206818 0.166033 0.244525 0.19996 -0.0462868 -0.0134021 -0.0141978 -0.0145464 -0.0286401 -0.0297875 0.119015 0.121526 0.117595 
1.16958e-34 0.169639 2.77801e-34 0.089201 1.13842e-34 0.0892104 -1.38539e-38 -1.23712e-05 -2.9404e-35 -4.52067e-06 -2.93937e-35 -3.92455e-06 3.23507e-06 0.00383088 0.00594852 
3.273e-34 0.29292 0.392806 0.34816 0.202162 0.139269 2.08432e-34 -0.0172107 -0.0352372 -0.0254969 -0.00908464 -0.0046394 0.0447841 0.0473218 0.0527877 
0.354742 0.48064 0.105522 0.251147 0.222894 0.403116 -0.0854676 -0.115194 0.00107567 -0.0589851 -0.0438636 -0.0967795 -0.00119906 -0.024266 -0.0289197 
1.76181e-34 0.206818 0.123999 0.166033 0.0689624 0.106373 -6.14538e-34 -0.0141978 -0.0134021 -0.0145464 -0.00350738 -0.00463454 0.123009 0.117595 0.121526 
1.1861e-34 2.76901e-34 0.180878 0.0954909 0.095481 1.00164e-34 -1.41049e-38 2.86976e-35 -1.38979e-05 -5.24743e-06 -4.43781e-06 2.87066e-35 -3.24189e-06 0.00585991 0.00364582 
0.35287 0.221879 0.15725 0.189766 0.264804 0.293661 0.0100719 0.00373326 0.00194093 0.00282769 0.00558388 0.00688976 0.0747535 0.0821064 0.073787 
0.344207 0.129253 0.323366 0.226647 0.332769 0.232765 -0.134588 -0.0814831 -0.12261 -0.105189 -0.129795 -0.10924 0.07339 0.0746823 0.0925876 
1.8639e-34 0.203932 0.154172 0.179545 0.0807469 0.108715 2.04663e-34 -0.000159579 -0.000137649 -0.000159019 -3.79518e-05 -6.04546e-05 0.0417679 0.0449006 0.0389527 
2.03371e-34 0.15725 0.221879 0.189766 0.117867 0.0832459 -3.79612e-34 0.00194093 0.00373326 0.00282769 0.00108909 0.000550958 0.0771538 0.073787 0.0821064 
2.22894e-34 0.175594 0.233586 0.206237 0.127474 0.0936458 -4.70596e-34 0.001557 -0.000191918 0.00102307 0.000179761 0.000345298 0.0953756 0.0908191 0.100588 
1.85961e-34 0.147697 0.203932 0.17651 0.108831 0.0772144 2.35656e-34 6.47923e-05 -0.000159579 -3.33291e-05 -4.17486e-05 6.39572e-06 0.0480811 0.0512496 0.0449006 
2.16126e-34 0.233586 0.160475 0.19895 0.0863341 0.12717 -5.23517e-34 -0.000191918 -0.00298493 -0.00202091 -0.000713506 -0.00037161 0.105836 0.100588 0.110302 
1.87814e-34 0.150649 0.20476 0.177616 0.107968 0.0789781 -3.11294e-34 0.000886076 0.00254053 0.0015753 0.000665069 0.000288133 0.0632023 0.0603675 0.0667095 
1.77017e-34 0.190744 0.144973 0.1689 0.0752839 0.102109 3.27408e-34 0.00255496 0.000841517 0.00152083 0.000283226 0.00067927 0.0666248 0.0690157 0.0635894 
1.70953e-34 0.135139 0.190744 0.163294 0.10022 0.0710146 3.53465e-34 0.0020601 0.00255496 0.00237535 0.000817668 0.000558894 0.0718739 0.073662 0.0690157 
1.36768e-34 0.152928 0.118741 0.136204 0.0592456 0.0789184 3.93788e-34 0.00428384 0.00267859 0.0034318 0.000763533 0.00132594 0.079978 0.0793708 0.0789903 
1.26597e-34 0.103667 0.152928 0.12763 0.0757778 0.052197 3.9183e-34 0.00154844 0.00428384 0.00273309 0.00121796 0.00055294 0.0796213 0.0786253 0.0793708 
1.23972e-34 0.163079 0.103847 0.130905 0.0510112 0.0753903 3.51554e-34 -0.00675961 -0.00153056 -0.00379907 -0.000453981 -0.00134107 0.0720125 0.0714681 0.074143 
1.92731e-34 0.20476 0.15725 0.181695 0.0814602 0.109835 -3.43101e-34 0.00254053 0.00194093 0.00231794 0.000510628 0.000791222 0.0696975 0.0667095 0.073787 
1.35977e-34 0.128436 0.163079 0.146295 0.0799259 0.0592721 3.30703e-34 -0.00570205 -0.00675961 -0.00660366 -0.00192116 -0.00129259 0.0679611 0.0671206 0.0714681 
1.79449e-34 0.143111 0.195835 0.169986 0.10386 0.0744484 -2.0189e-34 -0.000122945 -0.000156541 -0.000148789 -5.40407e-05 -3.23266e-05 0.0408683 0.0380482 0.0436089 
1.80746e-34 0.195835 0.145561 0.171091 0.0757491 0.103749 -2.28948e-34 -0.000156541 7.00257e-05 -3.45572e-05 1.17716e-05 -3.6405e-05 0.0463572 0.0436089 0.0491279 
0.249239 0.50143 0.323366 0.421845 0.283722 0.380361 -0.0904304 -0.138912 -0.12261 -0.135676 -0.107181 -0.120324 0.10695 0.0975254 0.0925876 
0.49873 0.497575 0.466757 0.486604 0.494601 0.499936 -0.00095149 -0.000782787 -0.000821145 -0.000820841 -0.000923706 -0.000873812 0.0274763 0.0239978 0.0267963 
1.1861e-34 0.180878 0.244829 0.213746 0.132595 0.095481 -1.41049e-38 -1.38979e-05 -2.06223e-05 -1.68408e-05 -6.9401e-06 -4.43781e-06 -3.24189e-06 0.00364582 -2.20574e-06 
0.00680841 0.27774 0.0682583 0.164023 0.0365296 0.125029 -0.0304044 -0.0977154 -0.0215651 -0.0591267 -0.0256619 -0.0594537 0.0320071 0.0271697 0.0138375 
1.16958e-34 0.244951 0.169639 0.208511 0.0892104 0.132702 -1.38539e-38 -2.06592e-05 -1.23712e-05 -1.61635e-05 -3.92455e-06 -6.96755e-06 3.23507e-06 2.29508e-06 0.00383088 
0.355015 0.477537 0.433426 0.458404 0.398005 0.429596 -0.000384068 -0.000713349 -0.000782756 -0.000763175 -0.00057308 -0.000566736 0.0231862 0.0237122 0.0283532 
3.09668e-34 0.392806 0.294598 0.341911 0.146564 0.1815 2.36853e-34 -0.0352372 -0.0236519 -0.0290573 -0.00622336 -0.00828549 0.0509592 0.0527877 0.056241 
0.249239 0.138183 0.346987 0.239309 0.30119 0.188722 -0.0904304 -0.0331754 -0.0881265 -0.0636784 -0.0911955 -0.0618653 0.10695 0.118102 0.113832 
0.274646 0.346987 0.138183 0.239309 0.207853 0.309715 -0.0462868 -0.0881265 -0.0331754 -0.0636784 -0.0423205 -0.0670383 0.119015 0.113832 0.118102 
0.609916 0.673651 0.547737 0.627621 0.586678 0.642508 -0.160978 -0.166874 -0.168894 -0.173593 -0.168963 -0.164963 0.082334 0.0702586 0.0674985 
3.0049e-34 1.87996e-34 0.186615 0.0987357 0.0986511 9.30367e-35 -1.45978e-34 -1.17084e-34 -0.000125389 -3.2582e-05 -5.29934e-05 -2.62794e-34 0.0295137 0.0236994 0.0253982 
0.499612 0.497575 0.477537 0.497443 0.492836 0.499761 -0.000560398 -0.000782787 -0.000713349 -0.000774248 -0.000647062 -0.000671302 0.0192427 0.0239978 0.0237122 
0.49873 0.477537 0.497575 0.497443 0.499936 0.4914 -0.00095149 -0.000713349 -0.000782787 -0.000774248 -0.000873812 -0.000843428 0.0274763 0.0237122 0.0239978 
0.489791 0.489766 0.499982 0.497465 0.497397 0.499982 -8.59937e-05 -8.62832e-05 -0.000120069 -9.9245e-05 -9.89839e-05 -9.31931e-05 1.1042e-06 -1.23786e-06 0.00381165 
0.274646 0.138183 0.123999 0.134289 0.19996 0.207853 -0.0462868 -0.0331754 -0.0134021 -0.0221171 -0.0297875 -0.0423205 0.119015 0.118102 0.121526 
1.18534e-34 0.123999 0.138183 0.134289 0.0697651 0.0572074 -6.24704e-34 -0.0134021 -0.0331754 -0.0221171 -0.00995014 -0.00443855 0.123961 0.121526 0.118102 
0.357265 0.472971 0.427769 0.453085 0.39549 0.426516 -0.000356297 -0.000579003 -0.000333567 -0.000449127 -0.000354938 -0.00048583 0.0221102 0.0211333 0.0170059 
7.40883e-34 0.774691 0.624638 0.704331 0.350058 0.456267 -1.2302e-33 -0.00172246 -0.000655936 -0.00103002 -0.000240136 -0.000487398 0.25821 0.236413 0.272943 
0.998661 0.774691 0.997014 0.929953 0.997862 0.934784 -0.00148252 -0.00172246 -0.00282938 -0.00251144 -0.00218205 -0.00188583 0.272436 0.236413 0.23592 
0.989649 0.997014 0.774691 0.929953 0.916693 0.993894 -0.00485323 -0.00282938 -0.00172246 -0.00251144 -0.00326929 -0.00360816 0.201117 0.23592 0.236413 
0.52009 0.346987 0.451532 0.405974 0.485878 0.443454 -0.105954 -0.0881265 -0.0737202 -0.0833114 -0.0903008 -0.101882 0.104661 0.113832 0.11122 
0.274646 0.451532 0.346987 0.405974 0.309715 0.368667 -0.0462868 -0.0737202 -0.0881265 -0.0833114 -0.0670383 -0.0635048 0.119015 0.11122 0.113832 
1.09811e-33 1.04485e-34 0.105522 0.00983177 0.0850732 3.7339e-34 5.51807e-36 9.2992e-35 0.00107567 0.039239 -0.00485075 9.88226e-35 -0.0712518 -0.0238128 -0.0289197 
0.329514 0.362306 0.197693 0.287654 0.268255 0.345937 0.0006953 0.0031869 0.000694403 0.00178901 0.000869062 0.00171996 0.0498364 0.05582 0.0548149 
0.35287 0.393776 0.221879 0.317993 0.293661 0.374181 0.0100719 0.0114751 0.00373326 0.00743127 0.00688976 0.0113167 0.0747535 0.0832918 0.0821064 
0.354742 0.737869 0.78049 0.756206 0.582761 0.573757 -0.0854676 -0.153832 -0.140537 -0.147386 -0.127465 -0.130171 -0.00119906 0.0159983 0.00760245 
1.18534e-34 1.76181e-34 0.123999 0.0689624 0.0572074 9.41598e-35 -6.24704e-34 -6.14538e-34 -0.0134021 -0.00350738 -0.00443855 -1.2214e-33 0.123961 0.123009 0.121526 
0.989649 0.645164 0.834953 0.748637 0.935704 0.878889 -0.00485323 -0.0022691 -0.00667338 -0.00383372 -0.00619482 -0.00416557 0.201117 0.193969 0.160131 
0.290842 0.311305 0.14346 0.228076 0.213088 0.300169 -0.0119056 -0.00272662 0.000509103 -0.000409561 -0.00337084 -0.007688 0.0759054 0.078416 0.0768412 
0.288908 0.330669 0.174397 0.25795 0.234938 0.310145 0.012596 0.0139977 0.00450154 0.0092439 0.00855806 0.0135583 0.0786292 0.0761962 0.0767844 
0.327346 0.359967 0.198663 0.28708 0.268363 0.344353 0.00413462 0.00212136 0.000615592 0.00134915 0.00194132 0.00311978 0.0626418 0.0560456 0.0572678 
1.83368e-34 0.154172 0.203163 0.179162 0.108277 0.0806276 1.74326e-34 -0.000137649 -0.000220774 -0.000180677 -6.71237e-05 -4.00011e-05 0.0355809 0.0389527 0.0336954 
1.83368e-34 1.8639e-34 0.154172 0.0807469 0.0806276 1.31247e-34 1.74326e-34 2.04663e-34 -0.000137649 -3.79518e-05 -4.00011e-05 3.79129e-34 0.0355809 0.0417679 0.0389527 
0.308321 0.203163 0.154172 0.179162 0.236939 0.258589 -0.000498399 -0.000220774 -0.000137649 -0.000180677 -0.000311965 -0.000367921 0.0388528 0.0336954 0.0389527 
2.22894e-34 2.12708e-34 0.175594 0.0922129 0.0936458 1.59257e-34 -4.70596e-34 -4.2214e-34 0.001557 0.000513715 0.000345298 -8.9434e-34 0.0953756 0.0857596 0.0908191 
5.49138e-34 6.338e-34 0.396621 0.213632 0.200004 4.05558e-34 2.10854e-34 2.89532e-34 -0.0170373 -0.00532756 -0.00447881 5.30306e-34 0.0466425 0.0623404 0.0570056 
3.273e-34 4.72261e-34 0.29292 0.154963 0.139269 2.5448e-34 2.08432e-34 1.97239e-34 -0.0172107 -0.00553837 -0.0046394 4.3331e-34 0.0447841 0.0441764 0.0473218 
1.87814e-34 1.82675e-34 0.150649 0.0781738 0.0789781 1.34942e-34 -3.11294e-34 -2.82668e-34 0.000886076 0.000219454 0.000288133 -5.94949e-34 0.0632023 0.0573142 0.0603675 
1.82798e-34 1.77017e-34 0.144973 0.0752839 0.0760681 1.35047e-34 2.98073e-34 3.27408e-34 0.000841517 0.000283226 0.000209557 6.24557e-34 0.060736 0.0666248 0.0635894 
1.85961e-34 1.81656e-34 0.147697 0.0771561 0.0772144 1.38176e-34 2.35656e-34 2.66955e-34 6.47923e-05 3.39572e-05 6.39572e-06 5.02528e-34 0.0480811 0.05443 0.0512496 
1.5153e-34 1.36768e-34 0.118741 0.0592456 0.0617734 1.03749e-34 3.87963e-34 3.93788e-34 0.00267859 0.000763533 0.00075132 7.78733e-34 0.0787873 0.079978 0.0789903 
1.70953e-34 1.59707e-34 0.135139 0.0690964 0.0710146 1.23453e-34 3.53465e-34 3.74096e-34 0.0020601 0.000622759 0.000558894 7.25318e-34 0.0718739 0.0760016 0.073662 
1.17955e-34 1.23972e-34 0.103847 0.0510112 0.04968 8.12848e-35 3.69311e-34 3.51554e-34 -0.00153056 -0.000453981 -0.000246749 7.22831e-34 0.0753595 0.0720125 0.074143 
1.26597e-34 1.17752e-34 0.103667 0.0506564 0.052197 8.50951e-35 3.9183e-34 3.83017e-34 0.00154844 0.000419236 0.00055294 7.73093e-34 0.0796213 0.0779988 0.0786253 
0.893794 0.78049 0.737869 0.756206 0.842036 0.865602 -0.135449 -0.140537 -0.153832 -0.147386 -0.152158 -0.144414 0.0302078 0.00760245 0.0159983 
1.79449e-34 1.71957e-34 0.143111 0.0745632 0.0744484 1.36959e-34 -2.0189e-34 -1.74174e-34 -0.000122945 -3.76648e-05 -3.23266e-05 -3.75949e-34 0.0408683 0.0352539 0.0380482 
1.81934e-34 1.80746e-34 0.145561 0.0757491 0.0758207 1.33827e-34 -2.55666e-34 -2.28948e-34 7.00257e-05 1.17716e-05 3.78931e-05 -4.84717e-34 0.0518057 0.0463572 0.0491279 
1.35977e-34 1.55408e-34 0.128436 0.0645337 0.0592721 1.039e-34 3.30703e-34 3.06342e-34 -0.00570205 -0.00155067 -0.00129259 6.44005e-34 0.0679611 0.0632431 0.0671206 
2.03371e-34 1.92731e-34 0.15725 0.0814602 0.0832459 1.48901e-34 -3.79612e-34 -3.43101e-34 0.00194093 0.000510628 0.000550958 -7.24932e-34 0.0771538 0.0696975 0.073787 
2.0157e-34 2.16126e-34 0.160475 0.0863341 0.083362 1.67043e-34 -5.7489e-34 -5.23517e-34 -0.00298493 -0.000713506 -0.00113471 -1.09419e-33 0.115565 0.105836 0.110302 
0.498307 0.566443 0.573448 0.573408 0.545436 0.531668 -0.0500349 -0.0890187 -0.086274 -0.0886984 -0.067992 -0.0684717 0.0825596 0.082942 0.0905722 
0.883202 0.78049 0.926974 0.898233 0.930113 0.830736 -0.116943 -0.140537 -0.111903 -0.133675 -0.121678 -0.1324 0.00520415 0.00760245 0.0335049 
-2.58529e-35 -3.78174e-35 -0.0126669 -0.00324763 -0.00321749 -5.04572e-35 6.50018e-35 2.01867e-35 0.0334333 0.0151405 0.0244849 3.42543e-35 0.00423508 0.00806191 0.00320157 
0.999356 0.999445 0.834953 0.953829 0.962718 0.999785 -0.0155197 -0.0087469 -0.00667338 -0.00850179 -0.0116695 -0.0113308 0.133419 0.168375 0.160131 
0.989649 0.834953 0.999445 0.953829 0.996213 0.935704 -0.00485323 -0.00667338 -0.0087469 -0.00850179 -0.00687033 -0.00619482 0.201117 0.160131 0.168375 
-4.14537e-34 0.4376 0.75 0.609438 0.4375 0.234402 -8.33215e-34 -8.82523e-05 -4.25921e-37 -8.14456e-05 -1.70291e-37 -2.53312e-05 0.349941 0.327094 0.350008 
0.32989 0.362431 0.206818 0.289322 0.271983 0.347755 -0.0152662 -0.0357966 -0.0141978 -0.0259462 -0.0167132 -0.0246268 0.109397 0.113517 0.117595 
1.55408e-34 0.218142 0.128436 0.170198 0.0645337 0.101502 3.06342e-34 -0.0155055 -0.00570205 -0.0099052 -0.00155067 -0.0036869 0.0632431 0.0648138 0.0671206 
0.330211 0.128436 0.218142 0.170198 0.277668 0.227816 -0.0322738 -0.00570205 -0.0155055 -0.0099052 -0.0243998 -0.0164965 0.0698879 0.0671206 0.0648138 
0.893794 0.926974 0.78049 0.898233 0.865602 0.913181 -0.135449 -0.111903 -0.140537 -0.133675 -0.144414 -0.124014 0.0302078 0.0335049 0.00760245 
0.589814 0.573448 0.566443 0.573408 0.594025 0.585595 -0.118479 -0.086274 -0.0890187 -0.0886984 -0.105994 -0.10265 0.0930247 0.0905722 0.082942 
0.30334 0.143111 0.19521 0.169648 0.252236 0.229097 -0.000492327 -0.000122945 -0.000209006 -0.000165275 -0.000354926 -0.000298631 0.0383948 0.0380482 0.0336492 
1.71957e-34 0.19521 0.143111 0.169648 0.0745632 0.103508 -1.74174e-34 -0.000209006 -0.000122945 -0.000165275 -3.76648e-05 -6.43352e-05 0.0352539 0.0336492 0.0380482 
-0.081392 -0.0523901 -0.0542803 -0.060123 -0.0738804 -0.0677478 0.0143941 0.0413297 0.019323 0.032403 0.019582 0.0276864 0.016026 0.00530361 0.00826413 
0.883202 0.48064 0.78049 0.653415 0.830736 0.72827 -0.116943 -0.115194 -0.140537 -0.132328 -0.1324 -0.123575 0.00520415 -0.024266 0.00760245 
-1.2597e-34 -0.0751225 -0.0883124 -0.0841168 -0.0646115 -0.0631578 -2.28867e-34 -0.0096528 6.20433e-05 -0.00466428 1.47349e-05 -0.00195507 0.0461119 0.0514861 0.0335925 
1.09811e-33 0.105522 0.48064 0.251147 0.288064 0.0850732 5.51807e-36 0.00107567 -0.115194 -0.0589851 -0.0816019 -0.00485075 -0.0712518 -0.0289197 -0.024266 
0.026269 -0.0289584 0.129253 0.0335565 0.0754768 -0.00918733 -0.0497833 -0.0249958 -0.0814831 -0.0509673 -0.0661175 -0.0375641 0.0558508 0.074752 0.0746823 
0.308187 0.198663 0.359967 0.28708 0.335357 0.256557 0.000350731 0.000615592 0.00212136 0.00134915 0.00104742 0.00061499 0.0509589 0.0572678 0.0560456 
0.086211 0.129253 -0.0289584 0.0335565 0.0200824 0.104517 -0.0596692 -0.0814831 -0.0249958 -0.0509673 -0.0414196 -0.0709352 0.091939 0.0746823 0.074752 
0.287364 0.174397 0.330669 0.25795 0.30987 0.232942 0.00883173 0.00450154 0.0139977 0.0092439 0.0114757 0.0069736 0.0732764 0.0767844 0.0761962 
0.247688 0.14346 0.311305 0.228076 0.277861 0.195946 0.00551647 0.000509103 -0.00272662 -0.000409561 0.00254145 0.00221232 0.0786713 0.0768412 0.078416 
0.345859 0.221879 0.393776 0.317993 0.371534 0.288411 0.00564097 0.00373326 0.0114751 0.00743127 0.00878219 0.00538271 0.0908662 0.0821064 0.0832918 
0.311259 0.197693 0.362306 0.287654 0.337727 0.256896 0.00396119 0.000694403 0.0031869 0.00178901 0.00368113 0.00194179 0.060639 0.0548149 0.05582 
0.457097 0.458841 0.493031 0.479462 0.478749 0.458168 0.0098645 0.0154044 0.0135504 0.0147627 0.011785 0.0126022 0.0629085 0.0681405 0.0640267 
0.470265 0.451532 0.362431 0.407665 0.419966 0.462072 -0.0529897 -0.0737202 -0.0357966 -0.0545736 -0.0459921 -0.063373 0.107901 0.11122 0.113517 
0.500121 0.493031 0.458841 0.479462 0.487088 0.49743 0.0179134 0.0135504 0.0154044 0.0147627 0.0172241 0.0158337 0.0675751 0.0640267 0.0681405 
0.588709 0.62025 0.566443 0.600539 0.577085 0.616848 -0.104856 -0.129723 -0.0890187 -0.109872 -0.0977664 -0.119953 0.0764586 0.0853176 0.082942 
1.88398e-34 0.193153 0.199237 0.196199 0.10595 0.102442 1.15291e-34 -0.00012736 -9.96031e-05 -0.000111931 -2.71533e-05 -3.28688e-05 0.0235291 0.0249721 0.0210188 
0.436473 0.44602 0.492068 0.472734 0.467655 0.44046 0.0194631 0.0121957 0.0160735 0.0144763 0.0184785 0.0167685 0.0801477 0.0822321 0.0829102 
0.589814 0.566443 0.62025 0.600539 0.605862 0.594025 -0.118479 -0.0890187 -0.129723 -0.109872 -0.12491 -0.105994 0.0930247 0.082942 0.0853176 
0.512705 0.492068 0.44602 0.472734 0.488486 0.503441 0.00458731 0.0160735 0.0121957 0.0144763 0.00935373 0.0110233 0.0874698 0.0829102 0.0822321 
1.87996e-34 0.204323 0.186615 0.195533 0.0987357 0.108798 -1.17084e-34 -0.000112026 -0.000125389 -0.00011893 -3.2582e-05 -3.15387e-05 0.0236994 0.0216327 0.0253982 
0.499985 0.491343 0.496035 0.49976 0.499101 0.497668 -0.00111132 -0.00109815 -0.00110962 -0.00111143 -0.0011466 -0.00115536 0.0363002 0.0317291 0.032048 
0.454758 0.469725 0.495477 0.485475 0.480437 0.462658 -0.000926 -0.000301359 -0.000823426 -0.000608391 -0.000914833 -0.00075043 0.0380833 0.0440715 0.0403214 
0.500002 0.495477 0.469725 0.485475 0.492635 0.498928 -0.000135605 -0.000823426 -0.000301359 -0.000608391 -0.000235512 -0.000537858 0.0440813 0.0403214 0.0440715 
0.883202 0.926974 0.963406 0.946355 0.952349 0.930113 -0.116943 -0.111903 -0.0867991 -0.101912 -0.106712 -0.121678 0.00520415 0.0335049 0.0420967 
0.500002 0.495127 0.466605 0.483991 0.491443 0.498709 -0.000135605 0.00109045 -0.000169406 0.000363607 -0.000121669 0.000395639 0.0440813 0.0477788 0.043994 
0.461068 0.466605 0.495127 0.483991 0.482148 0.463784 0.00155223 -0.000169406 0.00109045 0.000363607 0.00133244 0.000559948 0.049257 0.043994 0.0477788 
0.315566 0.203163 0.359158 0.288373 0.338087 0.26274 -0.000422868 -0.000220774 -0.000659248 -0.000430913 -0.000548335 -0.000327666 0.0286752 0.0336954 0.0338498 
0.308321 0.359158 0.203163 0.288373 0.258589 0.334731 -0.000498399 -0.000659248 -0.000220774 -0.000430913 -0.000367921 -0.000600542 0.0388528 0.0338498 0.0336954 
0.63062 0.838505 0.75609 0.79929 0.705764 0.756718 -0.0728247 -0.125846 -0.118182 -0.123442 -0.0956476 -0.101637 0.0486494 0.0410795 0.0490471 
0.337658 0.637821 0.737869 0.685638 0.537212 0.495032 -0.089581 -0.154804 -0.153832 -0.154534 -0.131697 -0.12889 0.00922879 0.0214401 0.0159983 
0.500121 0.500854 0.47858 0.493201 0.49737 0.501285 0.0179134 0.0206187 0.0159434 0.0185349 0.017381 0.0195375 0.0675751 0.0711639 0.0673918 
0.47728 0.47858 0.500854 0.493201 0.493149 0.47788 0.0189299 0.0159434 0.0206187 0.0185349 0.020188 0.017711 0.0733565 0.0673918 0.0711639 
0.822262 0.75609 0.838505 0.79929 0.844807 0.817006 -0.160117 -0.118182 -0.125846 -0.123442 -0.146354 -0.144051 0.0347187 0.0490471 0.0410795 
0.354742 0.78049 0.48064 0.653415 0.403116 0.582761 -0.0854676 -0.140537 -0.115194 -0.132328 -0.0967795 -0.127465 -0.00119906 0.00760245 -0.024266 
0.512705 0.524509 0.502563 0.518105 0.517134 0.518806 0.00458731 -0.0119969 -0.00432289 -0.0082349 -0.000369809 -0.00286885 0.0874698 0.0914467 0.0938181 
0.822262 0.737869 0.637821 0.685638 0.756787 0.797192 -0.160117 -0.153832 -0.154804 -0.154534 -0.165376 -0.161257 0.0347187 0.0159983 0.0214401 
0.4486 0.460274 0.218142 0.341661 0.326821 0.455633 -0.0558418 -0.0621352 -0.0155055 -0.0357351 -0.0322256 -0.0597341 0.0628049 0.0681015 0.0648138 
0.486734 0.502563 0.524509 0.518105 0.517867 0.49691 -0.0292202 -0.00432289 -0.0119969 -0.0082349 -0.021219 -0.0159316 0.102529 0.0938181 0.0914467 
0.80093 0.963406 0.926974 0.946355 0.89024 0.905545 -0.0645898 -0.0867991 -0.111903 -0.101912 -0.0886653 -0.0779908 0.050767 0.0420967 0.0335049 
0.303854 0.530745 0.27774 0.406229 0.291759 0.414363 -0.121407 -0.159378 -0.0977154 -0.132298 -0.1114 -0.141878 0.0507654 0.0390692 0.0271697 
0.563195 0.27774 0.530745 0.406229 0.546504 0.416584 -0.155065 -0.0977154 -0.159378 -0.132298 -0.157595 -0.128882 0.0289732 0.0271697 0.0390692 
0.288302 0.341555 0.19521 0.274279 0.243831 0.3159 -0.000363181 -0.000607691 -0.000209006 -0.000398958 -0.000294488 -0.00048117 0.0289711 0.033048 0.0336492 
-0.0374903 -0.0542803 -0.0523901 -0.060123 -0.0470488 -0.0478682 0.041504 0.019323 0.0413297 0.032403 0.0439198 0.0309204 0.00488289 0.00826413 0.00530361 
0.330211 0.218142 0.460274 0.341661 0.392994 0.277668 -0.0322738 -0.0155055 -0.0621352 -0.0357351 -0.0458229 -0.0243998 0.0698879 0.0648138 0.0681015 
0.30334 0.19521 0.341555 0.274279 0.322949 0.252236 -0.000492327 -0.000209006 -0.000607691 -0.000398958 -0.000577223 -0.000354926 0.0383948 0.0336492 0.033048 
0.466757 0.497575 0.472971 0.488598 0.469939 0.486604 -0.000821145 -0.000782787 -0.000579003 -0.00068662 -0.000697473 -0.000820841 0.0267963 0.0239978 0.0211333 
0.6452 0.547737 0.673651 0.627621 0.666592 0.596512 -0.17785 -0.168894 -0.166874 -0.173593 -0.175496 -0.174233 0.0554338 0.0674985 0.0702586 
0.55875 0.534701 0.526663 0.543472 0.54776 0.547124 -0.0723001 -0.0523812 -0.0367753 -0.0458791 -0.0537811 -0.0624426 0.0959011 0.0996699 0.0889159 
0.503893 0.504924 0.486081 0.502026 0.495949 0.506369 0.0199552 0.0216985 0.0231989 0.0227781 0.0222693 0.0212677 0.0814613 0.078767 0.0777663 
0.500054 0.494223 0.493201 0.500038 0.497929 0.499005 0.00969114 0.00579143 0.00587472 0.00600658 0.00771914 0.00767159 0.0598369 0.0554145 0.0562934 
0.499612 0.472971 0.497575 0.488598 0.499761 0.494723 -0.000560398 -0.000579003 -0.000782787 -0.00068662 -0.000671302 -0.000588204 0.0192427 0.0211333 0.0239978 
0.49873 0.496035 0.491343 0.49976 0.49587 0.499801 -0.00095149 -0.00110962 -0.00109815 -0.00111143 -0.00103389 -0.0010448 0.0274763 0.032048 0.0317291 
0.500006 0.493201 0.494223 0.500038 0.498533 0.498351 0.00320508 0.00587472 0.00579143 0.00600658 0.00444881 0.00448867 0.0519449 0.0562934 0.0554145 
0.500948 0.486081 0.504924 0.502026 0.504105 0.495423 0.0229096 0.0231989 0.0216985 0.0227781 0.0227119 0.0233259 0.0748698 0.0777663 0.078767 
0.53094 0.526663 0.534701 0.543472 0.537681 0.530213 -0.0254094 -0.0367753 -0.0523812 -0.0458791 -0.0386279 -0.0312253 0.0918064 0.0889159 0.0996699 
-3.78174e-35 -0.0153435 -0.0126669 -0.0153903 -0.00324763 -0.00457977 2.01867e-35 0.0142543 0.0334333 0.0247612 0.0151405 0.0103448 0.00806191 0.00551262 0.00320157 
-0.0374903 -0.0126669 -0.0153435 -0.0153903 -0.0282151 -0.0256719 0.041504 0.0334333 0.0142543 0.0247612 0.0282294 0.0401517 0.00488289 0.00320157 0.00551262 
-2.58529e-35 -0.0126669 -0.0212066 -0.0183524 -0.00828797 -0.00321749 6.50018e-35 0.0334333 0.0628963 0.0504144 0.052333 0.0244849 0.00423508 0.00320157 -0.00131118 
-0.0374903 -0.0212066 -0.0126669 -0.0183524 -0.0256719 -0.0301317 0.041504 0.0628963 0.0334333 0.0504144 0.0401517 0.0535886 0.00488289 -0.00131118 0.00320157 
