0.47862 0.846831 1.09563e-33 0.566328 0.286868 0.677461 -0.114198 -0.0599762 7.19551e-36 -0.0819183 -0.0810425 -0.110698 -0.0245002 0.015008 -0.0714312 
0.00515496 0.0224336 0.292466 0.141039 0.132021 0.0124382 -0.0277265 -0.0439432 -0.112021 -0.0756411 -0.0680695 -0.0371408 0.0320629 0.0537257 0.0497782 
0.500019 0.46128 0.495449 0.495811 0.498817 0.490534 0.00160122 0.00418439 0.00384666 0.00442243 0.00264534 0.00295783 0.0440729 0.0505736 0.0476797 
0.500745 0.442259 0.503832 0.490839 0.503069 0.482131 0.0212019 0.0212066 0.0216678 0.0227721 0.0218111 0.0221141 0.0673305 0.0716862 0.07094 
0.519954 0.451841 0.532314 0.511629 0.526537 0.497905 -0.005618 -0.00961226 -0.0236553 -0.0170842 -0.0139794 -0.00797929 0.0859695 0.08048 0.0899667 
0.331871 0.310233 0.608062 0.475701 0.493839 0.320142 -0.123757 -0.113309 -0.154555 -0.143477 -0.150039 -0.119442 0.0700056 0.0874013 0.078943 
0.385055 0.309174 0.204476 0.259764 0.30546 0.349738 0.000486485 -0.000454063 1.34331e-05 -0.00017191 0.000194554 -0.000162493 0.0450997 0.03917 0.0453195 
0.566179 0.444507 0.539641 0.506036 0.55335 0.526608 -0.0804519 -0.0785518 -0.0625171 -0.0734199 -0.0717277 -0.0850087 0.0935523 0.107698 0.0975483 
0.882153 0.846831 0.47862 0.677461 0.726436 0.870552 -0.115484 -0.0599762 -0.114198 -0.110698 -0.122285 -0.0921727 0.00453541 0.015008 -0.0245002 
0.419241 0.229475 0.347085 0.292984 0.386928 0.33702 -0.0120189 -0.00275472 0.00127014 -0.00182617 -0.00408017 -0.00769007 0.0980625 0.100782 0.0914786 
0.566179 0.517748 0.444507 0.481177 0.526608 0.55459 -0.0804519 -0.108093 -0.0785518 -0.0939013 -0.0850087 -0.0963618 0.0935523 0.10071 0.107698 
0.357706 0.316256 0.467169 0.407079 0.422043 0.337645 -0.000625279 -0.000648745 -0.00128755 -0.00101357 -0.000970243 -0.000660557 0.022147 0.0288007 0.0268555 
0.44851 0.467169 0.316256 0.407079 0.392587 0.458366 -0.00121364 -0.00128755 -0.000648745 -0.00101357 -0.000990969 -0.00129382 0.0322591 0.0268555 0.0288007 
0.500745 0.473109 0.491683 0.500056 0.497 0.497756 0.0212019 0.0144959 0.0181963 0.0173317 0.0199227 0.0184129 0.0673305 0.0612364 0.063798 
0.500019 0.458082 0.495576 0.495219 0.498952 0.489251 0.00160122 -0.000515047 -4.87459e-05 -0.000251008 0.000694567 0.000345727 0.0440729 0.0384397 0.0403978 
0.499987 0.458082 0.491085 0.477579 0.49754 0.489077 -0.000982234 -0.000515047 -0.00142959 -0.00111198 -0.00130762 -0.000779548 0.0362971 0.0384397 0.031676 
0.491085 0.458082 0.439289 0.449043 0.470929 0.477579 -0.00142959 -0.000515047 -0.00115121 -0.000927244 -0.00130721 -0.00111198 0.031676 0.0384397 0.0326512 
0.40132 0.20957 0.315969 0.266327 0.361053 0.317802 0.0120597 0.00310851 0.00579726 0.00474238 0.00881261 0.00738231 0.0672458 0.0671665 0.0607394 
0.419241 0.347085 0.497523 0.441345 0.467621 0.386928 -0.0120189 0.00127014 0.00292206 0.00130494 -0.00535024 -0.00408017 0.0980625 0.0914786 0.0871692 
0.0237402 -0.021377 0.0164275 -0.0154465 0.0248089 -0.0102698 0.0462782 0.0608449 0.0222001 0.0499305 0.0355974 0.0616605 -0.00895543 -0.00135338 0.00322968 
0.644028 0.674654 0.602209 0.663648 0.622097 0.686339 -0.114901 -0.159957 -0.104233 -0.135908 -0.110591 -0.142087 0.0672132 0.0678541 0.074603 
0.517748 0.49425 0.332708 0.411455 0.434615 0.508301 -0.108093 -0.133801 -0.0863177 -0.111972 -0.101823 -0.122059 0.10071 0.0928289 0.108381 
0.608062 0.602209 0.674654 0.663648 0.642102 0.649379 -0.154555 -0.104233 -0.159957 -0.135908 -0.158178 -0.137157 0.078943 0.074603 0.0678541 
0.40132 0.315969 0.473109 0.411895 0.443158 0.361053 0.0120597 0.00579726 0.0144959 0.0103649 0.0138968 0.00881261 0.0672458 0.0607394 0.0612364 
0.385055 0.455252 0.309174 0.395019 0.349738 0.42431 0.000486485 -0.000702409 -0.000454063 -0.000616185 -0.000162493 -0.000126618 0.0450997 0.0382902 0.03917 
0.594555 0.49425 0.517748 0.508301 0.561279 0.561144 -0.119849 -0.133801 -0.108093 -0.122059 -0.116117 -0.131504 0.0899045 0.0928289 0.10071 
0.380454 0.302494 0.458082 0.394484 0.424168 0.343671 0.00055279 -0.000431263 -0.000515047 -0.000522714 5.27755e-05 -0.000125197 0.043297 0.0380668 0.0384397 
0.385055 0.307681 0.46128 0.399282 0.428638 0.348937 0.000486485 0.00141154 0.00418439 0.00279461 0.00194046 0.00100771 0.0450997 0.051377 0.0505736 
0.519954 0.497523 0.496701 0.517288 0.509619 0.518971 -0.005618 0.00292206 0.00868089 0.00524343 0.00212467 -0.00133431 0.0859695 0.0871692 0.081273 
0.364134 0.278771 0.442259 0.371587 0.406539 0.323645 0.0129989 0.00999392 0.0212066 0.0163403 0.0175128 0.0118597 0.0679754 0.0718875 0.0716862 
0.332229 0.24666 0.451841 0.356971 0.392516 0.290643 0.00786457 0.00185592 -0.00961226 -0.00195784 0.00161078 0.00462335 0.0772017 0.0762834 0.08048 
0.364134 0.322723 0.185359 0.258281 0.283894 0.34482 0.0129989 0.00652915 0.0033512 0.00536585 0.0080156 0.00962488 0.0679754 0.0625483 0.0683374 
0.385055 0.204476 0.307681 0.259293 0.348937 0.30546 0.000486485 1.34331e-05 0.00141154 0.000474819 0.00100771 0.000194554 0.0450997 0.0453195 0.051377 
0.364134 0.453258 0.322723 0.398258 0.34482 0.41418 0.0129989 0.0143526 0.00652915 0.0106479 0.00962488 0.0142983 0.0679754 0.0627214 0.0625483 
0.332229 0.281095 0.147912 0.215917 0.242763 0.30535 0.00786457 0.0112429 0.00323724 0.00674718 0.00617954 0.010524 0.0772017 0.076165 0.0766701 
0.364134 0.185359 0.278771 0.235132 0.323645 0.283894 0.0129989 0.0033512 0.00999392 0.00640865 0.0118597 0.0080156 0.0679754 0.0683374 0.0718875 
0.419132 0.299749 0.170392 0.238009 0.296081 0.355567 -0.0442954 -0.0155998 -0.0074077 -0.0127036 -0.0225804 -0.02804 0.0739873 0.0746356 0.0701975 
0.332229 0.147912 0.24666 0.196052 0.290643 0.242763 0.00786457 0.00323724 0.00185592 0.00340589 0.00462335 0.00617954 0.0772017 0.0766701 0.0762834 
0.439198 0.322723 0.453258 0.398258 0.446722 0.38832 0.00819442 0.00652915 0.0143526 0.0106479 0.0111757 0.00787513 0.057155 0.0625483 0.0627214 
0.332229 0.435776 0.281095 0.364964 0.30535 0.388485 0.00786457 0.0149311 0.0112429 0.0146295 0.010524 0.0115366 0.0772017 0.0780301 0.076165 
0.413187 0.281095 0.435776 0.364964 0.423817 0.353059 0.0193345 0.0112429 0.0149311 0.0146295 0.0178464 0.0157977 0.0751546 0.076165 0.0780301 
0.390195 0.462917 0.48729 0.476713 0.450698 0.431375 -0.000302867 -0.000264638 -0.00058798 -0.000400661 -0.000451177 -0.000290603 0.0108952 0.00579846 0.0127601 
0.499983 0.48729 0.462917 0.476713 0.490687 0.496795 -0.000413943 -0.00058798 -0.000264638 -0.000400661 -0.000346094 -0.000501149 0.00844844 0.0127601 0.00579846 
0.419132 0.511578 0.299749 0.415598 0.355567 0.47203 -0.0442954 -0.0568317 -0.0155998 -0.0339022 -0.02804 -0.0524372 0.0739873 0.0811432 0.0746356 
0.442903 0.299749 0.511578 0.415598 0.47587 0.37817 -0.0257463 -0.0155998 -0.0568317 -0.0339022 -0.0403057 -0.0216436 0.0797398 0.0746356 0.0811432 
0.419241 0.486921 0.319027 0.41417 0.374679 0.455503 -0.0120189 -0.0397705 -0.0209327 -0.0328255 -0.0176965 -0.0246019 0.0980625 0.101106 0.108201 
0.473916 0.359925 0.482895 0.435306 0.478962 0.426659 0.0128736 0.00959091 0.0183929 0.0141535 0.0162892 0.0122036 0.0806472 0.0755526 0.0736228 
0.40132 0.482895 0.359925 0.435306 0.381941 0.44916 0.0120597 0.0183929 0.00959091 0.0141535 0.0112474 0.0157755 0.0672458 0.0736228 0.0755526 
0.446776 0.330427 0.462063 0.407977 0.454564 0.396066 0.00804235 0.00206871 0.00434887 0.00332856 0.00618353 0.00462253 0.054633 0.0494361 0.048996 
0.380454 0.462063 0.330427 0.407977 0.35635 0.426518 0.00055279 0.00434887 0.00206871 0.00332856 0.00132511 0.00204324 0.043297 0.048996 0.0494361 
0.500073 0.495449 0.46128 0.495811 0.489938 0.499033 0.00716141 0.00384666 0.00418439 0.00442243 0.00582741 0.00543033 0.0519364 0.0476797 0.0505736 
0.419132 0.343304 0.602209 0.492295 0.515498 0.384342 -0.0442954 -0.0329743 -0.104233 -0.066327 -0.0717375 -0.0397314 0.0739873 0.0685812 0.074603 
0.502958 0.503832 0.442259 0.490839 0.481109 0.504882 0.0219349 0.0216678 0.0212066 0.0227721 0.0226368 0.0220498 0.0742138 0.07094 0.0716862 
0.44851 0.455252 0.496219 0.481386 0.479232 0.451981 -0.00121364 -0.000702409 -0.00141909 -0.00115749 -0.00135914 -0.00104317 0.0322591 0.0382902 0.0320831 
0.53973 0.532314 0.451841 0.511629 0.509767 0.535995 -0.0370431 -0.0236553 -0.00961226 -0.0170842 -0.0225513 -0.0302365 0.0901066 0.0899667 0.08048 
3.51077e-34 0.215358 0.294986 0.256844 0.163653 0.115151 -8.81185e-35 -9.23955e-05 -0.000295875 -0.000177548 -0.000100074 -4.22025e-05 0.017802 0.0117908 0.0170454 
0.499987 0.496219 0.455252 0.481386 0.489273 0.499191 -0.000982234 -0.00141909 -0.000702409 -0.00115749 -0.000857522 -0.00127707 0.0362971 0.0320831 0.0382902 
1.65571e-34 3.42202e-34 0.214943 0.115034 0.114966 5.53364e-35 5.73621e-35 8.61865e-35 -8.70751e-05 -3.98892e-05 -2.18776e-05 1.43767e-34 0.011706 0.0176201 0.0112779 
0.214943 3.42202e-34 0.294274 0.163222 0.256182 0.115034 -8.70751e-05 8.61865e-35 -0.000285172 -9.60226e-05 -0.000169718 -3.98892e-05 0.0112779 0.0176201 0.0166512 
0.473916 0.509495 0.497523 0.507228 0.486657 0.499236 0.0128736 0.0177174 0.00292206 0.0114209 0.00875389 0.0154348 0.0806472 0.078285 0.0871692 
0.380454 0.195314 0.302494 0.251707 0.343671 0.298278 0.00055279 8.30076e-06 -0.000431263 -0.00015797 -0.000125197 0.000219032 0.043297 0.0431824 0.0380668 
0.508355 0.497523 0.509495 0.507228 0.510833 0.513837 0.0140707 0.00292206 0.0177174 0.0114209 0.0162865 0.0089133 0.0803301 0.0871692 0.078285 
0.500246 0.491683 0.473109 0.500056 0.495498 0.497421 0.0148015 0.0181963 0.0144959 0.0173317 0.0152479 0.016617 0.0597724 0.063798 0.0612364 
0.499987 0.495576 0.458082 0.495219 0.489077 0.499044 -0.000982234 -4.87459e-05 -0.000515047 -0.000251008 -0.000779548 -0.000579906 0.0362971 0.0403978 0.0384397 
0.0164275 -0.021377 -0.0509221 -0.0347934 -0.0288572 -0.0154465 0.0222001 0.0608449 0.038849 0.0507492 0.0369456 0.0499305 0.00322968 -0.00135338 0.00554959 
1.12508e-33 0.844162 0.842825 0.843728 0.512948 0.512284 1.02893e-33 -0.00214501 -0.00533411 -0.00334684 -0.0015482 -0.00105474 0.210566 0.232441 0.178103 
0.419132 0.170392 0.343304 0.25066 0.384342 0.296081 -0.0442954 -0.0074077 -0.0329743 -0.0175573 -0.0397314 -0.0225804 0.0739873 0.0701975 0.0685812 
0.309174 0.154812 0.204476 0.180203 0.259764 0.237754 -0.000454063 -0.000132078 1.34331e-05 -9.46557e-05 -0.00017191 -0.000292316 0.03917 0.0392757 0.0453195 
0.380454 0.330427 0.195314 0.267042 0.298278 0.35635 0.00055279 0.00206871 8.30076e-06 0.00063691 0.000219032 0.00132511 0.043297 0.0494361 0.0431824 
0.500745 0.454474 0.442259 0.448445 0.482131 0.485135 0.0212019 0.0189416 0.0212066 0.0202433 0.0221141 0.0207866 0.0673305 0.0675349 0.0716862 
0.519954 0.449162 0.451841 0.449404 0.497905 0.49446 -0.005618 0.00460907 -0.00961226 -0.00221053 -0.00797929 0.000266181 0.0859695 0.0800321 0.08048 
0.500019 0.469748 0.46128 0.465812 0.490534 0.492603 0.00160122 0.00103347 0.00418439 0.00244924 0.00295783 0.00134907 0.0440729 0.0443066 0.0505736 
0.40132 0.359925 0.20957 0.289927 0.317802 0.381941 0.0120597 0.00959091 0.00310851 0.00632123 0.00738231 0.0112474 0.0672458 0.0755526 0.0671665 
2.77792e-34 0.272694 0.215358 0.244832 0.115279 0.149643 -2.95069e-35 -9.73825e-05 -9.23955e-05 -9.94002e-05 -1.82325e-05 -2.74704e-05 0.0059629 0.00701456 0.0117908 
0.508355 0.496701 0.497523 0.517288 0.513837 0.50372 0.0140707 0.00868089 0.00292206 0.00524343 0.0089133 0.0115281 0.0803301 0.081273 0.0871692 
0.44851 0.359989 0.455252 0.414315 0.451981 0.4097 -0.00121364 -0.000836179 -0.000702409 -0.000895479 -0.00104317 -0.00104167 0.0322591 0.0340601 0.0382902 
0.309174 0.455252 0.359989 0.414315 0.3356 0.395019 -0.000454063 -0.000702409 -0.000836179 -0.000895479 -0.000671574 -0.000616185 0.03917 0.0382902 0.0340601 
0.390195 0.44258 0.294986 0.380144 0.346275 0.41853 -0.000302867 -0.000726858 -0.000295875 -0.000514804 -0.000315754 -0.000486724 0.0108952 0.0178789 0.0170454 
0.419241 0.319027 0.229475 0.280035 0.33702 0.374679 -0.0120189 -0.0209327 -0.00275472 -0.00985117 -0.00769007 -0.0176965 0.0980625 0.108201 0.100782 
0.331871 0.608062 0.539005 0.580956 0.438609 0.493839 -0.123757 -0.154555 -0.158875 -0.160223 -0.144205 -0.150039 0.0700056 0.078943 0.0650183 
3.51077e-34 1.67073e-34 0.215358 0.115221 0.115151 5.44585e-35 -8.81185e-35 -5.88359e-35 -9.23955e-05 -2.28355e-05 -4.22025e-05 -1.46717e-34 0.017802 0.01191 0.0117908 
0.0164275 -0.0773824 0.0645516 -0.0317776 0.039444 -0.0391424 0.0222001 0.0130573 -0.0215304 0.00676382 -0.000848781 0.0225203 0.00322968 0.0162909 0.0147451 
0.347085 0.229475 0.176513 0.205054 0.270155 0.292984 0.00127014 -0.00275472 0.000504737 -0.000729092 0.000904223 -0.00182617 0.0914786 0.100782 0.0916737 
0.466328 0.539641 0.444507 0.506036 0.456559 0.510338 -0.0610619 -0.0625171 -0.0785518 -0.0734199 -0.0699232 -0.0635501 0.105473 0.0975483 0.107698 
0.354532 0.294986 0.44258 0.380144 0.403572 0.326083 -0.000659692 -0.000295875 -0.000726858 -0.000514804 -0.000725343 -0.000460395 0.0231381 0.0170454 0.0178789 
0.268584 0.331928 0.0645516 0.178655 0.157394 0.299441 -0.0925659 -0.087826 -0.0215304 -0.0487933 -0.0566253 -0.0896314 0.0279932 0.00982261 0.0147451 
0.446776 0.495473 0.473109 0.486548 0.460548 0.477762 0.00804235 0.0104613 0.0144959 0.012769 0.0111449 0.00945891 0.054633 0.0553184 0.0612364 
0.473916 0.497523 0.398715 0.458283 0.441779 0.486657 0.0128736 0.00292206 0.0078412 0.00636389 0.0103684 0.00875389 0.0806472 0.0871692 0.0840051 
0.500246 0.473109 0.495473 0.486548 0.499856 0.495498 0.0148015 0.0144959 0.0104613 0.012769 0.0126878 0.0152479 0.0597724 0.0612364 0.0553184 
0.302494 0.340724 0.458082 0.408674 0.394484 0.322075 -0.000431263 -0.000790007 -0.000515047 -0.000853219 -0.000522714 -0.000651524 0.0380668 0.0328374 0.0384397 
0.0224336 0.119622 0.292466 0.198364 0.141039 0.0686748 -0.0439432 -0.0726568 -0.112021 -0.0925157 -0.0756411 -0.058581 0.0537257 0.0707698 0.0497782 
0.995148 0.983863 0.743773 0.907892 0.91666 0.991999 -0.0357878 -0.0620555 -0.0326453 -0.0491309 -0.0400695 -0.0500444 0.0887072 0.0580467 0.0712547 
0.307681 0.357696 0.46128 0.417602 0.399282 0.334041 0.00141154 0.00440029 0.00418439 0.00463216 0.00279461 0.00267811 0.051377 0.0563177 0.0505736 
0.439289 0.458082 0.340724 0.408674 0.395828 0.449043 -0.00115121 -0.000515047 -0.000790007 -0.000853219 -0.000991403 -0.000927244 0.0326512 0.0384397 0.0328374 
0.347085 0.398715 0.497523 0.458283 0.441345 0.374871 0.00127014 0.0078412 0.00292206 0.00636389 0.00130494 0.00459987 0.0914786 0.0840051 0.0871692 
0.278771 0.322112 0.442259 0.389151 0.371587 0.300973 0.00999392 0.014156 0.0212066 0.0181887 0.0163403 0.0122685 0.0718875 0.0743153 0.0716862 
0.24666 0.31626 0.451841 0.390323 0.356971 0.279736 0.00185592 -0.00815014 -0.00961226 -0.00987506 -0.00195784 -0.00207707 0.0762834 0.0765576 0.08048 
0.404588 0.380012 0.273394 0.330906 0.345949 0.392629 -0.000330549 -0.000144532 -9.65274e-05 -0.000124566 -0.000194613 -0.000220226 0.0109008 0.00410157 0.00691696 
0.439198 0.46128 0.357696 0.417602 0.402789 0.451086 0.00819442 0.00418439 0.00440029 0.00463216 0.00625914 0.00610266 0.057155 0.0505736 0.0563177 
0.413187 0.442259 0.322112 0.389151 0.370433 0.428352 0.0193345 0.0212066 0.014156 0.0181887 0.0172233 0.0207742 0.0751546 0.0716862 0.0743153 
0.442903 0.451841 0.31626 0.390323 0.382163 0.446683 -0.0257463 -0.00961226 -0.00815014 -0.00987506 -0.015804 -0.0175047 0.0797398 0.08048 0.0765576 
0.315969 0.20957 0.153178 0.181305 0.240586 0.266327 0.00579726 0.00310851 0.0013042 0.00209806 0.00330456 0.00474238 0.0607394 0.0671665 0.0603764 
0.390195 0.272694 0.3801 0.330654 0.385224 0.336756 -0.000302867 -9.73825e-05 -0.000145131 -0.000124943 -0.00021038 -0.000184488 0.0108952 0.00701456 0.00414988 
0.608062 0.310233 0.49425 0.410733 0.551776 0.475701 -0.154555 -0.113309 -0.133801 -0.12799 -0.145997 -0.143477 0.078943 0.0874013 0.0928289 
0.555064 0.331928 0.268584 0.299441 0.40711 0.451907 -0.148912 -0.087826 -0.0925659 -0.0896314 -0.123049 -0.123353 0.0293863 0.00982261 0.0279932 
-1.01332e-34 -1.33402e-34 -0.0773824 -0.0740735 -0.0638721 7.81104e-36 -3.58998e-35 -1.11986e-34 0.0130573 0.00526043 0.00810316 -1.67945e-34 0.00994428 0.0242413 0.0162909 
0.404588 0.466849 0.380012 0.430179 0.392629 0.439738 -0.000330549 -0.000260884 -0.000144532 -0.000202083 -0.000220226 -0.000300158 0.0109008 0.00542849 0.00410157 
0.390195 0.3801 0.462917 0.42742 0.431375 0.385224 -0.000302867 -0.000145131 -0.000264638 -0.000202946 -0.000290603 -0.00021038 0.0108952 0.00414988 0.00579846 
0.446776 0.473109 0.365506 0.42871 0.410823 0.460548 0.00804235 0.0144959 0.00565536 0.00984715 0.00698437 0.0111449 0.054633 0.0612364 0.0556584 
0.500745 0.483457 0.473109 0.478295 0.497756 0.500352 0.0212019 0.0184194 0.0144959 0.0167591 0.0184129 0.0202894 0.0673305 0.0675541 0.0612364 
0.315969 0.365506 0.473109 0.42871 0.411895 0.341729 0.00579726 0.00565536 0.0144959 0.00984715 0.0103649 0.00591017 0.0607394 0.0556584 0.0612364 
0.00515496 0.0645516 -0.0773824 -0.0317776 -0.0524464 0.0337114 -0.0277265 -0.0215304 0.0130573 0.00676382 -0.00100245 -0.0244623 0.0320629 0.0147451 0.0162909 
0.331871 0.292466 0.119622 0.198364 0.221092 0.312929 -0.123757 -0.112021 -0.0726568 -0.0925157 -0.0990022 -0.119388 0.0700056 0.0497782 0.0707698 
1.67073e-34 2.77792e-34 0.215358 0.115279 0.115221 5.46742e-35 -5.88359e-35 -2.95069e-35 -9.23955e-05 -1.82325e-05 -2.28355e-05 -8.82348e-35 0.01191 0.0059629 0.0117908 
0.500019 0.466681 0.458082 0.462397 0.489251 0.491519 0.00160122 0.00130176 -0.000515047 0.000186357 0.000345727 0.00154387 0.0440729 0.0437444 0.0384397 
0.343304 0.474353 0.602209 0.551488 0.492295 0.406958 -0.0329743 -0.0616016 -0.104233 -0.0841102 -0.066327 -0.0460369 0.0685812 0.0664819 0.074603 
8.61971e-34 1.12508e-33 0.842825 0.512948 0.509684 -4.15514e-35 8.08156e-34 1.02893e-33 -0.00533411 -0.0015482 -0.00215665 1.84282e-33 0.165604 0.210566 0.178103 
0.644028 0.602209 0.474353 0.551488 0.570171 0.622097 -0.114901 -0.104233 -0.0616016 -0.0841102 -0.0881866 -0.110591 0.0672132 0.074603 0.0664819 
0.319027 0.486921 0.349798 0.428841 0.335618 0.41417 -0.0209327 -0.0397705 -0.0415131 -0.0439806 -0.0305378 -0.0328255 0.108201 0.101106 0.11105 
0.00515496 -0.0715443 0.0224336 -0.0416643 0.0124382 -0.0505551 -0.0277265 -0.00825614 -0.0439432 -0.0223608 -0.0371408 -0.0165328 0.0320629 0.0492886 0.0537257 
0.299749 0.107486 0.170392 0.136372 0.238009 0.202189 -0.0155998 -0.00209196 -0.0074077 -0.00443663 -0.0127036 -0.00733225 0.0746356 0.0725804 0.0701975 
0.281095 0.113174 0.147912 0.130595 0.215917 0.20029 0.0112429 0.00239426 0.00323724 0.00283781 0.00674718 0.0065421 0.076165 0.0764859 0.0766701 
0.322723 0.142335 0.185359 0.164929 0.258281 0.240547 0.00652915 0.00131567 0.0033512 0.00216565 0.00536585 0.00370485 0.0625483 0.0635105 0.0683374 
0.24666 0.147912 0.102009 0.124326 0.174168 0.196052 0.00185592 0.00323724 0.000740211 0.00175825 0.00141005 0.00340589 0.0762834 0.0766701 0.0760983 
0.278771 0.185359 0.129679 0.157665 0.208623 0.235132 0.00999392 0.0033512 0.00233136 0.00288357 0.00582695 0.00640865 0.0718875 0.0683374 0.0723386 
0.307681 0.204476 0.1476 0.176767 0.233864 0.259293 0.00141154 1.34331e-05 0.000303533 0.00019122 0.000799114 0.000474819 0.051377 0.0453195 0.0516881 
0.70718 0.995148 0.743773 0.91666 0.729487 0.909036 -0.0143322 -0.0357878 -0.0326453 -0.0400695 -0.0215015 -0.0254124 0.109531 0.0887072 0.0712547 
0.442903 0.511578 0.537263 0.527825 0.499246 0.47587 -0.0257463 -0.0568317 -0.0472865 -0.0529967 -0.0362655 -0.0403057 0.0797398 0.0811432 0.0871263 
0.413187 0.435776 0.487004 0.465484 0.455682 0.423817 0.0193345 0.0149311 0.0205474 0.0182072 0.0206898 0.0178464 0.0751546 0.0780301 0.0765062 
0.566179 0.537263 0.511578 0.527825 0.5596 0.55746 -0.0804519 -0.0472865 -0.0568317 -0.0529967 -0.0710174 -0.0635115 0.0935523 0.0871263 0.0811432 
0.439198 0.453258 0.492167 0.476816 0.471763 0.446722 0.00819442 0.0143526 0.0106208 0.0127769 0.00962463 0.0111757 0.057155 0.0627214 0.0563326 
0.508355 0.487004 0.435776 0.465484 0.482733 0.498761 0.0140707 0.0205474 0.0149311 0.0182072 0.0150452 0.0180308 0.0803301 0.0765062 0.0780301 
0.500246 0.492167 0.453258 0.476816 0.4863 0.497378 0.0148015 0.0106208 0.0143526 0.0127769 0.0152027 0.0127777 0.0597724 0.0563326 0.0627214 
0.442903 0.537263 0.451841 0.497832 0.446683 0.499246 -0.0257463 -0.0472865 -0.00961226 -0.02592 -0.0175047 -0.0362655 0.0797398 0.0871263 0.08048 
0.413187 0.487004 0.442259 0.466094 0.428352 0.455682 0.0193345 0.0205474 0.0212066 0.0222471 0.0207742 0.0206898 0.0751546 0.0765062 0.0716862 
0.439198 0.492167 0.46128 0.479806 0.451086 0.471763 0.00819442 0.0106208 0.00418439 0.00711342 0.00610266 0.00962463 0.057155 0.0563326 0.0505736 
0.53973 0.451841 0.537263 0.497832 0.539925 0.509767 -0.0370431 -0.00961226 -0.0472865 -0.02592 -0.042423 -0.0225513 0.0901066 0.08048 0.0871263 
0.502958 0.442259 0.487004 0.466094 0.49686 0.481109 0.0219349 0.0212066 0.0205474 0.0222471 0.0214752 0.0226368 0.0742138 0.0716862 0.0765062 
0.500073 0.46128 0.492167 0.479806 0.497973 0.489938 0.00716141 0.00418439 0.0106208 0.00711342 0.00891113 0.00582741 0.0519364 0.0505736 0.0563326 
-0.0364095 -0.0509221 -0.021377 -0.0347934 -0.0297062 -0.0457235 0.0396548 0.038849 0.0608449 0.0507492 0.0515087 0.0416428 0.0049149 0.00554959 -0.00135338 
2.76905e-34 0.214943 0.273394 0.245006 0.150014 0.114909 2.8598e-35 -8.70751e-05 -9.65274e-05 -9.56087e-05 -2.7744e-05 -1.82685e-05 0.00584587 0.0112779 0.00691696 
8.21913e-34 1.07492e-33 0.836469 0.515611 0.505778 1.09171e-34 -5.41563e-34 -3.05903e-34 -0.0212499 -0.00754318 -0.00497366 -7.96717e-34 0.112232 0.0544946 0.0807095 
0.519954 0.506879 0.497523 0.502371 0.518971 0.523777 -0.005618 -0.0150878 0.00292206 -0.00468557 -0.00133431 -0.0111284 0.0859695 0.0930554 0.0871692 
0.6344 0.722074 0.460462 0.626236 0.547985 0.696368 -0.0912588 -0.140264 -0.0547472 -0.0990614 -0.0722741 -0.118794 0.0555425 0.0594659 0.0609538 
0.644028 0.460462 0.722074 0.626236 0.684748 0.57341 -0.114901 -0.0547472 -0.140264 -0.0990614 -0.127852 -0.0865453 0.0672132 0.0609538 0.0594659 
0.989628 0.842825 0.844162 0.843728 0.978407 0.978137 -0.00478487 -0.00533411 -0.00214501 -0.00334684 -0.00385987 -0.00615383 0.200128 0.178103 0.232441 
0.233872 0.332708 0.49425 0.411455 0.367915 0.285783 -0.0840556 -0.0863177 -0.133801 -0.111972 -0.113994 -0.0869037 0.100719 0.108381 0.0928289 
0.439198 0.357696 0.322723 0.340946 0.38832 0.402789 0.00819442 0.00440029 0.00652915 0.00555171 0.00787513 0.00625914 0.057155 0.0563177 0.0625483 
0.413187 0.322112 0.281095 0.301771 0.353059 0.370433 0.0193345 0.014156 0.0112429 0.0129146 0.0157977 0.0172233 0.0751546 0.0743153 0.076165 
0.442903 0.31626 0.299749 0.307269 0.37817 0.382163 -0.0257463 -0.00815014 -0.0155998 -0.0123606 -0.0216436 -0.015804 0.0797398 0.0765576 0.0746356 
0.466328 0.349798 0.486921 0.428841 0.478032 0.411389 -0.0610619 -0.0415131 -0.0397705 -0.0439806 -0.0500979 -0.0529694 0.105473 0.11105 0.101106 
0.302494 0.195314 0.142496 0.169344 0.228289 0.251707 -0.000431263 8.30076e-06 -0.000118163 -8.81322e-05 -0.000275272 -0.00015797 0.0380668 0.0431824 0.0377246 
0.44851 0.316256 0.359989 0.338875 0.4097 0.392587 -0.00121364 -0.000648745 -0.000836179 -0.000775832 -0.00104167 -0.000990969 0.0322591 0.0288007 0.0340601 
0.499584 0.44258 0.48729 0.468964 0.49559 0.483128 -0.00102261 -0.000726858 -0.00058798 -0.000671827 -0.000793805 -0.000908028 0.0192418 0.0178789 0.0127601 
0.499584 0.48729 0.488414 0.499977 0.498067 0.49559 -0.00102261 -0.00058798 -0.000672431 -0.000657161 -0.000851169 -0.000793805 0.0192418 0.0127601 0.0142535 
0.343304 0.170392 0.134442 0.15317 0.237748 0.25066 -0.0329743 -0.0074077 -0.00580462 -0.00692035 -0.0168149 -0.0175573 0.0685812 0.0701975 0.0656946 
0.330427 0.145675 0.195314 0.170852 0.267042 0.246056 0.00206871 0.000305039 8.30076e-06 0.000180191 0.00063691 0.0010221 0.0494361 0.0486885 0.0431824 
0.882153 0.963726 0.846831 0.954993 0.870552 0.952053 -0.115484 -0.0856915 -0.0599762 -0.08587 -0.0921727 -0.105367 0.00453541 0.0410259 0.015008 
1.12508e-33 9.5249e-34 0.844162 0.513623 0.512284 -3.2128e-35 1.02893e-33 1.25587e-33 -0.00214501 -0.00072353 -0.00105474 2.28832e-33 0.210566 0.256427 0.232441 
-1.42042e-35 0.043759 0.0753749 0.0565364 -0.00892466 -0.00495771 -4.86197e-34 -0.0249226 -0.0528828 -0.038744 -0.0162425 -0.00761192 0.0917416 0.101233 0.0862244 
0.357706 0.193566 0.316256 0.258768 0.337645 0.283458 -0.000625279 -0.000212329 -0.000648745 -0.0004047 -0.000660557 -0.000424618 0.022147 0.025047 0.0288007 
0.632069 0.555064 0.758765 0.679771 0.717001 0.591824 -0.150418 -0.148912 -0.165066 -0.165503 -0.164536 -0.149819 0.0216669 0.0293863 0.0430606 
0.446776 0.365506 0.330427 0.347921 0.396066 0.410823 0.00804235 0.00565536 0.00206871 0.00366386 0.00462253 0.00698437 0.054633 0.0556584 0.0494361 
0.821518 0.632069 0.758765 0.717001 0.789087 0.753267 -0.155638 -0.150418 -0.165066 -0.164536 -0.1616 -0.160677 0.0339544 0.0216669 0.0430606 
0.566179 0.583304 0.517748 0.572383 0.55459 0.575509 -0.0804519 -0.0918998 -0.108093 -0.104678 -0.0963618 -0.0867284 0.0935523 0.0883159 0.10071 
0.594555 0.517748 0.583304 0.572383 0.593204 0.561279 -0.119849 -0.108093 -0.0918998 -0.104678 -0.106321 -0.116117 0.0899045 0.10071 0.0883159 
0.0164275 -0.0509221 -0.0773824 -0.065137 -0.0391424 -0.0288572 0.0222001 0.038849 0.0130573 0.0256511 0.0225203 0.0369456 0.00322968 0.00554959 0.0162909 
8.80695e-34 7.35288e-34 0.70718 0.406039 0.396234 2.14358e-34 4.15757e-34 6.00468e-34 -0.0143322 -0.00414281 -0.00568675 1.03503e-33 0.0884331 0.123662 0.109531 
0.359925 0.16149 0.20957 0.186452 0.289927 0.271106 0.00959091 0.00192576 0.00310851 0.00256733 0.00632123 0.00540535 0.0755526 0.0745872 0.0671665 
0.473916 0.398715 0.359925 0.380481 0.426659 0.441779 0.0128736 0.0078412 0.00959091 0.00940156 0.0122036 0.0103684 0.0806472 0.0840051 0.0755526 
0.500073 0.495473 0.462063 0.482475 0.491008 0.499087 0.00716141 0.0104613 0.00434887 0.00716574 0.00590391 0.00883544 0.0519364 0.0553184 0.048996 
0.446776 0.462063 0.495473 0.482475 0.477762 0.454564 0.00804235 0.00434887 0.0104613 0.00716574 0.00945891 0.00618353 0.054633 0.048996 0.0553184 
0.319027 0.152513 0.229475 0.19253 0.280035 0.24259 -0.0209327 -0.00437178 -0.00275472 -0.00403236 -0.00985117 -0.0119172 0.108201 0.109441 0.100782 
0.354532 0.287606 0.186193 0.239408 0.278309 0.322631 -0.000659692 -0.000547214 -0.000207186 -0.000361207 -0.000436414 -0.000632796 0.0231381 0.0288362 0.0253152 
0.893924 0.610416 0.927545 0.821311 0.913567 0.828006 -0.132909 -0.0528082 -0.110188 -0.0862061 -0.121919 -0.0972572 0.0291853 0.0481313 0.0323757 
0.498646 0.491085 0.432849 0.468742 0.478093 0.495704 -0.00144954 -0.00142959 -0.00118048 -0.00135847 -0.0013763 -0.00146905 0.0274608 0.031676 0.028258 
0.404588 0.273394 0.214943 0.245006 0.322422 0.345949 -0.000330549 -9.65274e-05 -8.70751e-05 -9.56087e-05 -0.000208238 -0.000194613 0.0109008 0.00691696 0.0112779 
0.489759 0.408078 0.466849 0.441122 0.479939 0.459124 -0.000189892 -0.000125182 -0.000260884 -0.000175585 -0.000213077 -0.000166212 -2.89768e-06 -7.11148e-06 0.00542849 
0.40822 0.489799 0.462917 0.478458 0.438626 0.459211 -0.000125765 -0.000189419 -0.000264638 -0.000214422 -0.000176279 -0.000166309 7.00856e-06 2.67538e-06 0.00579846 
0.502958 0.509495 0.482895 0.500413 0.503881 0.507546 0.0219349 0.0177174 0.0183929 0.0188552 0.0207075 0.0202501 0.0742138 0.078285 0.0736228 
0.473916 0.482895 0.509495 0.500413 0.499236 0.478962 0.0128736 0.0183929 0.0177174 0.0188552 0.0154348 0.0162892 0.0806472 0.0736228 0.078285 
0.499584 0.488414 0.473233 0.481595 0.494838 0.498067 -0.00102261 -0.000672431 -0.00102444 -0.000848122 -0.0010583 -0.000851169 0.0192418 0.0142535 0.0211469 
2.76905e-34 1.65571e-34 0.214943 0.114966 0.114909 5.51252e-35 2.8598e-35 5.73621e-35 -8.70751e-05 -2.18776e-05 -1.82685e-05 8.60592e-35 0.00584587 0.011706 0.0112779 
8.80695e-34 0.70718 0.743773 0.729487 0.435587 0.396234 4.15757e-34 -0.0143322 -0.0326453 -0.0215015 -0.0100202 -0.00568675 0.0884331 0.109531 0.0712547 
0.00515496 -0.0773824 -0.0830605 -0.0842162 -0.0621043 -0.0524464 -0.0277265 0.0130573 3.81258e-05 0.00443461 -0.0079445 -0.00100245 0.0320629 0.0162909 0.0328321 
-1.33402e-34 -0.0830605 -0.0773824 -0.0842162 -0.0740735 -0.0599092 -1.11986e-34 3.81258e-05 0.0130573 0.00443461 0.00526043 0.00181161 0.0242413 0.0328321 0.0162909 
0.390195 0.294986 0.215358 0.256844 0.312995 0.346275 -0.000302867 -0.000295875 -9.23955e-05 -0.000177548 -0.000200034 -0.000315754 0.0108952 0.0170454 0.0117908 
0.498646 0.432849 0.47725 0.457973 0.491195 0.478093 -0.00144954 -0.00118048 -0.00119884 -0.00122054 -0.0013564 -0.0013763 0.0274608 0.028258 0.0236842 
0.995148 0.846831 0.983863 0.963963 0.991999 0.970287 -0.0357878 -0.0599762 -0.0620555 -0.0711014 -0.0500444 -0.0532508 0.0887072 0.015008 0.0580467 
0.390195 0.215358 0.272694 0.244832 0.336756 0.312995 -0.000302867 -9.23955e-05 -9.73825e-05 -9.94002e-05 -0.000184488 -0.000200034 0.0108952 0.0117908 0.00701456 
0.53973 0.539641 0.486921 0.515651 0.529748 0.545111 -0.0370431 -0.0625171 -0.0397705 -0.0511737 -0.0407755 -0.049844 0.0901066 0.0975483 0.101106 
0.466328 0.486921 0.539641 0.515651 0.510338 0.478032 -0.0610619 -0.0397705 -0.0625171 -0.0511737 -0.0635501 -0.0500979 0.105473 0.101106 0.0975483 
0.404588 0.214943 0.294274 0.256182 0.354673 0.322422 -0.000330549 -8.70751e-05 -0.000285172 -0.000169718 -0.00032669 -0.000208238 0.0109008 0.0112779 0.0166512 
0.488414 0.428012 0.473233 0.45335 0.481595 0.464678 -0.000672431 -0.000632128 -0.00102444 -0.000823721 -0.000848122 -0.000671676 0.0142535 0.017008 0.0211469 
3.36454e-34 0.203873 0.316256 0.263482 0.177667 0.108538 1.44941e-34 -0.000291829 -0.000648745 -0.000467809 -0.000222329 -0.000103865 0.0296529 0.0339125 0.0288007 
2.76905e-34 0.273394 0.180854 0.229086 0.0954768 0.150014 2.8598e-35 -9.65274e-05 -3.05982e-05 -5.699e-05 -1.14454e-05 -2.7744e-05 0.00584587 0.00691696 0.00363692 
3.36454e-34 0.316256 0.193566 0.258768 0.102816 0.177667 1.44941e-34 -0.000648745 -0.000212329 -0.0004047 -8.91783e-05 -0.000222329 0.0296529 0.0288007 0.025047 
-1.01332e-34 -0.0773824 -0.05193 -0.0705103 -0.0377004 -0.0638721 -3.58998e-35 0.0130573 0.0180977 0.0180935 0.00584151 0.00810316 0.00994428 0.0162909 0.00834244 
3.51077e-34 0.294986 0.204008 0.251557 0.108716 0.163653 -8.81185e-35 -0.000295875 -0.000198301 -0.000258831 -5.37265e-05 -0.000100074 0.017802 0.0170454 0.0215922 
0.893924 0.840816 0.610416 0.765794 0.828006 0.873659 -0.132909 -0.122937 -0.0528082 -0.090325 -0.0972572 -0.129449 0.0291853 0.0396555 0.0481313 
0.404588 0.294274 0.428012 0.369725 0.416689 0.354673 -0.000330549 -0.000285172 -0.000632128 -0.00046086 -0.000465787 -0.00032669 0.0109008 0.0166512 0.017008 
8.21913e-34 0.836469 0.703124 0.774191 0.405896 0.505778 -5.41563e-34 -0.0212499 -0.00786433 -0.0121748 -0.00268727 -0.00497366 0.112232 0.0807095 0.121551 
0.75 1 0.937293 0.984303 0.859266 0.9375 -3.62478e-37 -6.78085e-37 -0.000630691 -0.000471816 -0.000341697 -1.29542e-36 0.350125 0.349546 0.309514 
4.43332e-34 0.301953 0.460462 0.387875 0.223672 0.135843 2.42028e-34 -0.0231686 -0.0547472 -0.038253 -0.0145167 -0.00555487 0.0555204 0.0543171 0.0609538 
0.836469 0.846831 0.995148 0.970287 0.969988 0.840696 -0.0212499 -0.0599762 -0.0357878 -0.0532508 -0.0341683 -0.0315502 0.0807095 0.015008 0.0887072 
0.357706 0.428012 0.294274 0.369725 0.327404 0.395828 -0.000625279 -0.000632128 -0.000285172 -0.00046086 -0.000439045 -0.000649393 0.022147 0.017008 0.0166512 
0.233872 0.0753749 0.043759 0.0565364 0.126043 0.15247 -0.0840556 -0.0528828 -0.0249226 -0.038744 -0.0542533 -0.070284 0.100719 0.0862244 0.101233 
2.77792e-34 0.169663 0.272694 0.223593 0.149643 0.0892141 -2.95069e-35 -2.72359e-05 -9.73825e-05 -5.49215e-05 -2.74704e-05 -9.8966e-06 0.0059629 0.00384004 0.00701456 
9.5249e-34 0.706314 0.844162 0.780852 0.513623 0.405272 1.25587e-33 -0.000689653 -0.00214501 -0.00118732 -0.00072353 -0.000289058 0.256427 0.282175 0.232441 
4.76603e-34 5.52336e-34 0.610416 0.342628 0.313124 -2.20492e-35 1.89167e-34 2.03657e-34 -0.0528082 -0.014004 -0.0148715 4.35454e-34 0.0424727 0.0451185 0.0481313 
0.233872 0.310233 0.0753749 0.183922 0.15247 0.26962 -0.0840556 -0.113309 -0.0528828 -0.0843205 -0.070284 -0.0992052 0.100719 0.0874013 0.0862244 
0.983863 0.846831 0.963726 0.954993 0.974637 0.963963 -0.0620555 -0.0599762 -0.0856915 -0.08587 -0.0738564 -0.0711014 0.0580467 0.015008 0.0410259 
-1.42042e-35 0.0753749 -0.0312091 0.0136034 -0.0313129 -0.00892466 -4.86197e-34 -0.0528828 -0.0214348 -0.03606 -0.00732868 -0.0162425 0.0917416 0.0862244 0.0703943 
0.802559 0.743773 0.963726 0.898065 0.906534 0.779833 -0.0636326 -0.0326453 -0.0856915 -0.058936 -0.0768958 -0.0484277 0.0493569 0.0712547 0.0410259 
0.44851 0.496219 0.467169 0.485282 0.458366 0.479232 -0.00121364 -0.00141909 -0.00128755 -0.00142988 -0.00129382 -0.00135914 0.0322591 0.0320831 0.0268555 
0.498646 0.467169 0.496219 0.485282 0.499845 0.494781 -0.00144954 -0.00128755 -0.00141909 -0.00142988 -0.00147425 -0.00142652 0.0274608 0.0268555 0.0320831 
0.6344 0.460462 0.301953 0.387875 0.480482 0.547985 -0.0912588 -0.0547472 -0.0231686 -0.038253 -0.053695 -0.0722741 0.0555425 0.0609538 0.0543171 
0.644028 0.474353 0.460462 0.468651 0.57341 0.570171 -0.114901 -0.0616016 -0.0547472 -0.0588209 -0.0865453 -0.0881866 0.0672132 0.0664819 0.0609538 
0.802559 0.927545 0.610416 0.821311 0.710499 0.891503 -0.0636326 -0.110188 -0.0528082 -0.0862061 -0.0614841 -0.0873049 0.0493569 0.0323757 0.0481313 
7.40844e-34 7.74417e-34 0.774655 0.457388 0.456241 1.69852e-34 -1.2255e-33 -1.00406e-33 -0.00169734 -0.000624502 -0.00048045 -2.22824e-33 0.257226 0.210631 0.235434 
4.43332e-34 0.460462 0.226865 0.337716 0.11716 0.223672 2.42028e-34 -0.0547472 -0.0155075 -0.0318486 -0.00447361 -0.0145167 0.0555204 0.0609538 0.0632411 
0.99866 0.937293 0.986664 0.995446 0.994201 0.988605 -0.00146081 -0.000630691 -0.000531379 -0.000648554 -0.000953872 -0.00108325 0.271442 0.309514 0.319496 
0.354532 0.186193 0.204008 0.195164 0.285902 0.278309 -0.000659692 -0.000207186 -0.000198301 -0.000203881 -0.00041754 -0.000436414 0.0231381 0.0253152 0.0215922 
0.99866 0.986664 0.749918 0.905274 0.927963 0.994201 -0.00146081 -0.000531379 -0.000474298 -0.000569501 -0.000978596 -0.000953872 0.271442 0.319496 0.306906 
0.499584 0.47725 0.44258 0.461902 0.483128 0.492692 -0.00102261 -0.00119884 -0.000726858 -0.000959448 -0.000908028 -0.00113634 0.0192418 0.0236842 0.0178789 
0.444507 0.256789 0.349798 0.306749 0.397331 0.355095 -0.0785518 -0.0475008 -0.0415131 -0.045819 -0.0601709 -0.0663383 0.107698 0.114574 0.11105 
0.639371 0.292466 0.539005 0.425126 0.589143 0.478794 -0.168896 -0.112021 -0.158875 -0.141955 -0.164654 -0.149578 0.0540878 0.0497782 0.0650183 
0.354532 0.44258 0.47725 0.461902 0.429159 0.403572 -0.000659692 -0.000726858 -0.00119884 -0.000959448 -0.000963166 -0.000725343 0.0231381 0.0178789 0.0236842 
0.349798 0.256789 0.191568 0.22691 0.273791 0.306749 -0.0415131 -0.0475008 -0.0161982 -0.0306376 -0.0297344 -0.045819 0.11105 0.114574 0.114861 
0.331871 0.539005 0.292466 0.425126 0.312929 0.438609 -0.123757 -0.158875 -0.112021 -0.141955 -0.119388 -0.144205 0.0700056 0.0650183 0.0497782 
2.99534e-34 0.287606 0.194502 0.243096 0.103249 0.158831 -1.4542e-34 -0.000547214 -0.000270435 -0.000412263 -9.67066e-05 -0.000186753 0.0293781 0.0288362 0.033422 
1.04223e-34 -0.021377 0.0237402 -0.0102698 0.000139717 -0.00922575 9.16325e-35 0.0608449 0.0462782 0.0616605 0.0543678 0.0578789 -0.0238559 -0.00135338 -0.00895543 
0.354532 0.432849 0.287606 0.370351 0.322631 0.397439 -0.000659692 -0.00118048 -0.000547214 -0.000888114 -0.000632796 -0.000927806 0.0231381 0.028258 0.0288362 
1.07492e-33 0.846831 0.836469 0.840696 0.515611 0.546649 -3.05903e-34 -0.0599762 -0.0212499 -0.0315502 -0.00754318 -0.0308661 0.0544946 0.015008 0.0807095 
1.86354e-34 0.152513 0.191568 0.176372 0.107251 0.0780767 -5.69135e-34 -0.00437178 -0.0161982 -0.00923107 -0.004296 -0.00150886 0.114221 0.109441 0.114861 
5.52336e-34 0.398086 0.610416 0.520294 0.342628 0.200978 2.03657e-34 -0.0167994 -0.0528082 -0.0313827 -0.014004 -0.00440992 0.0451185 0.0555312 0.0481313 
0.802559 0.610416 0.398086 0.520294 0.627796 0.710499 -0.0636326 -0.0528082 -0.0167994 -0.0313827 -0.0384112 -0.0614841 0.0493569 0.0481313 0.0555312 
0.99866 0.844162 0.706314 0.780852 0.935999 0.967794 -0.00146081 -0.00214501 -0.000689653 -0.00118732 -0.0012878 -0.00208264 0.271442 0.232441 0.282175 
4.64527e-35 9.77482e-35 0.12093 0.0577106 0.0373964 -8.15242e-36 -5.55859e-34 -5.95784e-34 -0.031507 -0.00941988 -0.00978804 -1.11988e-33 0.109308 0.11823 0.111946 
0.354532 0.204008 0.294986 0.251557 0.326083 0.285902 -0.000659692 -0.000198301 -0.000295875 -0.000258831 -0.000460395 -0.00041754 0.0231381 0.0215922 0.0170454 
0.357706 0.199526 0.193566 0.196549 0.283458 0.28591 -0.000625279 -0.000178576 -0.000212329 -0.000194261 -0.000424618 -0.000392191 0.022147 0.0210537 0.025047 
0.489759 0.466849 0.499982 0.491774 0.497466 0.479939 -0.000189892 -0.000260884 -0.000261376 -0.000269993 -0.000217561 -0.000213077 -2.89768e-06 0.00542849 0.0038117 
2.99534e-34 0.186193 0.287606 0.239408 0.158831 0.0983577 -1.4542e-34 -0.000207186 -0.000547214 -0.000361207 -0.000186753 -8.27061e-05 0.0293781 0.0253152 0.0288362 
0.489799 0.499982 0.462917 0.490637 0.478458 0.497397 -0.000189419 -0.000261376 -0.000264638 -0.000272735 -0.000214422 -0.000217194 2.67538e-06 0.0038117 0.00579846 
3.42202e-34 0.199526 0.294274 0.24916 0.163222 0.106026 8.61865e-35 -0.000178576 -0.000285172 -0.000243808 -9.60226e-05 -4.77608e-05 0.0176201 0.0210537 0.0166512 
-1.42042e-35 4.64527e-35 0.043759 0.0123721 -0.00495771 -3.07643e-35 -4.86197e-34 -5.55859e-34 -0.0249226 -0.00729394 -0.00761192 -9.91026e-34 0.0917416 0.109308 0.101233 
-3.54709e-35 -0.05193 -0.0148203 -0.0332024 -0.0114123 -0.0254462 -7.83319e-36 0.0180977 0.013734 0.0173279 0.00411537 0.00588481 0.00328499 0.00834244 0.00552512 
0.0164275 0.0645516 0.331928 0.178655 0.137859 0.039444 0.0222001 -0.0215304 -0.087826 -0.0487933 -0.0253193 -0.000848781 0.00322968 0.0147451 0.00982261 
1.56078e-34 1.86354e-34 0.191568 0.107251 0.0956623 6.3741e-35 -5.97601e-34 -5.69135e-34 -0.0161982 -0.004296 -0.00514425 -1.15304e-33 0.119466 0.114221 0.114861 
0.00515496 -0.0830605 -0.0715443 -0.0793589 -0.0505551 -0.0621043 -0.0277265 3.81258e-05 -0.00825614 -0.00402288 -0.0165328 -0.0079445 0.0320629 0.0328321 0.0492886 
0.802559 0.398086 0.743773 0.580322 0.779833 0.627796 -0.0636326 -0.0167994 -0.0326453 -0.0250345 -0.0484277 -0.0384112 0.0493569 0.0555312 0.0712547 
0.635902 0.610416 0.840816 0.765794 0.760869 0.627461 -0.0711434 -0.0528082 -0.122937 -0.090325 -0.0992501 -0.0624746 0.0467675 0.0481313 0.0396555 
1.09563e-33 0.846831 1.07492e-33 0.546649 3.01559e-34 0.566328 7.19551e-36 -0.0599762 -3.05903e-34 -0.0308661 -1.28705e-35 -0.0819183 -0.0714312 0.015008 0.0544946 
0.319027 0.191568 0.152513 0.176372 0.24259 0.258075 -0.0209327 -0.0161982 -0.00437178 -0.00923107 -0.0119172 -0.0205159 0.108201 0.114861 0.109441 
0.499983 0.499982 0.466849 0.491774 0.491726 0.499982 -0.000413943 -0.000261376 -0.000260884 -0.000269993 -0.000341264 -0.000328458 0.00844844 0.0038117 0.00542849 
0.499983 0.462917 0.499982 0.490637 0.499982 0.490687 -0.000413943 -0.000264638 -0.000261376 -0.000272735 -0.000328458 -0.000346094 0.00844844 0.00579846 0.0038117 
9.53742e-34 8.21913e-34 0.703124 0.405896 0.401073 3.51617e-34 -7.78703e-34 -5.41563e-34 -0.00786433 -0.00268727 -0.00200638 -1.3099e-33 0.162567 0.112232 0.121551 
-9.7954e-35 -0.0312091 -0.0715443 -0.0546743 -0.0526061 -0.045408 -3.47214e-34 -0.0214348 -0.00825614 -0.0144747 -0.00296744 -0.00554683 0.068704 0.0703943 0.0492886 
0.999367 0.995148 0.70718 0.909036 0.919048 0.997786 -0.0153182 -0.0357878 -0.0143322 -0.0254124 -0.0179337 -0.0244327 0.132419 0.0887072 0.109531 
9.53742e-34 0.703124 0.834824 0.773689 0.50725 0.401073 -7.78703e-34 -0.00786433 -0.00658218 -0.0076148 -0.00216886 -0.00200638 0.162567 0.121551 0.159183 
0.821518 0.758765 0.761033 0.797255 0.819228 0.789087 -0.155638 -0.165066 -0.114858 -0.146847 -0.139919 -0.1616 0.0339544 0.0430606 0.047308 
0.357706 0.294274 0.199526 0.24916 0.28591 0.327404 -0.000625279 -0.000285172 -0.000178576 -0.000243808 -0.000392191 -0.000439045 0.022147 0.0166512 0.0210537 
0.351928 0.331928 0.734314 0.531899 0.569881 0.342919 -0.0845391 -0.087826 -0.15069 -0.128896 -0.128124 -0.0851781 -0.00139247 0.00982261 0.0158703 
0.983863 0.963726 0.743773 0.898065 0.907892 0.974637 -0.0620555 -0.0856915 -0.0326453 -0.058936 -0.0491309 -0.0738564 0.0580467 0.0410259 0.0712547 
1.04223e-34 -2.54566e-35 -0.021377 -0.00829159 -0.00922575 8.10607e-35 9.16325e-35 6.34908e-35 0.0608449 0.0511374 0.0578789 6.60079e-35 -0.0238559 0.00414726 -0.00135338 
0.999367 0.70718 0.647868 0.679405 0.903852 0.919048 -0.0153182 -0.0143322 -0.00642828 -0.00933289 -0.0128351 -0.0179337 0.132419 0.109531 0.143087 
0.999367 0.836469 0.995148 0.969988 0.997786 0.964019 -0.0153182 -0.0212499 -0.0357878 -0.0341683 -0.0244327 -0.0217716 0.132419 0.0807095 0.0887072 
0.244782 0.180854 0.380012 0.29236 0.318684 0.21371 -4.55845e-05 -3.05982e-05 -0.000144532 -8.26178e-05 -8.4686e-05 -3.73271e-05 -4.74285e-06 0.00363692 0.00410157 
0.244998 0.3801 0.169663 0.287948 0.208546 0.318865 -4.55754e-05 -0.000145131 -2.72359e-05 -8.07359e-05 -3.57774e-05 -8.47283e-05 4.91311e-06 0.00414988 0.00384004 
0.390195 0.48729 0.44258 0.468964 0.41853 0.450698 -0.000302867 -0.00058798 -0.000726858 -0.000671827 -0.000486724 -0.000451177 0.0108952 0.0127601 0.0178789 
7.35288e-34 0.647868 0.70718 0.679405 0.406039 0.361647 6.00468e-34 -0.00642828 -0.0143322 -0.00933289 -0.00414281 -0.0022312 0.123662 0.143087 0.109531 
0.419241 0.497523 0.506879 0.502371 0.470844 0.467621 -0.0120189 0.00292206 -0.0150878 -0.00468557 -0.0146826 -0.00535024 0.0980625 0.0871692 0.0930554 
0.40132 0.473109 0.483457 0.478295 0.450555 0.443158 0.0120597 0.0144959 0.0184194 0.0167591 0.0155208 0.0138968 0.0672458 0.0612364 0.0675541 
7.74417e-34 0.64508 0.774655 0.713454 0.457388 0.363404 -1.00406e-33 -0.00223721 -0.00169734 -0.00200541 -0.000624502 -0.00058003 0.210631 0.193006 0.235434 
0.99866 0.749918 0.624622 0.690406 0.89481 0.927963 -0.00146081 -0.000474298 -0.000646347 -0.000580129 -0.00125737 -0.000978596 0.271442 0.306906 0.271958 
0.00515496 0.292466 0.268584 0.28156 0.118785 0.132021 -0.0277265 -0.112021 -0.0925659 -0.103929 -0.0556321 -0.0680695 0.0320629 0.0497782 0.0279932 
8.61971e-34 0.842825 0.647868 0.754984 0.365891 0.509684 8.08156e-34 -0.00533411 -0.00642828 -0.00621729 -0.00162501 -0.00215665 0.165604 0.178103 0.143087 
0.385055 0.46128 0.469748 0.465812 0.434211 0.428638 0.000486485 0.00418439 0.00103347 0.00244924 0.000781532 0.00194046 0.0450997 0.0505736 0.0443066 
3.17187e-34 3.33013e-34 0.39936 0.205784 0.18554 5.06498e-35 2.28033e-34 1.99589e-34 -0.0343917 -0.00889681 -0.00812456 4.58812e-34 0.0491127 0.0429395 0.0507849 
0.999367 0.703124 0.836469 0.774191 0.964019 0.933994 -0.0153182 -0.00786433 -0.0212499 -0.0121748 -0.0217716 -0.01446 0.132419 0.121551 0.0807095 
-3.54709e-35 -1.01332e-34 -0.05193 -0.0377004 -0.0254462 -2.97854e-35 -7.83319e-36 -3.58998e-35 0.0180977 0.00584151 0.00588481 -6.31894e-35 0.00328499 0.00994428 0.00834244 
1.87577e-34 3.51077e-34 0.204008 0.108716 0.108587 7.00832e-35 -1.16898e-34 -8.81185e-35 -0.000198301 -5.37265e-05 -5.54801e-05 -2.04714e-34 0.0236545 0.017802 0.0215922 
0.75 0.749918 0.986664 0.905274 0.90529 0.749916 -4.19906e-37 -0.000474298 -0.000531379 -0.000569501 -0.000330338 -0.000257077 0.34902 0.306906 0.319496 
0.419132 0.579505 0.511578 0.545292 0.47203 0.514107 -0.0442954 -0.0921332 -0.0568317 -0.0736958 -0.0524372 -0.0683537 0.0739873 0.081118 0.0811432 
0.332229 0.451841 0.449162 0.449404 0.395486 0.392516 0.00786457 -0.00961226 0.00460907 -0.00221053 0.00693035 0.00161078 0.0772017 0.08048 0.0800321 
0.364134 0.442259 0.454474 0.448445 0.414782 0.406539 0.0129989 0.0212066 0.0189416 0.0202433 0.0163755 0.0175128 0.0679754 0.0716862 0.0675349 
0.639371 0.722074 0.758765 0.754282 0.700204 0.717083 -0.168896 -0.140264 -0.165066 -0.155898 -0.169268 -0.163661 0.0540878 0.0594659 0.0430606 
0.380454 0.458082 0.466681 0.462397 0.430217 0.424168 0.00055279 -0.000515047 0.00130176 0.000186357 0.00093954 5.27755e-05 0.043297 0.0384397 0.0437444 
0.287606 0.432849 0.340724 0.391641 0.315111 0.370351 -0.000547214 -0.00118048 -0.000790007 -0.00101002 -0.000677658 -0.000888114 0.0288362 0.028258 0.0328374 
0.499983 0.488414 0.48729 0.499977 0.496795 0.497104 -0.000413943 -0.000672431 -0.00058798 -0.000657161 -0.000501149 -0.000536569 0.00844844 0.0142535 0.0127601 
0.639371 0.52122 0.292466 0.403347 0.478794 0.588765 -0.168896 -0.151216 -0.112021 -0.132962 -0.149578 -0.163723 0.0540878 0.0389965 0.0497782 
0.499987 0.455252 0.495576 0.480719 0.499044 0.489273 -0.000982234 -0.000702409 -4.87459e-05 -0.000442288 -0.000579906 -0.000857522 0.0362971 0.0382902 0.0403978 
-1.42655e-35 -3.54709e-35 -0.0148203 -0.0114123 -0.00171187 6.19763e-37 -1.13442e-35 -7.83319e-36 0.013734 0.00411537 0.0017924 -4.40486e-35 0.00555006 0.00328499 0.00552512 
0.385055 0.469748 0.455252 0.462963 0.42431 0.434211 0.000486485 0.00103347 -0.000702409 -6.20698e-05 -0.000126618 0.000781532 0.0450997 0.0443066 0.0382902 
0.351928 0.104744 0.0237402 0.05216 0.134684 0.221177 -0.0845391 0.00103595 0.0462782 0.032072 -0.0104052 -0.0436416 -0.00139247 -0.0292 -0.00895543 
-1.42655e-35 -0.0148203 -3.72105e-35 -0.00443407 -5.45087e-35 -0.00171187 -1.13442e-35 0.013734 1.95917e-35 0.0100193 -3.13266e-36 0.0017924 0.00555006 0.00552512 0.00795183 
0.439289 0.340724 0.432849 0.391641 0.436102 0.395828 -0.00115121 -0.000790007 -0.00118048 -0.00101002 -0.00122014 -0.000991403 0.0326512 0.0328374 0.028258 
0.635902 0.296469 0.610416 0.451939 0.627461 0.479156 -0.0711434 -0.0168752 -0.0528082 -0.0317942 -0.0624746 -0.0406961 0.0467675 0.0454559 0.0481313 
0.639371 0.758765 0.52122 0.659089 0.588765 0.700204 -0.168896 -0.165066 -0.151216 -0.167094 -0.163723 -0.169268 0.0540878 0.0430606 0.0389965 
0.404588 0.428012 0.488414 0.464678 0.456626 0.416689 -0.000330549 -0.000632128 -0.000672431 -0.000671676 -0.000499715 -0.000465787 0.0109008 0.017008 0.0142535 
9.5249e-34 6.96039e-34 0.706314 0.405692 0.405272 3.06581e-34 1.25587e-33 1.4855e-33 -0.000689653 -0.000173293 -0.000289058 2.74245e-33 0.256427 0.303084 0.282175 
0.364134 0.454474 0.453258 0.453942 0.41418 0.414782 0.0129989 0.0189416 0.0143526 0.0168029 0.0142983 0.0163755 0.0679754 0.0675349 0.0627214 
0.99866 0.997009 0.844162 0.971153 0.967794 0.99786 -0.00146081 -0.00278837 -0.00214501 -0.00277956 -0.00208264 -0.00215045 0.271442 0.234926 0.232441 
0.332229 0.449162 0.435776 0.441592 0.388485 0.395486 0.00786457 0.00460907 0.0149311 0.0106742 0.0115366 0.00693035 0.0772017 0.0800321 0.0780301 
0.999367 0.647868 0.842825 0.754984 0.95701 0.903852 -0.0153182 -0.00642828 -0.00533411 -0.00621729 -0.0101456 -0.0128351 0.132419 0.143087 0.178103 
0.500246 0.453258 0.491683 0.475962 0.497421 0.4863 0.0148015 0.0143526 0.0181963 0.016476 0.016617 0.0152027 0.0597724 0.0627214 0.063798 
4.43332e-34 3.17187e-34 0.301953 0.150467 0.135843 7.967e-35 2.42028e-34 2.28033e-34 -0.0231686 -0.00611858 -0.00555487 5.16686e-34 0.0555204 0.0491127 0.0543171 
-0.0364095 -0.0148203 -0.05193 -0.0332024 -0.046052 -0.0272594 0.0396548 0.013734 0.0180977 0.0173279 0.0292601 0.027071 0.0049149 0.00552512 0.00834244 
0.351928 0.124349 0.331928 0.222708 0.342919 0.219374 -0.0845391 -0.0110266 -0.087826 -0.0508281 -0.0851781 -0.0444708 -0.00139247 -0.00210515 0.00982261 
0.419132 0.602209 0.579505 0.590488 0.514107 0.515498 -0.0442954 -0.104233 -0.0921332 -0.0988882 -0.0683537 -0.0717375 0.0739873 0.074603 0.081118 
0.508355 0.435776 0.496701 0.469881 0.50372 0.482733 0.0140707 0.0149311 0.00868089 0.0125308 0.0115281 0.0150452 0.0803301 0.0780301 0.081273 
0.566179 0.511578 0.583304 0.557827 0.575509 0.5596 -0.0804519 -0.0568317 -0.0918998 -0.074564 -0.0867284 -0.0710174 0.0935523 0.0811432 0.0883159 
0.989628 0.844162 0.997009 0.971153 0.993882 0.978407 -0.00478487 -0.00214501 -0.00278837 -0.00277956 -0.00355608 -0.00385987 0.200128 0.232441 0.234926 
0.99866 0.624622 0.774655 0.704304 0.934767 0.89481 -0.00146081 -0.000646347 -0.00169734 -0.00101474 -0.0018583 -0.00125737 0.271442 0.271958 0.235434 
0.893924 0.734314 0.840816 0.851505 0.873659 0.840434 -0.132909 -0.15069 -0.122937 -0.149562 -0.129449 -0.149093 0.0291853 0.0158703 0.0396555 
0.0224336 -0.0715443 -0.0312091 -0.0546743 -0.0118895 -0.0416643 -0.0439432 -0.00825614 -0.0214348 -0.0144747 -0.0326557 -0.0223608 0.0537257 0.0492886 0.0703943 
1.04223e-34 0.0237402 0.104744 0.05216 0.00967726 0.000139717 9.16325e-35 0.0462782 0.00103595 0.032072 0.0390472 0.0543678 -0.0238559 -0.00895543 -0.0292 
0.608062 0.627344 0.602209 0.627456 0.649379 0.626818 -0.154555 -0.128751 -0.104233 -0.119213 -0.137157 -0.143582 0.078943 0.082592 0.074603 
4.76603e-34 0.610416 0.296469 0.451939 0.156775 0.313124 1.89167e-34 -0.0528082 -0.0168752 -0.0317942 -0.00546306 -0.0148715 0.0424727 0.0481313 0.0454559 
0.644028 0.722074 0.674654 0.708227 0.686339 0.684748 -0.114901 -0.140264 -0.159957 -0.153675 -0.142087 -0.127852 0.0672132 0.0594659 0.0678541 
0.639371 0.674654 0.722074 0.708227 0.717083 0.664073 -0.168896 -0.159957 -0.140264 -0.153675 -0.163661 -0.167202 0.0540878 0.0678541 0.0594659 
0.439289 0.432849 0.491085 0.468742 0.470929 0.436102 -0.00115121 -0.00118048 -0.00142959 -0.00135847 -0.00130721 -0.00122014 0.0326512 0.028258 0.031676 
4.64527e-35 0.12093 0.043759 0.081405 0.0123721 0.0373964 -5.55859e-34 -0.031507 -0.0249226 -0.0287689 -0.00729394 -0.00978804 0.109308 0.111946 0.101233 
0.0164275 0.331928 0.124349 0.222708 0.0619556 0.137859 0.0222001 -0.087826 -0.0110266 -0.0508281 0.0107918 -0.0253193 0.00322968 0.00982261 -0.00210515 
0.380454 0.466681 0.462063 0.464244 0.426518 0.430217 0.00055279 0.00130176 0.00434887 0.00268258 0.00204324 0.00093954 0.043297 0.0437444 0.048996 
0.272694 0.169663 0.3801 0.287948 0.330654 0.223593 -9.73825e-05 -2.72359e-05 -0.000145131 -8.07359e-05 -0.000124943 -5.49215e-05 0.00701456 0.00384004 0.00414988 
0.273394 0.380012 0.180854 0.29236 0.229086 0.330906 -9.65274e-05 -0.000144532 -3.05982e-05 -8.26178e-05 -5.699e-05 -0.000124566 0.00691696 0.00410157 0.00363692 
6.35524e-34 8.80695e-34 0.743773 0.435587 0.413803 3.64356e-35 2.83226e-34 4.15757e-34 -0.0326453 -0.0100202 -0.0125232 7.25653e-34 0.061017 0.0884331 0.0712547 
0.75 0.437598 0.749918 0.609311 0.749916 0.609437 -4.19906e-37 -8.7042e-05 -0.000474298 -0.000209462 -0.000257077 -8.03287e-05 0.34902 0.326107 0.306906 
0.408078 0.380012 0.466849 0.430179 0.441122 0.394511 -0.000125182 -0.000144532 -0.000260884 -0.000202083 -0.000175585 -0.00012956 -7.11148e-06 0.00410157 0.00542849 
0.40822 0.462917 0.3801 0.42742 0.39463 0.438626 -0.000125765 -0.000264638 -0.000145131 -0.000202946 -0.000130237 -0.000176279 7.00856e-06 0.00579846 0.00414988 
0.821518 0.840816 0.734314 0.851505 0.794699 0.845785 -0.155638 -0.122937 -0.15069 -0.149562 -0.157234 -0.142609 0.0339544 0.0396555 0.0158703 
0.40132 0.483457 0.482895 0.483241 0.44916 0.450555 0.0120597 0.0184194 0.0183929 0.0187887 0.0157755 0.0155208 0.0672458 0.0675541 0.0736228 
0.99866 0.706314 0.937293 0.843058 0.988605 0.935999 -0.00146081 -0.000689653 -0.000630691 -0.000759993 -0.00108325 -0.0012878 0.271442 0.282175 0.309514 
3.42202e-34 1.88804e-34 0.199526 0.106147 0.106026 7.79474e-35 8.61865e-35 1.15462e-34 -0.000178576 -4.86946e-05 -4.77608e-05 2.01926e-34 0.0176201 0.0235711 0.0210537 
0.500073 0.462063 0.495449 0.48279 0.499033 0.491008 0.00716141 0.00434887 0.00384666 0.00416855 0.00543033 0.00590391 0.0519364 0.048996 0.0476797 
0.989628 0.999437 0.842825 0.965291 0.978137 0.996194 -0.00478487 -0.00862777 -0.00533411 -0.00766222 -0.00615383 -0.00677605 0.200128 0.167384 0.178103 
0.419241 0.506879 0.486921 0.499464 0.455503 0.470844 -0.0120189 -0.0150878 -0.0397705 -0.0269503 -0.0246019 -0.0146826 0.0980625 0.0930554 0.101106 
7.35288e-34 8.61971e-34 0.647868 0.365891 0.361647 3.63893e-34 6.00468e-34 8.08156e-34 -0.00642828 -0.00162501 -0.0022312 1.41662e-33 0.123662 0.165604 0.143087 
0.408078 0.244782 0.380012 0.318684 0.394511 0.336627 -0.000125182 -4.55845e-05 -0.000144532 -8.4686e-05 -0.00012956 -8.68689e-05 -7.11148e-06 -4.74285e-06 0.00410157 
0.244998 0.40822 0.3801 0.39463 0.318865 0.336819 -4.55754e-05 -0.000125765 -0.000145131 -0.000130237 -8.47283e-05 -8.69241e-05 4.91311e-06 7.00856e-06 0.00414988 
0.6344 0.301953 0.39936 0.348927 0.53416 0.480482 -0.0912588 -0.0231686 -0.0343917 -0.0284031 -0.0620341 -0.053695 0.0555425 0.0543171 0.0507849 
-3.299e-34 0.586449 6.96039e-34 0.325009 4.90359e-34 0.325163 8.58205e-34 -0.000195734 1.4855e-33 -7.32539e-05 3.20208e-33 -3.9623e-05 0.350162 0.319326 0.303084 
6.96039e-34 0.586449 0.706314 0.649011 0.405692 0.325009 1.4855e-33 -0.000195734 -0.000689653 -0.000371931 -0.000173293 -7.32539e-05 0.303084 0.319326 0.282175 
0.499983 0.466849 0.477998 0.472703 0.494509 0.491726 -0.000413943 -0.000260884 -0.000429831 -0.000334788 -0.000432436 -0.000341264 0.00844844 0.00542849 0.00992024 
0.404588 0.477998 0.466849 0.472703 0.439738 0.447744 -0.000330549 -0.000429831 -0.000260884 -0.000334788 -0.000300158 -0.000389758 0.0109008 0.00992024 0.00542849 
7.27622e-34 0.624622 0.749918 0.690406 0.437511 0.349639 -1.44441e-33 -0.000646347 -0.000474298 -0.000580129 -0.000142107 -0.000156939 0.303268 0.271958 0.306906 
1 0.75 0.986664 0.90529 0.99666 0.9375 -6.78085e-37 -4.19906e-37 -0.000531379 -0.000330338 -0.00037753 -1.12946e-36 0.349546 0.34902 0.319496 
0.999367 0.842825 0.999437 0.965291 0.999785 0.95701 -0.0153182 -0.00533411 -0.00862777 -0.00766222 -0.0111786 -0.0101456 0.132419 0.178103 0.167384 
2.15964e-34 2.08631e-34 0.226158 0.120712 0.12281 9.31979e-35 -4.28179e-34 -3.84487e-34 0.00286652 0.000907284 0.000764034 -8.14744e-34 0.0868863 0.0781002 0.0830591 
0.502958 0.482895 0.503832 0.497651 0.504882 0.503881 0.0219349 0.0183929 0.0216678 0.0204639 0.0220498 0.0207075 0.0742138 0.0736228 0.07094 
1.84947e-34 1.82721e-34 0.199274 0.105116 0.10608 7.86222e-35 -2.81154e-34 -2.53205e-34 0.0013505 0.000320605 0.000433576 -5.35371e-34 0.0570608 0.0513498 0.05454 
0.989628 0.774655 0.64508 0.713454 0.878821 0.916655 -0.00478487 -0.00169734 -0.00223721 -0.00200541 -0.00410673 -0.00322251 0.200128 0.235434 0.193006 
1.80893e-34 1.80431e-34 0.197176 0.104505 0.105459 7.94525e-35 2.69379e-34 2.99489e-34 0.00129974 0.000423742 0.000314866 5.67902e-34 0.0548812 0.0609671 0.0575465 
1.51907e-34 1.43555e-34 0.166888 0.0848251 0.0881055 6.08091e-35 3.66274e-34 3.76663e-34 0.00458484 0.00129977 0.00129036 7.39493e-34 0.0743896 0.0764947 0.0748005 
1.17586e-34 1.20884e-34 0.145082 0.0709465 0.0703178 4.45593e-35 3.70126e-34 3.59233e-34 -0.000981239 -0.000379216 1.93259e-06 7.3029e-34 0.0754681 0.0733938 0.0748534 
-1.17774e-34 -9.7954e-35 -0.0715443 -0.0526061 -0.0591644 -7.73915e-35 -2.19363e-34 -3.47214e-34 -0.00825614 -0.00296744 -0.0016472 -5.56129e-34 0.0442328 0.068704 0.0492886 
0.555064 0.632069 0.331928 0.488675 0.451907 0.591824 -0.148912 -0.150418 -0.087826 -0.125639 -0.123353 -0.149819 0.0293863 0.0216669 0.00982261 
1.62509e-34 4.43332e-34 0.226865 0.11716 0.105969 6.60987e-35 2.98817e-34 2.42028e-34 -0.0155075 -0.00447361 -0.00371659 5.77638e-34 0.0617172 0.0555204 0.0632411 
1.71143e-34 2.99534e-34 0.194502 0.103249 0.103052 8.0586e-35 -1.72935e-34 -1.4542e-34 -0.000270435 -9.67066e-05 -8.18104e-05 -3.17947e-34 0.0349995 0.0293781 0.033422 
0.357706 0.467169 0.473233 0.470277 0.4269 0.422043 -0.000625279 -0.00128755 -0.00102444 -0.00116754 -0.000855814 -0.000970243 0.022147 0.0268555 0.0211469 
0.937293 0.706314 0.586449 0.649011 0.800409 0.843058 -0.000630691 -0.000689653 -0.000195734 -0.000371931 -0.000417318 -0.000759993 0.309514 0.282175 0.319326 
0.53973 0.486921 0.532314 0.522971 0.535995 0.529748 -0.0370431 -0.0397705 -0.0236553 -0.0328102 -0.0302365 -0.0407755 0.0901066 0.101106 0.0899667 
1 0.986664 0.937293 0.995446 0.984303 0.99666 -6.78085e-37 -0.000531379 -0.000630691 -0.000648554 -0.000471816 -0.00037753 0.349546 0.319496 0.309514 
-1.33402e-34 -1.17774e-34 -0.0830605 -0.06035 -0.0599092 -7.74428e-35 -1.11986e-34 -2.19363e-34 3.81258e-05 3.06694e-05 0.00181161 -3.34228e-34 0.0242413 0.0442328 0.0328321 
6.35524e-34 0.743773 0.398086 0.580322 0.214409 0.413803 2.83226e-34 -0.0326453 -0.0167994 -0.0250345 -0.00526648 -0.0125232 0.061017 0.0712547 0.0555312 
-3.299e-34 0.75 0.586449 0.673372 0.325163 0.4375 8.58205e-34 -3.62478e-37 -0.000195734 -0.000128565 -3.9623e-05 -1.09236e-37 0.350162 0.350125 0.319326 
1.87211e-34 1.86371e-34 0.204476 0.10914 0.109153 7.52518e-35 2.06556e-34 2.38102e-34 1.34331e-05 2.27055e-05 -2.22778e-05 4.44611e-34 0.0421456 0.0485595 0.0453195 
3.36454e-34 1.84206e-34 0.203873 0.10874 0.108538 7.44355e-35 1.44941e-34 1.75521e-34 -0.000291829 -8.70133e-05 -0.000103865 3.20956e-34 0.0296529 0.0358286 0.0339125 
1.72324e-34 1.64475e-34 0.185359 0.0967587 0.0992157 7.2971e-35 3.26601e-34 3.49364e-34 0.0033512 0.00103415 0.00091064 6.73494e-34 0.0663985 0.0709849 0.0683374 
1.30247e-34 1.2254e-34 0.147912 0.0731157 0.0754757 4.9553e-35 3.80048e-34 3.77534e-34 0.00323724 0.000869584 0.00105302 7.5513e-34 0.0772401 0.0767993 0.0766701 
1.29689e-34 1.42761e-34 0.170392 0.083858 0.0789364 4.95953e-35 3.43739e-34 3.23639e-34 -0.0074077 -0.0020288 -0.00150554 6.73839e-34 0.0704607 0.0665437 0.0701975 
2.0857e-34 2.21116e-34 0.229475 0.125853 0.123685 9.1984e-35 -5.25239e-34 -4.76009e-34 -0.00275472 -0.000531691 -0.00115408 -9.98541e-34 0.105983 0.0962863 0.100782 
1.98117e-34 1.92073e-34 0.20957 0.110552 0.112786 8.56721e-35 -3.45774e-34 -3.116e-34 0.00310851 0.000823202 0.000909091 -6.59703e-34 0.0702596 0.0633084 0.0671665 
1.80355e-34 1.78641e-34 0.195314 0.103438 0.103457 7.79691e-35 -2.26484e-34 -1.99951e-34 8.30076e-06 -1.44621e-05 2.70917e-05 -4.26482e-34 0.0458785 0.0404842 0.0431824 
0.635902 0.761033 0.39936 0.608934 0.518776 0.71114 -0.0711434 -0.114858 -0.0343917 -0.0737567 -0.0522195 -0.0932238 0.0467675 0.047308 0.0507849 
0.608062 0.49425 0.627344 0.586465 0.626818 0.551776 -0.154555 -0.133801 -0.128751 -0.138778 -0.143582 -0.145997 0.078943 0.0928289 0.082592 
0.594555 0.627344 0.49425 0.586465 0.561144 0.611802 -0.119849 -0.128751 -0.133801 -0.138778 -0.131504 -0.125059 0.0899045 0.082592 0.0928289 
0.6344 0.761033 0.758765 0.797255 0.761394 0.700195 -0.0912588 -0.114858 -0.165066 -0.146847 -0.138291 -0.10389 0.0555425 0.047308 0.0430606 
0.351928 0.0237402 0.124349 0.0681103 0.219374 0.134684 -0.0845391 0.0462782 -0.0110266 0.017754 -0.0444708 -0.0104052 -0.00139247 -0.00895543 -0.00210515 
0.499983 0.477998 0.488414 0.483614 0.497104 0.494509 -0.000413943 -0.000429831 -0.000672431 -0.000541963 -0.000536569 -0.000432436 0.00844844 0.00992024 0.0142535 
-4.12481e-34 7.27622e-34 0.437598 0.234463 0.234401 6.19405e-34 -8.30864e-34 -1.44441e-33 -8.7042e-05 -5.3089e-05 -2.5022e-05 -3.1059e-33 0.348954 0.303268 0.326107 
0.999367 0.834824 0.703124 0.773689 0.933994 0.962626 -0.0153182 -0.00658218 -0.00786433 -0.0076148 -0.01446 -0.0115134 0.132419 0.159183 0.121551 
0.233872 0.043759 0.12093 0.081405 0.171531 0.126043 -0.0840556 -0.0249226 -0.031507 -0.0287689 -0.0578083 -0.0542533 0.100719 0.101233 0.111946 
0.6344 0.39936 0.761033 0.608934 0.700195 0.53416 -0.0912588 -0.0343917 -0.114858 -0.0737567 -0.10389 -0.0620341 0.0555425 0.0507849 0.047308 
0.404588 0.488414 0.477998 0.483614 0.447744 0.456626 -0.000330549 -0.000672431 -0.000429831 -0.000541963 -0.000389758 -0.000499715 0.0109008 0.0142535 0.00992024 
-9.7954e-35 -1.42042e-35 -0.0312091 -0.0313129 -0.045408 -4.72127e-35 -3.47214e-34 -4.86197e-34 -0.0214348 -0.00732868 -0.00554683 -7.88808e-34 0.068704 0.0917416 0.0703943 
7.27622e-34 0.749918 0.437598 0.609311 0.234463 0.437511 -1.44441e-33 -0.000474298 -8.7042e-05 -0.000209462 -5.3089e-05 -0.000142107 0.303268 0.306906 0.326107 
2.15964e-34 0.226158 0.176513 0.202624 0.0931696 0.12281 -4.28179e-34 0.00286652 0.000504737 0.00161027 0.000246045 0.000764034 0.0868863 0.0830591 0.0916737 
0.75 0.937293 0.586449 0.800409 0.673372 0.859266 -3.62478e-37 -0.000630691 -0.000195734 -0.000417318 -0.000128565 -0.000341697 0.350125 0.309514 0.319326 
0.347085 0.176513 0.226158 0.202624 0.291702 0.270155 0.00127014 0.000504737 0.00286652 0.00161027 0.00303128 0.000904223 0.0914786 0.0916737 0.0830591 
1.84947e-34 0.199274 0.153178 0.17667 0.079372 0.10608 -2.81154e-34 0.0013505 0.0013042 0.00138016 0.000335573 0.000433576 0.0570608 0.05454 0.0603764 
0.0164275 0.124349 0.0237402 0.0681103 0.0248089 0.0619556 0.0222001 -0.0110266 0.0462782 0.017754 0.0355974 0.0107918 0.00322968 -0.00210515 -0.00895543 
7.27622e-34 7.40844e-34 0.624622 0.350044 0.349639 4.30379e-34 -1.44441e-33 -1.2255e-33 -0.000646347 -0.000236747 -0.000156939 -2.6692e-33 0.303268 0.257226 0.271958 
0.315969 0.153178 0.199274 0.17667 0.25997 0.240586 0.00579726 0.0013042 0.0013505 0.00138016 0.00318627 0.00330456 0.0607394 0.0603764 0.05454 
1.88804e-34 3.36454e-34 0.193566 0.102816 0.102681 8.6613e-35 1.15462e-34 1.44941e-34 -0.000212329 -8.91783e-05 -5.57587e-05 2.60888e-34 0.0235711 0.0296529 0.025047 
7.74417e-34 9.53742e-34 0.64508 0.365012 0.363404 4.15419e-34 -1.00406e-33 -7.78703e-34 -0.00223721 -0.0010763 -0.00058003 -1.77803e-33 0.210631 0.162567 0.193006 
0.0753749 0.310233 0.119622 0.214178 0.0945374 0.183922 -0.0528828 -0.113309 -0.0726568 -0.0953658 -0.0630006 -0.0843205 0.0862244 0.0874013 0.0707698 
0.6344 0.758765 0.722074 0.754282 0.696368 0.761394 -0.0912588 -0.165066 -0.140264 -0.155898 -0.118794 -0.138291 0.0555425 0.0430606 0.0594659 
0.635902 0.39936 0.296469 0.353151 0.479156 0.518776 -0.0711434 -0.0343917 -0.0168752 -0.0249383 -0.0406961 -0.0522195 0.0467675 0.0507849 0.0454559 
1.80431e-34 0.142335 0.197176 0.170326 0.104505 0.0748135 2.99489e-34 0.00131567 0.00129974 0.00138921 0.000423742 0.000336308 0.0609671 0.0635105 0.0575465 
1.80893e-34 0.197176 0.1476 0.173252 0.077011 0.105459 2.69379e-34 0.00129974 0.000303533 0.000684838 0.000110968 0.000314866 0.0548812 0.0575465 0.0516881 
1.43555e-34 0.113174 0.166888 0.139701 0.0848251 0.0585202 3.76663e-34 0.00239426 0.00458484 0.00346717 0.00129977 0.000688939 0.0764947 0.0764859 0.0748005 
1.51907e-34 0.166888 0.129679 0.14913 0.0658885 0.0881055 3.66274e-34 0.00458484 0.00233136 0.00334117 0.00068384 0.00129036 0.0743896 0.0748005 0.0723386 
1.20884e-34 0.107486 0.145082 0.126038 0.0709465 0.0513094 3.59233e-34 -0.00209196 -0.000981239 -0.00176946 -0.000379216 -0.000402607 0.0733938 0.0725804 0.0748534 
1.17586e-34 0.145082 0.102009 0.122506 0.0501175 0.0703178 3.70126e-34 -0.000981239 0.000740211 3.52145e-05 0.000200849 1.93259e-06 0.0754681 0.0748534 0.0760983 
0.307681 0.1476 0.197176 0.173252 0.255521 0.233864 0.00141154 0.000303533 0.00129974 0.000684838 0.00158704 0.000799114 0.051377 0.0516881 0.0575465 
0.278771 0.129679 0.166888 0.14913 0.224468 0.208623 0.00999392 0.00233136 0.00458484 0.00334117 0.00744715 0.00582695 0.0718875 0.0723386 0.0748005 
0.322723 0.197176 0.142335 0.170326 0.240547 0.265367 0.00652915 0.00129974 0.00131567 0.00138921 0.00370485 0.00342216 0.0625483 0.0575465 0.0635105 
0.24666 0.102009 0.145082 0.122506 0.196358 0.174168 0.00185592 0.000740211 -0.000981239 3.52145e-05 -0.00043931 0.00141005 0.0762834 0.0760983 0.0748534 
0.281095 0.166888 0.113174 0.139701 0.20029 0.22632 0.0112429 0.00458484 0.00239426 0.00346717 0.0065421 0.00816748 0.076165 0.0748005 0.0764859 
0.299749 0.145082 0.107486 0.126038 0.202189 0.218054 -0.0155998 -0.000981239 -0.00209196 -0.00176946 -0.00733225 -0.0059848 0.0746356 0.0748534 0.0725804 
9.53742e-34 0.834824 0.64508 0.748528 0.365012 0.50725 -7.78703e-34 -0.00658218 -0.00223721 -0.00377985 -0.0010763 -0.00216886 0.162567 0.159183 0.193006 
0.555064 0.52122 0.758765 0.659089 0.679771 0.537655 -0.148912 -0.151216 -0.165066 -0.167094 -0.165503 -0.150398 0.0293863 0.0389965 0.0430606 
0.330427 0.199274 0.145675 0.172576 0.246056 0.269595 0.00206871 0.0013505 0.000305039 0.000712663 0.0010221 0.001964 0.0494361 0.05454 0.0486885 
1.82721e-34 0.145675 0.199274 0.172576 0.105116 0.0759701 -2.53205e-34 0.000305039 0.0013505 0.000712663 0.000320605 0.000110566 0.0513498 0.0486885 0.05454 
0.256789 0.108868 0.191568 0.150176 0.22691 0.181564 -0.0475008 -0.013526 -0.0161982 -0.0154835 -0.0306376 -0.0302734 0.114574 0.116791 0.114861 
1.16998e-34 0.169663 2.77792e-34 0.0892141 1.13882e-34 0.0892342 -3.02536e-38 -2.72359e-05 -2.95069e-35 -9.8966e-06 -2.94864e-35 -8.6392e-06 7.0159e-06 0.00384004 0.0059629 
3.33013e-34 0.296469 0.39936 0.353151 0.205784 0.141387 1.99589e-34 -0.0168752 -0.0343917 -0.0249383 -0.00889681 -0.00455996 0.0429395 0.0454559 0.0507849 
0.351928 0.47862 0.104744 0.249796 0.221177 0.400816 -0.0845391 -0.114198 0.00103595 -0.0585377 -0.0436416 -0.0958414 -0.00139247 -0.0245002 -0.0292 
1.56078e-34 0.191568 0.108868 0.150176 0.0599871 0.0956623 -5.97601e-34 -0.0161982 -0.013526 -0.0154835 -0.00361332 -0.00514425 0.119466 0.114861 0.116791 
1.1857e-34 2.76905e-34 0.180854 0.0954768 0.0954557 1.00127e-34 -3.08168e-38 2.8598e-35 -3.05982e-05 -1.14454e-05 -9.76004e-06 2.86161e-35 -7.03619e-06 0.00584587 0.00363692 
0.359925 0.226158 0.16149 0.194379 0.271106 0.2997 0.00959091 0.00286652 0.00192576 0.00248856 0.00540535 0.00588212 0.0755526 0.0830591 0.0745872 
0.331871 0.119622 0.310233 0.214178 0.320142 0.221092 -0.123757 -0.0726568 -0.113309 -0.0953658 -0.119442 -0.0990022 0.0700056 0.0707698 0.0874013 
1.87211e-34 0.204476 0.154812 0.180203 0.0811266 0.109153 2.06556e-34 1.34331e-05 -0.000132078 -9.46557e-05 -3.00646e-05 -2.22778e-05 0.0421456 0.0453195 0.0392757 
2.08631e-34 0.16149 0.226158 0.194379 0.120712 0.0855651 -3.84487e-34 0.00192576 0.00286652 0.00248856 0.000907284 0.000515518 0.0781002 0.0745872 0.0830591 
2.21116e-34 0.176513 0.229475 0.205054 0.125853 0.093648 -4.76009e-34 0.000504737 -0.00275472 -0.000729092 -0.000531691 1.12809e-05 0.0962863 0.0916737 0.100782 
1.86371e-34 0.1476 0.204476 0.176767 0.10914 0.0772869 2.38102e-34 0.000303533 1.34331e-05 0.00019122 2.27055e-05 6.53395e-05 0.0485595 0.0516881 0.0453195 
2.0857e-34 0.229475 0.152513 0.19253 0.0823954 0.123685 -5.25239e-34 -0.00275472 -0.00437178 -0.00403236 -0.00111203 -0.00115408 0.105983 0.100782 0.109441 
1.92073e-34 0.153178 0.20957 0.181305 0.110552 0.0805623 -3.116e-34 0.0013042 0.00310851 0.00209806 0.000823202 0.000396389 0.0633084 0.0603764 0.0671665 
1.72324e-34 0.185359 0.142335 0.164929 0.0735869 0.0992157 3.26601e-34 0.0033512 0.00131567 0.00216565 0.000415457 0.00091064 0.0663985 0.0683374 0.0635105 
1.64475e-34 0.129679 0.185359 0.157665 0.0967587 0.0680734 3.49364e-34 0.00233136 0.0033512 0.00288357 0.00103415 0.000647169 0.0709849 0.0723386 0.0683374 
1.30247e-34 0.147912 0.113174 0.130595 0.0562443 0.0754757 3.80048e-34 0.00323724 0.00239426 0.00283781 0.000663254 0.00105302 0.0772401 0.0766701 0.0764859 
1.2254e-34 0.102009 0.147912 0.124326 0.0731157 0.0509136 3.77534e-34 0.000740211 0.00323724 0.00175825 0.000869584 0.0003391 0.0767993 0.0760983 0.0766701 
1.29689e-34 0.170392 0.107486 0.136372 0.053174 0.0789364 3.43739e-34 -0.0074077 -0.00209196 -0.00443663 -0.000573131 -0.00150554 0.0704607 0.0701975 0.0725804 
1.98117e-34 0.20957 0.16149 0.186452 0.0837965 0.112786 -3.45774e-34 0.00310851 0.00192576 0.00256733 0.000516136 0.000909091 0.0702596 0.0671665 0.0745872 
1.42761e-34 0.134442 0.170392 0.15317 0.083858 0.0622011 3.23639e-34 -0.00580462 -0.0074077 -0.00692035 -0.0020288 -0.00133206 0.0665437 0.0656946 0.0701975 
1.78641e-34 0.142496 0.195314 0.169344 0.103438 0.0740886 -1.99951e-34 -0.000118163 8.30076e-06 -8.81322e-05 -1.44621e-05 -2.48828e-05 0.0404842 0.0377246 0.0431824 
1.80355e-34 0.195314 0.145675 0.170852 0.0756832 0.103457 -2.26484e-34 8.30076e-06 0.000305039 0.000180191 7.03159e-05 2.70917e-05 0.0458785 0.0431824 0.0486885 
0.233872 0.49425 0.310233 0.410733 0.26962 0.367915 -0.0840556 -0.133801 -0.113309 -0.12799 -0.0992052 -0.113994 0.100719 0.0928289 0.0874013 
0.498646 0.497677 0.467169 0.486859 0.494781 0.499954 -0.00144954 -0.00130602 -0.00128755 -0.00133114 -0.00142652 -0.00139767 0.0274608 0.0240072 0.0268555 
1.1857e-34 0.180854 0.244782 0.21371 0.132553 0.0954557 -3.08168e-38 -3.05982e-05 -4.55845e-05 -3.73271e-05 -1.52914e-05 -9.76004e-06 -7.03619e-06 0.00363692 -4.74285e-06 
0.00515496 0.268584 0.0645516 0.157394 0.0337114 0.118785 -0.0277265 -0.0925659 -0.0215304 -0.0566253 -0.0244623 -0.0556321 0.0320629 0.0279932 0.0147451 
1.16998e-34 0.244998 0.169663 0.208546 0.0892342 0.132745 -3.02536e-38 -4.55754e-05 -2.72359e-05 -3.57774e-05 -8.6392e-06 -1.53289e-05 7.0159e-06 4.91311e-06 0.00384004 
0.354532 0.47725 0.432849 0.457973 0.397439 0.429159 -0.000659692 -0.00119884 -0.00118048 -0.00122054 -0.000927806 -0.000963166 0.0231381 0.0236842 0.028258 
3.17187e-34 0.39936 0.301953 0.348927 0.150467 0.18554 2.28033e-34 -0.0343917 -0.0231686 -0.0284031 -0.00611858 -0.00812456 0.0491127 0.0507849 0.0543171 
0.233872 0.12093 0.332708 0.22149 0.285783 0.171531 -0.0840556 -0.031507 -0.0863177 -0.0612611 -0.0869037 -0.0578083 0.100719 0.111946 0.108381 
0.256789 0.332708 0.12093 0.22149 0.189103 0.293194 -0.0475008 -0.0863177 -0.031507 -0.0612611 -0.041642 -0.0668899 0.114574 0.108381 0.111946 
0.608062 0.674654 0.539005 0.623343 0.580956 0.642102 -0.154555 -0.159957 -0.158875 -0.164926 -0.160223 -0.158178 0.078943 0.0678541 0.0650183 
2.99534e-34 1.87577e-34 0.186193 0.0984958 0.0983577 9.26483e-35 -1.4542e-34 -1.16898e-34 -0.000207186 -5.44895e-05 -8.27061e-05 -2.61906e-34 0.0293781 0.0236545 0.0253152 
0.499584 0.497677 0.47725 0.497343 0.492692 0.499788 -0.00102261 -0.00130602 -0.00119884 -0.00129603 -0.00113634 -0.00117614 0.0192418 0.0240072 0.0236842 
0.498646 0.47725 0.497677 0.497343 0.499954 0.491195 -0.00144954 -0.00119884 -0.00130602 -0.00129603 -0.00139767 -0.0013564 0.0274608 0.0236842 0.0240072 
0.489799 0.489759 0.499982 0.497466 0.497397 0.499982 -0.000189419 -0.000189892 -0.000261376 -0.000217561 -0.000217194 -0.000203865 2.67538e-06 -2.89768e-06 0.0038117 
0.256789 0.12093 0.108868 0.11738 0.181564 0.189103 -0.0475008 -0.031507 -0.013526 -0.0215618 -0.0302734 -0.041642 0.114574 0.111946 0.116791 
9.77482e-35 0.108868 0.12093 0.11738 0.0577106 0.0480935 -5.95784e-34 -0.013526 -0.031507 -0.0215618 -0.00941988 -0.00434649 0.11823 0.116791 0.111946 
0.357706 0.473233 0.428012 0.45335 0.395828 0.4269 -0.000625279 -0.00102444 -0.000632128 -0.000823721 -0.000649393 -0.000855814 0.022147 0.0211469 0.017008 
7.40844e-34 0.774655 0.624622 0.704304 0.350044 0.456241 -1.2255e-33 -0.00169734 -0.000646347 -0.00101474 -0.000236747 -0.00048045 0.257226 0.235434 0.271958 
0.99866 0.774655 0.997009 0.929929 0.99786 0.934767 -0.00146081 -0.00169734 -0.00278837 -0.00247501 -0.00215045 -0.0018583 0.271442 0.235434 0.234926 
0.989628 0.997009 0.774655 0.929929 0.916655 0.993882 -0.00478487 -0.00278837 -0.00169734 -0.00247501 -0.00322251 -0.00355608 0.200128 0.234926 0.235434 
0.517748 0.332708 0.444507 0.394785 0.481177 0.434615 -0.108093 -0.0863177 -0.0785518 -0.0848293 -0.0939013 -0.101823 0.10071 0.108381 0.107698 
0.256789 0.444507 0.332708 0.394785 0.293194 0.355095 -0.0475008 -0.0785518 -0.0863177 -0.0848293 -0.0668899 -0.0663383 0.114574 0.107698 0.108381 
1.09563e-33 1.04223e-34 0.104744 0.00967726 0.0846382 3.74357e-34 7.19551e-36 9.16325e-35 0.00103595 0.0390472 -0.0046938 9.89052e-35 -0.0714312 -0.0238559 -0.0292 
0.330427 0.365506 0.199274 0.290149 0.269595 0.347921 0.00206871 0.00565536 0.0013505 0.00327027 0.001964 0.00366386 0.0494361 0.0556584 0.05454 
0.359925 0.398715 0.226158 0.322914 0.2997 0.380481 0.00959091 0.0078412 0.00286652 0.00524981 0.00588212 0.00940156 0.0755526 0.0840051 0.0830591 
0.351928 0.734314 0.778318 0.753391 0.579796 0.569881 -0.0845391 -0.15069 -0.138549 -0.144906 -0.125887 -0.128124 -0.00139247 0.0158703 0.00720338 
9.77482e-35 1.56078e-34 0.108868 0.0599871 0.0480935 7.81173e-35 -5.95784e-34 -5.97601e-34 -0.013526 -0.00361332 -0.00434649 -1.17539e-33 0.11823 0.119466 0.116791 
0.989628 0.64508 0.834824 0.748528 0.935635 0.878821 -0.00478487 -0.00223721 -0.00658218 -0.00377985 -0.00610917 -0.00410673 0.200128 0.193006 0.159183 
0.299749 0.31626 0.145082 0.231065 0.218054 0.307269 -0.0155998 -0.00815014 -0.000981239 -0.00373427 -0.0059848 -0.0123606 0.0746356 0.0765576 0.0748534 
0.281095 0.322112 0.166888 0.249022 0.22632 0.301771 0.0112429 0.014156 0.00458484 0.00938898 0.00816748 0.0129146 0.076165 0.0743153 0.0748005 
0.322723 0.357696 0.197176 0.285084 0.265367 0.340946 0.00652915 0.00440029 0.00129974 0.00280819 0.00342216 0.00555171 0.0625483 0.0563177 0.0575465 
1.84206e-34 0.154812 0.203873 0.179864 0.10874 0.0810106 1.75521e-34 -0.000132078 -0.000291829 -0.000209844 -8.70133e-05 -4.18865e-05 0.0358286 0.0392757 0.0339125 
1.84206e-34 1.87211e-34 0.154812 0.0811266 0.0810106 1.31996e-34 1.75521e-34 2.06556e-34 -0.000132078 -3.00646e-05 -4.18865e-05 3.8221e-34 0.0358286 0.0421456 0.0392757 
0.309174 0.203873 0.154812 0.179864 0.237754 0.259438 -0.000454063 -0.000291829 -0.000132078 -0.000209844 -0.000292316 -0.000420723 0.03917 0.0339125 0.0392757 
2.21116e-34 2.15964e-34 0.176513 0.0931696 0.093648 1.59716e-34 -4.76009e-34 -4.28179e-34 0.000504737 0.000246045 1.12809e-05 -9.04534e-34 0.0962863 0.0868863 0.0916737 
5.52336e-34 6.35524e-34 0.398086 0.214409 0.200978 4.07417e-34 2.03657e-34 2.83226e-34 -0.0167994 -0.00526648 -0.00440992 5.16359e-34 0.0451185 0.061017 0.0555312 
3.33013e-34 4.76603e-34 0.296469 0.156775 0.141387 2.58028e-34 1.99589e-34 1.89167e-34 -0.0168752 -0.00546306 -0.00455996 4.15849e-34 0.0429395 0.0424727 0.0454559 
1.92073e-34 1.84947e-34 0.153178 0.079372 0.0805623 1.37659e-34 -3.116e-34 -2.81154e-34 0.0013042 0.000335573 0.000396389 -5.94217e-34 0.0633084 0.0570608 0.0603764 
1.80431e-34 1.72324e-34 0.142335 0.0735869 0.0748135 1.31985e-34 2.99489e-34 3.26601e-34 0.00131567 0.000415457 0.000336308 6.24628e-34 0.0609671 0.0663985 0.0635105 
1.86371e-34 1.80893e-34 0.1476 0.077011 0.0772869 1.38075e-34 2.38102e-34 2.69379e-34 0.000303533 0.000110968 6.53395e-05 5.07149e-34 0.0485595 0.0548812 0.0516881 
1.43555e-34 1.30247e-34 0.113174 0.0562443 0.0585202 9.79536e-35 3.76663e-34 3.80048e-34 0.00239426 0.000663254 0.000688939 7.53947e-34 0.0764947 0.0772401 0.0764859 
1.64475e-34 1.51907e-34 0.129679 0.0658885 0.0680734 1.17379e-34 3.49364e-34 3.66274e-34 0.00233136 0.00068384 0.000647169 7.13022e-34 0.0709849 0.0743896 0.0723386 
1.20884e-34 1.29689e-34 0.107486 0.053174 0.0513094 8.50245e-35 3.59233e-34 3.43739e-34 -0.00209196 -0.000573131 -0.000402607 7.05799e-34 0.0733938 0.0704607 0.0725804 
1.2254e-34 1.17586e-34 0.102009 0.0501175 0.0509136 8.39577e-35 3.77534e-34 3.70126e-34 0.000740211 0.000200849 0.0003391 7.46806e-34 0.0767993 0.0754681 0.0760983 
0.893924 0.778318 0.734314 0.753391 0.840434 0.864383 -0.132909 -0.138549 -0.15069 -0.144906 -0.149093 -0.141944 0.0291853 0.00720338 0.0158703 
1.78641e-34 1.71143e-34 0.142496 0.0741998 0.0740886 1.36171e-34 -1.99951e-34 -1.72935e-34 -0.000118163 -3.91856e-05 -2.48828e-05 -3.7278e-34 0.0404842 0.0349995 0.0377246 
1.82721e-34 1.80355e-34 0.145675 0.0756832 0.0759701 1.33927e-34 -2.53205e-34 -2.26484e-34 0.000305039 7.03159e-05 0.000110566 -4.80047e-34 0.0513498 0.0458785 0.0486885 
1.42761e-34 1.62509e-34 0.134442 0.0675913 0.0622011 1.09053e-34 3.23639e-34 2.98817e-34 -0.00580462 -0.00157332 -0.00133206 6.29628e-34 0.0665437 0.0617172 0.0656946 
2.08631e-34 1.98117e-34 0.16149 0.0837965 0.0855651 1.53314e-34 -3.84487e-34 -3.45774e-34 0.00192576 0.000516136 0.000515518 -7.32511e-34 0.0781002 0.0702596 0.0745872 
1.86354e-34 2.0857e-34 0.152513 0.0823954 0.0780767 1.56837e-34 -5.69135e-34 -5.25239e-34 -0.00437178 -0.00111203 -0.00150886 -1.08842e-33 0.114221 0.105983 0.109441 
0.511578 0.579505 0.583304 0.584959 0.557827 0.545292 -0.0568317 -0.0921332 -0.0918998 -0.0930748 -0.074564 -0.0736958 0.0811432 0.081118 0.0883159 
0.882153 0.778318 0.927545 0.897503 0.929771 0.829167 -0.115484 -0.138549 -0.110188 -0.131613 -0.119979 -0.130669 0.00453541 0.00720338 0.0323757 
-2.54566e-35 -3.72105e-35 -0.0123382 -0.00312522 -0.0031434 -4.95698e-35 6.34908e-35 1.95917e-35 0.0323486 0.0146812 0.023801 3.3369e-35 0.00414726 0.00795183 0.00314853 
0.999367 0.999437 0.834824 0.953758 0.962626 0.999785 -0.0153182 -0.00862777 -0.00658218 -0.00838627 -0.0115134 -0.0111786 0.132419 0.167384 0.159183 
0.989628 0.834824 0.999437 0.953758 0.996194 0.935635 -0.00478487 -0.00658218 -0.00862777 -0.00838627 -0.00677605 -0.00610917 0.200128 0.159183 0.167384 
-4.12481e-34 0.437598 0.75 0.609437 0.4375 0.234401 -8.30864e-34 -8.7042e-05 -4.19906e-37 -8.03287e-05 -1.68075e-37 -2.5022e-05 0.348954 0.326107 0.34902 
0.319027 0.349798 0.191568 0.273791 0.258075 0.335618 -0.0209327 -0.0415131 -0.0161982 -0.0297344 -0.0205159 -0.0305378 0.108201 0.11105 0.114861 
1.62509e-34 0.226865 0.134442 0.177642 0.0675913 0.105969 2.98817e-34 -0.0155075 -0.00580462 -0.00998139 -0.00157332 -0.00371659 0.0617172 0.0632411 0.0656946 
0.343304 0.134442 0.226865 0.177642 0.288835 0.237748 -0.0329743 -0.00580462 -0.0155075 -0.00998139 -0.0245627 -0.0168149 0.0685812 0.0656946 0.0632411 
0.893924 0.927545 0.778318 0.897503 0.864383 0.913567 -0.132909 -0.110188 -0.138549 -0.131613 -0.141944 -0.121919 0.0291853 0.0323757 0.00720338 
0.594555 0.583304 0.579505 0.584959 0.603553 0.593204 -0.119849 -0.0918998 -0.0921332 -0.0930748 -0.108545 -0.106321 0.0899045 0.0883159 0.081118 
0.302494 0.142496 0.194502 0.168963 0.251389 0.228289 -0.000431263 -0.000118163 -0.000270435 -0.000189906 -0.000395319 -0.000275272 0.0380668 0.0377246 0.033422 
1.71143e-34 0.194502 0.142496 0.168963 0.0741998 0.103052 -1.72935e-34 -0.000270435 -0.000118163 -0.000189906 -3.91856e-05 -8.18104e-05 0.0349995 0.033422 0.0377246 
-0.0773824 -0.0509221 -0.05193 -0.0578148 -0.0705103 -0.065137 0.0130573 0.038849 0.0180977 0.030422 0.0180935 0.0256511 0.0162909 0.00554959 0.00834244 
0.882153 0.47862 0.778318 0.651076 0.829167 0.726436 -0.115484 -0.114198 -0.138549 -0.130859 -0.130669 -0.122285 0.00453541 -0.0245002 0.00720338 
-1.17774e-34 -0.0715443 -0.0830605 -0.0793589 -0.06035 -0.0591644 -2.19363e-34 -0.00825614 3.81258e-05 -0.00402288 3.06694e-05 -0.0016472 0.0442328 0.0492886 0.0328321 
1.09563e-33 0.104744 0.47862 0.249796 0.286868 0.0846382 7.19551e-36 0.00103595 -0.114198 -0.0585377 -0.0810425 -0.0046938 -0.0714312 -0.0292 -0.0245002 
0.0224336 -0.0312091 0.119622 0.027468 0.0686748 -0.0118895 -0.0439432 -0.0214348 -0.0726568 -0.0445799 -0.058581 -0.0326557 0.0537257 0.0703943 0.0707698 
0.307681 0.197176 0.357696 0.285084 0.334041 0.255521 0.00141154 0.00129974 0.00440029 0.00280819 0.00267811 0.00158704 0.051377 0.0575465 0.0563177 
0.0753749 0.119622 -0.0312091 0.027468 0.0136034 0.0945374 -0.0528828 -0.0726568 -0.0214348 -0.0445799 -0.03606 -0.0630006 0.0862244 0.0707698 0.0703943 
0.278771 0.166888 0.322112 0.249022 0.300973 0.224468 0.00999392 0.00458484 0.014156 0.00938898 0.0122685 0.00744715 0.0718875 0.0748005 0.0743153 
0.24666 0.145082 0.31626 0.231065 0.279736 0.196358 0.00185592 -0.000981239 -0.00815014 -0.00373427 -0.00207707 -0.00043931 0.0762834 0.0748534 0.0765576 
0.347085 0.226158 0.398715 0.322914 0.374871 0.291702 0.00127014 0.00286652 0.0078412 0.00524981 0.00459987 0.00303128 0.0914786 0.0830591 0.0840051 
0.315969 0.199274 0.365506 0.290149 0.341729 0.25997 0.00579726 0.0013505 0.00565536 0.00327027 0.00591017 0.00318627 0.0607394 0.05454 0.0556584 
0.453258 0.454474 0.491683 0.476628 0.475962 0.453942 0.0143526 0.0189416 0.0181963 0.0189424 0.016476 0.0168029 0.0627214 0.0675349 0.063798 
0.466328 0.444507 0.349798 0.397331 0.411389 0.456559 -0.0610619 -0.0785518 -0.0415131 -0.0601709 -0.0529694 -0.0699232 0.105473 0.107698 0.11105 
0.500745 0.491683 0.454474 0.476628 0.485135 0.497 0.0212019 0.0181963 0.0189416 0.0189424 0.0207866 0.0199227 0.0673305 0.063798 0.0675349 
0.602209 0.627344 0.579505 0.611129 0.590488 0.627456 -0.104233 -0.128751 -0.0921332 -0.111178 -0.0988882 -0.119213 0.074603 0.082592 0.081118 
1.88804e-34 0.193566 0.199526 0.196549 0.106147 0.102681 1.15462e-34 -0.000212329 -0.000178576 -0.000194261 -4.86946e-05 -5.57587e-05 0.0235711 0.025047 0.0210537 
0.435776 0.449162 0.496701 0.476711 0.469881 0.441592 0.0149311 0.00460907 0.00868089 0.00686873 0.0125308 0.0106742 0.0780301 0.0800321 0.081273 
0.594555 0.579505 0.627344 0.611129 0.611802 0.603553 -0.119849 -0.0921332 -0.128751 -0.111178 -0.125059 -0.108545 0.0899045 0.081118 0.082592 
0.519954 0.496701 0.449162 0.476711 0.49446 0.509619 -0.005618 0.00868089 0.00460907 0.00686873 0.000266181 0.00212467 0.0859695 0.081273 0.0800321 
1.87577e-34 0.204008 0.186193 0.195164 0.0984958 0.108587 -1.16898e-34 -0.000198301 -0.000207186 -0.000203881 -5.44895e-05 -5.54801e-05 0.0236545 0.0215922 0.0253152 
0.499987 0.491085 0.496219 0.499724 0.499191 0.49754 -0.000982234 -0.00142959 -0.00141909 -0.0014281 -0.00127707 -0.00130762 0.0362971 0.031676 0.0320831 
0.455252 0.469748 0.495576 0.485585 0.480719 0.462963 -0.000702409 0.00103347 -4.87459e-05 0.000450447 -0.000442288 -6.20698e-05 0.0382902 0.0443066 0.0403978 
0.500019 0.495576 0.469748 0.485585 0.492603 0.498952 0.00160122 -4.87459e-05 0.00103347 0.000450447 0.00134907 0.000694567 0.0440729 0.0403978 0.0443066 
0.882153 0.927545 0.963726 0.946794 0.952053 0.929771 -0.115484 -0.110188 -0.0856915 -0.100512 -0.105367 -0.119979 0.00453541 0.0323757 0.0410259 
0.500019 0.495449 0.466681 0.484272 0.491519 0.498817 0.00160122 0.00384666 0.00130176 0.00246533 0.00154387 0.00264534 0.0440729 0.0476797 0.0437444 
0.462063 0.466681 0.495449 0.484272 0.48279 0.464244 0.00434887 0.00130176 0.00384666 0.00246533 0.00416855 0.00268258 0.048996 0.0437444 0.0476797 
0.316256 0.203873 0.359989 0.289209 0.338875 0.263482 -0.000648745 -0.000291829 -0.000836179 -0.000556139 -0.000775832 -0.000467809 0.0288007 0.0339125 0.0340601 
0.309174 0.359989 0.203873 0.289209 0.259438 0.3356 -0.000454063 -0.000836179 -0.000291829 -0.000556139 -0.000420723 -0.000671574 0.03917 0.0340601 0.0339125 
0.635902 0.840816 0.761033 0.802792 0.71114 0.760869 -0.0711434 -0.122937 -0.114858 -0.120221 -0.0932238 -0.0992501 0.0467675 0.0396555 0.047308 
0.331928 0.632069 0.734314 0.681028 0.531899 0.488675 -0.087826 -0.150418 -0.15069 -0.150804 -0.128896 -0.125639 0.00982261 0.0216669 0.0158703 
0.500745 0.503832 0.483457 0.497191 0.500352 0.503069 0.0212019 0.0216678 0.0184194 0.0203678 0.0202894 0.0218111 0.0673305 0.07094 0.0675541 
0.482895 0.483457 0.503832 0.497191 0.497651 0.483241 0.0183929 0.0184194 0.0216678 0.0203678 0.0204639 0.0187887 0.0736228 0.0675541 0.07094 
0.821518 0.761033 0.840816 0.802792 0.845785 0.819228 -0.155638 -0.114858 -0.122937 -0.120221 -0.142609 -0.139919 0.0339544 0.047308 0.0396555 
0.351928 0.778318 0.47862 0.651076 0.400816 0.579796 -0.0845391 -0.138549 -0.114198 -0.130859 -0.0958414 -0.125887 -0.00139247 0.00720338 -0.0245002 
0.519954 0.532314 0.506879 0.524322 0.523777 0.526537 -0.005618 -0.0236553 -0.0150878 -0.0196243 -0.0111284 -0.0139794 0.0859695 0.0899667 0.0930554 
0.821518 0.734314 0.632069 0.681028 0.753267 0.794699 -0.155638 -0.15069 -0.150418 -0.150804 -0.160677 -0.157234 0.0339544 0.0158703 0.0216669 
0.460462 0.474353 0.226865 0.353846 0.337716 0.468651 -0.0547472 -0.0616016 -0.0155075 -0.0355683 -0.0318486 -0.0588209 0.0609538 0.0664819 0.0632411 
0.486921 0.506879 0.532314 0.524322 0.522971 0.499464 -0.0397705 -0.0150878 -0.0236553 -0.0196243 -0.0328102 -0.0269503 0.101106 0.0930554 0.0899667 
0.802559 0.963726 0.927545 0.946794 0.891503 0.906534 -0.0636326 -0.0856915 -0.110188 -0.100512 -0.0873049 -0.0768958 0.0493569 0.0410259 0.0323757 
0.292466 0.52122 0.268584 0.396121 0.28156 0.403347 -0.112021 -0.151216 -0.0925659 -0.125297 -0.103929 -0.132962 0.0497782 0.0389965 0.0279932 
0.555064 0.268584 0.52122 0.396121 0.537655 0.40711 -0.148912 -0.0925659 -0.151216 -0.125297 -0.150398 -0.123049 0.0293863 0.0279932 0.0389965 
0.287606 0.340724 0.194502 0.273453 0.243096 0.315111 -0.000547214 -0.000790007 -0.000270435 -0.000514218 -0.000412263 -0.000677658 0.0288362 0.0328374 0.033422 
-0.0364095 -0.05193 -0.0509221 -0.0578148 -0.0457235 -0.046052 0.0396548 0.0180977 0.038849 0.030422 0.0416428 0.0292601 0.0049149 0.00834244 0.00554959 
0.343304 0.226865 0.474353 0.353846 0.406958 0.288835 -0.0329743 -0.0155075 -0.0616016 -0.0355683 -0.0460369 -0.0245627 0.0685812 0.0632411 0.0664819 
0.302494 0.194502 0.340724 0.273453 0.322075 0.251389 -0.000431263 -0.000270435 -0.000790007 -0.000514218 -0.000651524 -0.000395319 0.0380668 0.033422 0.0328374 
0.467169 0.497677 0.473233 0.488798 0.470277 0.486859 -0.00128755 -0.00130602 -0.00102444 -0.00118208 -0.00116754 -0.00133114 0.0268555 0.0240072 0.0211469 
0.639371 0.539005 0.674654 0.623343 0.664073 0.589143 -0.168896 -0.158875 -0.159957 -0.164926 -0.167202 -0.164654 0.0540878 0.0650183 0.0678541 
0.566179 0.539641 0.537263 0.55208 0.55746 0.55335 -0.0804519 -0.0625171 -0.0472865 -0.0565309 -0.0635115 -0.0717277 0.0935523 0.0975483 0.0871263 
0.508355 0.509495 0.487004 0.505129 0.498761 0.510833 0.0140707 0.0177174 0.0205474 0.0193904 0.0180308 0.0162865 0.0803301 0.078285 0.0765062 
0.500246 0.495473 0.492167 0.500163 0.497378 0.499856 0.0148015 0.0104613 0.0106208 0.0108172 0.0127777 0.0126878 0.0597724 0.0553184 0.0563326 
0.499584 0.473233 0.497677 0.488798 0.499788 0.494838 -0.00102261 -0.00102444 -0.00130602 -0.00118208 -0.00117614 -0.0010583 0.0192418 0.0211469 0.0240072 
0.498646 0.496219 0.491085 0.499724 0.495704 0.499845 -0.00144954 -0.00141909 -0.00142959 -0.0014281 -0.00146905 -0.00147425 0.0274608 0.0320831 0.031676 
0.500073 0.492167 0.495473 0.500163 0.499087 0.497973 0.00716141 0.0106208 0.0104613 0.0108172 0.00883544 0.00891113 0.0519364 0.0563326 0.0553184 
0.502958 0.487004 0.509495 0.505129 0.507546 0.49686 0.0219349 0.0205474 0.0177174 0.0193904 0.0202501 0.0214752 0.0742138 0.0765062 0.078285 
0.53973 0.537263 0.539641 0.55208 0.545111 0.539925 -0.0370431 -0.0472865 -0.0625171 -0.0565309 -0.049844 -0.042423 0.0901066 0.0871263 0.0975483 
-3.72105e-35 -0.0148203 -0.0123382 -0.0149045 -0.00312522 -0.00443407 1.95917e-35 0.013734 0.0323486 0.0238978 0.0146812 0.0100193 0.00795183 0.00552512 0.00314853 
-0.0364095 -0.0123382 -0.0148203 -0.0149045 -0.0272594 -0.0250093 0.0396548 0.0323486 0.013734 0.0238978 0.027071 0.0386534 0.0049149 0.00314853 0.00552512 
-2.54566e-35 -0.0123382 -0.021377 -0.0181062 -0.00829159 -0.0031434 6.34908e-35 0.0323486 0.0608449 0.0487718 0.0511374 0.023801 0.00414726 0.00314853 -0.00135338 
-0.0364095 -0.021377 -0.0123382 -0.0181062 -0.0250093 -0.0297062 0.0396548 0.0608449 0.0323486 0.0487718 0.0386534 0.0515087 0.0049149 -0.00135338 0.00314853 
