0.514983 0.860013 1.15061e-33 0.587963 0.308452 0.702557 -0.133681 -0.0713945 -4.62517e-36 -0.0921123 -0.0902406 -0.12701 -0.0264074 0.0210422 -0.073642 
0.0780169 0.143182 0.357368 0.238312 0.214996 0.108902 -0.110333 -0.103668 -0.192177 -0.152378 -0.161554 -0.111912 0.0844113 0.120864 0.11186 
0.499981 0.461585 0.495335 0.495896 0.498841 0.490324 -6.30195e-05 -2.24961e-05 -3.7314e-05 -2.93303e-05 -5.4495e-05 -4.93804e-05 0.0441143 0.0496449 0.0480064 
0.499978 0.460486 0.495694 0.495542 0.498983 0.489897 0.00127832 0.00213113 0.0020358 0.00222618 0.00162838 0.00172333 0.0676427 0.073351 0.0714736 
0.499934 0.452279 0.500451 0.490334 0.50044 0.486178 0.0108055 0.0115242 0.0121427 0.0123164 0.0116904 0.0116952 0.0912006 0.094477 0.0954979 
0.391234 0.388555 0.533797 0.472348 0.484888 0.38902 -0.151741 -0.0934055 -0.116405 -0.114881 -0.142953 -0.122589 0.130203 0.13632 0.119031 
0.38305 0.306672 0.202165 0.257232 0.302995 0.347249 -4.6745e-05 -3.11712e-05 -1.78745e-05 -2.56582e-05 -3.2961e-05 -3.9326e-05 0.0440784 0.0384485 0.0441667 
0.503638 0.453049 0.497898 0.481986 0.501975 0.492023 -3.4713e-06 -9.72616e-05 0.00843739 0.00467463 0.00507454 -0.000770934 0.106744 0.11404 0.104404 
0.896536 0.860013 0.514983 0.702557 0.755655 0.885595 -0.141035 -0.0713945 -0.133681 -0.12701 -0.146554 -0.110635 0.0113363 0.0210422 -0.0264074 
0.393338 0.209837 0.314336 0.265194 0.356228 0.313186 0.00687951 0.00208054 0.00321347 0.00286097 0.00488218 0.00447573 0.0929545 0.0936349 0.0864425 
0.503638 0.489104 0.453049 0.473799 0.492023 0.501559 -3.4713e-06 -0.020154 -9.72616e-05 -0.0081836 -0.000770934 -0.009027 0.106744 0.117128 0.11404 
0.356822 0.314734 0.466274 0.405734 0.421031 0.336455 -1.39118e-05 -1.83725e-05 -3.21018e-05 -2.66939e-05 -2.23806e-05 -1.62858e-05 0.0221162 0.028588 0.0267677 
0.447053 0.466274 0.314734 0.405734 0.390928 0.457203 -4.14543e-05 -3.21018e-05 -1.83725e-05 -2.66939e-05 -3.02244e-05 -3.70118e-05 0.0320185 0.0267677 0.028588 
0.499978 0.464757 0.495164 0.496488 0.498698 0.491371 0.00127832 0.00047574 0.00071075 0.000630856 0.000971442 0.00083077 0.0676427 0.062089 0.0638021 
0.499981 0.459539 0.495087 0.495679 0.498735 0.489928 -6.30195e-05 -5.93476e-05 -6.62165e-05 -6.55418e-05 -6.62709e-05 -6.49951e-05 0.0441143 0.0389398 0.0402114 
0.49998 0.459539 0.491722 0.478668 0.497886 0.489807 -6.14497e-05 -5.93476e-05 -4.90786e-05 -5.58779e-05 -5.65109e-05 -6.35626e-05 0.0363048 0.0389398 0.0317628 
0.491722 0.459539 0.44087 0.450646 0.47209 0.478668 -4.90786e-05 -5.93476e-05 -4.27132e-05 -4.9898e-05 -4.66054e-05 -5.58779e-05 0.0317628 0.0389398 0.0329359 
0.383602 0.198164 0.307517 0.255902 0.347862 0.301718 0.000746041 0.000182816 0.000179821 0.000208988 0.000400679 0.000455779 0.0677097 0.067798 0.0621025 
0.393338 0.314336 0.468975 0.408099 0.436885 0.356228 0.00687951 0.00321347 0.00697961 0.0052579 0.00722297 0.00488218 0.0929545 0.0864425 0.0859801 
0.0382885 -0.0242933 0.0348739 -0.00985714 0.0445147 -0.00560962 0.0619581 0.0864849 -0.00352271 0.0572995 0.0352328 0.0846032 -0.00830104 0.0055457 0.00632231 
0.52494 0.582025 0.489453 0.546735 0.504981 0.571259 -0.0837701 -0.142988 -0.0535307 -0.0938104 -0.0687329 -0.11405 0.0973492 0.109335 0.100924 
0.489104 0.479113 0.403988 0.445824 0.454736 0.485817 -0.020154 -0.0710567 -0.0188869 -0.042009 -0.0211003 -0.0422878 0.117128 0.126197 0.126639 
0.533797 0.489453 0.582025 0.546735 0.55699 0.538349 -0.116405 -0.0535307 -0.142988 -0.0938104 -0.131189 -0.0857194 0.119031 0.100924 0.109335 
0.383602 0.307517 0.464757 0.401883 0.430053 0.347862 0.000746041 0.000179821 0.00047574 0.000338987 0.000632051 0.000400679 0.0677097 0.0621025 0.062089 
0.38305 0.453658 0.306672 0.392761 0.347249 0.42237 -4.6745e-05 -5.60073e-05 -3.11712e-05 -4.50131e-05 -3.9326e-05 -5.41505e-05 0.0440784 0.0378476 0.0384485 
0.512061 0.479113 0.489104 0.485817 0.503764 0.504726 -0.0386617 -0.0710567 -0.020154 -0.0422878 -0.0296863 -0.055017 0.112917 0.126197 0.117128 
0.382432 0.305017 0.459539 0.396728 0.426008 0.346159 -4.61483e-05 -3.21539e-05 -5.93476e-05 -4.70114e-05 -5.45228e-05 -4.02455e-05 0.0443493 0.038827 0.0389398 
0.38305 0.306455 0.461585 0.398906 0.427652 0.347155 -4.6745e-05 -2.39262e-05 -2.24961e-05 -2.41334e-05 -4.31402e-05 -3.81932e-05 0.0440784 0.0498802 0.0496449 
0.499934 0.468975 0.493444 0.497956 0.497745 0.494084 0.0108055 0.00697961 0.00857833 0.00815413 0.00974791 0.00903145 0.0912006 0.0859801 0.0870968 
0.38181 0.304935 0.460486 0.397431 0.426496 0.345791 0.000703837 0.000919858 0.00213113 0.00156043 0.00129439 0.000832676 0.0679164 0.0736614 0.073351 
0.372852 0.290943 0.452279 0.385018 0.417141 0.3343 0.0068039 0.00593176 0.0115242 0.00909733 0.00933109 0.00663738 0.0898622 0.093239 0.094477 
0.38181 0.330431 0.197152 0.268591 0.300159 0.357356 0.000703837 0.000162394 0.000170118 0.000198537 0.000426775 0.000368535 0.0679164 0.0611793 0.06799 
0.38305 0.202165 0.306455 0.257115 0.347155 0.302995 -4.6745e-05 -1.78745e-05 -2.39262e-05 -2.39438e-05 -3.81932e-05 -3.2961e-05 0.0440784 0.0441667 0.0498802 
0.38181 0.461133 0.330431 0.407308 0.357356 0.426862 0.000703837 0.000441636 0.000162394 0.000295924 0.000368535 0.000586094 0.0679164 0.0620182 0.0611793 
0.372852 0.325126 0.189188 0.261734 0.290754 0.350268 0.0068039 0.00325709 0.00196638 0.00285687 0.00436892 0.00486256 0.0898622 0.0843067 0.0895991 
0.38181 0.197152 0.304935 0.25415 0.345791 0.300159 0.000703837 0.000170118 0.000919858 0.000450817 0.000832676 0.000426775 0.0679164 0.06799 0.0736614 
0.368697 0.305506 0.170241 0.241213 0.275876 0.334913 -0.00655916 0.00527645 0.000732885 0.00233455 -0.00153013 0.00138576 0.0965861 0.0963847 0.0941652 
0.372852 0.189188 0.290943 0.242907 0.3343 0.290754 0.0068039 0.00196638 0.00593176 0.00374653 0.00663738 0.00436892 0.0898622 0.0895991 0.093239 
0.442781 0.330431 0.461133 0.407308 0.452418 0.394053 0.000101864 0.000162394 0.000441636 0.000295924 0.000238383 0.000140684 0.0560015 0.0611793 0.0620182 
0.372852 0.457182 0.325126 0.402187 0.350268 0.420559 0.0068039 0.00663129 0.00325709 0.00505302 0.00486256 0.0070135 0.0898622 0.0852792 0.0843067 
0.4403 0.325126 0.457182 0.402187 0.44925 0.390226 0.00370768 0.00325709 0.00663129 0.00505302 0.00502911 0.00371031 0.0795789 0.0843067 0.0852792 
0.390373 0.462953 0.487422 0.476802 0.450889 0.431469 -5.61138e-06 -4.32055e-06 -1.01364e-05 -6.68571e-06 -7.91831e-06 -5.04058e-06 0.0108535 0.0057763 0.0127424 
0.499979 0.487422 0.462953 0.476802 0.490721 0.496839 -6.68153e-06 -1.01364e-05 -4.32055e-06 -6.68571e-06 -5.5408e-06 -8.33857e-06 0.00844875 0.0127424 0.0057763 
0.368697 0.453509 0.305506 0.389659 0.334913 0.416265 -0.00655916 0.000366618 0.00527645 0.00428646 0.00138576 -0.00361749 0.0965861 0.100685 0.0963847 
0.428804 0.305506 0.453509 0.389659 0.440519 0.374561 0.00978865 0.00527645 0.000366618 0.00428646 0.00648727 0.0077231 0.0976045 0.0963847 0.100685 
0.393338 0.463909 0.319377 0.40585 0.358975 0.433161 0.00687951 0.0105276 0.00542328 0.00824055 0.00652722 0.00905464 0.0929545 0.100383 0.102158 
0.445807 0.332991 0.462924 0.409673 0.454699 0.396979 0.00373053 0.00127463 0.00223841 0.00182588 0.00293902 0.00236005 0.079322 0.0743956 0.0733759 
0.383602 0.462924 0.332991 0.409673 0.359368 0.428692 0.000746041 0.00223841 0.00127463 0.00182588 0.00100355 0.00136479 0.0677097 0.0733759 0.0743956 
0.443077 0.33096 0.461597 0.407856 0.452785 0.394448 0.000105522 -1.77776e-05 -1.83122e-05 -1.45412e-05 3.09718e-05 2.0842e-05 0.0558366 0.0509783 0.0499582 
0.382432 0.461597 0.33096 0.407856 0.357857 0.427406 -4.61483e-05 -1.83122e-05 -1.77776e-05 -1.45412e-05 -3.57703e-05 -4.19609e-05 0.0443493 0.0499582 0.0509783 
0.499981 0.495335 0.461585 0.495896 0.490431 0.498801 2.97164e-05 -3.7314e-05 -2.24961e-05 -2.93303e-05 1.14302e-06 -9.60736e-06 0.0519515 0.0480064 0.0496449 
0.368697 0.29359 0.489453 0.404958 0.428664 0.333308 -0.00655916 -0.0105284 -0.0535307 -0.028504 -0.0247189 -0.00938424 0.0965861 0.0925757 0.100924 
0.499979 0.495694 0.460486 0.495542 0.489766 0.499024 0.00320193 0.0020358 0.00213113 0.00222618 0.00271816 0.00258111 0.0754806 0.0714736 0.073351 
0.447053 0.453658 0.495756 0.480349 0.478217 0.450409 -4.14543e-05 -5.60073e-05 -4.96509e-05 -5.47573e-05 -4.69958e-05 -4.8222e-05 0.0320185 0.0378476 0.0320234 
0.50052 0.500451 0.452279 0.490334 0.485628 0.500871 0.0120233 0.0121427 0.0115242 0.0123164 0.0122572 0.0123074 0.0985895 0.0954979 0.094477 
3.51703e-34 0.215479 0.29543 0.2571 0.163947 0.115281 -8.77842e-35 -1.9557e-06 -6.31253e-06 -3.75698e-06 -2.36252e-06 -1.0433e-06 0.0177753 0.0117491 0.0170239 
0.49998 0.495756 0.453658 0.480349 0.488467 0.498944 -6.14497e-05 -4.96509e-05 -5.60073e-05 -5.47573e-05 -6.07748e-05 -5.61562e-05 0.0363048 0.0320234 0.0378476 
1.65489e-34 3.41629e-34 0.214836 0.114912 0.11491 5.51931e-35 5.76709e-35 8.65122e-35 -1.75135e-06 -9.14274e-07 -3.97805e-07 1.44188e-34 0.0117649 0.0176493 0.011321 
0.214836 3.41629e-34 0.293855 0.162943 0.255944 0.114912 -1.75135e-06 8.65122e-35 -5.84921e-06 -2.14536e-06 -3.44393e-06 -9.14274e-07 0.011321 0.0176493 0.0166756 
0.445807 0.494626 0.468975 0.48438 0.458025 0.476596 0.00373053 0.00459323 0.00697961 0.00578939 0.00516609 0.00425669 0.079322 0.0792659 0.0859801 
0.382432 0.197591 0.305017 0.254238 0.346159 0.300723 -4.61483e-05 -1.85529e-05 -3.21539e-05 -2.65098e-05 -4.02455e-05 -3.29509e-05 0.0443493 0.0443706 0.038827 
0.499949 0.468975 0.494626 0.48438 0.499062 0.493191 0.00659259 0.00697961 0.00459323 0.00578939 0.0055779 0.00702185 0.083362 0.0859801 0.0792659 
0.499982 0.495164 0.464757 0.496488 0.491304 0.498733 0.000367579 0.00071075 0.00047574 0.000630856 0.000433043 0.000522863 0.0598376 0.0638021 0.062089 
0.49998 0.495087 0.459539 0.495679 0.489807 0.498779 -6.14497e-05 -6.62165e-05 -5.93476e-05 -6.55418e-05 -6.35626e-05 -6.44668e-05 0.0363048 0.0402114 0.0389398 
0.0348739 -0.0242933 -0.0627705 -0.0412334 -0.0265928 -0.00985714 -0.00352271 0.0864849 0.0399953 0.0654405 0.0279533 0.0572995 0.00632231 0.0055457 0.0177906 
1.12307e-33 0.843653 0.841365 0.842796 0.511769 0.511547 1.0857e-33 -0.00260189 -0.00643339 -0.00405126 -0.00186517 -0.00127549 0.222284 0.243992 0.190005 
0.368697 0.170241 0.29359 0.229183 0.333308 0.275876 -0.00655916 0.000732885 -0.0105284 -0.00280382 -0.00938424 -0.00153013 0.0965861 0.0941652 0.0925757 
0.306672 0.152996 0.202165 0.178049 0.257232 0.235416 -3.11712e-05 -9.17848e-06 -1.78745e-05 -1.24513e-05 -2.56582e-05 -2.00925e-05 0.0384485 0.0385265 0.0441667 
0.382432 0.33096 0.197591 0.269081 0.300723 0.357857 -4.61483e-05 -1.77776e-05 -1.85529e-05 -2.45237e-05 -3.29509e-05 -3.57703e-05 0.0443493 0.0509783 0.0443706 
0.499978 0.466712 0.460486 0.463711 0.489897 0.491453 0.00127832 0.00106785 0.00213113 0.00153382 0.00172333 0.00120522 0.0676427 0.0676639 0.073351 
0.499934 0.461024 0.452279 0.456677 0.486178 0.488354 0.0108055 0.00950693 0.0115242 0.0105622 0.0116952 0.0105076 0.0912006 0.0902692 0.094477 
0.499981 0.468732 0.461585 0.465254 0.490324 0.492118 -6.30195e-05 -5.86136e-05 -2.24961e-05 -4.43249e-05 -4.93804e-05 -6.37974e-05 0.0441143 0.0437017 0.0496449 
0.383602 0.332991 0.198164 0.270288 0.301718 0.359368 0.000746041 0.00127463 0.000182816 0.000570829 0.000455779 0.00100355 0.0677097 0.0743956 0.067798 
2.7777e-34 0.272704 0.215479 0.244894 0.115284 0.149618 -2.92651e-35 -1.93338e-06 -1.9557e-06 -2.06045e-06 -3.91345e-07 -6.0794e-07 0.00592592 0.00697933 0.0117491 
0.499949 0.493444 0.468975 0.497956 0.493191 0.49796 0.00659259 0.00857833 0.00697961 0.00815413 0.00702185 0.00757967 0.083362 0.0870968 0.0859801 
0.447053 0.357924 0.453658 0.412325 0.450409 0.40788 -4.14543e-05 -3.24666e-05 -5.60073e-05 -4.46956e-05 -4.8222e-05 -3.79561e-05 0.0320185 0.0336411 0.0378476 
0.306672 0.453658 0.357924 0.412325 0.333282 0.392761 -3.11712e-05 -5.60073e-05 -3.24666e-05 -4.46956e-05 -3.28375e-05 -4.50131e-05 0.0384485 0.0378476 0.0336411 
0.390373 0.443052 0.29543 0.380656 0.346574 0.418851 -5.61138e-06 -1.40327e-05 -6.31253e-06 -1.03314e-05 -6.22838e-06 -9.07239e-06 0.0108535 0.0178633 0.0170239 
0.393338 0.319377 0.209837 0.26744 0.313186 0.358975 0.00687951 0.00542328 0.00208054 0.00370199 0.00447573 0.00652722 0.0929545 0.102158 0.0936349 
0.391234 0.533797 0.520326 0.532581 0.457417 0.484888 -0.151741 -0.116405 -0.177087 -0.147532 -0.169186 -0.142953 0.130203 0.119031 0.118299 
3.51703e-34 1.67162e-34 0.215479 0.115282 0.115281 5.46046e-35 -8.77842e-35 -5.85267e-35 -1.9557e-06 -4.72791e-07 -1.0433e-06 -1.46305e-34 0.0177753 0.0118516 0.0117491 
0.0348739 -0.0721546 0.110063 -0.00868982 0.0700909 -0.0329684 -0.00352271 -0.0170205 -0.104173 -0.0494781 -0.0577189 -0.00938438 0.00632231 0.0455915 0.0360648 
0.314336 0.209837 0.155019 0.182625 0.2409 0.265194 0.00321347 0.00208054 0.000816981 0.00131565 0.00192915 0.00286097 0.0864425 0.0936349 0.0863455 
0.457822 0.497898 0.453049 0.481986 0.455868 0.483399 0.00711177 0.00843739 -9.72616e-05 0.00467463 0.00400385 0.00792663 0.107553 0.104404 0.11404 
0.355512 0.29543 0.443052 0.380656 0.404288 0.326774 -1.54171e-05 -6.31253e-06 -1.40327e-05 -1.03314e-05 -1.52463e-05 -1.01327e-05 0.0231912 0.0170239 0.0178633 
0.338221 0.407746 0.110063 0.239283 0.219987 0.370029 -0.200171 -0.164388 -0.104173 -0.129378 -0.158367 -0.188088 0.0673468 0.0120246 0.0360648 
0.443077 0.49362 0.464757 0.482089 0.454539 0.474651 0.000105522 0.000139053 0.00047574 0.000282031 0.000255912 0.000124137 0.0558366 0.055804 0.062089 
0.445807 0.468975 0.365391 0.426112 0.410133 0.458025 0.00373053 0.00697961 0.00289965 0.00477876 0.00339779 0.00516609 0.079322 0.0859801 0.0809119 
0.499982 0.464757 0.49362 0.482089 0.498441 0.491304 0.000367579 0.00047574 0.000139053 0.000282031 0.000235506 0.000433043 0.0598376 0.062089 0.055804 
0.305017 0.342765 0.459539 0.410698 0.396728 0.324399 -3.21539e-05 -3.02514e-05 -5.93476e-05 -4.50055e-05 -4.70114e-05 -3.22108e-05 0.038827 0.0332525 0.0389398 
0.143182 0.25239 0.357368 0.294028 0.238312 0.200291 -0.103668 -0.105242 -0.192177 -0.151491 -0.152378 -0.107468 0.120864 0.135343 0.11186 
0.994073 0.980733 0.729304 0.898 0.909063 0.99024 -0.0426985 -0.0740575 -0.0392207 -0.0590493 -0.047979 -0.0595945 0.100493 0.0700843 0.0871417 
0.306455 0.359726 0.461585 0.41863 0.398906 0.334169 -2.39262e-05 3.06357e-05 -2.24961e-05 7.74226e-06 -2.41334e-05 -6.52859e-06 0.0498802 0.054784 0.0496449 
0.44087 0.459539 0.342765 0.410698 0.397699 0.450646 -4.27132e-05 -5.93476e-05 -3.02514e-05 -4.50055e-05 -3.71907e-05 -4.9898e-05 0.0329359 0.0389398 0.0332525 
0.314336 0.365391 0.468975 0.426112 0.408099 0.340852 0.00321347 0.00289965 0.00697961 0.00477876 0.0052579 0.00312988 0.0864425 0.0809119 0.0859801 
0.304935 0.357066 0.460486 0.416791 0.397431 0.33214 0.000919858 0.00217172 0.00213113 0.00226573 0.00156043 0.0014569 0.0736614 0.0784153 0.073351 
0.290943 0.340228 0.452279 0.404017 0.385018 0.316291 0.00593176 0.00806566 0.0115242 0.0100528 0.00909733 0.00723915 0.093239 0.0957344 0.094477 
0.404402 0.380024 0.273383 0.330908 0.345853 0.392559 -5.89096e-06 -2.3627e-06 -1.8212e-06 -2.17639e-06 -3.5337e-06 -3.76906e-06 0.0109417 0.00412654 0.00695244 
0.442781 0.461585 0.359726 0.41863 0.405835 0.452657 0.000101864 -2.24961e-05 3.06357e-05 7.74226e-06 6.20149e-05 2.13594e-05 0.0560015 0.0496449 0.054784 
0.4403 0.460486 0.357066 0.416791 0.403152 0.451005 0.00370768 0.00213113 0.00217172 0.00226573 0.00293769 0.00285467 0.0795789 0.073351 0.0784153 
0.428804 0.452279 0.340228 0.404017 0.388473 0.440953 0.00978865 0.0115242 0.00806566 0.0100528 0.0093132 0.0114198 0.0976045 0.094477 0.0957344 
0.307517 0.198164 0.149316 0.174139 0.23429 0.255902 0.000179821 0.000182816 3.83313e-05 9.12751e-05 0.000100565 0.000208988 0.0621025 0.067798 0.0619402 
0.390373 0.272704 0.380083 0.330649 0.385286 0.336844 -5.61138e-06 -1.93338e-06 -2.47587e-06 -2.28805e-06 -3.75332e-06 -3.51135e-06 0.0108535 0.00697933 0.00412543 
0.533797 0.388555 0.479113 0.442103 0.504792 0.472348 -0.116405 -0.0934055 -0.0710567 -0.0843793 -0.0949342 -0.114881 0.119031 0.13632 0.126197 
0.595876 0.407746 0.338221 0.370029 0.468304 0.518616 -0.236175 -0.164388 -0.200171 -0.188088 -0.224107 -0.216391 0.0608879 0.0120246 0.0673468 
-1.38329e-34 -1.33354e-34 -0.0721546 -0.0815725 -0.0845949 -3.9012e-35 -1.72369e-34 -3.68157e-34 -0.0170205 -0.00451458 0.00270582 -5.14064e-34 0.0360702 0.0726288 0.0455915 
0.404402 0.466814 0.380024 0.430163 0.392559 0.439643 -5.89096e-06 -4.14512e-06 -2.3627e-06 -3.24631e-06 -3.76906e-06 -5.03037e-06 0.0109417 0.00544873 0.00412654 
0.390373 0.380083 0.462953 0.427434 0.431469 0.385286 -5.61138e-06 -2.47587e-06 -4.32055e-06 -3.37998e-06 -5.04058e-06 -3.75332e-06 0.0108535 0.00412543 0.0057763 
0.443077 0.464757 0.36128 0.421522 0.406661 0.454539 0.000105522 0.00047574 8.32789e-05 0.000238844 9.63907e-05 0.000255912 0.0558366 0.062089 0.0572042 
0.499978 0.470112 0.464757 0.467458 0.491371 0.492713 0.00127832 0.00118976 0.00047574 0.000764455 0.00083077 0.00127077 0.0676427 0.0679995 0.062089 
0.307517 0.36128 0.464757 0.421522 0.401883 0.335487 0.000179821 8.32789e-05 0.00047574 0.000238844 0.000338987 0.000128507 0.0621025 0.0572042 0.062089 
0.0780169 0.110063 -0.0721546 -0.00868982 -0.0151702 0.0858873 -0.110333 -0.104173 -0.0170205 -0.0494781 -0.0604496 -0.111895 0.0844113 0.0360648 0.0455915 
0.391234 0.357368 0.25239 0.294028 0.320283 0.374948 -0.151741 -0.192177 -0.105242 -0.151491 -0.132326 -0.174489 0.130203 0.11186 0.135343 
1.67162e-34 2.7777e-34 0.215479 0.115284 0.115282 5.46106e-35 -5.85267e-35 -2.92651e-35 -1.9557e-06 -3.91345e-07 -4.72791e-07 -8.77894e-35 0.0118516 0.00592592 0.0117491 
0.499981 0.467579 0.459539 0.46367 0.489928 0.491933 -6.30195e-05 -5.79507e-05 -5.93476e-05 -6.34586e-05 -6.49951e-05 -5.95665e-05 0.0441143 0.0444076 0.0389398 
0.29359 0.38443 0.489453 0.446995 0.404958 0.33612 -0.0105284 -0.0346264 -0.0535307 -0.046196 -0.028504 -0.0204947 0.0925757 0.0921372 0.100924 
8.58141e-34 1.12307e-33 0.841365 0.511769 0.507842 -4.15452e-35 8.66595e-34 1.0857e-33 -0.00643339 -0.00186517 -0.00259402 1.95929e-33 0.177672 0.222284 0.190005 
0.52494 0.489453 0.38443 0.446995 0.460874 0.504981 -0.0837701 -0.0535307 -0.0346264 -0.046196 -0.0569383 -0.0687329 0.0973492 0.100924 0.0921372 
0.319377 0.463909 0.371236 0.425083 0.346674 0.40585 0.00542328 0.0105276 0.00587318 0.00837064 0.00598909 0.00824055 0.102158 0.100383 0.108793 
0.0780169 0.0177896 0.143182 0.0731889 0.108902 0.0378888 -0.110333 -0.0353949 -0.103668 -0.0691261 -0.111912 -0.0732087 0.0844113 0.11429 0.120864 
0.305506 0.124873 0.170241 0.146908 0.241213 0.220186 0.00527645 0.00147274 0.000732885 0.00122415 0.00233455 0.00354184 0.0963847 0.0955023 0.0941652 
0.325126 0.14248 0.189188 0.166603 0.261734 0.24166 0.00325709 0.000739229 0.00196638 0.00119399 0.00285687 0.00195358 0.0843067 0.0849482 0.0895991 
0.330431 0.146189 0.197152 0.17222 0.268591 0.246697 0.000162394 3.23464e-05 0.000170118 8.09369e-05 0.000198537 9.20648e-05 0.0611793 0.0620395 0.06799 
0.290943 0.189188 0.135131 0.16253 0.217814 0.242907 0.00593176 0.00196638 0.00151776 0.00176115 0.00360712 0.00374653 0.093239 0.0895991 0.093175 
0.304935 0.197152 0.14541 0.171815 0.231076 0.25415 0.000919858 0.000170118 0.000222946 0.000203926 0.000547743 0.000450817 0.0736614 0.06799 0.0738936 
0.306455 0.202165 0.146241 0.174808 0.232351 0.257115 -2.39262e-05 -1.78745e-05 -8.0314e-06 -1.25626e-05 -1.6315e-05 -2.39438e-05 0.0498802 0.0441667 0.0501208 
0.700736 0.994073 0.729304 0.909063 0.719538 0.903821 -0.0171474 -0.0426985 -0.0392207 -0.047979 -0.0257415 -0.0304209 0.123111 0.100493 0.0871417 
0.428804 0.453509 0.489938 0.474613 0.465536 0.440519 0.00978865 0.000366618 0.00979077 0.00586738 0.0100618 0.00648727 0.0976045 0.100685 0.100616 
0.4403 0.457182 0.492779 0.478759 0.472855 0.44925 0.00370768 0.00663129 0.00460566 0.00565558 0.00423956 0.00502911 0.0795789 0.0852792 0.0794797 
0.503638 0.489938 0.453509 0.474613 0.490477 0.498979 -3.4713e-06 0.00979077 0.000366618 0.00586738 -0.000180675 0.00619912 0.106744 0.100616 0.100685 
0.442781 0.461133 0.493727 0.480919 0.474662 0.452418 0.000101864 0.000441636 0.00014391 0.000272926 0.000125095 0.000238383 0.0560015 0.0620182 0.0559241 
0.499949 0.492779 0.457182 0.478759 0.4882 0.49776 0.00659259 0.00460566 0.00663129 0.00565558 0.00684705 0.00558118 0.083362 0.0794797 0.0852792 
0.499982 0.493727 0.461133 0.480919 0.490134 0.498367 0.000367579 0.00014391 0.000441636 0.000272926 0.000420193 0.000239162 0.0598376 0.0559241 0.0620182 
0.428804 0.489938 0.452279 0.473619 0.440953 0.465536 0.00978865 0.00979077 0.0115242 0.0120241 0.0114198 0.0100618 0.0976045 0.100616 0.094477 
0.4403 0.492779 0.460486 0.47994 0.451005 0.472855 0.00370768 0.00460566 0.00213113 0.00322247 0.00285467 0.00423956 0.0795789 0.0794797 0.073351 
0.442781 0.493727 0.461585 0.481077 0.452657 0.474662 0.000101864 0.00014391 -2.24961e-05 3.27465e-05 2.13594e-05 0.000125095 0.0560015 0.0559241 0.0496449 
0.50052 0.452279 0.489938 0.473619 0.496813 0.485628 0.0120233 0.0115242 0.00979077 0.0120241 0.0112297 0.0122572 0.0985895 0.094477 0.100616 
0.499979 0.460486 0.492779 0.47994 0.498049 0.489766 0.00320193 0.00213113 0.00460566 0.00322247 0.00388072 0.00271816 0.0754806 0.073351 0.0794797 
0.499981 0.461585 0.493727 0.481077 0.49844 0.490431 2.97164e-05 -2.24961e-05 0.00014391 3.27465e-05 8.02676e-05 1.14302e-06 0.0519515 0.0496449 0.0559241 
-0.0510998 -0.0627705 -0.0242933 -0.0412334 -0.0384392 -0.0602379 0.0571213 0.0399953 0.0864849 0.0654405 0.0738119 0.052854 0.017976 0.0177906 0.0055457 
2.76936e-34 0.214836 0.273383 0.24495 0.15004 0.114909 2.88339e-35 -1.75135e-06 -1.8212e-06 -1.88517e-06 -5.6313e-07 -3.52539e-07 0.00588235 0.011321 0.00695244 
8.29891e-34 1.09659e-33 0.842765 0.523389 0.511161 1.13477e-34 -5.89638e-34 -3.48344e-34 -0.0255751 -0.00965644 -0.00623819 -8.78679e-34 0.121967 0.0617448 0.089441 
0.499934 0.477056 0.468975 0.47303 0.494084 0.495937 0.0108055 0.0100073 0.00697961 0.00858997 0.00903145 0.0105675 0.0912006 0.0926677 0.0859801 
0.530888 0.613562 0.370248 0.513428 0.446851 0.586807 -0.0902167 -0.136486 -0.039028 -0.0830933 -0.0614043 -0.116356 0.0833393 0.0942319 0.0863816 
0.52494 0.370248 0.613562 0.513428 0.567731 0.464206 -0.0837701 -0.039028 -0.136486 -0.0830933 -0.108763 -0.0624611 0.0973492 0.0863816 0.0942319 
0.989931 0.841365 0.843653 0.842796 0.978073 0.977615 -0.00579461 -0.00643339 -0.00260189 -0.00405126 -0.00467573 -0.00743626 0.211324 0.190005 0.243992 
0.353066 0.403988 0.479113 0.445824 0.424827 0.381925 -0.0440793 -0.0188869 -0.0710567 -0.042009 -0.0603385 -0.0307042 0.136146 0.126639 0.126197 
0.442781 0.359726 0.330431 0.345446 0.394053 0.405835 0.000101864 3.06357e-05 0.000162394 8.68317e-05 0.000140684 6.20149e-05 0.0560015 0.054784 0.0611793 
0.4403 0.357066 0.325126 0.341644 0.390226 0.403152 0.00370768 0.00217172 0.00325709 0.00269586 0.00371031 0.00293769 0.0795789 0.0784153 0.0843067 
0.428804 0.340228 0.305506 0.322771 0.374561 0.388473 0.00978865 0.00806566 0.00527645 0.00697364 0.0077231 0.0093132 0.0976045 0.0957344 0.0963847 
0.457822 0.371236 0.463909 0.425083 0.461065 0.42028 0.00711177 0.00587318 0.0105276 0.00837064 0.0096411 0.00664108 0.107553 0.108793 0.100383 
0.305017 0.197591 0.144243 0.17146 0.230624 0.254238 -3.21539e-05 -1.85529e-05 -8.52533e-06 -1.21762e-05 -1.98771e-05 -2.65098e-05 0.038827 0.0443706 0.038477 
0.447053 0.314734 0.357924 0.337044 0.40788 0.390928 -4.14543e-05 -1.83725e-05 -3.24666e-05 -2.52309e-05 -3.79561e-05 -3.02244e-05 0.0320185 0.028588 0.0336411 
0.499633 0.443052 0.487422 0.46924 0.495712 0.483443 -1.95313e-05 -1.40327e-05 -1.01364e-05 -1.21947e-05 -1.42445e-05 -1.72929e-05 0.0192415 0.0178633 0.0127424 
0.499633 0.487422 0.488246 0.499975 0.497966 0.495712 -1.95313e-05 -1.01364e-05 -1.17252e-05 -1.12626e-05 -1.54158e-05 -1.42445e-05 0.0192415 0.0127424 0.0142709 
0.29359 0.170241 0.121948 0.145734 0.209373 0.229183 -0.0105284 0.000732885 -0.00152891 -0.000663941 -0.0049061 -0.00280382 0.0925757 0.0941652 0.0908932 
0.33096 0.147014 0.197591 0.172788 0.269081 0.247346 -1.77776e-05 -8.69807e-06 -1.85529e-05 -1.33267e-05 -2.45237e-05 -1.61213e-05 0.0509783 0.0502915 0.0443706 
0.896536 0.957142 0.860013 0.960467 0.885595 0.954471 -0.141035 -0.103374 -0.0713945 -0.102867 -0.110635 -0.127723 0.0113363 0.0540794 0.0210422 
1.12307e-33 9.51788e-34 0.843653 0.513171 0.511547 -3.23766e-35 1.0857e-33 1.31203e-33 -0.00260189 -0.000875267 -0.00127549 2.40202e-33 0.222284 0.267931 0.243992 
2.49234e-34 0.187312 0.23751 0.218835 0.127135 0.092611 -7.52785e-34 -0.0145454 -0.055144 -0.031105 -0.0180439 -0.00674716 0.144667 0.13966 0.14067 
0.356822 0.192714 0.314734 0.257562 0.336455 0.282509 -1.39118e-05 -5.54041e-06 -1.83725e-05 -1.08383e-05 -1.62858e-05 -1.00547e-05 0.0221162 0.0249377 0.028588 
0.675572 0.595876 0.714514 0.678745 0.717857 0.634923 -0.226909 -0.236175 -0.211163 -0.232803 -0.231785 -0.233325 0.0394711 0.0608879 0.0788666 
0.443077 0.36128 0.33096 0.346475 0.394448 0.406661 0.000105522 8.32789e-05 -1.77776e-05 1.62863e-05 2.0842e-05 9.63907e-05 0.0558366 0.0572042 0.0509783 
0.793972 0.675572 0.714514 0.717857 0.753428 0.760439 -0.20606 -0.226909 -0.211163 -0.231785 -0.212793 -0.225048 0.0587342 0.0394711 0.0788666 
0.503638 0.500856 0.489104 0.505668 0.501559 0.502971 -3.4713e-06 -0.0129513 -0.020154 -0.0177662 -0.009027 -0.00572633 0.106744 0.106902 0.117128 
0.512061 0.489104 0.500856 0.505668 0.507752 0.503764 -0.0386617 -0.020154 -0.0129513 -0.0177662 -0.0245109 -0.0296863 0.112917 0.117128 0.106902 
0.0348739 -0.0627705 -0.0721546 -0.0739346 -0.0329684 -0.0265928 -0.00352271 0.0399953 -0.0170205 0.0102699 -0.00938438 0.0279533 0.00632231 0.0177906 0.0455915 
8.63076e-34 7.27693e-34 0.700736 0.40149 0.389774 2.09374e-34 4.83559e-34 6.62506e-34 -0.0171474 -0.00490227 -0.00674632 1.16875e-33 0.102925 0.136534 0.123111 
0.332991 0.147068 0.198164 0.173087 0.270288 0.248602 0.00127463 0.000240311 0.000182816 0.00021682 0.000570829 0.000699128 0.0743956 0.0737565 0.067798 
0.445807 0.365391 0.332991 0.349432 0.396979 0.410133 0.00373053 0.00289965 0.00127463 0.00197592 0.00236005 0.00339779 0.079322 0.0809119 0.0743956 
0.499981 0.49362 0.461597 0.480978 0.490335 0.498369 2.97164e-05 0.000139053 -1.83122e-05 3.67053e-05 2.54045e-06 7.83128e-05 0.0519515 0.055804 0.0499582 
0.443077 0.461597 0.49362 0.480978 0.474651 0.452785 0.000105522 -1.83122e-05 0.000139053 3.67053e-05 0.000124137 3.09718e-05 0.0558366 0.0499582 0.055804 
0.319377 0.151796 0.209837 0.181761 0.26744 0.242872 0.00542328 0.00135061 0.00208054 0.00172791 0.00370199 0.00330639 0.102158 0.101932 0.0936349 
0.355512 0.289149 0.18707 0.240621 0.279326 0.323894 -1.54171e-05 -1.62138e-05 -5.69433e-06 -1.01407e-05 -1.09248e-05 -1.64908e-05 0.0231912 0.0290727 0.0254419 
0.879245 0.562395 0.913709 0.785708 0.899261 0.78637 -0.170593 -0.0640843 -0.136683 -0.106368 -0.153864 -0.120698 0.0460535 0.0706451 0.0478572 
0.498825 0.491722 0.434129 0.469793 0.478869 0.496083 -3.71824e-05 -4.90786e-05 -3.25347e-05 -4.10207e-05 -3.65178e-05 -4.27911e-05 0.0274866 0.0317628 0.0284132 
0.404402 0.273383 0.214836 0.24495 0.322257 0.345853 -5.89096e-06 -1.8212e-06 -1.75135e-06 -1.88517e-06 -3.91326e-06 -3.5337e-06 0.0109417 0.00695244 0.011321 
0.489776 0.408148 0.466814 0.441137 0.479939 0.459166 -2.66287e-06 -1.83919e-06 -4.14512e-06 -2.65725e-06 -3.14711e-06 -2.3446e-06 -4.18046e-08 -8.66189e-08 0.00544873 
0.408146 0.489775 0.462953 0.478452 0.438608 0.459164 -1.92302e-06 -2.70737e-06 -4.32055e-06 -3.24412e-06 -2.75959e-06 -2.40755e-06 9.19981e-08 4.20904e-08 0.0057763 
0.499979 0.494626 0.462924 0.482236 0.491062 0.498769 0.00320193 0.00459323 0.00223841 0.00329734 0.00278396 0.00386988 0.0754806 0.0792659 0.0733759 
0.445807 0.462924 0.494626 0.482236 0.476596 0.454699 0.00373053 0.00223841 0.00459323 0.00329734 0.00425669 0.00293902 0.079322 0.0733759 0.0792659 
0.499633 0.488246 0.472712 0.481286 0.494611 0.497966 -1.95313e-05 -1.17252e-05 -2.06921e-05 -1.57662e-05 -2.07343e-05 -1.54158e-05 0.0192415 0.0142709 0.0211432 
2.76936e-34 1.65489e-34 0.214836 0.11491 0.114909 5.51873e-35 2.88339e-35 5.76709e-35 -1.75135e-06 -3.97805e-07 -3.52539e-07 8.65068e-35 0.00588235 0.0117649 0.011321 
8.63076e-34 0.700736 0.729304 0.719538 0.425413 0.389774 4.83559e-34 -0.0171474 -0.0392207 -0.0257415 -0.0117933 -0.00674632 0.102925 0.123111 0.0871417 
0.0780169 -0.0721546 -0.0434304 -0.0642066 0.00169177 -0.0151702 -0.110333 -0.0170205 -0.0265338 -0.0284051 -0.0647829 -0.0604496 0.0844113 0.0455915 0.0856373 
-1.33354e-34 -0.0434304 -0.0721546 -0.0642066 -0.0815725 -0.0530846 -3.68157e-34 -0.0265338 -0.0170205 -0.0284051 -0.00451458 -0.0047765 0.0726288 0.0856373 0.0455915 
0.390373 0.29543 0.215479 0.2571 0.313159 0.346574 -5.61138e-06 -6.31253e-06 -1.9557e-06 -3.75698e-06 -3.93498e-06 -6.22838e-06 0.0108535 0.0170239 0.0117491 
0.498825 0.434129 0.477839 0.45889 0.491628 0.478869 -3.71824e-05 -3.25347e-05 -2.64304e-05 -2.97429e-05 -3.20131e-05 -3.65178e-05 0.0274866 0.0284132 0.0237156 
0.994073 0.860013 0.980733 0.968627 0.99024 0.975086 -0.0426985 -0.0713945 -0.0740575 -0.0845833 -0.0595945 -0.0634414 0.100493 0.0210422 0.0700843 
0.390373 0.215479 0.272704 0.244894 0.336844 0.313159 -5.61138e-06 -1.9557e-06 -1.93338e-06 -2.06045e-06 -3.51135e-06 -3.93498e-06 0.0108535 0.0117491 0.00697933 
0.50052 0.497898 0.463909 0.485244 0.494274 0.501352 0.0120233 0.00843739 0.0105276 0.0104225 0.0116442 0.0107712 0.0985895 0.104404 0.100383 
0.457822 0.463909 0.497898 0.485244 0.483399 0.461065 0.00711177 0.0105276 0.00843739 0.0104225 0.00792663 0.0096411 0.107553 0.100383 0.104404 
0.404402 0.214836 0.293855 0.255944 0.354374 0.322257 -5.89096e-06 -1.75135e-06 -5.84921e-06 -3.44393e-06 -6.19029e-06 -3.91326e-06 0.0109417 0.011321 0.0166756 
0.488246 0.427555 0.472712 0.452837 0.481286 0.464365 -1.17252e-05 -1.19438e-05 -2.06921e-05 -1.59825e-05 -1.57662e-05 -1.21019e-05 0.0142709 0.0170288 0.0211432 
3.34205e-34 0.202153 0.314734 0.261771 0.176516 0.107586 1.4423e-34 -1.14775e-05 -1.83725e-05 -1.52559e-05 -6.92291e-06 -3.86899e-06 0.0294257 0.0334727 0.028588 
2.76936e-34 0.273383 0.18092 0.229124 0.0955184 0.15004 2.88339e-35 -1.8212e-06 -5.73615e-07 -1.07142e-06 -2.52305e-07 -5.6313e-07 0.00588235 0.00695244 0.00365989 
3.34205e-34 0.314734 0.192714 0.257562 0.102197 0.176516 1.4423e-34 -1.83725e-05 -5.54041e-06 -1.08383e-05 -2.95274e-06 -6.92291e-06 0.0294257 0.028588 0.0249377 
-1.38329e-34 -0.0721546 -0.0775016 -0.0889003 -0.0584981 -0.0845949 -1.72369e-34 -0.0170205 0.0212326 0.00835095 0.00608147 0.00270582 0.0360702 0.0455915 0.0274172 
3.51703e-34 0.29543 0.204629 0.252108 0.109009 0.163947 -8.77842e-35 -6.31253e-06 -4.79879e-06 -5.88858e-06 -1.32909e-06 -2.36252e-06 0.0177753 0.0170239 0.0216337 
0.879245 0.792113 0.562395 0.711898 0.78637 0.842229 -0.170593 -0.155382 -0.0640843 -0.110832 -0.120698 -0.166065 0.0460535 0.0633743 0.0706451 
0.404402 0.293855 0.427555 0.369252 0.416379 0.354374 -5.89096e-06 -5.84921e-06 -1.19438e-05 -9.00759e-06 -8.53367e-06 -6.19029e-06 0.0109417 0.0166756 0.0170288 
8.29891e-34 0.842765 0.707053 0.779405 0.409188 0.511161 -5.89638e-34 -0.0255751 -0.00954134 -0.0147779 -0.00328609 -0.00623819 0.121967 0.089441 0.131331 
0.75 1 0.937248 0.984288 0.859243 0.9375 -4.39328e-37 -8.22648e-37 -0.00076613 -0.00057246 -0.000414405 -1.57105e-36 0.361555 0.360853 0.320898 
3.56748e-34 0.241288 0.370248 0.310914 0.179097 0.106931 3.82225e-34 -0.0187501 -0.039028 -0.029449 -0.00924297 -0.00357973 0.0820115 0.0794524 0.0863816 
0.842765 0.860013 0.994073 0.975086 0.973585 0.850095 -0.0255751 -0.0713945 -0.0426985 -0.0634414 -0.0407989 -0.0381075 0.089441 0.0210422 0.100493 
0.356822 0.427555 0.293855 0.369252 0.326768 0.395172 -1.39118e-05 -1.19438e-05 -5.84921e-06 -9.00759e-06 -9.29735e-06 -1.31942e-05 0.0221162 0.0170288 0.0166756 
0.353066 0.23751 0.187312 0.218835 0.277308 0.30007 -0.0440793 -0.055144 -0.0145454 -0.031105 -0.030302 -0.0525665 0.136146 0.14067 0.13966 
2.7777e-34 0.169598 0.272704 0.223555 0.149618 0.0891752 -2.92651e-35 -5.63171e-07 -1.93338e-06 -1.11067e-06 -6.0794e-07 -2.43821e-07 0.00592592 0.00381646 0.00697933 
9.51788e-34 0.706129 0.843653 0.780511 0.513171 0.405067 1.31203e-33 -0.000838176 -0.00260189 -0.00144481 -0.000875267 -0.000350922 0.267931 0.293637 0.243992 
4.1924e-34 5.06422e-34 0.562395 0.313122 0.27858 -2.25724e-35 2.94914e-34 2.95838e-34 -0.0640843 -0.0164566 -0.017066 6.41502e-34 0.0645487 0.0645318 0.0706451 
0.353066 0.388555 0.23751 0.3161 0.30007 0.372092 -0.0440793 -0.0934055 -0.055144 -0.0783239 -0.0525665 -0.0672519 0.136146 0.13632 0.14067 
0.980733 0.860013 0.957142 0.960467 0.96999 0.968627 -0.0740575 -0.0713945 -0.103374 -0.102867 -0.0883898 -0.0845833 0.0700843 0.0210422 0.0540794 
2.49234e-34 0.23751 0.111376 0.174194 0.0701569 0.127135 -7.52785e-34 -0.055144 -0.0406106 -0.0508401 -0.0116426 -0.0180439 0.144667 0.14067 0.135207 
0.776542 0.729304 0.957142 0.884851 0.889568 0.759987 -0.0774218 -0.0392207 -0.103374 -0.0710608 -0.093575 -0.058404 0.0676843 0.0871417 0.0540794 
0.447053 0.495756 0.466274 0.484531 0.457203 0.478217 -4.14543e-05 -4.96509e-05 -3.21018e-05 -4.11323e-05 -3.70118e-05 -4.69958e-05 0.0320185 0.0320234 0.0267677 
0.498825 0.466274 0.495756 0.484531 0.499739 0.494383 -3.71824e-05 -3.21018e-05 -4.96509e-05 -4.11323e-05 -4.31669e-05 -3.60436e-05 0.0274866 0.0267677 0.0320234 
0.530888 0.370248 0.241288 0.310914 0.391964 0.446851 -0.0902167 -0.039028 -0.0187501 -0.029449 -0.0481672 -0.0614043 0.0833393 0.0863816 0.0794524 
0.52494 0.38443 0.370248 0.377401 0.464206 0.460874 -0.0837701 -0.0346264 -0.039028 -0.0375252 -0.0624611 -0.0569383 0.0973492 0.0921372 0.0863816 
0.776542 0.913709 0.562395 0.785708 0.673534 0.869519 -0.0774218 -0.136683 -0.0640843 -0.106368 -0.0748668 -0.107281 0.0676843 0.0478572 0.0706451 
7.41422e-34 7.75842e-34 0.775174 0.458018 0.456625 1.70222e-34 -1.27863e-33 -1.05651e-33 -0.00206286 -0.00075871 -0.000583207 -2.33353e-33 0.268356 0.221599 0.246488 
3.56748e-34 0.370248 0.189144 0.273303 0.0963688 0.179097 3.82225e-34 -0.039028 -0.00688547 -0.0190585 -0.00202319 -0.00924297 0.0820115 0.0863816 0.0883265 
0.998681 0.937248 0.986677 0.995436 0.994224 0.988573 -0.00177608 -0.00076613 -0.000644846 -0.0007878 -0.00116061 -0.00131745 0.282734 0.320898 0.330775 
0.355512 0.18707 0.204629 0.195913 0.286743 0.279326 -1.54171e-05 -5.69433e-06 -4.79879e-06 -5.1932e-06 -1.00126e-05 -1.09248e-05 0.0231912 0.0254419 0.0216337 
0.998681 0.986677 0.749991 0.905316 0.928053 0.994224 -0.00177608 -0.000644846 -0.00057616 -0.000691596 -0.00119022 -0.00116061 0.282734 0.330775 0.318097 
0.499633 0.477839 0.443052 0.462462 0.483443 0.492975 -1.95313e-05 -2.64304e-05 -1.40327e-05 -1.95395e-05 -1.72929e-05 -2.31509e-05 0.0192415 0.0237156 0.0178633 
0.453049 0.329319 0.371236 0.351918 0.417925 0.401121 -9.72616e-05 -0.000853704 0.00587318 0.00312915 0.00445906 -0.00087149 0.11404 0.119975 0.108793 
0.601472 0.357368 0.520326 0.454047 0.559682 0.497676 -0.201696 -0.192177 -0.177087 -0.19298 -0.191092 -0.2094 0.102561 0.11186 0.118299 
0.355512 0.443052 0.477839 0.462462 0.430049 0.404288 -1.54171e-05 -1.40327e-05 -2.64304e-05 -1.95395e-05 -2.15683e-05 -1.52463e-05 0.0231912 0.0178633 0.0237156 
0.371236 0.329319 0.22435 0.281232 0.305329 0.351918 0.00587318 -0.000853704 0.0022499 0.00188126 0.00396172 0.00312915 0.108793 0.119975 0.111589 
0.391234 0.520326 0.357368 0.454047 0.374948 0.457417 -0.151741 -0.177087 -0.192177 -0.19298 -0.174489 -0.169186 0.130203 0.118299 0.11186 
3.0169e-34 0.289149 0.196235 0.244805 0.104198 0.159934 -1.46259e-34 -1.62138e-05 -1.12285e-05 -1.42838e-05 -3.78091e-06 -6.13463e-06 0.029615 0.0290727 0.0338902 
1.06513e-34 -0.0242933 0.0382885 -0.00560962 0.0059579 -0.00682982 1.23309e-34 0.0864849 0.0619581 0.0846032 0.0743474 0.0821028 -0.0224329 0.0055457 -0.00830104 
0.355512 0.434129 0.289149 0.371894 0.323894 0.398632 -1.54171e-05 -3.25347e-05 -1.62138e-05 -2.52721e-05 -1.64908e-05 -2.30988e-05 0.0231912 0.0284132 0.0290727 
1.09659e-33 0.860013 0.842765 0.850095 0.523389 0.560969 -3.48344e-34 -0.0713945 -0.0255751 -0.0381075 -0.00965644 -0.0358417 0.0617448 0.0210422 0.089441 
2.04375e-34 0.151796 0.22435 0.189089 0.121456 0.0804768 -5.24001e-34 0.00135061 0.0022499 0.00185227 0.000784254 0.000378236 0.106312 0.101932 0.111589 
5.06422e-34 0.37618 0.562395 0.485909 0.313122 0.186696 2.95838e-34 -0.0199614 -0.0640843 -0.0376527 -0.0164566 -0.00519201 0.0645318 0.0743105 0.0706451 
0.776542 0.562395 0.37618 0.485909 0.60012 0.673534 -0.0774218 -0.0640843 -0.0199614 -0.0376527 -0.0460188 -0.0748668 0.0676843 0.0706451 0.0743105 
0.998681 0.843653 0.706129 0.780511 0.93585 0.967598 -0.00177608 -0.00260189 -0.000838176 -0.00144481 -0.00156579 -0.00253076 0.282734 0.243992 0.293637 
2.27521e-34 2.20246e-34 0.239006 0.134468 0.129225 5.0204e-35 -6.96939e-34 -6.36511e-34 -0.00686559 -0.00169966 -0.00292086 -1.32548e-33 0.139851 0.128499 0.131468 
0.355512 0.204629 0.29543 0.252108 0.326774 0.286743 -1.54171e-05 -4.79879e-06 -6.31253e-06 -5.88858e-06 -1.01327e-05 -1.00126e-05 0.0231912 0.0216337 0.0170239 
0.356822 0.198962 0.192714 0.195846 0.282509 0.285142 -1.39118e-05 -4.07321e-06 -5.54041e-06 -4.64677e-06 -1.00547e-05 -8.95664e-06 0.0221162 0.0210234 0.0249377 
0.489776 0.466814 0.499978 0.491756 0.497466 0.479939 -2.66287e-06 -4.14512e-06 -3.9188e-06 -4.13584e-06 -3.124e-06 -3.14711e-06 -4.18046e-08 0.00544873 0.0038118 
3.0169e-34 0.18707 0.289149 0.240621 0.159934 0.0989845 -1.46259e-34 -5.69433e-06 -1.62138e-05 -1.01407e-05 -6.13463e-06 -2.8531e-06 0.029615 0.0254419 0.0290727 
0.489775 0.499978 0.462953 0.490649 0.478452 0.497389 -2.70737e-06 -3.9188e-06 -4.32055e-06 -4.2398e-06 -3.24412e-06 -3.15306e-06 4.20904e-08 0.0038118 0.0057763 
3.41629e-34 0.198962 0.293855 0.248648 0.162943 0.105757 8.65122e-35 -4.07321e-06 -5.84921e-06 -5.32551e-06 -2.14536e-06 -1.07289e-06 0.0176493 0.0210234 0.0166756 
2.49234e-34 2.27521e-34 0.187312 0.103607 0.092611 7.15184e-35 -7.52785e-34 -6.96939e-34 -0.0145454 -0.00390142 -0.00674716 -1.40729e-33 0.144667 0.139851 0.13966 
-6.14577e-35 -0.0775016 -0.0252503 -0.0529822 -0.0206884 -0.0434813 -7.84456e-35 0.0212326 0.0236705 0.0256552 0.00727019 0.00877455 0.018582 0.0274172 0.0211392 
0.0348739 0.110063 0.407746 0.239283 0.187954 0.0700909 -0.00352271 -0.104173 -0.164388 -0.129378 -0.0782096 -0.0577189 0.00632231 0.0360648 0.0120246 
2.17415e-34 2.04375e-34 0.22435 0.121456 0.123121 8.40904e-35 -5.7706e-34 -5.24001e-34 0.0022499 0.000784254 0.000669375 -1.10211e-33 0.116998 0.106312 0.111589 
0.0780169 -0.0434304 0.0177896 -0.0154945 0.0378888 0.00169177 -0.110333 -0.0265338 -0.0353949 -0.0318738 -0.0732087 -0.0647829 0.0844113 0.0856373 0.11429 
0.776542 0.37618 0.729304 0.560274 0.759987 0.60012 -0.0774218 -0.0199614 -0.0392207 -0.0299245 -0.058404 -0.0460188 0.0676843 0.0743105 0.0871417 
0.563979 0.562395 0.792113 0.711898 0.695653 0.56799 -0.0828421 -0.0640843 -0.155382 -0.110832 -0.120475 -0.0745166 0.0714412 0.0706451 0.0633743 
1.15061e-33 0.860013 1.09659e-33 0.560969 3.18627e-34 0.587963 -4.62517e-36 -0.0713945 -3.48344e-34 -0.0358417 -4.82511e-35 -0.0921123 -0.073642 0.0210422 0.0617448 
0.319377 0.22435 0.151796 0.189089 0.242872 0.275056 0.00542328 0.0022499 0.00135061 0.00185227 0.00330639 0.00393728 0.102158 0.111589 0.101932 
0.499979 0.499978 0.466814 0.491756 0.491688 0.499979 -6.68153e-06 -3.9188e-06 -4.14512e-06 -4.13584e-06 -5.4142e-06 -5.12034e-06 0.00844875 0.0038118 0.00544873 
0.499979 0.462953 0.499978 0.490649 0.499979 0.490721 -6.68153e-06 -4.32055e-06 -3.9188e-06 -4.2398e-06 -5.12034e-06 -5.5408e-06 0.00844875 0.0057763 0.0038118 
9.57699e-34 8.29891e-34 0.707053 0.409188 0.40338 3.54218e-34 -8.29882e-34 -5.89638e-34 -0.00954134 -0.00328609 -0.00242032 -1.40657e-33 0.173111 0.121967 0.131331 
5.93696e-35 0.111376 0.0177896 0.0637792 0.0121859 0.0448324 -7.01314e-34 -0.0406106 -0.0353949 -0.0401159 -0.0109592 -0.0123676 0.137474 0.135207 0.11429 
0.999186 0.994073 0.700736 0.903821 0.915675 0.997249 -0.018416 -0.0426985 -0.0171474 -0.0304209 -0.0215058 -0.0292256 0.143815 0.100493 0.123111 
9.57699e-34 0.707053 0.836705 0.776515 0.50924 0.40338 -8.29882e-34 -0.00954134 -0.0079652 -0.00921739 -0.00263125 -0.00242032 0.173111 0.131331 0.169717 
0.793972 0.714514 0.680711 0.728402 0.760072 0.753428 -0.20606 -0.211163 -0.135201 -0.177874 -0.174436 -0.212793 0.0587342 0.0788666 0.0745378 
0.356822 0.293855 0.198962 0.248648 0.285142 0.326768 -1.39118e-05 -5.84921e-06 -4.07321e-06 -5.32551e-06 -8.95664e-06 -9.29735e-06 0.0221162 0.0166756 0.0210234 
0.405196 0.407746 0.766851 0.59648 0.626305 0.409714 -0.116092 -0.164388 -0.207841 -0.199596 -0.179533 -0.138627 -0.00579217 0.0120246 0.0249398 
0.980733 0.957142 0.729304 0.884851 0.898 0.96999 -0.0740575 -0.103374 -0.0392207 -0.0710608 -0.0590493 -0.0883898 0.0700843 0.0540794 0.0871417 
1.06513e-34 -6.70263e-35 -0.0242933 -0.00910868 -0.00682982 3.83103e-35 1.23309e-34 9.86655e-35 0.0864849 0.0759576 0.0821028 8.46264e-35 -0.0224329 0.0139066 0.0055457 
0.999186 0.700736 0.644484 0.67462 0.901204 0.915675 -0.018416 -0.0171474 -0.00770196 -0.0111903 -0.0154004 -0.0215058 0.143815 0.123111 0.155702 
0.999186 0.842765 0.994073 0.973585 0.997249 0.966578 -0.018416 -0.0255751 -0.0426985 -0.0407989 -0.0292256 -0.0261158 0.143815 0.089441 0.100493 
0.244891 0.18092 0.380024 0.292409 0.318755 0.213799 -7.2833e-07 -5.73615e-07 -2.3627e-06 -1.42913e-06 -1.347e-06 -6.33177e-07 -6.09047e-08 0.00365989 0.00412654 
0.244888 0.380083 0.169598 0.287897 0.208458 0.318791 -7.87601e-07 -2.47587e-06 -5.63171e-07 -1.49287e-06 -6.6164e-07 -1.43466e-06 7.25446e-08 0.00412543 0.00381646 
0.390373 0.487422 0.443052 0.46924 0.418851 0.450889 -5.61138e-06 -1.01364e-05 -1.40327e-05 -1.21947e-05 -9.07239e-06 -7.91831e-06 0.0108535 0.0127424 0.0178633 
7.27693e-34 0.644484 0.700736 0.67462 0.40149 0.358678 6.62506e-34 -0.00770196 -0.0171474 -0.0111903 -0.00490227 -0.00265942 0.136534 0.155702 0.123111 
0.393338 0.468975 0.477056 0.47303 0.442841 0.436885 0.00687951 0.00697961 0.0100073 0.00858997 0.00858573 0.00722297 0.0929545 0.0859801 0.0926677 
0.383602 0.464757 0.470112 0.467458 0.43395 0.430053 0.000746041 0.00047574 0.00118976 0.000764455 0.000986827 0.000632051 0.0677097 0.062089 0.0679995 
7.75842e-34 0.646307 0.775174 0.714284 0.458018 0.364218 -1.05651e-33 -0.00271265 -0.00206286 -0.0024334 -0.00075871 -0.000701148 0.221599 0.203792 0.246488 
0.998681 0.749991 0.62486 0.690547 0.895009 0.928053 -0.00177608 -0.00057616 -0.000786285 -0.000705338 -0.00152976 -0.00119022 0.282734 0.318097 0.2831 
0.0780169 0.357368 0.338221 0.348014 0.188195 0.214996 -0.110333 -0.192177 -0.200171 -0.20316 -0.157064 -0.161554 0.0844113 0.11186 0.0673468 
8.58141e-34 0.841365 0.644484 0.75264 0.363776 0.507842 8.66595e-34 -0.00643339 -0.00770196 -0.00746445 -0.00194196 -0.00259402 0.177672 0.190005 0.155702 
0.38305 0.461585 0.468732 0.465254 0.43271 0.427652 -4.6745e-05 -2.24961e-05 -5.86136e-05 -4.43249e-05 -5.37986e-05 -4.31402e-05 0.0440784 0.0496449 0.0437017 
2.51907e-34 2.71215e-34 0.3295 0.167136 0.147648 3.58822e-35 3.56025e-34 3.18303e-34 -0.0345217 -0.00901555 -0.00738256 7.04741e-34 0.0749399 0.0671817 0.0757313 
0.999186 0.707053 0.842765 0.779405 0.966578 0.936652 -0.018416 -0.00954134 -0.0255751 -0.0147779 -0.0261158 -0.0174608 0.143815 0.131331 0.089441 
-6.14577e-35 -1.38329e-34 -0.0775016 -0.0584981 -0.0434813 -6.01128e-35 -7.84456e-35 -1.72369e-34 0.0212326 0.00608147 0.00877455 -2.60175e-34 0.018582 0.0360702 0.0274172 
1.88425e-34 3.51703e-34 0.204629 0.109009 0.109005 7.03691e-35 -1.17029e-34 -8.77842e-35 -4.79879e-06 -1.32909e-06 -1.36331e-06 -2.04806e-34 0.0236979 0.0177753 0.0216337 
0.75 0.749991 0.986677 0.905316 0.905307 0.749943 -5.08924e-37 -0.00057616 -0.000644846 -0.000691596 -0.000400551 -0.000311561 0.360214 0.318097 0.330775 
0.368697 0.483368 0.453509 0.46698 0.416265 0.435957 -0.00655916 -0.0252595 0.000366618 -0.00969117 -0.00361749 -0.0152129 0.0965861 0.103884 0.100685 
0.372852 0.452279 0.461024 0.456677 0.423195 0.417141 0.0068039 0.0115242 0.00950693 0.0105622 0.00834502 0.00933109 0.0898622 0.094477 0.0902692 
0.38181 0.460486 0.466712 0.463711 0.430759 0.426496 0.000703837 0.00213113 0.00106785 0.00153382 0.000906807 0.00129439 0.0679164 0.073351 0.0676639 
0.601472 0.613562 0.714514 0.672115 0.658982 0.635961 -0.201696 -0.136486 -0.211163 -0.175283 -0.210848 -0.174342 0.102561 0.0942319 0.0788666 
0.382432 0.459539 0.467579 0.46367 0.431636 0.426008 -4.61483e-05 -5.93476e-05 -5.79507e-05 -6.34586e-05 -5.2375e-05 -5.45228e-05 0.0443493 0.0389398 0.0444076 
0.289149 0.434129 0.342765 0.393339 0.316939 0.371894 -1.62138e-05 -3.25347e-05 -3.02514e-05 -3.2152e-05 -2.24883e-05 -2.52721e-05 0.0290727 0.0284132 0.0332525 
0.499979 0.488246 0.487422 0.499975 0.496839 0.497046 -6.68153e-06 -1.17252e-05 -1.01364e-05 -1.12626e-05 -8.33857e-06 -8.95641e-06 0.00844875 0.0142709 0.0127424 
0.601472 0.5501 0.357368 0.448017 0.497676 0.58496 -0.201696 -0.231878 -0.192177 -0.217204 -0.2094 -0.22175 0.102561 0.0839927 0.11186 
0.49998 0.453658 0.495087 0.47965 0.498779 0.488467 -6.14497e-05 -5.60073e-05 -6.62165e-05 -6.19355e-05 -6.44668e-05 -6.07748e-05 0.0363048 0.0378476 0.0402114 
-4.9362e-35 -6.14577e-35 -0.0252503 -0.0206884 -0.00404472 -1.89373e-36 -4.74394e-35 -7.84456e-35 0.0236705 0.00727019 0.00404366 -1.93953e-34 0.0211082 0.018582 0.0211392 
0.38305 0.468732 0.453658 0.461564 0.42237 0.43271 -4.6745e-05 -5.86136e-05 -5.60073e-05 -6.18694e-05 -5.41505e-05 -5.37986e-05 0.0440784 0.0437017 0.0378476 
0.405196 0.121482 0.0382885 0.0690172 0.169944 0.257393 -0.116092 0.00464684 0.0619581 0.0432131 -0.015618 -0.053554 -0.00579217 -0.0293365 -0.00830104 
-4.9362e-35 -0.0252503 -1.10397e-34 -0.00784886 -1.89594e-34 -0.00404472 -4.74394e-35 0.0236705 3.61547e-35 0.0182063 -3.91081e-36 0.00404366 0.0211082 0.0211392 0.0246661 
0.44087 0.342765 0.434129 0.393339 0.437545 0.397699 -4.27132e-05 -3.02514e-05 -3.25347e-05 -3.2152e-05 -3.83941e-05 -3.71907e-05 0.0329359 0.0332525 0.0284132 
0.563979 0.252939 0.562395 0.40187 0.56799 0.416747 -0.0828421 -0.0185972 -0.0640843 -0.0371402 -0.0745166 -0.0461633 0.0714412 0.0691243 0.0706451 
0.601472 0.714514 0.5501 0.651736 0.58496 0.658982 -0.201696 -0.211163 -0.231878 -0.230864 -0.22175 -0.210848 0.102561 0.0788666 0.0839927 
0.404402 0.427555 0.488246 0.464365 0.456408 0.416379 -5.89096e-06 -1.19438e-05 -1.17252e-05 -1.21019e-05 -8.69687e-06 -8.53367e-06 0.0109417 0.0170288 0.0142709 
9.51788e-34 6.95885e-34 0.706129 0.405579 0.405067 3.06366e-34 1.31203e-33 1.54149e-33 -0.000838176 -0.000210541 -0.000350922 2.85484e-33 0.267931 0.314515 0.293637 
0.38181 0.466712 0.461133 0.464004 0.426862 0.430759 0.000703837 0.00106785 0.000441636 0.000699518 0.000586094 0.000906807 0.0679164 0.0676639 0.0620182 
0.998681 0.997088 0.843653 0.970931 0.967598 0.997896 -0.00177608 -0.00338581 -0.00260189 -0.00337427 -0.00253076 -0.00261118 0.282734 0.246211 0.243992 
0.372852 0.461024 0.457182 0.459237 0.420559 0.423195 0.0068039 0.00950693 0.00663129 0.00810875 0.0070135 0.00834502 0.0898622 0.0902692 0.0852792 
0.999186 0.644484 0.841365 0.75264 0.955772 0.901204 -0.018416 -0.00770196 -0.00643339 -0.00746445 -0.0122121 -0.0154004 0.143815 0.155702 0.190005 
0.499982 0.461133 0.495164 0.48223 0.498733 0.490134 0.000367579 0.000441636 0.00071075 0.000570344 0.000522863 0.000420193 0.0598376 0.0620182 0.0638021 
3.56748e-34 2.51907e-34 0.241288 0.118668 0.106931 5.95269e-35 3.82225e-34 3.56025e-34 -0.0187501 -0.00501299 -0.00357973 7.72843e-34 0.0820115 0.0749399 0.0794524 
-0.0510998 -0.0252503 -0.0775016 -0.0529822 -0.0668357 -0.0419907 0.0571213 0.0236705 0.0212326 0.0256552 0.0395972 0.0428043 0.017976 0.0211392 0.0274172 
0.405196 0.165604 0.407746 0.283737 0.409714 0.268974 -0.116092 -0.0321271 -0.164388 -0.102592 -0.138627 -0.0695861 -0.00579217 -0.00555462 0.0120246 
0.368697 0.489453 0.483368 0.484602 0.435957 0.428664 -0.00655916 -0.0535307 -0.0252595 -0.039359 -0.0152129 -0.0247189 0.0965861 0.100924 0.103884 
0.499949 0.457182 0.493444 0.479172 0.49796 0.4882 0.00659259 0.00663129 0.00857833 0.00764281 0.00757967 0.00684705 0.083362 0.0852792 0.0870968 
0.503638 0.453509 0.500856 0.48232 0.502971 0.490477 -3.4713e-06 0.000366618 -0.0129513 -0.00557265 -0.00572633 -0.000180675 0.106744 0.100685 0.106902 
0.989931 0.843653 0.997088 0.970931 0.994057 0.978073 -0.00579461 -0.00260189 -0.00338581 -0.00337427 -0.0043164 -0.00467573 0.211324 0.243992 0.246211 
0.998681 0.62486 0.775174 0.704686 0.935008 0.895009 -0.00177608 -0.000786285 -0.00206286 -0.00123572 -0.00225868 -0.00152976 0.282734 0.2831 0.246488 
0.879245 0.766851 0.792113 0.83862 0.842229 0.847204 -0.170593 -0.207841 -0.155382 -0.198256 -0.166065 -0.197769 0.0460535 0.0249398 0.0633743 
0.143182 0.0177896 0.111376 0.0637792 0.127694 0.0731889 -0.103668 -0.0353949 -0.0406106 -0.0401159 -0.0719255 -0.0691261 0.120864 0.11429 0.135207 
1.06513e-34 0.0382885 0.121482 0.0690172 0.0145176 0.0059579 1.23309e-34 0.0619581 0.00464684 0.0432131 0.0486266 0.0743474 -0.0224329 -0.00830104 -0.0293365 
0.533797 0.523442 0.489453 0.514455 0.538349 0.533411 -0.116405 -0.0628596 -0.0535307 -0.0597968 -0.0857194 -0.0884669 0.119031 0.110498 0.100924 
4.1924e-34 0.562395 0.252939 0.40187 0.134024 0.27858 2.94914e-34 -0.0640843 -0.0185972 -0.0371402 -0.00587749 -0.017066 0.0645487 0.0706451 0.0691243 
0.52494 0.613562 0.582025 0.605354 0.571259 0.567731 -0.0837701 -0.136486 -0.142988 -0.143584 -0.11405 -0.108763 0.0973492 0.0942319 0.109335 
0.601472 0.582025 0.613562 0.605354 0.635961 0.596113 -0.201696 -0.142988 -0.136486 -0.143584 -0.174342 -0.173148 0.102561 0.109335 0.0942319 
0.44087 0.434129 0.491722 0.469793 0.47209 0.437545 -4.27132e-05 -3.25347e-05 -4.90786e-05 -4.10207e-05 -4.66054e-05 -3.83941e-05 0.0329359 0.0284132 0.0317628 
2.27521e-34 0.239006 0.187312 0.215486 0.103607 0.129225 -6.96939e-34 -0.00686559 -0.0145454 -0.0107995 -0.00390142 -0.00292086 0.139851 0.131468 0.13966 
0.0348739 0.407746 0.165604 0.283737 0.0932749 0.187954 -0.00352271 -0.164388 -0.0321271 -0.102592 -0.0112245 -0.0782096 0.00632231 0.0120246 -0.00555462 
0.382432 0.467579 0.461597 0.464647 0.427406 0.431636 -4.61483e-05 -5.79507e-05 -1.83122e-05 -4.37273e-05 -4.19609e-05 -5.2375e-05 0.0443493 0.0444076 0.0499582 
0.272704 0.169598 0.380083 0.287897 0.330649 0.223555 -1.93338e-06 -5.63171e-07 -2.47587e-06 -1.49287e-06 -2.28805e-06 -1.11067e-06 0.00697933 0.00381646 0.00412543 
0.273383 0.380024 0.18092 0.292409 0.229124 0.330908 -1.8212e-06 -2.3627e-06 -5.73615e-07 -1.42913e-06 -1.07142e-06 -2.17639e-06 0.00695244 0.00412654 0.00365989 
6.09549e-34 8.63076e-34 0.729304 0.425413 0.39965 3.41477e-35 3.61979e-34 4.83559e-34 -0.0392207 -0.0117933 -0.0147559 8.78141e-34 0.077632 0.102925 0.0871417 
0.75 0.437619 0.749991 0.609353 0.749943 0.60945 -5.08924e-37 -0.000105245 -0.00057616 -0.000254214 -0.000311561 -9.70883e-05 0.360214 0.337291 0.318097 
0.408148 0.380024 0.466814 0.430163 0.441137 0.394555 -1.83919e-06 -2.3627e-06 -4.14512e-06 -3.24631e-06 -2.65725e-06 -1.98759e-06 -8.66189e-08 0.00412654 0.00544873 
0.408146 0.462953 0.380083 0.427434 0.394581 0.438608 -1.92302e-06 -4.32055e-06 -2.47587e-06 -3.37998e-06 -2.08261e-06 -2.75959e-06 9.19981e-08 0.0057763 0.00412543 
0.793972 0.792113 0.766851 0.83862 0.79771 0.805478 -0.20606 -0.155382 -0.207841 -0.198256 -0.214722 -0.184103 0.0587342 0.0633743 0.0249398 
0.383602 0.470112 0.462924 0.466573 0.428692 0.43395 0.000746041 0.00118976 0.00223841 0.0016566 0.00136479 0.000986827 0.0677097 0.0679995 0.0733759 
0.998681 0.706129 0.937248 0.842957 0.988573 0.93585 -0.00177608 -0.000838176 -0.00076613 -0.000923347 -0.00131745 -0.00156579 0.282734 0.293637 0.320898 
3.41629e-34 1.87986e-34 0.198962 0.10576 0.105757 7.7643e-35 8.65122e-35 1.15364e-34 -4.07321e-06 -1.04982e-06 -1.07289e-06 2.01882e-34 0.0176493 0.0235347 0.0210234 
0.499981 0.461597 0.495335 0.482546 0.498801 0.490335 2.97164e-05 -1.83122e-05 -3.7314e-05 -3.05067e-05 -9.60736e-06 2.54045e-06 0.0519515 0.0499582 0.0480064 
0.989931 0.99955 0.841365 0.964495 0.977615 0.996467 -0.00579461 -0.0104221 -0.00643339 -0.00925117 -0.00743626 -0.00818675 0.211324 0.17862 0.190005 
0.393338 0.477056 0.463909 0.470965 0.433161 0.442841 0.00687951 0.0100073 0.0105276 0.0106172 0.00905464 0.00858573 0.0929545 0.0926677 0.100383 
7.27693e-34 8.58141e-34 0.644484 0.363776 0.358678 3.60724e-34 6.62506e-34 8.66595e-34 -0.00770196 -0.00194196 -0.00265942 1.53876e-33 0.136534 0.177672 0.155702 
0.408148 0.244891 0.380024 0.318755 0.394555 0.336724 -1.83919e-06 -7.2833e-07 -2.3627e-06 -1.347e-06 -1.98759e-06 -1.29425e-06 -8.66189e-08 -6.09047e-08 0.00412654 
0.244888 0.408146 0.380083 0.394581 0.318791 0.33672 -7.87601e-07 -1.92302e-06 -2.47587e-06 -2.08261e-06 -1.43466e-06 -1.37686e-06 7.25446e-08 9.19981e-08 0.00412543 
0.530888 0.241288 0.3295 0.282363 0.444197 0.391964 -0.0902167 -0.0187501 -0.0345217 -0.02596 -0.0618985 -0.0481672 0.0833393 0.0794524 0.0757313 
-3.53737e-34 0.586409 6.95885e-34 0.32497 4.90351e-34 0.325157 8.86232e-34 -0.000237526 1.54149e-33 -8.91191e-05 3.31416e-33 -4.77235e-05 0.3616 0.330758 0.314515 
6.95885e-34 0.586409 0.706129 0.648907 0.405579 0.32497 1.54149e-33 -0.000237526 -0.000838176 -0.000452474 -0.000210541 -8.91191e-05 0.314515 0.330758 0.293637 
0.499979 0.466814 0.477889 0.472632 0.494457 0.491688 -6.68153e-06 -4.14512e-06 -7.10442e-06 -5.45647e-06 -7.02795e-06 -5.4142e-06 0.00844875 0.00544873 0.00994209 
0.404402 0.477889 0.466814 0.472632 0.439643 0.447588 -5.89096e-06 -7.10442e-06 -4.14512e-06 -5.45647e-06 -5.03037e-06 -6.65052e-06 0.0109417 0.00994209 0.00544873 
7.27774e-34 0.62486 0.749991 0.690547 0.43758 0.349756 -1.49775e-33 -0.000786285 -0.00057616 -0.000705338 -0.000172797 -0.000190362 0.314457 0.2831 0.318097 
1 0.75 0.986677 0.905307 0.996662 0.9375 -8.22648e-37 -5.08924e-37 -0.000644846 -0.000400551 -0.000458008 -1.37058e-36 0.360853 0.360214 0.330775 
0.999186 0.841365 0.99955 0.964495 0.999768 0.955772 -0.018416 -0.00643339 -0.0104221 -0.00925117 -0.0134914 -0.0122121 0.143815 0.190005 0.17862 
1.87971e-34 1.85415e-34 0.201289 0.106846 0.107447 7.96733e-35 -4.08988e-34 -3.78433e-34 0.000805648 0.000212655 0.000266276 -7.87994e-34 0.0829045 0.0766844 0.08002 
0.499979 0.462924 0.495694 0.483338 0.499024 0.491062 0.00320193 0.00223841 0.0020358 0.00216745 0.00258111 0.00278396 0.0754806 0.0733759 0.0714736 
1.82882e-34 1.83716e-34 0.198317 0.105351 0.105355 7.86693e-35 -2.91426e-34 -2.62595e-34 9.86286e-06 -1.02163e-06 2.72663e-06 -5.54045e-34 0.0590153 0.0531751 0.0562949 
0.989931 0.775174 0.646307 0.714284 0.879795 0.91719 -0.00579461 -0.00206286 -0.00271265 -0.0024334 -0.00497942 -0.00390974 0.211324 0.246488 0.203792 
1.79855e-34 1.82485e-34 0.197854 0.105156 0.105158 7.94727e-35 2.60259e-34 2.89513e-34 3.93478e-06 2.19454e-06 -1.70087e-06 5.49752e-34 0.0530934 0.0590591 0.055835 
1.78072e-34 1.78821e-34 0.195541 0.103444 0.103991 7.8086e-35 3.76842e-34 4.04583e-34 0.000742178 0.000236103 0.000191691 7.80905e-34 0.0768302 0.0824605 0.0793697 
1.6e-34 1.54809e-34 0.178541 0.0910808 0.0933366 6.32372e-35 4.65485e-34 4.71423e-34 0.00305598 0.000913301 0.000923215 9.35165e-34 0.0947211 0.095927 0.0951853 
-4.97829e-35 5.93696e-35 0.0177896 0.0121859 -0.0145235 -3.51915e-35 -5.60428e-34 -7.01314e-34 -0.0353949 -0.0109592 -0.0107943 -1.2257e-33 0.110387 0.137474 0.11429 
0.595876 0.675572 0.407746 0.556295 0.518616 0.634923 -0.236175 -0.226909 -0.164388 -0.209114 -0.216391 -0.233325 0.0608879 0.0394711 0.0120246 
1.4154e-34 3.56748e-34 0.189144 0.0963688 0.0904981 5.12583e-35 4.32021e-34 3.82225e-34 -0.00688547 -0.00202319 -0.00152981 8.36941e-34 0.0884352 0.0820115 0.0883265 
1.73238e-34 3.0169e-34 0.196235 0.104198 0.10419 8.17121e-35 -1.75446e-34 -1.46259e-34 -1.12285e-05 -3.78091e-06 -3.76464e-06 -3.21691e-34 0.0355268 0.029615 0.0338902 
0.356822 0.466274 0.472712 0.469578 0.426134 0.421031 -1.39118e-05 -3.21018e-05 -2.06921e-05 -2.58541e-05 -1.79247e-05 -2.23806e-05 0.0221162 0.0267677 0.0211432 
0.937248 0.706129 0.586409 0.648907 0.800353 0.842957 -0.00076613 -0.000838176 -0.000237526 -0.000452474 -0.000506701 -0.000923347 0.320898 0.293637 0.330758 
0.50052 0.463909 0.500451 0.490073 0.500871 0.494274 0.0120233 0.0105276 0.0121427 0.0118021 0.0123074 0.0116442 0.0985895 0.100383 0.0954979 
1 0.986677 0.937248 0.995436 0.984288 0.996662 -8.22648e-37 -0.000644846 -0.00076613 -0.0007878 -0.00057246 -0.000458008 0.360853 0.330775 0.320898 
-1.33354e-34 -4.97829e-35 -0.0434304 -0.034639 -0.0530846 -9.45802e-35 -3.68157e-34 -5.60428e-34 -0.0265338 -0.00815054 -0.0047765 -8.96849e-34 0.0726288 0.110387 0.0856373 
6.09549e-34 0.729304 0.37618 0.560274 0.202799 0.39965 3.61979e-34 -0.0392207 -0.0199614 -0.0299245 -0.00612345 -0.0147559 0.077632 0.0871417 0.0743105 
-3.53737e-34 0.75 0.586409 0.67336 0.325157 0.4375 8.86232e-34 -4.39328e-37 -0.000237526 -0.000155691 -4.77235e-05 -1.31484e-37 0.3616 0.361555 0.330758 
1.84496e-34 1.8375e-34 0.202165 0.107616 0.107602 7.35364e-35 2.02095e-34 2.31128e-34 -1.78745e-05 -5.84054e-06 -6.02064e-06 4.33228e-34 0.0412288 0.0471517 0.0441667 
3.34205e-34 1.82061e-34 0.202153 0.107594 0.107586 7.34055e-35 1.4423e-34 1.73139e-34 -1.14775e-05 -3.70168e-06 -3.86899e-06 3.17385e-34 0.0294257 0.0353214 0.0334727 
1.80797e-34 1.8036e-34 0.197152 0.104698 0.104825 7.97874e-35 3.18818e-34 3.48089e-34 0.000170118 5.78557e-05 4.06012e-05 6.66762e-34 0.0650294 0.0709905 0.06799 
1.73556e-34 1.6864e-34 0.189188 0.0988806 0.100369 7.3768e-35 4.29748e-34 4.50889e-34 0.00196638 0.000642812 0.000565324 8.79425e-34 0.0875281 0.0917935 0.0895991 
1.46061e-34 1.42258e-34 0.170241 0.0847655 0.0854159 5.27697e-35 4.67429e-34 4.5298e-34 0.000732885 0.000225423 0.000518283 9.20676e-34 0.0952003 0.0923784 0.0941652 
1.94311e-34 1.94626e-34 0.209837 0.111798 0.11335 8.14049e-35 -4.79848e-34 -4.42169e-34 0.00208054 0.000598017 0.000665337 -9.2327e-34 0.0973481 0.0896931 0.0936349 
1.8331e-34 1.83909e-34 0.198164 0.105191 0.105329 7.95685e-35 -3.49051e-34 -3.20207e-34 0.000182816 4.42022e-05 6.18021e-05 -6.69412e-34 0.0707037 0.0648523 0.067798 
1.82975e-34 1.81354e-34 0.197591 0.104964 0.10495 7.97638e-35 -2.33641e-34 -2.04584e-34 -1.85529e-05 -5.88298e-06 -5.67729e-06 -4.3822e-34 0.0473108 0.0414268 0.0443706 
0.563979 0.680711 0.3295 0.522668 0.443978 0.633028 -0.0828421 -0.135201 -0.0345217 -0.080522 -0.0571033 -0.109035 0.0714412 0.0745378 0.0757313 
0.533797 0.479113 0.523442 0.514997 0.533411 0.504792 -0.116405 -0.0710567 -0.0628596 -0.0717413 -0.0884669 -0.0949342 0.119031 0.126197 0.110498 
0.512061 0.523442 0.479113 0.514997 0.504726 0.517187 -0.0386617 -0.0628596 -0.0710567 -0.0717413 -0.055017 -0.0508772 0.112917 0.110498 0.126197 
0.530888 0.680711 0.714514 0.728402 0.671223 0.605531 -0.0902167 -0.135201 -0.211163 -0.177874 -0.154389 -0.113262 0.0833393 0.0745378 0.0788666 
0.405196 0.0382885 0.165604 0.0963855 0.268974 0.169944 -0.116092 0.0619581 -0.0321271 0.0180558 -0.0695861 -0.015618 -0.00579217 -0.00830104 -0.00555462 
0.499979 0.477889 0.488246 0.483474 0.497046 0.494457 -6.68153e-06 -7.10442e-06 -1.17252e-05 -9.14919e-06 -8.95641e-06 -7.02795e-06 0.00844875 0.00994209 0.0142709 
-4.35772e-34 7.27774e-34 0.437619 0.234482 0.234407 6.19427e-34 -8.57492e-34 -1.49775e-33 -0.000105245 -6.41427e-05 -2.98768e-05 -3.21245e-33 0.360136 0.314457 0.337291 
0.999186 0.836705 0.707053 0.776515 0.936652 0.963959 -0.018416 -0.0079652 -0.00954134 -0.00921739 -0.0174608 -0.0139068 0.143815 0.169717 0.131331 
0.353066 0.187312 0.239006 0.215486 0.304984 0.277308 -0.0440793 -0.0145454 -0.00686559 -0.0107995 -0.0215463 -0.030302 0.136146 0.13966 0.131468 
0.530888 0.3295 0.680711 0.522668 0.605531 0.444197 -0.0902167 -0.0345217 -0.135201 -0.080522 -0.113262 -0.0618985 0.0833393 0.0757313 0.0745378 
0.404402 0.488246 0.477889 0.483474 0.447588 0.456408 -5.89096e-06 -1.17252e-05 -7.10442e-06 -9.14919e-06 -6.65052e-06 -8.69687e-06 0.0109417 0.0142709 0.00994209 
5.93696e-35 2.49234e-34 0.111376 0.0701569 0.0448324 1.93661e-35 -7.01314e-34 -7.52785e-34 -0.0406106 -0.0116426 -0.0123676 -1.39161e-33 0.137474 0.144667 0.135207 
7.27774e-34 0.749991 0.437619 0.609353 0.234482 0.43758 -1.49775e-33 -0.00057616 -0.000105245 -0.000254214 -6.41427e-05 -0.000172797 0.314457 0.318097 0.337291 
1.87971e-34 0.201289 0.155019 0.17856 0.0808809 0.107447 -4.08988e-34 0.000805648 0.000816981 0.000823208 0.000227455 0.000266276 0.0829045 0.08002 0.0863455 
0.75 0.937248 0.586409 0.800353 0.67336 0.859243 -4.39328e-37 -0.00076613 -0.000237526 -0.000506701 -0.000155691 -0.000414405 0.361555 0.320898 0.330758 
0.314336 0.155019 0.201289 0.17856 0.260732 0.2409 0.00321347 0.000816981 0.000805648 0.000823208 0.00178471 0.00192915 0.0864425 0.0863455 0.08002 
1.82882e-34 0.198317 0.149316 0.174266 0.0779179 0.105355 -2.91426e-34 9.86286e-06 3.83313e-05 2.48147e-05 8.10967e-06 2.72663e-06 0.0590153 0.0562949 0.0619402 
0.0348739 0.165604 0.0382885 0.0963855 0.0445147 0.0932749 -0.00352271 -0.0321271 0.0619581 0.0180558 0.0352328 -0.0112245 0.00632231 -0.00555462 -0.00830104 
7.27774e-34 7.41422e-34 0.62486 0.350249 0.349756 4.30598e-34 -1.49775e-33 -1.27863e-33 -0.000786285 -0.000287227 -0.000190362 -2.77551e-33 0.314457 0.268356 0.2831 
0.307517 0.149316 0.198317 0.174266 0.255923 0.23429 0.000179821 3.83313e-05 9.86286e-06 2.48147e-05 6.44551e-05 0.000100565 0.0621025 0.0619402 0.0562949 
1.87986e-34 3.34205e-34 0.192714 0.102197 0.102194 8.58332e-35 1.15364e-34 1.4423e-34 -5.54041e-06 -2.95274e-06 -1.44001e-06 2.59609e-34 0.0235347 0.0294257 0.0249377 
7.75842e-34 9.57699e-34 0.646307 0.366171 0.364218 4.17037e-34 -1.05651e-33 -8.29882e-34 -0.00271265 -0.00129942 -0.000701148 -1.88062e-33 0.221599 0.173111 0.203792 
0.23751 0.388555 0.25239 0.327268 0.246287 0.3161 -0.055144 -0.0934055 -0.105242 -0.104513 -0.0792123 -0.0783239 0.14067 0.13632 0.135343 
0.530888 0.714514 0.613562 0.672115 0.586807 0.671223 -0.0902167 -0.211163 -0.136486 -0.175283 -0.116356 -0.154389 0.0833393 0.0788666 0.0942319 
0.563979 0.3295 0.252939 0.296071 0.416747 0.443978 -0.0828421 -0.0345217 -0.0185972 -0.0267018 -0.0461633 -0.0571033 0.0714412 0.0757313 0.0691243 
1.82485e-34 0.146189 0.197854 0.172543 0.105156 0.0762851 2.89513e-34 3.23464e-05 3.93478e-06 1.91069e-05 2.19454e-06 7.765e-06 0.0590591 0.0620395 0.055835 
1.79855e-34 0.197854 0.146241 0.172564 0.0762925 0.105158 2.60259e-34 3.93478e-06 -8.0314e-06 -3.86576e-06 -2.18179e-06 -1.70087e-06 0.0530934 0.055835 0.0501208 
1.78821e-34 0.14248 0.195541 0.16956 0.103444 0.0744188 4.04583e-34 0.000739229 0.000742178 0.0007771 0.000236103 0.000195826 0.0824605 0.0849482 0.0793697 
1.78072e-34 0.195541 0.14541 0.171116 0.0757197 0.103991 3.76842e-34 0.000742178 0.000222946 0.000411832 7.84326e-05 0.000191691 0.0768302 0.0793697 0.0738936 
1.54809e-34 0.124873 0.178541 0.151653 0.0910808 0.0637217 4.71423e-34 0.00147274 0.00305598 0.00229688 0.000913301 0.000455399 0.095927 0.0955023 0.0951853 
1.6e-34 0.178541 0.135131 0.157426 0.0688853 0.0933366 4.65485e-34 0.00305598 0.00151776 0.00214771 0.000476392 0.000923215 0.0947211 0.0951853 0.093175 
0.306455 0.146241 0.197854 0.172564 0.255171 0.232351 -2.39262e-05 -8.0314e-06 3.93478e-06 -3.86576e-06 -7.61477e-06 -1.6315e-05 0.0498802 0.0501208 0.055835 
0.304935 0.14541 0.195541 0.171116 0.253225 0.231076 0.000919858 0.000222946 0.000742178 0.000411832 0.000920543 0.000547743 0.0736614 0.0738936 0.0793697 
0.330431 0.197854 0.146189 0.172543 0.246697 0.268939 0.000162394 3.93478e-06 3.23464e-05 1.91069e-05 9.20648e-05 5.40605e-05 0.0611793 0.055835 0.0620395 
0.290943 0.135131 0.178541 0.157426 0.237117 0.217814 0.00593176 0.00151776 0.00305598 0.00214771 0.00468784 0.00360712 0.093239 0.093175 0.0951853 
0.325126 0.195541 0.14248 0.16956 0.24166 0.265187 0.00325709 0.000742178 0.000739229 0.0007771 0.00195358 0.00177782 0.0843067 0.0793697 0.0849482 
0.305506 0.178541 0.124873 0.151653 0.220186 0.244664 0.00527645 0.00305598 0.00147274 0.00229688 0.00354184 0.00482188 0.0963847 0.0951853 0.0955023 
9.57699e-34 0.836705 0.646307 0.750116 0.366171 0.50924 -8.29882e-34 -0.0079652 -0.00271265 -0.00458577 -0.00129942 -0.00263125 0.173111 0.169717 0.203792 
0.595876 0.5501 0.714514 0.651736 0.678745 0.572287 -0.236175 -0.231878 -0.211163 -0.230864 -0.232803 -0.236175 0.0608879 0.0839927 0.0788666 
0.33096 0.198317 0.147014 0.173158 0.247346 0.269401 -1.77776e-05 9.86286e-06 -8.69807e-06 -3.0431e-06 -1.61213e-05 2.94558e-06 0.0509783 0.0562949 0.0502915 
1.83716e-34 0.147014 0.198317 0.173158 0.105351 0.0766812 -2.62595e-34 -8.69807e-06 9.86286e-06 -3.0431e-06 -1.02163e-06 -1.72683e-06 0.0531751 0.0502915 0.0562949 
0.329319 0.173886 0.22435 0.200511 0.281232 0.258794 -0.000853704 -0.000272587 0.0022499 0.00103549 0.00188126 -0.000505431 0.119975 0.122711 0.111589 
1.16907e-34 0.169598 2.7777e-34 0.0891752 1.13776e-34 0.0891756 -6.04148e-40 -5.63171e-07 -2.92651e-35 -2.43821e-07 -2.92647e-35 -1.62982e-07 1.47875e-07 0.00381646 0.00592592 
2.71215e-34 0.252939 0.3295 0.296071 0.167136 0.116962 3.18303e-34 -0.0185972 -0.0345217 -0.0267018 -0.00901555 -0.00479843 0.0671817 0.0691243 0.0757313 
0.405196 0.514983 0.121482 0.27657 0.257393 0.445946 -0.116092 -0.133681 0.00464684 -0.0664942 -0.053554 -0.119591 -0.00579217 -0.0264074 -0.0293365 
2.17415e-34 0.22435 0.173886 0.200511 0.09307 0.123121 -5.7706e-34 0.0022499 -0.000272587 0.00103549 7.08933e-05 0.000669375 0.116998 0.111589 0.122711 
1.18661e-34 2.76936e-34 0.18092 0.0955184 0.095518 1.00226e-34 -5.49598e-40 2.88339e-35 -5.73615e-07 -2.52305e-07 -1.72957e-07 2.88343e-35 -1.28105e-07 0.00588235 0.00365989 
0.332991 0.201289 0.147068 0.174542 0.248602 0.271984 0.00127463 0.000805648 0.000240311 0.000450062 0.000699128 0.0011426 0.0743956 0.08002 0.0737565 
0.391234 0.25239 0.388555 0.327268 0.38902 0.320283 -0.151741 -0.105242 -0.0934055 -0.104513 -0.122589 -0.132326 0.130203 0.135343 0.13632 
1.84496e-34 0.202165 0.152996 0.178049 0.079991 0.107602 2.02095e-34 -1.78745e-05 -9.17848e-06 -1.24513e-05 -2.93062e-06 -6.02064e-06 0.0412288 0.0441667 0.0385265 
1.85415e-34 0.147068 0.201289 0.174542 0.106846 0.0768362 -3.78433e-34 0.000240311 0.000805648 0.000450062 0.000212655 8.23502e-05 0.0766844 0.0737565 0.08002 
1.94626e-34 0.155019 0.209837 0.182625 0.111798 0.0816185 -4.42169e-34 0.000816981 0.00208054 0.00131565 0.000598017 0.00027165 0.0896931 0.0863455 0.0936349 
1.8375e-34 0.146241 0.202165 0.174808 0.107616 0.0762853 2.31128e-34 -8.0314e-06 -1.78745e-05 -1.25626e-05 -5.84054e-06 -3.0072e-06 0.0471517 0.0501208 0.0441667 
1.94311e-34 0.209837 0.151796 0.181761 0.0792389 0.11335 -4.79848e-34 0.00208054 0.00135061 0.00172791 0.000383849 0.000665337 0.0973481 0.0936349 0.101932 
1.83909e-34 0.149316 0.198164 0.174139 0.105191 0.0779541 -3.20207e-34 3.83313e-05 0.000182816 9.12751e-05 4.42022e-05 1.52256e-05 0.0648523 0.0619402 0.067798 
1.80797e-34 0.197152 0.146189 0.17222 0.076253 0.104825 3.18818e-34 0.000170118 3.23464e-05 8.09369e-05 1.3796e-05 4.06012e-05 0.0650294 0.06799 0.0620395 
1.8036e-34 0.14541 0.197152 0.171815 0.104698 0.0759293 3.48089e-34 0.000222946 0.000170118 0.000203926 5.78557e-05 5.861e-05 0.0709905 0.0738936 0.06799 
1.73556e-34 0.189188 0.14248 0.166603 0.0737301 0.100369 4.29748e-34 0.00196638 0.000739229 0.00119399 0.000246731 0.000565324 0.0875281 0.0895991 0.0849482 
1.6864e-34 0.135131 0.189188 0.16253 0.0988806 0.0703012 4.50889e-34 0.00151776 0.00196638 0.00176115 0.000642812 0.000442446 0.0917935 0.093175 0.0895991 
1.46061e-34 0.170241 0.124873 0.146908 0.0623448 0.0854159 4.67429e-34 0.000732885 0.00147274 0.00122415 0.00038633 0.000518283 0.0952003 0.0941652 0.0955023 
1.8331e-34 0.198164 0.147068 0.173087 0.0766123 0.105329 -3.49051e-34 0.000182816 0.000240311 0.00021682 6.22858e-05 6.18021e-05 0.0707037 0.067798 0.0737565 
1.42258e-34 0.121948 0.170241 0.145734 0.0847655 0.0594182 4.5298e-34 -0.00152891 0.000732885 -0.000663941 0.000225423 -0.000205023 0.0923784 0.0908932 0.0941652 
1.81354e-34 0.144243 0.197591 0.17146 0.104964 0.0751732 -2.04584e-34 -8.52533e-06 -1.85529e-05 -1.21762e-05 -5.88298e-06 -2.61959e-06 0.0414268 0.038477 0.0443706 
1.82975e-34 0.197591 0.147014 0.172788 0.0766876 0.10495 -2.33641e-34 -1.85529e-05 -8.69807e-06 -1.33267e-05 -2.71482e-06 -5.67729e-06 0.0473108 0.0443706 0.0502915 
0.353066 0.479113 0.388555 0.442103 0.372092 0.424827 -0.0440793 -0.0710567 -0.0934055 -0.0843793 -0.0672519 -0.0603385 0.136146 0.126197 0.13632 
0.498825 0.497462 0.466274 0.486318 0.494383 0.499914 -3.71824e-05 -2.88463e-05 -3.21018e-05 -3.11838e-05 -3.60436e-05 -3.30149e-05 0.0274866 0.0239962 0.0267677 
1.18661e-34 0.18092 0.244891 0.213799 0.13265 0.095518 -5.49598e-40 -5.73615e-07 -7.2833e-07 -6.33177e-07 -2.36167e-07 -1.72957e-07 -1.28105e-07 0.00365989 -6.09047e-08 
0.0780169 0.338221 0.110063 0.219987 0.0858873 0.188195 -0.110333 -0.200171 -0.104173 -0.158367 -0.111895 -0.157064 0.0844113 0.0673468 0.0360648 
1.16907e-34 0.244888 0.169598 0.208458 0.0891756 0.132648 -6.04148e-40 -7.87601e-07 -5.63171e-07 -6.6164e-07 -1.62982e-07 -2.5365e-07 1.47875e-07 7.25446e-08 0.00381646 
0.355512 0.477839 0.434129 0.45889 0.398632 0.430049 -1.54171e-05 -2.64304e-05 -3.25347e-05 -2.97429e-05 -2.30988e-05 -2.15683e-05 0.0231912 0.0237156 0.0284132 
2.51907e-34 0.3295 0.241288 0.282363 0.118668 0.147648 3.56025e-34 -0.0345217 -0.0187501 -0.02596 -0.00501299 -0.00738256 0.0749399 0.0757313 0.0794524 
0.353066 0.239006 0.403988 0.332073 0.381925 0.304984 -0.0440793 -0.00686559 -0.0188869 -0.0139478 -0.0307042 -0.0215463 0.136146 0.131468 0.126639 
0.329319 0.403988 0.239006 0.332073 0.287714 0.371601 -0.000853704 -0.0188869 -0.00686559 -0.0139478 -0.00451366 -0.00771439 0.119975 0.126639 0.131468 
0.533797 0.582025 0.520326 0.564234 0.532581 0.55699 -0.116405 -0.142988 -0.177087 -0.163573 -0.147532 -0.131189 0.119031 0.109335 0.118299 
3.0169e-34 1.88425e-34 0.18707 0.0989879 0.0989845 9.34763e-35 -1.46259e-34 -1.17029e-34 -5.69433e-06 -1.534e-06 -2.8531e-06 -2.63275e-34 0.029615 0.0236979 0.0254419 
0.499633 0.497462 0.477839 0.497547 0.492975 0.49973 -1.95313e-05 -2.88463e-05 -2.64304e-05 -2.84493e-05 -2.31509e-05 -2.39856e-05 0.0192415 0.0239962 0.0237156 
0.498825 0.477839 0.497462 0.497547 0.499914 0.491628 -3.71824e-05 -2.64304e-05 -2.88463e-05 -2.84493e-05 -3.30149e-05 -3.20131e-05 0.0274866 0.0237156 0.0239962 
0.489775 0.489776 0.499978 0.497466 0.497389 0.499979 -2.70737e-06 -2.66287e-06 -3.9188e-06 -3.124e-06 -3.15306e-06 -2.83166e-06 4.20904e-08 -4.18046e-08 0.0038118 
0.329319 0.239006 0.173886 0.209718 0.258794 0.287714 -0.000853704 -0.00686559 -0.000272587 -0.00250995 -0.000505431 -0.00451366 0.119975 0.131468 0.122711 
2.20246e-34 0.173886 0.239006 0.209718 0.134468 0.0928564 -6.36511e-34 -0.000272587 -0.00686559 -0.00250995 -0.00169966 -0.000361619 0.128499 0.122711 0.131468 
0.356822 0.472712 0.427555 0.452837 0.395172 0.426134 -1.39118e-05 -2.06921e-05 -1.19438e-05 -1.59825e-05 -1.31942e-05 -1.79247e-05 0.0221162 0.0211432 0.0170288 
7.41422e-34 0.775174 0.62486 0.704686 0.350249 0.456625 -1.27863e-33 -0.00206286 -0.000786285 -0.00123572 -0.000287227 -0.000583207 0.268356 0.246488 0.2831 
0.998681 0.775174 0.997088 0.930266 0.997896 0.935008 -0.00177608 -0.00206286 -0.00338581 -0.00300604 -0.00261118 -0.00225868 0.282734 0.246488 0.246211 
0.989931 0.997088 0.775174 0.930266 0.91719 0.994057 -0.00579461 -0.00338581 -0.00206286 -0.00300604 -0.00390974 -0.0043164 0.211324 0.246211 0.246488 
0.489104 0.403988 0.453049 0.432099 0.473799 0.454736 -0.020154 -0.0188869 -9.72616e-05 -0.00852029 -0.0081836 -0.0211003 0.117128 0.126639 0.11404 
0.329319 0.453049 0.403988 0.432099 0.371601 0.401121 -0.000853704 -9.72616e-05 -0.0188869 -0.00852029 -0.00771439 -0.00087149 0.119975 0.11404 0.126639 
1.15061e-33 1.06513e-34 0.121482 0.0145176 0.0937337 3.827e-34 -4.62517e-36 1.23309e-34 0.00464684 0.0486266 -0.003776 1.11815e-34 -0.073642 -0.0224329 -0.0293365 
0.33096 0.36128 0.198317 0.287601 0.269401 0.346475 -1.77776e-05 8.32789e-05 9.86286e-06 4.33194e-05 2.94558e-06 1.62863e-05 0.0509783 0.0572042 0.0562949 
0.332991 0.365391 0.201289 0.291405 0.271984 0.349432 0.00127463 0.00289965 0.000805648 0.00177322 0.0011426 0.00197592 0.0743956 0.0809119 0.08002 
0.405196 0.766851 0.806947 0.785242 0.628626 0.626305 -0.116092 -0.207841 -0.176574 -0.192903 -0.164128 -0.179533 -0.00579217 0.0249398 0.0113514 
2.20246e-34 2.17415e-34 0.173886 0.09307 0.0928564 1.51859e-34 -6.36511e-34 -5.7706e-34 -0.000272587 7.08933e-05 -0.000361619 -1.21245e-33 0.128499 0.116998 0.122711 
0.989931 0.646307 0.836705 0.750116 0.936641 0.879795 -0.00579461 -0.00271265 -0.0079652 -0.00458577 -0.00739164 -0.00497942 0.211324 0.203792 0.169717 
0.305506 0.340228 0.178541 0.265366 0.244664 0.322771 0.00527645 0.00806566 0.00305598 0.00570501 0.00482188 0.00697364 0.0963847 0.0957344 0.0951853 
0.325126 0.357066 0.195541 0.283779 0.265187 0.341644 0.00325709 0.00217172 0.000742178 0.0014737 0.00177782 0.00269586 0.0843067 0.0784153 0.0793697 
0.330431 0.359726 0.197854 0.286466 0.268939 0.345446 0.000162394 3.06357e-05 3.93478e-06 1.69388e-05 5.40605e-05 8.68317e-05 0.0611793 0.054784 0.055835 
1.82061e-34 0.152996 0.202153 0.178044 0.107594 0.0799831 1.73139e-34 -9.17848e-06 -1.14775e-05 -1.04515e-05 -3.70168e-06 -2.71901e-06 0.0353214 0.0385265 0.0334727 
1.82061e-34 1.84496e-34 0.152996 0.079991 0.0799831 1.29827e-34 1.73139e-34 2.02095e-34 -9.17848e-06 -2.93062e-06 -2.71901e-06 3.75241e-34 0.0353214 0.0412288 0.0385265 
0.306672 0.202153 0.152996 0.178044 0.235416 0.257223 -3.11712e-05 -1.14775e-05 -9.17848e-06 -1.04515e-05 -2.00925e-05 -2.05745e-05 0.0384485 0.0334727 0.0385265 
1.94626e-34 1.87971e-34 0.155019 0.0808809 0.0816185 1.37222e-34 -4.42169e-34 -4.08988e-34 0.000816981 0.000227455 0.00027165 -8.5201e-34 0.0896931 0.0829045 0.0863455 
5.06422e-34 6.09549e-34 0.37618 0.202799 0.186696 3.80116e-34 2.95838e-34 3.61979e-34 -0.0199614 -0.00612345 -0.00519201 6.9312e-34 0.0645318 0.077632 0.0743105 
2.71215e-34 4.1924e-34 0.252939 0.134024 0.116962 2.1471e-34 3.18303e-34 2.94914e-34 -0.0185972 -0.00587749 -0.00479843 6.43443e-34 0.0671817 0.0645487 0.0691243 
1.83909e-34 1.82882e-34 0.149316 0.0779179 0.0779541 1.33825e-34 -3.20207e-34 -2.91426e-34 3.83313e-05 8.10967e-06 1.52256e-05 -6.11686e-34 0.0648523 0.0590153 0.0619402 
1.82485e-34 1.80797e-34 0.146189 0.076253 0.0762851 1.36162e-34 2.89513e-34 3.18818e-34 3.23464e-05 1.3796e-05 7.765e-06 6.08285e-34 0.0590591 0.0650294 0.0620395 
1.8375e-34 1.79855e-34 0.146241 0.0762925 0.0762853 1.36164e-34 2.31128e-34 2.60259e-34 -8.0314e-06 -2.18179e-06 -3.0072e-06 4.91388e-34 0.0471517 0.0530934 0.0501208 
1.78821e-34 1.73556e-34 0.14248 0.0737301 0.0744188 1.31408e-34 4.04583e-34 4.29748e-34 0.000739229 0.000246731 0.000195826 8.33578e-34 0.0824605 0.0875281 0.0849482 
1.8036e-34 1.78072e-34 0.14541 0.0757197 0.0759293 1.35322e-34 3.48089e-34 3.76842e-34 0.000222946 7.84326e-05 5.861e-05 7.24697e-34 0.0709905 0.0768302 0.0738936 
1.54809e-34 1.46061e-34 0.124873 0.0623448 0.0637217 1.05682e-34 4.71423e-34 4.67429e-34 0.00147274 0.00038633 0.000455399 9.37543e-34 0.095927 0.0952003 0.0955023 
1.6864e-34 1.6e-34 0.135131 0.0688853 0.0703012 1.21259e-34 4.50889e-34 4.65485e-34 0.00151776 0.000476392 0.000442446 9.14941e-34 0.0917935 0.0947211 0.093175 
0.879245 0.806947 0.766851 0.785242 0.847204 0.871989 -0.170593 -0.176574 -0.207841 -0.192903 -0.197769 -0.183428 0.0460535 0.0113514 0.0249398 
1.81354e-34 1.73238e-34 0.144243 0.0751809 0.0751732 1.3848e-34 -2.04584e-34 -1.75446e-34 -8.52533e-06 -2.76059e-06 -2.61959e-06 -3.80023e-34 0.0414268 0.0355268 0.038477 
1.83716e-34 1.82975e-34 0.147014 0.0766876 0.0766812 1.35849e-34 -2.62595e-34 -2.33641e-34 -8.69807e-06 -2.71482e-06 -1.72683e-06 -4.96234e-34 0.0531751 0.0473108 0.0502915 
1.42258e-34 1.4154e-34 0.121948 0.060583 0.0594182 1.012e-34 4.5298e-34 4.32021e-34 -0.00152891 -0.000566483 -0.000205023 8.86756e-34 0.0923784 0.0884352 0.0908932 
1.85415e-34 1.8331e-34 0.147068 0.0766123 0.0768362 1.37544e-34 -3.78433e-34 -3.49051e-34 0.000240311 6.22858e-05 8.23502e-05 -7.27754e-34 0.0766844 0.0707037 0.0737565 
2.04375e-34 1.94311e-34 0.151796 0.0792389 0.0804768 1.57069e-34 -5.24001e-34 -4.79848e-34 0.00135061 0.000383849 0.000378236 -1.00521e-33 0.106312 0.0973481 0.101932 
0.453509 0.483368 0.500856 0.493952 0.48232 0.46698 0.000366618 -0.0252595 -0.0129513 -0.0193745 -0.00557265 -0.00969117 0.100685 0.103884 0.106902 
0.896536 0.806947 0.913709 0.902137 0.931081 0.850559 -0.141035 -0.176574 -0.136683 -0.166497 -0.148291 -0.162039 0.0113363 0.0113514 0.0478572 
-6.70263e-35 -1.10397e-34 -0.0178853 -0.00529257 -0.00445102 -1.61486e-34 9.86655e-35 3.61547e-35 0.0532871 0.0265278 0.0400563 6.27767e-35 0.0139066 0.0246661 0.0159423 
0.999186 0.99955 0.836705 0.954781 0.963959 0.999768 -0.018416 -0.0104221 -0.0079652 -0.0101337 -0.0139068 -0.0134914 0.143815 0.17862 0.169717 
0.989931 0.836705 0.99955 0.954781 0.996467 0.936641 -0.00579461 -0.0079652 -0.0104221 -0.0101337 -0.00818675 -0.00739164 0.211324 0.169717 0.17862 
-4.35772e-34 0.437619 0.75 0.60945 0.4375 0.234407 -8.57492e-34 -0.000105245 -5.08924e-37 -9.70883e-05 -2.01954e-37 -2.98768e-05 0.360136 0.337291 0.360214 
0.319377 0.371236 0.22435 0.305329 0.275056 0.346674 0.00542328 0.00587318 0.0022499 0.00396172 0.00393728 0.00598909 0.102158 0.108793 0.111589 
1.4154e-34 0.189144 0.121948 0.153576 0.060583 0.0904981 4.32021e-34 -0.00688547 -0.00152891 -0.00375416 -0.000566483 -0.00152981 0.0884352 0.0883265 0.0908932 
0.29359 0.121948 0.189144 0.153576 0.244292 0.209373 -0.0105284 -0.00152891 -0.00688547 -0.00375416 -0.00965068 -0.0049061 0.0925757 0.0908932 0.0883265 
0.879245 0.913709 0.806947 0.902137 0.871989 0.899261 -0.170593 -0.136683 -0.176574 -0.166497 -0.183428 -0.153864 0.0460535 0.0478572 0.0113514 
0.512061 0.500856 0.483368 0.493952 0.50645 0.507752 -0.0386617 -0.0129513 -0.0252595 -0.0193745 -0.0329574 -0.0245109 0.112917 0.106902 0.103884 
0.305017 0.144243 0.196235 0.170752 0.25363 0.230624 -3.21539e-05 -8.52533e-06 -1.12285e-05 -9.87429e-06 -2.04574e-05 -1.98771e-05 0.038827 0.038477 0.0338902 
1.73238e-34 0.196235 0.144243 0.170752 0.0751809 0.10419 -1.75446e-34 -1.12285e-05 -8.52533e-06 -9.87429e-06 -2.76059e-06 -3.76464e-06 0.0355268 0.0338902 0.038477 
-0.0721546 -0.0627705 -0.0775016 -0.0789014 -0.0889003 -0.0739346 -0.0170205 0.0399953 0.0212326 0.0340921 0.00835095 0.0102699 0.0455915 0.0177906 0.0274172 
0.896536 0.514983 0.806947 0.68968 0.850559 0.755655 -0.141035 -0.133681 -0.176574 -0.161442 -0.162039 -0.146554 0.0113363 -0.0264074 0.0113514 
-4.97829e-35 0.0177896 -0.0434304 -0.0154945 -0.034639 -0.0145235 -5.60428e-34 -0.0353949 -0.0265338 -0.0318738 -0.00815054 -0.0107943 0.110387 0.11429 0.0856373 
1.15061e-33 0.121482 0.514983 0.27657 0.308452 0.0937337 -4.62517e-36 0.00464684 -0.133681 -0.0664942 -0.0902406 -0.003776 -0.073642 -0.0293365 -0.0264074 
0.143182 0.111376 0.25239 0.180157 0.200291 0.127694 -0.103668 -0.0406106 -0.105242 -0.0741813 -0.107468 -0.0719255 0.120864 0.135207 0.135343 
0.306455 0.197854 0.359726 0.286466 0.334169 0.255171 -2.39262e-05 3.93478e-06 3.06357e-05 1.69388e-05 -6.52859e-06 -7.61477e-06 0.0498802 0.055835 0.054784 
0.23751 0.25239 0.111376 0.180157 0.174194 0.246287 -0.055144 -0.105242 -0.0406106 -0.0741813 -0.0508401 -0.0792123 0.14067 0.135343 0.135207 
0.304935 0.195541 0.357066 0.283779 0.33214 0.253225 0.000919858 0.000742178 0.00217172 0.0014737 0.0014569 0.000920543 0.0736614 0.0793697 0.0784153 
0.290943 0.178541 0.340228 0.265366 0.316291 0.237117 0.00593176 0.00305598 0.00806566 0.00570501 0.00723915 0.00468784 0.093239 0.0951853 0.0957344 
0.314336 0.201289 0.365391 0.291405 0.340852 0.260732 0.00321347 0.000805648 0.00289965 0.00177322 0.00312988 0.00178471 0.0864425 0.08002 0.0809119 
0.307517 0.198317 0.36128 0.287601 0.335487 0.255923 0.000179821 9.86286e-06 8.32789e-05 4.33194e-05 0.000128507 6.44551e-05 0.0621025 0.0562949 0.0572042 
0.461133 0.466712 0.495164 0.48414 0.48223 0.464004 0.000441636 0.00106785 0.00071075 0.000883859 0.000570344 0.000699518 0.0620182 0.0676639 0.0638021 
0.457822 0.453049 0.371236 0.417925 0.42028 0.455868 0.00711177 -9.72616e-05 0.00587318 0.00445906 0.00664108 0.00400385 0.107553 0.11404 0.108793 
0.499978 0.495164 0.466712 0.48414 0.491453 0.498698 0.00127832 0.00071075 0.00106785 0.000883859 0.00120522 0.000971442 0.0676427 0.0638021 0.0676639 
0.489453 0.523442 0.483368 0.505943 0.484602 0.514455 -0.0535307 -0.0628596 -0.0252595 -0.0420292 -0.039359 -0.0597968 0.100924 0.110498 0.103884 
1.87986e-34 0.192714 0.198962 0.195846 0.10576 0.102194 1.15364e-34 -5.54041e-06 -4.07321e-06 -4.64677e-06 -1.04982e-06 -1.44001e-06 0.0235347 0.0249377 0.0210234 
0.457182 0.461024 0.493444 0.480585 0.479172 0.459237 0.00663129 0.00950693 0.00857833 0.00924289 0.00764281 0.00810875 0.0852792 0.0902692 0.0870968 
0.512061 0.483368 0.523442 0.505943 0.517187 0.50645 -0.0386617 -0.0252595 -0.0628596 -0.0420292 -0.0508772 -0.0329574 0.112917 0.103884 0.110498 
0.499934 0.493444 0.461024 0.480585 0.488354 0.497745 0.0108055 0.00857833 0.00950693 0.00924289 0.0105076 0.00974791 0.0912006 0.0870968 0.0902692 
1.88425e-34 0.204629 0.18707 0.195913 0.0989879 0.109005 -1.17029e-34 -4.79879e-06 -5.69433e-06 -5.1932e-06 -1.534e-06 -1.36331e-06 0.0236979 0.0216337 0.0254419 
0.49998 0.491722 0.495756 0.499812 0.498944 0.497886 -6.14497e-05 -4.90786e-05 -4.96509e-05 -4.92724e-05 -5.61562e-05 -5.65109e-05 0.0363048 0.0317628 0.0320234 
0.453658 0.468732 0.495087 0.484763 0.47965 0.461564 -5.60073e-05 -5.86136e-05 -6.62165e-05 -6.52574e-05 -6.19355e-05 -6.18694e-05 0.0378476 0.0437017 0.0402114 
0.499981 0.495087 0.468732 0.484763 0.492118 0.498735 -6.30195e-05 -6.62165e-05 -5.86136e-05 -6.52574e-05 -6.37974e-05 -6.62709e-05 0.0441143 0.0402114 0.0437017 
0.896536 0.913709 0.957142 0.936952 0.954471 0.931081 -0.141035 -0.136683 -0.103374 -0.122702 -0.127723 -0.148291 0.0113363 0.0478572 0.0540794 
0.499981 0.495335 0.467579 0.484581 0.491933 0.498841 -6.30195e-05 -3.7314e-05 -5.79507e-05 -5.17168e-05 -5.95665e-05 -5.4495e-05 0.0441143 0.0480064 0.0444076 
0.461597 0.467579 0.495335 0.484581 0.482546 0.464647 -1.83122e-05 -5.79507e-05 -3.7314e-05 -5.17168e-05 -3.05067e-05 -4.37273e-05 0.0499582 0.0444076 0.0480064 
0.314734 0.202153 0.357924 0.287166 0.337044 0.261771 -1.83725e-05 -1.14775e-05 -3.24666e-05 -2.14924e-05 -2.52309e-05 -1.52559e-05 0.028588 0.0334727 0.0336411 
0.306672 0.357924 0.202153 0.287166 0.257223 0.333282 -3.11712e-05 -3.24666e-05 -1.14775e-05 -2.14924e-05 -2.05745e-05 -3.28375e-05 0.0384485 0.0336411 0.0334727 
0.563979 0.792113 0.680711 0.738431 0.633028 0.695653 -0.0828421 -0.155382 -0.135201 -0.147827 -0.109035 -0.120475 0.0714412 0.0633743 0.0745378 
0.407746 0.675572 0.766851 0.719345 0.59648 0.556295 -0.164388 -0.226909 -0.207841 -0.218068 -0.199596 -0.209114 0.0120246 0.0394711 0.0249398 
0.499978 0.495694 0.470112 0.485768 0.492713 0.498983 0.00127832 0.0020358 0.00118976 0.00158728 0.00127077 0.00162838 0.0676427 0.0714736 0.0679995 
0.462924 0.470112 0.495694 0.485768 0.483338 0.466573 0.00223841 0.00118976 0.0020358 0.00158728 0.00216745 0.0016566 0.0733759 0.0679995 0.0714736 
0.793972 0.680711 0.792113 0.738431 0.805478 0.760072 -0.20606 -0.135201 -0.155382 -0.147827 -0.184103 -0.174436 0.0587342 0.0745378 0.0633743 
0.405196 0.806947 0.514983 0.68968 0.445946 0.628626 -0.116092 -0.176574 -0.133681 -0.161442 -0.119591 -0.164128 -0.00579217 0.0113514 -0.0264074 
0.499934 0.500451 0.477056 0.493557 0.495937 0.50044 0.0108055 0.0121427 0.0100073 0.0113582 0.0105675 0.0116904 0.0912006 0.0954979 0.0926677 
0.793972 0.766851 0.675572 0.719345 0.760439 0.79771 -0.20606 -0.207841 -0.226909 -0.218068 -0.225048 -0.214722 0.0587342 0.0249398 0.0394711 
0.370248 0.38443 0.189144 0.289983 0.273303 0.377401 -0.039028 -0.0346264 -0.00688547 -0.0180723 -0.0190585 -0.0375252 0.0863816 0.0921372 0.0883265 
0.463909 0.477056 0.500451 0.493557 0.490073 0.470965 0.0105276 0.0100073 0.0121427 0.0113582 0.0118021 0.0106172 0.100383 0.0926677 0.0954979 
0.776542 0.957142 0.913709 0.936952 0.869519 0.889568 -0.0774218 -0.103374 -0.136683 -0.122702 -0.107281 -0.093575 0.0676843 0.0540794 0.0478572 
0.357368 0.5501 0.338221 0.453207 0.348014 0.448017 -0.192177 -0.231878 -0.200171 -0.225062 -0.20316 -0.217204 0.11186 0.0839927 0.0673468 
0.595876 0.338221 0.5501 0.453207 0.572287 0.468304 -0.236175 -0.200171 -0.231878 -0.225062 -0.236175 -0.224107 0.0608879 0.0673468 0.0839927 
0.289149 0.342765 0.196235 0.275476 0.244805 0.316939 -1.62138e-05 -3.02514e-05 -1.12285e-05 -2.03542e-05 -1.42838e-05 -2.24883e-05 0.0290727 0.0332525 0.0338902 
-0.0510998 -0.0775016 -0.0627705 -0.0789014 -0.0602379 -0.0668357 0.0571213 0.0212326 0.0399953 0.0340921 0.052854 0.0395972 0.017976 0.0274172 0.0177906 
0.29359 0.189144 0.38443 0.289983 0.33612 0.244292 -0.0105284 -0.00688547 -0.0346264 -0.0180723 -0.0204947 -0.00965068 0.0925757 0.0883265 0.0921372 
0.305017 0.196235 0.342765 0.275476 0.324399 0.25363 -3.21539e-05 -1.12285e-05 -3.02514e-05 -2.03542e-05 -3.22108e-05 -2.04574e-05 0.038827 0.0338902 0.0332525 
0.466274 0.497462 0.472712 0.488391 0.469578 0.486318 -3.21018e-05 -2.88463e-05 -2.06921e-05 -2.49096e-05 -2.58541e-05 -3.11838e-05 0.0267677 0.0239962 0.0211432 
0.601472 0.520326 0.582025 0.564234 0.596113 0.559682 -0.201696 -0.177087 -0.142988 -0.163573 -0.173148 -0.191092 0.102561 0.118299 0.109335 
0.503638 0.497898 0.489938 0.501571 0.498979 0.501975 -3.4713e-06 0.00843739 0.00979077 0.00908103 0.00619912 0.00507454 0.106744 0.104404 0.100616 
0.499949 0.494626 0.492779 0.499992 0.49776 0.499062 0.00659259 0.00459323 0.00460566 0.00468371 0.00558118 0.0055779 0.083362 0.0792659 0.0794797 
0.499982 0.49362 0.493727 0.499981 0.498367 0.498441 0.000367579 0.000139053 0.00014391 0.000148553 0.000239162 0.000235506 0.0598376 0.055804 0.0559241 
0.499633 0.472712 0.497462 0.488391 0.49973 0.494611 -1.95313e-05 -2.06921e-05 -2.88463e-05 -2.49096e-05 -2.39856e-05 -2.07343e-05 0.0192415 0.0211432 0.0239962 
0.498825 0.495756 0.491722 0.499812 0.496083 0.499739 -3.71824e-05 -4.96509e-05 -4.90786e-05 -4.92724e-05 -4.27911e-05 -4.31669e-05 0.0274866 0.0320234 0.0317628 
0.499981 0.493727 0.49362 0.499981 0.498369 0.49844 2.97164e-05 0.00014391 0.000139053 0.000148553 7.83128e-05 8.02676e-05 0.0519515 0.0559241 0.055804 
0.499979 0.492779 0.494626 0.499992 0.498769 0.498049 0.00320193 0.00460566 0.00459323 0.00468371 0.00386988 0.00388072 0.0754806 0.0794797 0.0792659 
0.50052 0.489938 0.497898 0.501571 0.501352 0.496813 0.0120233 0.00979077 0.00843739 0.00908103 0.0107712 0.0112297 0.0985895 0.100616 0.104404 
-1.10397e-34 -0.0252503 -0.0178853 -0.0231031 -0.00529257 -0.00784886 3.61547e-35 0.0236705 0.0532871 0.0400633 0.0265278 0.0182063 0.0246661 0.0211392 0.0159423 
-0.0510998 -0.0178853 -0.0252503 -0.0231031 -0.0419907 -0.0355442 0.0571213 0.0532871 0.0236705 0.0400633 0.0428043 0.0599585 0.017976 0.0159423 0.0211392 
-6.70263e-35 -0.0178853 -0.0242933 -0.0236656 -0.00910868 -0.00445102 9.86655e-35 0.0532871 0.0864849 0.0747015 0.0759576 0.0400563 0.0139066 0.0159423 0.0055457 
-0.0510998 -0.0242933 -0.0178853 -0.0236656 -0.0355442 -0.0384392 0.0571213 0.0864849 0.0532871 0.0747015 0.0599585 0.0738119 0.017976 0.0055457 0.0159423 
