0.479332 0.847133 1.09652e-33 0.566792 0.287293 0.678001 -0.114561 -0.0602172 6.59266e-36 -0.0821279 -0.0812497 -0.111026 -0.0244199 0.0152425 -0.0713725 
0.00568356 0.0236461 0.296631 0.144005 0.134629 0.0132082 -0.0284714 -0.0458434 -0.115227 -0.0782723 -0.0700695 -0.0385056 0.031982 0.0543559 0.0500119 
0.50001 0.461775 0.495266 0.495961 0.498749 0.49069 0.000709184 0.00290453 0.00254588 0.0030228 0.00154035 0.00180917 0.0440753 0.0504797 0.0477169 
0.500412 0.443949 0.502568 0.490917 0.502268 0.482778 0.0202808 0.0209493 0.0216791 0.0226595 0.0213251 0.0215348 0.067453 0.0721895 0.0710508 
0.517152 0.449079 0.529477 0.508372 0.523636 0.495001 -0.00149185 -0.00599278 -0.0192073 -0.0128737 -0.00961581 -0.00394727 0.0865374 0.081165 0.0905227 
0.336498 0.315199 0.609092 0.479397 0.497523 0.3249 -0.127671 -0.116876 -0.157202 -0.146874 -0.153706 -0.123287 0.0710689 0.0891532 0.0800811 
0.385038 0.308841 0.204308 0.259493 0.305338 0.349512 5.16067e-05 -0.000511143 -8.36597e-05 -0.000269947 -5.58138e-05 -0.000366006 0.0449438 0.0390301 0.0451468 
0.563682 0.447579 0.538145 0.506692 0.551343 0.526743 -0.0778662 -0.0772367 -0.0590665 -0.0709139 -0.0686634 -0.0829752 0.0944129 0.109082 0.0983656 
0.88252 0.847133 0.479332 0.678001 0.727081 0.870903 -0.116003 -0.0602172 -0.114561 -0.111026 -0.122748 -0.0925531 0.00477275 0.0152425 -0.0244199 
0.420453 0.231546 0.347107 0.294101 0.387688 0.339173 -0.00883137 -0.00177384 0.0030647 -0.00033636 -0.00154199 -0.00554651 0.0982166 0.100807 0.0913093 
0.563682 0.519077 0.447579 0.483389 0.526743 0.553879 -0.0778662 -0.107834 -0.0772367 -0.0930837 -0.0829752 -0.0948275 0.0944129 0.102177 0.109082 
0.357499 0.315946 0.466984 0.406801 0.421818 0.337383 -0.000506692 -0.000559282 -0.00110092 -0.000871185 -0.00080579 -0.000550074 0.0221262 0.0287394 0.0268255 
0.448256 0.466984 0.315946 0.406801 0.39227 0.458142 -0.00113055 -0.00110092 -0.000559282 -0.000871185 -0.000883483 -0.00114725 0.032197 0.0268255 0.0287394 
0.500412 0.471387 0.492196 0.499308 0.49711 0.496583 0.0202808 0.0130289 0.0166054 0.0157423 0.0186268 0.0171317 0.067453 0.0611907 0.0639182 
0.50001 0.458213 0.495554 0.495244 0.498953 0.489254 0.000709184 -0.000776914 -0.000509532 -0.000648118 2.41433e-05 -0.000214189 0.0440753 0.0385385 0.0403652 
0.499985 0.458213 0.491193 0.477729 0.497591 0.489152 -0.001134 -0.000776914 -0.00133833 -0.00117343 -0.00131576 -0.000999451 0.0362985 0.0385385 0.0317021 
0.491193 0.458213 0.439555 0.449263 0.471125 0.477729 -0.00133833 -0.000776914 -0.00109534 -0.00100246 -0.00123531 -0.00117343 0.0317021 0.0385385 0.0327225 
0.398621 0.207604 0.3139 0.264182 0.358533 0.315203 0.0115899 0.00294439 0.00513099 0.004362 0.00815232 0.00706642 0.0670431 0.0669511 0.060654 
0.420453 0.347107 0.495776 0.440674 0.467062 0.387688 -0.00883137 0.0030647 0.00634991 0.00414135 -0.0018294 -0.00154199 0.0982166 0.0913093 0.0872989 
0.0241055 -0.0213171 0.0170281 -0.0152019 0.0253967 -0.0100382 0.0467477 0.0615077 0.0230085 0.0507699 0.0362576 0.0622719 -0.00888957 -0.00134153 0.00310213 
0.639978 0.674539 0.597308 0.660894 0.617609 0.684043 -0.116143 -0.162659 -0.104756 -0.137481 -0.111554 -0.144025 0.0679112 0.0686483 0.0752688 
0.519077 0.497304 0.33824 0.415758 0.438304 0.510502 -0.107834 -0.136089 -0.0874199 -0.113737 -0.102346 -0.123103 0.102177 0.0944726 0.110413 
0.609092 0.597308 0.674539 0.660894 0.642552 0.647102 -0.157202 -0.104756 -0.162659 -0.137481 -0.160895 -0.138592 0.0800811 0.0752688 0.0686483 
0.398621 0.3139 0.471387 0.409686 0.440829 0.358533 0.0115899 0.00513099 0.0130289 0.0092653 0.0129279 0.00815232 0.0670431 0.060654 0.0611907 
0.385038 0.455075 0.308841 0.394741 0.349512 0.424174 5.16067e-05 -0.000887135 -0.000511143 -0.000734634 -0.000366006 -0.000454494 0.0449438 0.0381976 0.0390301 
0.593141 0.497304 0.519077 0.510502 0.561231 0.56204 -0.119844 -0.136089 -0.107834 -0.123103 -0.115992 -0.132647 0.0910192 0.0944726 0.102177 
0.380453 0.302822 0.458213 0.39474 0.424263 0.343886 0.000112092 -0.000495582 -0.000776914 -0.000678634 -0.00032575 -0.000336755 0.0434558 0.0382106 0.0385385 
0.385038 0.308047 0.461775 0.399806 0.428897 0.349089 5.16067e-05 0.000908645 0.00290453 0.00188957 0.00112212 0.000507915 0.0449438 0.0512239 0.0504797 
0.517152 0.495776 0.494727 0.514929 0.50713 0.516645 -0.00149185 0.00634991 0.0118827 0.00873399 0.00584027 0.0025439 0.0865374 0.0872989 0.0818983 
0.367041 0.282183 0.443949 0.374578 0.409126 0.326885 0.012083 0.00967732 0.0209493 0.0159668 0.0167953 0.0112597 0.0683356 0.0724899 0.0721895 
0.332794 0.246469 0.449079 0.355506 0.39134 0.290874 0.0098375 0.00330389 -0.00599278 0.00061161 0.00446259 0.00641859 0.0781278 0.0770849 0.081165 
0.367041 0.324811 0.187646 0.260636 0.286824 0.347433 0.012083 0.00559459 0.00307358 0.00477705 0.00740486 0.00862556 0.0683356 0.0626448 0.0686724 
0.385038 0.204308 0.308047 0.259316 0.349089 0.305338 5.16067e-05 -8.36597e-05 0.000908645 0.00021644 0.000507915 -5.58138e-05 0.0449438 0.0451468 0.0512239 
0.367041 0.454888 0.324811 0.400384 0.347433 0.416512 0.012083 0.0127009 0.00559459 0.00927728 0.00862556 0.0129907 0.0683356 0.0628433 0.0626448 
0.332794 0.283831 0.149469 0.218256 0.244251 0.30717 0.0098375 0.0119755 0.00370377 0.00745455 0.00734236 0.0118455 0.0781278 0.0771243 0.0776577 
0.367041 0.187646 0.282183 0.238148 0.326885 0.286824 0.012083 0.00307358 0.00967732 0.006058 0.0112597 0.00740486 0.0683356 0.0686724 0.0724899 
0.413519 0.295937 0.16747 0.234395 0.291511 0.35066 -0.0434858 -0.0143824 -0.00722109 -0.0121554 -0.0221131 -0.0269683 0.0743599 0.0750257 0.0706318 
0.332794 0.149469 0.246469 0.196975 0.290874 0.244251 0.0098375 0.00370377 0.00330389 0.00433293 0.00641859 0.00734236 0.0781278 0.0776577 0.0770849 
0.440441 0.324811 0.454888 0.400384 0.448213 0.390059 0.00661771 0.00559459 0.0127009 0.00927728 0.00949091 0.00656361 0.0571322 0.0626448 0.0628433 
0.332794 0.435735 0.283831 0.36657 0.30717 0.388865 0.0098375 0.0170521 0.0119755 0.016007 0.0118455 0.0136923 0.0781278 0.0788476 0.0771243 
0.414832 0.283831 0.435735 0.36657 0.424694 0.35544 0.0200671 0.0119755 0.0170521 0.016007 0.019246 0.0165939 0.0758917 0.0771243 0.0788476 
0.39025 0.462933 0.487328 0.476742 0.450754 0.431407 -0.000228542 -0.000195163 -0.00044875 -0.000300272 -0.000342464 -0.00021648 0.0108903 0.00579462 0.0127586 
0.499983 0.487328 0.462933 0.476742 0.4907 0.496809 -0.000308989 -0.00044875 -0.000195163 -0.000300272 -0.000256901 -0.000377925 0.00844856 0.0127586 0.00579462 
0.413519 0.506433 0.295937 0.410663 0.35066 0.466467 -0.0434858 -0.0546529 -0.0143824 -0.0320668 -0.0269683 -0.0510001 0.0743599 0.0816061 0.0750257 
0.43888 0.295937 0.506433 0.410663 0.47113 0.374119 -0.0227798 -0.0143824 -0.0546529 -0.0320668 -0.0376467 -0.019555 0.0802469 0.0750257 0.0816061 
0.420453 0.487263 0.323605 0.417087 0.377591 0.456541 -0.00883137 -0.0359949 -0.0189614 -0.0298257 -0.0149896 -0.0209495 0.0982166 0.101715 0.108778 
0.471903 0.357343 0.480716 0.432772 0.476776 0.424369 0.0148278 0.0100262 0.0190126 0.0147586 0.017591 0.0133493 0.0805721 0.0752483 0.0735377 
0.398621 0.480716 0.357343 0.432772 0.379166 0.446617 0.0115899 0.0190126 0.0100262 0.0147586 0.0112528 0.0157417 0.0670431 0.0735377 0.0752483 
0.445501 0.329879 0.46152 0.407352 0.453683 0.395063 0.00654552 0.00143964 0.00306979 0.00235266 0.00474387 0.00354747 0.054676 0.049578 0.0490887 
0.380453 0.46152 0.329879 0.407352 0.356113 0.426223 0.000112092 0.00306979 0.00143964 0.00235266 0.00076114 0.00121999 0.0434558 0.0490887 0.049578 
0.500035 0.495266 0.461775 0.495961 0.490266 0.498888 0.0054273 0.00254588 0.00290453 0.0030228 0.00425997 0.00389521 0.0519416 0.0477169 0.0504797 
0.413519 0.338327 0.597308 0.486615 0.509762 0.378936 -0.0434858 -0.0328272 -0.104756 -0.0663235 -0.0714051 -0.0393375 0.0743599 0.0690614 0.0752688 
0.50201 0.502568 0.443949 0.490917 0.48142 0.503791 0.0227146 0.0216791 0.0209493 0.0226595 0.0228493 0.0224513 0.0745009 0.0710508 0.0721895 
0.448256 0.455075 0.496143 0.481238 0.479059 0.451748 -0.00113055 -0.000887135 -0.00134078 -0.00119943 -0.00127431 -0.00106959 0.032197 0.0381976 0.0320661 
0.53653 0.529477 0.449079 0.508372 0.506263 0.532979 -0.0327797 -0.0192073 -0.00599278 -0.0128737 -0.0184407 -0.0258388 0.0907227 0.0905227 0.081165 
3.51244e-34 0.215398 0.295103 0.256917 0.163732 0.11519 -8.80955e-35 -6.98645e-05 -0.00023141 -0.000136672 -7.84107e-05 -3.26071e-05 0.0178065 0.0117874 0.0170504 
0.499985 0.496143 0.455075 0.481238 0.489183 0.499155 -0.001134 -0.00134078 -0.000887135 -0.00119943 -0.00103986 -0.00129621 0.0362985 0.0320661 0.0381976 
1.65538e-34 3.42047e-34 0.214907 0.114997 0.114945 5.52912e-35 5.74037e-35 8.62087e-35 -6.5618e-05 -3.07343e-05 -1.64914e-05 1.43781e-34 0.0117135 0.0176162 0.0112818 
0.214907 3.42047e-34 0.294163 0.163146 0.256113 0.114997 -6.5618e-05 8.62087e-35 -0.000222531 -7.50555e-05 -0.00013026 -3.07343e-05 0.0112818 0.0176162 0.0166471 
0.471903 0.50762 0.495776 0.505141 0.484836 0.49719 0.0148278 0.0196403 0.00634991 0.0141745 0.0114653 0.0174494 0.0805721 0.0785001 0.0872989 
0.380453 0.195472 0.302822 0.251969 0.343886 0.298387 0.000112092 -8.32406e-05 -0.000495582 -0.000257746 -0.000336755 -2.9947e-05 0.0434558 0.0433576 0.0382106 
0.506471 0.495776 0.50762 0.505141 0.50897 0.511618 0.0167157 0.00634991 0.0196403 0.0141745 0.0185883 0.0120665 0.0807862 0.0872989 0.0785001 
0.50014 0.492196 0.471387 0.499308 0.494556 0.497607 0.0128846 0.0166054 0.0130289 0.0157423 0.0134935 0.0148289 0.0598093 0.0639182 0.0611907 
0.499985 0.495554 0.458213 0.495244 0.489152 0.499021 -0.001134 -0.000509532 -0.000776914 -0.000648118 -0.000999451 -0.000876263 0.0362985 0.0403652 0.0385385 
0.0170281 -0.0213171 -0.0514029 -0.0349066 -0.0288854 -0.0152019 0.0230085 0.0615077 0.0397035 0.0515811 0.0378693 0.0507699 0.00310213 -0.00134153 0.00546002 
1.12503e-33 0.844149 0.84279 0.843706 0.51292 0.512266 1.03068e-33 -0.00215609 -0.00536011 -0.00336375 -0.00155571 -0.00106 0.210927 0.232798 0.178468 
0.413519 0.16747 0.338327 0.246583 0.378936 0.291511 -0.0434858 -0.00722109 -0.0328272 -0.0173535 -0.0393375 -0.0221131 0.0743599 0.0706318 0.0690614 
0.308841 0.154554 0.204308 0.179958 0.259493 0.23743 -0.000511143 -0.000143907 -8.36597e-05 -0.000137784 -0.000269947 -0.000323353 0.0390301 0.0391336 0.0451468 
0.380453 0.329879 0.195472 0.266956 0.298387 0.356113 0.000112092 0.00143964 -8.32406e-05 0.000339896 -2.9947e-05 0.00076114 0.0434558 0.049578 0.0433576 
0.500412 0.456181 0.443949 0.450198 0.482778 0.485835 0.0202808 0.0178262 0.0209493 0.0195419 0.0215348 0.0197172 0.067453 0.0678239 0.0721895 
0.517152 0.447623 0.449079 0.447254 0.495001 0.491982 -0.00149185 0.00780685 -0.00599278 0.00126048 -0.00394727 0.00402106 0.0865374 0.0808286 0.081165 
0.50001 0.469809 0.461775 0.466056 0.49069 0.492657 0.000709184 0.000331914 0.00290453 0.00146066 0.00180917 0.000526207 0.0440753 0.0442091 0.0504797 
0.398621 0.357343 0.207604 0.287373 0.315203 0.379166 0.0115899 0.0100262 0.00294439 0.00630231 0.00706642 0.0112528 0.0670431 0.0752483 0.0669511 
2.77802e-34 0.272706 0.215398 0.244857 0.115287 0.149645 -2.94614e-35 -7.20847e-05 -6.98645e-05 -7.42851e-05 -1.3474e-05 -2.02323e-05 0.00595682 0.00700956 0.0117874 
0.506471 0.494727 0.495776 0.514929 0.511618 0.501795 0.0167157 0.0118827 0.00634991 0.00873399 0.0120665 0.0144724 0.0807862 0.0818983 0.0872989 
0.448256 0.359637 0.455075 0.414023 0.451748 0.409386 -0.00113055 -0.000790757 -0.000887135 -0.000929276 -0.00106959 -0.000978747 0.032197 0.0339628 0.0381976 
0.308841 0.455075 0.359637 0.414023 0.335244 0.394741 -0.000511143 -0.000887135 -0.000790757 -0.000929276 -0.000676898 -0.000734634 0.0390301 0.0381976 0.0339628 
0.39025 0.4427 0.295103 0.380277 0.34636 0.418619 -0.000228542 -0.000572443 -0.00023141 -0.000403907 -0.00024231 -0.000374966 0.0108903 0.0178834 0.0170504 
0.420453 0.323605 0.231546 0.28355 0.339173 0.377591 -0.00883137 -0.0189614 -0.00177384 -0.00828072 -0.00554651 -0.0149896 0.0982166 0.108778 0.100807 
0.336498 0.609092 0.542415 0.583346 0.442894 0.497523 -0.127671 -0.157202 -0.162571 -0.163593 -0.148105 -0.153706 0.0710689 0.0800811 0.0657854 
3.51244e-34 1.67107e-34 0.215398 0.115244 0.11519 5.45043e-35 -8.80955e-35 -5.87942e-35 -6.98645e-05 -1.72389e-05 -3.26071e-05 -1.46705e-34 0.0178065 0.0119026 0.0117874 
0.0170281 -0.0787725 0.0658575 -0.0319156 0.0403982 -0.0393573 0.0230085 0.0135944 -0.0214148 0.00733251 -0.000260127 0.023352 0.00310213 0.0161762 0.0144308 
0.347107 0.231546 0.176522 0.205956 0.270203 0.294101 0.0030647 -0.00177384 0.000941557 -3.46561e-05 0.00197368 -0.00033636 0.0913093 0.100807 0.0914049 
0.468267 0.538145 0.447579 0.506692 0.459083 0.5105 -0.0584281 -0.0590665 -0.0772367 -0.0709139 -0.0679201 -0.0604598 0.106461 0.0983656 0.109082 
0.354757 0.295103 0.4427 0.380277 0.403745 0.326253 -0.000539866 -0.00023141 -0.000572443 -0.000403907 -0.000581556 -0.000367923 0.0231642 0.0170504 0.0178834 
0.27184 0.333905 0.0658575 0.180611 0.159736 0.302157 -0.0942221 -0.0884072 -0.0214148 -0.048997 -0.0573464 -0.0906599 0.0276753 0.00963939 0.0144308 
0.445501 0.494886 0.471387 0.485421 0.458994 0.47675 0.00654552 0.00855847 0.0130289 0.0109825 0.00958227 0.00772162 0.054676 0.0553492 0.0611907 
0.471903 0.495776 0.397141 0.456897 0.43994 0.484836 0.0148278 0.00634991 0.00948462 0.00898057 0.0122361 0.0114653 0.0805721 0.0872989 0.0837733 
0.50014 0.471387 0.494886 0.485421 0.499461 0.494556 0.0128846 0.0130289 0.00855847 0.0109825 0.0107243 0.0134935 0.0598093 0.0611907 0.0553492 
0.302822 0.341079 0.458213 0.408964 0.39474 0.322434 -0.000495582 -0.000737422 -0.000776914 -0.000899824 -0.000678634 -0.000652805 0.0382106 0.0329353 0.0385385 
0.0236461 0.122991 0.296631 0.202119 0.144005 0.0709732 -0.0458434 -0.0757504 -0.115227 -0.095797 -0.0782723 -0.0611354 0.0543559 0.0720207 0.0500119 
0.995127 0.983804 0.743443 0.907674 0.916489 0.991965 -0.0359428 -0.0623221 -0.0327978 -0.0493568 -0.0402491 -0.0502574 0.0890682 0.0584109 0.071707 
0.308047 0.358842 0.461775 0.418435 0.399806 0.334777 0.000908645 0.00341704 0.00290453 0.00343402 0.00188957 0.0019421 0.0512239 0.0562432 0.0504797 
0.439555 0.458213 0.341079 0.408964 0.396147 0.449263 -0.00109534 -0.000776914 -0.000737422 -0.000899824 -0.000935463 -0.00100246 0.0327225 0.0385385 0.0329353 
0.347107 0.397141 0.495776 0.456897 0.440674 0.374005 0.0030647 0.00948462 0.00634991 0.00898057 0.00414135 0.00638991 0.0913093 0.0837733 0.0872989 
0.282183 0.325323 0.443949 0.391761 0.374578 0.304411 0.00967732 0.0143106 0.0209493 0.018182 0.0159668 0.0121361 0.0724899 0.0750891 0.0721895 
0.246469 0.313814 0.449079 0.387718 0.355506 0.278425 0.00330389 -0.0061851 -0.00599278 -0.00700955 0.00061161 -0.000332861 0.0770849 0.0771388 0.081165 
0.404533 0.380007 0.273382 0.330897 0.345915 0.392602 -0.000249505 -0.000106046 -7.13892e-05 -9.17751e-05 -0.00014553 -0.000163731 0.0109055 0.00410605 0.00692195 
0.440441 0.461775 0.358842 0.418435 0.40406 0.451915 0.00661771 0.00290453 0.00341704 0.00343402 0.00496378 0.00462364 0.0571322 0.0504797 0.0562432 
0.414832 0.443949 0.325323 0.391761 0.373006 0.430074 0.0200671 0.0209493 0.0143106 0.018182 0.0176247 0.0210091 0.0758917 0.0721895 0.0750891 
0.43888 0.449079 0.313814 0.387718 0.378825 0.443284 -0.0227798 -0.00599278 -0.0061851 -0.00700955 -0.0132987 -0.0140909 0.0802469 0.081165 0.0771388 
0.3139 0.207604 0.152042 0.179728 0.238899 0.264182 0.00513099 0.00294439 0.00115199 0.00192494 0.00292338 0.004362 0.060654 0.0669511 0.0603296 
0.39025 0.272706 0.380105 0.330662 0.385249 0.336788 -0.000228542 -7.20847e-05 -0.000106513 -9.2091e-05 -0.000156331 -0.000137937 0.0108903 0.00700956 0.00414549 
0.609092 0.315199 0.497304 0.415121 0.553839 0.479397 -0.157202 -0.116876 -0.136089 -0.131112 -0.148534 -0.146874 0.0800811 0.0891532 0.0944726 
0.557966 0.333905 0.27184 0.302157 0.410479 0.454544 -0.151019 -0.0884072 -0.0942221 -0.0906599 -0.124995 -0.124679 0.0292214 0.00963939 0.0276753 
-1.03133e-34 -1.36498e-34 -0.0787725 -0.0757153 -0.0650757 8.49581e-36 -3.49069e-35 -1.11725e-34 0.0135944 0.00550448 0.00841896 -1.67449e-34 0.0098359 0.0242628 0.0161762 
0.404533 0.466835 0.380007 0.430168 0.392602 0.439707 -0.000249505 -0.000192085 -0.000106046 -0.000148516 -0.000163731 -0.000223519 0.0109055 0.00543203 0.00410605 
0.39025 0.380105 0.462933 0.427432 0.431407 0.385249 -0.000228542 -0.000106513 -0.000195163 -0.000149256 -0.00021648 -0.000156331 0.0108903 0.00414549 0.00579462 
0.445501 0.471387 0.363995 0.426866 0.409374 0.458994 0.00654552 0.0130289 0.00465662 0.00851513 0.00571869 0.00958227 0.054676 0.0611907 0.0556831 
0.500412 0.481486 0.471387 0.476413 0.496583 0.499102 0.0202808 0.0178198 0.0130289 0.0156319 0.0171317 0.019531 0.067453 0.0674886 0.0611907 
0.3139 0.363995 0.471387 0.426866 0.409686 0.339909 0.00513099 0.00465662 0.0130289 0.00851513 0.0092653 0.00505201 0.060654 0.0556831 0.0611907 
0.00568356 0.0658575 -0.0787725 -0.0319156 -0.0531699 0.034704 -0.0284714 -0.0214148 0.0135944 0.00733251 -0.000758603 -0.0247146 0.031982 0.0144308 0.0161762 
0.336498 0.296631 0.122991 0.202119 0.225359 0.317286 -0.127671 -0.115227 -0.0757504 -0.095797 -0.102641 -0.123063 0.0710689 0.0500119 0.0720207 
1.67107e-34 2.77802e-34 0.215398 0.115287 0.115244 5.46682e-35 -5.87942e-35 -2.94614e-35 -6.98645e-05 -1.3474e-05 -1.72389e-05 -8.81741e-35 0.0119026 0.00595682 0.0117874 
0.50001 0.466569 0.458213 0.462426 0.489254 0.491441 0.000709184 0.000544996 -0.000776914 -0.00029672 -0.000214189 0.000689812 0.0440753 0.0438465 0.0385385 
0.338327 0.469162 0.597308 0.546122 0.486615 0.401735 -0.0328272 -0.0619249 -0.104756 -0.0845478 -0.0663235 -0.0460799 0.0690614 0.0670794 0.0752688 
8.6188e-34 1.12503e-33 0.84279 0.51292 0.50964 -4.15487e-35 8.09944e-34 1.03068e-33 -0.00536011 -0.00155571 -0.00216686 1.84639e-33 0.165972 0.210927 0.178468 
0.639978 0.597308 0.469162 0.546122 0.565218 0.617609 -0.116143 -0.104756 -0.0619249 -0.0845478 -0.0888981 -0.111554 0.0679112 0.0752688 0.0670794 
0.323605 0.487263 0.354935 0.431685 0.340622 0.417087 -0.0189614 -0.0359949 -0.0396923 -0.041112 -0.0285601 -0.0298257 0.108778 0.101715 0.112099 
0.00568356 -0.0730334 0.0236461 -0.0420314 0.0132082 -0.0513321 -0.0284714 -0.00865857 -0.0458434 -0.0234079 -0.0385056 -0.0171488 0.031982 0.0499563 0.0543559 
0.295937 0.105873 0.16747 0.134102 0.234395 0.199424 -0.0143824 -0.00192034 -0.00722109 -0.00424822 -0.0121554 -0.00675448 0.0750257 0.0730839 0.0706318 
0.283831 0.115155 0.149469 0.132487 0.218256 0.203066 0.0119755 0.00254683 0.00370377 0.00312278 0.00745455 0.00696586 0.0771243 0.0774601 0.0776577 
0.324811 0.143548 0.187646 0.166677 0.260636 0.242348 0.00559459 0.00113142 0.00307358 0.00192743 0.00477705 0.0031802 0.0626448 0.0635993 0.0686724 
0.246469 0.149469 0.102273 0.125199 0.174385 0.196975 0.00330389 0.00370377 0.00105483 0.00216408 0.00222559 0.00433293 0.0770849 0.0776577 0.0769682 
0.282183 0.187646 0.131872 0.159987 0.211681 0.238148 0.00967732 0.00307358 0.00225739 0.00272065 0.00564395 0.006058 0.0724899 0.0686724 0.0729192 
0.308047 0.204308 0.147733 0.17674 0.234107 0.259316 0.000908645 -8.36597e-05 0.000190405 7.75802e-05 0.000509854 0.00021644 0.0512239 0.0451468 0.0515249 
0.707029 0.995127 0.743443 0.916489 0.729258 0.908916 -0.0143967 -0.0359428 -0.0327978 -0.0402491 -0.0215986 -0.0255266 0.109932 0.0890682 0.071707 
0.43888 0.506433 0.533271 0.523251 0.494961 0.47113 -0.0227798 -0.0546529 -0.0436063 -0.0500022 -0.0328295 -0.0376467 0.0802469 0.0816061 0.0877379 
0.414832 0.435735 0.486423 0.465184 0.456185 0.424694 0.0200671 0.0170521 0.0219597 0.0200057 0.0217405 0.019246 0.0758917 0.0788476 0.077025 
0.563682 0.533271 0.506433 0.523251 0.555409 0.553969 -0.0778662 -0.0436063 -0.0546529 -0.0500022 -0.0684643 -0.0602381 0.0944129 0.0877379 0.0816061 
0.440441 0.454888 0.492636 0.477821 0.472697 0.448213 0.00661771 0.0127009 0.00867929 0.0109008 0.00781984 0.00949091 0.0571322 0.0628433 0.0563337 
0.506471 0.486423 0.435735 0.465184 0.481577 0.497466 0.0167157 0.0219597 0.0170521 0.0200057 0.0174766 0.0200582 0.0807862 0.077025 0.0788476 
0.50014 0.492636 0.454888 0.477821 0.487074 0.497609 0.0128846 0.00867929 0.0127009 0.0109008 0.0133549 0.0107915 0.0598093 0.0563337 0.0628433 
0.43888 0.533271 0.449079 0.494045 0.443284 0.494961 -0.0227798 -0.0436063 -0.00599278 -0.0220471 -0.0140909 -0.0328295 0.0802469 0.0877379 0.081165 
0.414832 0.486423 0.443949 0.466722 0.430074 0.456185 0.0200671 0.0219597 0.0209493 0.0227258 0.0210091 0.0217405 0.0758917 0.077025 0.0721895 
0.440441 0.492636 0.461775 0.4804 0.451915 0.472697 0.00661771 0.00867929 0.00290453 0.00543652 0.00462364 0.00781984 0.0571322 0.0563337 0.0504797 
0.53653 0.449079 0.533271 0.494045 0.536325 0.506263 -0.0327797 -0.00599278 -0.0436063 -0.0220471 -0.0384065 -0.0184407 0.0907227 0.081165 0.0877379 
0.50201 0.443949 0.486423 0.466722 0.496103 0.48142 0.0227146 0.0209493 0.0219597 0.0227258 0.0225833 0.0228493 0.0745009 0.0721895 0.077025 
0.500035 0.461775 0.492636 0.4804 0.498149 0.490266 0.0054273 0.00290453 0.00867929 0.00543652 0.00703838 0.00425997 0.0519416 0.0504797 0.0563337 
-0.0367584 -0.0514029 -0.0213171 -0.0349066 -0.0298403 -0.046155 0.0402631 0.0397035 0.0615077 0.0515811 0.052188 0.0424089 0.00489518 0.00546002 -0.00134153 
2.76898e-34 0.214907 0.273382 0.244982 0.150013 0.114902 2.86421e-35 -6.5618e-05 -7.13892e-05 -7.13006e-05 -2.04358e-05 -1.35037e-05 0.0058518 0.0112818 0.00692195 
8.22097e-34 1.0754e-33 0.836616 0.515788 0.505902 1.09261e-34 -5.43116e-34 -3.07333e-34 -0.0213455 -0.00758794 -0.0050016 -7.99518e-34 0.11255 0.0547601 0.0810056 
0.517152 0.50548 0.495776 0.500795 0.516645 0.521357 -0.00149185 -0.0109156 0.00634991 -0.000799547 0.0025439 -0.00687404 0.0865374 0.093388 0.0872989 
0.631201 0.719884 0.456151 0.622329 0.544151 0.693451 -0.0922872 -0.142221 -0.0552146 -0.100181 -0.0730152 -0.120294 0.0562713 0.0601357 0.0616363 
0.639978 0.456151 0.719884 0.622329 0.681602 0.568818 -0.116143 -0.0552146 -0.142221 -0.100181 -0.129478 -0.0873772 0.0679112 0.0616363 0.0601357 
0.989635 0.84279 0.844149 0.843706 0.978399 0.978124 -0.00480898 -0.00536011 -0.00215609 -0.00336375 -0.00387948 -0.00618424 0.200478 0.178468 0.232798 
0.239532 0.33824 0.497304 0.415758 0.372759 0.291593 -0.086646 -0.0874199 -0.136089 -0.113737 -0.116664 -0.0888427 0.102933 0.110413 0.0944726 
0.440441 0.358842 0.324811 0.34256 0.390059 0.40406 0.00661771 0.00341704 0.00559459 0.00455306 0.00656361 0.00496378 0.0571322 0.0562432 0.0626448 
0.414832 0.325323 0.283831 0.304822 0.35544 0.373006 0.0200671 0.0143106 0.0119755 0.0133798 0.0165939 0.0176247 0.0758917 0.0750891 0.0771243 
0.43888 0.313814 0.295937 0.304065 0.374119 0.378825 -0.0227798 -0.0061851 -0.0143824 -0.0107486 -0.019555 -0.0132987 0.0802469 0.0771388 0.0750257 
0.468267 0.354935 0.487263 0.431685 0.479159 0.415046 -0.0584281 -0.0396923 -0.0359949 -0.041112 -0.0467781 -0.0507251 0.106461 0.112099 0.101715 
0.302822 0.195472 0.142743 0.169582 0.22861 0.251969 -0.000495582 -8.32406e-05 -0.000128419 -0.000128216 -0.000306841 -0.000257746 0.0382106 0.0433576 0.0378668 
0.448256 0.315946 0.359637 0.33853 0.409386 0.39227 -0.00113055 -0.000559282 -0.000790757 -0.000695239 -0.000978747 -0.000883483 0.032197 0.0287394 0.0339628 
0.499597 0.4427 0.487328 0.469038 0.495623 0.483208 -0.000815062 -0.000572443 -0.00044875 -0.000520316 -0.000618292 -0.000719311 0.0192424 0.0178834 0.0127586 
0.499597 0.487328 0.48837 0.499977 0.498042 0.495623 -0.000815062 -0.00044875 -0.00051801 -0.000503912 -0.000666234 -0.000618292 0.0192424 0.0127586 0.0142545 
0.338327 0.16747 0.13215 0.150494 0.233957 0.246583 -0.0328272 -0.00722109 -0.00578293 -0.00683503 -0.0167488 -0.0173535 0.0690614 0.0706318 0.0662078 
0.329879 0.145538 0.195472 0.170873 0.266956 0.245736 0.00143964 0.000195603 -8.32406e-05 7.27106e-05 0.000339896 0.000689594 0.049578 0.0488516 0.0433576 
0.88252 0.963612 0.847133 0.955139 0.870903 0.952156 -0.116003 -0.0860846 -0.0602172 -0.086235 -0.0925531 -0.105844 0.00477275 0.0414057 0.0152425 
1.12503e-33 9.52473e-34 0.844149 0.513612 0.512266 -3.21324e-35 1.03068e-33 1.25761e-33 -0.00215609 -0.000727155 -0.00106 2.29184e-33 0.210927 0.256783 0.232798 
-1.10032e-35 0.0477402 0.0790156 0.0604223 -0.00724503 -0.00334489 -4.99291e-34 -0.0260237 -0.0553512 -0.0405351 -0.0171404 -0.0080374 0.0940365 0.103612 0.088166 
0.357499 0.193374 0.315946 0.258507 0.337383 0.28324 -0.000506692 -0.000175989 -0.000559282 -0.000342215 -0.000550074 -0.00034819 0.0221262 0.0250088 0.0287394 
0.634092 0.557966 0.759475 0.681829 0.718642 0.594285 -0.151929 -0.151019 -0.167315 -0.167889 -0.166589 -0.15161 0.021589 0.0292214 0.0433441 
0.445501 0.363995 0.329879 0.346904 0.395063 0.409374 0.00654552 0.00465662 0.00143964 0.00282756 0.00354747 0.00571869 0.054676 0.0556831 0.049578 
0.821804 0.634092 0.759475 0.718642 0.789575 0.754524 -0.157217 -0.151929 -0.167315 -0.166589 -0.163515 -0.162317 0.0342216 0.021589 0.0433441 
0.563682 0.579813 0.519077 0.571134 0.553879 0.572513 -0.0778662 -0.0902848 -0.107834 -0.103623 -0.0948275 -0.0846071 0.0944129 0.089119 0.102177 
0.593141 0.519077 0.579813 0.571134 0.59065 0.561231 -0.119844 -0.107834 -0.0902848 -0.103623 -0.105459 -0.115992 0.0910192 0.102177 0.089119 
0.0170281 -0.0514029 -0.0787725 -0.0660172 -0.0393573 -0.0288854 0.0230085 0.0397035 0.0135944 0.0263913 0.023352 0.0378693 0.00310213 0.00546002 0.0161762 
8.80286e-34 7.3511e-34 0.707029 0.405933 0.396084 2.14245e-34 4.17749e-34 6.02334e-34 -0.0143967 -0.00416035 -0.00571147 1.03898e-33 0.0888549 0.124048 0.109932 
0.357343 0.159909 0.207604 0.184593 0.287373 0.268777 0.0100262 0.00197866 0.00294439 0.00252674 0.00630231 0.00561262 0.0752483 0.0742636 0.0669511 
0.471903 0.397141 0.357343 0.378304 0.424369 0.43994 0.0148278 0.00948462 0.0100262 0.0104002 0.0133493 0.0122361 0.0805721 0.0837733 0.0752483 
0.500035 0.494886 0.46152 0.481809 0.490616 0.498815 0.0054273 0.00855847 0.00306979 0.00551676 0.00434256 0.0069804 0.0519416 0.0553492 0.0490887 
0.445501 0.46152 0.494886 0.481809 0.47675 0.453683 0.00654552 0.00306979 0.00855847 0.00551676 0.00772162 0.00474387 0.054676 0.0490887 0.0553492 
0.323605 0.155871 0.231546 0.195411 0.28355 0.247102 -0.0189614 -0.00388554 -0.00177384 -0.00329397 -0.00828072 -0.0107127 0.108778 0.109901 0.100807 
0.354757 0.287918 0.186389 0.239667 0.278539 0.322905 -0.000539866 -0.000475654 -0.000172428 -0.000306924 -0.000360481 -0.00053212 0.0231642 0.0289015 0.0253571 
0.893877 0.609261 0.927341 0.820557 0.913429 0.827166 -0.133804 -0.0531608 -0.110795 -0.0867517 -0.122659 -0.0979257 0.0295508 0.0487532 0.0327777 
0.498683 0.491193 0.433106 0.468939 0.47825 0.495776 -0.00125713 -0.00133833 -0.00102753 -0.00122141 -0.00119707 -0.00131742 0.0274685 0.0317021 0.0283051 
0.404533 0.273382 0.214907 0.244982 0.32237 0.345915 -0.000249505 -7.13892e-05 -6.5618e-05 -7.13006e-05 -0.000157285 -0.00014553 0.0109055 0.00692195 0.0112818 
0.489761 0.408089 0.466835 0.44112 0.479935 0.45913 -0.00013852 -9.12731e-05 -0.000192085 -0.00012851 -0.000155916 -0.000121495 -2.06645e-06 -5.29469e-06 0.00543203 
0.408209 0.489796 0.462933 0.478462 0.438629 0.459205 -9.17551e-05 -0.000138115 -0.000195163 -0.000156952 -0.000129135 -0.00012162 5.19716e-06 1.8815e-06 0.00579462 
0.50201 0.50762 0.480716 0.498456 0.502215 0.506063 0.0227146 0.0196403 0.0190126 0.0201372 0.0214622 0.021601 0.0745009 0.0785001 0.0735377 
0.471903 0.480716 0.50762 0.498456 0.49719 0.476776 0.0148278 0.0190126 0.0196403 0.0201372 0.0174494 0.017591 0.0805721 0.0735377 0.0785001 
0.499597 0.48837 0.47311 0.481518 0.494784 0.498042 -0.000815062 -0.00051801 -0.00082801 -0.000667696 -0.000848966 -0.000666234 0.0192424 0.0142545 0.0211385 
2.76898e-34 1.65538e-34 0.214907 0.114945 0.114902 5.51307e-35 2.86421e-35 5.74037e-35 -6.5618e-05 -1.64914e-05 -1.35037e-05 8.61203e-35 0.0058518 0.0117135 0.0112818 
8.80286e-34 0.707029 0.743443 0.729258 0.435352 0.396084 4.17749e-34 -0.0143967 -0.0327978 -0.0215986 -0.0100619 -0.00571147 0.0888549 0.109932 0.071707 
0.00568356 -0.0787725 -0.0849959 -0.0859686 -0.0632038 -0.0531699 -0.0284714 0.0135944 0.000120545 0.00473781 -0.00807054 -0.000758603 0.031982 0.0161762 0.0330288 
-1.36498e-34 -0.0849959 -0.0787725 -0.0859686 -0.0757153 -0.0614153 -1.11725e-34 0.000120545 0.0135944 0.00473781 0.00550448 0.00190981 0.0242628 0.0330288 0.0161762 
0.39025 0.295103 0.215398 0.256917 0.313047 0.34636 -0.000228542 -0.00023141 -6.98645e-05 -0.000136672 -0.000151235 -0.00024231 0.0108903 0.0170504 0.0117874 
0.498683 0.433106 0.477383 0.458169 0.491288 0.47825 -0.00125713 -0.00102753 -0.000992415 -0.0010338 -0.00114642 -0.00119707 0.0274685 0.0283051 0.0236994 
0.995127 0.847133 0.983804 0.964082 0.991965 0.970404 -0.0359428 -0.0602172 -0.0623221 -0.0713933 -0.0502574 -0.0534735 0.0890682 0.0152425 0.0584109 
0.39025 0.215398 0.272706 0.244857 0.336788 0.313047 -0.000228542 -6.98645e-05 -7.20847e-05 -7.42851e-05 -0.000137937 -0.000151235 0.0108903 0.0117874 0.00700956 
0.53653 0.538145 0.487263 0.515108 0.527986 0.542565 -0.0327797 -0.0590665 -0.0359949 -0.0474694 -0.0366054 -0.0458675 0.0907227 0.0983656 0.101715 
0.468267 0.487263 0.538145 0.515108 0.5105 0.479159 -0.0584281 -0.0359949 -0.0590665 -0.0474694 -0.0604598 -0.0467781 0.106461 0.101715 0.0983656 
0.404533 0.214907 0.294163 0.256113 0.354589 0.32237 -0.000249505 -6.5618e-05 -0.000222531 -0.00013026 -0.000250479 -0.000157285 0.0109055 0.0112818 0.0166471 
0.48837 0.427895 0.47311 0.453223 0.481518 0.464596 -0.00051801 -0.000494811 -0.00082801 -0.000654698 -0.000667696 -0.000521614 0.0142545 0.0170048 0.0211385 
3.36003e-34 0.203566 0.315946 0.263154 0.177432 0.108356 1.44682e-34 -0.000269818 -0.000559282 -0.00041708 -0.000192513 -9.2036e-05 0.029589 0.0338123 0.0287394 
2.76898e-34 0.273382 0.180863 0.229087 0.0954818 0.150013 2.86421e-35 -7.13892e-05 -2.23087e-05 -4.18564e-05 -8.38732e-06 -2.04358e-05 0.0058518 0.00692195 0.00364068 
3.36003e-34 0.315946 0.193374 0.258507 0.102682 0.177432 1.44682e-34 -0.000559282 -0.000175989 -0.000342215 -7.60194e-05 -0.000192513 0.029589 0.0287394 0.0250088 
-1.03133e-34 -0.0787725 -0.0527009 -0.0716462 -0.0382881 -0.0650757 -3.49069e-35 0.0135944 0.0185161 0.0186323 0.00601215 0.00841896 0.0098359 0.0161762 0.00829845 
3.51244e-34 0.295103 0.204158 0.251696 0.108791 0.163732 -8.80955e-35 -0.00023141 -0.000159945 -0.000205742 -4.25138e-05 -7.84107e-05 0.0178065 0.0170504 0.0216144 
0.893877 0.840008 0.609261 0.764604 0.827166 0.873262 -0.133804 -0.123968 -0.0531608 -0.0910018 -0.0979257 -0.13043 0.0295508 0.0401625 0.0487532 
0.404533 0.294163 0.427895 0.369602 0.416604 0.354589 -0.000249505 -0.000222531 -0.000494811 -0.000359966 -0.000357564 -0.000250479 0.0109055 0.0166471 0.0170048 
8.22097e-34 0.836616 0.703217 0.774313 0.405972 0.505902 -5.43116e-34 -0.0213455 -0.00790238 -0.0122333 -0.0027008 -0.0050016 0.11255 0.0810056 0.12187 
0.75 1 0.937292 0.984303 0.859266 0.9375 -3.64309e-37 -6.8155e-37 -0.000633952 -0.000474231 -0.000343435 -1.30202e-36 0.35048 0.349898 0.309868 
4.3821e-34 0.29929 0.456151 0.384317 0.22101 0.134299 2.44932e-34 -0.0233617 -0.0552146 -0.0385781 -0.0146019 -0.00558286 0.0561517 0.0550204 0.0616363 
0.836616 0.847133 0.995127 0.970404 0.970074 0.840914 -0.0213455 -0.0602172 -0.0359428 -0.0534735 -0.034315 -0.0316918 0.0810056 0.0152425 0.0890682 
0.357499 0.427895 0.294163 0.369602 0.327245 0.395667 -0.000506692 -0.000494811 -0.000222531 -0.000359966 -0.000348973 -0.000516472 0.0221262 0.0170048 0.0166471 
0.239532 0.0790156 0.0477402 0.0604223 0.131421 0.157456 -0.086646 -0.0553512 -0.0260237 -0.0405351 -0.0563253 -0.0730448 0.102933 0.088166 0.103612 
2.77802e-34 0.169654 0.272706 0.223592 0.149645 0.0892095 -2.94614e-35 -1.98533e-05 -7.20847e-05 -4.03647e-05 -2.02323e-05 -7.23894e-06 0.00595682 0.00383618 0.00700956 
9.52473e-34 0.70631 0.844149 0.780843 0.513612 0.405267 1.25761e-33 -0.000693238 -0.00215609 -0.0011936 -0.000727155 -0.00029054 0.256783 0.28253 0.232798 
4.75056e-34 5.512e-34 0.609261 0.3419 0.312223 -2.20448e-35 1.92064e-34 2.06225e-34 -0.0531608 -0.0140815 -0.0149578 4.41182e-34 0.0430843 0.0456624 0.0487532 
0.239532 0.315199 0.0790156 0.18863 0.157456 0.274877 -0.086646 -0.116876 -0.0553512 -0.0875849 -0.0730448 -0.102337 0.102933 0.0891532 0.088166 
0.983804 0.847133 0.963612 0.955139 0.974553 0.964082 -0.0623221 -0.0602172 -0.0860846 -0.086235 -0.0741784 -0.0713933 0.0584109 0.0152425 0.0414057 
-1.10032e-35 0.0790156 -0.0307722 0.0155784 -0.0311 -0.00724503 -4.99291e-34 -0.0553512 -0.0226307 -0.0379317 -0.00778868 -0.0171404 0.0940365 0.088166 0.0718204 
0.801982 0.743443 0.963612 0.897777 0.906184 0.779386 -0.0639723 -0.0327978 -0.0860846 -0.0592135 -0.0772842 -0.0486645 0.0498583 0.071707 0.0414057 
0.448256 0.496143 0.466984 0.48514 0.458142 0.479059 -0.00113055 -0.00134078 -0.00110092 -0.00127298 -0.00114725 -0.00127431 0.032197 0.0320661 0.0268255 
0.498683 0.466984 0.496143 0.48514 0.499826 0.494701 -0.00125713 -0.00110092 -0.00134078 -0.00127298 -0.00132672 -0.00122901 0.0274685 0.0268255 0.0320661 
0.631201 0.456151 0.29929 0.384317 0.477126 0.544151 -0.0922872 -0.0552146 -0.0233617 -0.0385781 -0.0542066 -0.0730152 0.0562713 0.0616363 0.0550204 
0.639978 0.469162 0.456151 0.463889 0.568818 0.565218 -0.116143 -0.0619249 -0.0552146 -0.0592497 -0.0873772 -0.0888981 0.0679112 0.0670794 0.0616363 
0.801982 0.927341 0.609261 0.820557 0.709645 0.891055 -0.0639723 -0.110795 -0.0531608 -0.0867517 -0.0618445 -0.0877872 0.0498583 0.0327777 0.0487532 
7.40858e-34 7.74451e-34 0.774668 0.457403 0.45625 1.6986e-34 -1.22716e-33 -1.0057e-33 -0.00170619 -0.000627709 -0.0004829 -2.23154e-33 0.257574 0.210975 0.23578 
4.3821e-34 0.456151 0.223608 0.333703 0.115494 0.22101 2.44932e-34 -0.0552146 -0.0155382 -0.0320357 -0.00448146 -0.0146019 0.0561517 0.0616363 0.0638188 
0.99866 0.937292 0.986664 0.995446 0.994201 0.988604 -0.00146845 -0.000633952 -0.000534102 -0.000651911 -0.000958885 -0.00108892 0.271793 0.309868 0.319848 
0.354757 0.186389 0.204158 0.195337 0.2861 0.278539 -0.000539866 -0.000172428 -0.000159945 -0.000166871 -0.000339719 -0.000360481 0.0231642 0.0253571 0.0216144 
0.99866 0.986664 0.74992 0.905275 0.927965 0.994201 -0.00146845 -0.000534102 -0.00047674 -0.000572434 -0.000983712 -0.000958885 0.271793 0.319848 0.307255 
0.499597 0.477383 0.4427 0.462037 0.483208 0.49276 -0.000815062 -0.000992415 -0.000572443 -0.000773128 -0.000719311 -0.000921823 0.0192424 0.0236994 0.0178834 
0.447579 0.263582 0.354935 0.312922 0.40161 0.360478 -0.0772367 -0.0473875 -0.0396923 -0.0448471 -0.0584968 -0.0657208 0.109082 0.11633 0.112099 
0.641648 0.296631 0.542415 0.429383 0.592021 0.482765 -0.172147 -0.115227 -0.162571 -0.145712 -0.168157 -0.153092 0.054484 0.0500119 0.0657854 
0.354757 0.4427 0.477383 0.462037 0.429362 0.403745 -0.000539866 -0.000572443 -0.000992415 -0.000773128 -0.000792728 -0.000581556 0.0231642 0.0178834 0.0236994 
0.354935 0.263582 0.197523 0.233672 0.279942 0.312922 -0.0396923 -0.0473875 -0.015599 -0.0301456 -0.0285684 -0.0448471 0.112099 0.11633 0.116028 
0.336498 0.542415 0.296631 0.429383 0.317286 0.442894 -0.127671 -0.162571 -0.115227 -0.145712 -0.123063 -0.148105 0.0710689 0.0657854 0.0500119 
2.99961e-34 0.287918 0.194807 0.24342 0.103428 0.159054 -1.45703e-34 -0.000475654 -0.000252593 -0.000370894 -8.61006e-05 -0.000162196 0.0294439 0.0289015 0.0335263 
1.0431e-34 -0.0213171 0.0241055 -0.0100382 0.000230394 -0.0091706 9.20511e-35 0.0615077 0.0467477 0.0622719 0.0546108 0.0582065 -0.0238422 -0.00134153 -0.00888957 
0.354757 0.433106 0.287918 0.370662 0.322905 0.397698 -0.000539866 -0.00102753 -0.000475654 -0.000772147 -0.00053212 -0.000780723 0.0231642 0.0283051 0.0289015 
1.0754e-33 0.847133 0.836616 0.840914 0.515788 0.546966 -3.07333e-34 -0.0602172 -0.0213455 -0.0316918 -0.00758794 -0.0309694 0.0547601 0.0152425 0.0810056 
1.92456e-34 0.155871 0.197523 0.181138 0.110935 0.0802552 -5.72132e-34 -0.00388554 -0.015599 -0.00863299 -0.00408865 -0.0013817 0.114885 0.109901 0.116028 
5.512e-34 0.397566 0.609261 0.519469 0.3419 0.200632 2.06225e-34 -0.0168842 -0.0531608 -0.0315575 -0.0140815 -0.00443457 0.0456624 0.0560561 0.0487532 
0.801982 0.609261 0.397566 0.519469 0.627151 0.709645 -0.0639723 -0.0531608 -0.0168842 -0.0315575 -0.038607 -0.0618445 0.0498583 0.0487532 0.0560561 
0.99866 0.844149 0.70631 0.780843 0.935995 0.967789 -0.00146845 -0.00215609 -0.000693238 -0.0011936 -0.00129455 -0.00209352 0.271793 0.232798 0.28253 
5.22736e-35 1.05102e-34 0.127075 0.061949 0.041023 -6.93732e-36 -5.6927e-34 -6.07036e-34 -0.0322951 -0.00967267 -0.0101507 -1.14368e-33 0.111893 0.120447 0.11425 
0.354757 0.204158 0.295103 0.251696 0.326253 0.2861 -0.000539866 -0.000159945 -0.00023141 -0.000205742 -0.000367923 -0.000339719 0.0231642 0.0216144 0.0170504 
0.357499 0.199388 0.193374 0.196384 0.28324 0.285726 -0.000506692 -0.000143212 -0.000175989 -0.000158115 -0.00034819 -0.000316812 0.0221262 0.0210341 0.0250088 
0.489761 0.466835 0.499982 0.491767 0.497465 0.479935 -0.00013852 -0.000192085 -0.000191838 -0.000198426 -0.000159061 -0.000155916 -2.06645e-06 0.00543203 0.00381166 
2.99961e-34 0.186389 0.287918 0.239667 0.159054 0.098492 -1.45703e-34 -0.000172428 -0.000475654 -0.000306924 -0.000162196 -7.06109e-05 0.0294439 0.0253571 0.0289015 
0.489796 0.499982 0.462933 0.490644 0.478462 0.497397 -0.000138115 -0.000191838 -0.000195163 -0.000200532 -0.000156952 -0.000158724 1.8815e-06 0.00381166 0.00579462 
3.42047e-34 0.199388 0.294163 0.249029 0.163146 0.105956 8.62087e-35 -0.000143212 -0.000222531 -0.00019311 -7.50555e-05 -3.75991e-05 0.0176162 0.0210341 0.0166471 
-1.10032e-35 5.22736e-35 0.0477402 0.0148059 -0.00334489 -3.02483e-35 -4.99291e-34 -5.6927e-34 -0.0260237 -0.00763681 -0.0080374 -1.01517e-33 0.0940365 0.111893 0.103612 
-3.59246e-35 -0.0527009 -0.0149843 -0.0336423 -0.011536 -0.0257916 -7.25161e-36 0.0185161 0.0138977 0.017621 0.00415959 0.00599429 0.00319424 0.00829845 0.00550786 
0.0170281 0.0658575 0.333905 0.180611 0.1393 0.0403982 0.0230085 -0.0214148 -0.0884072 -0.048997 -0.0250815 -0.000260127 0.00310213 0.0144308 0.00963939 
1.63661e-34 1.92456e-34 0.197523 0.110935 0.0997633 6.71156e-35 -6.04776e-34 -5.72132e-34 -0.015599 -0.00408865 -0.00500437 -1.16372e-33 0.120946 0.114885 0.116028 
0.00568356 -0.0849959 -0.0730334 -0.0811863 -0.0513321 -0.0632038 -0.0284714 0.000120545 -0.00865857 -0.0041651 -0.0171488 -0.00807054 0.031982 0.0330288 0.0499563 
0.801982 0.397566 0.743443 0.579857 0.779386 0.627151 -0.0639723 -0.0168842 -0.0327978 -0.0251538 -0.0486645 -0.038607 0.0498583 0.0560561 0.071707 
0.634032 0.609261 0.840008 0.764604 0.759407 0.625973 -0.0717496 -0.0531608 -0.123968 -0.0910018 -0.100104 -0.0629499 0.0474435 0.0487532 0.0401625 
1.09652e-33 0.847133 1.0754e-33 0.546966 3.01939e-34 0.566792 6.59266e-36 -0.0602172 -3.07333e-34 -0.0309694 -1.46552e-35 -0.0821279 -0.0713725 0.0152425 0.0547601 
0.323605 0.197523 0.155871 0.181138 0.247102 0.263695 -0.0189614 -0.015599 -0.00388554 -0.00863299 -0.0107127 -0.0192688 0.108778 0.116028 0.109901 
0.499983 0.499982 0.466835 0.491767 0.491714 0.499982 -0.000308989 -0.000191838 -0.000192085 -0.000198426 -0.000252999 -0.000242933 0.00844856 0.00381166 0.00543203 
0.499983 0.462933 0.499982 0.490644 0.499982 0.4907 -0.000308989 -0.000195163 -0.000191838 -0.000200532 -0.000242933 -0.000256901 0.00844856 0.00579462 0.00381166 
9.53836e-34 8.22097e-34 0.703217 0.405972 0.401127 3.51675e-34 -7.80323e-34 -5.43116e-34 -0.00790238 -0.0027008 -0.00201589 -1.31301e-33 0.162902 0.11255 0.12187 
-9.96369e-35 -0.0307722 -0.0730334 -0.0553626 -0.0537909 -0.0460005 -3.54947e-34 -0.0226307 -0.00865857 -0.0152472 -0.00313417 -0.0058909 0.0701713 0.0718204 0.0499563 
0.999363 0.995127 0.707029 0.908916 0.918969 0.997775 -0.0153895 -0.0359428 -0.0143967 -0.0255266 -0.0180156 -0.0245411 0.132772 0.0890682 0.109932 
9.53836e-34 0.703217 0.83487 0.773756 0.507297 0.401127 -7.80323e-34 -0.00790238 -0.00661439 -0.00765156 -0.0021796 -0.00201589 0.162902 0.12187 0.159518 
0.821804 0.759475 0.759303 0.796506 0.818471 0.789575 -0.157217 -0.167315 -0.116057 -0.14861 -0.141393 -0.163515 0.0342216 0.0433441 0.0479279 
0.357499 0.294163 0.199388 0.249029 0.285726 0.327245 -0.000506692 -0.000222531 -0.000143212 -0.00019311 -0.000316812 -0.000348973 0.0221262 0.0166471 0.0210341 
0.3529 0.333905 0.735556 0.53374 0.571224 0.344391 -0.0848824 -0.0884072 -0.151787 -0.129857 -0.128843 -0.0855709 -0.0013148 0.00963939 0.0159252 
0.983804 0.963612 0.743443 0.897777 0.907674 0.974553 -0.0623221 -0.0860846 -0.0327978 -0.0592135 -0.0493568 -0.0741784 0.0584109 0.0414057 0.071707 
1.0431e-34 -2.55675e-35 -0.0213171 -0.0082902 -0.0091706 8.09546e-35 9.20511e-35 6.39597e-35 0.0615077 0.0515133 0.0582065 6.60757e-35 -0.0238422 0.00417153 -0.00134153 
0.999363 0.707029 0.647788 0.679292 0.903789 0.918969 -0.0153895 -0.0143967 -0.00645759 -0.00937547 -0.0128943 -0.0180156 0.132772 0.109932 0.143468 
0.999363 0.836616 0.995127 0.970074 0.997775 0.96408 -0.0153895 -0.0213455 -0.0359428 -0.034315 -0.0245411 -0.0218692 0.132772 0.0810056 0.0890682 
0.244802 0.180863 0.380007 0.292364 0.318694 0.213725 -3.31398e-05 -2.23087e-05 -0.000106046 -6.04732e-05 -6.1881e-05 -2.71141e-05 -3.49003e-06 0.00364068 0.00410605 
0.244978 0.380105 0.169654 0.287944 0.208532 0.318854 -3.31523e-05 -0.000106513 -1.98533e-05 -5.91311e-05 -2.59967e-05 -6.19316e-05 3.62221e-06 0.00414549 0.00383618 
0.39025 0.487328 0.4427 0.469038 0.418619 0.450754 -0.000228542 -0.00044875 -0.000572443 -0.000520316 -0.000374966 -0.000342464 0.0108903 0.0127586 0.0178834 
7.3511e-34 0.647788 0.707029 0.679292 0.405933 0.361577 6.02334e-34 -0.00645759 -0.0143967 -0.00937547 -0.00416035 -0.00224104 0.124048 0.143468 0.109932 
0.420453 0.495776 0.50548 0.500795 0.470768 0.467062 -0.00883137 0.00634991 -0.0109156 -0.000799547 -0.0108887 -0.0018294 0.0982166 0.0872989 0.093388 
0.398621 0.471387 0.481486 0.476413 0.448115 0.440829 0.0115899 0.0130289 0.0178198 0.0156319 0.0149853 0.0129279 0.0670431 0.0611907 0.0674886 
7.74451e-34 0.645109 0.774668 0.713474 0.457403 0.363423 -1.0057e-33 -0.00224846 -0.00170619 -0.00201564 -0.000627709 -0.000582878 0.210975 0.193346 0.23578 
0.99866 0.74992 0.624627 0.690409 0.894815 0.927965 -0.00146845 -0.00047674 -0.000649724 -0.000583142 -0.00126398 -0.000983712 0.271793 0.307255 0.272306 
0.00568356 0.296631 0.27184 0.285253 0.121007 0.134629 -0.0284714 -0.115227 -0.0942221 -0.10641 -0.0567867 -0.0700695 0.031982 0.0500119 0.0276753 
8.6188e-34 0.84279 0.647788 0.754928 0.365841 0.50964 8.09944e-34 -0.00536011 -0.00645759 -0.00624631 -0.00163232 -0.00216686 0.165972 0.178468 0.143468 
0.385038 0.461775 0.469809 0.466056 0.434253 0.428897 5.16067e-05 0.00290453 0.000331914 0.00146066 0.000199283 0.00112212 0.0449438 0.0504797 0.0442091 
3.14464e-34 3.30962e-34 0.397016 0.204485 0.184083 5.02205e-35 2.31232e-34 2.0278e-34 -0.0347076 -0.00896665 -0.00818641 4.65452e-34 0.0497837 0.0436058 0.0515112 
0.999363 0.703217 0.836616 0.774313 0.96408 0.934057 -0.0153895 -0.00790238 -0.0213455 -0.0122333 -0.0218692 -0.0145283 0.132772 0.12187 0.0810056 
-3.59246e-35 -1.03133e-34 -0.0527009 -0.0382881 -0.0257916 -3.0002e-35 -7.25161e-36 -3.49069e-35 0.0185161 0.00601215 0.00599429 -6.2236e-35 0.00319424 0.0098359 0.00829845 
1.87774e-34 3.51244e-34 0.204158 0.108791 0.108687 7.01605e-35 -1.17005e-34 -8.80955e-35 -0.000159945 -4.25138e-05 -4.48856e-05 -2.0486e-34 0.0236793 0.0178065 0.0216144 
0.75 0.74992 0.986664 0.905275 0.90529 0.749917 -4.22027e-37 -0.00047674 -0.000534102 -0.000572434 -0.000332016 -0.000258374 0.349369 0.307255 0.319848 
0.413519 0.574701 0.506433 0.540151 0.466467 0.508429 -0.0434858 -0.0913887 -0.0546529 -0.0721508 -0.0510001 -0.0674549 0.0743599 0.0817588 0.0816061 
0.332794 0.449079 0.447623 0.447254 0.395008 0.39134 0.0098375 -0.00599278 0.00780685 0.00126048 0.00954881 0.00446259 0.0781278 0.081165 0.0808286 
0.367041 0.443949 0.456181 0.450198 0.417223 0.409126 0.012083 0.0209493 0.0178262 0.0195419 0.0153192 0.0167953 0.0683356 0.0721895 0.0678239 
0.641648 0.719884 0.759475 0.753609 0.701695 0.717083 -0.172147 -0.142221 -0.167315 -0.158133 -0.172059 -0.166348 0.054484 0.0601357 0.0433441 
0.380453 0.458213 0.466569 0.462426 0.430137 0.424263 0.000112092 -0.000776914 0.000544996 -0.00029672 0.000332057 -0.00032575 0.0434558 0.0385385 0.0438465 
0.287918 0.433106 0.341079 0.39196 0.315457 0.370662 -0.000475654 -0.00102753 -0.000737422 -0.000908367 -0.000608339 -0.000772147 0.0289015 0.0283051 0.0329353 
0.499983 0.48837 0.487328 0.499977 0.496809 0.497088 -0.000308989 -0.00051801 -0.00044875 -0.000503912 -0.000377925 -0.000406356 0.00844856 0.0142545 0.0127586 
0.641648 0.524691 0.296631 0.40738 0.482765 0.591833 -0.172147 -0.154039 -0.115227 -0.136021 -0.153092 -0.166908 0.054484 0.0389627 0.0500119 
0.499985 0.455075 0.495554 0.480631 0.499021 0.489183 -0.001134 -0.000887135 -0.000509532 -0.000755198 -0.000876263 -0.00103986 0.0362985 0.0381976 0.0403652 
-1.42709e-35 -3.59246e-35 -0.0149843 -0.011536 -0.00170891 7.40951e-37 -1.13109e-35 -7.25161e-36 0.0138977 0.00415959 0.00179945 -4.36541e-35 0.00554377 0.00319424 0.00550786 
0.385038 0.469809 0.455075 0.462886 0.424174 0.434253 5.16067e-05 0.000331914 -0.000887135 -0.000470877 -0.000454494 0.000199283 0.0449438 0.0442091 0.0381976 
0.3529 0.105013 0.0241055 0.0524447 0.135293 0.221767 -0.0848824 0.00102473 0.0467477 0.0322823 -0.010258 -0.0437477 -0.0013148 -0.0291066 -0.00888957 
-1.42709e-35 -0.0149843 -3.73513e-35 -0.00447897 -5.4516e-35 -0.00170891 -1.13109e-35 0.0138977 1.97714e-35 0.0101188 -3.17719e-36 0.00179945 0.00554377 0.00550786 0.00797472 
0.439555 0.341079 0.433106 0.39196 0.436371 0.396147 -0.00109534 -0.000737422 -0.00102753 -0.000908367 -0.00110117 -0.000935463 0.0327225 0.0329353 0.0283051 
0.634032 0.295203 0.609261 0.450623 0.625973 0.477407 -0.0717496 -0.0169976 -0.0531608 -0.0320123 -0.0629499 -0.0410126 0.0474435 0.0461278 0.0487532 
0.641648 0.759475 0.524691 0.661366 0.591833 0.701695 -0.172147 -0.167315 -0.154039 -0.169785 -0.166908 -0.172059 0.054484 0.0433441 0.0389627 
0.404533 0.427895 0.48837 0.464596 0.456565 0.416604 -0.000249505 -0.000494811 -0.00051801 -0.000521614 -0.000380909 -0.000357564 0.0109055 0.0170048 0.0142545 
9.52473e-34 6.96035e-34 0.70631 0.405689 0.405267 3.06577e-34 1.25761e-33 1.48723e-33 -0.000693238 -0.000174181 -0.00029054 2.74594e-33 0.256783 0.303439 0.28253 
0.367041 0.456181 0.454888 0.455664 0.416512 0.417223 0.012083 0.0178262 0.0127009 0.0153544 0.0129907 0.0153192 0.0683356 0.0678239 0.0628433 
0.99866 0.997011 0.844149 0.971147 0.967789 0.997861 -0.00146845 -0.00280281 -0.00215609 -0.00279397 -0.00209352 -0.00216158 0.271793 0.235278 0.232798 
0.332794 0.447623 0.435735 0.440825 0.388865 0.395008 0.0098375 0.00780685 0.0170521 0.0133696 0.0136923 0.00954881 0.0781278 0.0808286 0.0788476 
0.999363 0.647788 0.84279 0.754928 0.956981 0.903789 -0.0153895 -0.00645759 -0.00536011 -0.00624631 -0.0101938 -0.0128943 0.132772 0.143468 0.178468 
0.50014 0.454888 0.492196 0.477104 0.497607 0.487074 0.0128846 0.0127009 0.0166054 0.014805 0.0148289 0.0133549 0.0598093 0.0628433 0.0639182 
4.3821e-34 3.14464e-34 0.29929 0.14905 0.134299 7.87364e-35 2.44932e-34 2.31232e-34 -0.0233617 -0.00616031 -0.00558286 5.23131e-34 0.0561517 0.0497837 0.0550204 
-0.0367584 -0.0149843 -0.0527009 -0.0336423 -0.0466438 -0.0275652 0.0402631 0.0138977 0.0185161 0.017621 0.0298157 0.0274446 0.00489518 0.00550786 0.00829845 
0.3529 0.1253 0.333905 0.224194 0.344391 0.220325 -0.0848824 -0.0107172 -0.0884072 -0.0508683 -0.0855709 -0.0444755 -0.0013148 -0.00209207 0.00963939 
0.413519 0.597308 0.574701 0.585589 0.508429 0.509762 -0.0434858 -0.104756 -0.0913887 -0.0988318 -0.0674549 -0.0714051 0.0743599 0.0752688 0.0817588 
0.506471 0.435735 0.494727 0.468755 0.501795 0.481577 0.0167157 0.0170521 0.0118827 0.0151988 0.0144724 0.0174766 0.0807862 0.0788476 0.0818983 
0.563682 0.506433 0.579813 0.553205 0.572513 0.555409 -0.0778662 -0.0546529 -0.0902848 -0.0725338 -0.0846071 -0.0684643 0.0944129 0.0816061 0.089119 
0.989635 0.844149 0.997011 0.971147 0.993887 0.978399 -0.00480898 -0.00215609 -0.00280281 -0.00279397 -0.00357443 -0.00387948 0.200478 0.232798 0.235278 
0.99866 0.624627 0.774668 0.704314 0.934773 0.894815 -0.00146845 -0.000649724 -0.00170619 -0.00102012 -0.001868 -0.00126398 0.271793 0.272306 0.23578 
0.893877 0.735556 0.840008 0.851781 0.873262 0.840993 -0.133804 -0.151787 -0.123968 -0.150796 -0.13043 -0.150169 0.0295508 0.0159252 0.0401625 
0.0236461 -0.0730334 -0.0307722 -0.0553626 -0.0111979 -0.0420314 -0.0458434 -0.00865857 -0.0226307 -0.0152472 -0.0342721 -0.0234079 0.0543559 0.0499563 0.0718204 
1.0431e-34 0.0241055 0.105013 0.0524447 0.00972818 0.000230394 9.20511e-35 0.0467477 0.00102473 0.0322823 0.0390987 0.0546108 -0.0238422 -0.00888957 -0.0291066 
0.609092 0.624985 0.597308 0.623708 0.647102 0.62612 -0.157202 -0.129528 -0.104756 -0.119853 -0.138592 -0.145297 0.0800811 0.0835488 0.0752688 
4.75056e-34 0.609261 0.295203 0.450623 0.156128 0.312223 1.92064e-34 -0.0531608 -0.0169976 -0.0320123 -0.00549074 -0.0149578 0.0430843 0.0487532 0.0461278 
0.639978 0.719884 0.674539 0.70696 0.684043 0.681602 -0.116143 -0.142221 -0.162659 -0.156049 -0.144025 -0.129478 0.0679112 0.0601357 0.0686483 
0.641648 0.674539 0.719884 0.70696 0.717083 0.665208 -0.172147 -0.162659 -0.142221 -0.156049 -0.166348 -0.170313 0.054484 0.0686483 0.0601357 
0.439555 0.433106 0.491193 0.468939 0.471125 0.436371 -0.00109534 -0.00102753 -0.00133833 -0.00122141 -0.00123531 -0.00110117 0.0327225 0.0283051 0.0317021 
5.22736e-35 0.127075 0.0477402 0.0866113 0.0148059 0.041023 -5.6927e-34 -0.0322951 -0.0260237 -0.0297846 -0.00763681 -0.0101507 0.111893 0.11425 0.103612 
0.0170281 0.333905 0.1253 0.224194 0.0628441 0.1393 0.0230085 -0.0884072 -0.0107172 -0.0508683 0.0113565 -0.0250815 0.00310213 0.00963939 -0.00209207 
0.380453 0.466569 0.46152 0.463945 0.426223 0.430137 0.000112092 0.000544996 0.00306979 0.00165909 0.00121999 0.000332057 0.0434558 0.0438465 0.0490887 
0.272706 0.169654 0.380105 0.287944 0.330662 0.223592 -7.20847e-05 -1.98533e-05 -0.000106513 -5.91311e-05 -9.2091e-05 -4.03647e-05 0.00700956 0.00383618 0.00414549 
0.273382 0.380007 0.180863 0.292364 0.229087 0.330897 -7.13892e-05 -0.000106046 -2.23087e-05 -6.04732e-05 -4.18564e-05 -9.17751e-05 0.00692195 0.00410605 0.00364068 
6.34911e-34 8.80286e-34 0.743443 0.435352 0.413473 3.63859e-35 2.85467e-34 4.17749e-34 -0.0327978 -0.0100619 -0.0125763 7.30024e-34 0.0614874 0.0888549 0.071707 
0.75 0.437599 0.74992 0.609312 0.749917 0.609437 -4.22027e-37 -8.74692e-05 -0.00047674 -0.000210528 -0.000258374 -8.0723e-05 0.349369 0.326456 0.307255 
0.408089 0.380007 0.466835 0.430168 0.44112 0.394515 -9.12731e-05 -0.000106046 -0.000192085 -0.000148516 -0.00012851 -9.46282e-05 -5.29469e-06 0.00410605 0.00543203 
0.408209 0.462933 0.380105 0.427432 0.394626 0.438629 -9.17551e-05 -0.000195163 -0.000106513 -0.000149256 -9.51758e-05 -0.000129135 5.19716e-06 0.00579462 0.00414549 
0.821804 0.840008 0.735556 0.851781 0.795584 0.845455 -0.157217 -0.123968 -0.151787 -0.150796 -0.158642 -0.143933 0.0342216 0.0401625 0.0159252 
0.398621 0.481486 0.480716 0.481121 0.446617 0.448115 0.0115899 0.0178198 0.0190126 0.0187716 0.0157417 0.0149853 0.0670431 0.0674886 0.0735377 
0.99866 0.70631 0.937292 0.843056 0.988604 0.935995 -0.00146845 -0.000693238 -0.000633952 -0.000763929 -0.00108892 -0.00129455 0.271793 0.28253 0.309868 
3.42047e-34 1.88613e-34 0.199388 0.106053 0.105956 7.78652e-35 8.62087e-35 1.15362e-34 -0.000143212 -3.90672e-05 -3.75991e-05 2.0179e-34 0.0176162 0.0235476 0.0210341 
0.500035 0.46152 0.495266 0.482431 0.498888 0.490616 0.0054273 0.00306979 0.00254588 0.00285062 0.00389521 0.00434256 0.0519416 0.0490887 0.0477169 
0.989635 0.99944 0.84279 0.965271 0.978124 0.9962 -0.00480898 -0.00866984 -0.00536011 -0.00769963 -0.00618424 -0.00680934 0.200478 0.167734 0.178468 
0.420453 0.50548 0.487263 0.498837 0.456541 0.470768 -0.00883137 -0.0109156 -0.0359949 -0.0228363 -0.0209495 -0.0108887 0.0982166 0.093388 0.101715 
7.3511e-34 8.6188e-34 0.647788 0.365841 0.361577 3.63821e-34 6.02334e-34 8.09944e-34 -0.00645759 -0.00163232 -0.00224104 1.42032e-33 0.124048 0.165972 0.143468 
0.408089 0.244802 0.380007 0.318694 0.394515 0.336644 -9.12731e-05 -3.31398e-05 -0.000106046 -6.1881e-05 -9.46282e-05 -6.35031e-05 -5.29469e-06 -3.49003e-06 0.00410605 
0.244978 0.408209 0.380105 0.394626 0.318854 0.336802 -3.31523e-05 -9.17551e-05 -0.000106513 -9.51758e-05 -6.19316e-05 -6.35552e-05 3.62221e-06 5.19716e-06 0.00414549 
0.631201 0.29929 0.397016 0.346404 0.531185 0.477126 -0.0922872 -0.0233617 -0.0347076 -0.0286544 -0.0626418 -0.0542066 0.0562713 0.0550204 0.0515112 
-3.3064e-34 0.586448 6.96035e-34 0.325008 4.90359e-34 0.325163 8.59075e-34 -0.000196729 1.48723e-33 -7.36342e-05 3.20556e-33 -3.98097e-05 0.350517 0.319681 0.303439 
6.96035e-34 0.586448 0.70631 0.649008 0.405689 0.325008 1.48723e-33 -0.000196729 -0.000693238 -0.000373873 -0.000174181 -7.36342e-05 0.303439 0.319681 0.28253 
0.499983 0.466835 0.477966 0.47268 0.494494 0.491714 -0.000308989 -0.000192085 -0.000323232 -0.000248688 -0.000324019 -0.000252999 0.00844856 0.00543203 0.00992294 
0.404533 0.477966 0.466835 0.47268 0.439707 0.447698 -0.000249505 -0.000323232 -0.000192085 -0.000248688 -0.000223519 -0.000293517 0.0109055 0.00992294 0.00543203 
7.27626e-34 0.624627 0.74992 0.690409 0.437513 0.349642 -1.44607e-33 -0.000649724 -0.00047674 -0.000583142 -0.00014284 -0.000157729 0.303617 0.272306 0.307255 
1 0.75 0.986664 0.90529 0.99666 0.9375 -6.8155e-37 -4.22027e-37 -0.000534102 -0.000332016 -0.000379458 -1.13523e-36 0.349898 0.349369 0.319848 
0.999363 0.84279 0.99944 0.965271 0.999785 0.956981 -0.0153895 -0.00536011 -0.00866984 -0.00769963 -0.0112324 -0.0101938 0.132772 0.178468 0.167734 
2.15104e-34 2.06806e-34 0.224794 0.119755 0.122154 9.26441e-35 -4.2597e-34 -3.82522e-34 0.00328692 0.0010015 0.00090576 -8.10907e-34 0.0864818 0.0777245 0.0827187 
0.50201 0.480716 0.502568 0.495838 0.503791 0.502215 0.0227146 0.0190126 0.0216791 0.0207801 0.0224513 0.0214622 0.0745009 0.0735377 0.0710508 
1.83858e-34 1.82247e-34 0.198472 0.104775 0.105543 7.81653e-35 -2.81563e-34 -2.54104e-34 0.00107675 0.000248299 0.000351922 -5.36475e-34 0.0571226 0.0515137 0.0546156 
0.989635 0.774668 0.645109 0.713474 0.878845 0.916669 -0.00480898 -0.00170619 -0.00224846 -0.00201564 -0.00412749 -0.003239 0.200478 0.23578 0.193346 
1.81366e-34 1.81591e-34 0.197955 0.105059 0.1058 7.99603e-35 2.68495e-34 2.99146e-34 0.00100431 0.000334766 0.000236378 5.66887e-34 0.05472 0.060921 0.0574716 
1.54947e-34 1.46503e-34 0.169751 0.0865266 0.0898427 6.22922e-35 3.69657e-34 3.81247e-34 0.00462099 0.0013261 0.00129139 7.47466e-34 0.0750813 0.0774196 0.075614 
1.17167e-34 1.19398e-34 0.144022 0.0702063 0.0699246 4.37562e-35 3.74494e-34 3.62486e-34 -0.000454542 -0.000251136 0.000138064 7.37455e-34 0.0763241 0.0740283 0.0754944 
-1.20849e-34 -9.96369e-35 -0.0730334 -0.0537909 -0.0606955 -7.97304e-35 -2.22114e-34 -3.54947e-34 -0.00865857 -0.00313417 -0.00172415 -5.65904e-34 0.0447833 0.0701713 0.0499563 
0.557966 0.634092 0.333905 0.49089 0.454544 0.594285 -0.151019 -0.151929 -0.0884072 -0.126737 -0.124679 -0.15161 0.0292214 0.021589 0.00963939 
1.59841e-34 4.3821e-34 0.223608 0.115494 0.104294 6.51921e-35 3.01533e-34 2.44932e-34 -0.0155382 -0.00448146 -0.00371235 5.83443e-34 0.062269 0.0561517 0.0638188 
1.71486e-34 2.99961e-34 0.194807 0.103428 0.103247 8.07916e-35 -1.73507e-34 -1.45703e-34 -0.000252593 -8.61006e-05 -7.70296e-05 -3.18844e-34 0.0351161 0.0294439 0.0335263 
0.357499 0.466984 0.47311 0.470121 0.42672 0.421818 -0.000506692 -0.00110092 -0.00082801 -0.000968189 -0.000692786 -0.00080579 0.0221262 0.0268255 0.0211385 
0.937292 0.70631 0.586448 0.649008 0.800407 0.843056 -0.000633952 -0.000693238 -0.000196729 -0.000373873 -0.00041946 -0.000763929 0.309868 0.28253 0.319681 
0.53653 0.487263 0.529477 0.521337 0.532979 0.527986 -0.0327797 -0.0359949 -0.0192073 -0.0285163 -0.0258388 -0.0366054 0.0907227 0.101715 0.0905227 
1 0.986664 0.937292 0.995446 0.984303 0.99666 -6.8155e-37 -0.000534102 -0.000633952 -0.000651911 -0.000474231 -0.000379458 0.349898 0.319848 0.309868 
-1.36498e-34 -1.20849e-34 -0.0849959 -0.061916 -0.0614153 -7.94208e-35 -1.11725e-34 -2.22114e-34 0.000120545 4.90318e-05 0.00190981 -3.3679e-34 0.0242628 0.0447833 0.0330288 
6.34911e-34 0.743443 0.397566 0.579857 0.214133 0.413473 2.85467e-34 -0.0327978 -0.0168842 -0.0251538 -0.00528833 -0.0125763 0.0614874 0.071707 0.0560561 
-3.3064e-34 0.75 0.586448 0.673372 0.325163 0.4375 8.59075e-34 -3.64309e-37 -0.000196729 -0.000129208 -3.98097e-05 -1.09748e-37 0.350517 0.35048 0.319681 
1.86905e-34 1.86292e-34 0.204308 0.109056 0.108997 7.51383e-35 2.05727e-34 2.37105e-34 -8.36597e-05 -1.20569e-05 -4.51014e-05 4.42852e-34 0.0419818 0.0483667 0.0451468 
3.36003e-34 1.83851e-34 0.203566 0.108541 0.108356 7.42451e-35 1.44682e-34 1.74967e-34 -0.000269818 -8.12065e-05 -9.2036e-05 3.20087e-34 0.029589 0.0357146 0.0338123 
1.74387e-34 1.67155e-34 0.187646 0.0982097 0.10047 7.4305e-35 3.27253e-34 3.51349e-34 0.00307358 0.000961911 0.000828414 6.76362e-34 0.0665538 0.0714067 0.0686724 
1.32424e-34 1.23635e-34 0.149469 0.0738895 0.0765938 5.0075e-35 3.85329e-34 3.82701e-34 0.00370377 0.00101974 0.00117658 7.65259e-34 0.0782874 0.0778141 0.0776577 
1.2734e-34 1.40125e-34 0.16747 0.082316 0.0775028 4.85682e-35 3.46279e-34 3.26089e-34 -0.00722109 -0.00200135 -0.00145761 6.78626e-34 0.0709668 0.0670373 0.0706318 
2.11992e-34 2.22348e-34 0.231546 0.126789 0.125331 9.33259e-35 -5.25193e-34 -4.74286e-34 -0.00177384 -0.000254863 -0.000860808 -9.97563e-34 0.106048 0.0960103 0.100807 
1.96005e-34 1.9026e-34 0.207604 0.109471 0.111606 8.46541e-35 -3.44526e-34 -3.11231e-34 0.00294439 0.000776175 0.000883436 -6.57939e-34 0.0700042 0.0632199 0.0669511 
1.80426e-34 1.7894e-34 0.195472 0.103587 0.103535 7.8082e-35 -2.27483e-34 -2.00796e-34 -8.32406e-05 -3.73004e-05 -6.51289e-06 -4.28266e-34 0.0460706 0.0406501 0.0433576 
0.634032 0.759303 0.397016 0.60646 0.516583 0.709245 -0.0717496 -0.116057 -0.0347076 -0.0744668 -0.0526823 -0.0940985 0.0474435 0.0479279 0.0515112 
0.609092 0.497304 0.624985 0.586905 0.62612 0.553839 -0.157202 -0.136089 -0.129528 -0.140304 -0.145297 -0.148534 0.0800811 0.0944726 0.0835488 
0.593141 0.624985 0.497304 0.586905 0.56204 0.609909 -0.119844 -0.129528 -0.136089 -0.140304 -0.132647 -0.125471 0.0910192 0.0835488 0.0944726 
0.631201 0.759303 0.759475 0.796506 0.759771 0.697745 -0.0922872 -0.116057 -0.167315 -0.14861 -0.140066 -0.105048 0.0562713 0.0479279 0.0433441 
0.3529 0.0241055 0.1253 0.0687306 0.220325 0.135293 -0.0848824 0.0467477 -0.0107172 0.0181838 -0.0444755 -0.010258 -0.0013148 -0.00888957 -0.00209207 
0.499983 0.477966 0.48837 0.483575 0.497088 0.494494 -0.000308989 -0.000323232 -0.00051801 -0.00041258 -0.000406356 -0.000324019 0.00844856 0.00992294 0.0142545 
-4.13208e-34 7.27626e-34 0.437599 0.234464 0.234401 6.19406e-34 -8.31695e-34 -1.44607e-33 -8.74692e-05 -5.3347e-05 -2.51317e-05 -3.10923e-33 0.349303 0.303617 0.326456 
0.999363 0.83487 0.703217 0.773756 0.934057 0.962658 -0.0153895 -0.00661439 -0.00790238 -0.00765156 -0.0145283 -0.0115686 0.132772 0.159518 0.12187 
0.239532 0.0477402 0.127075 0.0866113 0.17771 0.131421 -0.086646 -0.0260237 -0.0322951 -0.0297846 -0.0595324 -0.0563253 0.102933 0.103612 0.11425 
0.631201 0.397016 0.759303 0.60646 0.697745 0.531185 -0.0922872 -0.0347076 -0.116057 -0.0744668 -0.105048 -0.0626418 0.0562713 0.0515112 0.0479279 
0.404533 0.48837 0.477966 0.483575 0.447698 0.456565 -0.000249505 -0.00051801 -0.000323232 -0.00041258 -0.000293517 -0.000380909 0.0109055 0.0142545 0.00992294 
-9.96369e-35 -1.10032e-35 -0.0307722 -0.0311 -0.0460005 -4.84548e-35 -3.54947e-34 -4.99291e-34 -0.0226307 -0.00778868 -0.0058909 -8.07118e-34 0.0701713 0.0940365 0.0718204 
7.27626e-34 0.74992 0.437599 0.609312 0.234464 0.437513 -1.44607e-33 -0.00047674 -8.74692e-05 -0.000210528 -5.3347e-05 -0.00014284 0.303617 0.307255 0.326456 
2.15104e-34 0.224794 0.176522 0.201933 0.0929933 0.122154 -4.2597e-34 0.00328692 0.000941557 0.00206577 0.000359439 0.00090576 0.0864818 0.0827187 0.0914049 
0.75 0.937292 0.586448 0.800407 0.673372 0.859266 -3.64309e-37 -0.000633952 -0.000196729 -0.00041946 -0.000129208 -0.000343435 0.35048 0.309868 0.319681 
0.347107 0.176522 0.224794 0.201933 0.290859 0.270203 0.0030647 0.000941557 0.00328692 0.00206577 0.00405305 0.00197368 0.0913093 0.0914049 0.0827187 
1.83858e-34 0.198472 0.152042 0.175657 0.0788184 0.105543 -2.81563e-34 0.00107675 0.00115199 0.00116206 0.000292096 0.000351922 0.0571226 0.0546156 0.0603296 
0.0170281 0.1253 0.0241055 0.0687306 0.0253967 0.0628441 0.0230085 -0.0107172 0.0467477 0.0181838 0.0362576 0.0113565 0.00310213 -0.00209207 -0.00888957 
7.27626e-34 7.40858e-34 0.624627 0.350049 0.349642 4.30383e-34 -1.44607e-33 -1.22716e-33 -0.000649724 -0.000237942 -0.000157729 -2.67252e-33 0.303617 0.257574 0.272306 
0.3139 0.152042 0.198472 0.175657 0.258536 0.238899 0.00513099 0.00115199 0.00107675 0.00116206 0.00270116 0.00292338 0.060654 0.0603296 0.0546156 
1.88613e-34 3.36003e-34 0.193374 0.102682 0.102569 8.6446e-35 1.15362e-34 1.44682e-34 -0.000175989 -7.60194e-05 -4.58491e-05 2.6046e-34 0.0235476 0.029589 0.0250088 
7.74451e-34 9.53836e-34 0.645109 0.36504 0.363423 4.15456e-34 -1.0057e-33 -7.80323e-34 -0.00224846 -0.00108143 -0.000582878 -1.78127e-33 0.210975 0.162902 0.193346 
0.0790156 0.315199 0.122991 0.218722 0.0979445 0.18863 -0.0553512 -0.116876 -0.0757504 -0.0989524 -0.0658271 -0.0875849 0.088166 0.0891532 0.0720207 
0.631201 0.759475 0.719884 0.753609 0.693451 0.759771 -0.0922872 -0.167315 -0.142221 -0.158133 -0.120294 -0.140066 0.0562713 0.0433441 0.0601357 
0.634032 0.397016 0.295203 0.351369 0.477407 0.516583 -0.0717496 -0.0347076 -0.0169976 -0.0251434 -0.0410126 -0.0526823 0.0474435 0.0515112 0.0461278 
1.81591e-34 0.143548 0.197955 0.17136 0.105059 0.0754066 2.99146e-34 0.00113142 0.00100431 0.00114179 0.000334766 0.000286142 0.060921 0.0635993 0.0574716 
1.81366e-34 0.197955 0.147733 0.173655 0.077131 0.1058 2.68495e-34 0.00100431 0.000190405 0.000492708 7.55946e-05 0.000236378 0.05472 0.0574716 0.0515249 
1.46503e-34 0.115155 0.169751 0.142191 0.0865266 0.0596968 3.81247e-34 0.00254683 0.00462099 0.00358456 0.0013261 0.000724636 0.0774196 0.0774601 0.075614 
1.54947e-34 0.169751 0.131872 0.151728 0.0671593 0.0898427 3.69657e-34 0.00462099 0.00225739 0.00330278 0.000669439 0.00129139 0.0750813 0.075614 0.0729192 
1.19398e-34 0.105873 0.144022 0.12457 0.0702063 0.0505568 3.62486e-34 -0.00192034 -0.000454542 -0.00144359 -0.000251136 -0.00035405 0.0740283 0.0730839 0.0754944 
1.17167e-34 0.144022 0.102273 0.122169 0.0501119 0.0699246 3.74494e-34 -0.000454542 0.00105483 0.000465107 0.000282724 0.000138064 0.0763241 0.0754944 0.0769682 
0.308047 0.147733 0.197955 0.173655 0.256122 0.234107 0.000908645 0.000190405 0.00100431 0.000492708 0.00114917 0.000509854 0.0512239 0.0515249 0.0574716 
0.282183 0.131872 0.169751 0.151728 0.22777 0.211681 0.00967732 0.00225739 0.00462099 0.00330278 0.00736977 0.00564395 0.0724899 0.0729192 0.075614 
0.324811 0.197955 0.143548 0.17136 0.242348 0.266806 0.00559459 0.00100431 0.00113142 0.00114179 0.0031802 0.00281534 0.0626448 0.0574716 0.0635993 
0.246469 0.102273 0.144022 0.122169 0.195651 0.174385 0.00330389 0.00105483 -0.000454542 0.000465107 0.000548662 0.00222559 0.0770849 0.0769682 0.0754944 
0.283831 0.169751 0.115155 0.142191 0.203066 0.2295 0.0119755 0.00462099 0.00254683 0.00358456 0.00696586 0.0084539 0.0771243 0.075614 0.0774601 
0.295937 0.144022 0.105873 0.12457 0.199424 0.215686 -0.0143824 -0.000454542 -0.00192034 -0.00144359 -0.00675448 -0.00509901 0.0750257 0.0754944 0.0730839 
9.53836e-34 0.83487 0.645109 0.748566 0.36504 0.507297 -7.80323e-34 -0.00661439 -0.00224846 -0.00379886 -0.00108143 -0.0021796 0.162902 0.159518 0.193346 
0.557966 0.524691 0.759475 0.661366 0.681829 0.540849 -0.151019 -0.154039 -0.167315 -0.169785 -0.167889 -0.152872 0.0292214 0.0389627 0.0433441 
0.329879 0.198472 0.145538 0.172158 0.245736 0.268866 0.00143964 0.00107675 0.000195603 0.000526882 0.000689594 0.0014863 0.049578 0.0546156 0.0488516 
1.82247e-34 0.145538 0.198472 0.172158 0.104775 0.0758513 -2.54104e-34 0.000195603 0.00107675 0.000526882 0.000248299 7.78502e-05 0.0515137 0.0488516 0.0546156 
0.263582 0.114431 0.197523 0.156182 0.233672 0.188428 -0.0473875 -0.0135882 -0.015599 -0.0152706 -0.0301456 -0.030324 0.11633 0.11866 0.116028 
1.1698e-34 0.169654 2.77802e-34 0.0892095 1.13866e-34 0.0892243 -2.20979e-38 -1.98533e-05 -2.94614e-35 -7.23894e-06 -2.94456e-35 -6.29276e-06 5.13815e-06 0.00383618 0.00595682 
3.30962e-34 0.295203 0.397016 0.351369 0.204485 0.140628 2.0278e-34 -0.0169976 -0.0347076 -0.0251434 -0.00896665 -0.00458937 0.0436058 0.0461278 0.0515112 
0.3529 0.479332 0.105013 0.250271 0.221767 0.401617 -0.0848824 -0.114561 0.00102473 -0.0587147 -0.0437477 -0.0961886 -0.0013148 -0.0244199 -0.0291066 
1.63661e-34 0.197523 0.114431 0.156182 0.0633116 0.0997633 -6.04776e-34 -0.015599 -0.0135882 -0.0152706 -0.00360566 -0.00500437 0.120946 0.116028 0.11866 
1.18588e-34 2.76898e-34 0.180863 0.0954818 0.0954662 1.00142e-34 -2.25147e-38 2.86421e-35 -2.23087e-05 -8.38732e-06 -7.11369e-06 2.86559e-35 -5.154e-06 0.0058518 0.00364068 
0.357343 0.224794 0.159909 0.192763 0.268777 0.297607 0.0100262 0.00328692 0.00197866 0.00268806 0.00561262 0.00643812 0.0752483 0.0827187 0.0742636 
0.336498 0.122991 0.315199 0.218722 0.3249 0.225359 -0.127671 -0.0757504 -0.116876 -0.0989524 -0.123287 -0.102641 0.0710689 0.0720207 0.0891532 
1.86905e-34 0.204308 0.154554 0.179958 0.0809776 0.108997 2.05727e-34 -8.36597e-05 -0.000143907 -0.000137784 -3.64054e-05 -4.51014e-05 0.0419818 0.0451468 0.0391336 
2.06806e-34 0.159909 0.224794 0.192763 0.119755 0.0847253 -3.82522e-34 0.00197866 0.00328692 0.00268806 0.0010015 0.000542486 0.0777245 0.0742636 0.0827187 
2.22348e-34 0.176522 0.231546 0.205956 0.126789 0.0938692 -4.74286e-34 0.000941557 -0.00177384 -3.46561e-05 -0.000254863 0.000146701 0.0960103 0.0914049 0.100807 
1.86292e-34 0.147733 0.204308 0.17674 0.109056 0.0773036 2.37105e-34 0.000190405 -8.36597e-05 7.75802e-05 -1.20569e-05 3.69322e-05 0.0483667 0.0515249 0.0451468 
2.11992e-34 0.231546 0.155871 0.195411 0.0841026 0.125331 -5.25193e-34 -0.00177384 -0.00388554 -0.00329397 -0.000970603 -0.000860808 0.106048 0.100807 0.109901 
1.9026e-34 0.152042 0.207604 0.179728 0.109471 0.0798671 -3.11231e-34 0.00115199 0.00294439 0.00192494 0.000776175 0.000358997 0.0632199 0.0603296 0.0669511 
1.74387e-34 0.187646 0.143548 0.166677 0.0743527 0.10047 3.27253e-34 0.00307358 0.00113142 0.00192743 0.000365415 0.000828414 0.0665538 0.0686724 0.0635993 
1.67155e-34 0.131872 0.187646 0.159987 0.0982097 0.0692693 3.51349e-34 0.00225739 0.00307358 0.00272065 0.000961911 0.000621198 0.0714067 0.0729192 0.0686724 
1.32424e-34 0.149469 0.115155 0.132487 0.0572833 0.0765938 3.85329e-34 0.00370377 0.00254683 0.00312278 0.000713369 0.00117658 0.0782874 0.0776577 0.0774601 
1.23635e-34 0.102273 0.149469 0.125199 0.0738895 0.0511993 3.82701e-34 0.00105483 0.00370377 0.00216408 0.00101974 0.00042374 0.0778141 0.0769682 0.0776577 
1.2734e-34 0.16747 0.105873 0.134102 0.0522554 0.0775028 3.46279e-34 -0.00722109 -0.00192034 -0.00424822 -0.00053851 -0.00145761 0.0709668 0.0706318 0.0730839 
1.96005e-34 0.207604 0.159909 0.184593 0.0829059 0.111606 -3.44526e-34 0.00294439 0.00197866 0.00252674 0.000526529 0.000883436 0.0700042 0.0669511 0.0742636 
1.40125e-34 0.13215 0.16747 0.150494 0.082316 0.061077 3.26089e-34 -0.00578293 -0.00722109 -0.00683503 -0.00200135 -0.00132195 0.0670373 0.0662078 0.0706318 
1.7894e-34 0.142743 0.195472 0.169582 0.103587 0.0742294 -2.00796e-34 -0.000128419 -8.32406e-05 -0.000128216 -3.73004e-05 -3.05794e-05 0.0406501 0.0378668 0.0433576 
1.80426e-34 0.195472 0.145538 0.170873 0.0756647 0.103535 -2.27483e-34 -8.32406e-05 0.000195603 7.27106e-05 4.2727e-05 -6.51289e-06 0.0460706 0.0433576 0.0488516 
0.239532 0.497304 0.315199 0.415121 0.274877 0.372759 -0.086646 -0.136089 -0.116876 -0.131112 -0.102337 -0.116664 0.102933 0.0944726 0.0891532 
0.498683 0.49763 0.466984 0.486743 0.494701 0.499946 -0.00125713 -0.00108506 -0.00110092 -0.00112058 -0.00122901 -0.00118446 0.0274685 0.0240022 0.0268255 
1.18588e-34 0.180863 0.244802 0.213725 0.132571 0.0954662 -2.25147e-38 -2.23087e-05 -3.31398e-05 -2.71141e-05 -1.11263e-05 -7.11369e-06 -5.154e-06 0.00364068 -3.49003e-06 
0.00568356 0.27184 0.0658575 0.159736 0.034704 0.121007 -0.0284714 -0.0942221 -0.0214148 -0.0573464 -0.0247146 -0.0567867 0.031982 0.0276753 0.0144308 
1.1698e-34 0.244978 0.169654 0.208532 0.0892243 0.132726 -2.20979e-38 -3.31523e-05 -1.98533e-05 -2.59967e-05 -6.29276e-06 -1.11582e-05 5.13815e-06 3.62221e-06 0.00383618 
0.354757 0.477383 0.433106 0.458169 0.397698 0.429362 -0.000539866 -0.000992415 -0.00102753 -0.0010338 -0.000780723 -0.000792728 0.0231642 0.0236994 0.0283051 
3.14464e-34 0.397016 0.29929 0.346404 0.14905 0.184083 2.31232e-34 -0.0347076 -0.0233617 -0.0286544 -0.00616031 -0.00818641 0.0497837 0.0515112 0.0550204 
0.239532 0.127075 0.33824 0.228065 0.291593 0.17771 -0.086646 -0.0322951 -0.0874199 -0.0624702 -0.0888427 -0.0595324 0.102933 0.11425 0.110413 
0.263582 0.33824 0.127075 0.228065 0.196011 0.299501 -0.0473875 -0.0874199 -0.0322951 -0.0624702 -0.0421614 -0.0673437 0.11633 0.110413 0.11425 
0.609092 0.674539 0.542415 0.625162 0.583346 0.642552 -0.157202 -0.162659 -0.162571 -0.168213 -0.163593 -0.160895 0.0800811 0.0686483 0.0657854 
2.99961e-34 1.87774e-34 0.186389 0.0986076 0.098492 9.28254e-35 -1.45703e-34 -1.17005e-34 -0.000172428 -4.50943e-05 -7.06109e-05 -2.62353e-34 0.0294439 0.0236793 0.0253571 
0.499597 0.49763 0.477383 0.497389 0.49276 0.499775 -0.000815062 -0.00108506 -0.000992415 -0.00107512 -0.000921823 -0.000955223 0.0192424 0.0240022 0.0236994 
0.498683 0.477383 0.49763 0.497389 0.499946 0.491288 -0.00125713 -0.000992415 -0.00108506 -0.00107512 -0.00118446 -0.00114642 0.0274685 0.0236994 0.0240022 
0.489796 0.489761 0.499982 0.497465 0.497397 0.499982 -0.000138115 -0.00013852 -0.000191838 -0.000159061 -0.000158724 -0.000149115 1.8815e-06 -2.06645e-06 0.00381166 
0.263582 0.127075 0.114431 0.12349 0.188428 0.196011 -0.0473875 -0.0322951 -0.0135882 -0.0219113 -0.030324 -0.0421614 0.11633 0.11425 0.11866 
1.05102e-34 0.114431 0.127075 0.12349 0.061949 0.0513729 -6.07036e-34 -0.0135882 -0.0322951 -0.0219113 -0.00967267 -0.00441314 0.120447 0.11866 0.11425 
0.357499 0.47311 0.427895 0.453223 0.395667 0.42672 -0.000506692 -0.00082801 -0.000494811 -0.000654698 -0.000516472 -0.000692786 0.0221262 0.0211385 0.0170048 
7.40858e-34 0.774668 0.624627 0.704314 0.350049 0.45625 -1.22716e-33 -0.00170619 -0.000649724 -0.00102012 -0.000237942 -0.0004829 0.257574 0.23578 0.272306 
0.99866 0.774668 0.997011 0.929937 0.997861 0.934773 -0.00146845 -0.00170619 -0.00280281 -0.00248785 -0.00216158 -0.001868 0.271793 0.23578 0.235278 
0.989635 0.997011 0.774668 0.929937 0.916669 0.993887 -0.00480898 -0.00280281 -0.00170619 -0.00248785 -0.003239 -0.00357443 0.200478 0.235278 0.23578 
0.519077 0.33824 0.447579 0.399315 0.483389 0.438304 -0.107834 -0.0874199 -0.0772367 -0.0847528 -0.0930837 -0.102346 0.102177 0.110413 0.109082 
0.263582 0.447579 0.33824 0.399315 0.299501 0.360478 -0.0473875 -0.0772367 -0.0874199 -0.0847528 -0.0673437 -0.0657208 0.11633 0.109082 0.110413 
1.09652e-33 1.0431e-34 0.105013 0.00972818 0.0847934 3.74043e-34 6.59266e-36 9.20511e-35 0.00102473 0.0390987 -0.00476069 9.88644e-35 -0.0713725 -0.0238422 -0.0291066 
0.329879 0.363995 0.198472 0.288931 0.268866 0.346904 0.00143964 0.00465662 0.00107675 0.00266346 0.0014863 0.00282756 0.049578 0.0556831 0.0546156 
0.357343 0.397141 0.224794 0.321372 0.297607 0.378304 0.0100262 0.00948462 0.00328692 0.00625907 0.00643812 0.0104002 0.0752483 0.0837733 0.0827187 
0.3529 0.735556 0.779075 0.754371 0.580828 0.571224 -0.0848824 -0.151787 -0.139253 -0.145779 -0.12645 -0.128843 -0.0013148 0.0159252 0.00735028 
1.05102e-34 1.63661e-34 0.114431 0.0633116 0.0513729 8.3891e-35 -6.07036e-34 -6.04776e-34 -0.0135882 -0.00360566 -0.00441314 -1.19374e-33 0.120447 0.120946 0.11866 
0.989635 0.645109 0.83487 0.748566 0.935659 0.878845 -0.00480898 -0.00224846 -0.00661439 -0.00379886 -0.0061394 -0.00412749 0.200478 0.193346 0.159518 
0.295937 0.313814 0.144022 0.229375 0.215686 0.304065 -0.0143824 -0.0061851 -0.000454542 -0.00254436 -0.00509901 -0.0107486 0.0750257 0.0771388 0.0754944 
0.283831 0.325323 0.169751 0.252413 0.2295 0.304822 0.0119755 0.0143106 0.00462099 0.00947433 0.0084539 0.0133798 0.0771243 0.0750891 0.075614 
0.324811 0.358842 0.197955 0.286111 0.266806 0.34256 0.00559459 0.00341704 0.00100431 0.00217847 0.00281534 0.00455306 0.0626448 0.0562432 0.0574716 
1.83851e-34 0.154554 0.203566 0.17957 0.108541 0.0808521 1.74967e-34 -0.000143907 -0.000269818 -0.000206836 -8.12065e-05 -4.34404e-05 0.0357146 0.0391336 0.0338123 
1.83851e-34 1.86905e-34 0.154554 0.0809776 0.0808521 1.31697e-34 1.74967e-34 2.05727e-34 -0.000143907 -3.64054e-05 -4.34404e-05 3.8084e-34 0.0357146 0.0419818 0.0391336 
0.308841 0.203566 0.154554 0.17957 0.23743 0.259084 -0.000511143 -0.000269818 -0.000143907 -0.000206836 -0.000323353 -0.000418542 0.0390301 0.0338123 0.0391336 
2.22348e-34 2.15104e-34 0.176522 0.0929933 0.0938692 1.59923e-34 -4.74286e-34 -4.2597e-34 0.000941557 0.000359439 0.000146701 -9.01127e-34 0.0960103 0.0864818 0.0914049 
5.512e-34 6.34911e-34 0.397566 0.214133 0.200632 4.06754e-34 2.06225e-34 2.85467e-34 -0.0168842 -0.00528833 -0.00443457 5.21327e-34 0.0456624 0.0614874 0.0560561 
3.30962e-34 4.75056e-34 0.295203 0.156128 0.140628 2.56754e-34 2.0278e-34 1.92064e-34 -0.0169976 -0.00549074 -0.00458937 4.22135e-34 0.0436058 0.0430843 0.0461278 
1.9026e-34 1.83858e-34 0.152042 0.0788184 0.0798671 1.36454e-34 -3.11231e-34 -2.81563e-34 0.00115199 0.000292096 0.000358997 -5.94078e-34 0.0632199 0.0571226 0.0603296 
1.81591e-34 1.74387e-34 0.143548 0.0743527 0.0754066 1.33382e-34 2.99146e-34 3.27253e-34 0.00113142 0.000365415 0.000286142 6.25152e-34 0.060921 0.0665538 0.0635993 
1.86292e-34 1.81366e-34 0.147733 0.077131 0.0773036 1.38232e-34 2.37105e-34 2.68495e-34 0.000190405 7.55946e-05 3.69322e-05 5.05387e-34 0.0483667 0.05472 0.0515249 
1.46503e-34 1.32424e-34 0.115155 0.0572833 0.0596968 9.9961e-35 3.81247e-34 3.85329e-34 0.00254683 0.000713369 0.000724636 7.63667e-34 0.0774196 0.0782874 0.0774601 
1.67155e-34 1.54947e-34 0.131872 0.0671593 0.0692693 1.19789e-34 3.51349e-34 3.69657e-34 0.00225739 0.000669439 0.000621198 7.18501e-34 0.0714067 0.0750813 0.0729192 
1.19398e-34 1.2734e-34 0.105873 0.0522554 0.0505568 8.34466e-35 3.62486e-34 3.46279e-34 -0.00192034 -0.00053851 -0.00035405 7.11308e-34 0.0740283 0.0709668 0.0730839 
1.23635e-34 1.17167e-34 0.102273 0.0501119 0.0511993 8.3983e-35 3.82701e-34 3.74494e-34 0.00105483 0.000282724 0.00042374 7.55976e-34 0.0778141 0.0763241 0.0769682 
0.893877 0.779075 0.735556 0.754371 0.840993 0.864808 -0.133804 -0.139253 -0.151787 -0.145779 -0.150169 -0.142814 0.0295508 0.00735028 0.0159252 
1.7894e-34 1.71486e-34 0.142743 0.0743498 0.0742294 1.36484e-34 -2.00796e-34 -1.73507e-34 -0.000128419 -4.07039e-05 -3.05794e-05 -3.74184e-34 0.0406501 0.0351161 0.0378668 
1.82247e-34 1.80426e-34 0.145538 0.0756647 0.0758513 1.33776e-34 -2.54104e-34 -2.27483e-34 0.000195603 4.2727e-05 7.78502e-05 -4.81825e-34 0.0515137 0.0460706 0.0488516 
1.40125e-34 1.59841e-34 0.13215 0.0664364 0.061077 1.07113e-34 3.26089e-34 3.01533e-34 -0.00578293 -0.00156745 -0.00132195 6.34745e-34 0.0670373 0.062269 0.0662078 
2.06806e-34 1.96005e-34 0.159909 0.0829059 0.0847253 1.51702e-34 -3.82522e-34 -3.44526e-34 0.00197866 0.000526529 0.000542486 -7.29344e-34 0.0777245 0.0700042 0.0742636 
1.92456e-34 2.11992e-34 0.155871 0.0841026 0.0802552 1.611e-34 -5.72132e-34 -5.25193e-34 -0.00388554 -0.000970603 -0.0013817 -1.09198e-33 0.114885 0.106048 0.109901 
0.506433 0.574701 0.579813 0.580774 0.553205 0.540151 -0.0546529 -0.0913887 -0.0902848 -0.0919024 -0.0725338 -0.0721508 0.0816061 0.0817588 0.089119 
0.88252 0.779075 0.927341 0.897756 0.929888 0.829715 -0.116003 -0.139253 -0.110795 -0.132342 -0.120581 -0.131284 0.00477275 0.00735028 0.0327777 
-2.55675e-35 -3.73513e-35 -0.0124431 -0.00316379 -0.00316682 -4.97846e-35 6.39597e-35 1.97714e-35 0.0326896 0.0148213 0.0240119 3.36311e-35 0.00417153 0.00797472 0.00315667 
0.999363 0.99944 0.83487 0.953783 0.962658 0.999785 -0.0153895 -0.00866984 -0.00661439 -0.00842708 -0.0115686 -0.0112324 0.132772 0.167734 0.159518 
0.989635 0.83487 0.99944 0.953783 0.9962 0.935659 -0.00480898 -0.00661439 -0.00866984 -0.00842708 -0.00680934 -0.0061394 0.200478 0.159518 0.167734 
-4.13208e-34 0.437599 0.75 0.609437 0.4375 0.234401 -8.31695e-34 -8.74692e-05 -4.22027e-37 -8.0723e-05 -1.68859e-37 -2.51317e-05 0.349303 0.326456 0.349369 
0.323605 0.354935 0.197523 0.279942 0.263695 0.340622 -0.0189614 -0.0396923 -0.015599 -0.0285684 -0.0192688 -0.0285601 0.108778 0.112099 0.116028 
1.59841e-34 0.223608 0.13215 0.174832 0.0664364 0.104294 3.01533e-34 -0.0155382 -0.00578293 -0.00997643 -0.00156745 -0.00371235 0.062269 0.0638188 0.0662078 
0.338327 0.13215 0.223608 0.174832 0.284627 0.233957 -0.0328272 -0.00578293 -0.0155382 -0.00997643 -0.0245644 -0.0167488 0.0690614 0.0662078 0.0638188 
0.893877 0.927341 0.779075 0.897756 0.864808 0.913429 -0.133804 -0.110795 -0.139253 -0.132342 -0.142814 -0.122659 0.0295508 0.0327777 0.00735028 
0.593141 0.579813 0.574701 0.580774 0.600224 0.59065 -0.119844 -0.0902848 -0.0913887 -0.0919024 -0.108068 -0.105459 0.0910192 0.089119 0.0817588 
0.302822 0.142743 0.194807 0.169249 0.25174 0.22861 -0.000495582 -0.000128419 -0.000252593 -0.00018809 -0.000398393 -0.000306841 0.0382106 0.0378668 0.0335263 
1.71486e-34 0.194807 0.142743 0.169249 0.0743498 0.103247 -1.73507e-34 -0.000252593 -0.000128419 -0.00018809 -4.07039e-05 -7.70296e-05 0.0351161 0.0335263 0.0378668 
-0.0787725 -0.0514029 -0.0527009 -0.0585762 -0.0716462 -0.0660172 0.0135944 0.0397035 0.0185161 0.031102 0.0186323 0.0263913 0.0161762 0.00546002 0.00829845 
0.88252 0.479332 0.779075 0.651893 0.829715 0.727081 -0.116003 -0.114561 -0.139253 -0.131386 -0.131284 -0.122748 0.00477275 -0.0244199 0.00735028 
-1.20849e-34 -0.0730334 -0.0849959 -0.0811863 -0.061916 -0.0606955 -2.22114e-34 -0.00865857 0.000120545 -0.0041651 4.90318e-05 -0.00172415 0.0447833 0.0499563 0.0330288 
1.09652e-33 0.105013 0.479332 0.250271 0.287293 0.0847934 6.59266e-36 0.00102473 -0.114561 -0.0587147 -0.0812497 -0.00476069 -0.0713725 -0.0291066 -0.0244199 
0.0236461 -0.0307722 0.122991 0.0293802 0.0709732 -0.0111979 -0.0458434 -0.0226307 -0.0757504 -0.0467686 -0.0611354 -0.0342721 0.0543559 0.0718204 0.0720207 
0.308047 0.197955 0.358842 0.286111 0.334777 0.256122 0.000908645 0.00100431 0.00341704 0.00217847 0.0019421 0.00114917 0.0512239 0.0574716 0.0562432 
0.0790156 0.122991 -0.0307722 0.0293802 0.0155784 0.0979445 -0.0553512 -0.0757504 -0.0226307 -0.0467686 -0.0379317 -0.0658271 0.088166 0.0720207 0.0718204 
0.282183 0.169751 0.325323 0.252413 0.304411 0.22777 0.00967732 0.00462099 0.0143106 0.00947433 0.0121361 0.00736977 0.0724899 0.075614 0.0750891 
0.246469 0.144022 0.313814 0.229375 0.278425 0.195651 0.00330389 -0.000454542 -0.0061851 -0.00254436 -0.000332861 0.000548662 0.0770849 0.0754944 0.0771388 
0.347107 0.224794 0.397141 0.321372 0.374005 0.290859 0.0030647 0.00328692 0.00948462 0.00625907 0.00638991 0.00405305 0.0913093 0.0827187 0.0837733 
0.3139 0.198472 0.363995 0.288931 0.339909 0.258536 0.00513099 0.00107675 0.00465662 0.00266346 0.00505201 0.00270116 0.060654 0.0546156 0.0556831 
0.454888 0.456181 0.492196 0.477732 0.477104 0.455664 0.0127009 0.0178262 0.0166054 0.0175659 0.014805 0.0153544 0.0628433 0.0678239 0.0639182 
0.468267 0.447579 0.354935 0.40161 0.415046 0.459083 -0.0584281 -0.0772367 -0.0396923 -0.0584968 -0.0507251 -0.0679201 0.106461 0.109082 0.112099 
0.500412 0.492196 0.456181 0.477732 0.485835 0.49711 0.0202808 0.0166054 0.0178262 0.0175659 0.0197172 0.0186268 0.067453 0.0639182 0.0678239 
0.597308 0.624985 0.574701 0.607378 0.585589 0.623708 -0.104756 -0.129528 -0.0913887 -0.111123 -0.0988318 -0.119853 0.0752688 0.0835488 0.0817588 
1.88613e-34 0.193374 0.199388 0.196384 0.106053 0.102569 1.15362e-34 -0.000175989 -0.000143212 -0.000158115 -3.90672e-05 -4.58491e-05 0.0235476 0.0250088 0.0210341 
0.435735 0.447623 0.494727 0.474929 0.468755 0.440825 0.0170521 0.00780685 0.0118827 0.0101272 0.0151988 0.0133696 0.0788476 0.0808286 0.0818983 
0.593141 0.574701 0.624985 0.607378 0.609909 0.600224 -0.119844 -0.0913887 -0.129528 -0.111123 -0.125471 -0.108068 0.0910192 0.0817588 0.0835488 
0.517152 0.494727 0.447623 0.474929 0.491982 0.50713 -0.00149185 0.0118827 0.00780685 0.0101272 0.00402106 0.00584027 0.0865374 0.0818983 0.0808286 
1.87774e-34 0.204158 0.186389 0.195337 0.0986076 0.108687 -1.17005e-34 -0.000159945 -0.000172428 -0.000166871 -4.50943e-05 -4.48856e-05 0.0236793 0.0216144 0.0253571 
0.499985 0.491193 0.496143 0.499739 0.499155 0.497591 -0.001134 -0.00133833 -0.00134078 -0.00134619 -0.00129621 -0.00131576 0.0362985 0.0317021 0.0320661 
0.455075 0.469809 0.495554 0.485581 0.480631 0.462886 -0.000887135 0.000331914 -0.000509532 -0.000136754 -0.000755198 -0.000470877 0.0381976 0.0442091 0.0403652 
0.50001 0.495554 0.469809 0.485581 0.492657 0.498953 0.000709184 -0.000509532 0.000331914 -0.000136754 0.000526207 2.41433e-05 0.0440753 0.0403652 0.0442091 
0.88252 0.927341 0.963612 0.946637 0.952156 0.929888 -0.116003 -0.110795 -0.0860846 -0.101009 -0.105844 -0.120581 0.00477275 0.0327777 0.0414057 
0.50001 0.495266 0.466569 0.484083 0.491441 0.498749 0.000709184 0.00254588 0.000544996 0.001434 0.000689812 0.00154035 0.0440753 0.0477169 0.0438465 
0.46152 0.466569 0.495266 0.484083 0.482431 0.463945 0.00306979 0.000544996 0.00254588 0.001434 0.00285062 0.00165909 0.0490887 0.0438465 0.0477169 
0.315946 0.203566 0.359637 0.288851 0.33853 0.263154 -0.000559282 -0.000269818 -0.000790757 -0.00052088 -0.000695239 -0.00041708 0.0287394 0.0338123 0.0339628 
0.308841 0.359637 0.203566 0.288851 0.259084 0.335244 -0.000511143 -0.000790757 -0.000269818 -0.00052088 -0.000418542 -0.000676898 0.0390301 0.0339628 0.0338123 
0.634032 0.840008 0.759303 0.801567 0.709245 0.759407 -0.0717496 -0.123968 -0.116057 -0.121371 -0.0940985 -0.100104 0.0474435 0.0401625 0.0479279 
0.333905 0.634092 0.735556 0.682643 0.53374 0.49089 -0.0884072 -0.151929 -0.151787 -0.152096 -0.129857 -0.126737 0.00963939 0.021589 0.0159252 
0.500412 0.502568 0.481486 0.495562 0.499102 0.502268 0.0202808 0.0216791 0.0178198 0.0200597 0.019531 0.0213251 0.067453 0.0710508 0.0674886 
0.480716 0.481486 0.502568 0.495562 0.495838 0.481121 0.0190126 0.0178198 0.0216791 0.0200597 0.0207801 0.0187716 0.0735377 0.0674886 0.0710508 
0.821804 0.759303 0.840008 0.801567 0.845455 0.818471 -0.157217 -0.116057 -0.123968 -0.121371 -0.143933 -0.141393 0.0342216 0.0479279 0.0401625 
0.3529 0.779075 0.479332 0.651893 0.401617 0.580828 -0.0848824 -0.139253 -0.114561 -0.131386 -0.0961886 -0.12645 -0.0013148 0.00735028 -0.0244199 
0.517152 0.529477 0.50548 0.522154 0.521357 0.523636 -0.00149185 -0.0192073 -0.0109156 -0.0152398 -0.00687404 -0.00961581 0.0865374 0.0905227 0.093388 
0.821804 0.735556 0.634092 0.682643 0.754524 0.795584 -0.157217 -0.151787 -0.151929 -0.152096 -0.162317 -0.158642 0.0342216 0.0159252 0.021589 
0.456151 0.469162 0.223608 0.349316 0.333703 0.463889 -0.0552146 -0.0619249 -0.0155382 -0.0357013 -0.0320357 -0.0592497 0.0616363 0.0670794 0.0638188 
0.487263 0.50548 0.529477 0.522154 0.521337 0.498837 -0.0359949 -0.0109156 -0.0192073 -0.0152398 -0.0285163 -0.0228363 0.101715 0.093388 0.0905227 
0.801982 0.963612 0.927341 0.946637 0.891055 0.906184 -0.0639723 -0.0860846 -0.110795 -0.101009 -0.0877872 -0.0772842 0.0498583 0.0414057 0.0327777 
0.296631 0.524691 0.27184 0.399756 0.285253 0.40738 -0.115227 -0.154039 -0.0942221 -0.127645 -0.10641 -0.136021 0.0500119 0.0389627 0.0276753 
0.557966 0.27184 0.524691 0.399756 0.540849 0.410479 -0.151019 -0.0942221 -0.154039 -0.127645 -0.152872 -0.124995 0.0292214 0.0276753 0.0389627 
0.287918 0.341079 0.194807 0.273808 0.24342 0.315457 -0.000475654 -0.000737422 -0.000252593 -0.000481675 -0.000370894 -0.000608339 0.0289015 0.0329353 0.0335263 
-0.0367584 -0.0527009 -0.0514029 -0.0585762 -0.046155 -0.0466438 0.0402631 0.0185161 0.0397035 0.031102 0.0424089 0.0298157 0.00489518 0.00829845 0.00546002 
0.338327 0.223608 0.469162 0.349316 0.401735 0.284627 -0.0328272 -0.0155382 -0.0619249 -0.0357013 -0.0460799 -0.0245644 0.0690614 0.0638188 0.0670794 
0.302822 0.194807 0.341079 0.273808 0.322434 0.25174 -0.000495582 -0.000252593 -0.000737422 -0.000481675 -0.000652805 -0.000398393 0.0382106 0.0335263 0.0329353 
0.466984 0.49763 0.47311 0.488705 0.470121 0.486743 -0.00110092 -0.00108506 -0.00082801 -0.000967753 -0.000968189 -0.00112058 0.0268255 0.0240022 0.0211385 
0.641648 0.542415 0.674539 0.625162 0.665208 0.592021 -0.172147 -0.162571 -0.162659 -0.168213 -0.170313 -0.168157 0.054484 0.0657854 0.0686483 
0.563682 0.538145 0.533271 0.549046 0.553969 0.551343 -0.0778662 -0.0590665 -0.0436063 -0.0528389 -0.0602381 -0.0686634 0.0944129 0.0983656 0.0877379 
0.506471 0.50762 0.486423 0.503746 0.497466 0.50897 0.0167157 0.0196403 0.0219597 0.0210909 0.0200582 0.0185883 0.0807862 0.0785001 0.077025 
0.50014 0.494886 0.492636 0.500096 0.497609 0.499461 0.0128846 0.00855847 0.00867929 0.00885503 0.0107915 0.0107243 0.0598093 0.0553492 0.0563337 
0.499597 0.47311 0.49763 0.488705 0.499775 0.494784 -0.000815062 -0.00082801 -0.00108506 -0.000967753 -0.000955223 -0.000848966 0.0192424 0.0211385 0.0240022 
0.498683 0.496143 0.491193 0.499739 0.495776 0.499826 -0.00125713 -0.00134078 -0.00133833 -0.00134619 -0.00131742 -0.00132672 0.0274685 0.0320661 0.0317021 
0.500035 0.492636 0.494886 0.500096 0.498815 0.498149 0.0054273 0.00867929 0.00855847 0.00885503 0.0069804 0.00703838 0.0519416 0.0563337 0.0553492 
0.50201 0.486423 0.50762 0.503746 0.506063 0.496103 0.0227146 0.0219597 0.0196403 0.0210909 0.021601 0.0225833 0.0745009 0.077025 0.0785001 
0.53653 0.533271 0.538145 0.549046 0.542565 0.536325 -0.0327797 -0.0436063 -0.0590665 -0.0528389 -0.0458675 -0.0384065 0.0907227 0.0877379 0.0983656 
-3.73513e-35 -0.0149843 -0.0124431 -0.0150592 -0.00316379 -0.00447897 1.97714e-35 0.0138977 0.0326896 0.0241698 0.0148213 0.0101188 0.00797472 0.00550786 0.00315667 
-0.0367584 -0.0124431 -0.0149843 -0.0150592 -0.0275652 -0.0252218 0.0402631 0.0326896 0.0138977 0.0241698 0.0274446 0.0391354 0.00489518 0.00315667 0.00550786 
-2.55675e-35 -0.0124431 -0.0213171 -0.0181836 -0.0082902 -0.00316682 6.39597e-35 0.0326896 0.0615077 0.0492964 0.0515133 0.0240119 0.00417153 0.00315667 -0.00134153 
-0.0367584 -0.0213171 -0.0124431 -0.0181836 -0.0252218 -0.0298403 0.0402631 0.0615077 0.0326896 0.0492964 0.0391354 0.052188 0.00489518 -0.00134153 0.00315667 
