0.477234 0.846244 1.09379e-33 0.565415 0.286026 0.676405 -0.113441 -0.0594993 8.37562e-36 -0.0814985 -0.080604 -0.110037 -0.024636 0.0145661 -0.0715174 
0.00423701 0.0205094 0.284141 0.135299 0.12696 0.0111683 -0.0269526 -0.0409949 -0.106418 -0.0713053 -0.0649787 -0.0352606 0.032331 0.0528716 0.0496293 
0.500074 0.459229 0.496284 0.495217 0.499182 0.489753 0.00482413 0.00784474 0.00771244 0.00847208 0.00625377 0.00661573 0.0440724 0.050673 0.047615 
0.502106 0.439225 0.507229 0.491484 0.505502 0.481378 0.0214109 0.0200418 0.0196165 0.0210564 0.0209276 0.0215739 0.0668948 0.0703333 0.0705604 
0.525972 0.459509 0.537657 0.519115 0.5324 0.504988 -0.0150119 -0.0169871 -0.0326598 -0.0257094 -0.0233455 -0.0167474 0.0848362 0.0794477 0.0888254 
0.322179 0.299644 0.604733 0.467057 0.485456 0.310073 -0.11626 -0.105796 -0.148302 -0.135971 -0.142353 -0.111746 0.0684299 0.0844325 0.0770273 
0.384229 0.309667 0.204317 0.259957 0.304976 0.349686 0.00221057 2.96156e-05 0.000429767 0.000348149 0.00121773 0.000850129 0.0454311 0.0395531 0.0457038 
0.570222 0.436134 0.541163 0.50262 0.556147 0.524406 -0.0837406 -0.0792032 -0.0679067 -0.0765811 -0.0761266 -0.0870709 0.0918102 0.104607 0.0957498 
0.881453 0.846244 0.477234 0.676405 0.725191 0.869872 -0.114458 -0.0594993 -0.113441 -0.110037 -0.121351 -0.091418 0.00407838 0.0145661 -0.024636 
0.414244 0.222702 0.3445 0.287969 0.38274 0.329762 -0.0185912 -0.0047806 -0.00301181 -0.0051161 -0.0096788 -0.012071 0.0973314 0.100246 0.0915182 
0.570222 0.513111 0.436134 0.474633 0.524406 0.554368 -0.0837406 -0.106514 -0.0792032 -0.0934488 -0.0870709 -0.0973502 0.0918102 0.0977494 0.104607 
0.358423 0.317171 0.467704 0.407888 0.42276 0.338487 -0.000938616 -0.000777781 -0.00156132 -0.00121422 -0.00132553 -0.000900419 0.0222537 0.0290289 0.0269763 
0.449083 0.467704 0.317171 0.407888 0.393429 0.458948 -0.000977317 -0.00156132 -0.000777781 -0.00121422 -0.00101729 -0.0013429 0.0324691 0.0269763 0.0290289 
0.502106 0.47763 0.49082 0.50225 0.497241 0.50091 0.0214109 0.0164538 0.0203373 0.0194157 0.0211577 0.0195902 0.0668948 0.0613979 0.0633443 
0.500074 0.458181 0.495446 0.495348 0.498851 0.489598 0.00482413 0.000978627 0.00213772 0.00174639 0.0034214 0.00274667 0.0440724 0.0381777 0.040476 
0.5 0.458181 0.490863 0.477393 0.497472 0.489098 0.000286115 0.000978627 -0.00110743 -0.0002204 -0.000554654 0.000682517 0.0362928 0.0381777 0.0315803 
0.490863 0.458181 0.438728 0.44875 0.470525 0.477393 -0.00110743 0.000978627 -0.000821758 -7.97514e-05 -0.000962974 -0.0002204 0.0315803 0.0381777 0.0324154 
0.407412 0.214077 0.321527 0.271652 0.367199 0.323679 0.0117819 0.00313876 0.00676826 0.00509819 0.00936396 0.00726383 0.0677441 0.0677642 0.061121 
0.414244 0.3445 0.500237 0.44078 0.466935 0.38274 -0.0185912 -0.00301181 -0.00549281 -0.00548934 -0.013259 -0.0096788 0.0973314 0.0915182 0.0867074 
0.0231378 -0.0214798 0.0153349 -0.0158702 0.0238074 -0.0106439 0.0455917 0.0598181 0.020775 0.0485548 0.0345423 0.0607257 -0.00908718 -0.00137887 0.00339628 
0.651828 0.674052 0.611923 0.668512 0.630859 0.690325 -0.111814 -0.154023 -0.102142 -0.131826 -0.107838 -0.137566 0.0658405 0.0665283 0.0732759 
0.513111 0.486477 0.320348 0.401267 0.425321 0.502047 -0.106514 -0.127805 -0.0825028 -0.106867 -0.0988491 -0.118119 0.0977494 0.0898642 0.10427 
0.604733 0.611923 0.674052 0.668512 0.640155 0.653113 -0.148302 -0.102142 -0.154023 -0.131826 -0.152003 -0.133097 0.0770273 0.0732759 0.0665283 
0.407412 0.321527 0.47763 0.41767 0.448829 0.367199 0.0117819 0.00676826 0.0164538 0.0118702 0.0146377 0.00936396 0.0677441 0.061121 0.0613979 
0.384229 0.45533 0.309667 0.395304 0.349686 0.424034 0.00221057 0.000551611 2.96156e-05 0.000257925 0.000850129 0.00145802 0.0454311 0.0385488 0.0395531 
0.596107 0.486477 0.513111 0.502047 0.559707 0.557686 -0.117942 -0.127805 -0.106514 -0.118119 -0.114322 -0.127429 0.0877784 0.0898642 0.0977494 
0.381324 0.302027 0.458181 0.3943 0.424591 0.343759 0.00222829 5.74803e-05 0.000978627 0.000454902 0.00174375 0.000875485 0.0429614 0.0376803 0.0381777 
0.384229 0.305575 0.459229 0.396803 0.427015 0.347492 0.00221057 0.00295461 0.00784474 0.00547154 0.0046481 0.00273436 0.0454311 0.0515815 0.050673 
0.525972 0.500237 0.501827 0.522265 0.515443 0.523368 -0.0150119 -0.00549281 0.000319132 -0.0035862 -0.00689888 -0.0105375 0.0848362 0.0867074 0.0800253 
0.357125 0.271109 0.439225 0.365258 0.400918 0.316094 0.0141249 0.00993579 0.0200418 0.0158803 0.0177719 0.0123251 0.0668353 0.0702583 0.0703333 
0.333615 0.249846 0.459509 0.362742 0.397446 0.292943 0.00295109 -0.00112142 -0.0169871 -0.00723993 -0.00474932 0.000559288 0.0756016 0.0750506 0.0794477 
0.357125 0.316633 0.179438 0.251814 0.27651 0.337932 0.0141249 0.00836574 0.00374978 0.00637365 0.00883275 0.0112743 0.0668353 0.0619866 0.0672243 
0.384229 0.204317 0.305575 0.258317 0.347492 0.304976 0.00221057 0.000429767 0.00295461 0.00138328 0.00273436 0.00121773 0.0454311 0.0457038 0.0515815 
0.357125 0.449183 0.316633 0.392473 0.337932 0.408445 0.0141249 0.0171441 0.00836574 0.0131652 0.0112743 0.0162504 0.0668353 0.0621751 0.0619866 
0.333615 0.276936 0.146553 0.212933 0.242113 0.303754 0.00295109 0.00862808 0.00204924 0.00466678 0.00325925 0.00671499 0.0756016 0.0741535 0.0748544 
0.357125 0.179438 0.271109 0.227858 0.316094 0.27651 0.0141249 0.00374978 0.00993579 0.00672478 0.0123251 0.00883275 0.0668353 0.0672243 0.0702583 
0.431724 0.30965 0.177184 0.246874 0.306602 0.367241 -0.0450875 -0.0174381 -0.00761766 -0.0134164 -0.0230772 -0.0294695 0.0732231 0.0740256 0.0693545 
0.333615 0.146553 0.249846 0.196605 0.292943 0.242113 0.00295109 0.00204924 -0.00112142 0.00132013 0.000559288 0.00325925 0.0756016 0.0748544 0.0750506 
0.435324 0.316633 0.449183 0.392473 0.442576 0.383092 0.0117332 0.00836574 0.0171441 0.0131652 0.0144951 0.0106308 0.0569723 0.0619866 0.0621751 
0.333615 0.437556 0.276936 0.36343 0.303754 0.389865 0.00295109 0.00863684 0.00862808 0.0101786 0.00671499 0.00565831 0.0756016 0.0763732 0.0741535 
0.410864 0.276936 0.437556 0.36343 0.423464 0.349406 0.0159075 0.00862808 0.00863684 0.0101786 0.0129528 0.0125657 0.0734283 0.0741535 0.0763732 
0.389946 0.462827 0.487134 0.476579 0.450455 0.431213 -0.000577228 -0.000543689 -0.00107396 -0.000778754 -0.000841174 -0.000577186 0.0108965 0.0058072 0.0127563 
0.499984 0.487134 0.462827 0.476579 0.490621 0.496732 -0.000814326 -0.00107396 -0.000543689 -0.000778754 -0.000694732 -0.000952352 0.00844774 0.0127563 0.0058072 
0.431724 0.523116 0.30965 0.427526 0.367241 0.484584 -0.0450875 -0.0598161 -0.0174381 -0.0365935 -0.0294695 -0.0541499 0.0732231 0.0803307 0.0740256 
0.453175 0.30965 0.523116 0.427526 0.487132 0.388737 -0.0308756 -0.0174381 -0.0598161 -0.0365935 -0.0444907 -0.0250177 0.0790119 0.0740256 0.0803307 
0.414244 0.484081 0.307183 0.405713 0.366007 0.45105 -0.0185912 -0.0464698 -0.0242038 -0.0379587 -0.0227845 -0.0316137 0.0973314 0.0995087 0.106427 
0.477476 0.364545 0.487652 0.440232 0.483353 0.430549 0.00706002 0.00753497 0.0151295 0.0112578 0.011659 0.00829231 0.080646 0.0761453 0.0736948 
0.407412 0.487652 0.364545 0.440232 0.387619 0.454641 0.0117819 0.0151295 0.00753497 0.0112578 0.00996997 0.0141642 0.0677441 0.0736948 0.0761453 
0.450773 0.332969 0.464298 0.410665 0.457668 0.399694 0.0111771 0.00380783 0.00786227 0.00600254 0.00964861 0.00720269 0.0546851 0.049263 0.048882 
0.381324 0.464298 0.332969 0.410665 0.358014 0.428247 0.00222829 0.00786227 0.00380783 0.00600254 0.003133 0.00466114 0.0429614 0.048882 0.049263 
0.50028 0.496284 0.459229 0.495217 0.488758 0.49964 0.0114874 0.00771244 0.00784474 0.00847208 0.0100026 0.00960021 0.0518971 0.047615 0.050673 
0.431724 0.354025 0.611923 0.504165 0.527618 0.396229 -0.0450875 -0.0328784 -0.102142 -0.0656002 -0.071412 -0.0399168 0.0732231 0.067546 0.0732759 
0.505851 0.507229 0.439225 0.491484 0.481347 0.50799 0.0181321 0.0196165 0.0200418 0.0210564 0.0201781 0.019103 0.0734312 0.0705604 0.0703333 
0.449083 0.45533 0.496375 0.481596 0.479596 0.452362 -0.000977317 0.000551611 -0.00103009 -0.000323807 -0.00104365 -0.000355873 0.0324691 0.0385488 0.0321432 
0.545971 0.537657 0.459509 0.519115 0.517873 0.541777 -0.0449567 -0.0326598 -0.0169871 -0.0257094 -0.030601 -0.0387722 0.0889035 0.0888254 0.0794477 
3.50417e-34 0.215166 0.294524 0.256528 0.163337 0.114978 -8.80429e-35 -0.000175382 -0.000502505 -0.000318068 -0.000169036 -7.46026e-05 0.0177573 0.0117838 0.0169995 
0.5 0.496375 0.45533 0.481596 0.489309 0.499249 0.000286115 -0.00103009 0.000551611 -0.000323807 0.000484636 -0.000482294 0.0362928 0.0321432 0.0385488 
1.65737e-34 3.42822e-34 0.215123 0.1152 0.115076 5.55268e-35 5.73052e-35 8.62585e-35 -0.000167002 -7.11427e-05 -4.19161e-05 1.4395e-34 0.0116981 0.0176626 0.0112825 
0.215123 3.42822e-34 0.294719 0.163528 0.256482 0.1152 -0.000167002 8.62585e-35 -0.000488037 -0.000163466 -0.000306927 -7.11427e-05 0.0112825 0.0176626 0.0166932 
0.477476 0.513886 0.500237 0.511429 0.489657 0.503453 0.00706002 0.011547 -0.00549281 0.00384102 0.00153197 0.00925076 0.080646 0.0777017 0.0867074 
0.381324 0.195466 0.302027 0.251532 0.343759 0.298777 0.00222829 0.000385353 5.74803e-05 0.000343825 0.000875485 0.0011922 0.0429614 0.042794 0.0376803 
0.513018 0.500237 0.513886 0.511429 0.515318 0.518445 0.00647672 -0.00549281 0.011547 0.00384102 0.00932989 0.000586337 0.0792999 0.0867074 0.0777017 
0.500787 0.49082 0.47763 0.50225 0.49819 0.497275 0.018108 0.0203373 0.0164538 0.0194157 0.0179661 0.0193834 0.0595929 0.0633443 0.0613979 
0.5 0.495446 0.458181 0.495348 0.489098 0.499033 0.000286115 0.00213772 0.000978627 0.00174639 0.000682517 0.00114522 0.0362928 0.040476 0.0381777 
0.0153349 -0.0214798 -0.0501622 -0.0346284 -0.0288618 -0.0158702 0.020775 0.0598181 0.0373725 0.0493911 0.0353348 0.0485548 0.00339628 -0.00137887 0.00570055 
1.12517e-33 0.844186 0.842893 0.843772 0.513003 0.512318 1.02556e-33 -0.00212359 -0.00528362 -0.0033141 -0.00153363 -0.00104455 0.209873 0.231754 0.177402 
0.431724 0.177184 0.354025 0.259772 0.396229 0.306602 -0.0450875 -0.00761766 -0.0328784 -0.0177085 -0.0399168 -0.0230772 0.0732231 0.0693545 0.067546 
0.309667 0.155287 0.204317 0.180464 0.259957 0.238309 2.96156e-05 -1.9494e-05 0.000429767 0.000140965 0.000348149 -1.3828e-05 0.0395531 0.0396671 0.0457038 
0.381324 0.332969 0.195466 0.268187 0.298777 0.358014 0.00222829 0.00380783 0.000385353 0.00160346 0.0011922 0.003133 0.0429614 0.049263 0.042794 
0.502106 0.450865 0.439225 0.445 0.481378 0.484078 0.0214109 0.0199818 0.0200418 0.0202061 0.0215739 0.0214836 0.0668948 0.0666214 0.0703333 
0.525972 0.454209 0.459509 0.455795 0.504988 0.500699 -0.0150119 -0.00309501 -0.0169871 -0.00988588 -0.0167474 -0.00855368 0.0848362 0.0786333 0.0794477 
0.500074 0.468982 0.459229 0.464456 0.489753 0.492141 0.00482413 0.00370927 0.00784474 0.00567352 0.00661573 0.00439935 0.0440724 0.0445149 0.050673 
0.407412 0.364545 0.214077 0.295129 0.323679 0.387619 0.0117819 0.00753497 0.00313876 0.00564235 0.00726383 0.00996997 0.0677441 0.0761453 0.0677642 
2.77697e-34 0.272603 0.215166 0.24469 0.115218 0.149606 -2.96378e-35 -0.000198257 -0.000175382 -0.000195807 -3.71336e-05 -5.67659e-05 0.00597716 0.00702206 0.0117838 
0.513018 0.501827 0.500237 0.522265 0.518445 0.50859 0.00647672 0.000319132 -0.00549281 -0.0035862 0.000586337 0.00346748 0.0792999 0.0800253 0.0867074 
0.449083 0.360789 0.45533 0.414798 0.452362 0.410409 -0.000977317 -0.000635662 0.000551611 -0.000267747 -0.000355873 -0.000808786 0.0324691 0.0343679 0.0385488 
0.309667 0.45533 0.360789 0.414798 0.336288 0.395304 2.96156e-05 0.000551611 -0.000635662 -0.000267747 -0.00031472 0.000257925 0.0395531 0.0385488 0.0343679 
0.389946 0.44213 0.294524 0.379636 0.345918 0.418168 -0.000577228 -0.00119698 -0.000502505 -0.000861567 -0.000569836 -0.000864963 0.0108965 0.0178391 0.0169995 
0.414244 0.307183 0.222702 0.270164 0.329762 0.366007 -0.0185912 -0.0242038 -0.0047806 -0.0127685 -0.012071 -0.0227845 0.0973314 0.106427 0.100246 
0.322179 0.604733 0.531455 0.575135 0.429398 0.485456 -0.11626 -0.148302 -0.151478 -0.152999 -0.136572 -0.142353 0.0684299 0.0770273 0.0639108 
3.50417e-34 1.66899e-34 0.215166 0.115107 0.114978 5.4266e-35 -8.80429e-35 -5.8891e-35 -0.000175382 -4.35653e-05 -7.46026e-05 -1.46521e-34 0.0177573 0.0119174 0.0117838 
0.0153349 -0.0749587 0.0620979 -0.0315989 0.0376853 -0.0388346 0.020775 0.0119057 -0.0220434 0.00547092 -0.00203511 0.0209199 0.00339628 0.0165294 0.0152608 
0.3445 0.222702 0.174678 0.200948 0.267642 0.287969 -0.00301181 -0.0047806 -0.000551465 -0.00227032 -0.0016574 -0.0051161 0.0915182 0.100246 0.0919458 
0.460119 0.541163 0.436134 0.50262 0.449208 0.507988 -0.0646909 -0.0679067 -0.0792032 -0.0765811 -0.0720882 -0.0681215 0.103108 0.0957498 0.104607 
0.353773 0.294524 0.44213 0.379636 0.402954 0.325458 -0.000957015 -0.000502505 -0.00119698 -0.000861567 -0.00112578 -0.000726262 0.0230136 0.0169995 0.0178391 
0.262388 0.328316 0.0620979 0.175065 0.152986 0.294387 -0.0899039 -0.086746 -0.0220434 -0.0485559 -0.0556911 -0.0879356 0.0285929 0.0100562 0.0152608 
0.450773 0.497353 0.47763 0.489788 0.464949 0.480915 0.0111771 0.014431 0.0164538 0.0159088 0.0138712 0.0130846 0.0546851 0.0552685 0.0613979 
0.477476 0.500237 0.400302 0.459738 0.444404 0.489657 0.00706002 -0.00549281 0.00324892 -0.00038047 0.00500232 0.00153197 0.080646 0.0867074 0.0842931 
0.500787 0.47763 0.497353 0.489788 0.501144 0.49819 0.018108 0.0164538 0.014431 0.0159088 0.0164267 0.0179661 0.0595929 0.0613979 0.0552685 
0.302027 0.339884 0.458181 0.408214 0.3943 0.321365 5.74803e-05 -0.000659257 0.000978627 -0.000201015 0.000454902 -0.000337302 0.0376803 0.0325232 0.0381777 
0.0205094 0.113321 0.284141 0.190903 0.135299 0.0646042 -0.0409949 -0.0671028 -0.106418 -0.086745 -0.0713053 -0.0542754 0.0528716 0.0688341 0.0496293 
0.995191 0.98398 0.744417 0.908318 0.916993 0.992066 -0.0354837 -0.0615314 -0.0323466 -0.0486879 -0.0397175 -0.0496256 0.0880137 0.0573453 0.0703779 
0.305575 0.353585 0.459229 0.414412 0.396803 0.330909 0.00295461 0.00682174 0.00784474 0.00780095 0.00547154 0.00469326 0.0515815 0.05624 0.050673 
0.438728 0.458181 0.339884 0.408214 0.395113 0.44875 -0.000821758 0.000978627 -0.000659257 -0.000201015 -0.000760098 -7.97514e-05 0.0324154 0.0381777 0.0325232 
0.3445 0.400302 0.500237 0.459738 0.44078 0.374507 -0.00301181 0.00324892 -0.00549281 -0.00038047 -0.00548934 3.89034e-06 0.0915182 0.0842931 0.0867074 
0.271109 0.315904 0.439225 0.384129 0.365258 0.293744 0.00993579 0.0125966 0.0200418 0.0166736 0.0158803 0.0115719 0.0702583 0.072442 0.0703333 
0.249846 0.323986 0.459509 0.398232 0.362742 0.285254 -0.00112142 -0.01165 -0.0169871 -0.0153577 -0.00723993 -0.00540011 0.0750506 0.0757473 0.0794477 
0.404838 0.380072 0.273485 0.330984 0.346123 0.392773 -0.00062892 -0.000303556 -0.00019695 -0.000257803 -0.000382668 -0.000441396 0.0109002 0.00409006 0.00690941 
0.435324 0.459229 0.353585 0.414412 0.398554 0.448164 0.0117332 0.00784474 0.00682174 0.00780095 0.00930554 0.00984645 0.0569723 0.050673 0.05624 
0.410864 0.439225 0.315904 0.384129 0.365905 0.425526 0.0159075 0.0200418 0.0125966 0.0166736 0.0147929 0.0184453 0.0734283 0.0703333 0.072442 
0.453175 0.459509 0.323986 0.398232 0.391495 0.455705 -0.0308756 -0.0169871 -0.01165 -0.0153577 -0.0202108 -0.0239218 0.0790119 0.0794477 0.0757473 
0.321527 0.214077 0.156347 0.185274 0.245222 0.271652 0.00676826 0.00313876 0.00152864 0.00226613 0.00385888 0.00509819 0.061121 0.0677642 0.0606835 
0.389946 0.272603 0.38004 0.330576 0.385081 0.336585 -0.000577228 -0.000198257 -0.000304709 -0.000258398 -0.000422481 -0.000363041 0.0108965 0.00702206 0.00416101 
0.604733 0.299644 0.486477 0.400694 0.546145 0.467057 -0.148302 -0.105796 -0.127805 -0.120803 -0.139718 -0.135971 0.0770273 0.0844325 0.0898642 
0.549502 0.328316 0.262388 0.294387 0.400695 0.446986 -0.14509 -0.086746 -0.0899039 -0.0879356 -0.119681 -0.120988 0.029691 0.0100562 0.0285929 
-9.83282e-35 -1.27857e-34 -0.0749587 -0.0712005 -0.0618519 6.37155e-36 -3.79504e-35 -1.13333e-34 0.0119057 0.00475891 0.00752049 -1.69666e-34 0.0101875 0.0243573 0.0165294 
0.404838 0.46693 0.380072 0.43026 0.392773 0.439893 -0.00062892 -0.000538619 -0.000303556 -0.000420865 -0.000441396 -0.000596649 0.0109002 0.00542009 0.00409006 
0.389946 0.38004 0.462827 0.427337 0.431213 0.385081 -0.000577228 -0.000304709 -0.000543689 -0.000421761 -0.000577186 -0.000422481 0.0108965 0.00416101 0.0058072 
0.450773 0.47763 0.370214 0.433856 0.41534 0.464949 0.0111771 0.0164538 0.00766988 0.0120967 0.00958322 0.0138712 0.0546851 0.0613979 0.0558096 
0.502106 0.488183 0.47763 0.482981 0.50091 0.50367 0.0214109 0.0179143 0.0164538 0.0176361 0.0195902 0.0200814 0.0668948 0.0676526 0.0613979 
0.321527 0.370214 0.47763 0.433856 0.41767 0.346972 0.00676826 0.00766988 0.0164538 0.0120967 0.0118702 0.00741984 0.061121 0.0558096 0.0613979 
0.00423701 0.0620979 -0.0749587 -0.0315989 -0.0511109 0.0318075 -0.0269526 -0.0220434 0.0119057 0.00547092 -0.00182531 -0.0244602 0.032331 0.0152608 0.0165294 
0.322179 0.284141 0.113321 0.190903 0.212501 0.303975 -0.11626 -0.106418 -0.0671028 -0.086745 -0.0922647 -0.112671 0.0684299 0.0496293 0.0688341 
1.66899e-34 2.77697e-34 0.215166 0.115218 0.115107 5.4664e-35 -5.8891e-35 -2.96378e-35 -0.000175382 -3.71336e-05 -4.35653e-05 -8.8321e-35 0.0119174 0.00597716 0.0117838 
0.500074 0.467645 0.458181 0.462896 0.489598 0.492114 0.00482413 0.00403851 0.000978627 0.00229418 0.00274667 0.00461735 0.0440724 0.0435315 0.0381777 
0.354025 0.484979 0.611923 0.56237 0.504165 0.41791 -0.0328784 -0.0605071 -0.102142 -0.0825185 -0.0656002 -0.045519 0.067546 0.0652164 0.0732759 
8.62147e-34 1.12517e-33 0.842893 0.513003 0.509769 -4.15556e-35 8.04719e-34 1.02556e-33 -0.00528362 -0.00153363 -0.00213678 1.83596e-33 0.164896 0.209873 0.177402 
0.651828 0.611923 0.484979 0.56237 0.580067 0.630859 -0.111814 -0.102142 -0.0605071 -0.0825185 -0.0862073 -0.107838 0.0658405 0.0732759 0.0652164 
0.307183 0.484081 0.337244 0.420651 0.323121 0.405713 -0.0242038 -0.0464698 -0.0438304 -0.0484852 -0.0334879 -0.0379587 0.106427 0.0995087 0.108366 
0.00423701 -0.0681849 0.0205094 -0.0403796 0.0111683 -0.0487691 -0.0269526 -0.00780743 -0.0409949 -0.0209145 -0.0352606 -0.0159046 0.032331 0.048339 0.0528716 
0.30965 0.111757 0.177184 0.141926 0.246874 0.209552 -0.0174381 -0.00231055 -0.00761766 -0.00466236 -0.0134164 -0.00814494 0.0740256 0.0717485 0.0693545 
0.276936 0.109955 0.146553 0.128072 0.212933 0.195797 0.00862808 0.00186871 0.00204924 0.00200376 0.00466678 0.00505616 0.0741535 0.0744183 0.0748544 
0.316633 0.138661 0.179438 0.160069 0.251814 0.235155 0.00836574 0.00167474 0.00374978 0.00257309 0.00637365 0.00473115 0.0619866 0.0629664 0.0672243 
0.249846 0.146553 0.103109 0.124383 0.176104 0.196605 -0.00112142 0.00204924 0.000128748 0.000850791 -0.000216381 0.00132013 0.0750506 0.0748544 0.0746613 
0.271109 0.179438 0.124643 0.15201 0.201637 0.227858 0.00993579 0.00374978 0.00231756 0.00303781 0.00578753 0.00672478 0.0702583 0.0672243 0.0707373 
0.305575 0.204317 0.146545 0.176143 0.232236 0.258317 0.00295461 0.000429767 0.000650673 0.000594516 0.00168573 0.00138328 0.0515815 0.0457038 0.0519342 
0.707473 0.995191 0.744417 0.916993 0.729935 0.909271 -0.0142061 -0.0354837 -0.0323466 -0.0397175 -0.0213115 -0.025189 0.108757 0.0880137 0.0703779 
0.453175 0.523116 0.545775 0.537919 0.509289 0.487132 -0.0308756 -0.0598161 -0.0534785 -0.0576219 -0.0421684 -0.0444907 0.0790119 0.0803307 0.0860381 
0.410864 0.437556 0.489345 0.467465 0.455833 0.423464 0.0159075 0.00863684 0.0153414 0.012296 0.01636 0.0129528 0.0734283 0.0763732 0.0752645 
0.570222 0.545775 0.523116 0.537919 0.568174 0.564203 -0.0837406 -0.0534785 -0.0598161 -0.0576219 -0.0744521 -0.0685014 0.0918102 0.0860381 0.0803307 
0.435324 0.449183 0.490898 0.474193 0.469001 0.442576 0.0117332 0.0171441 0.0147643 0.0163622 0.0135773 0.0144951 0.0569723 0.0621751 0.0562031 
0.513018 0.489345 0.437556 0.467465 0.486395 0.502472 0.00647672 0.0153414 0.00863684 0.012296 0.00791047 0.0115641 0.0792999 0.0752645 0.0763732 
0.500787 0.490898 0.449183 0.474193 0.484531 0.496924 0.018108 0.0147643 0.0171441 0.0163622 0.0183472 0.0166238 0.0595929 0.0562031 0.0621751 
0.453175 0.545775 0.459509 0.506848 0.455705 0.509289 -0.0308756 -0.0534785 -0.0169871 -0.0331585 -0.0239218 -0.0421684 0.0790119 0.0860381 0.0794477 
0.410864 0.489345 0.439225 0.465752 0.425526 0.455833 0.0159075 0.0153414 0.0200418 0.0191855 0.0184453 0.01636 0.0734283 0.0752645 0.0703333 
0.435324 0.490898 0.459229 0.47782 0.448164 0.469001 0.0117332 0.0147643 0.00784474 0.0112694 0.00984645 0.0135773 0.0569723 0.0562031 0.050673 
0.545971 0.459509 0.545775 0.506848 0.547311 0.517873 -0.0449567 -0.0169871 -0.0534785 -0.0331585 -0.049542 -0.030601 0.0889035 0.0794477 0.0860381 
0.505851 0.439225 0.489345 0.465752 0.49945 0.481347 0.0181321 0.0200418 0.0153414 0.0191855 0.0169307 0.0201781 0.0734312 0.0703333 0.0752645 
0.50028 0.459229 0.490898 0.47782 0.497514 0.488758 0.0114874 0.00784474 0.0147643 0.0112694 0.0132291 0.0100026 0.0518971 0.050673 0.0562031 
-0.0358679 -0.0501622 -0.0214798 -0.0346284 -0.0295051 -0.045045 0.0386807 0.0373725 0.0598181 0.0493911 0.0504346 0.0403682 0.00495627 0.00570055 -0.00137887 
2.76993e-34 0.215123 0.273485 0.245141 0.15005 0.114966 2.84715e-35 -0.000167002 -0.00019695 -0.000189537 -5.72689e-05 -3.71473e-05 0.00583208 0.0112825 0.00690941 
8.21555e-34 1.07397e-33 0.836184 0.515267 0.505538 1.0899e-34 -5.38592e-34 -3.03179e-34 -0.0210626 -0.00745542 -0.00491903 -7.9138e-34 0.111623 0.0539916 0.0801448 
0.525972 0.508338 0.500237 0.504441 0.523368 0.528127 -0.0150119 -0.0239571 -0.00549281 -0.0135837 -0.0105375 -0.0204935 0.0848362 0.0921552 0.0867074 
0.640591 0.726023 0.469105 0.633831 0.555527 0.701892 -0.0891115 -0.136129 -0.0535869 -0.0965304 -0.0706146 -0.115642 0.0540779 0.0582164 0.0595231 
0.651828 0.469105 0.726023 0.633831 0.690634 0.582511 -0.111814 -0.0535869 -0.136129 -0.0965304 -0.124177 -0.0844787 0.0658405 0.0595231 0.0582164 
0.989613 0.842893 0.844186 0.843772 0.978422 0.978161 -0.00473816 -0.00528362 -0.00212359 -0.0033141 -0.00382191 -0.00609482 0.199458 0.177402 0.231754 
0.222345 0.320348 0.486477 0.401267 0.357051 0.273426 -0.0781228 -0.0825028 -0.127805 -0.106867 -0.107517 -0.0817895 0.096604 0.10427 0.0898642 
0.435324 0.353585 0.316633 0.335793 0.383092 0.398554 0.0117332 0.00682174 0.00836574 0.00775097 0.0106308 0.00930554 0.0569723 0.05624 0.0619866 
0.410864 0.315904 0.276936 0.296428 0.349406 0.365905 0.0159075 0.0125966 0.00862808 0.0107277 0.0125657 0.0147929 0.0734283 0.072442 0.0741535 
0.453175 0.323986 0.30965 0.316263 0.388737 0.391495 -0.0308756 -0.01165 -0.0174381 -0.0149931 -0.0250177 -0.0202108 0.0790119 0.0757473 0.0740256 
0.460119 0.337244 0.484081 0.420651 0.473492 0.40168 -0.0646909 -0.0438304 -0.0464698 -0.0484852 -0.0554486 -0.0559234 0.103108 0.108366 0.0995087 
0.302027 0.195466 0.142032 0.169076 0.227739 0.251532 5.74803e-05 0.000385353 -2.29079e-05 0.000122458 -1.17455e-05 0.000343825 0.0376803 0.042794 0.0373327 
0.449083 0.317171 0.360789 0.339792 0.410409 0.393429 -0.000977317 -0.000777781 -0.000635662 -0.000786533 -0.000808786 -0.00101729 0.0324691 0.0290289 0.0343679 
0.499537 0.44213 0.487134 0.468673 0.495464 0.482838 -0.00160832 -0.00119698 -0.00107396 -0.001169 -0.00135295 -0.00146125 0.0192367 0.0178391 0.0127563 
0.499537 0.487134 0.488592 0.499974 0.498161 0.495464 -0.00160832 -0.00107396 -0.00119037 -0.00118089 -0.00142606 -0.00135295 0.0192367 0.0127563 0.0142591 
0.354025 0.177184 0.139426 0.15916 0.24598 0.259772 -0.0328784 -0.00761766 -0.0057964 -0.00699326 -0.0167741 -0.0177085 0.067546 0.0693545 0.0646313 
0.332969 0.146675 0.195466 0.171447 0.268187 0.247854 0.00380783 0.000619087 0.000385353 0.000544406 0.00160346 0.00195529 0.049263 0.0484287 0.042794 
0.881453 0.963954 0.846244 0.954715 0.869872 0.951864 -0.114458 -0.0849198 -0.0594993 -0.0851508 -0.091418 -0.104427 0.00407838 0.0402907 0.0145661 
1.12517e-33 9.52523e-34 0.844186 0.513644 0.512318 -3.21188e-35 1.02556e-33 1.25253e-33 -0.00212359 -0.000716508 -0.00104455 2.28158e-33 0.209873 0.255743 0.231754 
-1.79002e-35 0.0373013 0.06916 0.0501759 -0.0108371 -0.00694898 -4.62794e-34 -0.0226063 -0.0481744 -0.0351635 -0.0145971 -0.00681139 0.0876552 0.0967625 0.0828737 
0.358423 0.194208 0.317171 0.259592 0.338487 0.2842 -0.000938616 -0.00029688 -0.000777781 -0.000524606 -0.000900419 -0.00061373 0.0222537 0.0252056 0.0290289 
0.628264 0.549502 0.757209 0.675698 0.713802 0.587161 -0.147614 -0.14509 -0.160729 -0.161038 -0.160689 -0.146539 0.021763 0.029691 0.0425621 
0.450773 0.370214 0.332969 0.351617 0.399694 0.41534 0.0111771 0.00766988 0.00380783 0.00564282 0.00720269 0.00958322 0.0546851 0.0558096 0.049263 
0.820943 0.628264 0.757209 0.713802 0.788056 0.750865 -0.152623 -0.147614 -0.160729 -0.160689 -0.157937 -0.157585 0.0334167 0.021763 0.0425621 
0.570222 0.589832 0.513111 0.573439 0.554368 0.580808 -0.0837406 -0.0932551 -0.106514 -0.10472 -0.0973502 -0.0890457 0.0918102 0.086757 0.0977494 
0.596107 0.513111 0.589832 0.573439 0.597388 0.559707 -0.117942 -0.106514 -0.0932551 -0.10472 -0.106106 -0.114322 0.0877784 0.0977494 0.086757 
0.0153349 -0.0501622 -0.0749587 -0.0636744 -0.0388346 -0.0288618 0.020775 0.0373725 0.0119057 0.0242583 0.0209199 0.0353348 0.00339628 0.00570055 0.0165294 
8.81494e-34 7.35635e-34 0.707473 0.406247 0.396527 2.14584e-34 4.11905e-34 5.96876e-34 -0.0142061 -0.00410836 -0.00563819 1.02741e-33 0.0876169 0.12292 0.108757 
0.364545 0.164397 0.214077 0.190306 0.295129 0.27532 0.00753497 0.00159513 0.00313876 0.00237057 0.00564235 0.00433232 0.0761453 0.0753069 0.0677642 
0.477476 0.400302 0.364545 0.383742 0.430549 0.444404 0.00706002 0.00324892 0.00753497 0.00610927 0.00829231 0.00500232 0.080646 0.0842931 0.0761453 
0.50028 0.497353 0.464298 0.484797 0.492513 0.500065 0.0114874 0.014431 0.00786227 0.0111147 0.00997136 0.0130761 0.0518971 0.0552685 0.048882 
0.450773 0.464298 0.497353 0.484797 0.480915 0.457668 0.0111771 0.00786227 0.014431 0.0111147 0.0130846 0.00964861 0.0546851 0.048882 0.0552685 
0.307183 0.143978 0.222702 0.18444 0.270164 0.231094 -0.0242038 -0.0051882 -0.0047806 -0.00542177 -0.0127685 -0.0139133 0.106427 0.107863 0.100246 
0.353773 0.286693 0.185551 0.238599 0.277541 0.321768 -0.000957015 -0.000637336 -0.000285597 -0.000460727 -0.000614946 -0.000833902 0.0230136 0.0285987 0.025145 
0.89404 0.612666 0.927957 0.822785 0.913856 0.829641 -0.131178 -0.0521203 -0.109004 -0.0851442 -0.12048 -0.095958 0.0284574 0.0469037 0.0315879 
0.498545 0.490863 0.432136 0.468254 0.477665 0.495527 -0.00164867 -0.00110743 -0.00134008 -0.00132216 -0.00155414 -0.00143479 0.027431 0.0315803 0.0280789 
0.404838 0.273485 0.215123 0.245141 0.322662 0.346123 -0.00062892 -0.00019695 -0.000167002 -0.000189537 -0.000396159 -0.000382668 0.0109002 0.00690941 0.0112825 
0.489763 0.408066 0.46693 0.441163 0.479973 0.459127 -0.000407567 -0.000269934 -0.000538619 -0.000372143 -0.000451129 -0.000355285 -6.46134e-06 -1.43904e-05 0.00542009 
0.408232 0.489794 0.462827 0.478422 0.438583 0.459208 -0.00027086 -0.000407073 -0.000543689 -0.000453476 -0.000372682 -0.000355218 1.43437e-05 6.16264e-06 0.0058072 
0.505851 0.513886 0.487652 0.504821 0.507984 0.511413 0.0181321 0.011547 0.0151295 0.0140809 0.0170089 0.0152213 0.0734312 0.0777017 0.0736948 
0.477476 0.487652 0.513886 0.504821 0.503453 0.483353 0.00706002 0.0151295 0.011547 0.0140809 0.00925076 0.011659 0.080646 0.0736948 0.0777017 
0.499537 0.488592 0.473653 0.481884 0.495025 0.498161 -0.00160832 -0.00119037 -0.00153681 -0.00139466 -0.00162791 -0.00142606 0.0192367 0.0142591 0.0211964 
2.76993e-34 1.65737e-34 0.215123 0.115076 0.114966 5.51369e-35 2.84715e-35 5.73052e-35 -0.000167002 -4.19161e-05 -3.71473e-05 8.59694e-35 0.00583208 0.0116981 0.0112825 
8.81494e-34 0.707473 0.744417 0.729935 0.436048 0.396527 4.11905e-34 -0.0142061 -0.0323466 -0.0213115 -0.00993807 -0.00563819 0.0876169 0.108757 0.0703779 
0.00423701 -0.0749587 -0.079328 -0.0810075 -0.0598609 -0.0511109 -0.0269526 0.0119057 -0.00033006 0.00365121 -0.00815682 -0.00182531 0.032331 0.0165294 0.0326401 
-1.27857e-34 -0.079328 -0.0749587 -0.0810075 -0.0712005 -0.0571548 -1.13333e-34 -0.00033006 0.0119057 0.00365121 0.00475891 0.00158396 0.0243573 0.0326401 0.0165294 
0.389946 0.294524 0.215166 0.256528 0.312752 0.345918 -0.000577228 -0.000502505 -0.000175382 -0.000318068 -0.000379448 -0.000569836 0.0108965 0.0169995 0.0117838 
0.498545 0.432136 0.47683 0.457389 0.49092 0.477665 -0.00164867 -0.00134008 -0.00164774 -0.0015409 -0.00171839 -0.00155414 0.027431 0.0280789 0.0236118 
0.995191 0.846244 0.98398 0.963735 0.992066 0.970061 -0.0354837 -0.0594993 -0.0615314 -0.070526 -0.0496256 -0.0528125 0.0880137 0.0145661 0.0573453 
0.389946 0.215166 0.272603 0.24469 0.336585 0.312752 -0.000577228 -0.000175382 -0.000198257 -0.000195807 -0.000363041 -0.000379448 0.0108965 0.0117838 0.00702206 
0.545971 0.541163 0.484081 0.514884 0.531947 0.549345 -0.0449567 -0.0679067 -0.0464698 -0.0573874 -0.0483921 -0.056712 0.0889035 0.0957498 0.0995087 
0.460119 0.484081 0.541163 0.514884 0.507988 0.473492 -0.0646909 -0.0464698 -0.0679067 -0.0573874 -0.0681215 -0.0554486 0.103108 0.0995087 0.0957498 
0.404838 0.215123 0.294719 0.256482 0.355027 0.322662 -0.00062892 -0.000167002 -0.000488037 -0.000306927 -0.000591186 -0.000396159 0.0109002 0.0112825 0.0166932 
0.488592 0.428463 0.473653 0.453808 0.481884 0.465 -0.00119037 -0.00106377 -0.00153681 -0.00131338 -0.00139466 -0.00115892 0.0142591 0.0170428 0.0211964 
3.37776e-34 0.204655 0.317171 0.264382 0.178372 0.109044 1.46029e-34 -0.000259969 -0.000777781 -0.000489602 -0.000264335 -0.000113286 0.0298894 0.034232 0.0290289 
2.76993e-34 0.273485 0.180852 0.229124 0.0954791 0.15005 2.84715e-35 -0.00019695 -6.55567e-05 -0.000119105 -2.39836e-05 -5.72689e-05 0.00583208 0.00690941 0.00362832 
3.37776e-34 0.317171 0.194208 0.259592 0.103246 0.178372 1.46029e-34 -0.000777781 -0.00029688 -0.000524606 -0.000113445 -0.000264335 0.0298894 0.0290289 0.0252056 
-9.83282e-35 -0.0749587 -0.0506994 -0.068612 -0.0367586 -0.0618519 -3.79504e-35 0.0119057 0.0173828 0.0170846 0.00554643 0.00752049 0.0101875 0.0165294 0.00844657 
3.50417e-34 0.294524 0.203468 0.251034 0.108432 0.163337 -8.80429e-35 -0.000502505 -0.000304054 -0.000416929 -8.76473e-05 -0.000169036 0.0177573 0.0169995 0.0214843 
0.89404 0.842378 0.612666 0.768103 0.829641 0.874442 -0.131178 -0.120944 -0.0521203 -0.0890069 -0.095958 -0.127561 0.0284574 0.0386507 0.0469037 
0.404838 0.294719 0.428463 0.37021 0.41704 0.355027 -0.00062892 -0.000488037 -0.00106377 -0.000783471 -0.000837234 -0.000591186 0.0109002 0.0166932 0.0170428 
8.21555e-34 0.836184 0.702945 0.773954 0.405747 0.505538 -5.38592e-34 -0.0210626 -0.00779015 -0.0120608 -0.00266089 -0.00491903 0.111623 0.0801448 0.120941 
0.75 1 0.937295 0.984304 0.859267 0.9375 -3.58931e-37 -6.71381e-37 -0.000624386 -0.000467145 -0.000338333 -1.28266e-36 0.349444 0.34887 0.308835 
4.53806e-34 0.307276 0.469105 0.394998 0.229111 0.138982 2.36118e-34 -0.0227273 -0.0535869 -0.0374905 -0.0142912 -0.00548229 0.0542127 0.0528661 0.0595231 
0.836184 0.846244 0.995191 0.970061 0.969821 0.840273 -0.0210626 -0.0594993 -0.0354837 -0.0528125 -0.0338803 -0.0312723 0.0801448 0.0145661 0.0880137 
0.358423 0.428463 0.294719 0.37021 0.327995 0.396419 -0.000938616 -0.00106377 -0.000488037 -0.000783471 -0.000705377 -0.0010367 0.0222537 0.0170428 0.0166932 
0.222345 0.06916 0.0373013 0.0501759 0.116163 0.143049 -0.0781228 -0.0481744 -0.0226063 -0.0351635 -0.0497505 -0.0645818 0.096604 0.0828737 0.0967625 
2.77697e-34 0.169663 0.272603 0.223555 0.149606 0.0892115 -2.96378e-35 -5.83961e-05 -0.000198257 -0.000114611 -5.67659e-05 -2.08466e-05 0.00597716 0.0038488 0.00702206 
9.52523e-34 0.706323 0.844186 0.780868 0.513644 0.405282 1.25253e-33 -0.000682726 -0.00212359 -0.00117519 -0.000716508 -0.000286192 0.255743 0.281492 0.231754 
4.79648e-34 5.54565e-34 0.612666 0.344055 0.31489 -2.2024e-35 1.83403e-34 1.9861e-34 -0.0521203 -0.0138515 -0.0147007 4.24129e-34 0.0412555 0.0440495 0.0469037 
0.222345 0.299644 0.06916 0.174721 0.143049 0.258664 -0.0781228 -0.105796 -0.0481744 -0.0778208 -0.0645818 -0.0923782 0.096604 0.0844325 0.0828737 
0.98398 0.846244 0.963954 0.954715 0.974805 0.963735 -0.0615314 -0.0594993 -0.0849198 -0.0851508 -0.0732234 -0.070526 0.0573453 0.0145661 0.0402907 
-1.79002e-35 0.06916 -0.0309327 0.0108946 -0.0307226 -0.0108371 -4.62794e-34 -0.0481744 -0.0194789 -0.0327484 -0.00656722 -0.0145971 0.0876552 0.0828737 0.0680802 
0.803686 0.744417 0.963954 0.898629 0.907222 0.780705 -0.0629684 -0.0323466 -0.0849198 -0.0583918 -0.0761357 -0.0479638 0.0483779 0.0703779 0.0402907 
0.449083 0.496375 0.467704 0.485638 0.458948 0.479596 -0.000977317 -0.00103009 -0.00156132 -0.00145003 -0.0013429 -0.00104365 0.0324691 0.0321432 0.0269763 
0.498545 0.467704 0.496375 0.485638 0.499891 0.495006 -0.00164867 -0.00156132 -0.00103009 -0.00145003 -0.00141242 -0.00167074 0.027431 0.0269763 0.0321432 
0.640591 0.469105 0.307276 0.394998 0.487099 0.555527 -0.0891115 -0.0535869 -0.0227273 -0.0374905 -0.0525806 -0.0706146 0.0540779 0.0595231 0.0528661 
0.651828 0.484979 0.469105 0.478289 0.582511 0.580067 -0.111814 -0.0605071 -0.0535869 -0.0576384 -0.0844787 -0.0862073 0.0658405 0.0652164 0.0595231 
0.803686 0.927957 0.612666 0.822785 0.712165 0.892382 -0.0629684 -0.109004 -0.0521203 -0.0851442 -0.0607806 -0.0863634 0.0483779 0.0315879 0.0469037 
7.40817e-34 7.74351e-34 0.774631 0.457359 0.456223 1.69837e-34 -1.22232e-33 -1.0009e-33 -0.00168025 -0.000618298 -0.000475707 -2.22192e-33 0.256559 0.20997 0.23477 
4.53806e-34 0.469105 0.233698 0.345942 0.120629 0.229111 2.36118e-34 -0.0535869 -0.0153339 -0.0313042 -0.00443607 -0.0142912 0.0542127 0.0595231 0.062022 
0.998659 0.937295 0.986663 0.995447 0.9942 0.988607 -0.00144604 -0.000624386 -0.000526111 -0.000642067 -0.000944195 -0.00107228 0.270767 0.308835 0.318822 
0.353773 0.185551 0.203468 0.194567 0.285209 0.277541 -0.000957015 -0.000285597 -0.000304054 -0.000297355 -0.000620286 -0.000614946 0.0230136 0.025145 0.0214843 
0.998659 0.986663 0.749915 0.905272 0.927959 0.9942 -0.00144604 -0.000526111 -0.000469575 -0.000563831 -0.000968713 -0.000944195 0.270767 0.318822 0.306236 
0.499537 0.47683 0.44213 0.461434 0.482838 0.492465 -0.00160832 -0.00164774 -0.00119698 -0.00145709 -0.00146125 -0.00167958 0.0192367 0.0236118 0.0178391 
0.436134 0.242178 0.337244 0.29265 0.386537 0.342526 -0.0792032 -0.0464179 -0.0438304 -0.0463502 -0.0618076 -0.0658328 0.104607 0.11062 0.108366 
0.634379 0.284141 0.531455 0.416241 0.582802 0.470615 -0.16251 -0.106418 -0.151478 -0.134911 -0.157718 -0.143032 0.0535511 0.0496293 0.0639108 
0.353773 0.44213 0.47683 0.461434 0.428495 0.402954 -0.000957015 -0.00119698 -0.00164774 -0.00145709 -0.00135963 -0.00112578 0.0230136 0.0178391 0.0236118 
0.337244 0.242178 0.178268 0.212202 0.259566 0.29265 -0.0438304 -0.0464179 -0.0167876 -0.0306184 -0.0310322 -0.0463502 0.108366 0.11062 0.111863 
0.322179 0.531455 0.284141 0.416241 0.303975 0.429398 -0.11626 -0.151478 -0.106418 -0.134911 -0.112671 -0.136572 0.0684299 0.0639108 0.0496293 
2.98292e-34 0.286693 0.19374 0.242218 0.102756 0.158171 -1.44274e-34 -0.000637336 -0.000230588 -0.000417461 -0.000103816 -0.000220324 0.0291359 0.0285987 0.0330948 
1.04087e-34 -0.0214798 0.0231378 -0.0106439 2.6783e-06 -0.00930255 9.10402e-35 0.0598181 0.0455917 0.0607257 0.054029 0.0573995 -0.0238788 -0.00137887 -0.00908718 
0.353773 0.432136 0.286693 0.369463 0.321768 0.396637 -0.000957015 -0.00134008 -0.000637336 -0.00102257 -0.000833902 -0.00121116 0.0230136 0.0280789 0.0285987 
1.07397e-33 0.846244 0.836184 0.840273 0.515267 0.546027 -3.03179e-34 -0.0594993 -0.0210626 -0.0312723 -0.00745542 -0.0306606 0.0539916 0.0145661 0.0801448 
1.7218e-34 0.143978 0.178268 0.165103 0.0988803 0.072772 -5.59223e-34 -0.0051882 -0.0167876 -0.0100699 -0.0045348 -0.00170476 0.112143 0.107863 0.111863 
5.54565e-34 0.399105 0.612666 0.521906 0.344055 0.201657 1.9861e-34 -0.0166325 -0.0521203 -0.0310406 -0.0138515 -0.00436133 0.0440495 0.0545045 0.0469037 
0.803686 0.612666 0.399105 0.521906 0.629055 0.712165 -0.0629684 -0.0521203 -0.0166325 -0.0310406 -0.0380273 -0.0607806 0.0483779 0.0469037 0.0545045 
0.998659 0.844186 0.706323 0.780868 0.936006 0.967803 -0.00144604 -0.00212359 -0.000682726 -0.00117519 -0.00127478 -0.00206163 0.270767 0.231754 0.281492 
3.70815e-35 8.42727e-35 0.109362 0.0500227 0.0312761 -9.41296e-36 -5.29524e-34 -5.71201e-34 -0.0293491 -0.00872744 -0.00892255 -1.07131e-33 0.10427 0.113428 0.107233 
0.353773 0.203468 0.294524 0.251034 0.325458 0.285209 -0.000957015 -0.000304054 -0.000502505 -0.000416929 -0.000726262 -0.000620286 0.0230136 0.0214843 0.0169995 
0.358423 0.200032 0.194208 0.197125 0.2842 0.286565 -0.000938616 -0.000279063 -0.00029688 -0.000288726 -0.00061373 -0.000597166 0.0222537 0.0211522 0.0252056 
0.489763 0.46693 0.499982 0.491813 0.497477 0.479973 -0.000407567 -0.000538619 -0.000546389 -0.000561133 -0.000462398 -0.000451129 -6.46134e-06 0.00542009 0.00381196 
2.98292e-34 0.185551 0.286693 0.238599 0.158171 0.0979341 -1.44274e-34 -0.000285597 -0.000637336 -0.000460727 -0.000220324 -0.000104762 0.0291359 0.025145 0.0285987 
0.489794 0.499982 0.462827 0.490594 0.478422 0.497386 -0.000407073 -0.000546389 -0.000543689 -0.000565932 -0.000453476 -0.00046216 6.16264e-06 0.00381196 0.0058072 
3.42822e-34 0.200032 0.294719 0.249658 0.163528 0.106294 8.62585e-35 -0.000279063 -0.000488037 -0.000397449 -0.000163466 -7.91542e-05 0.0176626 0.0211522 0.0166932 
-1.79002e-35 3.70815e-35 0.0373013 0.00868928 -0.00694898 -3.04069e-35 -4.62794e-34 -5.29524e-34 -0.0226063 -0.00657045 -0.00681139 -9.46062e-34 0.0876552 0.10427 0.0967625 
-3.47929e-35 -0.0506994 -0.0145801 -0.0325276 -0.0112365 -0.0249257 -8.8846e-36 0.0173828 0.0134927 0.016856 0.00405005 0.00570586 0.00345458 0.00844657 0.00557368 
0.0153349 0.0620979 0.328316 0.175065 0.135276 0.0376853 0.020775 -0.0220434 -0.086746 -0.0485559 -0.025734 -0.00203511 0.00339628 0.0152608 0.0100562 
1.40349e-34 1.7218e-34 0.178268 0.0988803 0.0869059 5.67012e-35 -5.79519e-34 -5.59223e-34 -0.0167876 -0.0045348 -0.00521951 -1.12452e-33 0.115809 0.112143 0.111863 
0.00423701 -0.079328 -0.0681849 -0.0756243 -0.0487691 -0.0598609 -0.0269526 -0.00033006 -0.00780743 -0.00402023 -0.0159046 -0.00815682 0.032331 0.0326401 0.048339 
0.803686 0.399105 0.744417 0.58123 0.780705 0.629055 -0.0629684 -0.0166325 -0.0323466 -0.0248003 -0.0479638 -0.0380273 0.0483779 0.0545045 0.0703779 
0.639529 0.612666 0.842378 0.768103 0.763694 0.630353 -0.0699465 -0.0521203 -0.120944 -0.0890069 -0.0975833 -0.0615431 0.0454188 0.0469037 0.0386507 
1.09379e-33 0.846244 1.07397e-33 0.546027 3.0079e-34 0.565415 8.37562e-36 -0.0594993 -3.03179e-34 -0.0306606 -9.57658e-36 -0.0814985 -0.0715174 0.0145661 0.0539916 
0.307183 0.178268 0.143978 0.165103 0.231094 0.244653 -0.0242038 -0.0167876 -0.0051882 -0.0100699 -0.0139133 -0.0222583 0.106427 0.111863 0.107863 
0.499984 0.499982 0.46693 0.491813 0.491788 0.499983 -0.000814326 -0.000546389 -0.000538619 -0.000561133 -0.000687612 -0.000667504 0.00844774 0.00381196 0.00542009 
0.499984 0.462827 0.499982 0.490594 0.499983 0.490621 -0.000814326 -0.000543689 -0.000546389 -0.000565932 -0.000667504 -0.000694732 0.00844774 0.0058072 0.00381196 
9.53561e-34 8.21555e-34 0.702945 0.405747 0.400967 3.51502e-34 -7.75598e-34 -5.38592e-34 -0.00779015 -0.00266089 -0.00198785 -1.30393e-33 0.161924 0.111623 0.120941 
-9.33997e-35 -0.0309327 -0.0681849 -0.0525345 -0.0498796 -0.0434622 -3.34957e-34 -0.0194789 -0.00780743 -0.0133475 -0.00275548 -0.00501478 0.0663635 0.0680802 0.048339 
0.999374 0.995191 0.707473 0.909271 0.919201 0.997807 -0.0151793 -0.0354837 -0.0142061 -0.025189 -0.0177737 -0.0242205 0.13174 0.0880137 0.108757 
9.53561e-34 0.702945 0.834736 0.773558 0.507158 0.400967 -7.75598e-34 -0.00779015 -0.00651956 -0.0075432 -0.00214799 -0.00198785 0.161924 0.120941 0.158541 
0.820943 0.757209 0.764335 0.798594 0.820639 0.788056 -0.152623 -0.160729 -0.112494 -0.143393 -0.137061 -0.157937 0.0334167 0.0425621 0.04608 
0.358423 0.294719 0.200032 0.249658 0.286565 0.327995 -0.000938616 -0.000488037 -0.000279063 -0.000397449 -0.000597166 -0.000705377 0.0222537 0.0166932 0.0211522 
0.350113 0.328316 0.731994 0.528499 0.567383 0.340246 -0.0837821 -0.086746 -0.148587 -0.127089 -0.126708 -0.0843675 -0.00156504 0.0100562 0.0157134 
0.98398 0.963954 0.744417 0.898629 0.908318 0.974805 -0.0615314 -0.0849198 -0.0323466 -0.0583918 -0.0486879 -0.0732234 0.0573453 0.0402907 0.0703779 
1.04087e-34 -2.52746e-35 -0.0214798 -0.00829259 -0.00930255 8.12523e-35 9.10402e-35 6.28114e-35 0.0598181 0.0505783 0.0573995 6.59006e-35 -0.0238788 0.00410764 -0.00137887 
0.999374 0.707473 0.648024 0.679624 0.903973 0.919201 -0.0151793 -0.0142061 -0.00637107 -0.00924975 -0.0127197 -0.0177737 0.13174 0.108757 0.142356 
0.999374 0.836184 0.995191 0.969821 0.997807 0.963901 -0.0151793 -0.0210626 -0.0354837 -0.0338803 -0.0242205 -0.0215807 0.13174 0.0801448 0.0880137 
0.244738 0.180852 0.380072 0.292388 0.318684 0.213688 -9.93197e-05 -6.55567e-05 -0.000303556 -0.000174976 -0.000181261 -8.12648e-05 -1.00261e-05 0.00362832 0.00409006 
0.245042 0.38004 0.169663 0.28792 0.208568 0.318865 -9.92459e-05 -0.000304709 -5.83961e-05 -0.000170799 -7.78823e-05 -0.000181324 1.03232e-05 0.00416101 0.0038488 
0.389946 0.487134 0.44213 0.468673 0.418168 0.450455 -0.000577228 -0.00107396 -0.00119698 -0.001169 -0.000864963 -0.000841174 0.0108965 0.0127563 0.0178391 
7.35635e-34 0.648024 0.707473 0.679624 0.406247 0.361782 5.96876e-34 -0.00637107 -0.0142061 -0.00924975 -0.00410836 -0.00221195 0.12292 0.142356 0.108757 
0.414244 0.500237 0.508338 0.504441 0.468987 0.466935 -0.0185912 -0.00549281 -0.0239571 -0.0135837 -0.0226043 -0.013259 0.0973314 0.0867074 0.0921552 
0.407412 0.47763 0.488183 0.482981 0.456153 0.448829 0.0117819 0.0164538 0.0179143 0.0176361 0.0150766 0.0146377 0.0677441 0.0613979 0.0676526 
7.74351e-34 0.645023 0.774631 0.713415 0.457359 0.363367 -1.0009e-33 -0.00221539 -0.00168025 -0.00198561 -0.000618298 -0.000574499 0.20997 0.192353 0.23477 
0.998659 0.749915 0.62461 0.690399 0.8948 0.927959 -0.00144604 -0.000469575 -0.000639823 -0.000574307 -0.00124462 -0.000968713 0.270767 0.306236 0.27129 
0.00423701 0.284141 0.262388 0.274305 0.114523 0.12696 -0.0269526 -0.106418 -0.0899039 -0.0997707 -0.0540401 -0.0649787 0.032331 0.0496293 0.0285929 
8.62147e-34 0.842893 0.648024 0.755093 0.365988 0.509769 8.04719e-34 -0.00528362 -0.00637107 -0.00616074 -0.00161074 -0.00213678 0.164896 0.177402 0.142356 
0.384229 0.459229 0.468982 0.464456 0.433312 0.427015 0.00221057 0.00784474 0.00370927 0.00567352 0.00303594 0.0046481 0.0454311 0.050673 0.0445149 
3.22643e-34 3.37075e-34 0.403964 0.208353 0.188443 5.15357e-35 2.21504e-34 1.93158e-34 -0.0337364 -0.00875288 -0.00799114 4.45334e-34 0.0477413 0.0415964 0.0493119 
0.999374 0.702945 0.836184 0.773954 0.963901 0.933872 -0.0151793 -0.00779015 -0.0210626 -0.0120608 -0.0215807 -0.0143268 0.13174 0.120941 0.0801448 
-3.47929e-35 -9.83282e-35 -0.0506994 -0.0367586 -0.0249257 -2.9533e-35 -8.8846e-36 -3.79504e-35 0.0173828 0.00554643 0.00570586 -6.51481e-35 0.00345458 0.0101875 0.00844657 
1.869e-34 3.50417e-34 0.203468 0.108432 0.108232 6.9792e-35 -1.16337e-34 -8.80429e-35 -0.000304054 -8.76473e-05 -8.40029e-05 -2.03888e-34 0.023533 0.0177573 0.0214843 
0.75 0.749915 0.986663 0.905272 0.905289 0.749915 -4.15798e-37 -0.000469575 -0.000526111 -0.000563831 -0.000327091 -0.000254565 0.348349 0.306236 0.318822 
0.431724 0.589245 0.523116 0.556245 0.484584 0.526354 -0.0450875 -0.092088 -0.0598161 -0.0752778 -0.0541499 -0.0689533 0.0732231 0.0798746 0.0803307 
0.333615 0.459509 0.454209 0.455795 0.398809 0.397446 0.00295109 -0.0169871 -0.00309501 -0.00988588 0.000515437 -0.00474932 0.0756016 0.0794477 0.0786333 
0.357125 0.439225 0.450865 0.445 0.409173 0.400918 0.0141249 0.0200418 0.0199818 0.0202061 0.0175344 0.0177719 0.0668353 0.0703333 0.0666214 
0.634379 0.726023 0.757209 0.755293 0.69697 0.716584 -0.16251 -0.136129 -0.160729 -0.151404 -0.163847 -0.158163 0.0535511 0.0582164 0.0425621 
0.381324 0.458181 0.467645 0.462896 0.431247 0.424591 0.00222829 0.000978627 0.00403851 0.00229418 0.00318027 0.00174375 0.0429614 0.0381777 0.0435315 
0.286693 0.432136 0.339884 0.390818 0.314182 0.369463 -0.000637336 -0.00134008 -0.000659257 -0.000999454 -0.000686945 -0.00102257 0.0285987 0.0280789 0.0325232 
0.499984 0.488592 0.487134 0.499974 0.496732 0.497172 -0.000814326 -0.00119037 -0.00107396 -0.00118089 -0.000952352 -0.00100545 0.00844774 0.0142591 0.0127563 
0.634379 0.514344 0.284141 0.395295 0.470615 0.582452 -0.16251 -0.146071 -0.106418 -0.127516 -0.143032 -0.157713 0.0535511 0.0391779 0.0496293 
0.5 0.45533 0.495446 0.480613 0.499033 0.489309 0.000286115 0.000551611 0.00213772 0.00127664 0.00114522 0.000484636 0.0362928 0.0385488 0.040476 
-1.43072e-35 -3.47929e-35 -0.0145801 -0.0112365 -0.00172465 4.11084e-37 -1.14417e-35 -8.8846e-36 0.0134927 0.00405005 0.00178854 -4.48878e-35 0.00558063 0.00345458 0.00557368 
0.384229 0.468982 0.45533 0.462647 0.424034 0.433312 0.00221057 0.00370927 0.000551611 0.00187299 0.00145802 0.00303594 0.0454311 0.0445149 0.0385488 
0.350113 0.104239 0.0231378 0.0516724 0.13361 0.220079 -0.0837821 0.00114811 0.0455917 0.0318155 -0.0105211 -0.0433187 -0.00156504 -0.0293509 -0.00908718 
-1.43072e-35 -0.0145801 -3.70847e-35 -0.00437039 -5.46791e-35 -0.00172465 -1.14417e-35 0.0134927 1.9347e-35 0.00988058 -3.05967e-36 0.00178854 0.00558063 0.00557368 0.00793687 
0.438728 0.339884 0.432136 0.390818 0.435434 0.395113 -0.000821758 -0.000659257 -0.00134008 -0.000999454 -0.00117612 -0.000760098 0.0324154 0.0325232 0.0280789 
0.639529 0.298955 0.612666 0.45451 0.630353 0.482569 -0.0699465 -0.0166291 -0.0521203 -0.0313644 -0.0615431 -0.0400663 0.0454188 0.0441111 0.0469037 
0.634379 0.757209 0.514344 0.654486 0.582452 0.69697 -0.16251 -0.160729 -0.146071 -0.162035 -0.157713 -0.163847 0.0535511 0.0425621 0.0391779 
0.404838 0.428463 0.488592 0.465 0.456883 0.41704 -0.00062892 -0.00106377 -0.00119037 -0.00115892 -0.000918151 -0.000837234 0.0109002 0.0170428 0.0142591 
9.52523e-34 6.96046e-34 0.706323 0.405697 0.405282 3.06591e-34 1.25253e-33 1.48216e-33 -0.000682726 -0.000171574 -0.000286192 2.73576e-33 0.255743 0.302403 0.281492 
0.357125 0.450865 0.449183 0.449971 0.408445 0.409173 0.0141249 0.0199818 0.0171441 0.0188302 0.0162504 0.0175344 0.0668353 0.0666214 0.0621751 
0.998659 0.997005 0.844186 0.971163 0.967803 0.997858 -0.00144604 -0.00276044 -0.00212359 -0.00275173 -0.00206163 -0.00212893 0.270767 0.234252 0.231754 
0.333615 0.454209 0.437556 0.44502 0.389865 0.398809 0.00295109 -0.00309501 0.00863684 0.00351721 0.00565831 0.000515437 0.0756016 0.0786333 0.0763732 
0.999374 0.648024 0.842893 0.755093 0.957068 0.903973 -0.0151793 -0.00637107 -0.00528362 -0.00616074 -0.0100518 -0.0127197 0.13174 0.142356 0.177402 
0.500787 0.449183 0.49082 0.473378 0.497275 0.484531 0.018108 0.0171441 0.0203373 0.0190448 0.0193834 0.0183472 0.0595929 0.0621751 0.0633443 
4.53806e-34 3.22643e-34 0.307276 0.153314 0.138982 8.15946e-35 2.36118e-34 2.21504e-34 -0.0227273 -0.00602384 -0.00548229 5.03421e-34 0.0542127 0.0477413 0.0528661 
-0.0358679 -0.0145801 -0.0506994 -0.0325276 -0.0451191 -0.0267923 0.0386807 0.0134927 0.0173828 0.016856 0.0283429 0.0264936 0.00495627 0.00557368 0.00844657 
0.350113 0.122685 0.328316 0.22005 0.340246 0.217666 -0.0837821 -0.0114565 -0.086746 -0.0506803 -0.0843675 -0.044322 -0.00156504 -0.0021835 0.0100562 
0.431724 0.611923 0.589245 0.600306 0.526354 0.527618 -0.0450875 -0.102142 -0.092088 -0.0976904 -0.0689533 -0.071412 0.0732231 0.0732759 0.0798746 
0.513018 0.437556 0.501827 0.473681 0.50859 0.486395 0.00647672 0.00863684 0.000319132 0.00513011 0.00346748 0.00791047 0.0792999 0.0763732 0.0800253 
0.570222 0.523116 0.589832 0.567477 0.580808 0.568174 -0.0837406 -0.0598161 -0.0932551 -0.0769899 -0.0890457 -0.0744521 0.0918102 0.0803307 0.086757 
0.989613 0.844186 0.997005 0.971163 0.993874 0.978422 -0.00473816 -0.00212359 -0.00276044 -0.00275173 -0.00352061 -0.00382191 0.199458 0.231754 0.234252 
0.998659 0.62461 0.774631 0.704287 0.934756 0.8948 -0.00144604 -0.000639823 -0.00168025 -0.00100437 -0.00183957 -0.00124462 0.270767 0.27129 0.23477 
0.89404 0.731994 0.842378 0.850995 0.874442 0.839399 -0.131178 -0.148587 -0.120944 -0.1472 -0.127561 -0.147024 0.0284574 0.0157134 0.0386507 
0.0205094 -0.0681849 -0.0309327 -0.0525345 -0.0124385 -0.0403796 -0.0409949 -0.00780743 -0.0194789 -0.0133475 -0.0301004 -0.0209145 0.0528716 0.048339 0.0680802 
1.04087e-34 0.0231378 0.104239 0.0516724 0.00958801 2.6783e-06 9.10402e-35 0.0455917 0.00114811 0.0318155 0.038997 0.054029 -0.0238788 -0.00908718 -0.0293509 
0.604733 0.631177 0.611923 0.634486 0.653113 0.627058 -0.148302 -0.125663 -0.102142 -0.116601 -0.133097 -0.138839 0.0770273 0.0808135 0.0732759 
4.79648e-34 0.612666 0.298955 0.45451 0.158051 0.31489 1.83403e-34 -0.0521203 -0.0166291 -0.0313644 -0.00540656 -0.0147007 0.0412555 0.0469037 0.0441111 
0.651828 0.726023 0.674052 0.71016 0.690325 0.690634 -0.111814 -0.136129 -0.154023 -0.148557 -0.137566 -0.124177 0.0658405 0.0582164 0.0665283 
0.634379 0.674052 0.726023 0.71016 0.716584 0.661118 -0.16251 -0.154023 -0.136129 -0.148557 -0.158163 -0.160777 0.0535511 0.0665283 0.0582164 
0.438728 0.432136 0.490863 0.468254 0.470525 0.435434 -0.000821758 -0.00134008 -0.00110743 -0.00132216 -0.000962974 -0.00117612 0.0324154 0.0280789 0.0315803 
3.70815e-35 0.109362 0.0373013 0.0722194 0.00868928 0.0312761 -5.29524e-34 -0.0293491 -0.0226063 -0.0263971 -0.00657045 -0.00892255 0.10427 0.107233 0.0967625 
0.0153349 0.328316 0.122685 0.22005 0.0604003 0.135276 0.020775 -0.086746 -0.0114565 -0.0506803 0.00986226 -0.025734 0.00339628 0.0100562 -0.0021835 
0.381324 0.467645 0.464298 0.465805 0.428247 0.431247 0.00222829 0.00403851 0.00786227 0.00588076 0.00466114 0.00318027 0.0429614 0.0435315 0.048882 
0.272603 0.169663 0.38004 0.28792 0.330576 0.223555 -0.000198257 -5.83961e-05 -0.000304709 -0.000170799 -0.000258398 -0.000114611 0.00702206 0.0038488 0.00416101 
0.273485 0.380072 0.180852 0.292388 0.229124 0.330984 -0.00019695 -0.000303556 -6.55567e-05 -0.000174976 -0.000119105 -0.000257803 0.00690941 0.00409006 0.00362832 
6.36725e-34 8.81494e-34 0.744417 0.436048 0.414449 3.65444e-35 2.78863e-34 4.11905e-34 -0.0323466 -0.00993807 -0.0124187 7.17172e-34 0.0601008 0.0876169 0.0703779 
0.75 0.437597 0.749915 0.609309 0.749915 0.609436 -4.15798e-37 -8.62127e-05 -0.000469575 -0.000207399 -0.000254565 -7.95635e-05 0.348349 0.325437 0.306236 
0.408066 0.380072 0.46693 0.43026 0.441163 0.394532 -0.000269934 -0.000303556 -0.000538619 -0.000420865 -0.000372143 -0.000277165 -1.43904e-05 0.00409006 0.00542009 
0.408232 0.462827 0.38004 0.427337 0.394609 0.438583 -0.00027086 -0.000543689 -0.000304709 -0.000421761 -0.000278315 -0.000372682 1.43437e-05 0.0058072 0.00416101 
0.820943 0.842378 0.731994 0.850995 0.793024 0.846412 -0.152623 -0.120944 -0.148587 -0.1472 -0.154557 -0.140064 0.0334167 0.0386507 0.0157134 
0.407412 0.488183 0.487652 0.4881 0.454641 0.456153 0.0117819 0.0179143 0.0151295 0.0169244 0.0141642 0.0150766 0.0677441 0.0676526 0.0736948 
0.998659 0.706323 0.937295 0.843063 0.988607 0.936006 -0.00144604 -0.000682726 -0.000624386 -0.000752385 -0.00107228 -0.00127478 0.270767 0.281492 0.308835 
3.42822e-34 1.89466e-34 0.200032 0.106482 0.106294 7.82578e-35 8.62585e-35 1.15998e-34 -0.000279063 -7.56688e-05 -7.91542e-05 2.02715e-34 0.0176626 0.0236886 0.0211522 
0.50028 0.464298 0.496284 0.484336 0.49964 0.492513 0.0114874 0.00786227 0.00771244 0.00793574 0.00960021 0.00997136 0.0518971 0.048882 0.047615 
0.989613 0.999431 0.842893 0.965328 0.978161 0.996181 -0.00473816 -0.00854602 -0.00528362 -0.00758956 -0.00609482 -0.00671142 0.199458 0.166711 0.177402 
0.414244 0.508338 0.484081 0.498907 0.45105 0.468987 -0.0185912 -0.0239571 -0.0464698 -0.0350038 -0.0316137 -0.0226043 0.0973314 0.0921552 0.0995087 
7.35635e-34 8.62147e-34 0.648024 0.365988 0.361782 3.64035e-34 5.96876e-34 8.04719e-34 -0.00637107 -0.00161074 -0.00221195 1.40952e-33 0.12292 0.164896 0.142356 
0.408066 0.244738 0.380072 0.318684 0.394532 0.336598 -0.000269934 -9.93197e-05 -0.000303556 -0.000181261 -0.000277165 -0.00018647 -1.43904e-05 -1.00261e-05 0.00409006 
0.245042 0.408232 0.38004 0.394609 0.318865 0.336849 -9.92459e-05 -0.00027086 -0.000304709 -0.000278315 -0.000181324 -0.000186625 1.03232e-05 1.43437e-05 0.00416101 
0.640591 0.307276 0.403964 0.353921 0.539972 0.487099 -0.0891115 -0.0227273 -0.0337364 -0.0278598 -0.0607675 -0.0525806 0.0540779 0.0528661 0.0493119 
-3.2848e-34 0.586451 6.96046e-34 0.325011 4.90359e-34 0.325163 8.56536e-34 -0.000193806 1.48216e-33 -7.25188e-05 3.1954e-33 -3.9259e-05 0.349481 0.318645 0.302403 
6.96046e-34 0.586451 0.706323 0.649015 0.405697 0.325011 1.48216e-33 -0.000193806 -0.000682726 -0.00036818 -0.000171574 -7.25188e-05 0.302403 0.318645 0.281492 
0.499984 0.46693 0.478142 0.472817 0.494582 0.491788 -0.000814326 -0.000538619 -0.000825911 -0.000669941 -0.000840381 -0.000687612 0.00844774 0.00542009 0.00991865 
0.404838 0.478142 0.46693 0.472817 0.439893 0.44795 -0.00062892 -0.000825911 -0.000538619 -0.000669941 -0.000596649 -0.00074594 0.0109002 0.00991865 0.00542009 
7.27615e-34 0.62461 0.749915 0.690399 0.437508 0.349634 -1.44121e-33 -0.000639823 -0.000469575 -0.000574307 -0.000140689 -0.000155409 0.302598 0.27129 0.306236 
1 0.75 0.986663 0.905289 0.99666 0.9375 -6.71381e-37 -4.15798e-37 -0.000526111 -0.000327091 -0.000373797 -1.11829e-36 0.34887 0.348349 0.318822 
0.999374 0.842893 0.999431 0.965328 0.999785 0.957068 -0.0151793 -0.00528362 -0.00854602 -0.00758956 -0.0110739 -0.0100518 0.13174 0.177402 0.166711 
2.15756e-34 2.11314e-34 0.227513 0.121962 0.123156 9.35068e-35 -4.32191e-34 -3.8888e-34 0.00159766 0.00059894 0.000365172 -8.22114e-34 0.0875839 0.0789143 0.0836387 
0.505851 0.487652 0.507229 0.501988 0.50799 0.507984 0.0181321 0.0151295 0.0196165 0.0177596 0.019103 0.0170089 0.0734312 0.0736948 0.0705604 
1.88376e-34 1.84835e-34 0.202118 0.106491 0.107879 8.01657e-35 -2.81341e-34 -2.51855e-34 0.00195037 0.000485699 0.00059799 -5.34694e-34 0.0571386 0.0511198 0.0545685 
0.989613 0.774631 0.645023 0.713415 0.878776 0.91663 -0.00473816 -0.00168025 -0.00221539 -0.00198561 -0.00406652 -0.00319061 0.199458 0.23477 0.192353 
1.78626e-34 1.76481e-34 0.194188 0.1025 0.103974 7.75973e-35 2.70591e-34 2.98766e-34 0.00203383 0.000631787 0.000515198 5.67834e-34 0.055078 0.0607661 0.0574601 
1.45428e-34 1.38142e-34 0.161124 0.0815615 0.0844924 5.81411e-35 3.57207e-34 3.65926e-34 0.00413028 0.00113076 0.00118371 7.19954e-34 0.0725624 0.0743552 0.0728436 
1.20398e-34 1.25373e-34 0.149124 0.073382 0.0722058 4.67154e-35 3.63091e-34 3.54159e-34 -0.00185438 -0.000564899 -0.000219338 7.19002e-34 0.0740904 0.0723998 0.0738803 
-1.11652e-34 -9.33997e-35 -0.0681849 -0.0498796 -0.0560267 -7.28188e-35 -2.15906e-34 -3.34957e-34 -0.00780743 -0.00275548 -0.00160411 -5.41386e-34 0.0435159 0.0663635 0.048339 
0.549502 0.628264 0.328316 0.484564 0.446986 0.587161 -0.14509 -0.147614 -0.086746 -0.123629 -0.120988 -0.146539 0.029691 0.021763 0.0100562 
1.68189e-34 4.53806e-34 0.233698 0.120629 0.109518 6.79733e-35 2.93221e-34 2.36118e-34 -0.0153339 -0.00443607 -0.00370033 5.65588e-34 0.0605767 0.0542127 0.062022 
1.70343e-34 2.98292e-34 0.19374 0.102756 0.102576 8.00543e-35 -1.71115e-34 -1.44274e-34 -0.000230588 -0.000103816 -6.74453e-05 -3.14961e-34 0.0346358 0.0291359 0.0330948 
0.358423 0.467704 0.473653 0.470771 0.427518 0.42276 -0.000938616 -0.00156132 -0.00153681 -0.00159534 -0.00128207 -0.00132553 0.0222537 0.0269763 0.0211964 
0.937295 0.706323 0.586451 0.649015 0.800411 0.843063 -0.000624386 -0.000682726 -0.000193806 -0.00036818 -0.000413175 -0.000752385 0.308835 0.281492 0.318645 
0.545971 0.484081 0.537657 0.524869 0.541777 0.531947 -0.0449567 -0.0464698 -0.0326598 -0.0410254 -0.0387722 -0.0483921 0.0889035 0.0995087 0.0888254 
1 0.986663 0.937295 0.995447 0.984304 0.99666 -6.71381e-37 -0.000526111 -0.000624386 -0.000642067 -0.000467145 -0.000373797 0.34887 0.318822 0.308835 
-1.27857e-34 -1.11652e-34 -0.079328 -0.0573285 -0.0571548 -7.39941e-35 -1.13333e-34 -2.15906e-34 -0.00033006 -7.53152e-05 0.00158396 -3.31669e-34 0.0243573 0.0435159 0.0326401 
6.36725e-34 0.744417 0.399105 0.58123 0.214952 0.414449 2.78863e-34 -0.0323466 -0.0166325 -0.0248003 -0.00522313 -0.0124187 0.0601008 0.0703779 0.0545045 
-3.2848e-34 0.75 0.586451 0.673372 0.325163 0.4375 8.56536e-34 -3.58931e-37 -0.000193806 -0.000127319 -3.9259e-05 -1.08238e-37 0.349481 0.349444 0.318645 
1.87557e-34 1.85779e-34 0.204317 0.108947 0.109261 7.51504e-35 2.08808e-34 2.40263e-34 0.000429767 0.000160475 8.3713e-05 4.48731e-34 0.0425794 0.0489615 0.0457038 
3.37776e-34 1.8504e-34 0.204655 0.109234 0.109044 7.49338e-35 1.46029e-34 1.77313e-34 -0.000259969 -7.41274e-05 -0.000113286 3.23875e-34 0.0298894 0.0361885 0.034232 
1.66615e-34 1.57918e-34 0.179438 0.0931116 0.0958413 6.96962e-35 3.23193e-34 3.42963e-34 0.00374978 0.00112144 0.00103727 6.63321e-34 0.0656674 0.0696621 0.0672243 
1.27444e-34 1.2239e-34 0.146553 0.0726968 0.0742039 4.96418e-35 3.69153e-34 3.68206e-34 0.00204924 0.000518629 0.000734398 7.3581e-34 0.0750985 0.0749839 0.0748544 
1.35312e-34 1.48657e-34 0.177184 0.0873451 0.0823052 5.17312e-35 3.39386e-34 3.18828e-34 -0.00761766 -0.0020514 -0.00156441 6.64921e-34 0.0695865 0.0655678 0.0693545 
1.9889e-34 2.15849e-34 0.222702 0.122365 0.118742 8.79301e-35 -5.22379e-34 -4.77851e-34 -0.0047806 -0.00112059 -0.00173086 -9.95885e-34 0.105263 0.0965011 0.100246 
2.02518e-34 1.96582e-34 0.214077 0.113147 0.11536 8.7815e-35 -3.49287e-34 -3.13573e-34 0.00313876 0.000843224 0.000862938 -6.65243e-34 0.0709491 0.0637167 0.0677642 
1.80912e-34 1.78298e-34 0.195466 0.103334 0.103637 7.80707e-35 -2.24325e-34 -1.97687e-34 0.000385353 8.3547e-05 0.000152351 -4.22317e-34 0.0454765 0.0400488 0.042794 
0.639529 0.764335 0.403964 0.613734 0.523053 0.714795 -0.0699465 -0.112494 -0.0337364 -0.0723233 -0.0512867 -0.0914965 0.0454188 0.04608 0.0493119 
0.604733 0.486477 0.631177 0.584086 0.627058 0.546145 -0.148302 -0.127805 -0.125663 -0.134147 -0.138839 -0.139718 0.0770273 0.0898642 0.0808135 
0.596107 0.631177 0.486477 0.584086 0.557686 0.614505 -0.117942 -0.125663 -0.127805 -0.134147 -0.127429 -0.122496 0.0877784 0.0808135 0.0898642 
0.640591 0.764335 0.757209 0.798594 0.764384 0.7049 -0.0891115 -0.112494 -0.160729 -0.143393 -0.13473 -0.101554 0.0540779 0.04608 0.0425621 
0.350113 0.0231378 0.122685 0.067054 0.217666 0.13361 -0.0837821 0.0455917 -0.0114565 0.0171352 -0.044322 -0.0105211 -0.00156504 -0.00908718 -0.0021835 
0.499984 0.478142 0.488592 0.483779 0.497172 0.494582 -0.000814326 -0.000825911 -0.00119037 -0.000999413 -0.00100545 -0.000840381 0.00844774 0.00991865 0.0142591 
-4.11086e-34 7.27615e-34 0.437597 0.234463 0.234401 6.19404e-34 -8.2927e-34 -1.44121e-33 -8.62127e-05 -5.2588e-05 -2.48071e-05 -3.09952e-33 0.348284 0.302598 0.325437 
0.999374 0.834736 0.702945 0.773558 0.933872 0.962563 -0.0151793 -0.00651956 -0.00779015 -0.0075432 -0.0143268 -0.0114059 0.13174 0.158541 0.120941 
0.222345 0.0373013 0.109362 0.0722194 0.159583 0.116163 -0.0781228 -0.0226063 -0.0293491 -0.0263971 -0.0536247 -0.0497505 0.096604 0.0967625 0.107233 
0.640591 0.403964 0.764335 0.613734 0.7049 0.539972 -0.0891115 -0.0337364 -0.112494 -0.0723233 -0.101554 -0.0607675 0.0540779 0.0493119 0.04608 
0.404838 0.488592 0.478142 0.483779 0.44795 0.456883 -0.00062892 -0.00119037 -0.000825911 -0.000999413 -0.00074594 -0.000918151 0.0109002 0.0142591 0.00991865 
-9.33997e-35 -1.79002e-35 -0.0309327 -0.0307226 -0.0434622 -4.41932e-35 -3.34957e-34 -4.62794e-34 -0.0194789 -0.00656722 -0.00501478 -7.57608e-34 0.0663635 0.0876552 0.0680802 
7.27615e-34 0.749915 0.437597 0.609309 0.234463 0.437508 -1.44121e-33 -0.000469575 -8.62127e-05 -0.000207399 -5.2588e-05 -0.000140689 0.302598 0.306236 0.325437 
2.15756e-34 0.227513 0.174678 0.202333 0.0925735 0.123156 -4.32191e-34 0.00159766 -0.000551465 0.000396482 -3.72629e-05 0.000365172 0.0875839 0.0836387 0.0919458 
0.75 0.937295 0.586451 0.800411 0.673372 0.859267 -3.58931e-37 -0.000624386 -0.000193806 -0.000413175 -0.000127319 -0.000338333 0.349444 0.308835 0.318645 
0.3445 0.174678 0.227513 0.202333 0.291308 0.267642 -0.00301181 -0.000551465 0.00159766 0.000396482 0.000361937 -0.0016574 0.0915182 0.0919458 0.0836387 
1.88376e-34 0.202118 0.156347 0.179814 0.0809973 0.107879 -2.81341e-34 0.00195037 0.00152864 0.00178899 0.000406226 0.00059799 0.0571386 0.0545685 0.0606835 
0.0153349 0.122685 0.0231378 0.067054 0.0238074 0.0604003 0.020775 -0.0114565 0.0455917 0.0171352 0.0345423 0.00986226 0.00339628 -0.0021835 -0.00908718 
7.27615e-34 7.40817e-34 0.62461 0.350035 0.349634 4.30369e-34 -1.44121e-33 -1.22232e-33 -0.000639823 -0.00023443 -0.000155409 -2.66283e-33 0.302598 0.256559 0.27129 
0.321527 0.156347 0.202118 0.179814 0.264314 0.245222 0.00676826 0.00152864 0.00195037 0.00178899 0.00406921 0.00385888 0.061121 0.0606835 0.0545685 
1.89466e-34 3.37776e-34 0.194208 0.103246 0.103058 8.71276e-35 1.15998e-34 1.46029e-34 -0.00029688 -0.000113445 -8.01494e-05 2.6263e-34 0.0236886 0.0298894 0.0252056 
7.74351e-34 9.53561e-34 0.645023 0.364959 0.363367 4.15347e-34 -1.0009e-33 -7.75598e-34 -0.00221539 -0.0010663 -0.000574499 -1.77182e-33 0.20997 0.161924 0.192353 
0.06916 0.299644 0.113321 0.205072 0.088472 0.174721 -0.0481744 -0.105796 -0.0671028 -0.0884255 -0.0577907 -0.0778208 0.0828737 0.0844325 0.0688341 
0.640591 0.757209 0.726023 0.755293 0.701892 0.764384 -0.0891115 -0.160729 -0.136129 -0.151404 -0.115642 -0.13473 0.0540779 0.0425621 0.0582164 
0.639529 0.403964 0.298955 0.356651 0.482569 0.523053 -0.0699465 -0.0337364 -0.0166291 -0.0245228 -0.0400663 -0.0512867 0.0454188 0.0493119 0.0441111 
1.76481e-34 0.138661 0.194188 0.166856 0.1025 0.0729277 2.98766e-34 0.00167474 0.00203383 0.0019355 0.000631787 0.000438657 0.0607661 0.0629664 0.0574601 
1.78626e-34 0.194188 0.146545 0.171324 0.0762722 0.103974 2.70591e-34 0.00203383 0.000650673 0.00121352 0.00021247 0.000515198 0.055078 0.0574601 0.0519342 
1.38142e-34 0.109955 0.161124 0.135122 0.0815615 0.056504 3.65926e-34 0.00186871 0.00413028 0.0029222 0.00113076 0.00055735 0.0743552 0.0744183 0.0728436 
1.45428e-34 0.161124 0.124643 0.143523 0.0630683 0.0844924 3.57207e-34 0.00413028 0.00231756 0.00315958 0.000663621 0.00118371 0.0725624 0.0728436 0.0707373 
1.25373e-34 0.111757 0.149124 0.130454 0.073382 0.0533723 3.54159e-34 -0.00231055 -0.00185438 -0.0022575 -0.000564899 -0.000466793 0.0723998 0.0717485 0.0738803 
1.20398e-34 0.149124 0.103109 0.125012 0.0510113 0.0722058 3.63091e-34 -0.00185438 0.000128748 -0.000733131 5.44695e-05 -0.000219338 0.0740904 0.0738803 0.0746613 
0.305575 0.146545 0.194188 0.171324 0.252827 0.232236 0.00295461 0.000650673 0.00203383 0.00121352 0.00278286 0.00168573 0.0515815 0.0519342 0.0574601 
0.271109 0.124643 0.161124 0.143523 0.217399 0.201637 0.00993579 0.00231756 0.00413028 0.00315958 0.0070221 0.00578753 0.0702583 0.0707373 0.0728436 
0.316633 0.194188 0.138661 0.166856 0.235155 0.260637 0.00836574 0.00203383 0.00167474 0.0019355 0.00473115 0.00475854 0.0619866 0.0574601 0.0629664 
0.249846 0.103109 0.149124 0.125012 0.200278 0.176104 -0.00112142 0.000128748 -0.00185438 -0.000733131 -0.00224632 -0.000216381 0.0750506 0.0746613 0.0738803 
0.276936 0.161124 0.109955 0.135122 0.195797 0.220522 0.00862808 0.00413028 0.00186871 0.0029222 0.00505616 0.00683254 0.0741535 0.0728436 0.0744183 
0.30965 0.149124 0.111757 0.130454 0.209552 0.225038 -0.0174381 -0.00185438 -0.00231055 -0.0022575 -0.00814494 -0.00737506 0.0740256 0.0738803 0.0717485 
9.53561e-34 0.834736 0.645023 0.748454 0.364959 0.507158 -7.75598e-34 -0.00651956 -0.00221539 -0.00374299 -0.0010663 -0.00214799 0.161924 0.158541 0.192353 
0.549502 0.514344 0.757209 0.654486 0.675698 0.53143 -0.14509 -0.146071 -0.160729 -0.162035 -0.161038 -0.145912 0.029691 0.0391779 0.0425621 
0.332969 0.202118 0.146675 0.174423 0.247854 0.272502 0.00380783 0.00195037 0.000619087 0.00117857 0.00195529 0.00313421 0.049263 0.0545685 0.0484287 
1.84835e-34 0.146675 0.202118 0.174423 0.106491 0.0766525 -2.51855e-34 0.000619087 0.00195037 0.00117857 0.000485699 0.000197761 0.0511198 0.0484287 0.0545685 
0.242178 0.0978224 0.178268 0.137535 0.212202 0.167438 -0.0464179 -0.0129962 -0.0167876 -0.0153736 -0.0306184 -0.0292944 0.11062 0.112586 0.111863 
1.17043e-34 0.169663 2.77697e-34 0.0892115 1.13905e-34 0.0892534 -6.5144e-38 -5.83961e-05 -2.96378e-35 -2.08466e-05 -2.9602e-35 -1.86897e-05 1.50174e-05 0.0038488 0.00597716 
3.37075e-34 0.298955 0.403964 0.356651 0.208353 0.142887 1.93158e-34 -0.0166291 -0.0337364 -0.0245228 -0.00875288 -0.0044995 0.0415964 0.0441111 0.0493119 
0.350113 0.477234 0.104239 0.248872 0.220079 0.399291 -0.0837821 -0.113441 0.00114811 -0.0581213 -0.0433187 -0.0950909 -0.00156504 -0.024636 -0.0293509 
1.40349e-34 0.178268 0.0978224 0.137535 0.0533304 0.0869059 -5.79519e-34 -0.0167876 -0.0129962 -0.0153736 -0.00350712 -0.00521951 0.115809 0.111863 0.112586 
1.18525e-34 2.76993e-34 0.180852 0.0954791 0.0954348 1.00106e-34 -6.62027e-38 2.84715e-35 -6.55567e-05 -2.39836e-05 -2.10625e-05 2.85037e-35 -1.5024e-05 0.00583208 0.00362832 
0.364545 0.227513 0.164397 0.19684 0.27532 0.302811 0.00753497 0.00159766 0.00159513 0.00176112 0.00433232 0.00396116 0.0761453 0.0836387 0.0753069 
0.322179 0.113321 0.299644 0.205072 0.310073 0.212501 -0.11626 -0.0671028 -0.105796 -0.0884255 -0.111746 -0.0922647 0.0684299 0.0688341 0.0844325 
1.87557e-34 0.204317 0.155287 0.180464 0.0813697 0.109261 2.08808e-34 0.000429767 -1.9494e-05 0.000140965 1.02548e-05 8.3713e-05 0.0425794 0.0457038 0.0396671 
2.11314e-34 0.164397 0.227513 0.19684 0.121962 0.0869854 -3.8888e-34 0.00159513 0.00159766 0.00176112 0.00059894 0.000398343 0.0789143 0.0753069 0.0836387 
2.15849e-34 0.174678 0.222702 0.200948 0.122365 0.092087 -4.77851e-34 -0.000551465 -0.0047806 -0.00227032 -0.00112059 -0.000302189 0.0965011 0.0919458 0.100246 
1.85779e-34 0.146545 0.204317 0.176143 0.108947 0.0768674 2.40263e-34 0.000650673 0.000429767 0.000594516 0.000160475 0.000156228 0.0489615 0.0519342 0.0457038 
1.9889e-34 0.222702 0.143978 0.18444 0.0778783 0.118742 -5.22379e-34 -0.0047806 -0.0051882 -0.00542177 -0.00135592 -0.00173086 0.105263 0.100246 0.107863 
1.96582e-34 0.156347 0.214077 0.185274 0.113147 0.0824022 -3.13573e-34 0.00152864 0.00313876 0.00226613 0.000843224 0.000441671 0.0637167 0.0606835 0.0677642 
1.66615e-34 0.179438 0.138661 0.160069 0.07136 0.0958413 3.23193e-34 0.00374978 0.00167474 0.00257309 0.000506909 0.00103727 0.0656674 0.0672243 0.0629664 
1.57918e-34 0.124643 0.179438 0.15201 0.0931116 0.0652548 3.42963e-34 0.00231756 0.00374978 0.00303781 0.00112144 0.000656502 0.0696621 0.0707373 0.0672243 
1.27444e-34 0.146553 0.109955 0.128072 0.0547098 0.0742039 3.69153e-34 0.00204924 0.00186871 0.00200376 0.000508353 0.000734398 0.0750985 0.0748544 0.0744183 
1.2239e-34 0.103109 0.146553 0.124383 0.0726968 0.051233 3.68206e-34 0.000128748 0.00204924 0.000850791 0.000518629 0.000169568 0.0749839 0.0746613 0.0748544 
1.35312e-34 0.177184 0.111757 0.141926 0.0554599 0.0823052 3.39386e-34 -0.00761766 -0.00231055 -0.00466236 -0.000613697 -0.00156441 0.0695865 0.0693545 0.0717485 
2.02518e-34 0.214077 0.164397 0.190306 0.0855306 0.11536 -3.49287e-34 0.00313876 0.00159513 0.00237057 0.000435179 0.000862938 0.0709491 0.0677642 0.0753069 
1.48657e-34 0.139426 0.177184 0.15916 0.0873451 0.0646733 3.18828e-34 -0.0057964 -0.00761766 -0.00699326 -0.0020514 -0.00133977 0.0655678 0.0646313 0.0693545 
1.78298e-34 0.142032 0.195466 0.169076 0.103334 0.073857 -1.97687e-34 -2.29079e-05 0.000385353 0.000122458 8.3547e-05 9.11782e-06 0.0400488 0.0373327 0.042794 
1.80912e-34 0.195466 0.146675 0.171447 0.0760773 0.103637 -2.24325e-34 0.000385353 0.000619087 0.000544406 0.000152014 0.000152351 0.0454765 0.042794 0.0484287 
0.222345 0.486477 0.299644 0.400694 0.258664 0.357051 -0.0781228 -0.127805 -0.105796 -0.120803 -0.0923782 -0.107517 0.096604 0.0898642 0.0844325 
0.498545 0.497824 0.467704 0.487206 0.495006 0.499977 -0.00164867 -0.00176649 -0.00156132 -0.00171356 -0.00167074 -0.00174949 0.027431 0.0240294 0.0269763 
1.18525e-34 0.180852 0.244738 0.213688 0.132504 0.0954348 -6.62027e-38 -6.55567e-05 -9.93197e-05 -8.12648e-05 -3.3371e-05 -2.10625e-05 -1.5024e-05 0.00362832 -1.00261e-05 
0.00423701 0.262388 0.0620979 0.152986 0.0318075 0.114523 -0.0269526 -0.0899039 -0.0220434 -0.0556911 -0.0244602 -0.0540401 0.032331 0.0285929 0.0152608 
1.17043e-34 0.245042 0.169663 0.208568 0.0892534 0.132793 -6.5144e-38 -9.92459e-05 -5.83961e-05 -7.78823e-05 -1.86897e-05 -3.34406e-05 1.50174e-05 1.03232e-05 0.0038488 
0.353773 0.47683 0.432136 0.457389 0.396637 0.428495 -0.000957015 -0.00164774 -0.00134008 -0.0015409 -0.00121116 -0.00135963 0.0230136 0.0236118 0.0280789 
3.22643e-34 0.403964 0.307276 0.353921 0.153314 0.188443 2.21504e-34 -0.0337364 -0.0227273 -0.0278598 -0.00602384 -0.00799114 0.0477413 0.0493119 0.0528661 
0.222345 0.109362 0.320348 0.208115 0.273426 0.159583 -0.0781228 -0.0293491 -0.0825028 -0.0577235 -0.0817895 -0.0536247 0.096604 0.107233 0.10427 
0.242178 0.320348 0.109362 0.208115 0.175169 0.27949 -0.0464179 -0.0825028 -0.0293491 -0.0577235 -0.0396212 -0.0644691 0.11062 0.10427 0.107233 
0.604733 0.674052 0.531455 0.618857 0.575135 0.640155 -0.148302 -0.154023 -0.151478 -0.158033 -0.152999 -0.152003 0.0770273 0.0665283 0.0639108 
2.98292e-34 1.869e-34 0.185551 0.0981201 0.0979341 9.21029e-35 -1.44274e-34 -1.16337e-34 -0.000285597 -7.66419e-05 -0.000104762 -2.60102e-34 0.0291359 0.023533 0.025145 
0.499537 0.497824 0.47683 0.497199 0.492465 0.49983 -0.00160832 -0.00176649 -0.00164774 -0.00176333 -0.00167958 -0.00172989 0.0192367 0.0240294 0.0236118 
0.498545 0.47683 0.497824 0.497199 0.499977 0.49092 -0.00164867 -0.00164774 -0.00176649 -0.00176333 -0.00174949 -0.00171839 0.027431 0.0236118 0.0240294 
0.489794 0.489763 0.499982 0.497477 0.497386 0.499983 -0.000407073 -0.000407567 -0.000546389 -0.000462398 -0.00046216 -0.000434213 6.16264e-06 -6.46134e-06 0.00381196 
0.242178 0.109362 0.0978224 0.105608 0.167438 0.175169 -0.0464179 -0.0293491 -0.0129962 -0.0203459 -0.0292944 -0.0396212 0.11062 0.107233 0.112586 
8.42727e-35 0.0978224 0.109362 0.105608 0.0500227 0.0418899 -5.71201e-34 -0.0129962 -0.0293491 -0.0203459 -0.00872744 -0.00409723 0.113428 0.112586 0.107233 
0.358423 0.473653 0.428463 0.453808 0.396419 0.427518 -0.000938616 -0.00153681 -0.00106377 -0.00131338 -0.0010367 -0.00128207 0.0222537 0.0211964 0.0170428 
7.40817e-34 0.774631 0.62461 0.704287 0.350035 0.456223 -1.22232e-33 -0.00168025 -0.000639823 -0.00100437 -0.00023443 -0.000475707 0.256559 0.23477 0.27129 
0.998659 0.774631 0.997005 0.929913 0.997858 0.934756 -0.00144604 -0.00168025 -0.00276044 -0.00245021 -0.00212893 -0.00183957 0.270767 0.23477 0.234252 
0.989613 0.997005 0.774631 0.929913 0.91663 0.993874 -0.00473816 -0.00276044 -0.00168025 -0.00245021 -0.00319061 -0.00352061 0.199458 0.234252 0.23477 
0.513111 0.320348 0.436134 0.383853 0.474633 0.425321 -0.106514 -0.0825028 -0.0792032 -0.0830721 -0.0934488 -0.0988491 0.0977494 0.10427 0.104607 
0.242178 0.436134 0.320348 0.383853 0.27949 0.342526 -0.0464179 -0.0792032 -0.0825028 -0.0830721 -0.0644691 -0.0658328 0.11062 0.104607 0.10427 
1.09379e-33 1.04087e-34 0.104239 0.00958801 0.0843272 3.74823e-34 8.37562e-36 9.10402e-35 0.00114811 0.038997 -0.00452732 9.90004e-35 -0.0715174 -0.0238788 -0.0293509 
0.332969 0.370214 0.202118 0.29418 0.272502 0.351617 0.00380783 0.00766988 0.00195037 0.00453503 0.00313421 0.00564282 0.049263 0.0558096 0.0545685 
0.364545 0.400302 0.227513 0.324311 0.302811 0.383742 0.00753497 0.00324892 0.00159766 0.00236466 0.00396116 0.00610927 0.0761453 0.0842931 0.0836387 
0.350113 0.731994 0.776892 0.751557 0.577848 0.567383 -0.0837821 -0.148587 -0.137159 -0.143207 -0.124742 -0.126708 -0.00156504 0.0157134 0.00690197 
8.42727e-35 1.40349e-34 0.0978224 0.0533304 0.0418899 6.72545e-35 -5.71201e-34 -5.79519e-34 -0.0129962 -0.00350712 -0.00409723 -1.13338e-33 0.113428 0.115809 0.112586 
0.989613 0.645023 0.834736 0.748454 0.935587 0.878776 -0.00473816 -0.00221539 -0.00651956 -0.00374299 -0.00605049 -0.00406652 0.199458 0.192353 0.158541 
0.30965 0.323986 0.149124 0.237028 0.225038 0.316263 -0.0174381 -0.01165 -0.00185438 -0.00578104 -0.00737506 -0.0149931 0.0740256 0.0757473 0.0738803 
0.276936 0.315904 0.161124 0.242255 0.220522 0.296428 0.00862808 0.0125966 0.00413028 0.00840993 0.00683254 0.0107277 0.0741535 0.072442 0.0728436 
0.316633 0.353585 0.194188 0.281259 0.260637 0.335793 0.00836574 0.00682174 0.00203383 0.00436506 0.00475854 0.00775097 0.0619866 0.05624 0.0574601 
1.8504e-34 0.155287 0.204655 0.180523 0.109234 0.0813486 1.77313e-34 -1.9494e-05 -0.000259969 -0.000127378 -7.41274e-05 -1.70469e-05 0.0361885 0.0396671 0.034232 
1.8504e-34 1.87557e-34 0.155287 0.0813697 0.0813486 1.32539e-34 1.77313e-34 2.08808e-34 -1.9494e-05 1.02548e-05 -1.70469e-05 3.86134e-34 0.0361885 0.0425794 0.0396671 
0.309667 0.204655 0.155287 0.180523 0.238309 0.260196 2.96156e-05 -0.000259969 -1.9494e-05 -0.000127378 -1.3828e-05 -0.000230626 0.0395531 0.034232 0.0396671 
2.15849e-34 2.15756e-34 0.174678 0.0925735 0.092087 1.57386e-34 -4.77851e-34 -4.32191e-34 -0.000551465 -3.72629e-05 -0.000302189 -9.09121e-34 0.0965011 0.0875839 0.0919458 
5.54565e-34 6.36725e-34 0.399105 0.214952 0.201657 4.08729e-34 1.9861e-34 2.78863e-34 -0.0166325 -0.00522313 -0.00436133 5.0664e-34 0.0440495 0.0601008 0.0545045 
3.37075e-34 4.79648e-34 0.298955 0.158051 0.142887 2.60565e-34 1.93158e-34 1.83403e-34 -0.0166291 -0.00540656 -0.0044995 4.03257e-34 0.0415964 0.0412555 0.0441111 
1.96582e-34 1.88376e-34 0.156347 0.0809973 0.0824022 1.40886e-34 -3.13573e-34 -2.81341e-34 0.00152864 0.000406226 0.000441671 -5.96667e-34 0.0637167 0.0571386 0.0606835 
1.76481e-34 1.66615e-34 0.138661 0.07136 0.0729277 1.2786e-34 2.98766e-34 3.23193e-34 0.00167474 0.000506909 0.000438657 6.20053e-34 0.0607661 0.0656674 0.0629664 
1.85779e-34 1.78626e-34 0.146545 0.0762722 0.0768674 1.36837e-34 2.40263e-34 2.70591e-34 0.000650673 0.00021247 0.000156228 5.10137e-34 0.0489615 0.055078 0.0519342 
1.38142e-34 1.27444e-34 0.109955 0.0547098 0.056504 9.49873e-35 3.65926e-34 3.69153e-34 0.00186871 0.000508353 0.00055735 7.32867e-34 0.0743552 0.0750985 0.0744183 
1.57918e-34 1.45428e-34 0.124643 0.0630683 0.0652548 1.12016e-34 3.42963e-34 3.57207e-34 0.00231756 0.000663621 0.000656502 6.97507e-34 0.0696621 0.0725624 0.0707373 
1.25373e-34 1.35312e-34 0.111757 0.0554599 0.0533723 8.88571e-35 3.54159e-34 3.39386e-34 -0.00231055 -0.000613697 -0.000466793 6.96788e-34 0.0723998 0.0695865 0.0717485 
1.2239e-34 1.20398e-34 0.103109 0.0510113 0.051233 8.55494e-35 3.68206e-34 3.63091e-34 0.000128748 5.44695e-05 0.000169568 7.31238e-34 0.0749839 0.0740904 0.0746613 
0.89404 0.776892 0.731994 0.751557 0.839399 0.863599 -0.131178 -0.137159 -0.148587 -0.143207 -0.147024 -0.140254 0.0284574 0.00690197 0.0157134 
1.78298e-34 1.70343e-34 0.142032 0.0738808 0.073857 1.35607e-34 -1.97687e-34 -1.71115e-34 -2.29079e-05 -1.69766e-05 9.11782e-06 -3.68798e-34 0.0400488 0.0346358 0.0373327 
1.84835e-34 1.80912e-34 0.146675 0.0760773 0.0766525 1.35045e-34 -2.51855e-34 -2.24325e-34 0.000619087 0.000152014 0.000197761 -4.769e-34 0.0511198 0.0454765 0.0484287 
1.48657e-34 1.68189e-34 0.139426 0.0700709 0.0646733 1.13221e-34 3.18828e-34 2.93221e-34 -0.0057964 -0.00157705 -0.00133977 6.19234e-34 0.0655678 0.0605767 0.0646313 
2.11314e-34 2.02518e-34 0.164397 0.0855306 0.0869854 1.56134e-34 -3.8888e-34 -3.49287e-34 0.00159513 0.000435179 0.000398343 -7.4004e-34 0.0789143 0.0709491 0.0753069 
1.7218e-34 1.9889e-34 0.143978 0.0778783 0.072772 1.46252e-34 -5.59223e-34 -5.22379e-34 -0.0051882 -0.00135592 -0.00170476 -1.07462e-33 0.112143 0.105263 0.107863 
0.523116 0.589245 0.589832 0.593187 0.567477 0.556245 -0.0598161 -0.092088 -0.0932551 -0.093684 -0.0769899 -0.0752778 0.0803307 0.0798746 0.086757 
0.881453 0.776892 0.927957 0.897038 0.929562 0.828131 -0.114458 -0.137159 -0.109004 -0.130192 -0.118799 -0.129451 0.00407838 0.00690197 0.0315879 
-2.52746e-35 -3.70847e-35 -0.0121777 -0.00306815 -0.00310832 -4.93206e-35 6.28114e-35 1.9347e-35 0.0318455 0.0144863 0.0235007 3.30261e-35 0.00410764 0.00793687 0.0031474 
0.999374 0.999431 0.834736 0.95371 0.962563 0.999785 -0.0151793 -0.00854602 -0.00651956 -0.00830696 -0.0114059 -0.0110739 0.13174 0.166711 0.158541 
0.989613 0.834736 0.999431 0.95371 0.996181 0.935587 -0.00473816 -0.00651956 -0.00854602 -0.00830696 -0.00671142 -0.00605049 0.199458 0.158541 0.166711 
-4.11086e-34 0.437597 0.75 0.609436 0.4375 0.234401 -8.2927e-34 -8.62127e-05 -4.15798e-37 -7.95635e-05 -1.66548e-37 -2.48071e-05 0.348284 0.325437 0.348349 
0.307183 0.337244 0.178268 0.259566 0.244653 0.323121 -0.0242038 -0.0438304 -0.0167876 -0.0310322 -0.0222583 -0.0334879 0.106427 0.108366 0.111863 
1.68189e-34 0.233698 0.139426 0.183644 0.0700709 0.109518 2.93221e-34 -0.0153339 -0.0057964 -0.00991161 -0.00157705 -0.00370033 0.0605767 0.062022 0.0646313 
0.354025 0.139426 0.233698 0.183644 0.297781 0.24598 -0.0328784 -0.0057964 -0.0153339 -0.00991161 -0.0243437 -0.0167741 0.067546 0.0646313 0.062022 
0.89404 0.927957 0.776892 0.897038 0.863599 0.913856 -0.131178 -0.109004 -0.137159 -0.130192 -0.140254 -0.12048 0.0284574 0.0315879 0.00690197 
0.596107 0.589832 0.589245 0.593187 0.609605 0.597388 -0.117942 -0.0932551 -0.092088 -0.093684 -0.107722 -0.106106 0.0877784 0.086757 0.0798746 
0.302027 0.142032 0.19374 0.168325 0.250654 0.227739 5.74803e-05 -2.29079e-05 -0.000230588 -0.000114051 -0.000199335 -1.17455e-05 0.0376803 0.0373327 0.0330948 
1.70343e-34 0.19374 0.142032 0.168325 0.0738808 0.102576 -1.71115e-34 -0.000230588 -2.29079e-05 -0.000114051 -1.69766e-05 -6.74453e-05 0.0346358 0.0330948 0.0373327 
-0.0749587 -0.0501622 -0.0506994 -0.0565888 -0.068612 -0.0636744 0.0119057 0.0373725 0.0173828 0.0292503 0.0170846 0.0242583 0.0165294 0.00570055 0.00844657 
0.881453 0.477234 0.776892 0.649517 0.828131 0.725191 -0.114458 -0.113441 -0.137159 -0.129795 -0.129451 -0.121351 0.00407838 -0.024636 0.00690197 
-1.11652e-34 -0.0681849 -0.079328 -0.0756243 -0.0573285 -0.0560267 -2.15906e-34 -0.00780743 -0.00033006 -0.00402023 -7.53152e-05 -0.00160411 0.0435159 0.048339 0.0326401 
1.09379e-33 0.104239 0.477234 0.248872 0.286026 0.0843272 8.37562e-36 0.00114811 -0.113441 -0.0581213 -0.080604 -0.00452732 -0.0715174 -0.0293509 -0.024636 
0.0205094 -0.0309327 0.113321 0.0245886 0.0646042 -0.0124385 -0.0409949 -0.0194789 -0.0671028 -0.0408336 -0.0542754 -0.0301004 0.0528716 0.0680802 0.0688341 
0.305575 0.194188 0.353585 0.281259 0.330909 0.252827 0.00295461 0.00203383 0.00682174 0.00436506 0.00469326 0.00278286 0.0515815 0.0574601 0.05624 
0.06916 0.113321 -0.0309327 0.0245886 0.0108946 0.088472 -0.0481744 -0.0671028 -0.0194789 -0.0408336 -0.0327484 -0.0577907 0.0828737 0.0688341 0.0680802 
0.271109 0.161124 0.315904 0.242255 0.293744 0.217399 0.00993579 0.00413028 0.0125966 0.00840993 0.0115719 0.0070221 0.0702583 0.0728436 0.072442 
0.249846 0.149124 0.323986 0.237028 0.285254 0.200278 -0.00112142 -0.00185438 -0.01165 -0.00578104 -0.00540011 -0.00224632 0.0750506 0.0738803 0.0757473 
0.3445 0.227513 0.400302 0.324311 0.374507 0.291308 -0.00301181 0.00159766 0.00324892 0.00236466 3.89034e-06 0.000361937 0.0915182 0.0836387 0.0842931 
0.321527 0.202118 0.370214 0.29418 0.346972 0.264314 0.00676826 0.00195037 0.00766988 0.00453503 0.00741984 0.00406921 0.061121 0.0545685 0.0558096 
0.449183 0.450865 0.49082 0.474404 0.473378 0.449971 0.0171441 0.0199818 0.0203373 0.0205507 0.0190448 0.0188302 0.0621751 0.0666214 0.0633443 
0.460119 0.436134 0.337244 0.386537 0.40168 0.449208 -0.0646909 -0.0792032 -0.0438304 -0.0618076 -0.0559234 -0.0720882 0.103108 0.104607 0.108366 
0.502106 0.49082 0.450865 0.474404 0.484078 0.497241 0.0214109 0.0203373 0.0199818 0.0205507 0.0214836 0.0211577 0.0668948 0.0633443 0.0666214 
0.611923 0.631177 0.589245 0.618181 0.600306 0.634486 -0.102142 -0.125663 -0.092088 -0.109693 -0.0976904 -0.116601 0.0732759 0.0808135 0.0798746 
1.89466e-34 0.194208 0.200032 0.197125 0.106482 0.103058 1.15998e-34 -0.00029688 -0.000279063 -0.000288726 -7.56688e-05 -8.01494e-05 0.0236886 0.0252056 0.0211522 
0.437556 0.454209 0.501827 0.481838 0.473681 0.44502 0.00863684 -0.00309501 0.000319132 -0.00133355 0.00513011 0.00351721 0.0763732 0.0786333 0.0800253 
0.596107 0.589245 0.631177 0.618181 0.614505 0.609605 -0.117942 -0.092088 -0.125663 -0.109693 -0.122496 -0.107722 0.0877784 0.0798746 0.0808135 
0.525972 0.501827 0.454209 0.481838 0.500699 0.515443 -0.0150119 0.000319132 -0.00309501 -0.00133355 -0.00855368 -0.00689888 0.0848362 0.0800253 0.0786333 
1.869e-34 0.203468 0.185551 0.194567 0.0981201 0.108232 -1.16337e-34 -0.000304054 -0.000285597 -0.000297355 -7.66419e-05 -8.40029e-05 0.023533 0.0214843 0.025145 
0.5 0.490863 0.496375 0.499697 0.499249 0.497472 0.000286115 -0.00110743 -0.00103009 -0.00105175 -0.000482294 -0.000554654 0.0362928 0.0315803 0.0321432 
0.45533 0.468982 0.495446 0.485206 0.480613 0.462647 0.000551611 0.00370927 0.00213772 0.00292904 0.00127664 0.00187299 0.0385488 0.0445149 0.040476 
0.500074 0.495446 0.468982 0.485206 0.492141 0.498851 0.00482413 0.00213772 0.00370927 0.00292904 0.00439935 0.0034214 0.0440724 0.040476 0.0445149 
0.881453 0.927957 0.963954 0.94711 0.951864 0.929562 -0.114458 -0.109004 -0.0849198 -0.0995402 -0.104427 -0.118799 0.00407838 0.0315879 0.0402907 
0.500074 0.496284 0.467645 0.485319 0.492114 0.499182 0.00482413 0.00771244 0.00403851 0.00582366 0.00461735 0.00625377 0.0440724 0.047615 0.0435315 
0.464298 0.467645 0.496284 0.485319 0.484336 0.465805 0.00786227 0.00403851 0.00771244 0.00582366 0.00793574 0.00588076 0.048882 0.0435315 0.047615 
0.317171 0.204655 0.360789 0.290081 0.339792 0.264382 -0.000777781 -0.000259969 -0.000635662 -0.00045434 -0.000786533 -0.000489602 0.0290289 0.034232 0.0343679 
0.309667 0.360789 0.204655 0.290081 0.260196 0.336288 2.96156e-05 -0.000635662 -0.000259969 -0.00045434 -0.000230626 -0.00031472 0.0395531 0.0343679 0.034232 
0.639529 0.842378 0.764335 0.805137 0.714795 0.763694 -0.0699465 -0.120944 -0.112494 -0.117984 -0.0914965 -0.0975833 0.0454188 0.0386507 0.04608 
0.328316 0.628264 0.731994 0.678003 0.528499 0.484564 -0.086746 -0.147614 -0.148587 -0.148372 -0.127089 -0.123629 0.0100562 0.021763 0.0157134 
0.502106 0.507229 0.488183 0.501247 0.50367 0.505502 0.0214109 0.0196165 0.0179143 0.0190897 0.0200814 0.0209276 0.0668948 0.0705604 0.0676526 
0.487652 0.488183 0.507229 0.501247 0.501988 0.4881 0.0151295 0.0179143 0.0196165 0.0190897 0.0177596 0.0169244 0.0736948 0.0676526 0.0705604 
0.820943 0.764335 0.842378 0.805137 0.846412 0.820639 -0.152623 -0.112494 -0.120944 -0.117984 -0.140064 -0.137061 0.0334167 0.04608 0.0386507 
0.350113 0.776892 0.477234 0.649517 0.399291 0.577848 -0.0837821 -0.137159 -0.113441 -0.129795 -0.0950909 -0.124742 -0.00156504 0.00690197 -0.024636 
0.525972 0.537657 0.508338 0.527777 0.528127 0.5324 -0.0150119 -0.0326598 -0.0239571 -0.0287395 -0.0204935 -0.0233455 0.0848362 0.0888254 0.0921552 
0.820943 0.731994 0.628264 0.678003 0.750865 0.793024 -0.152623 -0.148587 -0.147614 -0.148372 -0.157585 -0.154557 0.0334167 0.0157134 0.021763 
0.469105 0.484979 0.233698 0.363259 0.345942 0.478289 -0.0535869 -0.0605071 -0.0153339 -0.0350509 -0.0313042 -0.0576384 0.0595231 0.0652164 0.062022 
0.484081 0.508338 0.537657 0.527777 0.524869 0.498907 -0.0464698 -0.0239571 -0.0326598 -0.0287395 -0.0410254 -0.0350038 0.0995087 0.0921552 0.0888254 
0.803686 0.963954 0.927957 0.94711 0.892382 0.907222 -0.0629684 -0.0849198 -0.109004 -0.0995402 -0.0863634 -0.0761357 0.0483779 0.0402907 0.0315879 
0.284141 0.514344 0.262388 0.389076 0.274305 0.395295 -0.106418 -0.146071 -0.0899039 -0.121236 -0.0997707 -0.127516 0.0496293 0.0391779 0.0285929 
0.549502 0.262388 0.514344 0.389076 0.53143 0.400695 -0.14509 -0.0899039 -0.146071 -0.121236 -0.145912 -0.119681 0.029691 0.0285929 0.0391779 
0.286693 0.339884 0.19374 0.272584 0.242218 0.314182 -0.000637336 -0.000659257 -0.000230588 -0.000425473 -0.000417461 -0.000686945 0.0285987 0.0325232 0.0330948 
-0.0358679 -0.0506994 -0.0501622 -0.0565888 -0.045045 -0.0451191 0.0386807 0.0173828 0.0373725 0.0292503 0.0403682 0.0283429 0.00495627 0.00844657 0.00570055 
0.354025 0.233698 0.484979 0.363259 0.41791 0.297781 -0.0328784 -0.0153339 -0.0605071 -0.0350509 -0.045519 -0.0243437 0.067546 0.062022 0.0652164 
0.302027 0.19374 0.339884 0.272584 0.321365 0.250654 5.74803e-05 -0.000230588 -0.000659257 -0.000425473 -0.000337302 -0.000199335 0.0376803 0.0330948 0.0325232 
0.467704 0.497824 0.473653 0.4891 0.470771 0.487206 -0.00156132 -0.00176649 -0.00153681 -0.00169055 -0.00159534 -0.00171356 0.0269763 0.0240294 0.0211964 
0.634379 0.531455 0.674052 0.618857 0.661118 0.582802 -0.16251 -0.151478 -0.154023 -0.158033 -0.160777 -0.157718 0.0535511 0.0639108 0.0665283 
0.570222 0.541163 0.545775 0.557616 0.564203 0.556147 -0.0837406 -0.0679067 -0.0534785 -0.0625811 -0.0685014 -0.0761266 0.0918102 0.0957498 0.0860381 
0.513018 0.513886 0.489345 0.508898 0.502472 0.515318 0.00647672 0.011547 0.0153414 0.0135969 0.0115641 0.00932989 0.0792999 0.0777017 0.0752645 
0.500787 0.497353 0.490898 0.500509 0.496924 0.501144 0.018108 0.014431 0.0147643 0.0149506 0.0166238 0.0164267 0.0595929 0.0552685 0.0562031 
0.499537 0.473653 0.497824 0.4891 0.49983 0.495025 -0.00160832 -0.00153681 -0.00176649 -0.00169055 -0.00172989 -0.00162791 0.0192367 0.0211964 0.0240294 
0.498545 0.496375 0.490863 0.499697 0.495527 0.499891 -0.00164867 -0.00103009 -0.00110743 -0.00105175 -0.00143479 -0.00141242 0.027431 0.0321432 0.0315803 
0.50028 0.490898 0.497353 0.500509 0.500065 0.497514 0.0114874 0.0147643 0.014431 0.0149506 0.0130761 0.0132291 0.0518971 0.0562031 0.0552685 
0.505851 0.489345 0.513886 0.508898 0.511413 0.49945 0.0181321 0.0153414 0.011547 0.0135969 0.0152213 0.0169307 0.0734312 0.0752645 0.0777017 
0.545971 0.545775 0.541163 0.557616 0.549345 0.547311 -0.0449567 -0.0534785 -0.0679067 -0.0625811 -0.056712 -0.049542 0.0889035 0.0860381 0.0957498 
-3.70847e-35 -0.0145801 -0.0121777 -0.0146698 -0.00306815 -0.00437039 1.9347e-35 0.0134927 0.0318455 0.0234952 0.0144863 0.00988058 0.00793687 0.00557368 0.0031474 
-0.0358679 -0.0121777 -0.0145801 -0.0146698 -0.0267923 -0.0246817 0.0386807 0.0318455 0.0134927 0.0234952 0.0264936 0.0379111 0.00495627 0.0031474 0.00557368 
-2.52746e-35 -0.0121777 -0.0214798 -0.0179898 -0.00829259 -0.00310832 6.28114e-35 0.0318455 0.0598181 0.0479744 0.0505783 0.0235007 0.00410764 0.0031474 -0.00137887 
-0.0358679 -0.0214798 -0.0121777 -0.0179898 -0.0246817 -0.0295051 0.0386807 0.0598181 0.0318455 0.0479744 0.0379111 0.0504346 0.00495627 -0.00137887 0.0031474 
