0.544825 0.863323 1.23807e-33 0.604012 0.332897 0.717762 -0.174775 -0.0826944 -5.61506e-36 -0.105622 -0.113374 -0.150617 -0.0397778 0.016455 -0.0902179 
0.190421 0.246215 0.39054 0.319381 0.297615 0.222614 -0.106308 -0.0648411 -0.131114 -0.0998727 -0.129443 -0.085501 0.13407 0.144779 0.141503 
0.499978 0.461522 0.495352 0.495877 0.498847 0.490292 5.77198e-06 2.36467e-05 1.89174e-05 2.26325e-05 1.10877e-05 1.32735e-05 0.0441169 0.0496 0.0480214 
0.499977 0.46108 0.495506 0.495734 0.498914 0.490102 0.000449448 0.000721095 0.000686389 0.000746657 0.000559192 0.000589693 0.0676475 0.0731494 0.0715434 
0.499955 0.458255 0.499166 0.492553 0.4999 0.488838 0.00382409 0.00442089 0.00460116 0.00469587 0.00426385 0.00429251 0.0912213 0.0956112 0.0955211 
0.421212 0.413857 0.504255 0.472869 0.477554 0.418959 -0.0749273 -0.0338086 -0.051135 -0.0454693 -0.0663597 -0.0517892 0.139098 0.134693 0.123827 
0.382964 0.306602 0.20207 0.257148 0.302895 0.347169 2.47256e-06 -1.65426e-06 8.22761e-08 -6.82414e-07 1.33492e-06 -2.2224e-07 0.044039 0.0384246 0.0441178 
0.500545 0.444227 0.493574 0.474929 0.498528 0.485958 0.00275494 0.00266959 0.00463464 0.00386886 0.00399561 0.00262861 0.107338 0.110803 0.10383 
0.890462 0.863323 0.544825 0.717762 0.764886 0.88723 -0.169615 -0.0826944 -0.174775 -0.150617 -0.183571 -0.131325 0.0132549 0.016455 -0.0397778 
0.386912 0.204359 0.31043 0.260376 0.351012 0.306531 0.00249568 0.000795813 0.00113534 0.00104618 0.00173178 0.00165391 0.0924566 0.0929634 0.0864408 
0.500545 0.483638 0.444227 0.466975 0.485958 0.496201 0.00275494 -0.00274477 0.00266959 0.000785272 0.00262861 0.000384156 0.107338 0.114967 0.110803 
0.356804 0.314703 0.466257 0.405708 0.421013 0.336431 -1.57686e-06 -1.80397e-06 -3.31767e-06 -2.66793e-06 -2.41105e-06 -1.75958e-06 0.0221151 0.0285821 0.0267657 
0.447023 0.466257 0.314703 0.405708 0.390895 0.45718 -3.45936e-06 -3.31767e-06 -1.80397e-06 -2.66793e-06 -2.79521e-06 -3.53671e-06 0.0320123 0.0267657 0.0285821 
0.499977 0.464716 0.4952 0.496462 0.49873 0.49131 0.000449448 0.000194605 0.000270931 0.000244833 0.000353039 0.000307773 0.0676475 0.0622108 0.0637543 
0.499978 0.459579 0.49507 0.495692 0.498725 0.489952 5.77198e-06 -2.18896e-06 -7.76523e-07 -1.48504e-06 1.9683e-06 7.41325e-07 0.0441169 0.0389549 0.0402053 
0.499978 0.459579 0.491732 0.478691 0.497892 0.489824 -3.65129e-06 -2.18896e-06 -4.46488e-06 -3.93899e-06 -4.51739e-06 -3.40266e-06 0.0363053 0.0389549 0.0317648 
0.491732 0.459579 0.440901 0.450682 0.472112 0.478691 -4.46488e-06 -2.18896e-06 -3.58481e-06 -2.87382e-06 -4.03288e-06 -3.93899e-06 0.0317648 0.0389549 0.0329437 
0.383333 0.198092 0.307561 0.255896 0.347783 0.301525 0.000275976 7.72031e-05 8.53445e-05 9.06967e-05 0.00016095 0.000175788 0.0679618 0.0680932 0.0623124 
0.386912 0.31043 0.46634 0.404334 0.43247 0.351012 0.00249568 0.00113534 0.0023612 0.00179899 0.00250988 0.00173178 0.0924566 0.0864408 0.086034 
0.0388122 -0.024318 0.0647008 -0.00059157 0.050438 -0.00953831 0.00157003 0.0488569 -0.103333 -0.0178411 -0.0539627 0.0373606 -0.000133092 0.0293245 0.0532972 
0.473045 0.518679 0.462692 0.498016 0.465731 0.507044 -0.0514095 -0.0828384 -0.0242103 -0.0483592 -0.036246 -0.0680645 0.111185 0.121689 0.110273 
0.483638 0.477469 0.400152 0.446444 0.450301 0.481539 -0.00274477 -0.0218441 -0.00268521 -0.0102268 -0.0030863 -0.010361 0.114967 0.12439 0.120884 
0.504255 0.462692 0.518679 0.498016 0.510929 0.501113 -0.051135 -0.0242103 -0.0828384 -0.0483592 -0.0663999 -0.0384971 0.123827 0.110273 0.121689 
0.383333 0.307561 0.464716 0.401874 0.42993 0.347783 0.000275976 8.53445e-05 0.000194605 0.000144623 0.00024169 0.00016095 0.0679618 0.0623124 0.0622108 
0.382964 0.453614 0.306602 0.3927 0.347169 0.422306 2.47256e-06 -2.52573e-06 -1.65426e-06 -2.07477e-06 -2.2224e-07 -5.32357e-07 0.044039 0.0378351 0.0384246 
0.501729 0.477469 0.483638 0.481539 0.49704 0.495865 -0.0101665 -0.0218441 -0.00274477 -0.010361 -0.00607714 -0.0156826 0.114656 0.12439 0.114967 
0.382518 0.305088 0.459579 0.396789 0.42607 0.34624 2.69743e-06 -1.93098e-06 -2.18896e-06 -2.02019e-06 1.49316e-07 -4.20658e-07 0.0443904 0.0388532 0.0389549 
0.382964 0.306328 0.461522 0.398805 0.427572 0.347047 2.47256e-06 9.19904e-06 2.36467e-05 1.68612e-05 1.00459e-05 5.438e-06 0.044039 0.0498006 0.0496 
0.499955 0.46634 0.49461 0.496998 0.498414 0.492277 0.00382409 0.0023612 0.00292043 0.00275575 0.00337528 0.00310203 0.0912213 0.086034 0.0871685 
0.382052 0.30562 0.46108 0.398176 0.426934 0.346218 0.000262954 0.000331743 0.000721095 0.00053758 0.000453022 0.000304199 0.067669 0.0733381 0.0731494 
0.379037 0.300739 0.458255 0.393912 0.42379 0.342298 0.00243825 0.00232589 0.00442089 0.00348244 0.00342505 0.00247914 0.0903788 0.0949515 0.0956112 
0.382052 0.330367 0.197199 0.268571 0.300318 0.357403 0.000262954 8.09201e-05 7.19565e-05 8.72522e-05 0.000165982 0.000151473 0.067669 0.0609931 0.0677027 
0.382964 0.20207 0.306328 0.256997 0.347047 0.302895 2.47256e-06 8.22761e-08 9.19904e-06 3.05392e-06 5.438e-06 1.33492e-06 0.044039 0.0441178 0.0498006 
0.382052 0.461158 0.330367 0.407298 0.357403 0.426965 0.000262954 0.000182892 8.09201e-05 0.000131767 0.000151473 0.000227798 0.067669 0.0619006 0.0609931 
0.379037 0.328518 0.194307 0.266158 0.297063 0.354995 0.00243825 0.00113326 0.000746484 0.00102676 0.0015921 0.00170441 0.0903788 0.0842018 0.0901951 
0.382052 0.197199 0.30562 0.254444 0.346218 0.300318 0.000262954 7.19565e-05 0.000331743 0.00017121 0.000304199 0.000165982 0.067669 0.0677027 0.0733381 
0.375376 0.320724 0.185732 0.257559 0.289931 0.34803 -0.0017562 0.00279083 0.000711583 0.00156855 -2.79925e-05 0.001497 0.105274 0.102126 0.10345 
0.379037 0.194307 0.300739 0.250473 0.342298 0.297063 0.00243825 0.000746484 0.00232589 0.00143154 0.00247914 0.0015921 0.0903788 0.0901951 0.0949515 
0.442719 0.330367 0.461158 0.407298 0.452391 0.393986 6.84971e-05 8.09201e-05 0.000182892 0.000131767 0.000115146 7.89038e-05 0.0559114 0.0609931 0.0619006 
0.379037 0.459814 0.328518 0.405544 0.354995 0.424848 0.00243825 0.00224025 0.00113326 0.00172291 0.00170441 0.00243252 0.0903788 0.0852376 0.0842018 
0.441882 0.328518 0.459814 0.405544 0.451321 0.392688 0.00123636 0.00113326 0.00224025 0.00172291 0.00167819 0.00125979 0.0793724 0.0842018 0.0852376 
0.390377 0.462952 0.487422 0.476802 0.450891 0.43147 -7.41993e-07 -4.82927e-07 -1.24308e-06 -7.91306e-07 -9.78832e-07 -6.25026e-07 0.0108531 0.00577604 0.0127423 
0.499977 0.487422 0.462952 0.476802 0.490721 0.496838 -7.60237e-07 -1.24308e-06 -4.82927e-07 -7.91306e-07 -6.06781e-07 -1.00318e-06 0.00844883 0.0127423 0.00577604 
0.375376 0.457604 0.320724 0.400406 0.34803 0.421707 -0.0017562 0.00205588 0.00279083 0.00285332 0.001497 0.000230231 0.105274 0.105167 0.102126 
0.437563 0.320724 0.457604 0.400406 0.447808 0.386697 0.00444417 0.00279083 0.00205588 0.00285332 0.00371697 0.00378741 0.100457 0.102126 0.105167 
0.386912 0.456825 0.309066 0.396242 0.35054 0.425937 0.00249568 0.00433484 0.00227633 0.00340701 0.00251072 0.0034374 0.0924566 0.0992772 0.100268 
0.444211 0.33206 0.462292 0.408811 0.45367 0.39563 0.00123914 0.000449676 0.000754314 0.000622117 0.000979094 0.000801337 0.0795363 0.0747186 0.0735783 
0.383333 0.462292 0.33206 0.408811 0.358838 0.428218 0.000275976 0.000754314 0.000449676 0.000622117 0.000359001 0.000475281 0.0679618 0.0735783 0.0747186 
0.443136 0.331084 0.461656 0.407949 0.452849 0.394549 6.91206e-05 1.45528e-05 2.51824e-05 2.14966e-05 4.34692e-05 3.54135e-05 0.0559278 0.0510655 0.0500072 
0.382518 0.461656 0.331084 0.407949 0.357964 0.427485 2.69743e-06 2.51824e-05 1.45528e-05 2.14966e-05 7.61624e-06 1.06562e-05 0.0443904 0.0500072 0.0510655 
0.499979 0.495352 0.461522 0.495877 0.490401 0.498809 4.5522e-05 1.89174e-05 2.36467e-05 2.26325e-05 3.44991e-05 3.04632e-05 0.0519524 0.0480214 0.0496 
0.375376 0.299835 0.462692 0.394885 0.421333 0.339541 -0.0017562 -0.00527319 -0.0242103 -0.0138394 -0.00993578 -0.00373109 0.105274 0.104558 0.110273 
0.499979 0.495506 0.46108 0.495734 0.490151 0.498897 0.00105255 0.000686389 0.000721095 0.000746657 0.000902145 0.000856384 0.0754813 0.0715434 0.0731494 
0.447023 0.453614 0.495745 0.480325 0.478196 0.450373 -3.45936e-06 -2.52573e-06 -4.28359e-06 -3.86686e-06 -4.10682e-06 -3.10345e-06 0.0320123 0.0378351 0.0320222 
0.500098 0.499166 0.458255 0.492553 0.488683 0.500005 0.00502154 0.00460116 0.00442089 0.00469587 0.00485575 0.0048629 0.0989392 0.0955211 0.0956112 
3.5172e-34 0.215483 0.295439 0.257106 0.163954 0.115285 -8.77819e-35 -2.99132e-07 -8.56341e-07 -5.30533e-07 -3.81079e-07 -1.99207e-07 0.0177757 0.0117487 0.0170242 
0.499978 0.495745 0.453614 0.480325 0.488445 0.498937 -3.65129e-06 -4.28359e-06 -2.52573e-06 -3.86686e-06 -3.21291e-06 -4.25073e-06 0.0363053 0.0320222 0.0378351 
1.65484e-34 3.41614e-34 0.214832 0.114908 0.114908 5.51892e-35 5.76755e-35 8.65156e-35 -1.94378e-07 -1.21965e-07 -1.97208e-08 1.44192e-34 0.0117658 0.0176493 0.0113215 
0.214832 3.41614e-34 0.293845 0.162935 0.255937 0.114908 -1.94378e-07 8.65156e-35 -6.50844e-07 -2.61616e-07 -3.84383e-07 -1.21965e-07 0.0113215 0.0176493 0.0166756 
0.444211 0.494001 0.46634 0.482958 0.455916 0.47542 0.00123914 0.00151461 0.0023612 0.00192369 0.00171792 0.00140865 0.0795363 0.079364 0.086034 
0.382518 0.197688 0.305088 0.254323 0.34624 0.300824 2.69743e-06 -3.3476e-07 -1.93098e-06 -1.02655e-06 -4.20658e-07 1.24465e-06 0.0443904 0.0444223 0.0388532 
0.499966 0.46634 0.494001 0.482958 0.498667 0.491979 0.00219013 0.0023612 0.00151461 0.00192369 0.00184382 0.00235173 0.083373 0.086034 0.079364 
0.499978 0.4952 0.464716 0.496462 0.491286 0.49874 0.000161278 0.000270931 0.000194605 0.000244833 0.000182516 0.000210967 0.0598374 0.0637543 0.0622108 
0.499978 0.49507 0.459579 0.495692 0.489824 0.49877 -3.65129e-06 -7.76523e-07 -2.18896e-06 -1.48504e-06 -3.40266e-06 -2.46321e-06 0.0363053 0.0402053 0.0389549 
0.0647008 -0.024318 -0.0194953 -0.0263302 0.0135201 -0.00059157 -0.103333 0.0488569 -0.0191885 0.00857802 -0.0540742 -0.0178411 0.0532972 0.0293245 0.0616689 
1.12353e-33 0.843888 0.841847 0.843123 0.512049 0.511731 1.09198e-33 -0.00245998 -0.00643451 -0.00392065 -0.00186712 -0.00125111 0.223558 0.244982 0.191399 
0.375376 0.185732 0.299835 0.243133 0.339541 0.289931 -0.0017562 0.000711583 -0.00527319 -0.00101105 -0.00373109 -2.79925e-05 0.105274 0.10345 0.104558 
0.306602 0.152939 0.20207 0.177973 0.257148 0.235347 -1.65426e-06 -5.64418e-07 8.22761e-08 -2.29233e-07 -6.82414e-07 -1.13181e-06 0.0384246 0.0384998 0.0441178 
0.382518 0.331084 0.197688 0.269202 0.300824 0.357964 2.69743e-06 1.45528e-05 -3.3476e-07 4.08927e-06 1.24465e-06 7.61624e-06 0.0443904 0.0510655 0.0444223 
0.499977 0.466905 0.46108 0.464064 0.490102 0.491563 0.000449448 0.000380957 0.000721095 0.000527426 0.000589693 0.000427014 0.0676475 0.0675132 0.0731494 
0.499955 0.465003 0.458255 0.461684 0.488838 0.490509 0.00382409 0.00334548 0.00442089 0.00384521 0.00429251 0.00371234 0.0912213 0.0905864 0.0956112 
0.499978 0.468681 0.461522 0.465195 0.490292 0.492089 5.77198e-06 4.14677e-06 2.36467e-05 1.23458e-05 1.32735e-05 4.68493e-06 0.0441169 0.0436807 0.0496 
0.383333 0.33206 0.198092 0.269884 0.301525 0.358838 0.000275976 0.000449676 7.72031e-05 0.000212373 0.000175788 0.000359001 0.0679618 0.0747186 0.0680932 
2.77774e-34 0.272706 0.215483 0.244897 0.115286 0.14962 -2.92618e-35 -2.66229e-07 -2.99132e-07 -3.15478e-07 -7.22328e-08 -9.98189e-08 0.00592547 0.00697893 0.0117487 
0.499966 0.49461 0.46634 0.496998 0.491979 0.498473 0.00219013 0.00292043 0.0023612 0.00275575 0.00235173 0.0025421 0.083373 0.0871685 0.086034 
0.447023 0.357877 0.453614 0.412277 0.450373 0.407841 -3.45936e-06 -2.68253e-06 -2.52573e-06 -2.9383e-06 -3.10345e-06 -3.14128e-06 0.0320123 0.0336289 0.0378351 
0.306602 0.453614 0.357877 0.412277 0.333225 0.3927 -1.65426e-06 -2.52573e-06 -2.68253e-06 -2.9383e-06 -2.37897e-06 -2.07477e-06 0.0384246 0.0378351 0.0336289 
0.390377 0.443059 0.295439 0.380664 0.34658 0.418856 -7.41993e-07 -1.73954e-06 -8.56341e-07 -1.32926e-06 -8.46741e-07 -1.15509e-06 0.0108531 0.0178634 0.0170242 
0.386912 0.309066 0.204359 0.25941 0.306531 0.35054 0.00249568 0.00227633 0.000795813 0.00145679 0.00165391 0.00251072 0.0924566 0.100268 0.0929634 
0.421212 0.504255 0.489366 0.500183 0.458166 0.477554 -0.0749273 -0.051135 -0.10207 -0.0738545 -0.0902708 -0.0663597 0.139098 0.123827 0.132397 
3.5172e-34 1.67167e-34 0.215483 0.115286 0.115285 5.46087e-35 -8.77819e-35 -5.85229e-35 -2.99132e-07 -7.90745e-08 -1.99207e-07 -1.46304e-34 0.0177757 0.0118509 0.0117487 
0.0647008 0.024769 0.171177 0.0819724 0.115434 0.0349275 -0.103333 -0.0493372 -0.167006 -0.104891 -0.149222 -0.0801686 0.0532972 0.100884 0.102588 
0.31043 0.204359 0.152599 0.178862 0.237509 0.260376 0.00113534 0.000795813 0.000301175 0.000484045 0.00069372 0.00104618 0.0864408 0.0929634 0.0863576 
0.448827 0.493574 0.444227 0.474929 0.446668 0.476547 0.00404395 0.00463464 0.00266959 0.00386886 0.00346663 0.00444914 0.10543 0.10383 0.110803 
0.355529 0.295439 0.443059 0.380664 0.404299 0.326787 -1.9165e-06 -8.56341e-07 -1.73954e-06 -1.32926e-06 -1.90273e-06 -1.30543e-06 0.0231931 0.0170242 0.0178634 
0.347426 0.399678 0.171177 0.259393 0.261432 0.361032 -0.206741 -0.256818 -0.167006 -0.214977 -0.194657 -0.243627 0.128467 0.065579 0.102588 
0.443136 0.493638 0.464716 0.482098 0.45456 0.474691 6.91206e-05 8.54633e-05 0.000194605 0.000132452 0.000120307 7.87489e-05 0.0559278 0.0558346 0.0622108 
0.444211 0.46634 0.363115 0.423375 0.408148 0.455916 0.00123914 0.0023612 0.000993248 0.00161092 0.00114564 0.00171792 0.0795363 0.086034 0.0811415 
0.499978 0.464716 0.493638 0.482098 0.498445 0.491286 0.000161278 0.000194605 8.54633e-05 0.000132452 0.000118472 0.000182516 0.0598374 0.0622108 0.0558346 
0.305088 0.342809 0.459579 0.410744 0.396789 0.324455 -1.93098e-06 -2.89532e-06 -2.18896e-06 -3.01146e-06 -2.02019e-06 -2.69645e-06 0.0388532 0.0332649 0.0389549 
0.246215 0.321503 0.39054 0.358358 0.319381 0.286937 -0.0648411 -0.0499133 -0.131114 -0.0865545 -0.0998727 -0.0582857 0.144779 0.143308 0.141503 
0.993242 0.977033 0.724222 0.893312 0.906348 0.988575 -0.0468349 -0.0830282 -0.04301 -0.0654149 -0.0528211 -0.0662989 0.102181 0.0729941 0.0945531 
0.306328 0.35961 0.461522 0.418538 0.398805 0.334041 9.19904e-06 3.59152e-05 2.36467e-05 3.16522e-05 1.68612e-05 1.93434e-05 0.0498006 0.054674 0.0496 
0.440901 0.459579 0.342809 0.410744 0.397737 0.450682 -3.58481e-06 -2.18896e-06 -2.89532e-06 -3.01146e-06 -3.27839e-06 -2.87382e-06 0.0329437 0.0389549 0.0332649 
0.31043 0.363115 0.46634 0.423375 0.404334 0.337825 0.00113534 0.000993248 0.0023612 0.00161092 0.00179899 0.00108617 0.0864408 0.0811415 0.086034 
0.30562 0.35864 0.46108 0.41784 0.398176 0.333221 0.000331743 0.00074133 0.000721095 0.000763808 0.00053758 0.000508016 0.0733381 0.07813 0.0731494 
0.300739 0.352586 0.458255 0.413372 0.393912 0.327642 0.00232589 0.00341878 0.00442089 0.00402602 0.00348244 0.00293184 0.0949515 0.0987406 0.0956112 
0.404396 0.380021 0.27338 0.330905 0.345849 0.392554 -6.65869e-07 -1.95837e-07 -1.93268e-07 -2.01036e-07 -3.75975e-07 -3.67241e-07 0.0109423 0.00412692 0.00695296 
0.442719 0.461522 0.35961 0.418538 0.405746 0.452589 6.84971e-05 2.36467e-05 3.59152e-05 3.16522e-05 5.14113e-05 4.09058e-05 0.0559114 0.0496 0.054674 
0.441882 0.46108 0.35864 0.41784 0.404811 0.451992 0.00123636 0.000721095 0.00074133 0.000763808 0.000989178 0.000957165 0.0793724 0.0731494 0.07813 
0.437563 0.458255 0.352586 0.413372 0.399483 0.448431 0.00444417 0.00442089 0.00341878 0.00402602 0.00405685 0.00471173 0.100457 0.0956112 0.0987406 
0.307561 0.198092 0.149427 0.174195 0.234381 0.255896 8.53445e-05 7.72031e-05 2.06014e-05 4.08452e-05 5.03617e-05 9.06967e-05 0.0623124 0.0680932 0.0621627 
0.390377 0.272706 0.380084 0.330651 0.385288 0.336846 -7.41993e-07 -2.66229e-07 -2.59823e-07 -2.69664e-07 -4.49207e-07 -4.68481e-07 0.0108531 0.00697893 0.00412512 
0.504255 0.413857 0.477469 0.451116 0.493039 0.472869 -0.051135 -0.0338086 -0.0218441 -0.0280545 -0.0349863 -0.0454693 0.123827 0.134693 0.12439 
0.523256 0.399678 0.347426 0.361032 0.43043 0.476286 -0.250508 -0.256818 -0.206741 -0.243627 -0.238074 -0.270863 0.114722 0.065579 0.128467 
-5.68848e-35 8.94312e-36 0.024769 -0.0030213 -0.028608 -7.66475e-35 -4.42865e-34 -6.26892e-34 -0.0493372 -0.0165413 -0.0132323 -1.01322e-33 0.086236 0.121601 0.100884 
0.404396 0.466811 0.380021 0.430159 0.392554 0.439639 -6.65869e-07 -4.19506e-07 -1.95837e-07 -3.00206e-07 -3.67241e-07 -5.45044e-07 0.0109423 0.00544906 0.00412692 
0.390377 0.380084 0.462952 0.427435 0.43147 0.385288 -7.41993e-07 -2.59823e-07 -4.82927e-07 -3.70327e-07 -6.25026e-07 -4.49207e-07 0.0108531 0.00412512 0.00577604 
0.443136 0.464716 0.361374 0.421549 0.406737 0.45456 6.91206e-05 0.000194605 5.63206e-05 0.000113208 6.41916e-05 0.000120307 0.0559278 0.0622108 0.0573456 
0.499977 0.469886 0.464716 0.467343 0.49131 0.492596 0.000449448 0.000420559 0.000194605 0.000287797 0.000307773 0.000445265 0.0676475 0.0681512 0.0622108 
0.307561 0.361374 0.464716 0.421549 0.401874 0.335566 8.53445e-05 5.63206e-05 0.000194605 0.000113208 0.000144623 7.03955e-05 0.0623124 0.0573456 0.0622108 
0.190421 0.171177 0.024769 0.0819724 0.10063 0.180345 -0.106308 -0.167006 -0.0493372 -0.104891 -0.0856422 -0.140985 0.13407 0.102588 0.100884 
0.421212 0.39054 0.321503 0.358358 0.374373 0.408648 -0.0749273 -0.131114 -0.0499133 -0.0865545 -0.0640721 -0.101188 0.139098 0.141503 0.143308 
1.67167e-34 2.77774e-34 0.215483 0.115286 0.115286 5.46102e-35 -5.85229e-35 -2.92618e-35 -2.99132e-07 -7.22328e-08 -7.90745e-08 -8.77844e-35 0.0118509 0.00592547 0.0117487 
0.499978 0.467628 0.459579 0.463714 0.489952 0.491957 5.77198e-06 5.34677e-06 -2.18896e-06 -5.19669e-08 7.41325e-07 6.19511e-06 0.0441169 0.0444317 0.0389549 
0.299835 0.368173 0.462692 0.423087 0.394885 0.332836 -0.00527319 -0.0210925 -0.0242103 -0.0246021 -0.0138394 -0.0114868 0.104558 0.106043 0.110273 
8.58254e-34 1.12353e-33 0.841847 0.512049 0.508043 -4.30219e-35 8.75439e-34 1.09198e-33 -0.00643451 -0.00186712 -0.00266448 1.97391e-33 0.179513 0.223558 0.191399 
0.473045 0.462692 0.368173 0.423087 0.426607 0.465731 -0.0514095 -0.0242103 -0.0210925 -0.0246021 -0.0347132 -0.036246 0.111185 0.110273 0.106043 
0.309066 0.456825 0.35918 0.41513 0.335137 0.396242 0.00227633 0.00433484 0.00308386 0.00379225 0.00273717 0.00340701 0.100268 0.0992772 0.105781 
0.190421 0.115177 0.246215 0.180892 0.222614 0.157876 -0.106308 -0.0254119 -0.0648411 -0.0462701 -0.085501 -0.0613981 0.13407 0.141807 0.144779 
0.320724 0.137224 0.185732 0.161468 0.257559 0.236078 0.00279083 0.000806338 0.000711583 0.000753728 0.00156855 0.00189409 0.102126 0.101777 0.10345 
0.328518 0.144683 0.194307 0.170084 0.266158 0.244778 0.00113326 0.000272436 0.000746484 0.000435319 0.00102676 0.000698117 0.0842018 0.0849027 0.0901951 
0.330367 0.146074 0.197199 0.172152 0.268571 0.246594 8.09201e-05 1.8545e-05 7.19565e-05 3.69359e-05 8.72522e-05 4.89537e-05 0.0609931 0.0618231 0.0677027 
0.300739 0.194307 0.141873 0.16857 0.226824 0.250473 0.00232589 0.000746484 0.000624554 0.000691292 0.00144579 0.00143154 0.0949515 0.0901951 0.0949528 
0.30562 0.197199 0.145737 0.17198 0.231614 0.254444 0.000331743 7.19565e-05 8.47823e-05 8.03474e-05 0.000202329 0.00017121 0.0733381 0.0677027 0.0735503 
0.306328 0.20207 0.146128 0.174701 0.232219 0.256997 9.19904e-06 8.22761e-08 2.0621e-06 1.27799e-06 5.45682e-06 3.05392e-06 0.0498006 0.0441178 0.050033 
0.700018 0.993242 0.724222 0.906348 0.717044 0.902859 -0.0184863 -0.0468349 -0.04301 -0.0528211 -0.0279771 -0.0329037 0.126721 0.102181 0.0945531 
0.437563 0.457604 0.492042 0.47812 0.471078 0.447808 0.00444417 0.00205588 0.00489504 0.00389058 0.00474587 0.00371697 0.100457 0.105167 0.10203 
0.441882 0.459814 0.493394 0.480184 0.474018 0.451321 0.00123636 0.00224025 0.00151554 0.00187768 0.0014021 0.00167819 0.0793724 0.0852376 0.079403 
0.500545 0.492042 0.457604 0.47812 0.490392 0.49851 0.00275494 0.00489504 0.00205588 0.00389058 0.00240604 0.00426541 0.107338 0.10203 0.105167 
0.442719 0.461158 0.493706 0.480906 0.47462 0.452391 6.84971e-05 0.000182892 8.65864e-05 0.000129057 7.89174e-05 0.000115146 0.0559114 0.0619006 0.0558928 
0.499966 0.493394 0.459814 0.480184 0.489484 0.498154 0.00219013 0.00151554 0.00224025 0.00187768 0.00228841 0.00184321 0.083373 0.079403 0.0852376 
0.499978 0.493706 0.461158 0.480906 0.490145 0.49836 0.000161278 8.65864e-05 0.000182892 0.000129057 0.000177737 0.0001193 0.0598374 0.0558928 0.0619006 
0.437563 0.492042 0.458255 0.478308 0.448431 0.471078 0.00444417 0.00489504 0.00442089 0.00502733 0.00471173 0.00474587 0.100457 0.10203 0.0956112 
0.441882 0.493394 0.46108 0.480628 0.451992 0.474018 0.00123636 0.00151554 0.000721095 0.00107035 0.000957165 0.0014021 0.0793724 0.079403 0.0731494 
0.442719 0.493706 0.461522 0.481033 0.452589 0.47462 6.84971e-05 8.65864e-05 2.36467e-05 4.69879e-05 4.09058e-05 7.89174e-05 0.0559114 0.0558928 0.0496 
0.500098 0.458255 0.492042 0.478308 0.497685 0.488683 0.00502154 0.00442089 0.00489504 0.00502733 0.00505527 0.00485575 0.0989392 0.0956112 0.10203 
0.499979 0.46108 0.493394 0.480628 0.498291 0.490151 0.00105255 0.000721095 0.00151554 0.00107035 0.00127324 0.000902145 0.0754813 0.0731494 0.079403 
0.499979 0.461522 0.493706 0.481033 0.498426 0.490401 4.5522e-05 2.36467e-05 8.65864e-05 4.69879e-05 6.41207e-05 3.44991e-05 0.0519524 0.0496 0.0558928 
-0.0347879 -0.0194953 -0.024318 -0.0263302 -0.0302094 -0.0325641 0.0265906 -0.0191885 0.0488569 0.00857802 0.037819 0.00690704 0.0527474 0.0616689 0.0293245 
2.76932e-34 0.214832 0.27338 0.244946 0.150039 0.114907 2.88375e-35 -1.94378e-07 -1.93268e-07 -2.18257e-07 -6.33823e-08 -3.18712e-08 0.00588289 0.0113215 0.00695296 
8.31207e-34 1.10751e-33 0.843521 0.525601 0.512329 1.20178e-34 -5.85632e-34 -3.36581e-34 -0.0280135 -0.0112037 -0.00688372 -8.56054e-34 0.120937 0.0575792 0.0875582 
0.499955 0.472971 0.46634 0.469692 0.492277 0.493863 0.00382409 0.00359189 0.0023612 0.00298131 0.00310203 0.00374965 0.0912213 0.0924312 0.086034 
0.47657 0.530868 0.349289 0.458787 0.408535 0.514514 -0.0762345 -0.103544 -0.0287309 -0.0620009 -0.0486652 -0.0943218 0.106257 0.114112 0.10416 
0.473045 0.349289 0.530868 0.458787 0.499612 0.424433 -0.0514095 -0.0287309 -0.103544 -0.0620009 -0.0748442 -0.0424622 0.111185 0.10416 0.114112 
0.989808 0.841847 0.843888 0.843123 0.97818 0.977809 -0.00565404 -0.00643451 -0.00245998 -0.00392065 -0.00450807 -0.0073763 0.212163 0.191399 0.244982 
0.365996 0.400152 0.477469 0.446444 0.433105 0.384515 -0.0120708 -0.00268521 -0.0218441 -0.0102268 -0.0174585 -0.00669925 0.130194 0.120884 0.12439 
0.442719 0.35961 0.330367 0.345341 0.393986 0.405746 6.84971e-05 3.59152e-05 8.09201e-05 5.53097e-05 7.89038e-05 5.14113e-05 0.0559114 0.054674 0.0609931 
0.441882 0.35864 0.328518 0.343995 0.392688 0.404811 0.00123636 0.00074133 0.00113326 0.000922786 0.00125979 0.000989178 0.0793724 0.07813 0.0842018 
0.437563 0.352586 0.320724 0.336876 0.386697 0.399483 0.00444417 0.00341878 0.00279083 0.00321833 0.00378741 0.00405685 0.100457 0.0987406 0.102126 
0.448827 0.35918 0.456825 0.41513 0.452914 0.409515 0.00404395 0.00308386 0.00433484 0.00379225 0.0044405 0.00362623 0.10543 0.105781 0.0992772 
0.305088 0.197688 0.144298 0.171535 0.230694 0.254323 -1.93098e-06 -3.3476e-07 -7.5648e-07 -4.94381e-07 -1.39175e-06 -1.02655e-06 0.0388532 0.0444223 0.0385043 
0.447023 0.314703 0.357877 0.337005 0.407841 0.390895 -3.45936e-06 -1.80397e-06 -2.68253e-06 -2.38546e-06 -3.14128e-06 -2.79521e-06 0.0320123 0.0285821 0.0336289 
0.499632 0.443059 0.487422 0.469243 0.495712 0.483446 -2.278e-06 -1.73954e-06 -1.24308e-06 -1.52518e-06 -1.71298e-06 -2.084e-06 0.0192416 0.0178634 0.0127423 
0.499632 0.487422 0.488242 0.499974 0.497963 0.495712 -2.278e-06 -1.24308e-06 -1.3724e-06 -1.34092e-06 -1.82221e-06 -1.71298e-06 0.0192416 0.0127423 0.0142712 
0.299835 0.185732 0.133634 0.15967 0.221159 0.243133 -0.00527319 0.000711583 -0.000797892 -0.000142365 -0.00249929 -0.00101105 0.104558 0.10345 0.103423 
0.331084 0.14713 0.197688 0.172897 0.269202 0.247483 1.45528e-05 1.94799e-06 -3.3476e-07 9.33168e-07 4.08927e-06 7.12986e-06 0.0510655 0.050384 0.0444223 
0.890462 0.946969 0.863323 0.956711 0.88723 0.944507 -0.169615 -0.117221 -0.0826944 -0.118259 -0.131325 -0.148165 0.0132549 0.0602308 0.016455 
1.12353e-33 9.51971e-34 0.843888 0.513286 0.511731 -3.31541e-35 1.09198e-33 1.31691e-33 -0.00245998 -0.000853509 -0.00125111 2.41276e-33 0.223558 0.268917 0.244982 
3.16422e-34 0.199884 0.28131 0.245459 0.158662 0.105824 -7.14004e-34 -0.00388992 -0.0205064 -0.0101002 -0.00642134 -0.00204903 0.141652 0.134037 0.139948 
0.356804 0.192695 0.314703 0.257537 0.336431 0.282489 -1.57686e-06 -5.99452e-07 -1.80397e-06 -1.04753e-06 -1.75958e-06 -1.04124e-06 0.0221151 0.0249341 0.0285821 
0.61041 0.523256 0.610443 0.583795 0.624921 0.562899 -0.268487 -0.250508 -0.201487 -0.230511 -0.242969 -0.263673 0.0871705 0.114722 0.115951 
0.443136 0.361374 0.331084 0.346597 0.394549 0.406737 6.91206e-05 5.63206e-05 1.45528e-05 3.01619e-05 3.54135e-05 6.41916e-05 0.0559278 0.0573456 0.0510655 
0.709428 0.61041 0.610443 0.624921 0.656902 0.679644 -0.219353 -0.268487 -0.201487 -0.242969 -0.21685 -0.250901 0.0967644 0.0871705 0.115951 
0.500545 0.496377 0.483638 0.499835 0.496201 0.499699 0.00275494 -0.00149655 -0.00274477 -0.00237609 0.000384156 0.00106839 0.107338 0.109492 0.114967 
0.501729 0.483638 0.496377 0.499835 0.500095 0.49704 -0.0101665 -0.00274477 -0.00149655 -0.00237609 -0.00525369 -0.00607714 0.114656 0.114967 0.109492 
0.0647008 -0.0194953 0.024769 -0.00223985 0.0349275 0.0135201 -0.103333 -0.0191885 -0.0493372 -0.0399221 -0.0801686 -0.0540742 0.0532972 0.0616689 0.100884 
8.56926e-34 7.26281e-34 0.700018 0.400535 0.387834 2.0352e-34 5.09491e-34 6.76582e-34 -0.0184863 -0.00534683 -0.00737632 1.21002e-33 0.108625 0.139526 0.126721 
0.33206 0.146696 0.198092 0.172889 0.269884 0.247909 0.000449676 9.18597e-05 7.72031e-05 8.56197e-05 0.000212373 0.000255119 0.0747186 0.0741037 0.0680932 
0.444211 0.363115 0.33206 0.347926 0.39563 0.408148 0.00123914 0.000993248 0.000449676 0.000682767 0.000801337 0.00114564 0.0795363 0.0811415 0.0747186 
0.499979 0.493638 0.461656 0.481018 0.490362 0.498379 4.5522e-05 8.54633e-05 2.51824e-05 4.84692e-05 3.53528e-05 6.35959e-05 0.0519524 0.0558346 0.0500072 
0.443136 0.461656 0.493638 0.481018 0.474691 0.452849 6.91206e-05 2.51824e-05 8.54633e-05 4.84692e-05 7.87489e-05 4.34692e-05 0.0559278 0.0500072 0.0558346 
0.309066 0.145131 0.204359 0.175493 0.25941 0.233632 0.00227633 0.000592862 0.000795813 0.000691305 0.00145679 0.00141153 0.100268 0.100042 0.0929634 
0.355529 0.289181 0.18709 0.240647 0.279347 0.323918 -1.9165e-06 -1.72286e-06 -7.76627e-07 -1.17368e-06 -1.35999e-06 -1.96819e-06 0.0231931 0.0290798 0.0254463 
0.833185 0.538903 0.888111 0.756933 0.864232 0.747835 -0.193792 -0.0661843 -0.155648 -0.114956 -0.175529 -0.129395 0.0690892 0.0909808 0.0621972 
0.498826 0.491732 0.43415 0.469811 0.47888 0.496088 -3.78205e-06 -4.46488e-06 -3.46971e-06 -4.04449e-06 -3.81071e-06 -4.10229e-06 0.0274874 0.0317648 0.0284174 
0.404396 0.27338 0.214832 0.244946 0.322251 0.345849 -6.65869e-07 -1.93268e-07 -1.94378e-07 -2.18257e-07 -4.286e-07 -3.75975e-07 0.0109423 0.00695296 0.0113215 
0.489773 0.408146 0.466811 0.441134 0.479937 0.459163 -1.69782e-07 -1.11374e-07 -4.19506e-07 -1.9515e-07 -2.42065e-07 -1.16351e-07 -7.36342e-09 6.50378e-09 0.00544906 
0.408145 0.489773 0.462952 0.478452 0.438608 0.459163 -1.50409e-07 -1.98844e-07 -4.82927e-07 -2.84471e-07 -2.43505e-07 -1.51134e-07 -1.09797e-09 1.25505e-08 0.00577604 
0.499979 0.494001 0.462292 0.481526 0.490663 0.498524 0.00105255 0.00151461 0.000754314 0.00109489 0.000924627 0.00127076 0.0754813 0.079364 0.0735783 
0.444211 0.462292 0.494001 0.481526 0.47542 0.45367 0.00123914 0.000754314 0.00151461 0.00109489 0.00140865 0.000979094 0.0795363 0.0735783 0.079364 
0.499632 0.488242 0.472702 0.481279 0.494605 0.497963 -2.278e-06 -1.3724e-06 -2.30591e-06 -1.83737e-06 -2.40718e-06 -1.82221e-06 0.0192416 0.0142712 0.0211431 
2.76932e-34 1.65484e-34 0.214832 0.114908 0.114907 5.51878e-35 2.88375e-35 5.76755e-35 -1.94378e-07 -1.97208e-08 -3.18712e-08 8.65132e-35 0.00588289 0.0117658 0.0113215 
8.56926e-34 0.700018 0.724222 0.717044 0.421643 0.387834 5.09491e-34 -0.0184863 -0.04301 -0.0279771 -0.0129371 -0.00737632 0.108625 0.126721 0.0945531 
0.190421 0.024769 0.0604569 0.0454354 0.121622 0.10063 -0.106308 -0.0493372 -0.0294505 -0.0425117 -0.066349 -0.0856422 0.13407 0.100884 0.129502 
8.94312e-36 0.0604569 0.024769 0.0454354 -0.0030213 0.0121545 -6.26892e-34 -0.0294505 -0.0493372 -0.0425117 -0.0165413 -0.0085132 0.121601 0.129502 0.100884 
0.390377 0.295439 0.215483 0.257106 0.313164 0.34658 -7.41993e-07 -8.56341e-07 -2.99132e-07 -5.30533e-07 -5.40891e-07 -8.46741e-07 0.0108531 0.0170242 0.0117487 
0.498826 0.43415 0.477846 0.458903 0.491633 0.47888 -3.78205e-06 -3.46971e-06 -2.96263e-06 -3.26339e-06 -3.49087e-06 -3.81071e-06 0.0274874 0.0284174 0.0237166 
0.993242 0.863323 0.977033 0.966865 0.988575 0.975124 -0.0468349 -0.0826944 -0.0830282 -0.0961986 -0.0662989 -0.0712133 0.102181 0.016455 0.0729941 
0.390377 0.215483 0.272706 0.244897 0.336846 0.313164 -7.41993e-07 -2.99132e-07 -2.66229e-07 -3.15478e-07 -4.68481e-07 -5.40891e-07 0.0108531 0.0117487 0.00697893 
0.500098 0.493574 0.456825 0.47925 0.490297 0.498966 0.00502154 0.00463464 0.00433484 0.00476685 0.00484417 0.00497896 0.0989392 0.10383 0.0992772 
0.448827 0.456825 0.493574 0.47925 0.476547 0.452914 0.00404395 0.00433484 0.00463464 0.00476685 0.00444914 0.0044405 0.10543 0.0992772 0.10383 
0.404396 0.214832 0.293845 0.255937 0.354367 0.322251 -6.65869e-07 -1.94378e-07 -6.50844e-07 -3.84383e-07 -7.02489e-07 -4.286e-07 0.0109423 0.0113215 0.0166756 
0.488242 0.427546 0.472702 0.452827 0.481279 0.464358 -1.3724e-06 -1.36103e-06 -2.30591e-06 -1.80726e-06 -1.83737e-06 -1.37783e-06 0.0142712 0.017029 0.0211431 
3.34151e-34 0.202109 0.314703 0.261732 0.176488 0.107562 1.44207e-34 -1.01233e-06 -1.80397e-06 -1.32784e-06 -7.29968e-07 -4.959e-07 0.0294184 0.0334587 0.0285821 
2.76932e-34 0.27338 0.180919 0.229122 0.0955177 0.150039 2.88375e-35 -1.93268e-07 -6.10356e-08 -1.06827e-07 -3.86726e-08 -6.33823e-08 0.00588289 0.00695296 0.00366024 
3.34151e-34 0.314703 0.192695 0.257537 0.102183 0.176488 1.44207e-34 -1.80397e-06 -5.99452e-07 -1.04753e-06 -4.23035e-07 -7.29968e-07 0.0294184 0.0285821 0.0249341 
-5.68848e-35 0.024769 -0.0412084 -0.02404 -0.0354761 -0.028608 -4.42865e-34 -0.0493372 -0.000430379 -0.0221903 -0.00170858 -0.0132323 0.086236 0.100884 0.0702069 
3.5172e-34 0.295439 0.204643 0.25212 0.109016 0.163954 -8.77819e-35 -8.56341e-07 -6.81979e-07 -8.06178e-07 -2.4307e-07 -3.81079e-07 0.0177757 0.0170242 0.0216357 
0.833185 0.730978 0.538903 0.67104 0.747835 0.786879 -0.193792 -0.163752 -0.0661843 -0.114769 -0.129395 -0.181876 0.0690892 0.0928138 0.0909808 
0.404396 0.293845 0.427546 0.369241 0.416372 0.354367 -6.65869e-07 -6.50844e-07 -1.36103e-06 -1.02284e-06 -1.0095e-06 -7.02489e-07 0.0109423 0.0166756 0.017029 
8.31207e-34 0.843521 0.706962 0.779822 0.409475 0.512329 -5.85632e-34 -0.0280135 -0.0100966 -0.0158187 -0.00351162 -0.00688372 0.120937 0.0875582 0.130658 
0.75 1 0.937266 0.984293 0.859252 0.9375 -4.28716e-37 -7.92982e-37 -0.00073027 -0.000550873 -0.000401663 -1.51986e-36 0.362431 0.361751 0.321783 
3.61366e-34 0.235476 0.349289 0.29795 0.182138 0.110821 4.76699e-34 -0.0151851 -0.0287309 -0.0230604 -0.00698322 -0.00272511 0.100255 0.10049 0.10416 
0.843521 0.863323 0.993242 0.975124 0.973775 0.852216 -0.0280135 -0.0826944 -0.0468349 -0.0712133 -0.0448891 -0.0428728 0.0875582 0.016455 0.102181 
0.356804 0.427546 0.293845 0.369241 0.326755 0.395159 -1.57686e-06 -1.36103e-06 -6.50844e-07 -1.02284e-06 -1.04512e-06 -1.5132e-06 0.0221151 0.017029 0.0166756 
0.365996 0.28131 0.199884 0.245459 0.291479 0.327048 -0.0120708 -0.0205064 -0.00388992 -0.0101002 -0.00820136 -0.0168797 0.130194 0.139948 0.134037 
2.77774e-34 0.1696 0.272706 0.223557 0.14962 0.0891762 -2.92618e-35 -7.91272e-08 -2.66229e-07 -1.50681e-07 -9.98189e-08 -4.65427e-08 0.00592547 0.00381617 0.00697893 
9.51971e-34 0.706191 0.843888 0.780658 0.513286 0.405119 1.31691e-33 -0.00079433 -0.00245998 -0.00133695 -0.000853509 -0.000337776 0.268917 0.294539 0.244982 
4.01132e-34 4.85423e-34 0.538903 0.300093 0.265871 -3.67262e-35 4.0349e-34 3.72218e-34 -0.0661843 -0.0160895 -0.0163096 8.27533e-34 0.0864575 0.0800351 0.0909808 
0.365996 0.413857 0.28131 0.354217 0.327048 0.39264 -0.0120708 -0.0338086 -0.0205064 -0.0287711 -0.0168797 -0.0214036 0.130194 0.134693 0.139948 
0.977033 0.863323 0.946969 0.956711 0.963538 0.966865 -0.0830282 -0.0826944 -0.117221 -0.118259 -0.0997054 -0.0961986 0.0729941 0.016455 0.0602308 
3.16422e-34 0.28131 0.180674 0.233003 0.1052 0.158662 -7.14004e-34 -0.0205064 -0.0195621 -0.0213801 -0.00464033 -0.00642134 0.141652 0.139948 0.144758 
0.760696 0.724222 0.946969 0.87707 0.875419 0.750329 -0.0849376 -0.04301 -0.117221 -0.0791131 -0.104649 -0.0642941 0.0807107 0.0945531 0.0602308 
0.447023 0.495745 0.466257 0.484516 0.45718 0.478196 -3.45936e-06 -4.28359e-06 -3.31767e-06 -4.03886e-06 -3.53671e-06 -4.10682e-06 0.0320123 0.0320222 0.0267657 
0.498826 0.466257 0.495745 0.484516 0.499735 0.494375 -3.78205e-06 -3.31767e-06 -4.28359e-06 -4.03886e-06 -4.02545e-06 -3.73589e-06 0.0274874 0.0267657 0.0320222 
0.47657 0.349289 0.235476 0.29795 0.364922 0.408535 -0.0762345 -0.0287309 -0.0151851 -0.0230604 -0.0399752 -0.0486652 0.106257 0.10416 0.10049 
0.473045 0.368173 0.349289 0.357857 0.424433 0.426607 -0.0514095 -0.0210925 -0.0287309 -0.0253969 -0.0424622 -0.0347132 0.111185 0.106043 0.10416 
0.760696 0.888111 0.538903 0.756933 0.652764 0.849078 -0.0849376 -0.155648 -0.0661843 -0.114956 -0.0803027 -0.119389 0.0807107 0.0621972 0.0909808 
7.413e-34 7.75642e-34 0.774945 0.457875 0.456532 1.70668e-34 -1.28251e-33 -1.05936e-33 -0.00194714 -0.000732075 -0.000565877 -2.34048e-33 0.269174 0.2222 0.247295 
3.61366e-34 0.349289 0.197047 0.270644 0.103168 0.182138 4.76699e-34 -0.0287309 -0.00437278 -0.0132609 -0.00141779 -0.00698322 0.100255 0.10416 0.103181 
0.998667 0.937266 0.986671 0.995442 0.994212 0.98859 -0.00166774 -0.00073027 -0.000619793 -0.000749772 -0.0010883 -0.00123686 0.283633 0.321783 0.331681 
0.355529 0.18709 0.204643 0.19593 0.28676 0.279347 -1.9165e-06 -7.76627e-07 -6.81979e-07 -7.2106e-07 -1.32093e-06 -1.35999e-06 0.0231931 0.0254463 0.0216357 
0.998667 0.986671 0.749968 0.905297 0.928012 0.994212 -0.00166774 -0.000619793 -0.000552999 -0.000662671 -0.00112284 -0.0010883 0.283633 0.331681 0.31901 
0.499632 0.477846 0.443059 0.462469 0.483446 0.492977 -2.278e-06 -2.96263e-06 -1.73954e-06 -2.3168e-06 -2.084e-06 -2.67237e-06 0.0192416 0.0237166 0.0178634 
0.444227 0.317363 0.35918 0.339143 0.40676 0.390142 0.00266959 0.00151417 0.00308386 0.00252237 0.00331711 0.0020183 0.110803 0.114697 0.105781 
0.525291 0.39054 0.489366 0.450361 0.505877 0.468385 -0.147614 -0.131114 -0.10207 -0.120039 -0.124847 -0.148415 0.128275 0.141503 0.132397 
0.355529 0.443059 0.477846 0.462469 0.430062 0.404299 -1.9165e-06 -1.73954e-06 -2.96263e-06 -2.3168e-06 -2.50568e-06 -1.90273e-06 0.0231931 0.0178634 0.0237166 
0.35918 0.317363 0.213035 0.268431 0.292791 0.339143 0.00308386 0.00151417 0.00127307 0.00170533 0.00216528 0.00252237 0.105781 0.114697 0.107873 
0.421212 0.489366 0.39054 0.450361 0.408648 0.458166 -0.0749273 -0.10207 -0.131114 -0.120039 -0.101188 -0.0902708 0.139098 0.132397 0.141503 
3.01744e-34 0.289181 0.19628 0.244845 0.104224 0.159961 -1.46288e-34 -1.72286e-06 -1.16972e-06 -1.44819e-06 -5.80106e-07 -7.94315e-07 0.0296229 0.0290798 0.0339057 
9.5358e-35 -0.024318 0.0388122 -0.00953831 0.00481054 -0.0108632 1.07222e-34 0.0488569 0.00157003 0.0373606 0.064421 0.0756649 -0.0193002 0.0293245 -0.000133092 
0.355529 0.43415 0.289181 0.371923 0.323918 0.398652 -1.9165e-06 -3.46971e-06 -1.72286e-06 -2.71206e-06 -1.96819e-06 -2.64869e-06 0.0231931 0.0284174 0.0290798 
1.10751e-33 0.863323 0.843521 0.852216 0.525601 0.569955 -3.36581e-34 -0.0826944 -0.0280135 -0.0428728 -0.0112037 -0.0413921 0.0575792 0.016455 0.0875582 
1.92663e-34 0.145131 0.213035 0.179902 0.114425 0.076244 -5.11896e-34 0.000592862 0.00127307 0.000873276 0.000418383 0.000182216 0.103764 0.100042 0.107873 
4.85423e-34 0.365849 0.538903 0.469968 0.300093 0.179513 3.72218e-34 -0.0214044 -0.0661843 -0.0395034 -0.0160895 -0.00525079 0.0800351 0.0872892 0.0909808 
0.760696 0.538903 0.365849 0.469968 0.587146 0.652764 -0.0849376 -0.0661843 -0.0214044 -0.0395034 -0.0495293 -0.0803027 0.0807107 0.0909808 0.0872892 
0.998667 0.843888 0.706191 0.780658 0.935902 0.967687 -0.00166774 -0.00245998 -0.00079433 -0.00133695 -0.00146941 -0.00237721 0.283633 0.244982 0.294539 
2.33172e-34 2.10067e-34 0.234385 0.129083 0.128373 4.92295e-35 -6.53638e-34 -6.00688e-34 -0.000730592 -6.99166e-05 -0.000464123 -1.25267e-33 0.132098 0.121636 0.124563 
0.355529 0.204643 0.295439 0.25212 0.326787 0.28676 -1.9165e-06 -6.81979e-07 -8.56341e-07 -8.06178e-07 -1.30543e-06 -1.32093e-06 0.0231931 0.0216357 0.0170242 
0.356804 0.198949 0.192695 0.19583 0.282489 0.285125 -1.57686e-06 -4.51778e-07 -5.99452e-07 -4.95367e-07 -1.04124e-06 -1.0139e-06 0.0221151 0.021022 0.0249341 
0.489773 0.466811 0.499976 0.491754 0.497464 0.479937 -1.69782e-07 -4.19506e-07 -3.49521e-07 -3.96332e-07 -2.24236e-07 -2.42065e-07 -7.36342e-09 0.00544906 0.00381183 
3.01744e-34 0.18709 0.289181 0.240647 0.159961 0.0989999 -1.46288e-34 -7.76627e-07 -1.72286e-06 -1.17368e-06 -7.94315e-07 -4.83608e-07 0.0296229 0.0254463 0.0290798 
0.489773 0.499976 0.462952 0.490648 0.478452 0.497388 -1.98844e-07 -3.49521e-07 -4.82927e-07 -4.3347e-07 -2.84471e-07 -2.44336e-07 1.25505e-08 0.00381183 0.00577604 
3.41614e-34 0.198949 0.293845 0.248636 0.162935 0.10575 8.65156e-35 -4.51778e-07 -6.50844e-07 -5.99449e-07 -2.61616e-07 -1.3015e-07 0.0176493 0.021022 0.0166756 
3.16422e-34 2.33172e-34 0.199884 0.109029 0.105824 8.91583e-35 -7.14004e-34 -6.53638e-34 -0.00388992 -0.000972002 -0.00204903 -1.35241e-33 0.141652 0.132098 0.134037 
-5.07469e-35 -0.0412084 -0.0220363 -0.0372567 -0.0195764 -0.0333804 -2.82022e-34 -0.000430379 0.0192558 0.0121108 0.00619079 0.00331829 0.0586966 0.0702069 0.0556623 
0.0647008 0.171177 0.399678 0.259393 0.202932 0.115434 -0.103333 -0.167006 -0.256818 -0.214977 -0.187237 -0.149222 0.0532972 0.102588 0.065579 
2.03293e-34 1.92663e-34 0.213035 0.114425 0.115408 7.62958e-35 -5.53431e-34 -5.11896e-34 0.00127307 0.000418383 0.000414632 -1.06589e-33 0.112183 0.103764 0.107873 
0.190421 0.0604569 0.115177 0.0887658 0.157876 0.121622 -0.106308 -0.0294505 -0.0254119 -0.0284301 -0.0613981 -0.066349 0.13407 0.129502 0.141807 
0.760696 0.365849 0.724222 0.55146 0.750329 0.587146 -0.0849376 -0.0214044 -0.04301 -0.0326151 -0.0642941 -0.0495293 0.0807107 0.0872892 0.0945531 
0.52564 0.538903 0.730978 0.67104 0.644193 0.537182 -0.0795209 -0.0661843 -0.163752 -0.114769 -0.12094 -0.0736789 0.0971072 0.0909808 0.0928138 
1.23807e-33 0.863323 1.10751e-33 0.569955 3.41757e-34 0.604012 -5.61506e-36 -0.0826944 -3.36581e-34 -0.0413921 3.37395e-35 -0.105622 -0.0902179 0.016455 0.0575792 
0.309066 0.213035 0.145131 0.179902 0.233632 0.263702 0.00227633 0.00127307 0.000592862 0.000873276 0.00141153 0.00186655 0.100268 0.107873 0.100042 
0.499977 0.499976 0.466811 0.491754 0.491686 0.499977 -7.60237e-07 -3.49521e-07 -4.19506e-07 -3.96332e-07 -5.76147e-07 -5.23977e-07 0.00844883 0.00381183 0.00544906 
0.499977 0.462952 0.499976 0.490648 0.499977 0.490721 -7.60237e-07 -4.82927e-07 -3.49521e-07 -4.3347e-07 -5.23977e-07 -6.06781e-07 0.00844883 0.00577604 0.00381183 
9.5744e-34 8.31207e-34 0.706962 0.409475 0.403406 3.5613e-34 -8.30433e-34 -5.85632e-34 -0.0100966 -0.00351162 -0.00253016 -1.40247e-33 0.173185 0.120937 0.130658 
1.6214e-34 0.180674 0.115177 0.149502 0.068717 0.0933095 -7.41008e-34 -0.0195621 -0.0254119 -0.0236178 -0.00632143 -0.00594058 0.147619 0.144758 0.141807 
0.999109 0.993242 0.700018 0.902859 0.915611 0.996904 -0.0192856 -0.0468349 -0.0184863 -0.0329037 -0.0228925 -0.0314781 0.144798 0.102181 0.126721 
9.5744e-34 0.706962 0.83621 0.776151 0.509024 0.403406 -8.30433e-34 -0.0100966 -0.00810727 -0.00961376 -0.00267823 -0.00253016 0.173185 0.130658 0.169963 
0.709428 0.610443 0.611468 0.635099 0.678709 0.656902 -0.219353 -0.201487 -0.130082 -0.17152 -0.175613 -0.21685 0.0967644 0.115951 0.103869 
0.356804 0.293845 0.198949 0.248636 0.285125 0.326755 -1.57686e-06 -6.50844e-07 -4.51778e-07 -5.99449e-07 -1.0139e-06 -1.04512e-06 0.0221151 0.0166756 0.021022 
0.437321 0.399678 0.717759 0.564109 0.61661 0.414795 -0.195475 -0.256818 -0.255881 -0.26958 -0.250992 -0.233875 -0.00256145 0.065579 0.0577627 
0.977033 0.946969 0.724222 0.87707 0.893312 0.963538 -0.0830282 -0.117221 -0.04301 -0.0791131 -0.0654149 -0.0997054 0.0729941 0.0602308 0.0945531 
9.5358e-35 -1.65176e-34 -0.024318 -0.0102125 -0.0108632 -8.06681e-35 1.07222e-34 9.26498e-35 0.0488569 0.0690761 0.0756649 1.22639e-34 -0.0193002 0.0372276 0.0293245 
0.999109 0.700018 0.644664 0.674451 0.901377 0.915611 -0.0192856 -0.0184863 -0.00814766 -0.0118983 -0.0161622 -0.0228925 0.144798 0.126721 0.158008 
0.999109 0.843521 0.993242 0.973775 0.996904 0.966474 -0.0192856 -0.0280135 -0.0468349 -0.0448891 -0.0314781 -0.028133 0.144798 0.0875582 0.102181 
0.24489 0.180919 0.380021 0.292407 0.318753 0.213798 -5.21742e-08 -6.10356e-08 -1.95837e-07 -1.22354e-07 -8.30427e-08 -5.49548e-08 5.77914e-09 0.00366024 0.00412692 
0.244888 0.380084 0.1696 0.287899 0.208459 0.318791 -7.68339e-08 -2.59823e-07 -7.91272e-08 -1.72815e-07 -7.73656e-08 -1.2739e-07 3.72583e-09 0.00412512 0.00381617 
0.390377 0.487422 0.443059 0.469243 0.418856 0.450891 -7.41993e-07 -1.24308e-06 -1.73954e-06 -1.52518e-06 -1.15509e-06 -9.78832e-07 0.0108531 0.0127423 0.0178634 
7.26281e-34 0.644664 0.700018 0.674451 0.400535 0.358386 6.76582e-34 -0.00814766 -0.0184863 -0.0118983 -0.00534683 -0.00286406 0.139526 0.158008 0.126721 
0.386912 0.46634 0.472971 0.469692 0.437322 0.43247 0.00249568 0.0023612 0.00359189 0.00298131 0.00308744 0.00250988 0.0924566 0.086034 0.0924312 
0.383333 0.464716 0.469886 0.467343 0.433673 0.42993 0.000275976 0.000194605 0.000420559 0.000287797 0.00035473 0.00024169 0.0679618 0.0622108 0.0681512 
7.75642e-34 0.645964 0.774945 0.713991 0.457875 0.364117 -1.05936e-33 -0.00267851 -0.00194714 -0.00235895 -0.000732075 -0.000701407 0.2222 0.204306 0.247295 
0.998667 0.749968 0.624783 0.690502 0.894934 0.928012 -0.00166774 -0.000552999 -0.000743259 -0.000671201 -0.00143469 -0.00112284 0.283633 0.31901 0.283978 
0.190421 0.39054 0.347426 0.374053 0.261951 0.297615 -0.106308 -0.131114 -0.206741 -0.170759 -0.160341 -0.129443 0.13407 0.141503 0.128467 
8.58254e-34 0.841847 0.644664 0.753071 0.363705 0.508043 8.75439e-34 -0.00643451 -0.00814766 -0.00772631 -0.00206282 -0.00266448 0.179513 0.191399 0.158008 
0.382964 0.461522 0.468681 0.465195 0.432642 0.427572 2.47256e-06 2.36467e-05 4.14677e-06 1.23458e-05 3.44247e-06 1.00459e-05 0.044039 0.0496 0.0436807 
2.5281e-34 2.63688e-34 0.312751 0.16237 0.146184 3.76046e-35 4.66327e-34 4.38065e-34 -0.0295584 -0.00757288 -0.00585639 9.32355e-34 0.0969912 0.0912396 0.0993439 
0.999109 0.706962 0.843521 0.779822 0.966474 0.936622 -0.0192856 -0.0100966 -0.0280135 -0.0158187 -0.028133 -0.0184387 0.144798 0.130658 0.0875582 
-5.07469e-35 -5.68848e-35 -0.0412084 -0.0354761 -0.0333804 -6.88998e-35 -2.82022e-34 -4.42865e-34 -0.000430379 -0.00170858 0.00331829 -7.03904e-34 0.0586966 0.086236 0.0702069 
1.88447e-34 3.5172e-34 0.204643 0.109016 0.109016 7.03763e-35 -1.17038e-34 -8.77819e-35 -6.81979e-07 -2.4307e-07 -2.19588e-07 -2.04819e-34 0.0237 0.0177757 0.0216357 
0.75 0.749968 0.986671 0.905297 0.905301 0.749937 -4.96358e-37 -0.000552999 -0.000619793 -0.000662671 -0.000388724 -0.00030443 0.361136 0.31901 0.331681 
0.375376 0.474759 0.457604 0.466054 0.421707 0.434186 -0.0017562 -0.00726016 0.00205588 -0.00123391 0.000230231 -0.00448952 0.105274 0.109722 0.105167 
0.379037 0.458255 0.465003 0.461684 0.428485 0.42379 0.00243825 0.00442089 0.00334548 0.00384521 0.00295865 0.00342505 0.0903788 0.0956112 0.0905864 
0.382052 0.46108 0.466905 0.464064 0.431001 0.426934 0.000262954 0.000721095 0.000380957 0.000527426 0.000329551 0.000453022 0.067669 0.0731494 0.0675132 
0.525291 0.530868 0.610443 0.574805 0.562311 0.545919 -0.147614 -0.103544 -0.201487 -0.149691 -0.179429 -0.130124 0.128275 0.114112 0.115951 
0.382518 0.459579 0.467628 0.463714 0.431704 0.42607 2.69743e-06 -2.18896e-06 5.34677e-06 -5.19669e-08 4.28387e-06 1.49316e-07 0.0443904 0.0389549 0.0444317 
0.289181 0.43415 0.342809 0.393371 0.316977 0.371923 -1.72286e-06 -3.46971e-06 -2.89532e-06 -3.19646e-06 -2.24244e-06 -2.71206e-06 0.0290798 0.0284174 0.0332649 
0.499977 0.488242 0.487422 0.499974 0.496838 0.497043 -7.60237e-07 -1.3724e-06 -1.24308e-06 -1.34092e-06 -1.00318e-06 -1.05171e-06 0.00844883 0.0142712 0.0127423 
0.525291 0.491093 0.39054 0.435373 0.468385 0.514357 -0.147614 -0.206969 -0.131114 -0.171359 -0.148415 -0.178743 0.128275 0.12731 0.141503 
0.499978 0.453614 0.49507 0.479618 0.49877 0.488445 -3.65129e-06 -2.52573e-06 -7.76523e-07 -1.86567e-06 -2.46321e-06 -3.21291e-06 0.0363053 0.0378351 0.0402053 
-1.20923e-34 -5.07469e-35 -0.0220363 -0.0195764 -0.00584839 -1.28545e-35 -1.3086e-34 -2.82022e-34 0.0192558 0.00619079 0.00537552 -5.50814e-34 0.0551225 0.0586966 0.0556623 
0.382964 0.468681 0.453614 0.461517 0.422306 0.432642 2.47256e-06 4.14677e-06 -2.52573e-06 -7.78434e-07 -5.32357e-07 3.44247e-06 0.044039 0.0436807 0.0378351 
0.437321 0.139232 0.0388122 0.0770728 0.190702 0.287874 -0.195475 -0.0233861 0.00157003 0.00306385 -0.0943188 -0.115282 -0.00256145 -0.0428853 -0.000133092 
-1.20923e-34 -0.0220363 -2.43405e-34 -0.00709138 -4.70561e-34 -0.00584839 -1.3086e-34 0.0192558 3.69534e-35 0.0176982 -2.28858e-37 0.00537552 0.0551225 0.0556623 0.0568053 
0.440901 0.342809 0.43415 0.393371 0.437571 0.397737 -3.58481e-06 -2.89532e-06 -3.46971e-06 -3.19646e-06 -3.87835e-06 -3.27839e-06 0.0329437 0.0332649 0.0284174 
0.52564 0.241969 0.538903 0.382926 0.537182 0.394096 -0.0795209 -0.0166729 -0.0661843 -0.0362028 -0.0736789 -0.0429281 0.0971072 0.092246 0.0909808 
0.525291 0.610443 0.491093 0.560089 0.514357 0.562311 -0.147614 -0.201487 -0.206969 -0.213775 -0.178743 -0.179429 0.128275 0.115951 0.12731 
0.404396 0.427546 0.488242 0.464358 0.456402 0.416372 -6.65869e-07 -1.36103e-06 -1.3724e-06 -1.37783e-06 -1.00237e-06 -1.0095e-06 0.0109423 0.017029 0.0142712 
9.51971e-34 6.95903e-34 0.706191 0.405588 0.405119 3.06207e-34 1.31691e-33 1.54587e-33 -0.00079433 -0.000203928 -0.000337776 2.86397e-33 0.268917 0.315407 0.294539 
0.382052 0.466905 0.461158 0.464098 0.426965 0.431001 0.000262954 0.000380957 0.000182892 0.000266067 0.000227798 0.000329551 0.067669 0.0675132 0.0619006 
0.998667 0.997047 0.843888 0.971074 0.967687 0.997866 -0.00166774 -0.00321016 -0.00245998 -0.00319263 -0.00237721 -0.00247841 0.283633 0.247107 0.244982 
0.379037 0.465003 0.459814 0.462505 0.424848 0.428485 0.00243825 0.00334548 0.00224025 0.00279354 0.00243252 0.00295865 0.0903788 0.0905864 0.0852376 
0.999109 0.644664 0.841847 0.753071 0.9561 0.901377 -0.0192856 -0.00814766 -0.00643451 -0.00772631 -0.012535 -0.0161622 0.144798 0.158008 0.191399 
0.499978 0.461158 0.4952 0.482269 0.49874 0.490145 0.000161278 0.000182892 0.000270931 0.000225128 0.000210967 0.000177737 0.0598374 0.0619006 0.0637543 
3.61366e-34 2.5281e-34 0.235476 0.120207 0.110821 6.75808e-35 4.76699e-34 4.66327e-34 -0.0151851 -0.0039505 -0.00272511 9.70653e-34 0.100255 0.0969912 0.10049 
-0.0347879 -0.0220363 -0.0412084 -0.0372567 -0.0383867 -0.0319779 0.0265906 0.0192558 -0.000430379 0.0121108 0.0106075 0.0280587 0.0527474 0.0556623 0.0702069 
0.437321 0.18043 0.399678 0.291059 0.414795 0.292975 -0.195475 -0.138273 -0.256818 -0.210165 -0.233875 -0.164969 -0.00256145 0.0171928 0.065579 
0.375376 0.462692 0.474759 0.467869 0.434186 0.421333 -0.0017562 -0.0242103 -0.00726016 -0.0147538 -0.00448952 -0.00993578 0.105274 0.110273 0.109722 
0.499966 0.459814 0.49461 0.48122 0.498473 0.489484 0.00219013 0.00224025 0.00292043 0.00258421 0.0025421 0.00228841 0.083373 0.0852376 0.0871685 
0.500545 0.457604 0.496377 0.481756 0.499699 0.490392 0.00275494 0.00205588 -0.00149655 0.000482464 0.00106839 0.00240604 0.107338 0.105167 0.109492 
0.989808 0.843888 0.997047 0.971074 0.993982 0.97818 -0.00565404 -0.00245998 -0.00321016 -0.00319263 -0.00411242 -0.00450807 0.212163 0.244982 0.247107 
0.998667 0.624783 0.774945 0.704541 0.934891 0.894934 -0.00166774 -0.000743259 -0.00194714 -0.00114829 -0.00212871 -0.00143469 0.283633 0.283978 0.247295 
0.833185 0.717759 0.730978 0.773908 0.786879 0.796444 -0.193792 -0.255881 -0.163752 -0.222164 -0.181876 -0.231839 0.0690892 0.0577627 0.0928138 
0.246215 0.115177 0.180674 0.149502 0.218508 0.180892 -0.0648411 -0.0254119 -0.0195621 -0.0236178 -0.0397959 -0.0462701 0.144779 0.141807 0.144758 
9.5358e-35 0.0388122 0.139232 0.0770728 0.0191271 0.00481054 1.07222e-34 0.00157003 -0.0233861 0.00306385 0.0498929 0.064421 -0.0193002 -0.000133092 -0.0428853 
0.504255 0.500382 0.462692 0.487152 0.501113 0.505387 -0.051135 -0.0230323 -0.0242103 -0.024172 -0.0384971 -0.0356828 0.123827 0.115444 0.110273 
4.01132e-34 0.538903 0.241969 0.382926 0.128564 0.265871 4.0349e-34 -0.0661843 -0.0166729 -0.0362028 -0.00528214 -0.0163096 0.0864575 0.0909808 0.092246 
0.473045 0.530868 0.518679 0.526903 0.507044 0.499612 -0.0514095 -0.103544 -0.0828384 -0.0963033 -0.0680645 -0.0748442 0.111185 0.114112 0.121689 
0.525291 0.518679 0.530868 0.526903 0.545919 0.525273 -0.147614 -0.0828384 -0.103544 -0.0963033 -0.130124 -0.112513 0.128275 0.121689 0.114112 
0.440901 0.43415 0.491732 0.469811 0.472112 0.437571 -3.58481e-06 -3.46971e-06 -4.46488e-06 -4.04449e-06 -4.03288e-06 -3.87835e-06 0.0329437 0.0284174 0.0317648 
2.33172e-34 0.234385 0.199884 0.218173 0.109029 0.128373 -6.53638e-34 -0.000730592 -0.00388992 -0.00217141 -0.000972002 -0.000464123 0.132098 0.124563 0.134037 
0.0647008 0.399678 0.18043 0.291059 0.106844 0.202932 -0.103333 -0.256818 -0.138273 -0.210165 -0.117349 -0.187237 0.0532972 0.065579 0.0171928 
0.382518 0.467628 0.461656 0.464704 0.427485 0.431704 2.69743e-06 5.34677e-06 2.51824e-05 1.33885e-05 1.06562e-05 4.28387e-06 0.0443904 0.0444317 0.0500072 
0.272706 0.1696 0.380084 0.287899 0.330651 0.223557 -2.66229e-07 -7.91272e-08 -2.59823e-07 -1.72815e-07 -2.69664e-07 -1.50681e-07 0.00697893 0.00381617 0.00412512 
0.27338 0.380021 0.180919 0.292407 0.229122 0.330905 -1.93268e-07 -1.95837e-07 -6.10356e-08 -1.22354e-07 -1.06827e-07 -2.01036e-07 0.00695296 0.00412692 0.00366024 
5.96773e-34 8.56926e-34 0.724222 0.421643 0.393231 2.51752e-35 4.09365e-34 5.09491e-34 -0.04301 -0.0129371 -0.0163625 9.53634e-34 0.0877322 0.108625 0.0945531 
0.75 0.43762 0.749968 0.609344 0.749937 0.60945 -4.96358e-37 -0.000105648 -0.000552999 -0.000247165 -0.00030443 -9.7203e-05 0.361136 0.338206 0.31901 
0.408146 0.380021 0.466811 0.430159 0.441134 0.394552 -1.11374e-07 -1.95837e-07 -4.19506e-07 -3.00206e-07 -1.9515e-07 -1.3609e-07 6.50378e-09 0.00412692 0.00544906 
0.408145 0.462952 0.380084 0.427435 0.394581 0.438608 -1.50409e-07 -4.82927e-07 -2.59823e-07 -3.70327e-07 -1.81763e-07 -2.43505e-07 -1.09797e-09 0.00577604 0.00412512 
0.709428 0.730978 0.717759 0.773908 0.725643 0.731173 -0.219353 -0.163752 -0.255881 -0.222164 -0.24412 -0.194886 0.0967644 0.0928138 0.0577627 
0.383333 0.469886 0.462292 0.466184 0.428218 0.433673 0.000275976 0.000420559 0.000754314 0.000567966 0.000475281 0.00035473 0.0679618 0.0681512 0.0735783 
0.998667 0.706191 0.937266 0.842998 0.98859 0.935902 -0.00166774 -0.00079433 -0.00073027 -0.000878652 -0.00123686 -0.00146941 0.283633 0.294539 0.321783 
3.41614e-34 1.87966e-34 0.198949 0.10575 0.10575 7.76356e-35 8.65156e-35 1.15358e-34 -4.51778e-07 -8.76605e-08 -1.3015e-07 2.01874e-34 0.0176493 0.0235331 0.021022 
0.499979 0.461656 0.495352 0.482584 0.498809 0.490362 4.5522e-05 2.51824e-05 1.89174e-05 2.18042e-05 3.04632e-05 3.53528e-05 0.0519524 0.0500072 0.0480214 
0.989808 0.999501 0.841847 0.964829 0.977809 0.996403 -0.00565404 -0.010531 -0.00643451 -0.0093004 -0.0073763 -0.00818675 0.212163 0.179464 0.191399 
0.386912 0.472971 0.456825 0.465393 0.425937 0.437322 0.00249568 0.00359189 0.00433484 0.00402332 0.0034374 0.00308744 0.0924566 0.0924312 0.0992772 
7.26281e-34 8.58254e-34 0.644664 0.363705 0.358386 3.58666e-34 6.76582e-34 8.75439e-34 -0.00814766 -0.00206282 -0.00286406 1.5619e-33 0.139526 0.179513 0.158008 
0.408146 0.24489 0.380021 0.318753 0.394552 0.336721 -1.11374e-07 -5.21742e-08 -1.95837e-07 -8.30427e-08 -1.3609e-07 -5.11798e-08 6.50378e-09 5.77914e-09 0.00412692 
0.244888 0.408145 0.380084 0.394581 0.318791 0.336721 -7.68339e-08 -1.50409e-07 -2.59823e-07 -1.81763e-07 -1.2739e-07 -8.88069e-08 3.72583e-09 -1.09797e-09 0.00412512 
0.47657 0.235476 0.312751 0.270844 0.410181 0.364922 -0.0762345 -0.0151851 -0.0295584 -0.0217958 -0.0538057 -0.0399752 0.106257 0.10049 0.0993439 
-3.5557e-34 0.586415 6.95903e-34 0.324975 4.90332e-34 0.325154 8.88387e-34 -0.000231187 1.54587e-33 -8.54203e-05 3.32283e-33 -4.98889e-05 0.36248 0.33164 0.315407 
6.95903e-34 0.586415 0.706191 0.648934 0.405588 0.324975 1.54587e-33 -0.000231187 -0.00079433 -0.00042857 -0.000203928 -8.54203e-05 0.315407 0.33164 0.294539 
0.499977 0.466811 0.477885 0.472628 0.494454 0.491686 -7.60237e-07 -4.19506e-07 -7.86415e-07 -6.11064e-07 -7.8227e-07 -5.76147e-07 0.00844883 0.00544906 0.00994243 
0.404396 0.477885 0.466811 0.472628 0.439639 0.447583 -6.65869e-07 -7.86415e-07 -4.19506e-07 -6.11064e-07 -5.45044e-07 -7.5396e-07 0.0109423 0.00994243 0.00544906 
7.27759e-34 0.624783 0.749968 0.690502 0.437572 0.349748 -1.50205e-33 -0.000743259 -0.000552999 -0.000671201 -0.000166069 -0.000187629 0.315362 0.283978 0.31901 
1 0.75 0.986671 0.905301 0.99666 0.9375 -7.92982e-37 -4.96358e-37 -0.000619793 -0.000388724 -0.000441505 -1.32248e-36 0.361751 0.361136 0.331681 
0.999109 0.841847 0.999501 0.964829 0.999706 0.9561 -0.0192856 -0.00643451 -0.010531 -0.0093004 -0.0138152 -0.012535 0.144798 0.191399 0.179464 
1.85811e-34 1.84507e-34 0.199841 0.10622 0.106442 7.89908e-35 -4.10554e-34 -3.80427e-34 0.000290136 7.98163e-05 9.84392e-05 -7.91174e-34 0.0831693 0.0770558 0.080295 
0.499979 0.462292 0.495506 0.482946 0.498897 0.490663 0.00105255 0.000754314 0.000686389 0.000731376 0.000856384 0.000924627 0.0754813 0.0735783 0.0715434 
1.83105e-34 1.8392e-34 0.198463 0.105463 0.105473 7.88604e-35 -2.92347e-34 -2.63166e-34 1.37897e-05 2.94528e-06 4.52466e-06 -5.55527e-34 0.0592018 0.0532917 0.0564434 
0.989808 0.774945 0.645964 0.713991 0.879479 0.916946 -0.00565404 -0.00194714 -0.00267851 -0.00235895 -0.00488026 -0.00376712 0.212163 0.247295 0.204306 
1.79659e-34 1.82263e-34 0.197707 0.105039 0.105048 7.92852e-35 2.59716e-34 2.88633e-34 1.23613e-05 4.14548e-06 2.66417e-06 5.48335e-34 0.0529815 0.0588795 0.0556959 
1.78861e-34 1.80778e-34 0.196791 0.104338 0.104539 7.87189e-35 3.74892e-34 4.02963e-34 0.000272062 8.6573e-05 7.18703e-05 7.77677e-34 0.0764608 0.0821766 0.0790821 
1.71668e-34 1.70617e-34 0.190291 0.0992702 0.100309 7.20295e-35 4.76807e-34 4.93936e-34 0.00138652 0.000430053 0.00042183 9.70099e-34 0.0971616 0.100642 0.0988023 
7.79047e-35 1.6214e-34 0.115177 0.068717 0.0510312 4.3899e-35 -7.17989e-34 -7.41008e-34 -0.0254119 -0.00632143 -0.00762575 -1.43508e-33 0.142741 0.147619 0.141807 
0.523256 0.61041 0.399678 0.519035 0.476286 0.562899 -0.250508 -0.268487 -0.256818 -0.274999 -0.270863 -0.263673 0.114722 0.0871705 0.065579 
1.5769e-34 3.61366e-34 0.197047 0.103168 0.099005 6.1093e-35 5.03388e-34 4.76699e-34 -0.00437278 -0.00141779 -0.00102871 9.96757e-34 0.102907 0.100255 0.103181 
1.73301e-34 3.01744e-34 0.19628 0.104224 0.104223 8.17451e-35 -1.75529e-34 -1.46288e-34 -1.16972e-06 -5.80106e-07 -4.88492e-07 -3.21816e-34 0.0355445 0.0296229 0.0339057 
0.356804 0.466257 0.472702 0.469565 0.42612 0.421013 -1.57686e-06 -3.31767e-06 -2.30591e-06 -2.76706e-06 -1.97901e-06 -2.41105e-06 0.0221151 0.0267657 0.0211431 
0.937266 0.706191 0.586415 0.648934 0.800369 0.842998 -0.00073027 -0.00079433 -0.000231187 -0.00042857 -0.000487537 -0.000878652 0.321783 0.294539 0.33164 
0.500098 0.456825 0.499166 0.485911 0.500005 0.490297 0.00502154 0.00433484 0.00460116 0.00464508 0.0048629 0.00484417 0.0989392 0.0992772 0.0955211 
1 0.986671 0.937266 0.995442 0.984293 0.99666 -7.92982e-37 -0.000619793 -0.00073027 -0.000749772 -0.000550873 -0.000441505 0.361751 0.331681 0.321783 
8.94312e-36 7.79047e-35 0.0604569 0.0326544 0.0121545 -1.66682e-35 -6.26892e-34 -7.17989e-34 -0.0294505 -0.00852026 -0.0085132 -1.30783e-33 0.121601 0.142741 0.129502 
5.96773e-34 0.724222 0.365849 0.55146 0.196718 0.393231 4.09365e-34 -0.04301 -0.0214044 -0.0326151 -0.00682874 -0.0163625 0.0877322 0.0945531 0.0872892 
-3.5557e-34 0.75 0.586415 0.673362 0.325154 0.4375 8.88387e-34 -4.28716e-37 -0.000231187 -0.000153737 -4.98889e-05 -1.38173e-37 0.36248 0.362431 0.33164 
1.84393e-34 1.83601e-34 0.20207 0.107541 0.107541 7.34452e-35 2.01931e-34 2.30816e-34 8.22761e-08 7.87305e-08 -2.1663e-07 4.32744e-34 0.041194 0.0470864 0.0441178 
3.34151e-34 1.81999e-34 0.202109 0.107562 0.107562 7.33758e-35 1.44207e-34 1.73063e-34 -1.01233e-06 -3.54921e-07 -4.959e-07 3.1727e-34 0.0294184 0.0353049 0.0334587 
1.80655e-34 1.80454e-34 0.197199 0.104715 0.104769 7.9632e-35 3.17523e-34 3.46344e-34 7.19565e-05 2.46277e-05 1.88443e-05 6.63811e-34 0.0647701 0.0706459 0.0677027 
1.7787e-34 1.75929e-34 0.194307 0.102499 0.103071 7.72331e-35 4.29876e-34 4.54964e-34 0.000746484 0.00025087 0.000219233 8.84426e-34 0.0876406 0.0927362 0.0901951 
1.65109e-34 1.61699e-34 0.185732 0.0954834 0.0960642 6.52042e-35 5.04604e-34 5.06957e-34 0.000711583 0.000242902 0.000377219 1.01193e-33 0.102836 0.10338 0.10345 
1.86732e-34 1.89927e-34 0.204359 0.108882 0.109488 7.78845e-35 -4.75238e-34 -4.41877e-34 0.000795813 0.000233169 0.000261675 -9.17549e-34 0.0963101 0.0895398 0.0929634 
1.83181e-34 1.84041e-34 0.198092 0.105238 0.105296 7.9713e-35 -3.50848e-34 -3.21555e-34 7.72031e-05 1.97697e-05 2.54069e-05 -6.72461e-34 0.071055 0.0651197 0.0680932 
1.83128e-34 1.8146e-34 0.197688 0.105026 0.105026 7.98613e-35 -2.3397e-34 -2.04758e-34 -3.3476e-07 -3.43553e-07 -8.18411e-08 -4.3873e-34 0.0473789 0.0414634 0.0444223 
0.52564 0.611468 0.312751 0.480216 0.415289 0.579532 -0.0795209 -0.130082 -0.0295584 -0.0735475 -0.0515637 -0.105183 0.0971072 0.103869 0.0993439 
0.504255 0.477469 0.500382 0.500458 0.505387 0.493039 -0.051135 -0.0218441 -0.0230323 -0.0241203 -0.0356828 -0.0349863 0.123827 0.12439 0.115444 
0.501729 0.500382 0.477469 0.500458 0.495865 0.501585 -0.0101665 -0.0230323 -0.0218441 -0.0241203 -0.0156826 -0.0160506 0.114656 0.115444 0.12439 
0.47657 0.611468 0.610443 0.635099 0.582153 0.54114 -0.0762345 -0.130082 -0.201487 -0.17152 -0.137622 -0.102322 0.106257 0.103869 0.115951 
0.437321 0.0388122 0.18043 0.106394 0.292975 0.190702 -0.195475 0.00157003 -0.138273 -0.0711049 -0.164969 -0.0943188 -0.00256145 -0.000133092 0.0171928 
0.499977 0.477885 0.488242 0.483469 0.497043 0.494454 -7.60237e-07 -7.86415e-07 -1.3724e-06 -1.02094e-06 -1.05171e-06 -7.8227e-07 0.00844883 0.00994243 0.0142712 
-4.37677e-34 7.27759e-34 0.43762 0.234483 0.23441 6.19444e-34 -8.59677e-34 -1.50205e-33 -0.000105648 -6.50768e-05 -3.25052e-05 -3.22114e-33 0.361052 0.315362 0.338206 
0.999109 0.83621 0.706962 0.776151 0.936622 0.963627 -0.0192856 -0.00810727 -0.0100966 -0.00961376 -0.0184387 -0.014417 0.144798 0.169963 0.130658 
0.365996 0.199884 0.234385 0.218173 0.307823 0.291479 -0.0120708 -0.00388992 -0.000730592 -0.00217141 -0.00462969 -0.00820136 0.130194 0.134037 0.124563 
0.47657 0.312751 0.611468 0.480216 0.54114 0.410181 -0.0762345 -0.0295584 -0.130082 -0.0735475 -0.102322 -0.0538057 0.106257 0.0993439 0.103869 
0.404396 0.488242 0.477885 0.483469 0.447583 0.456402 -6.65869e-07 -1.3724e-06 -7.86415e-07 -1.02094e-06 -7.5396e-07 -1.00237e-06 0.0109423 0.0142712 0.00994243 
1.6214e-34 3.16422e-34 0.180674 0.1052 0.0933095 5.44371e-35 -7.41008e-34 -7.14004e-34 -0.0195621 -0.00464033 -0.00594058 -1.42816e-33 0.147619 0.141652 0.144758 
7.27759e-34 0.749968 0.43762 0.609344 0.234483 0.437572 -1.50205e-33 -0.000552999 -0.000105648 -0.000247165 -6.50768e-05 -0.000166069 0.315362 0.31901 0.338206 
1.85811e-34 0.199841 0.152599 0.176643 0.0797283 0.106442 -4.10554e-34 0.000290136 0.000301175 0.000297555 8.72874e-05 9.84392e-05 0.0831693 0.080295 0.0863576 
0.75 0.937266 0.586415 0.800369 0.673362 0.859252 -4.28716e-37 -0.00073027 -0.000231187 -0.000487537 -0.000153737 -0.000401663 0.362431 0.321783 0.33164 
0.31043 0.152599 0.199841 0.176643 0.258173 0.237509 0.00113534 0.000301175 0.000290136 0.000297555 0.000630253 0.00069372 0.0864408 0.0863576 0.080295 
1.83105e-34 0.198463 0.149427 0.174403 0.0780098 0.105473 -2.92347e-34 1.37897e-05 2.06014e-05 1.73701e-05 5.35938e-06 4.52466e-06 0.0592018 0.0564434 0.0621627 
0.0647008 0.18043 0.0388122 0.106394 0.050438 0.106844 -0.103333 -0.138273 0.00157003 -0.0711049 -0.0539627 -0.117349 0.0532972 0.0171928 -0.000133092 
7.27759e-34 7.413e-34 0.624783 0.350209 0.349748 4.3072e-34 -1.50205e-33 -1.28251e-33 -0.000743259 -0.000282156 -0.000187629 -2.78378e-33 0.315362 0.269174 0.283978 
0.307561 0.149427 0.198463 0.174403 0.256048 0.234381 8.53445e-05 2.06014e-05 1.37897e-05 1.73701e-05 3.92609e-05 5.03617e-05 0.0623124 0.0621627 0.0564434 
1.87966e-34 3.34151e-34 0.192695 0.102183 0.102182 8.58129e-35 1.15358e-34 1.44207e-34 -5.99452e-07 -4.23035e-07 -1.52243e-07 2.59566e-34 0.0235331 0.0294184 0.0249341 
7.75642e-34 9.5744e-34 0.645964 0.36602 0.364117 4.17768e-34 -1.05936e-33 -8.30433e-34 -0.00267851 -0.00135295 -0.000701407 -1.88411e-33 0.2222 0.173185 0.204306 
0.28131 0.413857 0.321503 0.372636 0.304246 0.354217 -0.0205064 -0.0338086 -0.0499133 -0.043361 -0.0333189 -0.0287711 0.139948 0.134693 0.143308 
0.47657 0.610443 0.530868 0.574805 0.514514 0.582153 -0.0762345 -0.201487 -0.103544 -0.149691 -0.0943218 -0.137622 0.106257 0.115951 0.114112 
0.52564 0.312751 0.241969 0.282378 0.394096 0.415289 -0.0795209 -0.0295584 -0.0166729 -0.0235577 -0.0429281 -0.0515637 0.0971072 0.0993439 0.092246 
1.82263e-34 0.146074 0.197707 0.172403 0.105039 0.076194 2.88633e-34 1.8545e-05 1.23613e-05 1.61634e-05 4.14548e-06 4.86868e-06 0.0588795 0.0618231 0.0556959 
1.79659e-34 0.197707 0.146128 0.172429 0.0762148 0.105048 2.59716e-34 1.23613e-05 2.0621e-06 5.7717e-06 8.58755e-07 2.66417e-06 0.0529815 0.0556959 0.050033 
1.80778e-34 0.144683 0.196791 0.171263 0.104338 0.0754587 4.02963e-34 0.000272436 0.000272062 0.000285903 8.6573e-05 7.36237e-05 0.0821766 0.0849027 0.0790821 
1.78861e-34 0.196791 0.145737 0.17181 0.0759442 0.104539 3.74892e-34 0.000272062 8.47823e-05 0.000149994 3.01368e-05 7.18703e-05 0.0764608 0.0790821 0.0735503 
1.70617e-34 0.137224 0.190291 0.164098 0.0992702 0.0708341 4.93936e-34 0.000806338 0.00138652 0.0011418 0.000430053 0.000246136 0.100642 0.101777 0.0988023 
1.71668e-34 0.190291 0.141873 0.166629 0.0732678 0.100309 4.76807e-34 0.00138652 0.000624554 0.000902022 0.00020569 0.00042183 0.0971616 0.0988023 0.0949528 
0.306328 0.146128 0.197707 0.172429 0.255029 0.232219 9.19904e-06 2.0621e-06 1.23613e-05 5.7717e-06 1.22582e-05 5.45682e-06 0.0498006 0.050033 0.0556959 
0.30562 0.145737 0.196791 0.17181 0.254203 0.231614 0.000331743 8.47823e-05 0.000272062 0.000149994 0.000331252 0.000202329 0.0733381 0.0735503 0.0790821 
0.330367 0.197707 0.146074 0.172403 0.246594 0.268807 8.09201e-05 1.23613e-05 1.8545e-05 1.61634e-05 4.89537e-05 3.75334e-05 0.0609931 0.0556959 0.0618231 
0.300739 0.141873 0.190291 0.166629 0.248357 0.226824 0.00232589 0.000624554 0.00138652 0.000902022 0.00196559 0.00144579 0.0949515 0.0949528 0.0988023 
0.328518 0.196791 0.144683 0.171263 0.244778 0.267434 0.00113326 0.000272062 0.000272436 0.000285903 0.000698117 0.000629158 0.0842018 0.0790821 0.0849027 
0.320724 0.190291 0.137224 0.164098 0.236078 0.259554 0.00279083 0.00138652 0.000806338 0.0011418 0.00189409 0.00229667 0.102126 0.0988023 0.101777 
9.5744e-34 0.83621 0.645964 0.749667 0.36602 0.509024 -8.30433e-34 -0.00810727 -0.00267851 -0.00455154 -0.00135295 -0.00267823 0.173185 0.169963 0.204306 
0.523256 0.491093 0.610443 0.560089 0.583795 0.505404 -0.250508 -0.206969 -0.201487 -0.213775 -0.230511 -0.230822 0.114722 0.12731 0.115951 
0.331084 0.198463 0.14713 0.173296 0.247483 0.269545 1.45528e-05 1.37897e-05 1.94799e-06 6.07485e-06 7.12986e-06 1.68347e-05 0.0510655 0.0564434 0.050384 
1.8392e-34 0.14713 0.198463 0.173296 0.105463 0.0767607 -2.63166e-34 1.94799e-06 1.37897e-05 6.07485e-06 2.94528e-06 9.08245e-07 0.0532917 0.050384 0.0564434 
0.317363 0.164449 0.213035 0.189496 0.268431 0.247174 0.00151417 0.000512805 0.00127307 0.000949599 0.00170533 0.00108677 0.114697 0.116868 0.107873 
1.16907e-34 0.1696 2.77774e-34 0.0891762 1.13776e-34 0.0891762 -6.51218e-41 -7.91272e-08 -2.92618e-35 -4.65427e-08 -2.92617e-35 -2.0818e-08 1.46611e-08 0.00381617 0.00592547 
2.63688e-34 0.241969 0.312751 0.282378 0.16237 0.112764 4.38065e-34 -0.0166729 -0.0295584 -0.0235577 -0.00757288 -0.00411803 0.0912396 0.092246 0.0993439 
0.437321 0.544825 0.139232 0.30656 0.287874 0.478233 -0.195475 -0.174775 -0.0233861 -0.104506 -0.115282 -0.179771 -0.00256145 -0.0397778 -0.0428853 
2.03293e-34 0.213035 0.164449 0.189496 0.0870066 0.115408 -5.53431e-34 0.00127307 0.000512805 0.000949599 0.000189906 0.000414632 0.112183 0.107873 0.116868 
1.18661e-34 2.76932e-34 0.180919 0.0955177 0.0955177 1.00226e-34 -4.10222e-41 2.88375e-35 -6.10356e-08 -3.86726e-08 -1.90719e-08 2.88376e-35 -7.12975e-09 0.00588289 0.00366024 
0.33206 0.199841 0.146696 0.173746 0.247909 0.270747 0.000449676 0.000290136 9.18597e-05 0.00016314 0.000255119 0.000401964 0.0747186 0.080295 0.0741037 
0.421212 0.321503 0.413857 0.372636 0.418959 0.374373 -0.0749273 -0.0499133 -0.0338086 -0.043361 -0.0517892 -0.0640721 0.139098 0.143308 0.134693 
1.84393e-34 0.20207 0.152939 0.177973 0.0799518 0.107541 2.01931e-34 8.22761e-08 -5.64418e-07 -2.29233e-07 -1.35285e-07 -2.1663e-07 0.041194 0.0441178 0.0384998 
1.84507e-34 0.146696 0.199841 0.173746 0.10622 0.0765824 -3.80427e-34 9.18597e-05 0.000290136 0.00016314 7.98163e-05 3.11861e-05 0.0770558 0.0741037 0.080295 
1.89927e-34 0.152599 0.204359 0.178862 0.108882 0.0800003 -4.41877e-34 0.000301175 0.000795813 0.000484045 0.000233169 0.000103756 0.0895398 0.0863576 0.0929634 
1.83601e-34 0.146128 0.20207 0.174701 0.107541 0.0762169 2.30816e-34 2.0621e-06 8.22761e-08 1.27799e-06 7.87305e-08 4.29657e-07 0.0470864 0.050033 0.0441178 
1.86732e-34 0.204359 0.145131 0.175493 0.0757104 0.109488 -4.75238e-34 0.000795813 0.000592862 0.000691305 0.000171921 0.000261675 0.0963101 0.0929634 0.100042 
1.84041e-34 0.149427 0.198092 0.174195 0.105238 0.0780296 -3.21555e-34 2.06014e-05 7.72031e-05 4.08452e-05 1.97697e-05 7.6544e-06 0.0651197 0.0621627 0.0680932 
1.80655e-34 0.197199 0.146074 0.172152 0.0761761 0.104769 3.17523e-34 7.19565e-05 1.8545e-05 3.69359e-05 7.12135e-06 1.88443e-05 0.0647701 0.0677027 0.0618231 
1.80454e-34 0.145737 0.197199 0.17198 0.104715 0.0760243 3.46344e-34 8.47823e-05 7.19565e-05 8.03474e-05 2.46277e-05 2.36016e-05 0.0706459 0.0735503 0.0677027 
1.7787e-34 0.194307 0.144683 0.170084 0.0752056 0.103071 4.29876e-34 0.000746484 0.000272436 0.000435319 9.30767e-05 0.000219233 0.0876406 0.0901951 0.0849027 
1.75929e-34 0.141873 0.194307 0.16857 0.102499 0.0738492 4.54964e-34 0.000624554 0.000746484 0.000691292 0.00025087 0.000187045 0.0927362 0.0949528 0.0901951 
1.65109e-34 0.185732 0.137224 0.161468 0.070092 0.0960642 5.04604e-34 0.000711583 0.000806338 0.000753728 0.000223329 0.000377219 0.102836 0.10345 0.101777 
1.83181e-34 0.198092 0.146696 0.172889 0.0764981 0.105296 -3.50848e-34 7.72031e-05 9.18597e-05 8.56197e-05 2.42877e-05 2.54069e-05 0.071055 0.0680932 0.0741037 
1.61699e-34 0.133634 0.185732 0.15967 0.0954834 0.0672911 5.06957e-34 -0.000797892 0.000711583 -0.000142365 0.000242902 -9.89216e-05 0.10338 0.103423 0.10345 
1.8146e-34 0.144298 0.197688 0.171535 0.105026 0.0752115 -2.04758e-34 -7.5648e-07 -3.3476e-07 -4.94381e-07 -3.43553e-07 -2.01716e-07 0.0414634 0.0385043 0.0444223 
1.83128e-34 0.197688 0.14713 0.172897 0.0767583 0.105026 -2.3397e-34 -3.3476e-07 1.94799e-06 9.33168e-07 4.02214e-07 -8.18411e-08 0.0473789 0.0444223 0.050384 
0.365996 0.477469 0.413857 0.451116 0.39264 0.433105 -0.0120708 -0.0218441 -0.0338086 -0.0280545 -0.0214036 -0.0174585 0.130194 0.12439 0.134693 
0.498826 0.497457 0.466257 0.486308 0.494375 0.499911 -3.78205e-06 -3.19918e-06 -3.31767e-06 -3.42538e-06 -3.73589e-06 -3.51587e-06 0.0274874 0.023996 0.0267657 
1.18661e-34 0.180919 0.24489 0.213798 0.132649 0.0955177 -4.10222e-41 -6.10356e-08 -5.21742e-08 -5.49548e-08 -1.31072e-08 -1.90719e-08 -7.12975e-09 0.00366024 5.77914e-09 
0.190421 0.347426 0.171177 0.261432 0.180345 0.261951 -0.106308 -0.206741 -0.167006 -0.194657 -0.140985 -0.160341 0.13407 0.128467 0.102588 
1.16907e-34 0.244888 0.1696 0.208459 0.0891762 0.132648 -6.51218e-41 -7.68339e-08 -7.91272e-08 -7.73656e-08 -2.0818e-08 -2.07539e-08 1.46611e-08 3.72583e-09 0.00381617 
0.355529 0.477846 0.43415 0.458903 0.398652 0.430062 -1.9165e-06 -2.96263e-06 -3.46971e-06 -3.26339e-06 -2.64869e-06 -2.50568e-06 0.0231931 0.0237166 0.0284174 
2.5281e-34 0.312751 0.235476 0.270844 0.120207 0.146184 4.66327e-34 -0.0295584 -0.0151851 -0.0217958 -0.0039505 -0.00585639 0.0969912 0.0993439 0.10049 
0.365996 0.234385 0.400152 0.3276 0.384515 0.307823 -0.0120708 -0.000730592 -0.00268521 -0.001934 -0.00669925 -0.00462969 0.130194 0.124563 0.120884 
0.317363 0.400152 0.234385 0.3276 0.278238 0.362638 0.00151417 -0.00268521 -0.000730592 -0.001934 0.000352043 0.000105187 0.114697 0.120884 0.124563 
0.504255 0.518679 0.489366 0.511789 0.500183 0.510929 -0.051135 -0.0828384 -0.10207 -0.0945342 -0.0738545 -0.0663999 0.123827 0.121689 0.132397 
3.01744e-34 1.88447e-34 0.18709 0.0990002 0.0989999 9.34982e-35 -1.46288e-34 -1.17038e-34 -7.76627e-07 -2.48953e-07 -4.83608e-07 -2.63324e-34 0.0296229 0.0237 0.0254463 
0.499632 0.497457 0.477846 0.497549 0.492977 0.499727 -2.278e-06 -3.19918e-06 -2.96263e-06 -3.17118e-06 -2.67237e-06 -2.76782e-06 0.0192416 0.023996 0.0237166 
0.498826 0.477846 0.497457 0.497549 0.499911 0.491633 -3.78205e-06 -2.96263e-06 -3.19918e-06 -3.17118e-06 -3.51587e-06 -3.49087e-06 0.0274874 0.0237166 0.023996 
0.489773 0.489773 0.499976 0.497464 0.497388 0.499977 -1.98844e-07 -1.69782e-07 -3.49521e-07 -2.24236e-07 -2.44336e-07 -1.55569e-07 1.25505e-08 -7.36342e-09 0.00381183 
0.317363 0.234385 0.164449 0.201168 0.247174 0.278238 0.00151417 -0.000730592 0.000512805 0.000119897 0.00108677 0.000352043 0.114697 0.124563 0.116868 
2.10067e-34 0.164449 0.234385 0.201168 0.129083 0.0874291 -6.00688e-34 0.000512805 -0.000730592 0.000119897 -6.99166e-05 0.000110688 0.121636 0.116868 0.124563 
0.356804 0.472702 0.427546 0.452827 0.395159 0.42612 -1.57686e-06 -2.30591e-06 -1.36103e-06 -1.80726e-06 -1.5132e-06 -1.97901e-06 0.0221151 0.0211431 0.017029 
7.413e-34 0.774945 0.624783 0.704541 0.350209 0.456532 -1.28251e-33 -0.00194714 -0.000743259 -0.00114829 -0.000282156 -0.000565877 0.269174 0.247295 0.283978 
0.998667 0.774945 0.997047 0.930077 0.997866 0.934891 -0.00166774 -0.00194714 -0.00321016 -0.00285051 -0.00247841 -0.00212871 0.283633 0.247295 0.247107 
0.989808 0.997047 0.774945 0.930077 0.916946 0.993982 -0.00565404 -0.00321016 -0.00194714 -0.00285051 -0.00376712 -0.00411242 0.212163 0.247107 0.247295 
0.483638 0.400152 0.444227 0.424244 0.466975 0.450301 -0.00274477 -0.00268521 0.00266959 0.000454639 0.000785272 -0.0030863 0.114967 0.120884 0.110803 
0.317363 0.444227 0.400152 0.424244 0.362638 0.390142 0.00151417 0.00266959 -0.00268521 0.000454639 0.000105187 0.0020183 0.114697 0.110803 0.120884 
1.23807e-33 9.5358e-35 0.139232 0.0191271 0.107897 4.53887e-34 -5.61506e-36 1.07222e-34 -0.0233861 0.0498929 -0.0138824 1.37418e-34 -0.0902179 -0.0193002 -0.0428853 
0.331084 0.361374 0.198463 0.287733 0.269545 0.346597 1.45528e-05 5.63206e-05 1.37897e-05 3.38732e-05 1.68347e-05 3.01619e-05 0.0510655 0.0573456 0.0564434 
0.33206 0.363115 0.199841 0.289402 0.270747 0.347926 0.000449676 0.000993248 0.000290136 0.000615006 0.000401964 0.000682767 0.0747186 0.0811415 0.080295 
0.437321 0.717759 0.791284 0.754462 0.637389 0.61661 -0.195475 -0.255881 -0.222654 -0.24437 -0.227969 -0.250992 -0.00256145 0.0577627 0.0220234 
2.10067e-34 2.03293e-34 0.164449 0.0870066 0.0874291 1.40758e-34 -6.00688e-34 -5.53431e-34 0.000512805 0.000189906 0.000110688 -1.15431e-33 0.121636 0.112183 0.116868 
0.989808 0.645964 0.83621 0.749667 0.936328 0.879479 -0.00565404 -0.00267851 -0.00810727 -0.00455154 -0.00737931 -0.00488026 0.212163 0.204306 0.169963 
0.320724 0.352586 0.190291 0.27857 0.259554 0.336876 0.00279083 0.00341878 0.00138652 0.00247477 0.00229667 0.00321833 0.102126 0.0987406 0.0988023 
0.328518 0.35864 0.196791 0.285315 0.267434 0.343995 0.00113326 0.00074133 0.000272062 0.000517041 0.000629158 0.000922786 0.0842018 0.07813 0.0790821 
0.330367 0.35961 0.197707 0.286326 0.268807 0.345341 8.09201e-05 3.59152e-05 1.23613e-05 2.47905e-05 3.75334e-05 5.53097e-05 0.0609931 0.054674 0.0556959 
1.81999e-34 0.152939 0.202109 0.177994 0.107562 0.0799513 1.73063e-34 -5.64418e-07 -1.01233e-06 -7.69864e-07 -3.54921e-07 -2.22575e-07 0.0353049 0.0384998 0.0334587 
1.81999e-34 1.84393e-34 0.152939 0.0799518 0.0799513 1.2975e-34 1.73063e-34 2.01931e-34 -5.64418e-07 -1.35285e-07 -2.22575e-07 3.74993e-34 0.0353049 0.041194 0.0384998 
0.306602 0.202109 0.152939 0.177994 0.235347 0.257166 -1.65426e-06 -1.01233e-06 -5.64418e-07 -7.69864e-07 -1.13181e-06 -1.43396e-06 0.0384246 0.0334587 0.0384998 
1.89927e-34 1.85811e-34 0.152599 0.0797283 0.0800003 1.34498e-34 -4.41877e-34 -4.10554e-34 0.000301175 8.72874e-05 0.000103756 -8.52725e-34 0.0895398 0.0831693 0.0863576 
4.85423e-34 5.96773e-34 0.365849 0.196718 0.179513 3.61274e-34 3.72218e-34 4.09365e-34 -0.0214044 -0.00682874 -0.00525079 8.18261e-34 0.0800351 0.0877322 0.0872892 
2.63688e-34 4.01132e-34 0.241969 0.128564 0.112764 2.03353e-34 4.38065e-34 4.0349e-34 -0.0166729 -0.00528214 -0.00411803 8.703e-34 0.0912396 0.0864575 0.092246 
1.84041e-34 1.83105e-34 0.149427 0.0780098 0.0780296 1.34063e-34 -3.21555e-34 -2.92347e-34 2.06014e-05 5.35938e-06 7.6544e-06 -6.13927e-34 0.0651197 0.0592018 0.0621627 
1.82263e-34 1.80655e-34 0.146074 0.0761761 0.076194 1.35921e-34 2.88633e-34 3.17523e-34 1.8545e-05 7.12135e-06 4.86868e-06 6.06132e-34 0.0588795 0.0647701 0.0618231 
1.83601e-34 1.79659e-34 0.146128 0.0762148 0.0762169 1.35983e-34 2.30816e-34 2.59716e-34 2.0621e-06 8.58755e-07 4.29657e-07 4.90528e-34 0.0470864 0.0529815 0.050033 
1.80778e-34 1.7787e-34 0.144683 0.0752056 0.0754587 1.34021e-34 4.02963e-34 4.29876e-34 0.000272436 9.30767e-05 7.36237e-05 8.32578e-34 0.0821766 0.0876406 0.0849027 
1.80454e-34 1.78861e-34 0.145737 0.0759442 0.0760243 1.35561e-34 3.46344e-34 3.74892e-34 8.47823e-05 3.01368e-05 2.36016e-05 7.21153e-34 0.0706459 0.0764608 0.0735503 
1.70617e-34 1.65109e-34 0.137224 0.070092 0.0708341 1.21806e-34 4.93936e-34 5.04604e-34 0.000806338 0.000223329 0.000246136 9.97977e-34 0.100642 0.102836 0.101777 
1.75929e-34 1.71668e-34 0.141873 0.0732678 0.0738492 1.29804e-34 4.54964e-34 4.76807e-34 0.000624554 0.00020569 0.000187045 9.31244e-34 0.0927362 0.0971616 0.0949528 
0.833185 0.791284 0.717759 0.754462 0.796444 0.836408 -0.193792 -0.222654 -0.255881 -0.24437 -0.231839 -0.21884 0.0690892 0.0220234 0.0577627 
1.8146e-34 1.73301e-34 0.144298 0.0752119 0.0752115 1.38563e-34 -2.04758e-34 -1.75529e-34 -7.5648e-07 -3.44352e-07 -2.01716e-07 -3.80287e-34 0.0414634 0.0355445 0.0385043 
1.8392e-34 1.83128e-34 0.14713 0.0767583 0.0767607 1.36035e-34 -2.63166e-34 -2.3397e-34 1.94799e-06 4.02214e-07 9.08245e-07 -4.9714e-34 0.0532917 0.0473789 0.050384 
1.61699e-34 1.5769e-34 0.133634 0.0678941 0.0672911 1.1866e-34 5.06957e-34 5.03388e-34 -0.000797892 -0.000374201 -9.89216e-05 1.01144e-33 0.10338 0.102907 0.103423 
1.84507e-34 1.83181e-34 0.146696 0.0764981 0.0765824 1.3726e-34 -3.80427e-34 -3.50848e-34 9.18597e-05 2.42877e-05 3.11861e-05 -7.31371e-34 0.0770558 0.071055 0.0741037 
1.92663e-34 1.86732e-34 0.145131 0.0757104 0.076244 1.4816e-34 -5.11896e-34 -4.75238e-34 0.000592862 0.000171921 0.000182216 -9.87677e-34 0.103764 0.0963101 0.100042 
0.457604 0.474759 0.496377 0.487752 0.481756 0.466054 0.00205588 -0.00726016 -0.00149655 -0.00422273 0.000482464 -0.00123391 0.105167 0.109722 0.109492 
0.890462 0.791284 0.888111 0.876846 0.913039 0.84064 -0.169615 -0.222654 -0.155648 -0.197571 -0.173531 -0.199705 0.0132549 0.0220234 0.0621972 
-1.65176e-34 -2.43405e-34 -0.0146914 -0.00403036 -0.0039077 -3.93109e-34 9.26498e-35 3.69534e-35 0.0441816 0.0261155 0.0370124 7.09165e-35 0.0372276 0.0568053 0.044793 
0.999109 0.999501 0.83621 0.954374 0.963627 0.999706 -0.0192856 -0.010531 -0.00810727 -0.010295 -0.014417 -0.0138152 0.144798 0.179464 0.169963 
0.989808 0.83621 0.999501 0.954374 0.996403 0.936328 -0.00565404 -0.00810727 -0.010531 -0.010295 -0.00818675 -0.00737931 0.212163 0.169963 0.179464 
-4.37677e-34 0.43762 0.75 0.60945 0.4375 0.23441 -8.59677e-34 -0.000105648 -4.96358e-37 -9.7203e-05 -2.09862e-37 -3.25052e-05 0.361052 0.338206 0.361136 
0.309066 0.35918 0.213035 0.292791 0.263702 0.335137 0.00227633 0.00308386 0.00127307 0.00216528 0.00186655 0.00273717 0.100268 0.105781 0.107873 
1.5769e-34 0.197047 0.133634 0.164367 0.0678941 0.099005 5.03388e-34 -0.00437278 -0.000797892 -0.00224798 -0.000374201 -0.00102871 0.102907 0.103181 0.103423 
0.299835 0.133634 0.197047 0.164367 0.251341 0.221159 -0.00527319 -0.000797892 -0.00437278 -0.00224798 -0.00552408 -0.00249929 0.104558 0.103423 0.103181 
0.833185 0.888111 0.791284 0.876846 0.836408 0.864232 -0.193792 -0.155648 -0.222654 -0.197571 -0.21884 -0.175529 0.0690892 0.0621972 0.0220234 
0.501729 0.496377 0.474759 0.487752 0.495262 0.500095 -0.0101665 -0.00149655 -0.00726016 -0.00422273 -0.00919122 -0.00525369 0.114656 0.109492 0.109722 
0.305088 0.144298 0.19628 0.170802 0.253688 0.230694 -1.93098e-06 -7.5648e-07 -1.16972e-06 -9.41881e-07 -1.60855e-06 -1.39175e-06 0.0388532 0.0385043 0.0339057 
1.73301e-34 0.19628 0.144298 0.170802 0.0752119 0.104223 -1.75529e-34 -1.16972e-06 -7.5648e-07 -9.41881e-07 -3.44352e-07 -4.88492e-07 0.0355445 0.0339057 0.0385043 
0.024769 -0.0194953 -0.0412084 -0.0343476 -0.02404 -0.00223985 -0.0493372 -0.0191885 -0.000430379 -0.00559611 -0.0221903 -0.0399221 0.100884 0.0616689 0.0702069 
0.890462 0.544825 0.791284 0.698581 0.84064 0.764886 -0.169615 -0.174775 -0.222654 -0.211006 -0.199705 -0.183571 0.0132549 -0.0397778 0.0220234 
7.79047e-35 0.115177 0.0604569 0.0887658 0.0326544 0.0510312 -7.17989e-34 -0.0254119 -0.0294505 -0.0284301 -0.00852026 -0.00762575 0.142741 0.141807 0.129502 
1.23807e-33 0.139232 0.544825 0.30656 0.332897 0.107897 -5.61506e-36 -0.0233861 -0.174775 -0.104506 -0.113374 -0.0138824 -0.0902179 -0.0428853 -0.0397778 
0.246215 0.180674 0.321503 0.255339 0.286937 0.218508 -0.0648411 -0.0195621 -0.0499133 -0.0352467 -0.0582857 -0.0397959 0.144779 0.144758 0.143308 
0.306328 0.197707 0.35961 0.286326 0.334041 0.255029 9.19904e-06 1.23613e-05 3.59152e-05 2.47905e-05 1.93434e-05 1.22582e-05 0.0498006 0.0556959 0.054674 
0.28131 0.321503 0.180674 0.255339 0.233003 0.304246 -0.0205064 -0.0499133 -0.0195621 -0.0352467 -0.0213801 -0.0333189 0.139948 0.143308 0.144758 
0.30562 0.196791 0.35864 0.285315 0.333221 0.254203 0.000331743 0.000272062 0.00074133 0.000517041 0.000508016 0.000331252 0.0733381 0.0790821 0.07813 
0.300739 0.190291 0.352586 0.27857 0.327642 0.248357 0.00232589 0.00138652 0.00341878 0.00247477 0.00293184 0.00196559 0.0949515 0.0988023 0.0987406 
0.31043 0.199841 0.363115 0.289402 0.337825 0.258173 0.00113534 0.000290136 0.000993248 0.000615006 0.00108617 0.000630253 0.0864408 0.080295 0.0811415 
0.307561 0.198463 0.361374 0.287733 0.335566 0.256048 8.53445e-05 1.37897e-05 5.63206e-05 3.38732e-05 7.03955e-05 3.92609e-05 0.0623124 0.0564434 0.0573456 
0.461158 0.466905 0.4952 0.484232 0.482269 0.464098 0.000182892 0.000380957 0.000270931 0.000325485 0.000225128 0.000266067 0.0619006 0.0675132 0.0637543 
0.448827 0.444227 0.35918 0.40676 0.409515 0.446668 0.00404395 0.00266959 0.00308386 0.00331711 0.00362623 0.00346663 0.10543 0.110803 0.105781 
0.499977 0.4952 0.466905 0.484232 0.491563 0.49873 0.000449448 0.000270931 0.000380957 0.000325485 0.000427014 0.000353039 0.0676475 0.0637543 0.0675132 
0.462692 0.500382 0.474759 0.489649 0.467869 0.487152 -0.0242103 -0.0230323 -0.00726016 -0.0138463 -0.0147538 -0.024172 0.110273 0.115444 0.109722 
1.87966e-34 0.192695 0.198949 0.19583 0.10575 0.102182 1.15358e-34 -5.99452e-07 -4.51778e-07 -4.95367e-07 -8.76605e-08 -1.52243e-07 0.0235331 0.0249341 0.021022 
0.459814 0.465003 0.49461 0.483027 0.48122 0.462505 0.00224025 0.00334548 0.00292043 0.00320007 0.00258421 0.00279354 0.0852376 0.0905864 0.0871685 
0.501729 0.474759 0.500382 0.489649 0.501585 0.495262 -0.0101665 -0.00726016 -0.0230323 -0.0138463 -0.0160506 -0.00919122 0.114656 0.109722 0.115444 
0.499955 0.49461 0.465003 0.483027 0.490509 0.498414 0.00382409 0.00292043 0.00334548 0.00320007 0.00371234 0.00337528 0.0912213 0.0871685 0.0905864 
1.88447e-34 0.204643 0.18709 0.19593 0.0990002 0.109016 -1.17038e-34 -6.81979e-07 -7.76627e-07 -7.2106e-07 -2.48953e-07 -2.19588e-07 0.0237 0.0216357 0.0254463 
0.499978 0.491732 0.495745 0.499812 0.498937 0.497892 -3.65129e-06 -4.46488e-06 -4.28359e-06 -4.21254e-06 -4.25073e-06 -4.51739e-06 0.0363053 0.0317648 0.0320222 
0.453614 0.468681 0.49507 0.48473 0.479618 0.461517 -2.52573e-06 4.14677e-06 -7.76523e-07 1.03357e-06 -1.86567e-06 -7.78434e-07 0.0378351 0.0436807 0.0402053 
0.499978 0.49507 0.468681 0.48473 0.492089 0.498725 5.77198e-06 -7.76523e-07 4.14677e-06 1.03357e-06 4.68493e-06 1.9683e-06 0.0441169 0.0402053 0.0436807 
0.890462 0.888111 0.946969 0.919925 0.944507 0.913039 -0.169615 -0.155648 -0.117221 -0.139965 -0.148165 -0.173531 0.0132549 0.0621972 0.0602308 
0.499978 0.495352 0.467628 0.484617 0.491957 0.498847 5.77198e-06 1.89174e-05 5.34677e-06 1.10721e-05 6.19511e-06 1.10877e-05 0.0441169 0.0480214 0.0444317 
0.461656 0.467628 0.495352 0.484617 0.482584 0.464704 2.51824e-05 5.34677e-06 1.89174e-05 1.10721e-05 2.18042e-05 1.33885e-05 0.0500072 0.0444317 0.0480214 
0.314703 0.202109 0.357877 0.287118 0.337005 0.261732 -1.80397e-06 -1.01233e-06 -2.68253e-06 -1.68089e-06 -2.38546e-06 -1.32784e-06 0.0285821 0.0334587 0.0336289 
0.306602 0.357877 0.202109 0.287118 0.257166 0.333225 -1.65426e-06 -2.68253e-06 -1.01233e-06 -1.68089e-06 -1.43396e-06 -2.37897e-06 0.0384246 0.0336289 0.0334587 
0.52564 0.730978 0.611468 0.67162 0.579532 0.644193 -0.0795209 -0.163752 -0.130082 -0.148487 -0.105183 -0.12094 0.0971072 0.0928138 0.103869 
0.399678 0.61041 0.717759 0.661338 0.564109 0.519035 -0.256818 -0.268487 -0.255881 -0.263757 -0.26958 -0.274999 0.065579 0.0871705 0.0577627 
0.499977 0.495506 0.469886 0.485534 0.492596 0.498914 0.000449448 0.000686389 0.000420559 0.000546076 0.000445265 0.000559192 0.0676475 0.0715434 0.0681512 
0.462292 0.469886 0.495506 0.485534 0.482946 0.466184 0.000754314 0.000420559 0.000686389 0.000546076 0.000731376 0.000567966 0.0735783 0.0681512 0.0715434 
0.709428 0.611468 0.730978 0.67162 0.731173 0.678709 -0.219353 -0.130082 -0.163752 -0.148487 -0.194886 -0.175613 0.0967644 0.103869 0.0928138 
0.437321 0.791284 0.544825 0.698581 0.478233 0.637389 -0.195475 -0.222654 -0.174775 -0.211006 -0.179771 -0.227969 -0.00256145 0.0220234 -0.0397778 
0.499955 0.499166 0.472971 0.490614 0.493863 0.4999 0.00382409 0.00460116 0.00359189 0.00417719 0.00374965 0.00426385 0.0912213 0.0955211 0.0924312 
0.709428 0.717759 0.61041 0.661338 0.679644 0.725643 -0.219353 -0.255881 -0.268487 -0.263757 -0.250901 -0.24412 0.0967644 0.0577627 0.0871705 
0.349289 0.368173 0.197047 0.288848 0.270644 0.357857 -0.0287309 -0.0210925 -0.00437278 -0.0113839 -0.0132609 -0.0253969 0.10416 0.106043 0.103181 
0.456825 0.472971 0.499166 0.490614 0.485911 0.465393 0.00433484 0.00359189 0.00460116 0.00417719 0.00464508 0.00402332 0.0992772 0.0924312 0.0955211 
0.760696 0.946969 0.888111 0.919925 0.849078 0.875419 -0.0849376 -0.117221 -0.155648 -0.139965 -0.119389 -0.104649 0.0807107 0.0602308 0.0621972 
0.39054 0.491093 0.347426 0.427775 0.374053 0.435373 -0.131114 -0.206969 -0.206741 -0.213311 -0.170759 -0.171359 0.141503 0.12731 0.128467 
0.523256 0.347426 0.491093 0.427775 0.505404 0.43043 -0.250508 -0.206741 -0.206969 -0.213311 -0.230822 -0.238074 0.114722 0.128467 0.12731 
0.289181 0.342809 0.19628 0.275523 0.244845 0.316977 -1.72286e-06 -2.89532e-06 -1.16972e-06 -1.85234e-06 -1.44819e-06 -2.24244e-06 0.0290798 0.0332649 0.0339057 
-0.0347879 -0.0412084 -0.0194953 -0.0343476 -0.0325641 -0.0383867 0.0265906 -0.000430379 -0.0191885 -0.00559611 0.00690704 0.0106075 0.0527474 0.0702069 0.0616689 
0.299835 0.197047 0.368173 0.288848 0.332836 0.251341 -0.00527319 -0.00437278 -0.0210925 -0.0113839 -0.0114868 -0.00552408 0.104558 0.103181 0.106043 
0.305088 0.19628 0.342809 0.275523 0.324455 0.253688 -1.93098e-06 -1.16972e-06 -2.89532e-06 -1.85234e-06 -2.69645e-06 -1.60855e-06 0.0388532 0.0339057 0.0332649 
0.466257 0.497457 0.472702 0.488383 0.469565 0.486308 -3.31767e-06 -3.19918e-06 -2.30591e-06 -2.81577e-06 -2.76706e-06 -3.42538e-06 0.0267657 0.023996 0.0211431 
0.525291 0.489366 0.518679 0.511789 0.525273 0.505877 -0.147614 -0.10207 -0.0828384 -0.0945342 -0.112513 -0.124847 0.128275 0.132397 0.121689 
0.500545 0.493574 0.492042 0.500297 0.49851 0.498528 0.00275494 0.00463464 0.00489504 0.00478924 0.00426541 0.00399561 0.107338 0.10383 0.10203 
0.499966 0.494001 0.493394 0.499985 0.498154 0.498667 0.00219013 0.00151461 0.00151554 0.00153829 0.00184321 0.00184382 0.083373 0.079364 0.079403 
0.499978 0.493638 0.493706 0.499979 0.49836 0.498445 0.000161278 8.54633e-05 8.65864e-05 8.83366e-05 0.0001193 0.000118472 0.0598374 0.0558346 0.0558928 
0.499632 0.472702 0.497457 0.488383 0.499727 0.494605 -2.278e-06 -2.30591e-06 -3.19918e-06 -2.81577e-06 -2.76782e-06 -2.40718e-06 0.0192416 0.0211431 0.023996 
0.498826 0.495745 0.491732 0.499812 0.496088 0.499735 -3.78205e-06 -4.28359e-06 -4.46488e-06 -4.21254e-06 -4.10229e-06 -4.02545e-06 0.0274874 0.0320222 0.0317648 
0.499979 0.493706 0.493638 0.499979 0.498379 0.498426 4.5522e-05 8.65864e-05 8.54633e-05 8.83366e-05 6.35959e-05 6.41207e-05 0.0519524 0.0558928 0.0558346 
0.499979 0.493394 0.494001 0.499985 0.498524 0.498291 0.00105255 0.00151554 0.00151461 0.00153829 0.00127076 0.00127324 0.0754813 0.079403 0.079364 
0.500098 0.492042 0.493574 0.500297 0.498966 0.497685 0.00502154 0.00489504 0.00463464 0.00478924 0.00497896 0.00505527 0.0989392 0.10203 0.10383 
-2.43405e-34 -0.0220363 -0.0146914 -0.018882 -0.00403036 -0.00709138 3.69534e-35 0.0192558 0.0441816 0.0328698 0.0261155 0.0176982 0.0568053 0.0556623 0.044793 
-0.0347879 -0.0146914 -0.0220363 -0.018882 -0.0319779 -0.0279074 0.0265906 0.0441816 0.0192558 0.0328698 0.0280587 0.0406716 0.0527474 0.044793 0.0556623 
-1.65176e-34 -0.0146914 -0.024318 -0.0199401 -0.0102125 -0.0039077 9.26498e-35 0.0441816 0.0488569 0.0534278 0.0690761 0.0370124 0.0372276 0.044793 0.0293245 
-0.0347879 -0.024318 -0.0146914 -0.0199401 -0.0279074 -0.0302094 0.0265906 0.0488569 0.0441816 0.0534278 0.0406716 0.037819 0.0527474 0.0293245 0.044793 
