0.47414 0.844961 1.08906e-33 0.56337 0.284101 0.674057 -0.111561 -0.0584158 1.05926e-35 -0.0805245 -0.0795144 -0.108488 -0.0247058 0.013787 -0.0714608 
0.00188941 0.0169279 0.267854 0.12412 0.117203 0.0083076 -0.026891 -0.0381949 -0.0980284 -0.0659491 -0.0613322 -0.0339364 0.0324278 0.0517629 0.0494121 
0.502161 0.448327 0.503375 0.493645 0.503762 0.485479 0.0117246 0.0109434 0.0111919 0.0118835 0.0115991 0.0118385 0.0436197 0.0487852 0.0472841 
0.509601 0.445822 0.514715 0.500565 0.513522 0.488462 0.0039981 0.00368548 -0.000692952 0.00151161 0.00182824 0.00382278 0.0651292 0.0675001 0.0691623 
0.537888 0.490153 0.542879 0.539721 0.541304 0.527515 -0.0289373 -0.0247759 -0.0414364 -0.0347091 -0.0348675 -0.0279623 0.0830047 0.0786911 0.0864223 
0.301321 0.275637 0.592905 0.444634 0.46492 0.287735 -0.103875 -0.0916707 -0.13306 -0.120005 -0.127125 -0.0982897 0.0666364 0.0805499 0.0744923 
0.368457 0.298226 0.19232 0.247647 0.289384 0.335471 0.00741484 0.0040405 0.00195061 0.00306667 0.00457754 0.0056995 0.0440755 0.0391327 0.0444761 
0.57113 0.406087 0.532912 0.48172 0.552511 0.507461 -0.078117 -0.0697463 -0.0658279 -0.0704461 -0.0722097 -0.0790891 0.0884335 0.098039 0.0917105 
0.87999 0.844961 0.47414 0.674057 0.722491 0.868398 -0.112117 -0.0584158 -0.111561 -0.108488 -0.119144 -0.0896913 0.00322356 0.013787 -0.0247058 
0.382603 0.192437 0.315411 0.256421 0.351015 0.294063 -0.0256267 -0.00689673 -0.0108228 -0.00968585 -0.0176146 -0.0164885 0.0929815 0.0955654 0.0886531 
0.57113 0.492568 0.406087 0.449133 0.507461 0.543572 -0.078117 -0.0937246 -0.0697463 -0.0821548 -0.0790891 -0.0878988 0.0884335 0.092607 0.098039 
0.358006 0.313351 0.464858 0.403902 0.420631 0.336514 0.00193312 0.00259224 0.00576413 0.00440259 0.00373434 0.00233995 0.0230677 0.0296388 0.0273222 
0.442902 0.464858 0.313351 0.403902 0.387634 0.454588 0.00706414 0.00576413 0.00259224 0.00440259 0.00478704 0.00648241 0.0325984 0.0273222 0.0296388 
0.509601 0.487378 0.494383 0.510021 0.503164 0.508995 0.0039981 0.00495532 0.00752396 0.00632543 0.00590738 0.00456132 0.0651292 0.0614643 0.0612053 
0.502161 0.468351 0.493 0.500402 0.498565 0.496992 0.0117246 0.0085753 0.0111691 0.0105953 0.0115656 0.010554 0.0436197 0.0381672 0.0399772 
0.501321 0.468351 0.49468 0.484204 0.500403 0.49514 0.0101756 0.0085753 0.00809096 0.00859618 0.0092327 0.00980909 0.0360654 0.0381672 0.0313003 
0.49468 0.468351 0.445957 0.457611 0.47644 0.484204 0.00809096 0.0085753 0.00632476 0.00748265 0.00736687 0.00859618 0.0313003 0.0381672 0.0320527 
0.410404 0.215994 0.331288 0.277502 0.373881 0.325947 0.000335296 0.000356967 0.00213716 0.000981752 0.00154081 0.000293556 0.0682436 0.0689053 0.0624172 
0.382603 0.315411 0.490735 0.417539 0.445455 0.351015 -0.0256267 -0.0108228 -0.0220599 -0.0181965 -0.0252125 -0.0176146 0.0929815 0.0886531 0.0843407 
0.022329 -0.0215453 0.0136021 -0.0164241 0.0224171 -0.0110271 0.0451313 0.0587857 0.0194362 0.0472065 0.0337326 0.0598494 -0.00929364 -0.00150134 0.00335004 
0.66703 0.670098 0.631161 0.675986 0.648029 0.696559 -0.103503 -0.140719 -0.0937797 -0.120388 -0.0992512 -0.126435 0.0628004 0.0644675 0.0703362 
0.492568 0.463219 0.289346 0.373091 0.396524 0.47994 -0.0937246 -0.111629 -0.0695199 -0.0917962 -0.0852123 -0.103202 0.092607 0.0857133 0.0970639 
0.592905 0.631161 0.670098 0.675986 0.632366 0.657142 -0.13306 -0.0937797 -0.140719 -0.120388 -0.137584 -0.120628 0.0744923 0.0703362 0.0644675 
0.410404 0.331288 0.487378 0.427981 0.456273 0.373881 0.000335296 0.00213716 0.00495532 0.0034413 0.00241169 0.00154081 0.0682436 0.0624172 0.0614643 
0.368457 0.446344 0.298226 0.383565 0.335471 0.411394 0.00741484 0.00909416 0.0040405 0.00678539 0.0056995 0.00851528 0.0440755 0.0381378 0.0391327 
0.592091 0.463219 0.492568 0.47994 0.54713 0.542384 -0.10563 -0.111629 -0.0937246 -0.103202 -0.101499 -0.112502 0.0842815 0.0857133 0.092607 
0.396018 0.312063 0.468351 0.405877 0.437515 0.356574 0.00602531 0.00326444 0.0085753 0.00596803 0.00748233 0.0046251 0.0434789 0.0376679 0.0381672 
0.368457 0.286935 0.448327 0.379521 0.412264 0.329802 0.00741484 0.00502192 0.0109434 0.00839536 0.00944021 0.00632463 0.0440755 0.0492346 0.0487852 
0.537888 0.490735 0.519953 0.52801 0.531088 0.524072 -0.0289373 -0.0220599 -0.0169737 -0.0216305 -0.022759 -0.0264978 0.0830047 0.0843407 0.078594 
0.348788 0.266603 0.445822 0.365834 0.400059 0.30936 0.00596593 0.00363661 0.00368548 0.00445889 0.00550791 0.00478322 0.0630458 0.0665488 0.0675001 
0.359675 0.275957 0.490153 0.394906 0.427882 0.319733 -0.00507511 -0.00422063 -0.0247759 -0.0129024 -0.0132206 -0.00475394 0.0746376 0.0741832 0.0786911 
0.348788 0.299482 0.168843 0.236959 0.264793 0.324386 0.00596593 0.00557933 0.00191096 0.00359513 0.00411493 0.00596514 0.0630458 0.0581769 0.0630321 
0.368457 0.19232 0.286935 0.24231 0.329802 0.289384 0.00741484 0.00195061 0.00502192 0.00340472 0.00632463 0.00457754 0.0440755 0.0444761 0.0492346 
0.348788 0.443669 0.299482 0.379707 0.324386 0.400801 0.00596593 0.00875035 0.00557933 0.0077733 0.00596514 0.0074557 0.0630458 0.0591444 0.0581769 
0.359675 0.290557 0.159505 0.227296 0.262509 0.324015 -0.00507511 0.00102748 0.000279524 0.000419891 -0.00130237 -0.00136293 0.0746376 0.0721156 0.0732753 
0.348788 0.168843 0.266603 0.21902 0.30936 0.264793 0.00596593 0.00191096 0.00363661 0.00287906 0.00478322 0.00411493 0.0630458 0.0630321 0.0665488 
0.463618 0.341723 0.195828 0.273211 0.334749 0.40017 -0.0424582 -0.0175895 -0.00727034 -0.0129881 -0.0219311 -0.0284269 0.0708822 0.0725688 0.0670534 
0.359675 0.159505 0.275957 0.216234 0.319733 0.262509 -0.00507511 0.000279524 -0.00422063 -0.00120838 -0.00475394 -0.00130237 0.0746376 0.0732753 0.0741832 
0.42307 0.299482 0.443669 0.379707 0.433356 0.367243 0.00969439 0.00557933 0.00875035 0.0077733 0.00937107 0.00783461 0.0541799 0.0581769 0.0591444 
0.359675 0.45922 0.290557 0.382692 0.324015 0.414496 -0.00507511 -0.00705738 0.00102748 -0.00180392 -0.00136293 -0.00625603 0.0746376 0.0749206 0.0721156 
0.424249 0.290557 0.45922 0.382692 0.441382 0.363339 0.000209203 0.00102748 -0.00705738 -0.00180392 -0.00305857 0.000741976 0.0711191 0.0721156 0.0749206 
0.387284 0.460895 0.486458 0.475192 0.448727 0.428813 -0.000164426 -0.000861425 0.000738298 -0.000225194 0.000217031 -0.000504286 0.0103435 0.00558008 0.0124671 
0.500021 0.486458 0.460895 0.475192 0.489666 0.496309 -0.000297368 0.000738298 -0.000861425 -0.000225194 -0.000614576 0.000200025 0.00843089 0.0124671 0.00558008 
0.463618 0.551994 0.341723 0.462222 0.40017 0.516576 -0.0424582 -0.0572567 -0.0175895 -0.0358724 -0.0284269 -0.051188 0.0708822 0.0785008 0.0725688 
0.486968 0.341723 0.551994 0.462222 0.519191 0.423928 -0.0332709 -0.0175895 -0.0572567 -0.0358724 -0.0444813 -0.0259185 0.0779523 0.0725688 0.0785008 
0.382603 0.461186 0.268454 0.370869 0.329068 0.422686 -0.0256267 -0.0484036 -0.0239677 -0.0384541 -0.025808 -0.0365864 0.0929815 0.0946235 0.0997656 
0.468933 0.355365 0.488434 0.434927 0.479842 0.419628 -0.0112661 -0.00310967 -0.00430417 -0.00442548 -0.0076582 -0.0068501 0.0791676 0.0759435 0.0728234 
0.410404 0.488434 0.355365 0.434927 0.384868 0.455276 0.000335296 -0.00430417 -0.00310967 -0.00442548 -0.00151294 -0.00166123 0.0682436 0.0728234 0.0759435 
0.464513 0.348886 0.47769 0.42665 0.471618 0.415571 0.00695012 0.00433837 0.00909462 0.0067726 0.00815857 0.00592364 0.0553113 0.0503628 0.0492999 
0.396018 0.47769 0.348886 0.42665 0.373809 0.443299 0.00602531 0.00909462 0.00433837 0.0067726 0.00526431 0.00776223 0.0434789 0.0492999 0.0503628 
0.503733 0.503375 0.448327 0.493645 0.485062 0.504954 0.0112669 0.0111919 0.0109434 0.0118835 0.0116503 0.0113212 0.050975 0.0472841 0.0487852 
0.463618 0.379589 0.631161 0.530718 0.555004 0.425475 -0.0424582 -0.0308799 -0.0937797 -0.0609234 -0.0661787 -0.0374141 0.0708822 0.064578 0.0703362 
0.51581 0.514715 0.445822 0.500565 0.491731 0.516464 -0.00336054 -0.000692952 0.00368548 0.00151161 0.000586671 -0.00203753 0.0716492 0.0691623 0.0675001 
0.442902 0.446344 0.494898 0.476681 0.475358 0.444707 0.00706414 0.00909416 0.00868609 0.00921349 0.00810768 0.0081042 0.0325984 0.0381378 0.0320944 
0.555174 0.542879 0.490153 0.539721 0.540515 0.549005 -0.0496824 -0.0414364 -0.0247759 -0.0347091 -0.037641 -0.0455257 0.0865133 0.0864223 0.0786911 
3.46852e-34 0.212511 0.29239 0.253906 0.161591 0.11341 -8.29811e-35 -9.49967e-05 0.00038407 6.70594e-05 0.000107642 1.0502e-05 0.0168452 0.0111494 0.01617 
0.501321 0.494898 0.446344 0.476681 0.485284 0.49895 0.0101756 0.00868609 0.00909416 0.00921349 0.0101563 0.009522 0.0360654 0.0320944 0.0381378 
1.68267e-34 3.462e-34 0.217744 0.116729 0.116746 5.6442e-35 6.0486e-35 9.12025e-35 -9.40944e-05 1.90412e-05 -1.76852e-05 1.51544e-34 0.0123406 0.0185586 0.0118965 
0.217744 3.462e-34 0.296799 0.165197 0.259064 0.116729 -9.40944e-05 9.12025e-35 0.000469097 0.00013727 9.54621e-05 1.90412e-05 0.0118965 0.0185586 0.0174899 
0.468933 0.519338 0.490735 0.510529 0.480117 0.501981 -0.0112661 -0.0101271 -0.0220599 -0.0159931 -0.0163346 -0.0112945 0.0791676 0.07616 0.0843407 
0.396018 0.204908 0.312063 0.261799 0.356574 0.312039 0.00602531 0.00143116 0.00326444 0.00237311 0.0046251 0.0035427 0.0434789 0.0432565 0.0376679 
0.524786 0.490735 0.519338 0.510529 0.523709 0.521112 -0.0138426 -0.0220599 -0.0101271 -0.0159931 -0.0119762 -0.0186917 0.0776141 0.0843407 0.07616 
0.505937 0.494383 0.487378 0.510021 0.506907 0.501461 0.00877135 0.00752396 0.00495532 0.00632543 0.00706371 0.00817999 0.0581595 0.0612053 0.0614643 
0.501321 0.493 0.468351 0.500402 0.49514 0.498637 0.0101756 0.0111691 0.0085753 0.0105953 0.00980909 0.0107625 0.0360654 0.0399772 0.0381672 
0.0136021 -0.0215453 -0.0494137 -0.034459 -0.0290971 -0.0164241 0.0194362 0.0587857 0.0356989 0.0479786 0.0335944 0.0472065 0.00335004 -0.00150134 0.00571053 
1.12537e-33 0.844238 0.843041 0.843866 0.513121 0.512392 1.019e-33 -0.00207744 -0.00517366 -0.00324325 -0.00150188 -0.00102244 0.20852 0.230418 0.176031 
0.463618 0.195828 0.379589 0.28306 0.425475 0.334749 -0.0424582 -0.00727034 -0.0308799 -0.0167878 -0.0374141 -0.0219311 0.0708822 0.0670534 0.064578 
0.298226 0.148693 0.19232 0.171229 0.247647 0.228792 0.0040405 0.000954206 0.00195061 0.00141261 0.00306667 0.00233765 0.0391327 0.0394073 0.0444761 
0.396018 0.348886 0.204908 0.281781 0.312039 0.373809 0.00602531 0.00433837 0.00143116 0.00283163 0.0035427 0.00526431 0.0434789 0.0503628 0.0432565 
0.509601 0.451577 0.445822 0.448481 0.488462 0.489239 0.0039981 0.00650903 0.00368548 0.00509378 0.00382278 0.00561476 0.0651292 0.0636016 0.0675001 
0.537888 0.480744 0.490153 0.484608 0.527515 0.521922 -0.0289373 -0.0157583 -0.0247759 -0.0201386 -0.0279623 -0.0225204 0.0830047 0.0776143 0.0786911 
0.502161 0.459742 0.448327 0.454186 0.485479 0.488363 0.0117246 0.0108143 0.0109434 0.0109498 0.0118385 0.0116817 0.0436197 0.0434839 0.0487852 
0.410404 0.355365 0.215994 0.292079 0.325947 0.384868 0.000335296 -0.00310967 0.000356967 -0.000736016 0.000293556 -0.00151294 0.0682436 0.0759435 0.0689053 
2.73963e-34 0.269629 0.212511 0.241812 0.113519 0.147591 -2.82865e-35 -0.000383308 -9.49967e-05 -0.000221327 -5.81665e-05 -0.000132139 0.0056889 0.00663317 0.0111494 
0.524786 0.519953 0.490735 0.52801 0.521112 0.523461 -0.0138426 -0.0169737 -0.0220599 -0.0216305 -0.0186917 -0.0155105 0.0776141 0.078594 0.0843407 
0.442902 0.352573 0.446344 0.405188 0.444707 0.402822 0.00706414 0.0046855 0.00909416 0.0069388 0.0081042 0.00600273 0.0325984 0.0344801 0.0381378 
0.298226 0.446344 0.352573 0.405188 0.326386 0.383565 0.0040405 0.00909416 0.0046855 0.0069388 0.00445028 0.00678539 0.0391327 0.0381378 0.0344801 
0.387284 0.441669 0.29239 0.378198 0.343375 0.416384 -0.000164426 0.00173477 0.00038407 0.00096661 0.000187727 0.00060464 0.0103435 0.0172003 0.01617 
0.382603 0.268454 0.192437 0.233843 0.294063 0.329068 -0.0256267 -0.0239677 -0.00689673 -0.0142815 -0.0164885 -0.025808 0.0929815 0.0997656 0.0955654 
0.301321 0.592905 0.514082 0.559704 0.408948 0.46492 -0.103875 -0.13306 -0.137497 -0.137828 -0.123046 -0.127125 0.0666364 0.0744923 0.0626161 
3.46852e-34 1.6431e-34 0.212511 0.11341 0.11341 5.33086e-35 -8.29811e-35 -5.56725e-35 -9.49967e-05 -2.19371e-05 1.0502e-05 -1.38773e-34 0.0168452 0.0112704 0.0111494 
0.0136021 -0.0721942 0.057756 -0.0319683 0.0347506 -0.038825 0.0194362 0.010159 -0.0225871 0.00359069 -0.00319989 0.0189287 0.00335004 0.0166148 0.0154978 
0.315411 0.192437 0.155383 0.175858 0.24109 0.256421 -0.0108228 -0.00689673 -0.00249387 -0.00441356 -0.0062909 -0.00968585 0.0886531 0.0955654 0.089475 
0.43216 0.532912 0.406087 0.48172 0.420044 0.488897 -0.0599903 -0.0658279 -0.0697463 -0.0704461 -0.0649169 -0.0645672 0.0971882 0.0917105 0.098039 
0.354388 0.29239 0.441669 0.378198 0.402944 0.32442 0.00181759 0.00038407 0.00173477 0.00096661 0.00191227 0.000991047 0.0221604 0.01617 0.0172003 
0.25127 0.321768 0.057756 0.168968 0.145262 0.285527 -0.0856118 -0.0837997 -0.0225871 -0.0473919 -0.0541356 -0.0845016 0.0289289 0.00999843 0.0154978 
0.464513 0.505811 0.487378 0.499927 0.476803 0.492536 0.00695012 0.00950808 0.00495532 0.00745138 0.00612926 0.00834883 0.0553113 0.0547419 0.0614643 
0.468933 0.490735 0.38085 0.442645 0.429739 0.480117 -0.0112661 -0.0220599 -0.00933728 -0.0158096 -0.0107145 -0.0163346 0.0791676 0.0843407 0.0826403 
0.505937 0.487378 0.505811 0.499927 0.507813 0.506907 0.00877135 0.00495532 0.00950808 0.00745138 0.00925612 0.00706371 0.0581595 0.0614643 0.0547419 
0.312063 0.346701 0.468351 0.417843 0.405877 0.32987 0.00326444 0.00347173 0.0085753 0.0059898 0.00596803 0.00343969 0.0376679 0.0320894 0.0381672 
0.0169279 0.101472 0.267854 0.175932 0.12412 0.0571524 -0.0381949 -0.0596793 -0.0980284 -0.0787495 -0.0659491 -0.0492434 0.0517629 0.0664131 0.0494121 
0.995285 0.98425 0.745835 0.909258 0.917727 0.992219 -0.0348064 -0.0603584 -0.0316837 -0.0477025 -0.0389341 -0.0486887 0.0866587 0.0559664 0.0685964 
0.286935 0.334674 0.448327 0.39841 0.379521 0.311528 0.00502192 0.00688181 0.0109434 0.00913919 0.00839536 0.00601858 0.0492346 0.0532118 0.0487852 
0.445957 0.468351 0.346701 0.417843 0.402564 0.457611 0.00632476 0.0085753 0.00347173 0.0059898 0.00495211 0.00748265 0.0320527 0.0381672 0.0320894 
0.315411 0.38085 0.490735 0.442645 0.417539 0.349873 -0.0108228 -0.00933728 -0.0220599 -0.0158096 -0.0181965 -0.0103147 0.0886531 0.0826403 0.0843407 
0.266603 0.321535 0.445822 0.390043 0.365834 0.294064 0.00363661 0.00283557 0.00368548 0.00320023 0.00445889 0.00350541 0.0665488 0.0695129 0.0675001 
0.275957 0.357042 0.490153 0.432196 0.394906 0.315305 -0.00422063 -0.0140157 -0.0247759 -0.0200354 -0.0129024 -0.00827942 0.0741832 0.074875 0.0786911 
0.407312 0.383002 0.276443 0.334042 0.34915 0.395633 -3.17594e-05 -0.000823145 -0.000373225 -0.000589284 -0.000327759 -0.000517253 0.0114303 0.00430326 0.00729764 
0.42307 0.448327 0.334674 0.39841 0.382191 0.436283 0.00969439 0.0109434 0.00688181 0.00913919 0.00849728 0.0104308 0.0541799 0.0487852 0.0532118 
0.424249 0.445822 0.321535 0.390043 0.375723 0.435313 0.000209203 0.00368548 0.00283557 0.00320023 0.00196738 0.00202494 0.0711191 0.0675001 0.0695129 
0.486968 0.490153 0.357042 0.432196 0.426505 0.488169 -0.0332709 -0.0247759 -0.0140157 -0.0200354 -0.0228094 -0.0288644 0.0779523 0.0786911 0.074875 
0.331288 0.215994 0.162424 0.1899 0.253802 0.277502 0.00213716 0.000356967 0.000519186 0.00046538 0.00123958 0.000981752 0.0624172 0.0689053 0.0622228 
0.387284 0.269629 0.3771 0.3275 0.38215 0.333504 -0.000164426 -0.000383308 -0.000842578 -0.000606256 -0.000565138 -0.000369841 0.0103435 0.00663317 0.00394718 
0.592905 0.275637 0.463219 0.375025 0.528272 0.444634 -0.13306 -0.0916707 -0.111629 -0.104903 -0.123715 -0.120005 0.0744923 0.0805499 0.0857133 
0.539153 0.321768 0.25127 0.285527 0.389048 0.43803 -0.137887 -0.0837997 -0.0856118 -0.0845016 -0.113679 -0.116099 0.029659 0.00999843 0.0289289 
-9.49095e-35 -1.20827e-34 -0.0721942 -0.0677124 -0.0595428 4.36635e-36 -3.99025e-35 -1.15121e-34 0.010159 0.00400082 0.00677037 -1.7068e-34 0.0103588 0.0244725 0.0166148 
0.407312 0.468797 0.383002 0.432809 0.395633 0.442176 -3.17594e-05 -0.000877962 -0.000823145 -0.000896234 -0.000517253 -0.000452261 0.0114303 0.00560743 0.00430326 
0.387284 0.3771 0.460895 0.424753 0.428813 0.38215 -0.000164426 -0.000842578 -0.000861425 -0.000901269 -0.000504286 -0.000565138 0.0103435 0.00394718 0.00558008 
0.464513 0.487378 0.38454 0.446096 0.429804 0.476803 0.00695012 0.00495532 0.00428095 0.00492036 0.00562104 0.00612926 0.0553113 0.0614643 0.0570415 
0.509601 0.494199 0.487378 0.490889 0.508995 0.511221 0.0039981 0.00102671 0.00495532 0.00330272 0.00456132 0.00235449 0.0651292 0.06718 0.0614643 
0.331288 0.38454 0.487378 0.446096 0.427981 0.359366 0.00213716 0.00428095 0.00495532 0.00492036 0.0034413 0.00318625 0.0624172 0.0570415 0.0614643 
0.00188941 0.057756 -0.0721942 -0.0319683 -0.0498595 0.0279816 -0.026891 -0.0225871 0.010159 0.00359069 -0.00348274 -0.0248521 0.0324278 0.0154978 0.0166148 
0.301321 0.267854 0.101472 0.175932 0.194865 0.285422 -0.103875 -0.0980284 -0.0596793 -0.0787495 -0.0822274 -0.102236 0.0666364 0.0494121 0.0664131 
1.6431e-34 2.73963e-34 0.212511 0.113519 0.11341 5.34063e-35 -5.56725e-35 -2.82865e-35 -9.49967e-05 -5.81665e-05 -2.19371e-05 -8.37352e-35 0.0112704 0.0056889 0.0111494 
0.502161 0.479395 0.468351 0.474008 0.496992 0.499716 0.0117246 0.00959008 0.0085753 0.00919285 0.010554 0.0109486 0.0436197 0.0436885 0.0381672 
0.379589 0.508185 0.631161 0.585392 0.530718 0.442811 -0.0308799 -0.0565168 -0.0937797 -0.0764358 -0.0609234 -0.0426059 0.064578 0.0619199 0.0703362 
8.6253e-34 1.12537e-33 0.843041 0.513121 0.509953 -4.15587e-35 7.97995e-34 1.019e-33 -0.00517366 -0.00150188 -0.00209329 1.82254e-33 0.16351 0.20852 0.176031 
0.66703 0.631161 0.508185 0.585392 0.600699 0.648029 -0.103503 -0.0937797 -0.0565168 -0.0764358 -0.080131 -0.0992512 0.0628004 0.0703362 0.0619199 
0.268454 0.461186 0.299607 0.387491 0.284475 0.370869 -0.0239677 -0.0484036 -0.0395806 -0.0466222 -0.0313926 -0.0384541 0.0997656 0.0946235 0.100911 
0.00188941 -0.0625664 0.0169279 -0.0380966 0.0083076 -0.0463729 -0.026891 -0.00790572 -0.0381949 -0.0200968 -0.0339364 -0.0161265 0.0324278 0.0471442 0.0517629 
0.341723 0.125678 0.195828 0.158394 0.273211 0.233964 -0.0175895 -0.00224852 -0.00727034 -0.00447639 -0.0129881 -0.00809907 0.0725688 0.0700516 0.0670534 
0.290557 0.115461 0.159505 0.13717 0.227296 0.205255 0.00102748 0.000610392 0.000279524 0.000431426 0.000419891 0.00114526 0.0721156 0.0719132 0.0732753 
0.299482 0.127442 0.168843 0.148611 0.236959 0.218864 0.00557933 0.00112338 0.00191096 0.0014715 0.00359513 0.00315622 0.0581769 0.059008 0.0630321 
0.275957 0.159505 0.115308 0.137472 0.195826 0.216234 -0.00422063 0.000279524 -0.000352628 -0.000191048 -0.00170084 -0.00120838 0.0741832 0.0732753 0.0733916 
0.266603 0.168843 0.120359 0.144658 0.196179 0.21902 0.00363661 0.00191096 0.000958063 0.00136232 0.0022426 0.00287906 0.0665488 0.0630321 0.0667199 
0.286935 0.19232 0.135197 0.164044 0.215991 0.24231 0.00502192 0.00195061 0.00111315 0.00152483 0.00285731 0.00340472 0.0492346 0.0444761 0.0497012 
0.708113 0.995285 0.745835 0.917727 0.730917 0.909783 -0.0139268 -0.0348064 -0.0316837 -0.0389341 -0.0208902 -0.0246938 0.107219 0.0866587 0.0685964 
0.486968 0.551994 0.564494 0.562369 0.537473 0.519191 -0.0332709 -0.0572567 -0.0546193 -0.0566434 -0.044296 -0.0444813 0.0779523 0.0785008 0.0840595 
0.424249 0.45922 0.503616 0.485385 0.470841 0.441382 0.000209203 -0.00705738 -0.00527522 -0.00631542 -0.0022023 -0.00305857 0.0711191 0.0749206 0.0733804 
0.57113 0.564494 0.551994 0.562369 0.584933 0.574531 -0.078117 -0.0546193 -0.0572567 -0.0566434 -0.0704741 -0.0664196 0.0884335 0.0840595 0.0785008 
0.42307 0.443669 0.490028 0.470628 0.462322 0.433356 0.00969439 0.00875035 0.0107201 0.0098713 0.0105666 0.00937107 0.0541799 0.0591444 0.054407 
0.524786 0.503616 0.45922 0.485385 0.504701 0.516262 -0.0138426 -0.00527522 -0.00705738 -0.00631542 -0.0107744 -0.00925682 0.0776141 0.0733804 0.0749206 
0.505937 0.490028 0.443669 0.470628 0.484712 0.499308 0.00877135 0.0107201 0.00875035 0.0098713 0.00910145 0.00994608 0.0581595 0.054407 0.0591444 
0.486968 0.564494 0.490153 0.53348 0.488169 0.537473 -0.0332709 -0.0546193 -0.0247759 -0.0382827 -0.0288644 -0.044296 0.0779523 0.0840595 0.0786911 
0.424249 0.503616 0.445822 0.47761 0.435313 0.470841 0.000209203 -0.00527522 0.00368548 0.000102517 0.00202494 -0.0022023 0.0711191 0.0733804 0.0675001 
0.42307 0.490028 0.448327 0.471592 0.436283 0.462322 0.00969439 0.0107201 0.0109434 0.0112823 0.0104308 0.0105666 0.0541799 0.054407 0.0487852 
0.555174 0.490153 0.564494 0.53348 0.561404 0.540515 -0.0496824 -0.0247759 -0.0546193 -0.0382827 -0.0524248 -0.037641 0.0865133 0.0786911 0.0840595 
0.51581 0.445822 0.503616 0.47761 0.511437 0.491731 -0.00336054 0.00368548 -0.00527522 0.000102517 -0.00437741 0.000586671 0.0716492 0.0675001 0.0733804 
0.503733 0.448327 0.490028 0.471592 0.498714 0.485062 0.0112669 0.0109434 0.0107201 0.0112823 0.0110838 0.0116503 0.050975 0.0487852 0.054407 
-0.0352938 -0.0494137 -0.0215453 -0.034459 -0.0292695 -0.0443371 0.0376575 0.0356989 0.0587857 0.0479786 0.0493242 0.0389774 0.00487719 0.00571053 -0.00150134 
2.80688e-34 0.217744 0.276443 0.247992 0.152065 0.11665 2.97842e-35 -9.40944e-05 -0.000373225 -0.000217064 -0.000126352 -5.47775e-05 0.00611514 0.0118965 0.00729764 
8.20772e-34 1.07188e-33 0.835559 0.514511 0.505011 1.08564e-34 -5.32911e-34 -2.98076e-34 -0.0206466 -0.00725934 -0.00479806 -7.81401e-34 0.110465 0.0530769 0.0790851 
0.537888 0.496092 0.490735 0.493436 0.524072 0.528367 -0.0289373 -0.0347032 -0.0220599 -0.0276942 -0.0264978 -0.0332582 0.0830047 0.0889346 0.0843407 
0.653378 0.733216 0.487608 0.649293 0.571347 0.712871 -0.0844511 -0.127137 -0.0504498 -0.0904546 -0.0666645 -0.10878 0.050723 0.0555923 0.0559717 
0.66703 0.487608 0.733216 0.649293 0.701719 0.60142 -0.103503 -0.0504498 -0.127137 -0.0904546 -0.115417 -0.0788819 0.0628004 0.0559717 0.0555923 
0.989582 0.843041 0.844238 0.843866 0.978456 0.978214 -0.00463694 -0.00517366 -0.00207744 -0.00324325 -0.00373985 -0.00596656 0.198156 0.176031 0.230418 
0.19832 0.289346 0.463219 0.373091 0.329847 0.24532 -0.065782 -0.0695199 -0.111629 -0.0917962 -0.0922944 -0.0686884 0.090338 0.0970639 0.0857133 
0.42307 0.334674 0.299482 0.317368 0.367243 0.382191 0.00969439 0.00688181 0.00557933 0.00624676 0.00783461 0.00849728 0.0541799 0.0532118 0.0581769 
0.424249 0.321535 0.290557 0.306204 0.363339 0.375723 0.000209203 0.00283557 0.00102748 0.00185425 0.000741976 0.00196738 0.0711191 0.0695129 0.0721156 
0.486968 0.357042 0.341723 0.349175 0.423928 0.426505 -0.0332709 -0.0140157 -0.0175895 -0.0160329 -0.0259185 -0.0228094 0.0779523 0.074875 0.0725688 
0.43216 0.299607 0.461186 0.387491 0.447846 0.36741 -0.0599903 -0.0395806 -0.0484036 -0.0466222 -0.0540848 -0.0511452 0.0971882 0.100911 0.0946235 
0.312063 0.204908 0.14694 0.176222 0.235497 0.261799 0.00326444 0.00143116 0.000650137 0.00101027 0.00177354 0.00237311 0.0376679 0.0432565 0.0371238 
0.442902 0.313351 0.352573 0.333793 0.402822 0.387634 0.00706414 0.00259224 0.0046855 0.0035884 0.00600273 0.00478704 0.0325984 0.0296388 0.0344801 
0.499803 0.441669 0.486458 0.467947 0.495412 0.483047 0.0032948 0.00173477 0.000738298 0.00128882 0.00190568 0.00259223 0.0191468 0.0172003 0.0124671 
0.499803 0.486458 0.489198 0.500045 0.498359 0.495412 0.0032948 0.000738298 0.00132542 0.00111738 0.00229446 0.00190568 0.0191468 0.0124671 0.0145149 
0.379589 0.195828 0.151789 0.1747 0.266078 0.28306 -0.0308799 -0.00727034 -0.00553421 -0.00667402 -0.0158846 -0.0167878 0.064578 0.0670534 0.0617625 
0.348886 0.155227 0.204908 0.180792 0.281781 0.2612 0.00433837 0.000801211 0.00143116 0.00111569 0.00283163 0.00233689 0.0503628 0.0494411 0.0432565 
0.87999 0.964491 0.844961 0.954132 0.868398 0.951506 -0.112117 -0.0831965 -0.0584158 -0.0835306 -0.0896913 -0.102315 0.00322356 0.0388192 0.013787 
1.12537e-33 9.52593e-34 0.844238 0.513689 0.512392 -3.2096e-35 1.019e-33 1.24603e-33 -0.00207744 -0.000701289 -0.00102244 2.26843e-33 0.20852 0.254411 0.230418 
-1.78353e-35 0.0302543 0.0598197 0.0422477 -0.0105895 -0.00692909 -4.29783e-34 -0.0187133 -0.0413929 -0.0296002 -0.0125133 -0.00576376 0.0818059 0.0896994 0.0782106 
0.358006 0.193794 0.313351 0.257747 0.336514 0.283782 0.00193312 0.000639824 0.00259224 0.00145454 0.00233995 0.00133766 0.0230677 0.0260392 0.0296388 
0.621135 0.539153 0.754088 0.667881 0.707767 0.578502 -0.14185 -0.137887 -0.152198 -0.152553 -0.153192 -0.140083 0.0214629 0.029659 0.0412703 
0.464513 0.38454 0.348886 0.367309 0.415571 0.429804 0.00695012 0.00428095 0.00433837 0.00445495 0.00592364 0.00562104 0.0553113 0.0570415 0.0503628 
0.820102 0.621135 0.754088 0.707767 0.786199 0.746401 -0.146501 -0.14185 -0.152198 -0.153192 -0.150644 -0.151312 0.0319943 0.0214629 0.0412703 
0.57113 0.599184 0.492568 0.566747 0.543572 0.586053 -0.078117 -0.0856863 -0.0937246 -0.0942462 -0.0878988 -0.082272 0.0884335 0.0838307 0.092607 
0.592091 0.492568 0.599184 0.566747 0.599967 0.54713 -0.10563 -0.0937246 -0.0856863 -0.0942462 -0.0960737 -0.101499 0.0842815 0.092607 0.0838307 
0.0136021 -0.0494137 -0.0721942 -0.0621369 -0.038825 -0.0290971 0.0194362 0.0356989 0.010159 0.0224645 0.0189287 0.0335944 0.00335004 0.00571053 0.0166148 
8.83257e-34 7.36394e-34 0.708113 0.406702 0.397173 2.15106e-34 4.04189e-34 5.89788e-34 -0.0139268 -0.00403146 -0.00552988 1.01222e-33 0.0859751 0.121452 0.107219 
0.355365 0.159645 0.215994 0.188628 0.292079 0.267543 -0.00310967 -0.000385437 0.000356967 -9.79608e-05 -0.000736016 -0.00150721 0.0759435 0.0758084 0.0689053 
0.468933 0.38085 0.355365 0.369156 0.419628 0.429739 -0.0112661 -0.00933728 -0.00310967 -0.00583655 -0.0068501 -0.0107145 0.0791676 0.0826403 0.0759435 
0.503733 0.505811 0.47769 0.495904 0.501632 0.506296 0.0112669 0.00950808 0.00909462 0.00956576 0.0104976 0.0105094 0.050975 0.0547419 0.0492999 
0.464513 0.47769 0.505811 0.495904 0.492536 0.471618 0.00695012 0.00909462 0.00950808 0.00956576 0.00834883 0.00815857 0.0553113 0.0492999 0.0547419 
0.268454 0.119121 0.192437 0.155898 0.233843 0.19608 -0.0239677 -0.00517751 -0.00689673 -0.00621737 -0.0142815 -0.0137401 0.0997656 0.101107 0.0955654 
0.354388 0.289718 0.185714 0.239943 0.277883 0.323567 0.00181759 0.00183921 0.000501854 0.00105763 0.00115598 0.00193124 0.0221604 0.0278534 0.0242367 
0.89452 0.617574 0.928962 0.826052 0.914643 0.833268 -0.127453 -0.050648 -0.106397 -0.0828552 -0.117342 -0.093184 0.0268502 0.0442603 0.0299435 
0.499871 0.49468 0.436576 0.473069 0.481076 0.497926 0.00677263 0.00809096 0.00480232 0.00652261 0.00608965 0.00749417 0.0272733 0.0313003 0.0275164 
0.407312 0.276443 0.217744 0.247992 0.325593 0.34915 -3.17594e-05 -0.000373225 -9.40944e-05 -0.000217064 -9.90302e-05 -0.000327759 0.0114303 0.00729764 0.0118965 
0.490839 0.410669 0.468797 0.443525 0.481476 0.461124 -0.0013891 -0.00110234 -0.000877962 -0.00109535 -0.00120519 -0.00125526 -1.17511e-05 -2.06441e-05 0.00560743 
0.40563 0.488719 0.460895 0.476872 0.436178 0.457205 -0.00110955 -0.00140616 -0.000861425 -0.00120734 -0.00109092 -0.00126749 2.40304e-05 1.33323e-05 0.00558008 
0.51581 0.519338 0.488434 0.507102 0.513681 0.519859 -0.00336054 -0.0101271 -0.00430417 -0.00710934 -0.00428308 -0.0066638 0.0716492 0.07616 0.0728234 
0.468933 0.488434 0.519338 0.507102 0.501981 0.479842 -0.0112661 -0.00430417 -0.0101271 -0.00710934 -0.0112945 -0.0076582 0.0791676 0.0728234 0.07616 
0.499803 0.489198 0.473012 0.482098 0.494912 0.498359 0.0032948 0.00132542 0.00363871 0.00242762 0.00360713 0.00229446 0.0191468 0.0145149 0.0216237 
2.80688e-34 1.68267e-34 0.217744 0.116746 0.11665 5.64076e-35 2.97842e-35 6.0486e-35 -9.40944e-05 -1.76852e-05 -5.47775e-05 9.04892e-35 0.00611514 0.0123406 0.0118965 
8.83257e-34 0.708113 0.745835 0.730917 0.437064 0.397173 4.04189e-34 -0.0139268 -0.0316837 -0.0208902 -0.00975373 -0.00552988 0.0859751 0.107219 0.0685964 
0.00188941 -0.0721942 -0.0741645 -0.0769754 -0.0569915 -0.0498595 -0.026891 0.010159 -0.00126936 0.00221771 -0.0092841 -0.00348274 0.0324278 0.0166148 0.0323215 
-1.20827e-34 -0.0741645 -0.0721942 -0.0769754 -0.0677124 -0.0535346 -1.15121e-34 -0.00126936 0.010159 0.00221771 0.00400082 0.00117495 0.0244725 0.0323215 0.0166148 
0.387284 0.29239 0.212511 0.253906 0.309772 0.343375 -0.000164426 0.00038407 -9.49967e-05 6.70594e-05 -0.000144572 0.000187727 0.0103435 0.01617 0.0111494 
0.499871 0.436576 0.478644 0.460408 0.492836 0.481076 0.00677263 0.00480232 0.00446904 0.00475879 0.00564078 0.00608965 0.0272733 0.0275164 0.0231559 
0.995285 0.844961 0.98425 0.963248 0.992219 0.96957 -0.0348064 -0.0584158 -0.0603584 -0.0692303 -0.0486887 -0.0518303 0.0866587 0.013787 0.0559664 
0.387284 0.212511 0.269629 0.241812 0.333504 0.309772 -0.000164426 -9.49967e-05 -0.000383308 -0.000221327 -0.000369841 -0.000144572 0.0103435 0.0111494 0.00663317 
0.555174 0.532912 0.461186 0.498954 0.524503 0.549991 -0.0496824 -0.0658279 -0.0484036 -0.0573723 -0.0519844 -0.0581762 0.0865133 0.0917105 0.0946235 
0.43216 0.461186 0.532912 0.498954 0.488897 0.447846 -0.0599903 -0.0484036 -0.0658279 -0.0573723 -0.0645672 -0.0540848 0.0971882 0.0946235 0.0917105 
0.407312 0.217744 0.296799 0.259064 0.357468 0.325593 -3.17594e-05 -9.40944e-05 0.000469097 9.54621e-05 0.000311883 -9.90302e-05 0.0114303 0.0118965 0.0174899 
0.489198 0.42939 0.473012 0.453845 0.482098 0.465837 0.00132542 0.00153437 0.00363871 0.00251303 0.00242762 0.00151508 0.0145149 0.0176644 0.0216237 
3.33397e-34 0.199578 0.313351 0.259649 0.176256 0.10694 1.52176e-34 0.00134372 0.00259224 0.00205499 0.000796169 0.000343299 0.0307354 0.0345354 0.0296388 
2.80688e-34 0.276443 0.183016 0.231774 0.0967996 0.152065 2.97842e-35 -0.000373225 -0.000244354 -0.000322015 -6.92236e-05 -0.000126352 0.00611514 0.00729764 0.00381802 
3.33397e-34 0.313351 0.193794 0.257747 0.102632 0.176256 1.52176e-34 0.00259224 0.000639824 0.00145454 0.00024142 0.000796169 0.0307354 0.0296388 0.0260392 
-9.49095e-35 -0.0721942 -0.0493918 -0.0664949 -0.0357347 -0.0595428 -3.99025e-35 0.010159 0.0165624 0.0157696 0.0052021 0.00677037 0.0103588 0.0166148 0.00843853 
3.46852e-34 0.29239 0.202443 0.249419 0.107393 0.161591 -8.29811e-35 0.00038407 0.000398391 0.000449435 7.5928e-05 0.000107642 0.0168452 0.01617 0.0205619 
0.89452 0.845879 0.617574 0.77314 0.833268 0.87633 -0.127453 -0.116793 -0.050648 -0.0862201 -0.093184 -0.123572 0.0268502 0.0363946 0.0442603 
0.407312 0.296799 0.42939 0.371813 0.418886 0.357468 -3.17594e-05 0.000469097 0.00153437 0.000948715 0.00063113 0.000311883 0.0114303 0.0174899 0.0176644 
8.20772e-34 0.835559 0.702555 0.773438 0.405422 0.505011 -5.32911e-34 -0.0206466 -0.00762699 -0.0118094 -0.0026028 -0.00479806 0.110465 0.0790851 0.119777 
0.75 1 0.9373 0.984305 0.85927 0.9375 -3.51248e-37 -6.56893e-37 -0.000610793 -0.000457054 -0.000331056 -1.25505e-36 0.348119 0.347558 0.307515 
4.77261e-34 0.318836 0.487608 0.410364 0.241257 0.145992 2.21622e-34 -0.0216411 -0.0504498 -0.0355559 -0.0136163 -0.00526629 0.0509551 0.0493888 0.0559717 
0.835559 0.844961 0.995285 0.96957 0.969456 0.839344 -0.0206466 -0.0584158 -0.0348064 -0.0518303 -0.0332389 -0.030651 0.0790851 0.013787 0.0866587 
0.358006 0.42939 0.296799 0.371813 0.329073 0.3968 0.00193312 0.00153437 0.000469097 0.000948715 0.00109274 0.00182851 0.0230677 0.0176644 0.0174899 
0.19832 0.0598197 0.0302543 0.0422477 0.100031 0.125978 -0.065782 -0.0413929 -0.0187133 -0.0296002 -0.0414703 -0.0548198 0.090338 0.0782106 0.0896994 
2.73963e-34 0.167591 0.269629 0.220933 0.147591 0.0879643 -2.82865e-35 -0.000220398 -0.000383308 -0.000314227 -0.000132139 -6.38571e-05 0.0056889 0.00365127 0.00663317 
9.52593e-34 0.706342 0.844238 0.780902 0.513689 0.405302 1.24603e-33 -0.000667807 -0.00207744 -0.00114916 -0.000701289 -0.00028 0.254411 0.280164 0.230418 
4.86372e-34 5.59499e-34 0.617574 0.347208 0.31878 -2.1786e-35 1.70747e-34 1.8793e-34 -0.050648 -0.0135181 -0.0143288 3.99691e-34 0.0385828 0.0417847 0.0442603 
0.19832 0.275637 0.0598197 0.156634 0.125978 0.234627 -0.065782 -0.0916707 -0.0413929 -0.0672089 -0.0548198 -0.0790354 0.090338 0.0805499 0.0782106 
0.98425 0.844961 0.964491 0.954132 0.975196 0.963248 -0.0603584 -0.0584158 -0.0831965 -0.0835306 -0.071807 -0.0692303 0.0559664 0.013787 0.0388192 
-1.78353e-35 0.0598197 -0.0284835 0.00833453 -0.0274808 -0.0105895 -4.29783e-34 -0.0413929 -0.0175863 -0.0287373 -0.00585163 -0.0125133 0.0818059 0.0782106 0.0650444 
0.806179 0.745835 0.964491 0.89988 0.908765 0.782629 -0.0615084 -0.0316837 -0.0831965 -0.0571817 -0.0744539 -0.0469356 0.0463402 0.0685964 0.0388192 
0.442902 0.494898 0.464858 0.482921 0.454588 0.475358 0.00706414 0.00868609 0.00576413 0.00729375 0.00648241 0.00810768 0.0325984 0.0320944 0.0273222 
0.499871 0.464858 0.494898 0.482921 0.500157 0.493948 0.00677263 0.00576413 0.00868609 0.00729375 0.00781819 0.00659858 0.0272733 0.0273222 0.0320944 
0.653378 0.487608 0.318836 0.410364 0.501145 0.571347 -0.0844511 -0.0504498 -0.0216411 -0.0355559 -0.0500017 -0.0666645 0.050723 0.0559717 0.0493888 
0.66703 0.508185 0.487608 0.499105 0.60142 0.600699 -0.103503 -0.0565168 -0.0504498 -0.0540334 -0.0788819 -0.080131 0.0628004 0.0619199 0.0559717 
0.806179 0.928962 0.617574 0.826052 0.715827 0.894358 -0.0615084 -0.106397 -0.050648 -0.0828552 -0.0592509 -0.084297 0.0463402 0.0299435 0.0442603 
7.40759e-34 7.74209e-34 0.774578 0.457296 0.456185 1.69801e-34 -1.21614e-33 -9.94786e-34 -0.00164343 -0.000604893 -0.000465445 -2.20965e-33 0.255264 0.208691 0.233482 
4.77261e-34 0.487608 0.249533 0.364224 0.128662 0.241257 2.21622e-34 -0.0504498 -0.0145015 -0.0295459 -0.00425894 -0.0136163 0.0509551 0.0559717 0.0588062 
0.998656 0.9373 0.986662 0.995448 0.994197 0.98861 -0.00141427 -0.000610793 -0.000514734 -0.000628081 -0.00092339 -0.0010487 0.269456 0.307515 0.317513 
0.354388 0.185714 0.202443 0.194123 0.284761 0.277883 0.00181759 0.000501854 0.000398391 0.000459549 0.00099003 0.00115598 0.0221604 0.0242367 0.0205619 
0.998656 0.986662 0.749908 0.905268 0.927949 0.994197 -0.00141427 -0.000514734 -0.000459381 -0.000551593 -0.000947445 -0.00092339 0.269456 0.317513 0.304935 
0.499803 0.478644 0.441669 0.462177 0.483047 0.493283 0.0032948 0.00446904 0.00173477 0.00298813 0.00259223 0.0039846 0.0191468 0.0231559 0.0172003 
0.406087 0.209408 0.299607 0.256323 0.351939 0.307977 -0.0697463 -0.0387915 -0.0395806 -0.0399537 -0.0548886 -0.0565026 0.098039 0.101994 0.100911 
0.623311 0.267854 0.514082 0.397561 0.568461 0.453888 -0.150309 -0.0980284 -0.137497 -0.123062 -0.14457 -0.131794 0.0526817 0.0494121 0.0626161 
0.354388 0.441669 0.478644 0.462177 0.43012 0.402944 0.00181759 0.00173477 0.00446904 0.00298813 0.00317379 0.00191227 0.0221604 0.0172003 0.0231559 
0.299607 0.209408 0.147788 0.179431 0.222838 0.256323 -0.0395806 -0.0387915 -0.0145023 -0.0257815 -0.0273106 -0.0399537 0.100911 0.101994 0.103414 
0.301321 0.514082 0.267854 0.397561 0.285422 0.408948 -0.103875 -0.137497 -0.0980284 -0.123062 -0.102236 -0.123046 0.0666364 0.0626161 0.0494121 
3.01342e-34 0.289718 0.197847 0.245983 0.10433 0.159619 -1.38147e-34 0.00183921 0.00102485 0.00147918 0.000248178 0.000516878 0.0281742 0.0278534 0.0325595 
1.0373e-34 -0.0215453 0.022329 -0.0110271 -0.000155339 -0.00933578 9.04789e-35 0.0587857 0.0451313 0.0598494 0.0537041 0.056867 -0.0238717 -0.00150134 -0.00929364 
0.354388 0.436576 0.289718 0.373567 0.323567 0.399231 0.00181759 0.00480232 0.00183921 0.00329819 0.00193124 0.00316948 0.0221604 0.0275164 0.0278534 
1.07188e-33 0.844961 0.835559 0.839344 0.514511 0.544638 -2.98076e-34 -0.0584158 -0.0206466 -0.030651 -0.00725934 -0.0301901 0.0530769 0.013787 0.0790851 
1.38592e-34 0.119121 0.147788 0.136372 0.0798457 0.058951 -5.19862e-34 -0.00517751 -0.0145023 -0.00915674 -0.00396173 -0.00160677 0.104302 0.101107 0.103414 
5.59499e-34 0.40136 0.617574 0.525451 0.347208 0.203167 1.8793e-34 -0.016264 -0.050648 -0.0302945 -0.0135181 -0.00425479 0.0417847 0.0523572 0.0442603 
0.806179 0.617574 0.40136 0.525451 0.63183 0.715827 -0.0615084 -0.050648 -0.016264 -0.0302945 -0.0371811 -0.0592509 0.0463402 0.0442603 0.0523572 
0.998656 0.844238 0.706342 0.780902 0.936021 0.967823 -0.00141427 -0.00207744 -0.000667807 -0.00114916 -0.00124677 -0.00201643 0.269456 0.230418 0.280164 
2.80859e-35 6.59327e-35 0.0909505 0.0396686 0.0244863 -7.77499e-36 -4.85192e-34 -5.20684e-34 -0.0238994 -0.00701618 -0.00716489 -9.8237e-34 0.0958521 0.103644 0.098594 
0.354388 0.202443 0.29239 0.249419 0.32442 0.284761 0.00181759 0.000398391 0.00038407 0.000449435 0.000991047 0.00099003 0.0221604 0.0205619 0.01617 
0.358006 0.20098 0.193794 0.197427 0.283782 0.287041 0.00193312 0.000434525 0.000639824 0.000538498 0.00133766 0.00108752 0.0230677 0.0220333 0.0260392 
0.490839 0.468797 0.49998 0.492781 0.498034 0.481476 -0.0013891 -0.000877962 -0.00112092 -0.00101609 -0.00131283 -0.00120519 -1.17511e-05 0.00560743 0.00380925 
3.01342e-34 0.185714 0.289718 0.239943 0.159619 0.0983074 -1.38147e-34 0.000501854 0.00183921 0.00105763 0.000516878 0.000170462 0.0281742 0.0242367 0.0278534 
0.488719 0.49998 0.460895 0.489585 0.476872 0.496825 -0.00140616 -0.00112092 -0.000861425 -0.0010128 -0.00120734 -0.00132539 1.33323e-05 0.00380925 0.00558008 
3.462e-34 0.20098 0.296799 0.25121 0.165197 0.107248 9.12025e-35 0.000434525 0.000469097 0.000513825 0.00013727 8.72296e-05 0.0185586 0.0220333 0.0174899 
-1.78353e-35 2.80859e-35 0.0302543 0.00598027 -0.00692909 -2.62143e-35 -4.29783e-34 -4.85192e-34 -0.0187133 -0.0053701 -0.00576376 -8.76334e-34 0.0818059 0.0958521 0.0896994 
-3.41193e-35 -0.0493918 -0.0143454 -0.0318457 -0.0110704 -0.0244105 -9.42465e-36 0.0165624 0.0132592 0.0163541 0.00398356 0.00551048 0.00351679 0.00843853 0.00551748 
0.0136021 0.057756 0.321768 0.168968 0.131045 0.0347506 0.0194362 -0.0225871 -0.0837997 -0.0473919 -0.0253608 -0.00319989 0.00335004 0.0154978 0.00999843 
1.11307e-34 1.38592e-34 0.147788 0.0798457 0.0695657 4.45686e-35 -5.31139e-34 -5.19862e-34 -0.0145023 -0.00396173 -0.00436064 -1.03877e-33 0.106282 0.104302 0.103414 
0.00188941 -0.0741645 -0.0625664 -0.070049 -0.0463729 -0.0569915 -0.026891 -0.00126936 -0.00790572 -0.00459726 -0.0161265 -0.0092841 0.0324278 0.0323215 0.0471442 
0.806179 0.40136 0.745835 0.583237 0.782629 0.63183 -0.0615084 -0.016264 -0.0316837 -0.024281 -0.0469356 -0.0371811 0.0463402 0.0523572 0.0685964 
0.647293 0.617574 0.845879 0.77314 0.76978 0.636609 -0.067433 -0.050648 -0.116793 -0.0862201 -0.094107 -0.0595752 0.0424236 0.0442603 0.0363946 
1.08906e-33 0.844961 1.07188e-33 0.544638 2.98993e-34 0.56337 1.05926e-35 -0.0584158 -2.98076e-34 -0.0301901 -4.34221e-36 -0.0805245 -0.0714608 0.013787 0.0530769 
0.268454 0.147788 0.119121 0.136372 0.19608 0.208207 -0.0239677 -0.0145023 -0.00517751 -0.00915674 -0.0137401 -0.0203094 0.0997656 0.103414 0.101107 
0.500021 0.49998 0.468797 0.492781 0.49274 0.499995 -0.000297368 -0.00112092 -0.000877962 -0.00101609 -0.00062773 -0.000763328 0.00843089 0.00380925 0.00560743 
0.500021 0.460895 0.49998 0.489585 0.499995 0.489666 -0.000297368 -0.000861425 -0.00112092 -0.0010128 -0.000763328 -0.000614576 0.00843089 0.00558008 0.00380925 
9.53168e-34 8.20772e-34 0.702555 0.405422 0.400738 3.51245e-34 -7.69606e-34 -5.32911e-34 -0.00762699 -0.0026028 -0.00194715 -1.29251e-33 0.160686 0.110465 0.119777 
-8.37878e-35 -0.0284835 -0.0625664 -0.0480192 -0.0449766 -0.0387938 -3.20314e-34 -0.0175863 -0.00790572 -0.0125969 -0.00271295 -0.00460246 0.0634772 0.0650444 0.0471442 
0.99939 0.995285 0.708113 0.909783 0.919533 0.997854 -0.0148736 -0.0348064 -0.0139268 -0.0246938 -0.0174206 -0.0237505 0.13042 0.0866587 0.107219 
9.53168e-34 0.702555 0.834547 0.773276 0.50696 0.400738 -7.69606e-34 -0.00762699 -0.00638282 -0.00738606 -0.00210245 -0.00194715 0.160686 0.119777 0.157305 
0.820102 0.754088 0.771296 0.80145 0.823751 0.786199 -0.146501 -0.152198 -0.107633 -0.136416 -0.131254 -0.150644 0.0319943 0.0412703 0.0433069 
0.358006 0.296799 0.20098 0.25121 0.287041 0.329073 0.00193312 0.000469097 0.000434525 0.000513825 0.00108752 0.00109274 0.0230677 0.0174899 0.0220333 
0.346344 0.321768 0.727564 0.52208 0.562418 0.335259 -0.0815652 -0.0837997 -0.143998 -0.122958 -0.123277 -0.0818817 -0.00183233 0.00999843 0.0151441 
0.98425 0.964491 0.745835 0.89988 0.909258 0.975196 -0.0603584 -0.0831965 -0.0316837 -0.0571817 -0.0477025 -0.071807 0.0559664 0.0388192 0.0685964 
1.0373e-34 -2.46262e-35 -0.0215453 -0.0082691 -0.00933578 8.17991e-35 9.04789e-35 6.2093e-35 0.0587857 0.0499665 0.056867 6.55054e-35 -0.0238717 0.00396156 -0.00150134 
0.99939 0.708113 0.648362 0.6801 0.904237 0.919533 -0.0148736 -0.0139268 -0.00624492 -0.00906641 -0.0124656 -0.0174206 0.13042 0.107219 0.140915 
0.99939 0.835559 0.995285 0.969456 0.997854 0.963643 -0.0148736 -0.0206466 -0.0348064 -0.0332389 -0.0237505 -0.021158 0.13042 0.0790851 0.0866587 
0.247089 0.183016 0.383002 0.29529 0.32153 0.215983 -0.000488319 -0.000244354 -0.000823145 -0.000559246 -0.000707363 -0.00037437 -3.91362e-05 0.00381802 0.00430326 
0.242692 0.3771 0.167591 0.285024 0.206309 0.316017 -0.000493366 -0.000842578 -0.000220398 -0.000552815 -0.000362535 -0.000717978 3.84042e-05 0.00394718 0.00365127 
0.387284 0.486458 0.441669 0.467947 0.416384 0.448727 -0.000164426 0.000738298 0.00173477 0.00128882 0.00060464 0.000217031 0.0103435 0.0124671 0.0172003 
7.36394e-34 0.648362 0.708113 0.6801 0.406702 0.362078 5.89788e-34 -0.00624492 -0.0139268 -0.00906641 -0.00403146 -0.00216925 0.121452 0.140915 0.107219 
0.382603 0.490735 0.496092 0.493436 0.445778 0.445455 -0.0256267 -0.0220599 -0.0347032 -0.0276942 -0.0316048 -0.0252125 0.0929815 0.0843407 0.0889346 
0.410404 0.487378 0.494199 0.490889 0.460433 0.456273 0.000335296 0.00495532 0.00102671 0.00330272 0.000462373 0.00241169 0.0682436 0.0614643 0.06718 
7.74209e-34 0.644899 0.774578 0.713332 0.457296 0.363285 -9.94786e-34 -0.00216804 -0.00164343 -0.00194276 -0.000604893 -0.000562456 0.208691 0.191092 0.233482 
0.998656 0.749908 0.624587 0.690385 0.89478 0.927949 -0.00141427 -0.000459381 -0.00062578 -0.000561759 -0.0012172 -0.000947445 0.269456 0.304935 0.269994 
0.00188941 0.267854 0.25127 0.260577 0.106575 0.117203 -0.026891 -0.0980284 -0.0856118 -0.0935294 -0.0521437 -0.0613322 0.0324278 0.0494121 0.0289289 
8.6253e-34 0.843041 0.648362 0.755328 0.366199 0.509953 7.97995e-34 -0.00517366 -0.00624492 -0.00603666 -0.00157922 -0.00209329 0.16351 0.176031 0.140915 
0.368457 0.448327 0.459742 0.454186 0.419978 0.412264 0.00741484 0.0109434 0.0108143 0.0109498 0.0093867 0.00944021 0.0440755 0.0487852 0.0434839 
3.34686e-34 3.45993e-34 0.413823 0.213961 0.194803 5.37129e-35 2.06037e-34 1.78537e-34 -0.0323043 -0.00843797 -0.00768629 4.14095e-34 0.0444941 0.0385439 0.0459339 
0.99939 0.702555 0.835559 0.773438 0.963643 0.933606 -0.0148736 -0.00762699 -0.0206466 -0.0118094 -0.021158 -0.0140335 0.13042 0.119777 0.0790851 
-3.41193e-35 -9.49095e-35 -0.0493918 -0.0357347 -0.0244105 -2.93329e-35 -9.42465e-36 -3.99025e-35 0.0165624 0.0052021 0.00551048 -6.61835e-35 0.00351679 0.0103588 0.00843853 
1.86135e-34 3.46852e-34 0.202443 0.107393 0.107628 6.90344e-35 -1.10771e-34 -8.29811e-35 0.000398391 7.5928e-05 0.000117305 -1.94179e-34 0.0224655 0.0168452 0.0205619 
0.75 0.749908 0.986662 0.905268 0.905287 0.749912 -4.06902e-37 -0.000459381 -0.000514734 -0.000551593 -0.000320065 -0.000249123 0.347048 0.304935 0.317513 
0.463618 0.608712 0.551994 0.58078 0.516576 0.554905 -0.0424582 -0.0845418 -0.0572567 -0.0701873 -0.051188 -0.0641389 0.0708822 0.0772488 0.0785008 
0.359675 0.490153 0.480744 0.484608 0.426636 0.427882 -0.00507511 -0.0247759 -0.0157583 -0.0201386 -0.0100452 -0.0132206 0.0746376 0.0786911 0.0776143 
0.348788 0.445822 0.451577 0.448481 0.405217 0.400059 0.00596593 0.00368548 0.00650903 0.00509378 0.00658485 0.00550791 0.0630458 0.0675001 0.0636016 
0.623311 0.733216 0.754088 0.756854 0.690082 0.714385 -0.150309 -0.127137 -0.152198 -0.142228 -0.153387 -0.146869 0.0526817 0.0555923 0.0412703 
0.396018 0.468351 0.479395 0.474008 0.445214 0.437515 0.00602531 0.0085753 0.00959008 0.00919285 0.00792077 0.00748233 0.0434789 0.0381672 0.0436885 
0.289718 0.436576 0.346701 0.396627 0.31906 0.373567 0.00183921 0.00480232 0.00347173 0.00430806 0.00259782 0.00329819 0.0278534 0.0275164 0.0320894 
0.500021 0.489198 0.486458 0.500045 0.496309 0.497645 -0.000297368 0.00132542 0.000738298 0.00111738 0.000200025 0.000444101 0.00843089 0.0145149 0.0124671 
0.623311 0.50108 0.267854 0.379668 0.453888 0.569598 -0.150309 -0.13696 -0.0980284 -0.118611 -0.131794 -0.1468 0.0526817 0.0391597 0.0494121 
0.501321 0.446344 0.493 0.474361 0.498637 0.485284 0.0101756 0.00909416 0.0111691 0.0103526 0.0107625 0.0101563 0.0360654 0.0381378 0.0399772 
-1.41367e-35 -3.41193e-35 -0.0143454 -0.0110704 -0.00174187 2.04887e-37 -1.12798e-35 -9.42465e-36 0.0132592 0.00398356 0.00178938 -4.46833e-35 0.00550741 0.00351679 0.00551748 
0.368457 0.459742 0.446344 0.453229 0.411394 0.419978 0.00741484 0.0108143 0.00909416 0.0100573 0.00851528 0.0093867 0.0440755 0.0434839 0.0381378 
0.346344 0.103144 0.022329 0.0508325 0.131635 0.217758 -0.0815652 0.00168373 0.0451313 0.0318517 -0.00991501 -0.0420924 -0.00183233 -0.0294276 -0.00929364 
-1.41367e-35 -0.0143454 -3.65341e-35 -0.00431022 -5.39865e-35 -0.00174187 -1.12798e-35 0.0132592 1.91212e-35 0.00975152 -2.98476e-36 0.00178938 0.00550741 0.00551748 0.0078184 
0.445957 0.346701 0.436576 0.396627 0.441262 0.402564 0.00632476 0.00347173 0.00480232 0.00430806 0.00557519 0.00495211 0.0320527 0.0320894 0.0275164 
0.647293 0.304379 0.617574 0.460112 0.636609 0.489931 -0.067433 -0.0160977 -0.050648 -0.0304453 -0.0595752 -0.0387266 0.0424236 0.0411173 0.0442603 
0.623311 0.754088 0.50108 0.645377 0.569598 0.690082 -0.150309 -0.152198 -0.13696 -0.15256 -0.1468 -0.153387 0.0526817 0.0412703 0.0391597 
0.407312 0.42939 0.489198 0.465837 0.458396 0.418886 -3.17594e-05 0.00153437 0.00132542 0.00151508 0.000551102 0.00063113 0.0114303 0.0176644 0.0145149 
9.52593e-34 6.96061e-34 0.706342 0.405708 0.405302 3.06612e-34 1.24603e-33 1.47567e-33 -0.000667807 -0.000167859 -0.00028 2.72274e-33 0.254411 0.301078 0.280164 
0.348788 0.451577 0.443669 0.447402 0.400801 0.405217 0.00596593 0.00650903 0.00875035 0.00780492 0.0074557 0.00658485 0.0630458 0.0636016 0.0591444 
0.998656 0.996997 0.844238 0.971186 0.967823 0.997854 -0.00141427 -0.00270026 -0.00207744 -0.00269176 -0.00201643 -0.00208255 0.269456 0.232942 0.230418 
0.359675 0.480744 0.45922 0.469402 0.414496 0.426636 -0.00507511 -0.0157583 -0.00705738 -0.0109104 -0.00625603 -0.0100452 0.0746376 0.0776143 0.0749206 
0.99939 0.648362 0.843041 0.755328 0.957192 0.904237 -0.0148736 -0.00624492 -0.00517366 -0.00603666 -0.0098465 -0.0124656 0.13042 0.140915 0.176031 
0.505937 0.443669 0.494383 0.4728 0.501461 0.484712 0.00877135 0.00875035 0.00752396 0.00840762 0.00817999 0.00910145 0.0581595 0.0591444 0.0612053 
4.77261e-34 3.34686e-34 0.318836 0.159608 0.145992 8.6139e-35 2.21622e-34 2.06037e-34 -0.0216411 -0.00579338 -0.00526629 4.71235e-34 0.0509551 0.0444941 0.0493888 
-0.0352938 -0.0143454 -0.0493918 -0.0318457 -0.0441454 -0.0263111 0.0376575 0.0132592 0.0165624 0.0163541 0.027341 0.0259087 0.00487719 0.00551748 0.00843853 
0.346344 0.119956 0.321768 0.215452 0.335259 0.21448 -0.0815652 -0.0111291 -0.0837997 -0.049289 -0.0818817 -0.0430715 -0.00183233 -0.00243425 0.00999843 
0.463618 0.631161 0.608712 0.61983 0.554905 0.555004 -0.0424582 -0.0937797 -0.0845418 -0.0894953 -0.0641389 -0.0661787 0.0708822 0.0703362 0.0772488 
0.524786 0.45922 0.519953 0.494821 0.523461 0.504701 -0.0138426 -0.00705738 -0.0169737 -0.0117539 -0.0155105 -0.0107744 0.0776141 0.0749206 0.078594 
0.57113 0.551994 0.599184 0.587722 0.586053 0.584933 -0.078117 -0.0572567 -0.0856863 -0.0721579 -0.082272 -0.0704741 0.0884335 0.0785008 0.0838307 
0.989582 0.844238 0.996997 0.971186 0.993856 0.978456 -0.00463694 -0.00207744 -0.00270026 -0.00269176 -0.00344408 -0.00373985 0.198156 0.230418 0.232942 
0.998656 0.624587 0.774578 0.704248 0.934731 0.89478 -0.00141427 -0.00062578 -0.00164343 -0.000982091 -0.00179924 -0.0012172 0.269456 0.269994 0.233482 
0.89452 0.727564 0.845879 0.850264 0.87633 0.837542 -0.127453 -0.143998 -0.116793 -0.142248 -0.123572 -0.142573 0.0268502 0.0151441 0.0363946 
0.0169279 -0.0625664 -0.0284835 -0.0480192 -0.0126335 -0.0380966 -0.0381949 -0.00790572 -0.0175863 -0.0125969 -0.0277222 -0.0200968 0.0517629 0.0471442 0.0650444 
1.0373e-34 0.022329 0.103144 0.0508325 0.00939449 -0.000155339 9.04789e-35 0.0451313 0.00168373 0.0318517 0.0389793 0.0537041 -0.0238717 -0.00929364 -0.0294276 
0.592905 0.634434 0.631161 0.646352 0.657142 0.622347 -0.13306 -0.113339 -0.0937797 -0.106017 -0.120628 -0.124709 0.0744923 0.0778555 0.0703362 
4.86372e-34 0.617574 0.304379 0.460112 0.160869 0.31878 1.70747e-34 -0.050648 -0.0160977 -0.0304453 -0.00527949 -0.0143288 0.0385828 0.0442603 0.0411173 
0.66703 0.733216 0.670098 0.712411 0.696559 0.701719 -0.103503 -0.127137 -0.140719 -0.137245 -0.126435 -0.115417 0.0628004 0.0555923 0.0644675 
0.623311 0.670098 0.733216 0.712411 0.714385 0.653133 -0.150309 -0.140719 -0.127137 -0.137245 -0.146869 -0.147637 0.0526817 0.0644675 0.0555923 
0.445957 0.436576 0.49468 0.473069 0.47644 0.441262 0.00632476 0.00480232 0.00809096 0.00652261 0.00736687 0.00557519 0.0320527 0.0275164 0.0313003 
2.80859e-35 0.0909505 0.0302543 0.0596709 0.00598027 0.0244863 -4.85192e-34 -0.0238994 -0.0187133 -0.021586 -0.0053701 -0.00716489 0.0958521 0.098594 0.0896994 
0.0136021 0.321768 0.119956 0.215452 0.058028 0.131045 0.0194362 -0.0837997 -0.0111291 -0.049289 0.00936126 -0.0253608 0.00335004 0.00999843 -0.00243425 
0.396018 0.479395 0.47769 0.478595 0.443299 0.445214 0.00602531 0.00959008 0.00909462 0.00944812 0.00776223 0.00792077 0.0434789 0.0436885 0.0492999 
0.269629 0.167591 0.3771 0.285024 0.3275 0.220933 -0.000383308 -0.000220398 -0.000842578 -0.000552815 -0.000606256 -0.000314227 0.00663317 0.00365127 0.00394718 
0.276443 0.383002 0.183016 0.29529 0.231774 0.334042 -0.000373225 -0.000823145 -0.000244354 -0.000559246 -0.000322015 -0.000589284 0.00729764 0.00430326 0.00381802 
6.39397e-34 8.83257e-34 0.745835 0.437064 0.415881 3.68386e-35 2.69903e-34 4.04189e-34 -0.0316837 -0.00975373 -0.012184 6.99914e-34 0.058214 0.0859751 0.0685964 
0.75 0.437595 0.749908 0.609305 0.749912 0.609435 -4.06902e-37 -8.44078e-05 -0.000459381 -0.000202937 -0.000249123 -7.78982e-05 0.347048 0.324137 0.304935 
0.410669 0.383002 0.468797 0.432809 0.443525 0.397302 -0.00110234 -0.000823145 -0.000877962 -0.000896234 -0.00109535 -0.000993565 -2.06441e-05 0.00430326 0.00560743 
0.40563 0.460895 0.3771 0.424753 0.391834 0.436178 -0.00110955 -0.000861425 -0.000842578 -0.000901269 -0.00100416 -0.00109092 2.40304e-05 0.00558008 0.00394718 
0.820102 0.845879 0.727564 0.850264 0.789992 0.848007 -0.146501 -0.116793 -0.143998 -0.142248 -0.148999 -0.134835 0.0319943 0.0363946 0.0151441 
0.410404 0.494199 0.488434 0.491735 0.455276 0.460433 0.000335296 0.00102671 -0.00430417 -0.00149452 -0.00166123 0.000462373 0.0682436 0.06718 0.0728234 
0.998656 0.706342 0.9373 0.843073 0.98861 0.936021 -0.00141427 -0.000667807 -0.000610793 -0.000735988 -0.0010487 -0.00124677 0.269456 0.280164 0.307515 
3.462e-34 1.89933e-34 0.20098 0.106966 0.107248 7.89545e-35 9.12025e-35 1.21394e-34 0.000434525 0.00012799 8.72296e-05 2.12124e-34 0.0185586 0.0247225 0.0220333 
0.503733 0.47769 0.503375 0.49497 0.504954 0.501632 0.0112669 0.00909462 0.0111919 0.0103194 0.0113212 0.0104976 0.050975 0.0492999 0.0472841 
0.989582 0.999419 0.843041 0.965408 0.978214 0.996153 -0.00463694 -0.00836774 -0.00517366 -0.00743123 -0.00596656 -0.00657071 0.198156 0.165406 0.176031 
0.382603 0.496092 0.461186 0.481164 0.422686 0.445778 -0.0256267 -0.0347032 -0.0484036 -0.0414692 -0.0365864 -0.0316048 0.0929815 0.0889346 0.0946235 
7.36394e-34 8.6253e-34 0.648362 0.366199 0.362078 3.64354e-34 5.89788e-34 7.97995e-34 -0.00624492 -0.00157922 -0.00216925 1.39554e-33 0.121452 0.16351 0.140915 
0.410669 0.247089 0.383002 0.32153 0.397302 0.339342 -0.00110234 -0.000488319 -0.000823145 -0.000707363 -0.000993565 -0.000805772 -2.06441e-05 -3.91362e-05 0.00430326 
0.242692 0.40563 0.3771 0.391834 0.316017 0.334106 -0.000493366 -0.00110955 -0.000842578 -0.00100416 -0.000717978 -0.000816952 3.84042e-05 2.40304e-05 0.00394718 
0.653378 0.318836 0.413823 0.36467 0.552221 0.501145 -0.0844511 -0.0216411 -0.0323043 -0.0266109 -0.0579877 -0.0500017 0.050723 0.0493888 0.0459339 
-3.25718e-34 0.586455 6.96061e-34 0.325015 4.9036e-34 0.325164 8.53288e-34 -0.000189634 1.47567e-33 -7.09329e-05 3.18241e-33 -3.84589e-05 0.348156 0.31732 0.301078 
6.96061e-34 0.586455 0.706342 0.649026 0.405708 0.325015 1.47567e-33 -0.000189634 -0.000667807 -0.000360104 -0.000167859 -7.09329e-05 0.301078 0.31732 0.280164 
0.500021 0.468797 0.479473 0.474453 0.495322 0.49274 -0.000297368 -0.000877962 2.39142e-07 -0.00052127 -0.000127823 -0.00062773 0.00843089 0.00560743 0.0101873 
0.407312 0.479473 0.468797 0.474453 0.442176 0.44988 -3.17594e-05 2.39142e-07 -0.000877962 -0.00052127 -0.000452261 -9.42553e-06 0.0114303 0.0101873 0.00560743 
7.276e-34 0.624587 0.749908 0.690385 0.437501 0.349622 -1.43501e-33 -0.00062578 -0.000459381 -0.000561759 -0.00013763 -0.000152092 0.301297 0.269994 0.304935 
1 0.75 0.986662 0.905287 0.99666 0.9375 -6.56893e-37 -4.06902e-37 -0.000514734 -0.000320065 -0.000365732 -1.09415e-36 0.347558 0.347048 0.317513 
0.99939 0.843041 0.999419 0.965408 0.999785 0.957192 -0.0148736 -0.00517366 -0.00836774 -0.00743123 -0.0108451 -0.0098465 0.13042 0.176031 0.165406 
1.95343e-34 1.99673e-34 0.21198 0.114314 0.112757 8.53745e-35 -4.28388e-34 -3.92485e-34 -0.00229451 -0.000476942 -0.00070494 -8.18658e-34 0.086535 0.0793648 0.0826769 
0.51581 0.488434 0.514715 0.506832 0.516464 0.513681 -0.00336054 -0.00430417 -0.000692952 -0.00251887 -0.00203753 -0.00428308 0.0716492 0.0728234 0.0691623 
1.98015e-34 1.95993e-34 0.212819 0.112771 0.113698 8.4768e-35 -2.89978e-34 -2.58051e-34 0.00130581 0.000377845 0.000343949 -5.49089e-34 0.0588078 0.0523544 0.0559909 
0.989582 0.774578 0.644899 0.713332 0.878677 0.916576 -0.00463694 -0.00164343 -0.00216804 -0.00194276 -0.00397934 -0.00312163 0.198156 0.233482 0.191092 
1.62951e-34 1.60669e-34 0.178679 0.0934319 0.0949029 7.00936e-35 2.57622e-34 2.80545e-34 0.00210077 0.000568633 0.000573884 5.3646e-34 0.0524091 0.0570798 0.054231 
1.43275e-34 1.41718e-34 0.162134 0.0828972 0.0839786 6.00959e-35 3.36219e-34 3.48927e-34 0.00145498 0.000403119 0.000476953 6.84119e-34 0.0684578 0.0710689 0.0695671 
1.36071e-34 1.41852e-34 0.167775 0.0830061 0.0815993 5.27915e-35 3.56464e-34 3.46857e-34 -0.00229645 -0.000605719 -0.000331596 7.05618e-34 0.072765 0.0709178 0.0726772 
-1.02449e-34 -8.37878e-35 -0.0625664 -0.0449766 -0.0511436 -6.60152e-35 -2.12416e-34 -3.20314e-34 -0.00790572 -0.00271295 -0.00178039 -5.23625e-34 0.0427185 0.0634772 0.0471442 
0.539153 0.621135 0.321768 0.476929 0.43803 0.578502 -0.137887 -0.14185 -0.0837997 -0.119185 -0.116099 -0.140083 0.029659 0.0214629 0.00999843 
1.81895e-34 4.77261e-34 0.249533 0.128662 0.117968 7.24115e-35 2.78781e-34 2.21622e-34 -0.0145015 -0.00425894 -0.00355418 5.34858e-34 0.0576142 0.0509551 0.0588062 
1.74834e-34 3.01342e-34 0.197847 0.10433 0.105001 8.17296e-35 -1.67565e-34 -1.38147e-34 0.00102485 0.000248178 0.000279929 -3.07187e-34 0.0339972 0.0281742 0.0325595 
0.358006 0.464858 0.473012 0.469155 0.426736 0.420631 0.00193312 0.00576413 0.00363871 0.00469584 0.00291382 0.00373434 0.0230677 0.0273222 0.0216237 
0.9373 0.706342 0.586455 0.649026 0.800417 0.843073 -0.000610793 -0.000667807 -0.000189634 -0.000360104 -0.000404228 -0.000735988 0.307515 0.280164 0.31732 
0.555174 0.461186 0.542879 0.515743 0.549005 0.524503 -0.0496824 -0.0484036 -0.0414364 -0.0467464 -0.0455257 -0.0519844 0.0865133 0.0946235 0.0864223 
1 0.986662 0.9373 0.995448 0.984305 0.99666 -6.56893e-37 -0.000514734 -0.000610793 -0.000628081 -0.000457054 -0.000365732 0.347558 0.317513 0.307515 
-1.20827e-34 -1.02449e-34 -0.0741645 -0.0530103 -0.0535346 -6.96598e-35 -1.15121e-34 -2.12416e-34 -0.00126936 -0.000384725 0.00117495 -3.28686e-34 0.0244725 0.0427185 0.0323215 
6.39397e-34 0.745835 0.40136 0.583237 0.216162 0.415881 2.69903e-34 -0.0316837 -0.016264 -0.024281 -0.00512494 -0.012184 0.058214 0.0685964 0.0523572 
-3.25718e-34 0.75 0.586455 0.673374 0.325164 0.4375 8.53288e-34 -3.51248e-37 -0.000189634 -0.000124614 -3.84589e-05 -1.0604e-37 0.348156 0.348119 0.31732 
1.77091e-34 1.72165e-34 0.19232 0.101479 0.102833 6.92542e-35 2.07206e-34 2.33225e-34 0.00195061 0.000558326 0.000525333 4.38832e-34 0.0421353 0.0474309 0.0444761 
3.33397e-34 1.78967e-34 0.199578 0.10608 0.10694 7.2849e-35 1.52176e-34 1.79777e-34 0.00134372 0.000377927 0.000343299 3.2976e-34 0.0307354 0.0365739 0.0345354 
1.53614e-34 1.49141e-34 0.168843 0.0875065 0.0888898 6.55476e-35 3.01416e-34 3.20307e-34 0.00191096 0.000534015 0.000568593 6.2022e-34 0.0613386 0.0651985 0.0630321 
1.37272e-34 1.35675e-34 0.159505 0.0801031 0.0804492 5.5566e-35 3.56785e-34 3.59765e-34 0.000279524 0.000122357 0.000262165 7.16655e-34 0.0727003 0.0733494 0.0732753 
1.51511e-34 1.64158e-34 0.195828 0.0966456 0.0918035 5.698e-35 3.29944e-34 3.0644e-34 -0.00727034 -0.0019528 -0.00151485 6.42891e-34 0.0676508 0.0630221 0.0670534 
1.65354e-34 1.85958e-34 0.192437 0.104881 0.0998395 7.32258e-35 -4.95548e-34 -4.63588e-34 -0.00689673 -0.00180203 -0.00216324 -9.53066e-34 0.0997532 0.0934145 0.0955654 
2.00977e-34 2.0144e-34 0.215994 0.115242 0.115443 8.77986e-35 -3.57146e-34 -3.23028e-34 0.000356967 0.000138522 1.46103e-05 -6.8028e-34 0.0723082 0.0654547 0.0689053 
1.91177e-34 1.86331e-34 0.204908 0.108249 0.109251 8.27056e-35 -2.27037e-34 -1.96906e-34 0.00143116 0.000371966 0.000389966 -4.25095e-34 0.046076 0.0399648 0.0432565 
0.647293 0.771296 0.413823 0.623872 0.532193 0.722564 -0.067433 -0.107633 -0.0323043 -0.0692818 -0.0493011 -0.0878974 0.0424236 0.0433069 0.0459339 
0.592905 0.463219 0.634434 0.572182 0.622347 0.528272 -0.13306 -0.111629 -0.113339 -0.119202 -0.124709 -0.123715 0.0744923 0.0857133 0.0778555 
0.592091 0.634434 0.463219 0.572182 0.542384 0.614186 -0.10563 -0.113339 -0.111629 -0.119202 -0.112502 -0.110038 0.0842815 0.0778555 0.0857133 
0.653378 0.771296 0.754088 0.80145 0.770342 0.714687 -0.0844511 -0.107633 -0.152198 -0.136416 -0.127407 -0.096679 0.050723 0.0433069 0.0412703 
0.346344 0.022329 0.119956 0.0654315 0.21448 0.131635 -0.0815652 0.0451313 -0.0111291 0.016993 -0.0430715 -0.00991501 -0.00183233 -0.00929364 -0.00243425 
0.500021 0.479473 0.489198 0.48475 0.497645 0.495322 -0.000297368 2.39142e-07 0.00132542 0.00061887 0.000444101 -0.000127823 0.00843089 0.0101873 0.0145149 
-4.08378e-34 7.276e-34 0.437595 0.234461 0.234401 6.19402e-34 -8.26175e-34 -1.43501e-33 -8.44078e-05 -5.14952e-05 -2.43296e-05 -3.08714e-33 0.346984 0.301297 0.324137 
0.99939 0.834547 0.702555 0.773276 0.933606 0.962428 -0.0148736 -0.00638282 -0.00762699 -0.00738606 -0.0140335 -0.0111703 0.13042 0.157305 0.119777 
0.19832 0.0302543 0.0909505 0.0596709 0.13796 0.100031 -0.065782 -0.0187133 -0.0238994 -0.021586 -0.0443656 -0.0414703 0.090338 0.0896994 0.098594 
0.653378 0.413823 0.771296 0.623872 0.714687 0.552221 -0.0844511 -0.0323043 -0.107633 -0.0692818 -0.096679 -0.0579877 0.050723 0.0459339 0.0433069 
0.407312 0.489198 0.479473 0.48475 0.44988 0.458396 -3.17594e-05 0.00132542 2.39142e-07 0.00061887 -9.42553e-06 0.000551102 0.0114303 0.0145149 0.0101873 
-8.37878e-35 -1.78353e-35 -0.0284835 -0.0274808 -0.0387938 -3.8271e-35 -3.20314e-34 -4.29783e-34 -0.0175863 -0.00585163 -0.00460246 -7.15232e-34 0.0634772 0.0818059 0.0650444 
7.276e-34 0.749908 0.437595 0.609305 0.234461 0.437501 -1.43501e-33 -0.000459381 -8.44078e-05 -0.000202937 -5.14952e-05 -0.00013763 0.301297 0.304935 0.324137 
1.95343e-34 0.21198 0.155383 0.18426 0.082656 0.112757 -4.28388e-34 -0.00229451 -0.00249387 -0.00248683 -0.000607747 -0.00070494 0.086535 0.0826769 0.089475 
0.75 0.9373 0.586455 0.800417 0.673374 0.85927 -3.51248e-37 -0.000610793 -0.000189634 -0.000404228 -0.000124614 -0.000331056 0.348119 0.307515 0.31732 
0.315411 0.155383 0.21198 0.18426 0.26808 0.24109 -0.0108228 -0.00249387 -0.00229451 -0.00248683 -0.00578287 -0.0062909 0.0886531 0.089475 0.0826769 
1.98015e-34 0.212819 0.162424 0.188369 0.0847124 0.113698 -2.89978e-34 0.00130581 0.000519186 0.000876041 0.000166696 0.000343949 0.0588078 0.0559909 0.0622228 
0.0136021 0.119956 0.022329 0.0654315 0.0224171 0.058028 0.0194362 -0.0111291 0.0451313 0.016993 0.0337326 0.00936126 0.00335004 -0.00243425 -0.00929364 
7.276e-34 7.40759e-34 0.624587 0.350014 0.349622 4.30347e-34 -1.43501e-33 -1.21614e-33 -0.00062578 -0.00022941 -0.000152092 -2.65047e-33 0.301297 0.255264 0.269994 
0.331288 0.162424 0.212819 0.188369 0.275654 0.253802 0.00213716 0.000519186 0.00130581 0.000876041 0.00186463 0.00123958 0.0624172 0.0622228 0.0559909 
1.89933e-34 3.33397e-34 0.193794 0.102632 0.103095 8.62905e-35 1.21394e-34 1.52176e-34 0.000639824 0.00024142 0.000150545 2.71806e-34 0.0247225 0.0307354 0.0260392 
7.74209e-34 9.53168e-34 0.644899 0.364844 0.363285 4.15188e-34 -9.94786e-34 -7.69606e-34 -0.00216804 -0.00104435 -0.000562456 -1.75982e-33 0.208691 0.160686 0.191092 
0.0598197 0.275637 0.101472 0.186369 0.0780572 0.156634 -0.0413929 -0.0916707 -0.0596793 -0.0774417 -0.0506372 -0.0672089 0.0782106 0.0805499 0.0664131 
0.653378 0.754088 0.733216 0.756854 0.712871 0.770342 -0.0844511 -0.152198 -0.127137 -0.142228 -0.10878 -0.127407 0.050723 0.0412703 0.0555923 
0.647293 0.413823 0.304379 0.364215 0.489931 0.532193 -0.067433 -0.0323043 -0.0160977 -0.0236299 -0.0387266 -0.0493011 0.0424236 0.0459339 0.0411173 
1.60669e-34 0.127442 0.178679 0.153169 0.0934319 0.0664955 2.80545e-34 0.00112338 0.00210077 0.00158188 0.000568633 0.000314673 0.0570798 0.059008 0.054231 
1.62951e-34 0.178679 0.135197 0.157599 0.0697796 0.0949029 2.57622e-34 0.00210077 0.00111315 0.00156402 0.000311521 0.000573884 0.0524091 0.054231 0.0497012 
1.41718e-34 0.115461 0.162134 0.138862 0.0828972 0.0588157 3.48927e-34 0.000610392 0.00145498 0.000982421 0.000403119 0.000211553 0.0710689 0.0719132 0.0695671 
1.43275e-34 0.162134 0.120359 0.141452 0.0613472 0.0839786 3.36219e-34 0.00145498 0.000958063 0.00116556 0.000293423 0.000476953 0.0684578 0.0695671 0.0667199 
1.41852e-34 0.125678 0.167775 0.147008 0.0830061 0.0602889 3.46857e-34 -0.00224852 -0.00229645 -0.00238369 -0.000605719 -0.000467661 0.0709178 0.0700516 0.0726772 
1.36071e-34 0.167775 0.115308 0.140484 0.0574925 0.0815993 3.56464e-34 -0.00229645 -0.000352628 -0.00122662 -3.29149e-05 -0.000331596 0.072765 0.0726772 0.0733916 
0.286935 0.135197 0.178679 0.157599 0.234867 0.215991 0.00502192 0.00111315 0.00210077 0.00156402 0.00354131 0.00285731 0.0492346 0.0497012 0.054231 
0.266603 0.120359 0.162134 0.141452 0.215786 0.196179 0.00363661 0.000958063 0.00145498 0.00116556 0.00243131 0.0022426 0.0665488 0.0667199 0.0695671 
0.299482 0.178679 0.127442 0.153169 0.218864 0.2425 0.00557933 0.00210077 0.00112338 0.00158188 0.00315622 0.00384928 0.0581769 0.054231 0.059008 
0.275957 0.115308 0.167775 0.140484 0.223591 0.195826 -0.00422063 -0.000352628 -0.00229645 -0.00122662 -0.00357583 -0.00170084 0.0741832 0.0733916 0.0726772 
0.290557 0.162134 0.115461 0.138862 0.205255 0.22703 0.00102748 0.00145498 0.000610392 0.000982421 0.00114526 0.00176763 0.0721156 0.0695671 0.0719132 
0.341723 0.167775 0.125678 0.147008 0.233964 0.251435 -0.0175895 -0.00229645 -0.00224852 -0.00238369 -0.00809907 -0.00784518 0.0725688 0.0726772 0.0700516 
9.53168e-34 0.834547 0.644899 0.748294 0.364844 0.50696 -7.69606e-34 -0.00638282 -0.00216804 -0.00366293 -0.00104435 -0.00210245 0.160686 0.157305 0.191092 
0.539153 0.50108 0.754088 0.645377 0.667881 0.519653 -0.137887 -0.13696 -0.152198 -0.15256 -0.152553 -0.137763 0.029659 0.0391597 0.0412703 
0.348886 0.212819 0.155227 0.184442 0.2612 0.286569 0.00433837 0.00130581 0.000801211 0.0010605 0.00233689 0.00264088 0.0503628 0.0559909 0.0494411 
1.95993e-34 0.155227 0.212819 0.184442 0.112771 0.0813437 -2.58051e-34 0.000801211 0.00130581 0.0010605 0.000377845 0.000211898 0.0523544 0.0494411 0.0559909 
0.209408 0.0788906 0.147788 0.11245 0.179431 0.139881 -0.0387915 -0.010554 -0.0145023 -0.0127556 -0.0257815 -0.0240465 0.101994 0.103315 0.103414 
1.15778e-34 0.167591 2.73963e-34 0.0879643 1.12032e-34 0.0881207 -3.22349e-37 -0.000220398 -2.82865e-35 -6.38571e-05 -2.84755e-35 -8.95493e-05 7.4843e-05 0.00365127 0.0056889 
3.45993e-34 0.304379 0.413823 0.364215 0.213961 0.146188 1.78537e-34 -0.0160977 -0.0323043 -0.0236299 -0.00843797 -0.00436484 0.0385439 0.0411173 0.0459339 
0.346344 0.47414 0.103144 0.246784 0.217758 0.395965 -0.0815652 -0.111561 0.00168373 -0.0569388 -0.0420924 -0.0930567 -0.00183233 -0.0247058 -0.0294276 
1.11307e-34 0.147788 0.0788906 0.11245 0.0420658 0.0695657 -5.31139e-34 -0.0145023 -0.010554 -0.0127556 -0.00284947 -0.00436064 0.106282 0.103414 0.103315 
1.19812e-34 2.80688e-34 0.183016 0.0967996 0.096632 1.01801e-34 -3.1689e-37 2.97842e-35 -0.000244354 -6.92236e-05 -9.91231e-05 2.96213e-35 -7.20928e-05 0.00611514 0.00381802 
0.355365 0.21198 0.159645 0.187142 0.267543 0.289086 -0.00310967 -0.00229451 -0.000385437 -0.00115638 -0.00150721 -0.00331745 0.0759435 0.0826769 0.0758084 
0.301321 0.101472 0.275637 0.186369 0.287735 0.194865 -0.103875 -0.0596793 -0.0916707 -0.0774417 -0.0982897 -0.0822274 0.0666364 0.0664131 0.0805499 
1.77091e-34 0.19232 0.148693 0.171229 0.0773352 0.102833 2.07206e-34 0.00195061 0.000954206 0.00141261 0.000271981 0.000525333 0.0421353 0.0444761 0.0394073 
1.99673e-34 0.159645 0.21198 0.187142 0.114314 0.0834039 -3.92485e-34 -0.000385437 -0.00229451 -0.00115638 -0.000476942 -0.000159868 0.0793648 0.0758084 0.0826769 
1.85958e-34 0.155383 0.192437 0.175858 0.104881 0.0803742 -4.63588e-34 -0.00249387 -0.00689673 -0.00441356 -0.00180203 -0.000803752 0.0934145 0.089475 0.0955654 
1.72165e-34 0.135197 0.19232 0.164044 0.101479 0.0708287 2.33225e-34 0.00111315 0.00195061 0.00152483 0.000558326 0.000305478 0.0474309 0.0497012 0.0444761 
1.65354e-34 0.192437 0.119121 0.155898 0.0640195 0.0998395 -4.95548e-34 -0.00689673 -0.00517751 -0.00621737 -0.00138227 -0.00216324 0.0997532 0.0955654 0.101107 
2.0144e-34 0.162424 0.215994 0.1899 0.115242 0.0852087 -3.23028e-34 0.000519186 0.000356967 0.00046538 0.000138522 0.000126611 0.0654547 0.0622228 0.0689053 
1.53614e-34 0.168843 0.127442 0.148611 0.0654214 0.0888898 3.01416e-34 0.00191096 0.00112338 0.0014715 0.000321879 0.000568593 0.0613386 0.0630321 0.059008 
1.49141e-34 0.120359 0.168843 0.144658 0.0875065 0.0622783 3.20307e-34 0.000958063 0.00191096 0.00136232 0.000534015 0.000298772 0.0651985 0.0667199 0.0630321 
1.37272e-34 0.159505 0.115461 0.13717 0.0582166 0.0804492 3.56785e-34 0.000279524 0.000610392 0.000431426 0.000203651 0.000262165 0.0727003 0.0732753 0.0719132 
1.35675e-34 0.115308 0.159505 0.137472 0.0801031 0.0572263 3.59765e-34 -0.000352628 0.000279524 -0.000191048 0.000122357 2.96084e-05 0.0733494 0.0733916 0.0732753 
1.51511e-34 0.195828 0.125678 0.158394 0.0623578 0.0918035 3.29944e-34 -0.00727034 -0.00224852 -0.00447639 -0.000599762 -0.00151485 0.0676508 0.0670534 0.0700516 
2.00977e-34 0.215994 0.159645 0.188628 0.0838223 0.115443 -3.57146e-34 0.000356967 -0.000385437 -9.79608e-05 -9.3391e-05 1.46103e-05 0.0723082 0.0689053 0.0758084 
1.64158e-34 0.151789 0.195828 0.1747 0.0966456 0.070997 3.0644e-34 -0.00553421 -0.00727034 -0.00667402 -0.0019528 -0.00129614 0.0630221 0.0617625 0.0670534 
1.86331e-34 0.14694 0.204908 0.176222 0.108249 0.0768109 -1.96906e-34 0.000650137 0.00143116 0.00101027 0.000371966 0.000178545 0.0399648 0.0371238 0.0432565 
1.91177e-34 0.204908 0.155227 0.180792 0.0805987 0.109251 -2.27037e-34 0.00143116 0.000801211 0.00111569 0.000213879 0.000389966 0.046076 0.0432565 0.0494411 
0.19832 0.463219 0.275637 0.375025 0.234627 0.329847 -0.065782 -0.111629 -0.0916707 -0.104903 -0.0790354 -0.0922944 0.090338 0.0857133 0.0805499 
0.499871 0.497531 0.464858 0.485773 0.493948 0.500311 0.00677263 0.00530863 0.00576413 0.00565602 0.00659858 0.0060949 0.0272733 0.0240947 0.0273222 
1.19812e-34 0.183016 0.247089 0.215983 0.133929 0.096632 -3.1689e-37 -0.000244354 -0.000488319 -0.00037437 -0.000179564 -9.91231e-05 -7.20928e-05 0.00381802 -3.91362e-05 
0.00188941 0.25127 0.057756 0.145262 0.0279816 0.106575 -0.026891 -0.0856118 -0.0225871 -0.0541356 -0.0248521 -0.0521437 0.0324278 0.0289289 0.0154978 
1.15778e-34 0.242692 0.167591 0.206309 0.0881207 0.131372 -3.22349e-37 -0.000493366 -0.000220398 -0.000362535 -8.95493e-05 -0.000180202 7.4843e-05 3.84042e-05 0.00365127 
0.354388 0.478644 0.436576 0.460408 0.399231 0.43012 0.00181759 0.00446904 0.00480232 0.00475879 0.00316948 0.00317379 0.0221604 0.0231559 0.0275164 
3.34686e-34 0.413823 0.318836 0.36467 0.159608 0.194803 2.06037e-34 -0.0323043 -0.0216411 -0.0266109 -0.00579338 -0.00768629 0.0444941 0.0459339 0.0493888 
0.19832 0.0909505 0.289346 0.18109 0.24532 0.13796 -0.065782 -0.0238994 -0.0695199 -0.0477575 -0.0686884 -0.0443656 0.090338 0.098594 0.0970639 
0.209408 0.289346 0.0909505 0.18109 0.148559 0.247323 -0.0387915 -0.0695199 -0.0238994 -0.0477575 -0.0325161 -0.054026 0.101994 0.0970639 0.098594 
0.592905 0.670098 0.514082 0.607055 0.559704 0.632366 -0.13306 -0.140719 -0.137497 -0.143821 -0.137828 -0.137584 0.0744923 0.0644675 0.0626161 
3.01342e-34 1.86135e-34 0.185714 0.0979225 0.0983074 9.2582e-35 -1.38147e-34 -1.10771e-34 0.000501854 0.000118827 0.000170462 -2.50109e-34 0.0281742 0.0224655 0.0242367 
0.499803 0.497531 0.478644 0.498193 0.493283 0.499993 0.0032948 0.00530863 0.00446904 0.00512541 0.0039846 0.00428892 0.0191468 0.0240947 0.0231559 
0.499871 0.478644 0.497531 0.498193 0.500311 0.492836 0.00677263 0.00446904 0.00530863 0.00512541 0.0060949 0.00564078 0.0272733 0.0231559 0.0240947 
0.488719 0.490839 0.49998 0.498034 0.496825 0.499986 -0.00140616 -0.0013891 -0.00112092 -0.00131283 -0.00132539 -0.00138155 1.33323e-05 -1.17511e-05 0.00380925 
0.209408 0.0909505 0.0788906 0.0863847 0.139881 0.148559 -0.0387915 -0.0238994 -0.010554 -0.0164748 -0.0240465 -0.0325161 0.101994 0.098594 0.103315 
6.59327e-35 0.0788906 0.0909505 0.0863847 0.0396686 0.0328033 -5.20684e-34 -0.010554 -0.0238994 -0.0164748 -0.00701618 -0.00329383 0.103644 0.103315 0.098594 
0.358006 0.473012 0.42939 0.453845 0.3968 0.426736 0.00193312 0.00363871 0.00153437 0.00251303 0.00182851 0.00291382 0.0230677 0.0216237 0.0176644 
7.40759e-34 0.774578 0.624587 0.704248 0.350014 0.456185 -1.21614e-33 -0.00164343 -0.00062578 -0.000982091 -0.00022941 -0.000465445 0.255264 0.233482 0.269994 
0.998656 0.774578 0.996997 0.929878 0.997854 0.934731 -0.00141427 -0.00164343 -0.00270026 -0.00239674 -0.00208255 -0.00179924 0.269456 0.233482 0.232942 
0.989582 0.996997 0.774578 0.929878 0.916576 0.993856 -0.00463694 -0.00270026 -0.00164343 -0.00239674 -0.00312163 -0.00344408 0.198156 0.232942 0.233482 
0.492568 0.289346 0.406087 0.35191 0.449133 0.396524 -0.0937246 -0.0695199 -0.0697463 -0.0712497 -0.0821548 -0.0852123 0.092607 0.0970639 0.098039 
0.209408 0.406087 0.289346 0.35191 0.247323 0.307977 -0.0387915 -0.0697463 -0.0695199 -0.0712497 -0.054026 -0.0565026 0.101994 0.098039 0.0970639 
1.08906e-33 1.0373e-34 0.103144 0.00939449 0.08358 3.74424e-34 1.05926e-35 9.04789e-35 0.00168373 0.0389793 -0.00408388 9.90399e-35 -0.0714608 -0.0238717 -0.0294276 
0.348886 0.38454 0.212819 0.307751 0.286569 0.367309 0.00433837 0.00428095 0.00130581 0.00268763 0.00264088 0.00445495 0.0503628 0.0570415 0.0559909 
0.355365 0.38085 0.21198 0.304562 0.289086 0.369156 -0.00310967 -0.00933728 -0.00229451 -0.0057705 -0.00331745 -0.00583655 0.0759435 0.0826403 0.0826769 
0.346344 0.727564 0.773998 0.747956 0.573773 0.562418 -0.0815652 -0.143998 -0.133964 -0.139358 -0.121885 -0.123277 -0.00183233 0.0151441 0.00628789 
6.59327e-35 1.11307e-34 0.0788906 0.0420658 0.0328033 5.20698e-35 -5.20684e-34 -5.31139e-34 -0.010554 -0.00284947 -0.00329383 -1.03776e-33 0.103644 0.106282 0.103315 
0.989582 0.644899 0.834547 0.748294 0.935486 0.878677 -0.00463694 -0.00216804 -0.00638282 -0.00366293 -0.00592282 -0.00397934 0.198156 0.191092 0.157305 
0.341723 0.357042 0.167775 0.264302 0.251435 0.349175 -0.0175895 -0.0140157 -0.00229645 -0.00700267 -0.00784518 -0.0160329 0.0725688 0.074875 0.0726772 
0.290557 0.321535 0.162134 0.244966 0.22703 0.306204 0.00102748 0.00283557 0.00145498 0.00243943 0.00176763 0.00185425 0.0721156 0.0695129 0.0695671 
0.299482 0.334674 0.178679 0.262238 0.2425 0.317368 0.00557933 0.00688181 0.00210077 0.00444404 0.00384928 0.00624676 0.0581769 0.0532118 0.054231 
1.78967e-34 0.148693 0.199578 0.174504 0.10608 0.0781795 1.79777e-34 0.000954206 0.00134372 0.00116522 0.000377927 0.000243892 0.0365739 0.0394073 0.0345354 
1.78967e-34 1.77091e-34 0.148693 0.0773352 0.0781795 1.26036e-34 1.79777e-34 2.07206e-34 0.000954206 0.000271981 0.000243892 3.8583e-34 0.0365739 0.0421353 0.0394073 
0.298226 0.199578 0.148693 0.174504 0.228792 0.251951 0.0040405 0.00134372 0.000954206 0.00116522 0.00233765 0.00255492 0.0391327 0.0345354 0.0394073 
1.85958e-34 1.95343e-34 0.155383 0.082656 0.0803742 1.37746e-34 -4.63588e-34 -4.28388e-34 -0.00249387 -0.000607747 -0.000803752 -8.88672e-34 0.0934145 0.086535 0.089475 
5.59499e-34 6.39397e-34 0.40136 0.216162 0.203167 4.11696e-34 1.8793e-34 2.69903e-34 -0.016264 -0.00512494 -0.00425479 4.86326e-34 0.0417847 0.058214 0.0523572 
3.45993e-34 4.86372e-34 0.304379 0.160869 0.146188 2.66284e-34 1.78537e-34 1.70747e-34 -0.0160977 -0.00527949 -0.00436484 3.75133e-34 0.0385439 0.0385828 0.0411173 
2.0144e-34 1.98015e-34 0.162424 0.0847124 0.0852087 1.46224e-34 -3.23028e-34 -2.89978e-34 0.000519186 0.000166696 0.000126611 -6.13599e-34 0.0654547 0.0588078 0.0622228 
1.60669e-34 1.53614e-34 0.127442 0.0654214 0.0664955 1.1669e-34 2.80545e-34 3.01416e-34 0.00112338 0.000321879 0.000314673 5.80591e-34 0.0570798 0.0613386 0.059008 
1.72165e-34 1.62951e-34 0.135197 0.0697796 0.0708287 1.24879e-34 2.33225e-34 2.57622e-34 0.00111315 0.000311521 0.000305478 4.89462e-34 0.0474309 0.0524091 0.0497012 
1.41718e-34 1.37272e-34 0.115461 0.0582166 0.0588157 1.01048e-34 3.48927e-34 3.56785e-34 0.000610392 0.000203651 0.000211553 7.05198e-34 0.0710689 0.0727003 0.0719132 
1.49141e-34 1.43275e-34 0.120359 0.0613472 0.0622783 1.08567e-34 3.20307e-34 3.36219e-34 0.000958063 0.000293423 0.000298772 6.55461e-34 0.0651985 0.0684578 0.0667199 
1.41852e-34 1.51511e-34 0.125678 0.0623578 0.0602889 9.99738e-35 3.46857e-34 3.29944e-34 -0.00224852 -0.000599762 -0.000467661 6.80081e-34 0.0709178 0.0676508 0.0700516 
1.35675e-34 1.36071e-34 0.115308 0.0574925 0.0572263 9.64904e-35 3.59765e-34 3.56464e-34 -0.000352628 -3.29149e-05 2.96084e-05 7.17018e-34 0.0733494 0.072765 0.0733916 
0.89452 0.773998 0.727564 0.747956 0.837542 0.862159 -0.127453 -0.133964 -0.143998 -0.139358 -0.142573 -0.136531 0.0268502 0.00628789 0.0151441 
1.86331e-34 1.74834e-34 0.14694 0.0761906 0.0768109 1.40891e-34 -1.96906e-34 -1.67565e-34 0.000650137 0.000165667 0.000178545 -3.65256e-34 0.0399648 0.0339972 0.0371238 
1.95993e-34 1.91177e-34 0.155227 0.0805987 0.0813437 1.43542e-34 -2.58051e-34 -2.27037e-34 0.000801211 0.000213879 0.000211898 -4.86101e-34 0.0523544 0.046076 0.0494411 
1.64158e-34 1.81895e-34 0.151789 0.0761465 0.070997 1.23635e-34 3.0644e-34 2.78781e-34 -0.00553421 -0.00154373 -0.00129614 5.92044e-34 0.0630221 0.0576142 0.0617625 
1.99673e-34 2.00977e-34 0.159645 0.0838223 0.0834039 1.50538e-34 -3.92485e-34 -3.57146e-34 -0.000385437 -9.3391e-05 -0.000159868 -7.49037e-34 0.0793648 0.0723082 0.0758084 
1.38592e-34 1.65354e-34 0.119121 0.0640195 0.058951 1.18225e-34 -5.19862e-34 -4.95548e-34 -0.00517751 -0.00138227 -0.00160677 -1.00843e-33 0.104302 0.0997532 0.101107 
0.551994 0.608712 0.599184 0.607944 0.587722 0.58078 -0.0572567 -0.0845418 -0.0856863 -0.0859541 -0.0721579 -0.0701873 0.0785008 0.0772488 0.0838307 
0.87999 0.773998 0.928962 0.89619 0.929207 0.825991 -0.112117 -0.133964 -0.106397 -0.127026 -0.116163 -0.126658 0.00322356 0.00628789 0.0299435 
-2.46262e-35 -3.65341e-35 -0.0120027 -0.00301321 -0.00307058 -4.82105e-35 6.2093e-35 1.91212e-35 0.0313478 0.0143026 0.0232049 3.26974e-35 0.00396156 0.0078184 0.00304909 
0.99939 0.999419 0.834547 0.953606 0.962428 0.999785 -0.0148736 -0.00836774 -0.00638282 -0.0081338 -0.0111703 -0.0108451 0.13042 0.165406 0.157305 
0.989582 0.834547 0.999419 0.953606 0.996153 0.935486 -0.00463694 -0.00638282 -0.00836774 -0.0081338 -0.00657071 -0.00592282 0.198156 0.157305 0.165406 
-4.08378e-34 0.437595 0.75 0.609435 0.4375 0.234401 -8.26175e-34 -8.44078e-05 -4.06902e-37 -7.78982e-05 -1.63194e-37 -2.43296e-05 0.346984 0.324137 0.347048 
0.268454 0.299607 0.147788 0.222838 0.208207 0.284475 -0.0239677 -0.0395806 -0.0145023 -0.0273106 -0.0203094 -0.0313926 0.0997656 0.100911 0.103414 
1.81895e-34 0.249533 0.151789 0.198021 0.0761465 0.117968 2.78781e-34 -0.0145015 -0.00553421 -0.00941176 -0.00154373 -0.00355418 0.0576142 0.0588062 0.0617625 
0.379589 0.151789 0.249533 0.198021 0.31881 0.266078 -0.0308799 -0.00553421 -0.0145015 -0.00941176 -0.0229577 -0.0158846 0.064578 0.0617625 0.0588062 
0.89452 0.928962 0.773998 0.89619 0.862159 0.914643 -0.127453 -0.106397 -0.133964 -0.127026 -0.136531 -0.117342 0.0268502 0.0299435 0.00628789 
0.592091 0.599184 0.608712 0.607944 0.617915 0.599967 -0.10563 -0.0856863 -0.0845418 -0.0859541 -0.0977036 -0.0960737 0.0842815 0.0838307 0.0772488 
0.312063 0.14694 0.197847 0.172995 0.257642 0.235497 0.00326444 0.000650137 0.00102485 0.000843064 0.00201058 0.00177354 0.0376679 0.0371238 0.0325595 
1.74834e-34 0.197847 0.14694 0.172995 0.0761906 0.105001 -1.67565e-34 0.00102485 0.000650137 0.000843064 0.000165667 0.000279929 0.0339972 0.0325595 0.0371238 
-0.0721942 -0.0494137 -0.0493918 -0.0552841 -0.0664949 -0.0621369 0.010159 0.0356989 0.0165624 0.0278947 0.0157696 0.0224645 0.0166148 0.00571053 0.00843853 
0.87999 0.47414 0.773998 0.646185 0.825991 0.722491 -0.112117 -0.111561 -0.133964 -0.127226 -0.126658 -0.119144 0.00322356 -0.0247058 0.00628789 
-1.02449e-34 -0.0625664 -0.0741645 -0.070049 -0.0530103 -0.0511436 -2.12416e-34 -0.00790572 -0.00126936 -0.00459726 -0.000384725 -0.00178039 0.0427185 0.0471442 0.0323215 
1.08906e-33 0.103144 0.47414 0.246784 0.284101 0.08358 1.05926e-35 0.00168373 -0.111561 -0.0569388 -0.0795144 -0.00408388 -0.0714608 -0.0294276 -0.0247058 
0.0169279 -0.0284835 0.101472 0.0205871 0.0571524 -0.0126335 -0.0381949 -0.0175863 -0.0596793 -0.0365276 -0.0492434 -0.0277222 0.0517629 0.0650444 0.0664131 
0.286935 0.178679 0.334674 0.262238 0.311528 0.234867 0.00502192 0.00210077 0.00688181 0.00444404 0.00601858 0.00354131 0.0492346 0.054231 0.0532118 
0.0598197 0.101472 -0.0284835 0.0205871 0.00833453 0.0780572 -0.0413929 -0.0596793 -0.0175863 -0.0365276 -0.0287373 -0.0506372 0.0782106 0.0664131 0.0650444 
0.266603 0.162134 0.321535 0.244966 0.294064 0.215786 0.00363661 0.00145498 0.00283557 0.00243943 0.00350541 0.00243131 0.0665488 0.0695671 0.0695129 
0.275957 0.167775 0.357042 0.264302 0.315305 0.223591 -0.00422063 -0.00229645 -0.0140157 -0.00700267 -0.00827942 -0.00357583 0.0741832 0.0726772 0.074875 
0.315411 0.21198 0.38085 0.304562 0.349873 0.26808 -0.0108228 -0.00229451 -0.00933728 -0.0057705 -0.0103147 -0.00578287 0.0886531 0.0826769 0.0826403 
0.331288 0.212819 0.38454 0.307751 0.359366 0.275654 0.00213716 0.00130581 0.00428095 0.00268763 0.00318625 0.00186463 0.0624172 0.0559909 0.0570415 
0.443669 0.451577 0.494383 0.476447 0.4728 0.447402 0.00875035 0.00650903 0.00752396 0.00710484 0.00840762 0.00780492 0.0591444 0.0636016 0.0612053 
0.43216 0.406087 0.299607 0.351939 0.36741 0.420044 -0.0599903 -0.0697463 -0.0395806 -0.0548886 -0.0511452 -0.0649169 0.0971882 0.098039 0.100911 
0.509601 0.494383 0.451577 0.476447 0.489239 0.503164 0.0039981 0.00752396 0.00650903 0.00710484 0.00561476 0.00590738 0.0651292 0.0612053 0.0636016 
0.631161 0.634434 0.608712 0.629647 0.61983 0.646352 -0.0937797 -0.113339 -0.0845418 -0.0996209 -0.0894953 -0.106017 0.0703362 0.0778555 0.0772488 
1.89933e-34 0.193794 0.20098 0.197427 0.106966 0.103095 1.21394e-34 0.000639824 0.000434525 0.000538498 0.00012799 0.000150545 0.0247225 0.0260392 0.0220333 
0.45922 0.480744 0.519953 0.504479 0.494821 0.469402 -0.00705738 -0.0157583 -0.0169737 -0.016512 -0.0117539 -0.0109104 0.0749206 0.0776143 0.078594 
0.592091 0.608712 0.634434 0.629647 0.614186 0.617915 -0.10563 -0.0845418 -0.113339 -0.0996209 -0.110038 -0.0977036 0.0842815 0.0772488 0.0778555 
0.537888 0.519953 0.480744 0.504479 0.521922 0.531088 -0.0289373 -0.0169737 -0.0157583 -0.016512 -0.0225204 -0.022759 0.0830047 0.078594 0.0776143 
1.86135e-34 0.202443 0.185714 0.194123 0.0979225 0.107628 -1.10771e-34 0.000398391 0.000501854 0.000459549 0.000118827 0.000117305 0.0224655 0.0205619 0.0242367 
0.501321 0.49468 0.494898 0.50104 0.49895 0.500403 0.0101756 0.00809096 0.00868609 0.00860343 0.009522 0.0092327 0.0360654 0.0313003 0.0320944 
0.446344 0.459742 0.493 0.479426 0.474361 0.453229 0.00909416 0.0108143 0.0111691 0.011161 0.0103526 0.0100573 0.0381378 0.0434839 0.0399772 
0.502161 0.493 0.459742 0.479426 0.488363 0.498565 0.0117246 0.0111691 0.0108143 0.011161 0.0116817 0.0115656 0.0436197 0.0399772 0.0434839 
0.87999 0.928962 0.964491 0.947866 0.951506 0.929207 -0.112117 -0.106397 -0.0831965 -0.0973779 -0.102315 -0.116163 0.00322356 0.0299435 0.0388192 
0.502161 0.503375 0.479395 0.495109 0.499716 0.503762 0.0117246 0.0111919 0.00959008 0.0105529 0.0109486 0.0115991 0.0436197 0.0472841 0.0436885 
0.47769 0.479395 0.503375 0.495109 0.49497 0.478595 0.00909462 0.00959008 0.0111919 0.0105529 0.0103194 0.00944812 0.0492999 0.0436885 0.0472841 
0.313351 0.199578 0.352573 0.283022 0.333793 0.259649 0.00259224 0.00134372 0.0046855 0.0029036 0.0035884 0.00205499 0.0296388 0.0345354 0.0344801 
0.298226 0.352573 0.199578 0.283022 0.251951 0.326386 0.0040405 0.0046855 0.00134372 0.0029036 0.00255492 0.00445028 0.0391327 0.0344801 0.0345354 
0.647293 0.845879 0.771296 0.810208 0.722564 0.76978 -0.067433 -0.116793 -0.107633 -0.11339 -0.0878974 -0.094107 0.0424236 0.0363946 0.0433069 
0.321768 0.621135 0.727564 0.672293 0.52208 0.476929 -0.0837997 -0.14185 -0.143998 -0.143217 -0.122958 -0.119185 0.00999843 0.0214629 0.0151441 
0.509601 0.514715 0.494199 0.507656 0.511221 0.513522 0.0039981 -0.000692952 0.00102671 0.000195751 0.00235449 0.00182824 0.0651292 0.0691623 0.06718 
0.488434 0.494199 0.514715 0.507656 0.506832 0.491735 -0.00430417 0.00102671 -0.000692952 0.000195751 -0.00251887 -0.00149452 0.0728234 0.06718 0.0691623 
0.820102 0.771296 0.845879 0.810208 0.848007 0.823751 -0.146501 -0.107633 -0.116793 -0.11339 -0.134835 -0.131254 0.0319943 0.0433069 0.0363946 
0.346344 0.773998 0.47414 0.646185 0.395965 0.573773 -0.0815652 -0.133964 -0.111561 -0.127226 -0.0930567 -0.121885 -0.00183233 0.00628789 -0.0247058 
0.537888 0.542879 0.496092 0.524013 0.528367 0.541304 -0.0289373 -0.0414364 -0.0347032 -0.0387314 -0.0332582 -0.0348675 0.0830047 0.0864223 0.0889346 
0.820102 0.727564 0.621135 0.672293 0.746401 0.789992 -0.146501 -0.143998 -0.14185 -0.143217 -0.151312 -0.148999 0.0319943 0.0151441 0.0214629 
0.487608 0.508185 0.249533 0.384538 0.364224 0.499105 -0.0504498 -0.0565168 -0.0145015 -0.0329813 -0.0295459 -0.0540334 0.0559717 0.0619199 0.0588062 
0.461186 0.496092 0.542879 0.524013 0.515743 0.481164 -0.0484036 -0.0347032 -0.0414364 -0.0387314 -0.0467464 -0.0414692 0.0946235 0.0889346 0.0864223 
0.806179 0.964491 0.928962 0.947866 0.894358 0.908765 -0.0615084 -0.0831965 -0.106397 -0.0973779 -0.084297 -0.0744539 0.0463402 0.0388192 0.0299435 
0.267854 0.50108 0.25127 0.375974 0.260577 0.379668 -0.0980284 -0.13696 -0.0856118 -0.114399 -0.0935294 -0.118611 0.0494121 0.0391597 0.0289289 
0.539153 0.25127 0.50108 0.375974 0.519653 0.389048 -0.137887 -0.0856118 -0.13696 -0.114399 -0.137763 -0.113679 0.029659 0.0289289 0.0391597 
0.289718 0.346701 0.197847 0.278262 0.245983 0.31906 0.00183921 0.00347173 0.00102485 0.00215156 0.00147918 0.00259782 0.0278534 0.0320894 0.0325595 
-0.0352938 -0.0493918 -0.0494137 -0.0552841 -0.0443371 -0.0441454 0.0376575 0.0165624 0.0356989 0.0278947 0.0389774 0.027341 0.00487719 0.00843853 0.00571053 
0.379589 0.249533 0.508185 0.384538 0.442811 0.31881 -0.0308799 -0.0145015 -0.0565168 -0.0329813 -0.0426059 -0.0229577 0.064578 0.0588062 0.0619199 
0.312063 0.197847 0.346701 0.278262 0.32987 0.257642 0.00326444 0.00102485 0.00347173 0.00215156 0.00343969 0.00201058 0.0376679 0.0325595 0.0320894 
0.464858 0.497531 0.473012 0.488389 0.469155 0.485773 0.00576413 0.00530863 0.00363871 0.0045059 0.00469584 0.00565602 0.0273222 0.0240947 0.0216237 
0.623311 0.514082 0.670098 0.607055 0.653133 0.568461 -0.150309 -0.137497 -0.140719 -0.143821 -0.147637 -0.14457 0.0526817 0.0626161 0.0644675 
0.57113 0.532912 0.564494 0.563346 0.574531 0.552511 -0.078117 -0.0658279 -0.0546193 -0.0623289 -0.0664196 -0.0722097 0.0884335 0.0917105 0.0840595 
0.524786 0.519338 0.503616 0.519818 0.516262 0.523709 -0.0138426 -0.0101271 -0.00527522 -0.00803275 -0.00925682 -0.0119762 0.0776141 0.07616 0.0733804 
0.505937 0.505811 0.490028 0.504742 0.499308 0.507813 0.00877135 0.00950808 0.0107201 0.0103145 0.00994608 0.00925612 0.0581595 0.0547419 0.054407 
0.499803 0.473012 0.497531 0.488389 0.499993 0.494912 0.0032948 0.00363871 0.00530863 0.0045059 0.00428892 0.00360713 0.0191468 0.0216237 0.0240947 
0.499871 0.494898 0.49468 0.50104 0.497926 0.500157 0.00677263 0.00868609 0.00809096 0.00860343 0.00749417 0.00781819 0.0272733 0.0320944 0.0313003 
0.503733 0.490028 0.505811 0.504742 0.506296 0.498714 0.0112669 0.0107201 0.00950808 0.0103145 0.0105094 0.0110838 0.050975 0.054407 0.0547419 
0.51581 0.503616 0.519338 0.519818 0.519859 0.511437 -0.00336054 -0.00527522 -0.0101271 -0.00803275 -0.0066638 -0.00437741 0.0716492 0.0733804 0.07616 
0.555174 0.564494 0.532912 0.563346 0.549991 0.561404 -0.0496824 -0.0546193 -0.0658279 -0.0623289 -0.0581762 -0.0524248 0.0865133 0.0840595 0.0917105 
-3.65341e-35 -0.0143454 -0.0120027 -0.0144258 -0.00301321 -0.00431022 1.91212e-35 0.0132592 0.0313478 0.0231006 0.0143026 0.00975152 0.0078184 0.00551748 0.00304909 
-0.0352938 -0.0120027 -0.0143454 -0.0144258 -0.0263111 -0.0243228 0.0376575 0.0313478 0.0132592 0.0231006 0.0259087 0.0371557 0.00487719 0.00304909 0.00551748 
-2.46262e-35 -0.0120027 -0.0215453 -0.0178449 -0.0082691 -0.00307058 6.2093e-35 0.0313478 0.0587857 0.047166 0.0499665 0.0232049 0.00396156 0.00304909 -0.00150134 
-0.0352938 -0.0215453 -0.0120027 -0.0178449 -0.0243228 -0.0292695 0.0376575 0.0587857 0.0313478 0.047166 0.0371557 0.0493242 0.00487719 -0.00150134 0.00304909 
