0.473685 0.844775 1.08826e-33 0.563072 0.283818 0.673714 -0.111283 -0.0582577 1.07836e-35 -0.080382 -0.079357 -0.108261 -0.0246628 0.0137245 -0.0714011 
0.00146362 0.0162681 0.265911 0.122711 0.116001 0.00777296 -0.0267333 -0.0378716 -0.0969918 -0.0653033 -0.0607943 -0.0336979 0.0323445 0.0515442 0.0492682 
0.50281 0.448665 0.504067 0.494293 0.504527 0.485806 0.00822932 0.00748658 0.00722086 0.00787932 0.0078151 0.00814572 0.0434251 0.0484019 0.0471819 
0.510763 0.451077 0.514075 0.503347 0.513857 0.49183 0.00100062 0.00201052 -0.0029963 -0.000632107 -0.000848296 0.00141089 0.065065 0.0676043 0.0690448 
0.538653 0.495573 0.54214 0.542454 0.541317 0.530948 -0.0281719 -0.0240164 -0.0401922 -0.0336673 -0.0338503 -0.027141 0.0828432 0.0785857 0.0861673 
0.298749 0.272565 0.591195 0.44166 0.462276 0.284923 -0.102538 -0.090236 -0.131157 -0.118194 -0.125386 -0.0968934 0.0663657 0.0801268 0.074199 
0.366165 0.294321 0.189942 0.244391 0.286625 0.332186 0.00557652 0.00340748 0.00150242 0.0024476 0.003484 0.00451116 0.0434506 0.0384215 0.0437538 
0.570222 0.401144 0.53029 0.477535 0.550756 0.503984 -0.0762298 -0.0678984 -0.0640008 -0.0685309 -0.0703387 -0.0771005 0.0881079 0.09742 0.0913194 
0.879779 0.844775 0.473685 0.673714 0.722097 0.868185 -0.111773 -0.0582577 -0.111283 -0.108261 -0.118818 -0.0894384 0.0031496 0.0137245 -0.0246628 
0.375695 0.187287 0.308175 0.249972 0.343772 0.287316 -0.0247609 -0.00664899 -0.0105986 -0.00937587 -0.0170864 -0.0159006 0.0922947 0.0947166 0.0879627 
0.570222 0.489039 0.401144 0.444848 0.503984 0.541124 -0.0762298 -0.091659 -0.0678984 -0.0801776 -0.0771005 -0.0858704 0.0881079 0.0921498 0.09742 
0.35422 0.30892 0.462323 0.399876 0.416998 0.332315 0.00309357 0.0029738 0.00660055 0.00502382 0.00490909 0.00310178 0.0227265 0.0290966 0.0269603 
0.439826 0.462323 0.30892 0.399876 0.383406 0.451733 0.00678095 0.00660055 0.0029738 0.00502382 0.00496906 0.00675087 0.0321015 0.0269603 0.0290966 
0.510763 0.484993 0.496626 0.50993 0.504957 0.508087 0.00100062 0.0015589 0.00404146 0.00262731 0.0026372 0.00117757 0.065065 0.0613187 0.0611507 
0.50281 0.470738 0.492893 0.501655 0.498913 0.498358 0.00822932 0.00660314 0.00855208 0.00810625 0.00847267 0.00771333 0.0434251 0.0383363 0.0396804 
0.501935 0.470738 0.496569 0.486555 0.501627 0.496853 0.00844065 0.00660314 0.00760501 0.0072867 0.00812183 0.00784436 0.0358981 0.0383363 0.0313226 
0.496569 0.470738 0.449388 0.46059 0.479231 0.486555 0.00760501 0.00660314 0.00578595 0.0062412 0.00682517 0.0072867 0.0313226 0.0383363 0.0322938 
0.40493 0.211912 0.327365 0.273233 0.368978 0.320504 -0.00149854 -0.000134279 0.000646326 4.76672e-05 -0.00019018 -0.00083882 0.0679644 0.0686702 0.0622999 
0.375695 0.308175 0.486106 0.4106 0.439226 0.343772 -0.0247609 -0.0105986 -0.0217343 -0.0178727 -0.0245336 -0.0170864 0.0922947 0.0879627 0.0839434 
0.0222264 -0.0215398 0.0134061 -0.0164789 0.0222542 -0.0110618 0.0450915 0.0586687 0.0194136 0.0471092 0.0337041 0.0597529 -0.00927745 -0.00149477 0.00336042 
0.669009 0.669537 0.633563 0.676842 0.650215 0.697328 -0.102376 -0.139045 -0.0925232 -0.11885 -0.0980447 -0.124981 0.0623616 0.0641788 0.0699157 
0.489039 0.459905 0.285128 0.369115 0.392194 0.476499 -0.091659 -0.109661 -0.0679827 -0.090001 -0.0833427 -0.101171 0.0921498 0.085318 0.0963912 
0.591195 0.633563 0.669537 0.676842 0.631253 0.657448 -0.131157 -0.0925232 -0.139045 -0.11885 -0.135777 -0.118917 0.074199 0.0699157 0.0641788 
0.40493 0.327365 0.484993 0.424142 0.452198 0.368978 -0.00149854 0.000646326 0.0015589 0.000885378 -0.00022313 -0.00019018 0.0679644 0.0622999 0.0613187 
0.366165 0.444105 0.294321 0.380089 0.332186 0.40894 0.00557652 0.00747749 0.00340748 0.00565479 0.00451116 0.00665473 0.0434506 0.0376025 0.0384215 
0.590953 0.459905 0.489039 0.476499 0.544734 0.539881 -0.103642 -0.109661 -0.091659 -0.101171 -0.0994255 -0.110443 0.0839353 0.085318 0.0921498 
0.397816 0.31517 0.470738 0.408942 0.439784 0.359175 0.00411176 0.00259256 0.00660314 0.00465021 0.00541516 0.00338785 0.043736 0.0380484 0.0383363 
0.366165 0.285763 0.448665 0.379032 0.411327 0.327995 0.00557652 0.00363241 0.00748658 0.00591994 0.00676313 0.00463438 0.0434506 0.0486647 0.0484019 
0.538653 0.486106 0.523015 0.527113 0.533033 0.522031 -0.0281719 -0.0217343 -0.0167903 -0.0213861 -0.0222829 -0.0259408 0.0828432 0.0839434 0.0785461 
0.353505 0.271656 0.451077 0.371705 0.40539 0.314396 0.00438447 0.00302029 0.00201052 0.0032999 0.00379813 0.00373489 0.0630675 0.0666287 0.0676043 
0.366507 0.281674 0.495573 0.401417 0.434399 0.326149 -0.00485735 -0.00398642 -0.0240164 -0.0124254 -0.0127623 -0.00449355 0.0746434 0.074081 0.0785857 
0.353505 0.301993 0.171499 0.239791 0.268734 0.328084 0.00438447 0.0040453 0.00155436 0.00274358 0.00320806 0.00435917 0.0630675 0.0579825 0.0629499 
0.366165 0.189942 0.285763 0.240297 0.327995 0.286625 0.00557652 0.00150242 0.00363241 0.0025216 0.00463438 0.003484 0.0434506 0.0437538 0.0486647 
0.353505 0.446915 0.301993 0.38292 0.328084 0.404931 0.00438447 0.00562246 0.0040453 0.00537379 0.00435917 0.00509591 0.0630675 0.0590633 0.0579825 
0.366507 0.296907 0.163382 0.232655 0.268384 0.330721 -0.00485735 0.00093103 0.000337897 0.000468312 -0.00116869 -0.00131481 0.0746434 0.0722144 0.0732739 
0.353505 0.171499 0.271656 0.222917 0.314396 0.268734 0.00438447 0.00155436 0.00302029 0.00237254 0.00373489 0.00320806 0.0630675 0.0629499 0.0666287 
0.468097 0.346834 0.19865 0.27729 0.338879 0.405061 -0.041762 -0.0171807 -0.00714789 -0.0127411 -0.021589 -0.0278867 0.070452 0.0722417 0.0666336 
0.366507 0.163382 0.281674 0.221186 0.326149 0.268384 -0.00485735 0.000337897 -0.00398642 -0.0010777 -0.00449355 -0.00116869 0.0746434 0.0732739 0.074081 
0.424859 0.301993 0.446915 0.38292 0.435948 0.369488 0.00647322 0.0040453 0.00562246 0.00537379 0.00614117 0.00542577 0.0539232 0.0579825 0.0590633 
0.366507 0.465203 0.296907 0.38959 0.330721 0.421258 -0.00485735 -0.00716654 0.00093103 -0.00193168 -0.00131481 -0.00613768 0.0746434 0.0749858 0.0722144 
0.430541 0.296907 0.465203 0.38959 0.447605 0.370129 -0.000522352 0.00093103 -0.00716654 -0.00193168 -0.00347824 0.00040424 0.0712378 0.0722144 0.0749858 
0.388658 0.461423 0.487675 0.476183 0.450321 0.42976 0.00154956 0.00152761 0.00349842 0.00242533 0.00254543 0.00160645 0.0103372 0.00553545 0.012475 
0.500174 0.487675 0.461423 0.476183 0.49021 0.496925 0.0026998 0.00349842 0.00152761 0.00242533 0.00217552 0.00314831 0.00842123 0.012475 0.00553545 
0.468097 0.555844 0.346834 0.467388 0.405061 0.521001 -0.041762 -0.0560359 -0.0171807 -0.0350812 -0.0278867 -0.0502122 0.070452 0.0781922 0.0722417 
0.492298 0.346834 0.555844 0.467388 0.523823 0.429565 -0.0323716 -0.0171807 -0.0560359 -0.0350812 -0.043416 -0.0252524 0.0777294 0.0722417 0.0781922 
0.375695 0.455993 0.262577 0.3646 0.322414 0.416506 -0.0247609 -0.0468365 -0.0231129 -0.0371607 -0.0248814 -0.0353603 0.0922947 0.094073 0.0989012 
0.463406 0.348476 0.484344 0.428764 0.474995 0.412884 -0.0118636 -0.00390378 -0.00598045 -0.00568139 -0.00878222 -0.00763568 0.0787663 0.0755012 0.072541 
0.40493 0.484344 0.348476 0.428764 0.378553 0.450083 -0.00149854 -0.00598045 -0.00390378 -0.00568139 -0.00279945 -0.00353651 0.0679644 0.072541 0.0755012 
0.462963 0.348696 0.477831 0.426522 0.470971 0.414456 0.00350014 0.00255368 0.00548045 0.00399539 0.004555 0.00322503 0.0552697 0.0505364 0.0493203 
0.397816 0.477831 0.348696 0.426522 0.374666 0.444147 0.00411176 0.00548045 0.00255368 0.00399539 0.00333682 0.00495983 0.043736 0.0493203 0.0505364 
0.504491 0.504067 0.448665 0.494293 0.485913 0.505601 0.00696862 0.00722086 0.00748658 0.00787932 0.00762422 0.00713158 0.050814 0.0471819 0.0484019 
0.468097 0.383166 0.633563 0.534287 0.55864 0.429578 -0.041762 -0.0304978 -0.0925232 -0.0601302 -0.0652008 -0.0368757 0.070452 0.0640837 0.0699157 
0.517021 0.514075 0.451077 0.503347 0.495387 0.516724 -0.0049771 -0.0029963 0.00201052 -0.000632107 -0.00116761 -0.00400522 0.071589 0.0690448 0.0676043 
0.439826 0.444105 0.494431 0.475185 0.473533 0.441986 0.00678095 0.00747749 0.00814509 0.00805195 0.00769876 0.00715916 0.0321015 0.0376025 0.0318425 
0.555341 0.54214 0.495573 0.542454 0.543594 0.548731 -0.0482345 -0.0401922 -0.0240164 -0.0336673 -0.0365281 -0.0441678 0.0862575 0.0861673 0.0785857 
3.49505e-34 0.213232 0.294605 0.255345 0.162884 0.114073 -8.24847e-35 0.000385187 0.0012489 0.000751668 0.000362583 0.000143806 0.0168632 0.0111216 0.0162612 
0.501935 0.494431 0.444105 0.475185 0.484454 0.499062 0.00844065 0.00814509 0.00747749 0.00805195 0.00838172 0.00837854 0.0358981 0.0318425 0.0376025 
1.67571e-34 3.43096e-34 0.216886 0.115909 0.116268 5.55987e-35 6.10904e-35 9.15141e-35 0.00045047 0.000177682 0.000119774 1.51538e-34 0.0124398 0.0184839 0.0119049 
0.216886 3.43096e-34 0.29429 0.163629 0.257407 0.115909 0.00045047 9.15141e-35 0.00148252 0.000445706 0.000889476 0.000177682 0.0119049 0.0184839 0.0173426 
0.463406 0.518081 0.486106 0.507523 0.474993 0.498394 -0.0118636 -0.0110022 -0.0217343 -0.0162515 -0.0164699 -0.0120559 0.0787663 0.0759868 0.0839434 
0.397816 0.206443 0.31517 0.264167 0.359175 0.313927 0.00411176 0.00100939 0.00259256 0.0017555 0.00338785 0.00243657 0.043736 0.0436287 0.0380484 
0.52589 0.486106 0.518081 0.507523 0.523624 0.519248 -0.014133 -0.0217343 -0.0110022 -0.0162515 -0.0125548 -0.0186913 0.0775198 0.0839434 0.0759868 
0.506879 0.496626 0.484993 0.50993 0.506331 0.503005 0.0047094 0.00404146 0.0015589 0.00262731 0.00318305 0.0043695 0.05805 0.0611507 0.0613187 
0.501935 0.492893 0.470738 0.501655 0.496853 0.498844 0.00844065 0.00855208 0.00660314 0.00810625 0.00784436 0.0085568 0.0358981 0.0396804 0.0383363 
0.0134061 -0.0215398 -0.0493412 -0.0344327 -0.02913 -0.0164789 0.0194136 0.0586687 0.0355791 0.0478565 0.0334957 0.0471092 0.00336042 -0.00149477 0.00571033 
1.1254e-33 0.844245 0.843062 0.84388 0.513139 0.512403 1.01829e-33 -0.00207082 -0.00515781 -0.00323306 -0.00149731 -0.00101926 0.208374 0.230273 0.175882 
0.468097 0.19865 0.383166 0.286436 0.429578 0.338879 -0.041762 -0.00714789 -0.0304978 -0.016566 -0.0368757 -0.021589 0.070452 0.0666336 0.0640837 
0.294321 0.146132 0.189942 0.168649 0.244391 0.225259 0.00340748 0.00080419 0.00150242 0.00112929 0.0024476 0.00196763 0.0384215 0.0386792 0.0437538 
0.397816 0.348696 0.206443 0.28274 0.313927 0.374666 0.00411176 0.00255368 0.00100939 0.00181238 0.00243657 0.00333682 0.043736 0.0505364 0.0436287 
0.510763 0.455792 0.451077 0.453239 0.49183 0.492223 0.00100062 0.00396473 0.00201052 0.00298426 0.00141089 0.00273793 0.065065 0.0636216 0.0676043 
0.538653 0.486282 0.495573 0.490111 0.530948 0.525366 -0.0281719 -0.0153523 -0.0240164 -0.0195394 -0.027141 -0.021941 0.0828432 0.0775899 0.0785857 
0.50281 0.458953 0.448665 0.453911 0.485806 0.488418 0.00822932 0.00793291 0.00748658 0.00772156 0.00814572 0.00839199 0.0434251 0.0430283 0.0484019 
0.40493 0.348476 0.211912 0.286238 0.320504 0.378553 -0.00149854 -0.00390378 -0.000134279 -0.00145542 -0.00083882 -0.00279945 0.0679644 0.0755012 0.0686702 
2.73717e-34 0.269647 0.213232 0.24221 0.113569 0.147367 -2.71508e-35 0.000393803 0.000385187 0.000413825 7.3957e-05 9.37378e-05 0.00554409 0.00656934 0.0111216 
0.52589 0.523015 0.486106 0.527113 0.519248 0.525564 -0.014133 -0.0167903 -0.0217343 -0.0213861 -0.0186913 -0.015551 0.0775198 0.0785461 0.0839434 
0.439826 0.348237 0.444105 0.401655 0.441986 0.398924 0.00678095 0.00441932 0.00747749 0.00608005 0.00715916 0.00570682 0.0321015 0.0338445 0.0376025 
0.294321 0.444105 0.348237 0.401655 0.322184 0.380089 0.00340748 0.00747749 0.00441932 0.00608005 0.00395358 0.00565479 0.0384215 0.0376025 0.0338445 
0.388658 0.444342 0.294605 0.380923 0.345242 0.418545 0.00154956 0.00366207 0.0012489 0.0024007 0.00148741 0.00251657 0.0103372 0.0173028 0.0162612 
0.375695 0.262577 0.187287 0.228115 0.287316 0.322414 -0.0247609 -0.0231129 -0.00664899 -0.0137459 -0.0159006 -0.0248814 0.0922947 0.0989012 0.0947166 
0.298749 0.591195 0.511906 0.557672 0.406415 0.462276 -0.102538 -0.131157 -0.135843 -0.136018 -0.121508 -0.125386 0.0663657 0.074199 0.0623995 
3.49505e-34 1.64824e-34 0.213232 0.113775 0.114073 5.3964e-35 -8.24847e-35 -5.50144e-35 0.000385187 9.90616e-05 0.000143806 -1.38415e-34 0.0168632 0.0111581 0.0111216 
0.0134061 -0.0720069 0.0572386 -0.0320742 0.0344097 -0.0388553 0.0194136 0.0100761 -0.0224299 0.00355635 -0.00314619 0.0188458 0.00336042 0.0165858 0.0154889 
0.308175 0.187287 0.150999 0.170996 0.234817 0.249972 -0.0105986 -0.00664899 -0.00244053 -0.00426907 -0.00615003 -0.00937587 0.0879627 0.0947166 0.0887483 
0.426989 0.53029 0.401144 0.477535 0.414974 0.484748 -0.0582303 -0.0640008 -0.0678984 -0.0685309 -0.0631057 -0.062723 0.0965843 0.0913194 0.09742 
0.357962 0.294605 0.444342 0.380923 0.406201 0.327405 0.00268118 0.0012489 0.00366207 0.0024007 0.00329665 0.00191213 0.0223927 0.0162612 0.0173028 
0.24994 0.320887 0.0572386 0.168224 0.144348 0.284434 -0.0849055 -0.0832708 -0.0224299 -0.0470541 -0.0537304 -0.0838867 0.0288871 0.0100101 0.0154889 
0.462963 0.505813 0.484993 0.498903 0.474724 0.491678 0.00350014 0.00525351 0.0015589 0.00352868 0.00263865 0.00438826 0.0552697 0.0546473 0.0613187 
0.463406 0.486106 0.373517 0.436176 0.423018 0.474993 -0.0118636 -0.0217343 -0.00956464 -0.0157943 -0.0111104 -0.0164699 0.0787663 0.0839434 0.0820829 
0.506879 0.484993 0.505813 0.498903 0.508193 0.506331 0.0047094 0.0015589 0.00525351 0.00352868 0.00503084 0.00318305 0.05805 0.0613187 0.0546473 
0.31517 0.350563 0.470738 0.421263 0.408942 0.333433 0.00259256 0.00323374 0.00660314 0.00501728 0.00465021 0.00294785 0.0380484 0.032456 0.0383363 
0.0162681 0.0999033 0.265911 0.174075 0.122711 0.0560707 -0.0378716 -0.0589795 -0.0969918 -0.0778746 -0.0653033 -0.0487394 0.0515442 0.0660793 0.0492682 
0.995299 0.984289 0.74604 0.909394 0.917833 0.992241 -0.0347079 -0.0601874 -0.0315871 -0.0475589 -0.03882 -0.0485522 0.0865117 0.0558157 0.0683862 
0.285763 0.335433 0.448665 0.398894 0.379032 0.311292 0.00363241 0.00482948 0.00748658 0.00628568 0.00591994 0.00428175 0.0486647 0.0528285 0.0484019 
0.449388 0.470738 0.350563 0.421263 0.406366 0.46059 0.00578595 0.00660314 0.00323374 0.00501728 0.00455451 0.0062412 0.0322938 0.0383363 0.032456 
0.308175 0.373517 0.486106 0.436176 0.4106 0.342457 -0.0105986 -0.00956464 -0.0217343 -0.0157943 -0.0178727 -0.01028 0.0879627 0.0820829 0.0839434 
0.271656 0.327836 0.451077 0.396237 0.371705 0.299815 0.00302029 0.00231619 0.00201052 0.00217486 0.0032999 0.00291711 0.0666287 0.0696391 0.0676043 
0.281674 0.363011 0.495573 0.438373 0.401417 0.321238 -0.00398642 -0.0135692 -0.0240164 -0.0193944 -0.0124254 -0.00794905 0.074081 0.0746758 0.0785857 
0.405786 0.383051 0.276286 0.333988 0.348258 0.394898 0.00201175 0.000775212 0.000490833 0.000656582 0.00112096 0.0013273 0.0114046 0.00437635 0.00735265 
0.424859 0.448665 0.335433 0.398894 0.383542 0.437291 0.00647322 0.00748658 0.00482948 0.00628568 0.00583265 0.00700749 0.0539232 0.0484019 0.0528285 
0.430541 0.451077 0.327836 0.396237 0.382293 0.441123 -0.000522352 0.00201052 0.00231619 0.00217486 0.0013238 0.000849249 0.0712378 0.0676043 0.0696391 
0.492298 0.495573 0.363011 0.438373 0.432455 0.493567 -0.0323716 -0.0240164 -0.0135692 -0.0193944 -0.0221511 -0.0279984 0.0777294 0.0785857 0.0746758 
0.327365 0.211912 0.16028 0.186802 0.250578 0.273233 0.000646326 -0.000134279 0.000189779 5.13208e-05 0.000400963 4.76672e-05 0.0622999 0.0686702 0.0622061 
0.388658 0.269647 0.376977 0.32744 0.382756 0.334191 0.00154956 0.000393803 0.000643565 0.000533019 0.00106127 0.000866618 0.0103372 0.00656934 0.0038719 
0.591195 0.272565 0.459905 0.371592 0.525715 0.44166 -0.131157 -0.090236 -0.109661 -0.103157 -0.121748 -0.118194 0.074199 0.0801268 0.085318 
0.537851 0.320887 0.24994 0.284434 0.387619 0.436873 -0.136856 -0.0832708 -0.0849055 -0.0838867 -0.112778 -0.115321 0.0296021 0.0100101 0.0288871 
-9.45977e-35 -1.20294e-34 -0.0720069 -0.0674398 -0.0593391 4.3079e-36 -3.99083e-35 -1.14895e-34 0.0100761 0.00395673 0.0067219 -1.7032e-34 0.0103454 0.0244126 0.0165858 
0.405786 0.468402 0.383051 0.432539 0.394898 0.44126 0.00201175 0.00166504 0.000775212 0.00120444 0.0013273 0.00190647 0.0114046 0.00563971 0.00437635 
0.388658 0.376977 0.461423 0.425027 0.42976 0.382756 0.00154956 0.000643565 0.00152761 0.00104981 0.00160645 0.00106127 0.0103372 0.0038719 0.00553545 
0.462963 0.484993 0.3821 0.443195 0.427702 0.474724 0.00350014 0.0015589 0.00201715 0.00193865 0.00272568 0.00263865 0.0552697 0.0613187 0.0570246 
0.510763 0.491198 0.484993 0.488154 0.508087 0.51027 0.00100062 -0.00163062 0.0015589 0.000218681 0.00117757 -0.000572087 0.065065 0.0669809 0.0613187 
0.327365 0.3821 0.484993 0.443195 0.424142 0.356132 0.000646326 0.00201715 0.0015589 0.00193865 0.000885378 0.00129554 0.0622999 0.0570246 0.0613187 
0.00146362 0.0572386 -0.0720069 -0.0320742 -0.0498704 0.0274802 -0.0267333 -0.0224299 0.0100761 0.00355635 -0.00350752 -0.0246959 0.0323445 0.0154889 0.0165858 
0.298749 0.265911 0.0999033 0.174075 0.192665 0.283167 -0.102538 -0.0969918 -0.0589795 -0.0778746 -0.0812074 -0.10105 0.0663657 0.0492682 0.0660793 
1.64824e-34 2.73717e-34 0.213232 0.113569 0.113775 5.33729e-35 -5.50144e-35 -2.71508e-35 0.000385187 7.3957e-05 9.90616e-05 -8.25712e-35 0.0111581 0.00554409 0.0111216 
0.50281 0.480719 0.470738 0.475873 0.498358 0.500761 0.00822932 0.00654126 0.00660314 0.00665859 0.00771333 0.00756581 0.0434251 0.0437675 0.0383363 
0.383166 0.51133 0.633563 0.588423 0.534287 0.446229 -0.0304978 -0.0559174 -0.0925232 -0.0755168 -0.0601302 -0.0421205 0.0640837 0.061414 0.0699157 
8.62586e-34 1.1254e-33 0.843062 0.513139 0.50998 -4.15588e-35 7.97262e-34 1.01829e-33 -0.00515781 -0.00149731 -0.002087 1.82108e-33 0.163358 0.208374 0.175882 
0.669009 0.633563 0.51133 0.588423 0.60344 0.650215 -0.102376 -0.0925232 -0.0559174 -0.0755168 -0.0792667 -0.0980447 0.0623616 0.0699157 0.061414 
0.262577 0.455993 0.294014 0.381579 0.278705 0.3646 -0.0231129 -0.0468365 -0.0383365 -0.0451322 -0.0303397 -0.0371607 0.0989012 0.094073 0.10009 
0.00146362 -0.0622774 0.0162681 -0.0381685 0.00777296 -0.0463935 -0.0267333 -0.0078828 -0.0378716 -0.0199714 -0.0336979 -0.0160601 0.0323445 0.0469393 0.0515442 
0.346834 0.127969 0.19865 0.160987 0.27729 0.237943 -0.0171807 -0.00219223 -0.00714789 -0.00438996 -0.0127411 -0.00790844 0.0722417 0.069729 0.0666336 
0.296907 0.118351 0.163382 0.14058 0.232655 0.210179 0.00093103 0.000622035 0.000337897 0.00046328 0.000468312 0.00113736 0.0722144 0.0719749 0.0732739 
0.301993 0.128625 0.171499 0.150511 0.239791 0.220763 0.0040453 0.000867488 0.00155436 0.00115576 0.00274358 0.00236365 0.0579825 0.0587236 0.0629499 
0.281674 0.163382 0.117995 0.140767 0.200221 0.221186 -0.00398642 0.000337897 -0.000303046 -0.000133557 -0.00157141 -0.0010777 0.074081 0.0732739 0.0732914 
0.271656 0.171499 0.122887 0.147352 0.200133 0.222917 0.00302029 0.00155436 0.000855395 0.00115054 0.0019382 0.00237254 0.0666287 0.0629499 0.0667364 
0.285763 0.189942 0.134311 0.162443 0.214774 0.240297 0.00363241 0.00150242 0.000813364 0.00113393 0.00207443 0.0025216 0.0486647 0.0437538 0.0490581 
0.708206 0.995299 0.74604 0.917833 0.731059 0.909857 -0.0138862 -0.0347079 -0.0315871 -0.03882 -0.0208289 -0.0246219 0.107045 0.0865117 0.0683862 
0.492298 0.555844 0.566522 0.565453 0.541439 0.523823 -0.0323716 -0.0560359 -0.0531528 -0.0552651 -0.0431073 -0.043416 0.0777294 0.0781922 0.0838156 
0.430541 0.465203 0.507027 0.490233 0.476033 0.447605 -0.000522352 -0.00716654 -0.0062001 -0.00679489 -0.00307091 -0.00347824 0.0712378 0.0749858 0.0733993 
0.570222 0.566522 0.555844 0.565453 0.586636 0.57507 -0.0762298 -0.0531528 -0.0560359 -0.0552651 -0.0688512 -0.0647171 0.0881079 0.0838156 0.0781922 
0.424859 0.446915 0.491511 0.472929 0.464138 0.435948 0.00647322 0.00562246 0.00657094 0.00613721 0.00679404 0.00614117 0.0539232 0.0590633 0.0542365 
0.52589 0.507027 0.465203 0.490233 0.508632 0.518598 -0.014133 -0.0062001 -0.00716654 -0.00679489 -0.0109865 -0.00987718 0.0775198 0.0733993 0.0749858 
0.506879 0.491511 0.446915 0.472929 0.486994 0.500642 0.0047094 0.00657094 0.00562246 0.00613721 0.0053643 0.00578256 0.05805 0.0542365 0.0590633 
0.492298 0.566522 0.495573 0.537336 0.493567 0.541439 -0.0323716 -0.0531528 -0.0240164 -0.037169 -0.0279984 -0.0431073 0.0777294 0.0838156 0.0785857 
0.430541 0.507027 0.451077 0.482219 0.441123 0.476033 -0.000522352 -0.0062001 0.00201052 -0.00126803 0.000849249 -0.00307091 0.0712378 0.0733993 0.0676043 
0.424859 0.491511 0.448665 0.472766 0.437291 0.464138 0.00647322 0.00657094 0.00748658 0.00736054 0.00700749 0.00679404 0.0539232 0.0542365 0.0484019 
0.555341 0.495573 0.566522 0.537336 0.56254 0.543594 -0.0482345 -0.0240164 -0.0531528 -0.037169 -0.0509504 -0.0365281 0.0862575 0.0785857 0.0838156 
0.517021 0.451077 0.507027 0.482219 0.513765 0.495387 -0.0049771 0.00201052 -0.0062001 -0.00126803 -0.00564574 -0.00116761 0.071589 0.0676043 0.0733993 
0.504491 0.448665 0.491511 0.472766 0.499766 0.485913 0.00696862 0.00748658 0.00657094 0.00736054 0.00679983 0.00762422 0.050814 0.0484019 0.0542365 
-0.0352253 -0.0493412 -0.0215398 -0.0344327 -0.0292332 -0.0442598 0.0375554 0.0355791 0.0586687 0.0478565 0.0492075 0.0388601 0.00487229 0.00571033 -0.00149477 
2.80814e-34 0.216886 0.276286 0.247459 0.152208 0.116531 3.09609e-35 0.00045047 0.000490833 0.000495758 0.000126857 9.39734e-05 0.00625892 0.0119049 0.00735265 
8.20659e-34 1.07157e-33 0.835469 0.514402 0.504935 1.08501e-34 -5.32325e-34 -2.97575e-34 -0.0205862 -0.00723078 -0.00478049 -7.80431e-34 0.110347 0.0529946 0.0789815 
0.538653 0.491779 0.486106 0.488968 0.522031 0.526415 -0.0281719 -0.0336604 -0.0217343 -0.0270014 -0.0259408 -0.0323381 0.0828432 0.0885057 0.0839434 
0.655155 0.734196 0.49015 0.651389 0.573531 0.714381 -0.0838299 -0.125971 -0.0500154 -0.0896428 -0.0661321 -0.107877 0.0502545 0.055213 0.0554533 
0.669009 0.49015 0.734196 0.651389 0.703182 0.603963 -0.102376 -0.0500154 -0.125971 -0.0896428 -0.114263 -0.0781119 0.0623616 0.0554533 0.055213 
0.989578 0.843062 0.844245 0.84388 0.978461 0.978222 -0.00462238 -0.00515781 -0.00207082 -0.00323306 -0.00372805 -0.00594808 0.198017 0.175882 0.230273 
0.195276 0.285128 0.459905 0.369115 0.32619 0.241652 -0.0645989 -0.0679827 -0.109661 -0.090001 -0.0906455 -0.0673131 0.089727 0.0963912 0.085318 
0.424859 0.335433 0.301993 0.319035 0.369488 0.383542 0.00647322 0.00482948 0.0040453 0.00442182 0.00542577 0.00583265 0.0539232 0.0528285 0.0579825 
0.430541 0.327836 0.296907 0.312599 0.370129 0.382293 -0.000522352 0.00231619 0.00093103 0.0015825 0.00040424 0.0013238 0.0712378 0.0696391 0.0722144 
0.492298 0.363011 0.346834 0.354728 0.429565 0.432455 -0.0323716 -0.0135692 -0.0171807 -0.0155924 -0.0252524 -0.0221511 0.0777294 0.0746758 0.0722417 
0.426989 0.294014 0.455993 0.381579 0.442633 0.361746 -0.0582303 -0.0383365 -0.0468365 -0.0451322 -0.0524083 -0.0496005 0.0965843 0.10009 0.094073 
0.31517 0.206443 0.148766 0.178024 0.238178 0.264167 0.00259256 0.00100939 0.000520834 0.00075158 0.00141107 0.0017555 0.0380484 0.0436287 0.0375352 
0.439826 0.30892 0.348237 0.32929 0.398924 0.383406 0.00678095 0.0029738 0.00441932 0.00369323 0.00570682 0.00496906 0.0321015 0.0290966 0.0338445 
0.500442 0.444342 0.487675 0.469904 0.49648 0.484995 0.00560651 0.00366207 0.00349842 0.00369117 0.00455509 0.00482471 0.0191129 0.0173028 0.012475 
0.500442 0.487675 0.488272 0.500315 0.498093 0.49648 0.00560651 0.00349842 0.00412901 0.00403346 0.00495419 0.00455509 0.0191129 0.012475 0.0144505 
0.383166 0.19865 0.153596 0.177003 0.268954 0.286436 -0.0304978 -0.00714789 -0.005481 -0.00659093 -0.0157111 -0.016566 0.0640837 0.0666336 0.0612898 
0.348696 0.155441 0.206443 0.181631 0.28274 0.26132 0.00255368 0.000492626 0.00100939 0.000734389 0.00181238 0.0013973 0.0505364 0.0497387 0.0436287 
0.879779 0.96457 0.844775 0.954048 0.868185 0.951455 -0.111773 -0.0829448 -0.0582577 -0.0832939 -0.0894384 -0.102005 0.0031496 0.0386545 0.0137245 
1.1254e-33 9.52603e-34 0.844245 0.513696 0.512403 -3.20925e-35 1.01829e-33 1.24533e-33 -0.00207082 -0.0006991 -0.00101926 2.26701e-33 0.208374 0.254267 0.230273 
-1.81931e-35 0.0294465 0.058547 0.0412161 -0.0107418 -0.00699858 -4.26602e-34 -0.0184125 -0.0408375 -0.0291614 -0.0123601 -0.00569124 0.0812255 0.0890124 0.0777101 
0.35422 0.190805 0.30892 0.253845 0.332315 0.28007 0.00309357 0.000906055 0.0029738 0.00181814 0.00310178 0.00198889 0.0227265 0.0256433 0.0290966 
0.620191 0.537851 0.753738 0.666911 0.707011 0.577386 -0.140994 -0.136856 -0.151053 -0.151397 -0.152146 -0.139138 0.0214138 0.0296021 0.041059 
0.462963 0.3821 0.348696 0.365979 0.414456 0.427702 0.00350014 0.00201715 0.00255368 0.00238962 0.00322503 0.00272568 0.0552697 0.0570246 0.0505364 
0.820032 0.620191 0.753738 0.707011 0.786006 0.745829 -0.145641 -0.140994 -0.151053 -0.152146 -0.14964 -0.150414 0.0317965 0.0214138 0.041059 
0.570222 0.599784 0.489039 0.565011 0.541124 0.585924 -0.0762298 -0.0838987 -0.091659 -0.0922254 -0.0858704 -0.0804122 0.0881079 0.0835068 0.0921498 
0.590953 0.489039 0.599784 0.565011 0.599652 0.544734 -0.103642 -0.091659 -0.0838987 -0.0922254 -0.0941692 -0.0994255 0.0839353 0.0921498 0.0835068 
0.0134061 -0.0493412 -0.0720069 -0.0620164 -0.0388553 -0.02913 0.0194136 0.0355791 0.0100761 0.0223591 0.0188458 0.0334957 0.00336042 0.00571033 0.0165858 
8.83513e-34 7.36504e-34 0.708206 0.406768 0.397266 2.15183e-34 4.03308e-34 5.89001e-34 -0.0138862 -0.00402025 -0.00551407 1.0105e-33 0.0857856 0.121288 0.107045 
0.348476 0.155774 0.211912 0.184525 0.286238 0.261552 -0.00390378 -0.000552537 -0.000134279 -0.000404811 -0.00145542 -0.00195826 0.0755012 0.0754145 0.0686702 
0.463406 0.373517 0.348476 0.361947 0.412884 0.423018 -0.0118636 -0.00956464 -0.00390378 -0.00637424 -0.00763568 -0.0111104 0.0787663 0.0820829 0.0755012 
0.504491 0.505813 0.477831 0.495741 0.501976 0.506788 0.00696862 0.00525351 0.00548045 0.00550036 0.00636872 0.0061796 0.050814 0.0546473 0.0493203 
0.462963 0.477831 0.505813 0.495741 0.491678 0.470971 0.00350014 0.00548045 0.00525351 0.00550036 0.00438826 0.004555 0.0552697 0.0493203 0.0546473 
0.262577 0.115923 0.187287 0.151703 0.228115 0.191221 -0.0231129 -0.00499036 -0.00664899 -0.00597843 -0.0137459 -0.013239 0.0989012 0.100151 0.0947166 
0.357962 0.293392 0.188116 0.243067 0.281109 0.327293 0.00268118 0.00201647 0.000684571 0.00127249 0.00161958 0.00241284 0.0223927 0.0281808 0.0244864 
0.894603 0.618285 0.929112 0.826527 0.914765 0.833798 -0.126911 -0.0504363 -0.106016 -0.0825244 -0.116884 -0.0927852 0.0266561 0.0439193 0.0297506 
0.500936 0.496569 0.440262 0.476018 0.483711 0.49944 0.00737554 0.00760501 0.00517249 0.00652194 0.00657439 0.00755209 0.0272244 0.0313226 0.0277582 
0.405786 0.276286 0.216886 0.247459 0.324265 0.348258 0.00201175 0.000490833 0.00045047 0.000495758 0.0011819 0.00112096 0.0114046 0.00735265 0.0119049 
0.491023 0.411406 0.468402 0.443596 0.481447 0.461519 0.00106984 0.000573302 0.00166504 0.000988131 0.0012862 0.000895637 2.11953e-05 5.63817e-05 0.00563971 
0.40486 0.488604 0.461423 0.477002 0.436125 0.456827 0.000474962 0.00100002 0.00152761 0.00119427 0.000866259 0.000794912 -5.21249e-05 -2.59428e-05 0.00553545 
0.517021 0.518081 0.484344 0.504289 0.512102 0.519878 -0.0049771 -0.0110022 -0.00598045 -0.00842784 -0.00601466 -0.00791926 0.071589 0.0759868 0.072541 
0.463406 0.484344 0.518081 0.504289 0.498394 0.474995 -0.0118636 -0.00598045 -0.0110022 -0.00842784 -0.0120559 -0.00878222 0.0787663 0.072541 0.0759868 
0.500442 0.488272 0.47093 0.480616 0.494195 0.498093 0.00560651 0.00412901 0.00555845 0.00488152 0.00580302 0.00495419 0.0191129 0.0144505 0.0214112 
2.80814e-34 1.67571e-34 0.216886 0.116268 0.116531 5.63881e-35 3.09609e-35 6.10904e-35 0.00045047 0.000119774 9.39734e-05 9.15664e-35 0.00625892 0.0124398 0.0119049 
8.83513e-34 0.708206 0.74604 0.731059 0.437212 0.397266 4.03308e-34 -0.0138862 -0.0315871 -0.0208289 -0.00972673 -0.00551407 0.0857856 0.107045 0.0683862 
0.00146362 -0.0720069 -0.0738405 -0.0767148 -0.0569228 -0.0498704 -0.0267333 0.0100761 -0.00130599 0.00215903 -0.00928285 -0.00350752 0.0323445 0.0165858 0.0322157 
-1.20294e-34 -0.0738405 -0.0720069 -0.0767148 -0.0674398 -0.0532681 -1.14895e-34 -0.00130599 0.0100761 0.00215903 0.00395673 0.00115075 0.0244126 0.0322157 0.0165858 
0.388658 0.294605 0.213232 0.255345 0.310878 0.345242 0.00154956 0.0012489 0.000385187 0.000751668 0.00092519 0.00148741 0.0103372 0.0162612 0.0111216 
0.500936 0.440262 0.481196 0.46362 0.494725 0.483711 0.00737554 0.00517249 0.00582174 0.00560625 0.00667809 0.00657439 0.0272244 0.0277582 0.0232606 
0.995299 0.844775 0.984289 0.963177 0.992241 0.969499 -0.0347079 -0.0582577 -0.0601874 -0.0690413 -0.0485522 -0.0516872 0.0865117 0.0137245 0.0558157 
0.388658 0.213232 0.269647 0.24221 0.334191 0.310878 0.00154956 0.000385187 0.000393803 0.000413825 0.000866618 0.00092519 0.0103372 0.0111216 0.00656934 
0.555341 0.53029 0.455993 0.494986 0.521643 0.548684 -0.0482345 -0.0640008 -0.0468365 -0.0556464 -0.0504076 -0.0565141 0.0862575 0.0913194 0.094073 
0.426989 0.455993 0.53029 0.494986 0.484748 0.442633 -0.0582303 -0.0468365 -0.0640008 -0.0556464 -0.062723 -0.0524083 0.0965843 0.094073 0.0913194 
0.405786 0.216886 0.29429 0.257407 0.355362 0.324265 0.00201175 0.00045047 0.00148252 0.000889476 0.00185921 0.0011819 0.0114046 0.0119049 0.0173426 
0.488272 0.426776 0.47093 0.451345 0.480616 0.463995 0.00412901 0.00360543 0.00555845 0.0045908 0.00488152 0.00400903 0.0144505 0.0174983 0.0214112 
3.27663e-34 0.196057 0.30892 0.255477 0.173172 0.104887 1.49845e-34 0.0013021 0.0029738 0.00214376 0.000899859 0.000354185 0.0302222 0.0338858 0.0290966 
2.80814e-34 0.276286 0.1836 0.232063 0.0970993 0.152208 3.09609e-35 0.000490833 0.00011255 0.000259648 4.27026e-05 0.000126857 0.00625892 0.00735265 0.00389545 
3.27663e-34 0.30892 0.190805 0.253845 0.100799 0.173172 1.49845e-34 0.0029738 0.000906055 0.00181814 0.000294522 0.000899859 0.0302222 0.0290966 0.0256433 
-9.45977e-35 -0.0720069 -0.0492558 -0.0663122 -0.0356259 -0.0593391 -3.99083e-35 0.0100761 0.0164976 0.0156875 0.0051763 0.0067219 0.0103454 0.0165858 0.00842564 
3.49505e-34 0.294605 0.204649 0.251729 0.108474 0.162884 -8.24847e-35 0.0012489 0.000715864 0.00101044 0.000178917 0.000362583 0.0168632 0.0162612 0.0207343 
0.894603 0.846398 0.618285 0.773871 0.833798 0.876618 -0.126911 -0.116204 -0.0504363 -0.085823 -0.0927852 -0.122998 0.0266561 0.0360991 0.0439193 
0.405786 0.29429 0.426776 0.368997 0.416747 0.355362 0.00201175 0.00148252 0.00360543 0.00253265 0.00275488 0.00185921 0.0114046 0.0173426 0.0174983 
8.20659e-34 0.835469 0.702499 0.773363 0.405375 0.504935 -5.32325e-34 -0.0205862 -0.00760337 -0.011773 -0.00259438 -0.00478049 0.110347 0.0789815 0.119658 
0.75 1 0.9373 0.984306 0.85927 0.9375 -3.50143e-37 -6.54812e-37 -0.000608841 -0.000455604 -0.00033001 -1.25108e-36 0.347976 0.347417 0.307373 
4.80583e-34 0.320468 0.49015 0.412503 0.242974 0.146994 2.19465e-34 -0.0214906 -0.0500154 -0.0352884 -0.0135162 -0.00523312 0.0504712 0.0488945 0.0554533 
0.835469 0.844775 0.995299 0.969499 0.969403 0.83921 -0.0205862 -0.0582577 -0.0347079 -0.0516872 -0.0331457 -0.0305606 0.0789815 0.0137245 0.0865117 
0.35422 0.426776 0.29429 0.368997 0.325823 0.393522 0.00309357 0.00360543 0.00148252 0.00253265 0.00223085 0.00345466 0.0227265 0.0174983 0.0173426 
0.195276 0.058547 0.0294465 0.0412161 0.0981016 0.123829 -0.0645989 -0.0408375 -0.0184125 -0.0291614 -0.0407622 -0.0539632 0.089727 0.0777101 0.0890124 
2.73717e-34 0.166983 0.269647 0.220554 0.147367 0.0876484 -2.71508e-35 6.97835e-05 0.000393803 0.000189971 9.37378e-05 2.46618e-05 0.00554409 0.00357078 0.00656934 
9.52603e-34 0.706344 0.844245 0.780907 0.513696 0.405305 1.24533e-33 -0.000665666 -0.00207082 -0.00114543 -0.0006991 -0.00027911 0.254267 0.280021 0.230273 
4.87353e-34 5.60218e-34 0.618285 0.347667 0.319347 -2.17381e-35 1.691e-34 1.86599e-34 -0.0504363 -0.0134694 -0.0142748 3.96555e-34 0.0382335 0.0415007 0.0439193 
0.195276 0.272565 0.058547 0.154327 0.123829 0.231537 -0.0645989 -0.090236 -0.0408375 -0.0662358 -0.0539632 -0.0777253 0.089727 0.0801268 0.0777101 
0.984289 0.844775 0.96457 0.954048 0.975253 0.963177 -0.0601874 -0.0582577 -0.0829448 -0.0832939 -0.0716003 -0.0690413 0.0558157 0.0137245 0.0386545 
-1.81931e-35 0.058547 -0.0285347 0.00776823 -0.0273334 -0.0107418 -4.26602e-34 -0.0408375 -0.0174289 -0.0284106 -0.0058011 -0.0123601 0.0812255 0.0777101 0.0646774 
0.806541 0.74604 0.96457 0.900061 0.90899 0.782908 -0.0612958 -0.0315871 -0.0829448 -0.0570051 -0.0742087 -0.0467855 0.0460912 0.0683862 0.0386545 
0.439826 0.494431 0.462323 0.481371 0.451733 0.473533 0.00678095 0.00814509 0.00660055 0.00751565 0.00675087 0.00769876 0.0321015 0.0318425 0.0269603 
0.500936 0.462323 0.494431 0.481371 0.500444 0.493192 0.00737554 0.00660055 0.00814509 0.00751565 0.00786009 0.00736066 0.0272244 0.0269603 0.0318425 
0.655155 0.49015 0.320468 0.412503 0.503106 0.573531 -0.0838299 -0.0500154 -0.0214906 -0.0352884 -0.0496502 -0.0661321 0.0502545 0.0554533 0.0488945 
0.669009 0.51133 0.49015 0.501947 0.603963 0.60344 -0.102376 -0.0559174 -0.0500154 -0.0535179 -0.0781119 -0.0792667 0.0623616 0.061414 0.0554533 
0.806541 0.929112 0.618285 0.826527 0.716359 0.894646 -0.0612958 -0.106016 -0.0504363 -0.0825244 -0.059029 -0.0839961 0.0460912 0.0297506 0.0439193 
7.40751e-34 7.74189e-34 0.774571 0.457286 0.45618 1.69796e-34 -1.21548e-33 -9.94136e-34 -0.00163815 -0.000602967 -0.00046397 -2.20835e-33 0.255126 0.208555 0.233345 
4.80583e-34 0.49015 0.251775 0.366768 0.129818 0.242974 2.19465e-34 -0.0500154 -0.0143651 -0.0292873 -0.00422851 -0.0135162 0.0504712 0.0554533 0.0583052 
0.998656 0.9373 0.986661 0.995448 0.994197 0.98861 -0.00140971 -0.000608841 -0.000513099 -0.000626073 -0.000920408 -0.00104532 0.269315 0.307373 0.317372 
0.357962 0.188116 0.204649 0.196451 0.287809 0.281109 0.00268118 0.000684571 0.000715864 0.000706552 0.00158377 0.00161958 0.0223927 0.0244864 0.0207343 
0.998656 0.986661 0.749907 0.905268 0.927948 0.994197 -0.00140971 -0.000513099 -0.000457917 -0.000549836 -0.000944395 -0.000920408 0.269315 0.317372 0.304796 
0.500442 0.481196 0.444342 0.464938 0.484995 0.49491 0.00560651 0.00582174 0.00366207 0.00473212 0.00482471 0.0058598 0.0191129 0.0232606 0.0173028 
0.401144 0.205333 0.294014 0.251418 0.346524 0.303031 -0.0678984 -0.0377686 -0.0383365 -0.0387969 -0.053319 -0.0550189 0.09742 0.101131 0.10009 
0.621942 0.265911 0.511906 0.395287 0.566676 0.451861 -0.148782 -0.0969918 -0.135843 -0.121664 -0.14297 -0.130413 0.0525006 0.0492682 0.0623995 
0.357962 0.444342 0.481196 0.464938 0.433597 0.406201 0.00268118 0.00366207 0.00582174 0.00473212 0.00435105 0.00329665 0.0223927 0.0173028 0.0232606 
0.294014 0.205333 0.144264 0.175534 0.218025 0.251418 -0.0383365 -0.0377686 -0.0140367 -0.0250278 -0.026438 -0.0387969 0.10009 0.101131 0.10245 
0.298749 0.511906 0.265911 0.395287 0.283167 0.406415 -0.102538 -0.135843 -0.0969918 -0.121664 -0.10105 -0.121508 0.0663657 0.0623995 0.0492682 
3.05571e-34 0.293392 0.200568 0.24928 0.105874 0.161888 -1.39613e-34 0.00201647 0.000945057 0.00147265 0.000247762 0.000567798 0.0284864 0.0281808 0.032941 
1.03517e-34 -0.0215398 0.0222264 -0.0110618 -0.000179279 -0.00933788 9.0385e-35 0.0586687 0.0450915 0.0597529 0.0536456 0.0567795 -0.0238319 -0.00149477 -0.00927745 
0.357962 0.440262 0.293392 0.377589 0.327293 0.403086 0.00268118 0.00517249 0.00201647 0.00358054 0.00241284 0.00389507 0.0223927 0.0277582 0.0281808 
1.07157e-33 0.844775 0.835469 0.83921 0.514402 0.544436 -2.97575e-34 -0.0582577 -0.0205862 -0.0305606 -0.00723078 -0.0301214 0.0529946 0.0137245 0.0789815 
1.34909e-34 0.115923 0.144264 0.13291 0.0777847 0.0573493 -5.14576e-34 -0.00499036 -0.0140367 -0.00883941 -0.0038312 -0.00155124 0.103264 0.100151 0.10245 
5.60218e-34 0.401688 0.618285 0.525966 0.347667 0.203387 1.86599e-34 -0.0162102 -0.0504363 -0.0301861 -0.0134694 -0.00423927 0.0415007 0.0520918 0.0439193 
0.806541 0.618285 0.401688 0.525966 0.632233 0.716359 -0.0612958 -0.0504363 -0.0162102 -0.0301861 -0.0370577 -0.059029 0.0460912 0.0439193 0.0520918 
0.998656 0.844245 0.706344 0.780907 0.936023 0.967826 -0.00140971 -0.00207082 -0.000665666 -0.00114543 -0.00124276 -0.00200994 0.269315 0.230273 0.280021 
2.72215e-35 6.43424e-35 0.0890061 0.0387368 0.0238637 -7.60225e-36 -4.81027e-34 -5.15732e-34 -0.0233956 -0.0068636 -0.00702447 -9.73787e-34 0.095053 0.102681 0.0977601 
0.357962 0.204649 0.294605 0.251729 0.327405 0.287809 0.00268118 0.000715864 0.0012489 0.00101044 0.00191213 0.00158377 0.0223927 0.0207343 0.0162612 
0.35422 0.198442 0.190805 0.194644 0.28007 0.283628 0.00309357 0.000822939 0.000906055 0.000868084 0.00198889 0.00185886 0.0227265 0.0217666 0.0256433 
0.491023 0.468402 0.500069 0.492648 0.498079 0.481447 0.00106984 0.00166504 0.00164493 0.00173432 0.0013025 0.0012862 2.11953e-05 0.00563971 0.00379987 
3.05571e-34 0.188116 0.293392 0.243067 0.161888 0.0997148 -1.39613e-34 0.000684571 0.00201647 0.00127249 0.000567798 0.000204884 0.0284864 0.0244864 0.0281808 
0.488604 0.500069 0.461423 0.489905 0.477002 0.496901 0.00100002 0.00164493 0.00152761 0.00166741 0.00119427 0.00126017 -2.59428e-05 0.00379987 0.00553545 
3.43096e-34 0.198442 0.29429 0.248566 0.163629 0.105956 9.15141e-35 0.000822939 0.00148252 0.00118604 0.000445706 0.000212062 0.0184839 0.0217666 0.0173426 
-1.81931e-35 2.72215e-35 0.0294465 0.00570581 -0.00699858 -2.59269e-35 -4.26602e-34 -4.81027e-34 -0.0184125 -0.00528177 -0.00569124 -8.69587e-34 0.0812255 0.095053 0.0890124 
-3.40267e-35 -0.0492558 -0.0143107 -0.0317635 -0.0110425 -0.0243432 -9.45363e-36 0.0164976 0.0132258 0.0163045 0.0039735 0.00549189 0.00351762 0.00842564 0.00551061 
0.0134061 0.0572386 0.320887 0.168224 0.130518 0.0344097 0.0194136 -0.0224299 -0.0832708 -0.0470541 -0.0251572 -0.00314619 0.00336042 0.0154889 0.0100101 
1.0852e-34 1.34909e-34 0.144264 0.0777847 0.0678288 4.35633e-35 -5.25789e-34 -5.14576e-34 -0.0140367 -0.0038312 -0.00422422 -1.02856e-33 0.105237 0.103264 0.10245 
0.00146362 -0.0738405 -0.0622774 -0.0697281 -0.0463935 -0.0569228 -0.0267333 -0.00130599 -0.0078828 -0.00460757 -0.0160601 -0.00928285 0.0323445 0.0322157 0.0469393 
0.806541 0.401688 0.74604 0.583528 0.782908 0.632233 -0.0612958 -0.0162102 -0.0315871 -0.0242052 -0.0467855 -0.0370577 0.0460912 0.0520918 0.0683862 
0.648405 0.618285 0.846398 0.773871 0.770659 0.637511 -0.0670817 -0.0504363 -0.116204 -0.085823 -0.0936189 -0.0592962 0.0420243 0.0439193 0.0360991 
1.08826e-33 0.844775 1.07157e-33 0.544436 2.98731e-34 0.563072 1.07836e-35 -0.0582577 -2.97575e-34 -0.0301214 -4.06725e-36 -0.080382 -0.0714011 0.0137245 0.0529946 
0.262577 0.144264 0.115923 0.13291 0.191221 0.203393 -0.0231129 -0.0140367 -0.00499036 -0.00883941 -0.013239 -0.0196174 0.0989012 0.10245 0.100151 
0.500174 0.500069 0.468402 0.492648 0.492445 0.500117 0.0026998 0.00164493 0.00166504 0.00173432 0.00224972 0.00214032 0.00842123 0.00379987 0.00563971 
0.500174 0.461423 0.500069 0.489905 0.500117 0.49021 0.0026998 0.00152761 0.00164493 0.00166741 0.00214032 0.00217552 0.00842123 0.00553545 0.00379987 
9.53111e-34 8.20659e-34 0.702499 0.405375 0.400705 3.51207e-34 -7.68974e-34 -5.32325e-34 -0.00760337 -0.00259438 -0.00194126 -1.29133e-33 0.160556 0.110347 0.119658 
-8.32165e-35 -0.0285347 -0.0622774 -0.047864 -0.044675 -0.0385337 -3.18551e-34 -0.0174289 -0.0078828 -0.0125142 -0.00270301 -0.00456917 0.0631277 0.0646774 0.0469393 
0.999392 0.995299 0.708206 0.909857 0.919581 0.99786 -0.0148294 -0.0347079 -0.0138862 -0.0246219 -0.0173694 -0.0236822 0.130278 0.0865117 0.107045 
9.53111e-34 0.702499 0.83452 0.773236 0.506932 0.400705 -7.68974e-34 -0.00760337 -0.00636309 -0.00736334 -0.00209588 -0.00194126 0.160556 0.119658 0.157175 
0.820032 0.753738 0.772297 0.801897 0.824226 0.786006 -0.145641 -0.151053 -0.106969 -0.135475 -0.130454 -0.14964 0.0317965 0.041059 0.0429292 
0.35422 0.29429 0.198442 0.248566 0.283628 0.325823 0.00309357 0.00148252 0.000822939 0.00118604 0.00185886 0.00223085 0.0227265 0.0173426 0.0217666 
0.345789 0.320887 0.726956 0.521194 0.561709 0.334556 -0.0812142 -0.0832708 -0.143315 -0.122306 -0.122744 -0.0814506 -0.001812 0.0100101 0.0150909 
0.984289 0.96457 0.74604 0.900061 0.909394 0.975253 -0.0601874 -0.0829448 -0.0315871 -0.0570051 -0.0475589 -0.0716003 0.0558157 0.0386545 0.0683862 
1.03517e-34 -2.46154e-35 -0.0215398 -0.00826315 -0.00933788 8.16327e-35 9.0385e-35 6.19743e-35 0.0586687 0.0498734 0.0567795 6.54127e-35 -0.0238319 0.00396066 -0.00149477 
0.999392 0.708206 0.64841 0.680169 0.904275 0.919581 -0.0148294 -0.0138862 -0.00622664 -0.00903982 -0.0124288 -0.0173694 0.130278 0.107045 0.140755 
0.999392 0.835469 0.995299 0.969403 0.99786 0.963605 -0.0148294 -0.0205862 -0.0347079 -0.0331457 -0.0236822 -0.0210968 0.130278 0.0789815 0.0865117 
0.248282 0.1836 0.383051 0.295733 0.322267 0.216866 0.000133399 0.00011255 0.000775212 0.00037666 0.000357851 0.000116378 2.39676e-05 0.00389545 0.00437635 
0.241463 0.376977 0.166983 0.284494 0.205393 0.31521 8.54701e-05 0.000643565 6.97835e-05 0.000282389 7.22526e-05 0.000272285 -2.00714e-05 0.0038719 0.00357078 
0.388658 0.487675 0.444342 0.469904 0.418545 0.450321 0.00154956 0.00349842 0.00366207 0.00369117 0.00251657 0.00254543 0.0103372 0.012475 0.0173028 
7.36504e-34 0.64841 0.708206 0.680169 0.406768 0.362121 5.89001e-34 -0.00622664 -0.0138862 -0.00903982 -0.00402025 -0.00216305 0.121288 0.140755 0.107045 
0.375695 0.486106 0.491779 0.488968 0.43977 0.439226 -0.0247609 -0.0217343 -0.0336604 -0.0270014 -0.0306072 -0.0245336 0.0922947 0.0839434 0.0885057 
0.40493 0.484993 0.491198 0.488154 0.455885 0.452198 -0.00149854 0.0015589 -0.00163062 0.000218681 -0.00184399 -0.00022313 0.0679644 0.0613187 0.0669809 
7.74189e-34 0.644882 0.774571 0.71332 0.457286 0.363274 -9.94136e-34 -0.00216123 -0.00163815 -0.0019366 -0.000602967 -0.00056072 0.208555 0.190958 0.233345 
0.998656 0.749907 0.624583 0.690383 0.894777 0.927948 -0.00140971 -0.000457917 -0.000623766 -0.000559959 -0.00121327 -0.000944395 0.269315 0.304796 0.269856 
0.00146362 0.265911 0.24994 0.258948 0.105613 0.116001 -0.0267333 -0.0969918 -0.0849055 -0.0926582 -0.0517349 -0.0607943 0.0323445 0.0492682 0.0288871 
8.62586e-34 0.843062 0.64841 0.755362 0.36623 0.50998 7.97262e-34 -0.00515781 -0.00622664 -0.00601871 -0.00157464 -0.002087 0.163358 0.175882 0.140755 
0.366165 0.448665 0.458953 0.453911 0.418387 0.411327 0.00557652 0.00748658 0.00793291 0.00772156 0.00697525 0.00676313 0.0434506 0.0484019 0.0430283 
3.36418e-34 3.47283e-34 0.415223 0.214769 0.195716 5.40561e-35 2.03854e-34 1.76557e-34 -0.032108 -0.0083939 -0.00764402 4.09773e-34 0.0440359 0.0381301 0.0454701 
0.999392 0.702499 0.835469 0.773363 0.963605 0.933567 -0.0148294 -0.00760337 -0.0205862 -0.011773 -0.0210968 -0.0139911 0.130278 0.119658 0.0789815 
-3.40267e-35 -9.45977e-35 -0.0492558 -0.0356259 -0.0243432 -2.92606e-35 -9.45363e-36 -3.99083e-35 0.0164976 0.0051763 0.00549189 -6.61257e-35 0.00351762 0.0103454 0.00842564 
1.88481e-34 3.49505e-34 0.204649 0.108474 0.108923 6.98972e-35 -1.11482e-34 -8.24847e-35 0.000715864 0.000178917 0.000193601 -1.95139e-34 0.0226289 0.0168632 0.0207343 
0.75 0.749907 0.986661 0.905268 0.905287 0.749912 -4.05623e-37 -0.000457917 -0.000513099 -0.000549836 -0.000319055 -0.00024834 0.346909 0.304796 0.317372 
0.468097 0.611 0.555844 0.583852 0.521001 0.558687 -0.041762 -0.0830607 -0.0560359 -0.0688219 -0.0502122 -0.0630525 0.070452 0.0768856 0.0781922 
0.366507 0.495573 0.486282 0.490111 0.433256 0.434399 -0.00485735 -0.0240164 -0.0153523 -0.0195394 -0.00973681 -0.0127623 0.0746434 0.0785857 0.0775899 
0.353505 0.451077 0.455792 0.453239 0.409966 0.40539 0.00438447 0.00201052 0.00396473 0.00298426 0.00448571 0.00379813 0.0630675 0.0676043 0.0636216 
0.621942 0.734196 0.753738 0.757115 0.68925 0.714131 -0.148782 -0.125971 -0.151053 -0.141031 -0.152032 -0.145433 0.0525006 0.055213 0.041059 
0.397816 0.470738 0.480719 0.475873 0.446788 0.439784 0.00411176 0.00660314 0.00654126 0.00665859 0.00538579 0.00541516 0.043736 0.0383363 0.0437675 
0.293392 0.440262 0.350563 0.40059 0.322929 0.377589 0.00201647 0.00517249 0.00323374 0.00428523 0.00260272 0.00358054 0.0281808 0.0277582 0.032456 
0.500174 0.488272 0.487675 0.500315 0.496925 0.497385 0.0026998 0.00412901 0.00349842 0.00403346 0.00314831 0.00343727 0.00842123 0.0144505 0.012475 
0.621942 0.499456 0.265911 0.377797 0.451861 0.568024 -0.148782 -0.135741 -0.0969918 -0.117455 -0.130413 -0.145406 0.0525006 0.0390732 0.0492682 
0.501935 0.444105 0.492893 0.473253 0.498844 0.484454 0.00844065 0.00747749 0.00855208 0.00822118 0.0085568 0.00838172 0.0358981 0.0376025 0.0396804 
-1.41143e-35 -3.40267e-35 -0.0143107 -0.0110425 -0.00173882 1.97095e-37 -1.12659e-35 -9.45363e-36 0.0132258 0.0039735 0.00178534 -4.46444e-35 0.00549956 0.00351762 0.00551061 
0.366165 0.458953 0.444105 0.451699 0.40894 0.418387 0.00557652 0.00793291 0.00747749 0.00778484 0.00665473 0.00697525 0.0434506 0.0430283 0.0376025 
0.345789 0.102977 0.0222264 0.0507078 0.131344 0.217408 -0.0812142 0.00175494 0.0450915 0.0318607 -0.00979724 -0.0419038 -0.001812 -0.029387 -0.00927745 
-1.41143e-35 -0.0143107 -3.64714e-35 -0.00430009 -5.39064e-35 -0.00173882 -1.12659e-35 0.0132258 1.9076e-35 0.00972807 -2.97884e-36 0.00178534 0.00549956 0.00551061 0.00780574 
0.449388 0.350563 0.440262 0.40059 0.444866 0.406366 0.00578595 0.00323374 0.00517249 0.00428523 0.00551478 0.00455451 0.0322938 0.032456 0.0277582 
0.648405 0.305163 0.618285 0.460923 0.637511 0.490989 -0.0670817 -0.0160224 -0.0504363 -0.030314 -0.0592962 -0.0385378 0.0420243 0.040718 0.0439193 
0.621942 0.753738 0.499456 0.644254 0.568024 0.68925 -0.148782 -0.151053 -0.135741 -0.1513 -0.145406 -0.152032 0.0525006 0.041059 0.0390732 
0.405786 0.426776 0.488272 0.463995 0.456838 0.416747 0.00201175 0.00360543 0.00412901 0.00400903 0.00311042 0.00275488 0.0114046 0.0174983 0.0144505 
9.52603e-34 6.96064e-34 0.706344 0.40571 0.405305 3.06615e-34 1.24533e-33 1.47497e-33 -0.000665666 -0.000167325 -0.00027911 2.72134e-33 0.254267 0.300935 0.280021 
0.353505 0.455792 0.446915 0.451172 0.404931 0.409966 0.00438447 0.00396473 0.00562246 0.0049333 0.00509591 0.00448571 0.0630675 0.0636216 0.0590633 
0.998656 0.996996 0.844245 0.971189 0.967826 0.997854 -0.00140971 -0.00269163 -0.00207082 -0.00268315 -0.00200994 -0.00207589 0.269315 0.232801 0.230273 
0.366507 0.486282 0.465203 0.475192 0.421258 0.433256 -0.00485735 -0.0153523 -0.00716654 -0.0107475 -0.00613768 -0.00973681 0.0746434 0.0775899 0.0749858 
0.999392 0.64841 0.843062 0.755362 0.957209 0.904275 -0.0148294 -0.00622664 -0.00515781 -0.00601871 -0.00981684 -0.0124288 0.130278 0.140755 0.175882 
0.506879 0.446915 0.496626 0.475736 0.503005 0.486994 0.0047094 0.00562246 0.00404146 0.00503491 0.0043695 0.0053643 0.05805 0.0590633 0.0611507 
4.80583e-34 3.36418e-34 0.320468 0.160511 0.146994 8.68283e-35 2.19465e-34 2.03854e-34 -0.0214906 -0.00576106 -0.00523312 4.66579e-34 0.0504712 0.0440359 0.0488945 
-0.0352253 -0.0143107 -0.0492558 -0.0317635 -0.0440401 -0.0262505 0.0375554 0.0132258 0.0164976 0.0163045 0.0272521 0.0258406 0.00487229 0.00551061 0.00842564 
0.345789 0.119592 0.320887 0.214835 0.334556 0.214022 -0.0812142 -0.0109972 -0.0832708 -0.0489796 -0.0814506 -0.0428366 -0.001812 -0.00242096 0.0100101 
0.468097 0.633563 0.611 0.622202 0.558687 0.55864 -0.041762 -0.0925232 -0.0830607 -0.0881136 -0.0630525 -0.0652008 0.070452 0.0699157 0.0768856 
0.52589 0.465203 0.523015 0.499543 0.525564 0.508632 -0.014133 -0.00716654 -0.0167903 -0.0117415 -0.015551 -0.0109865 0.0775198 0.0749858 0.0785461 
0.570222 0.555844 0.599784 0.590042 0.585924 0.586636 -0.0762298 -0.0560359 -0.0838987 -0.0706301 -0.0804122 -0.0688512 0.0881079 0.0781922 0.0835068 
0.989578 0.844245 0.996996 0.971189 0.993854 0.978461 -0.00462238 -0.00207082 -0.00269163 -0.00268315 -0.0034331 -0.00372805 0.198017 0.230273 0.232801 
0.998656 0.624583 0.774571 0.704243 0.934728 0.894777 -0.00140971 -0.000623766 -0.00163815 -0.000978899 -0.00179346 -0.00121327 0.269315 0.269856 0.233345 
0.894603 0.726956 0.846398 0.85019 0.876618 0.837294 -0.126911 -0.143315 -0.116204 -0.141535 -0.122998 -0.141923 0.0266561 0.0150909 0.0360991 
0.0162681 -0.0622774 -0.0285347 -0.047864 -0.0129778 -0.0381685 -0.0378716 -0.0078828 -0.0174289 -0.0125142 -0.0274858 -0.0199714 0.0515442 0.0469393 0.0646774 
1.03517e-34 0.0222264 0.102977 0.0507078 0.0093613 -0.000179279 9.0385e-35 0.0450915 0.00175494 0.0318607 0.0389641 0.0536456 -0.0238319 -0.00927745 -0.029387 
0.591195 0.634495 0.633563 0.647659 0.657448 0.621442 -0.131157 -0.111524 -0.0925232 -0.104436 -0.118917 -0.122813 0.074199 0.0775196 0.0699157 
4.87353e-34 0.618285 0.305163 0.460923 0.16128 0.319347 1.691e-34 -0.0504363 -0.0160224 -0.030314 -0.00526088 -0.0142748 0.0382335 0.0439193 0.040718 
0.669009 0.734196 0.669537 0.712699 0.697328 0.703182 -0.102376 -0.125971 -0.139045 -0.135799 -0.124981 -0.114263 0.0623616 0.055213 0.0641788 
0.621942 0.669537 0.734196 0.712699 0.714131 0.652109 -0.148782 -0.139045 -0.125971 -0.135799 -0.145433 -0.146009 0.0525006 0.0641788 0.055213 
0.449388 0.440262 0.496569 0.476018 0.479231 0.444866 0.00578595 0.00517249 0.00760501 0.00652194 0.00682517 0.00551478 0.0322938 0.0277582 0.0313226 
2.72215e-35 0.0890061 0.0294465 0.0583364 0.00570581 0.0238637 -4.81027e-34 -0.0233956 -0.0184125 -0.02118 -0.00528177 -0.00702447 0.095053 0.0977601 0.0890124 
0.0134061 0.320887 0.119592 0.214835 0.0577392 0.130518 0.0194136 -0.0832708 -0.0109972 -0.0489796 0.00941208 -0.0251572 0.00336042 0.0100101 -0.00242096 
0.397816 0.480719 0.477831 0.479367 0.444147 0.446788 0.00411176 0.00654126 0.00548045 0.00606449 0.00495983 0.00538579 0.043736 0.0437675 0.0493203 
0.269647 0.166983 0.376977 0.284494 0.32744 0.220554 0.000393803 6.97835e-05 0.000643565 0.000282389 0.000533019 0.000189971 0.00656934 0.00357078 0.0038719 
0.276286 0.383051 0.1836 0.295733 0.232063 0.333988 0.000490833 0.000775212 0.00011255 0.00037666 0.000259648 0.000656582 0.00735265 0.00437635 0.00389545 
6.39786e-34 8.83513e-34 0.74604 0.437212 0.416089 3.68843e-35 2.68835e-34 4.03308e-34 -0.0315871 -0.00972673 -0.0121496 6.97882e-34 0.0579875 0.0857856 0.0683862 
0.75 0.437595 0.749907 0.609304 0.749912 0.609435 -4.05623e-37 -8.41477e-05 -0.000457917 -0.000202296 -0.00024834 -7.76582e-05 0.346909 0.323998 0.304796 
0.411406 0.383051 0.468402 0.432539 0.443596 0.397718 0.000573302 0.000775212 0.00166504 0.00120444 0.000988131 0.000635462 5.63817e-05 0.00437635 0.00563971 
0.40486 0.461423 0.376977 0.425027 0.391371 0.436125 0.000474962 0.00152761 0.000643565 0.00104981 0.000526344 0.000866259 -5.21249e-05 0.00553545 0.0038719 
0.820032 0.846398 0.726956 0.85019 0.789605 0.848267 -0.145641 -0.116204 -0.143315 -0.141535 -0.148198 -0.134097 0.0317965 0.0360991 0.0150909 
0.40493 0.491198 0.484344 0.488174 0.450083 0.455885 -0.00149854 -0.00163062 -0.00598045 -0.0036695 -0.00353651 -0.00184399 0.0679644 0.0669809 0.072541 
0.998656 0.706344 0.9373 0.843075 0.98861 0.936023 -0.00140971 -0.000665666 -0.000608841 -0.000733634 -0.00104532 -0.00124276 0.269315 0.280021 0.307373 
3.43096e-34 1.86996e-34 0.198442 0.105413 0.105956 7.77222e-35 9.15141e-35 1.20123e-34 0.000822939 0.000224858 0.000212062 2.10288e-34 0.0184839 0.0244365 0.0217666 
0.504491 0.477831 0.504067 0.495464 0.505601 0.501976 0.00696862 0.00548045 0.00722086 0.00645204 0.00713158 0.00636872 0.050814 0.0493203 0.0471819 
0.989578 0.999417 0.843062 0.965419 0.978222 0.996149 -0.00462238 -0.00834202 -0.00515781 -0.0074084 -0.00594808 -0.00655043 0.198017 0.165266 0.175882 
0.375695 0.491779 0.455993 0.476339 0.416506 0.43977 -0.0247609 -0.0336604 -0.0468365 -0.0401337 -0.0353603 -0.0306072 0.0922947 0.0885057 0.094073 
7.36504e-34 8.62586e-34 0.64841 0.36623 0.362121 3.644e-34 5.89001e-34 7.97262e-34 -0.00622664 -0.00157464 -0.00216305 1.394e-33 0.121288 0.163358 0.140755 
0.411406 0.248282 0.383051 0.322267 0.397718 0.340398 0.000573302 0.000133399 0.000775212 0.000357851 0.000635462 0.000349805 5.63817e-05 2.39676e-05 0.00437635 
0.241463 0.40486 0.376977 0.391371 0.31521 0.333001 8.54701e-05 0.000474962 0.000643565 0.000526344 0.000272285 0.000265018 -2.00714e-05 -5.21249e-05 0.0038719 
0.655155 0.320468 0.415223 0.366192 0.553941 0.503106 -0.0838299 -0.0214906 -0.032108 -0.0264392 -0.0576089 -0.0496502 0.0502545 0.0488945 0.0454701 
-3.25421e-34 0.586456 6.96064e-34 0.325015 4.9036e-34 0.325164 8.52938e-34 -0.000189034 1.47497e-33 -7.07051e-05 3.18101e-33 -3.8343e-05 0.348013 0.317178 0.300935 
6.96064e-34 0.586456 0.706344 0.649027 0.40571 0.325015 1.47497e-33 -0.000189034 -0.000665666 -0.000358945 -0.000167325 -7.07051e-05 0.300935 0.317178 0.280021 
0.500174 0.468402 0.478619 0.473792 0.494979 0.492445 0.0026998 0.00166504 0.0028022 0.00218393 0.00284174 0.00224972 0.00842123 0.00563971 0.0101663 
0.405786 0.478619 0.468402 0.473792 0.44126 0.448602 0.00201175 0.0028022 0.00166504 0.00218393 0.00190647 0.00247578 0.0114046 0.0101663 0.00563971 
7.27598e-34 0.624583 0.749907 0.690383 0.4375 0.349621 -1.43435e-33 -0.000623766 -0.000457917 -0.000559959 -0.000137191 -0.000151615 0.301158 0.269856 0.304796 
1 0.75 0.986661 0.905287 0.99666 0.9375 -6.54812e-37 -4.05623e-37 -0.000513099 -0.000319055 -0.000364573 -1.09069e-36 0.347417 0.346909 0.317372 
0.999392 0.843062 0.999417 0.965419 0.999785 0.957209 -0.0148294 -0.00515781 -0.00834202 -0.0074084 -0.010812 -0.00981684 0.130278 0.175882 0.165266 
1.89743e-34 1.94314e-34 0.206437 0.111214 0.109586 8.30835e-35 -4.25187e-34 -3.90311e-34 -0.00240225 -0.000519755 -0.000717072 -8.13191e-34 0.0858861 0.0789121 0.0820975 
0.517021 0.484344 0.514075 0.504444 0.516724 0.512102 -0.0049771 -0.00598045 -0.0029963 -0.00455399 -0.00400522 -0.00601466 0.071589 0.072541 0.0690448 
1.9612e-34 1.9545e-34 0.211512 0.11229 0.112782 8.40476e-35 -2.9096e-34 -2.59816e-34 0.000677219 0.000213285 0.000173955 -5.51306e-34 0.0589632 0.0526697 0.0561105 
0.989578 0.774571 0.644882 0.71332 0.878663 0.916568 -0.00462238 -0.00163815 -0.00216123 -0.0019366 -0.0039668 -0.00311172 0.198017 0.233345 0.190958 
1.62588e-34 1.61507e-34 0.178902 0.093756 0.0948394 7.05621e-35 2.54265e-34 2.78143e-34 0.00153447 0.000418485 0.000424503 5.31167e-34 0.0517617 0.056627 0.053775 
1.46597e-34 1.45219e-34 0.165932 0.0849245 0.0859537 6.14797e-35 3.36341e-34 3.49259e-34 0.00135989 0.000392296 0.000451448 6.84674e-34 0.0684891 0.0711378 0.0696508 
1.39097e-34 1.44718e-34 0.171237 0.0847142 0.083375 5.37453e-35 3.55808e-34 3.45638e-34 -0.00218755 -0.000578052 -0.000306724 7.03664e-34 0.0726254 0.0706631 0.0724646 
-1.01824e-34 -8.32165e-35 -0.0622774 -0.044675 -0.0508245 -6.55156e-35 -2.11606e-34 -3.18551e-34 -0.0078828 -0.00270301 -0.00178436 -5.21093e-34 0.0425503 0.0631277 0.0469393 
0.537851 0.620191 0.320887 0.475907 0.436873 0.577386 -0.136856 -0.140994 -0.0832708 -0.118472 -0.115321 -0.139138 0.0296021 0.0214138 0.0100101 
1.83903e-34 4.80583e-34 0.251775 0.129818 0.119193 7.30897e-35 2.76506e-34 2.19465e-34 -0.0143651 -0.00422851 -0.00352749 5.30155e-34 0.0571465 0.0504712 0.0583052 
1.77313e-34 3.05571e-34 0.200568 0.105874 0.106506 8.2939e-35 -1.69647e-34 -1.39613e-34 0.000945057 0.000247762 0.000249308 -3.10766e-34 0.03441 0.0284864 0.032941 
0.35422 0.462323 0.47093 0.466804 0.423462 0.416998 0.00309357 0.00660055 0.00555845 0.00611228 0.00451509 0.00490909 0.0227265 0.0269603 0.0214112 
0.9373 0.706344 0.586456 0.649027 0.800418 0.843075 -0.000608841 -0.000665666 -0.000189034 -0.000358945 -0.000402943 -0.000733634 0.307373 0.280021 0.317178 
0.555341 0.455993 0.54214 0.512437 0.548731 0.521643 -0.0482345 -0.0468365 -0.0401922 -0.0452919 -0.0441678 -0.0504076 0.0862575 0.094073 0.0861673 
1 0.986661 0.9373 0.995448 0.984306 0.99666 -6.54812e-37 -0.000513099 -0.000608841 -0.000626073 -0.000455604 -0.000364573 0.347417 0.317372 0.307373 
-1.20294e-34 -1.01824e-34 -0.0738405 -0.0527131 -0.0532681 -6.92824e-35 -1.14895e-34 -2.11606e-34 -0.00130599 -0.000399826 0.00115075 -3.27595e-34 0.0244126 0.0425503 0.0322157 
6.39786e-34 0.74604 0.401688 0.583528 0.216339 0.416089 2.68835e-34 -0.0315871 -0.0162102 -0.0242052 -0.00511045 -0.0121496 0.0579875 0.0683862 0.0520918 
-3.25421e-34 0.75 0.586456 0.673374 0.325164 0.4375 8.52938e-34 -3.50143e-37 -0.000189034 -0.000124225 -3.8343e-05 -1.05721e-37 0.348013 0.347976 0.317178 
1.74249e-34 1.7031e-34 0.189942 0.100263 0.1013 6.85432e-35 2.03205e-34 2.29294e-34 0.00150242 0.000417202 0.000411116 4.31241e-34 0.0413475 0.0466663 0.0437538 
3.27663e-34 1.75521e-34 0.196057 0.104046 0.104887 7.13737e-35 1.49845e-34 1.76318e-34 0.0013021 0.000351685 0.000354185 3.23809e-34 0.0302222 0.0358782 0.0338858 
1.5573e-34 1.51962e-34 0.171499 0.0890682 0.0902161 6.68105e-35 3.00049e-34 3.19841e-34 0.00155436 0.000453828 0.00047149 6.18711e-34 0.0610852 0.0651214 0.0629499 
1.40706e-34 1.3896e-34 0.163382 0.0820597 0.0824497 5.67481e-35 3.57004e-34 3.596e-34 0.000337897 0.000143696 0.000276509 7.16674e-34 0.0727411 0.0733102 0.0732739 
1.54079e-34 1.66513e-34 0.19865 0.0980605 0.0932872 5.78017e-35 3.2825e-34 3.04344e-34 -0.00714789 -0.00192576 -0.00148994 6.39012e-34 0.0673 0.0625892 0.0666336 
1.60659e-34 1.80544e-34 0.187287 0.101874 0.0970184 7.12896e-35 -4.90706e-34 -4.59449e-34 -0.00664899 -0.0017389 -0.00207622 -9.44319e-34 0.0987966 0.0925921 0.0947166 
1.96474e-34 1.97952e-34 0.211912 0.113122 0.112994 8.59641e-35 -3.5609e-34 -3.23037e-34 -0.000134279 4.12596e-06 -0.000100411 -6.7881e-34 0.0720675 0.0654206 0.0686702 
1.9218e-34 1.88273e-34 0.206443 0.109267 0.109963 8.31878e-35 -2.29257e-34 -1.99256e-34 0.00100939 0.000267447 0.000259634 -4.29331e-34 0.04649 0.0404156 0.0436287 
0.648405 0.772297 0.415223 0.625308 0.533497 0.723677 -0.0670817 -0.106969 -0.032108 -0.0688647 -0.0490263 -0.0873994 0.0420243 0.0429292 0.0454701 
0.591195 0.459905 0.634495 0.570234 0.621442 0.525715 -0.131157 -0.109661 -0.111524 -0.117193 -0.122813 -0.121748 0.074199 0.085318 0.0775196 
0.590953 0.634495 0.459905 0.570234 0.539881 0.613665 -0.103642 -0.111524 -0.109661 -0.117193 -0.110443 -0.108127 0.0839353 0.0775196 0.085318 
0.655155 0.772297 0.753738 0.801897 0.771196 0.716068 -0.0838299 -0.106969 -0.151053 -0.135475 -0.126438 -0.096025 0.0502545 0.0429292 0.041059 
0.345789 0.0222264 0.119592 0.0652144 0.214022 0.131344 -0.0812142 0.0450915 -0.0109972 0.0170267 -0.0428366 -0.00979724 -0.001812 -0.00927745 -0.00242096 
0.500174 0.478619 0.488272 0.483815 0.497385 0.494979 0.0026998 0.0028022 0.00412901 0.00345627 0.00343727 0.00284174 0.00842123 0.0101663 0.0144505 
-4.08089e-34 7.27598e-34 0.437595 0.23446 0.234401 6.19402e-34 -8.25844e-34 -1.43435e-33 -8.41477e-05 -5.13377e-05 -2.42602e-05 -3.08582e-33 0.346845 0.301158 0.323998 
0.999392 0.83452 0.702499 0.773236 0.933567 0.962409 -0.0148294 -0.00636309 -0.00760337 -0.00736334 -0.0139911 -0.0111362 0.130278 0.157175 0.119658 
0.195276 0.0294465 0.0890061 0.0583364 0.13539 0.0981016 -0.0645989 -0.0184125 -0.0233956 -0.02118 -0.0435074 -0.0407622 0.089727 0.0890124 0.0977601 
0.655155 0.415223 0.772297 0.625308 0.716068 0.553941 -0.0838299 -0.032108 -0.106969 -0.0688647 -0.096025 -0.0576089 0.0502545 0.0454701 0.0429292 
0.405786 0.488272 0.478619 0.483815 0.448602 0.456838 0.00201175 0.00412901 0.0028022 0.00345627 0.00247578 0.00311042 0.0114046 0.0144505 0.0101663 
-8.32165e-35 -1.81931e-35 -0.0285347 -0.0273334 -0.0385337 -3.78594e-35 -3.18551e-34 -4.26602e-34 -0.0174289 -0.0058011 -0.00456917 -7.10686e-34 0.0631277 0.0812255 0.0646774 
7.27598e-34 0.749907 0.437595 0.609304 0.23446 0.4375 -1.43435e-33 -0.000457917 -8.41477e-05 -0.000202296 -5.13377e-05 -0.000137191 0.301158 0.304796 0.323998 
1.89743e-34 0.206437 0.150999 0.179223 0.0802609 0.109586 -4.25187e-34 -0.00240225 -0.00244053 -0.00248962 -0.000598429 -0.000717072 0.0858861 0.0820975 0.0887483 
0.75 0.9373 0.586456 0.800418 0.673374 0.85927 -3.50143e-37 -0.000608841 -0.000189034 -0.000402943 -0.000124225 -0.00033001 0.347976 0.307373 0.317178 
0.308175 0.150999 0.206437 0.179223 0.261385 0.234817 -0.0105986 -0.00244053 -0.00240225 -0.00248962 -0.00577238 -0.00615003 0.0879627 0.0887483 0.0820975 
1.9612e-34 0.211512 0.16028 0.186542 0.0837146 0.112782 -2.9096e-34 0.000677219 0.000189779 0.000401038 7.52445e-05 0.000173955 0.0589632 0.0561105 0.0622061 
0.0134061 0.119592 0.0222264 0.0652144 0.0222542 0.0577392 0.0194136 -0.0109972 0.0450915 0.0170267 0.0337041 0.00941208 0.00336042 -0.00242096 -0.00927745 
7.27598e-34 7.40751e-34 0.624583 0.350011 0.349621 4.30344e-34 -1.43435e-33 -1.21548e-33 -0.000623766 -0.000228688 -0.000151615 -2.64915e-33 0.301158 0.255126 0.269856 
0.327365 0.16028 0.211512 0.186542 0.273053 0.250578 0.000646326 0.000189779 0.000677219 0.000401038 0.000800515 0.000400963 0.0622999 0.0622061 0.0561105 
1.86996e-34 3.27663e-34 0.190805 0.100799 0.101438 8.45672e-35 1.20123e-34 1.49845e-34 0.000906055 0.000294522 0.000226344 2.67814e-34 0.0244365 0.0302222 0.0256433 
7.74189e-34 9.53111e-34 0.644882 0.364827 0.363274 4.15164e-34 -9.94136e-34 -7.68974e-34 -0.00216123 -0.00104117 -0.00056072 -1.75855e-33 0.208555 0.160556 0.190958 
0.058547 0.272565 0.0999033 0.184001 0.0766289 0.154327 -0.0408375 -0.090236 -0.0589795 -0.0763842 -0.0500099 -0.0662358 0.0777101 0.0801268 0.0660793 
0.655155 0.753738 0.734196 0.757115 0.714381 0.771196 -0.0838299 -0.151053 -0.125971 -0.141031 -0.107877 -0.126438 0.0502545 0.041059 0.055213 
0.648405 0.415223 0.305163 0.3653 0.490989 0.533497 -0.0670817 -0.032108 -0.0160224 -0.0235054 -0.0385378 -0.0490263 0.0420243 0.0454701 0.040718 
1.61507e-34 0.128625 0.178902 0.153978 0.093756 0.067014 2.78143e-34 0.000867488 0.00153447 0.00117935 0.000418485 0.000243799 0.056627 0.0587236 0.053775 
1.62588e-34 0.178902 0.134311 0.157185 0.0694518 0.0948394 2.54265e-34 0.00153447 0.000813364 0.00113335 0.000231297 0.000424503 0.0517617 0.053775 0.0490581 
1.45219e-34 0.118351 0.165932 0.142265 0.0849245 0.0602851 3.49259e-34 0.000622035 0.00135989 0.000955669 0.000392296 0.000213298 0.0711378 0.0719749 0.0696508 
1.46597e-34 0.165932 0.122887 0.144628 0.0627185 0.0859537 3.36341e-34 0.00135989 0.000855395 0.00106004 0.000273723 0.000451448 0.0684891 0.0696508 0.0667364 
1.44718e-34 0.127969 0.171237 0.149875 0.0847142 0.061455 3.45638e-34 -0.00219223 -0.00218755 -0.00230315 -0.000578052 -0.000455587 0.0706631 0.069729 0.0724646 
1.39097e-34 0.171237 0.117995 0.143586 0.0588068 0.083375 3.55808e-34 -0.00218755 -0.000303046 -0.00115058 -2.08303e-05 -0.000306724 0.0726254 0.0724646 0.0732914 
0.285763 0.134311 0.178902 0.157185 0.234445 0.214774 0.00363241 0.000813364 0.00153447 0.00113335 0.00255015 0.00207443 0.0486647 0.0490581 0.053775 
0.271656 0.122887 0.165932 0.144628 0.220417 0.200133 0.00302029 0.000855395 0.00135989 0.00106004 0.0021554 0.0019382 0.0666287 0.0667364 0.0696508 
0.301993 0.178902 0.128625 0.153978 0.220763 0.243752 0.0040453 0.00153447 0.000867488 0.00117935 0.00236365 0.00280336 0.0579825 0.053775 0.0587236 
0.281674 0.117995 0.171237 0.143586 0.228273 0.200221 -0.00398642 -0.000303046 -0.00218755 -0.00115058 -0.0033962 -0.00157141 0.074081 0.0732914 0.0724646 
0.296907 0.165932 0.118351 0.142265 0.210179 0.232285 0.00093103 0.00135989 0.000622035 0.000955669 0.00113736 0.0016556 0.0722144 0.0696508 0.0719749 
0.346834 0.171237 0.127969 0.149875 0.237943 0.255978 -0.0171807 -0.00218755 -0.00219223 -0.00230315 -0.00790844 -0.00761848 0.0722417 0.0724646 0.069729 
9.53111e-34 0.83452 0.644882 0.748271 0.364827 0.506932 -7.68974e-34 -0.00636309 -0.00216123 -0.0036514 -0.00104117 -0.00209588 0.160556 0.157175 0.190958 
0.537851 0.499456 0.753738 0.644254 0.666911 0.518196 -0.136856 -0.135741 -0.151053 -0.1513 -0.151397 -0.136634 0.0296021 0.0390732 0.041059 
0.348696 0.211512 0.155441 0.183997 0.26132 0.285677 0.00255368 0.000677219 0.000492626 0.000597249 0.0013973 0.00144147 0.0505364 0.0561105 0.0497387 
1.9545e-34 0.155441 0.211512 0.183997 0.11229 0.081312 -2.59816e-34 0.000492626 0.000677219 0.000597249 0.000213285 0.000127343 0.0526697 0.0497387 0.0561105 
0.205333 0.0770466 0.144264 0.109801 0.175534 0.136843 -0.0377686 -0.0102833 -0.0140367 -0.0123812 -0.0250278 -0.0234144 0.101131 0.102367 0.10245 
1.14891e-34 0.166983 2.73717e-34 0.0876484 1.11404e-34 0.0875954 3.5831e-38 6.97835e-05 -2.71508e-35 2.46618e-05 -2.73314e-35 1.61966e-05 -5.25447e-06 0.00357078 0.00554409 
3.47283e-34 0.305163 0.415223 0.3653 0.214769 0.146667 1.76557e-34 -0.0160224 -0.032108 -0.0235054 -0.0083939 -0.00434555 0.0381301 0.040718 0.0454701 
0.345789 0.473685 0.102977 0.246472 0.217408 0.395469 -0.0812142 -0.111283 0.00175494 -0.0567673 -0.0419038 -0.0927474 -0.001812 -0.0246628 -0.029387 
1.0852e-34 0.144264 0.0770466 0.109801 0.0410332 0.0678288 -5.25789e-34 -0.0140367 -0.0102833 -0.0123812 -0.00277276 -0.00422422 0.105237 0.10245 0.102367 
1.20691e-34 2.80814e-34 0.1836 0.0970993 0.0971759 1.02321e-34 7.15938e-38 3.09609e-35 0.00011255 4.27026e-05 2.86516e-05 3.07745e-35 1.32467e-05 0.00625892 0.00389545 
0.348476 0.206437 0.155774 0.182368 0.261552 0.28243 -0.00390378 -0.00240225 -0.000552537 -0.00130678 -0.00195826 -0.00366141 0.0755012 0.0820975 0.0754145 
0.298749 0.0999033 0.272565 0.184001 0.284923 0.192665 -0.102538 -0.0589795 -0.090236 -0.0763842 -0.0968934 -0.0812074 0.0663657 0.0660793 0.0801268 
1.74249e-34 0.189942 0.146132 0.168649 0.0759926 0.1013 2.03205e-34 0.00150242 0.00080419 0.00112929 0.000223891 0.000411116 0.0413475 0.0437538 0.0386792 
1.94314e-34 0.155774 0.206437 0.182368 0.111214 0.0812437 -3.90311e-34 -0.000552537 -0.00240225 -0.00130678 -0.000519755 -0.000197788 0.0789121 0.0754145 0.0820975 
1.80544e-34 0.150999 0.187287 0.170996 0.101874 0.0780262 -4.59449e-34 -0.00244053 -0.00664899 -0.00426907 -0.0017389 -0.000782285 0.0925921 0.0887483 0.0947166 
1.7031e-34 0.134311 0.189942 0.162443 0.100263 0.070223 2.29294e-34 0.000813364 0.00150242 0.00113393 0.000417202 0.000226108 0.0466663 0.0490581 0.0437538 
1.60659e-34 0.187287 0.115923 0.151703 0.0622284 0.0970184 -4.90706e-34 -0.00664899 -0.00499036 -0.00597843 -0.00133 -0.00207622 0.0987966 0.0947166 0.100151 
1.97952e-34 0.16028 0.211912 0.186802 0.113122 0.0839021 -3.23037e-34 0.000189779 -0.000134279 5.13208e-05 4.12596e-06 4.20955e-05 0.0654206 0.0622061 0.0686702 
1.5573e-34 0.171499 0.128625 0.150511 0.0661843 0.0902161 3.00049e-34 0.00155436 0.000867488 0.00115576 0.000259776 0.00047149 0.0610852 0.0629499 0.0587236 
1.51962e-34 0.122887 0.171499 0.147352 0.0890682 0.0635477 3.19841e-34 0.000855395 0.00155436 0.00115054 0.000453828 0.000269396 0.0651214 0.0667364 0.0629499 
1.40706e-34 0.163382 0.118351 0.14058 0.0596796 0.0824497 3.57004e-34 0.000337897 0.000622035 0.00046328 0.000209619 0.000276509 0.0727411 0.0732739 0.0719749 
1.3896e-34 0.117995 0.163382 0.140767 0.0820597 0.0585861 3.596e-34 -0.000303046 0.000337897 -0.000133557 0.000143696 4.1969e-05 0.0733102 0.0732914 0.0732739 
1.54079e-34 0.19865 0.127969 0.160987 0.0634725 0.0932872 3.2825e-34 -0.00714789 -0.00219223 -0.00438996 -0.000589419 -0.00148994 0.0673 0.0666336 0.069729 
1.96474e-34 0.211912 0.155774 0.184525 0.0818199 0.112994 -3.5609e-34 -0.000134279 -0.000552537 -0.000404811 -0.00014111 -0.000100411 0.0720675 0.0686702 0.0754145 
1.66513e-34 0.153596 0.19865 0.177003 0.0980605 0.0719452 3.04344e-34 -0.005481 -0.00714789 -0.00659093 -0.00192576 -0.00128518 0.0625892 0.0612898 0.0666336 
1.88273e-34 0.148766 0.206443 0.178024 0.109267 0.0777224 -1.99256e-34 0.000520834 0.00100939 0.00075158 0.000267447 0.000137785 0.0404156 0.0375352 0.0436287 
1.9218e-34 0.206443 0.155441 0.181631 0.0808556 0.109963 -2.29257e-34 0.00100939 0.000492626 0.000734389 0.00013325 0.000259634 0.04649 0.0436287 0.0497387 
0.195276 0.459905 0.272565 0.371592 0.231537 0.32619 -0.0645989 -0.109661 -0.090236 -0.103157 -0.0777253 -0.0906455 0.089727 0.085318 0.0801268 
0.500936 0.497161 0.462323 0.484302 0.493192 0.50066 0.00737554 0.006783 0.00660055 0.00683686 0.00736066 0.00715578 0.0272244 0.0239556 0.0269603 
1.20691e-34 0.1836 0.248282 0.216866 0.134895 0.0971759 7.15938e-38 0.00011255 0.000133399 0.000116378 3.95575e-05 2.86516e-05 1.32467e-05 0.00389545 2.39676e-05 
0.00146362 0.24994 0.0572386 0.144348 0.0274802 0.105613 -0.0267333 -0.0849055 -0.0224299 -0.0537304 -0.0246959 -0.0517349 0.0323445 0.0288871 0.0154889 
1.14891e-34 0.241463 0.166983 0.205393 0.0875954 0.130395 3.5831e-38 8.54701e-05 6.97835e-05 7.22526e-05 1.61966e-05 2.34244e-05 -5.25447e-06 -2.00714e-05 0.00357078 
0.357962 0.481196 0.440262 0.46362 0.403086 0.433597 0.00268118 0.00582174 0.00517249 0.00560625 0.00389507 0.00435105 0.0223927 0.0232606 0.0277582 
3.36418e-34 0.415223 0.320468 0.366192 0.160511 0.195716 2.03854e-34 -0.032108 -0.0214906 -0.0264392 -0.00576106 -0.00764402 0.0440359 0.0454701 0.0488945 
0.195276 0.0890061 0.285128 0.177796 0.241652 0.13539 -0.0645989 -0.0233956 -0.0679827 -0.0467262 -0.0673131 -0.0435074 0.089727 0.0977601 0.0963912 
0.205333 0.285128 0.0890061 0.177796 0.145533 0.243111 -0.0377686 -0.0679827 -0.0233956 -0.0467262 -0.0317457 -0.0527324 0.101131 0.0963912 0.0977601 
0.591195 0.669537 0.511906 0.605522 0.557672 0.631253 -0.131157 -0.139045 -0.135843 -0.142093 -0.136018 -0.135777 0.074199 0.0641788 0.0623995 
3.05571e-34 1.88481e-34 0.188116 0.0992103 0.0997148 9.3995e-35 -1.39613e-34 -1.11482e-34 0.000684571 0.000169821 0.000204884 -2.52516e-34 0.0284864 0.0226289 0.0244864 
0.500442 0.497161 0.481196 0.499416 0.49491 0.500165 0.00560651 0.006783 0.00582174 0.00658298 0.0058598 0.00623759 0.0191129 0.0239556 0.0232606 
0.500936 0.481196 0.497161 0.499416 0.50066 0.494725 0.00737554 0.00582174 0.006783 0.00658298 0.00715578 0.00667809 0.0272244 0.0232606 0.0239556 
0.488604 0.491023 0.500069 0.498079 0.496901 0.500031 0.00100002 0.00106984 0.00164493 0.0013025 0.00126017 0.0011686 -2.59428e-05 2.11953e-05 0.00379987 
0.205333 0.0890061 0.0770466 0.0844545 0.136843 0.145533 -0.0377686 -0.0233956 -0.0102833 -0.016086 -0.0234144 -0.0317457 0.101131 0.0977601 0.102367 
6.43424e-35 0.0770466 0.0890061 0.0844545 0.0387368 0.032017 -5.15732e-34 -0.0102833 -0.0233956 -0.016086 -0.0068636 -0.00321654 0.102681 0.102367 0.0977601 
0.35422 0.47093 0.426776 0.451345 0.393522 0.423462 0.00309357 0.00555845 0.00360543 0.0045908 0.00345466 0.00451509 0.0227265 0.0214112 0.0174983 
7.40751e-34 0.774571 0.624583 0.704243 0.350011 0.45618 -1.21548e-33 -0.00163815 -0.000623766 -0.000978899 -0.000228688 -0.00046397 0.255126 0.233345 0.269856 
0.998656 0.774571 0.996996 0.929873 0.997854 0.934728 -0.00140971 -0.00163815 -0.00269163 -0.00238907 -0.00207589 -0.00179346 0.269315 0.233345 0.232801 
0.989578 0.996996 0.774571 0.929873 0.916568 0.993854 -0.00462238 -0.00269163 -0.00163815 -0.00238907 -0.00311172 -0.0034331 0.198017 0.232801 0.233345 
0.489039 0.285128 0.401144 0.347185 0.444848 0.392194 -0.091659 -0.0679827 -0.0678984 -0.0695314 -0.0801776 -0.0833427 0.0921498 0.0963912 0.09742 
0.205333 0.401144 0.285128 0.347185 0.243111 0.303031 -0.0377686 -0.0678984 -0.0679827 -0.0695314 -0.0527324 -0.0550189 0.101131 0.09742 0.0963912 
1.08826e-33 1.03517e-34 0.102977 0.0093613 0.0834672 3.73975e-34 1.07836e-35 9.0385e-35 0.00175494 0.0389641 -0.00402714 9.90156e-35 -0.0714011 -0.0238319 -0.029387 
0.348696 0.3821 0.211512 0.305736 0.285677 0.365979 0.00255368 0.00201715 0.000677219 0.00129682 0.00144147 0.00238962 0.0505364 0.0570246 0.0561105 
0.348476 0.373517 0.206437 0.297495 0.28243 0.361947 -0.00390378 -0.00956464 -0.00240225 -0.00593253 -0.00366141 -0.00637424 0.0755012 0.0820829 0.0820975 
0.345789 0.726956 0.773584 0.74745 0.573179 0.561709 -0.0812142 -0.143315 -0.133488 -0.138782 -0.121448 -0.122744 -0.001812 0.0150909 0.00624673 
6.43424e-35 1.0852e-34 0.0770466 0.0410332 0.032017 5.08409e-35 -5.15732e-34 -5.25789e-34 -0.0102833 -0.00277276 -0.00321654 -1.02784e-33 0.102681 0.105237 0.102367 
0.989578 0.644882 0.83452 0.748271 0.935471 0.878663 -0.00462238 -0.00216123 -0.00636309 -0.0036514 -0.00590443 -0.0039668 0.198017 0.190958 0.157175 
0.346834 0.363011 0.171237 0.269356 0.255978 0.354728 -0.0171807 -0.0135692 -0.00218755 -0.00675045 -0.00761848 -0.0155924 0.0722417 0.0746758 0.0724646 
0.296907 0.327836 0.165932 0.250329 0.232285 0.312599 0.00093103 0.00231619 0.00135989 0.00217678 0.0016556 0.0015825 0.0722144 0.0696391 0.0696508 
0.301993 0.335433 0.178902 0.262657 0.243752 0.319035 0.0040453 0.00482948 0.00153447 0.00318347 0.00280336 0.00442182 0.0579825 0.0528285 0.053775 
1.75521e-34 0.146132 0.196057 0.171412 0.104046 0.0767124 1.76318e-34 0.00080419 0.0013021 0.00104587 0.000351685 0.000209239 0.0358782 0.0386792 0.0338858 
1.75521e-34 1.74249e-34 0.146132 0.0759926 0.0767124 1.23777e-34 1.76318e-34 2.03205e-34 0.00080419 0.000223891 0.000209239 3.7853e-34 0.0358782 0.0413475 0.0386792 
0.294321 0.196057 0.146132 0.171412 0.225259 0.247978 0.00340748 0.0013021 0.00080419 0.00104587 0.00196763 0.00228628 0.0384215 0.0338858 0.0386792 
1.80544e-34 1.89743e-34 0.150999 0.0802609 0.0780262 1.33793e-34 -4.59449e-34 -4.25187e-34 -0.00244053 -0.000598429 -0.000782285 -8.81401e-34 0.0925921 0.0858861 0.0887483 
5.60218e-34 6.39786e-34 0.401688 0.216339 0.203387 4.12132e-34 1.86599e-34 2.68835e-34 -0.0162102 -0.00511045 -0.00423927 4.8383e-34 0.0415007 0.0579875 0.0520918 
3.47283e-34 4.87353e-34 0.305163 0.16128 0.146667 2.67127e-34 1.76557e-34 1.691e-34 -0.0160224 -0.00526088 -0.00434555 3.71387e-34 0.0381301 0.0382335 0.040718 
1.97952e-34 1.9612e-34 0.16028 0.0837146 0.0839021 1.44114e-34 -3.23037e-34 -2.9096e-34 0.000189779 7.52445e-05 4.20955e-05 -6.14171e-34 0.0654206 0.0589632 0.0622061 
1.61507e-34 1.5573e-34 0.128625 0.0661843 0.067014 1.18025e-34 2.78143e-34 3.00049e-34 0.000867488 0.000259776 0.000243799 5.77169e-34 0.056627 0.0610852 0.0587236 
1.7031e-34 1.62588e-34 0.134311 0.0694518 0.070223 1.2425e-34 2.29294e-34 2.54265e-34 0.000813364 0.000231297 0.000226108 4.82541e-34 0.0466663 0.0517617 0.0490581 
1.45219e-34 1.40706e-34 0.118351 0.0596796 0.0602851 1.03488e-34 3.49259e-34 3.57004e-34 0.000622035 0.000209619 0.000213298 7.05759e-34 0.0711378 0.0727411 0.0719749 
1.51962e-34 1.46597e-34 0.122887 0.0627185 0.0635477 1.10931e-34 3.19841e-34 3.36341e-34 0.000855395 0.000273723 0.000269396 6.55285e-34 0.0651214 0.0684891 0.0667364 
1.44718e-34 1.54079e-34 0.127969 0.0634725 0.061455 1.0178e-34 3.45638e-34 3.2825e-34 -0.00219223 -0.000589419 -0.000455587 6.77088e-34 0.0706631 0.0673 0.069729 
1.3896e-34 1.39097e-34 0.117995 0.0588068 0.0585861 9.86247e-35 3.596e-34 3.55808e-34 -0.000303046 -2.08303e-05 4.1969e-05 7.16139e-34 0.0733102 0.0726254 0.0732914 
0.894603 0.773584 0.726956 0.74745 0.837294 0.861963 -0.126911 -0.133488 -0.143315 -0.138782 -0.141923 -0.135984 0.0266561 0.00624673 0.0150909 
1.88273e-34 1.77313e-34 0.148766 0.0772212 0.0777224 1.42625e-34 -1.99256e-34 -1.69647e-34 0.000520834 0.000135385 0.000137785 -3.69541e-34 0.0404156 0.03441 0.0375352 
1.9545e-34 1.9218e-34 0.155441 0.0808556 0.081312 1.43604e-34 -2.59816e-34 -2.29257e-34 0.000492626 0.00013325 0.000127343 -4.89696e-34 0.0526697 0.04649 0.0497387 
1.66513e-34 1.83903e-34 0.153596 0.0770413 0.0719452 1.25214e-34 3.04344e-34 2.76506e-34 -0.005481 -0.00153627 -0.00128518 5.87594e-34 0.0625892 0.0571465 0.0612898 
1.94314e-34 1.96474e-34 0.155774 0.0818199 0.0812437 1.46759e-34 -3.90311e-34 -3.5609e-34 -0.000552537 -0.00014111 -0.000197788 -7.45584e-34 0.0789121 0.0720675 0.0754145 
1.34909e-34 1.60659e-34 0.115923 0.0622284 0.0573493 1.1503e-34 -5.14576e-34 -4.90706e-34 -0.00499036 -0.00133 -0.00155124 -9.9857e-34 0.103264 0.0987966 0.100151 
0.555844 0.611 0.599784 0.609451 0.590042 0.583852 -0.0560359 -0.0830607 -0.0838987 -0.0842979 -0.0706301 -0.0688219 0.0781922 0.0768856 0.0835068 
0.879779 0.773584 0.929112 0.896074 0.929159 0.825682 -0.111773 -0.133488 -0.106016 -0.126561 -0.115776 -0.126246 0.0031496 0.00624673 0.0297506 
-2.46154e-35 -3.64714e-35 -0.0119793 -0.00300571 -0.00306519 -4.81514e-35 6.19743e-35 1.9076e-35 0.0312759 0.0142687 0.0231547 3.26201e-35 0.00396066 0.00780574 0.00304598 
0.999392 0.999417 0.83452 0.953591 0.962409 0.999785 -0.0148294 -0.00834202 -0.00636309 -0.00810882 -0.0111362 -0.010812 0.130278 0.165266 0.157175 
0.989578 0.83452 0.999417 0.953591 0.996149 0.935471 -0.00462238 -0.00636309 -0.00834202 -0.00810882 -0.00655043 -0.00590443 0.198017 0.157175 0.165266 
-4.08089e-34 0.437595 0.75 0.609435 0.4375 0.234401 -8.25844e-34 -8.41477e-05 -4.05623e-37 -7.76582e-05 -1.62709e-37 -2.42602e-05 0.346845 0.323998 0.346909 
0.262577 0.294014 0.144264 0.218025 0.203393 0.278705 -0.0231129 -0.0383365 -0.0140367 -0.026438 -0.0196174 -0.0303397 0.0989012 0.10009 0.10245 
1.83903e-34 0.251775 0.153596 0.200086 0.0770413 0.119193 2.76506e-34 -0.0143651 -0.005481 -0.00932337 -0.00153627 -0.00352749 0.0571465 0.0583052 0.0612898 
0.383166 0.153596 0.251775 0.200086 0.321769 0.268954 -0.0304978 -0.005481 -0.0143651 -0.00932337 -0.0227205 -0.0157111 0.0640837 0.0612898 0.0583052 
0.894603 0.929112 0.773584 0.896074 0.861963 0.914765 -0.126911 -0.106016 -0.133488 -0.126561 -0.135984 -0.116884 0.0266561 0.0297506 0.00624673 
0.590953 0.599784 0.611 0.609451 0.618522 0.599652 -0.103642 -0.0838987 -0.0830607 -0.0842979 -0.0959137 -0.0941692 0.0839353 0.0835068 0.0768856 
0.31517 0.148766 0.200568 0.175296 0.260769 0.238178 0.00259256 0.000520834 0.000945057 0.000723732 0.00170625 0.00141107 0.0380484 0.0375352 0.032941 
1.77313e-34 0.200568 0.148766 0.175296 0.0772212 0.106506 -1.69647e-34 0.000945057 0.000520834 0.000723732 0.000135385 0.000249308 0.03441 0.032941 0.0375352 
-0.0720069 -0.0493412 -0.0492558 -0.0551549 -0.0663122 -0.0620164 0.0100761 0.0355791 0.0164976 0.0277907 0.0156875 0.0223591 0.0165858 0.00571033 0.00842564 
0.879779 0.473685 0.773584 0.645698 0.825682 0.722097 -0.111773 -0.111283 -0.133488 -0.126841 -0.126246 -0.118818 0.0031496 -0.0246628 0.00624673 
-1.01824e-34 -0.0622774 -0.0738405 -0.0697281 -0.0527131 -0.0508245 -2.11606e-34 -0.0078828 -0.00130599 -0.00460757 -0.000399826 -0.00178436 0.0425503 0.0469393 0.0322157 
1.08826e-33 0.102977 0.473685 0.246472 0.283818 0.0834672 1.07836e-35 0.00175494 -0.111283 -0.0567673 -0.079357 -0.00402714 -0.0714011 -0.029387 -0.0246628 
0.0162681 -0.0285347 0.0999033 0.0198477 0.0560707 -0.0129778 -0.0378716 -0.0174289 -0.0589795 -0.036144 -0.0487394 -0.0274858 0.0515442 0.0646774 0.0660793 
0.285763 0.178902 0.335433 0.262657 0.311292 0.234445 0.00363241 0.00153447 0.00482948 0.00318347 0.00428175 0.00255015 0.0486647 0.053775 0.0528285 
0.058547 0.0999033 -0.0285347 0.0198477 0.00776823 0.0766289 -0.0408375 -0.0589795 -0.0174289 -0.036144 -0.0284106 -0.0500099 0.0777101 0.0660793 0.0646774 
0.271656 0.165932 0.327836 0.250329 0.299815 0.220417 0.00302029 0.00135989 0.00231619 0.00217678 0.00291711 0.0021554 0.0666287 0.0696508 0.0696391 
0.281674 0.171237 0.363011 0.269356 0.321238 0.228273 -0.00398642 -0.00218755 -0.0135692 -0.00675045 -0.00794905 -0.0033962 0.074081 0.0724646 0.0746758 
0.308175 0.206437 0.373517 0.297495 0.342457 0.261385 -0.0105986 -0.00240225 -0.00956464 -0.00593253 -0.01028 -0.00577238 0.0879627 0.0820975 0.0820829 
0.327365 0.211512 0.3821 0.305736 0.356132 0.273053 0.000646326 0.000677219 0.00201715 0.00129682 0.00129554 0.000800515 0.0622999 0.0561105 0.0570246 
0.446915 0.455792 0.496626 0.479708 0.475736 0.451172 0.00562246 0.00396473 0.00404146 0.00405297 0.00503491 0.0049333 0.0590633 0.0636216 0.0611507 
0.426989 0.401144 0.294014 0.346524 0.361746 0.414974 -0.0582303 -0.0678984 -0.0383365 -0.053319 -0.0496005 -0.0631057 0.0965843 0.09742 0.10009 
0.510763 0.496626 0.455792 0.479708 0.492223 0.504957 0.00100062 0.00404146 0.00396473 0.00405297 0.00273793 0.0026372 0.065065 0.0611507 0.0636216 
0.633563 0.634495 0.611 0.630795 0.622202 0.647659 -0.0925232 -0.111524 -0.0830607 -0.0979423 -0.0881136 -0.104436 0.0699157 0.0775196 0.0768856 
1.86996e-34 0.190805 0.198442 0.194644 0.105413 0.101438 1.20123e-34 0.000906055 0.000822939 0.000868084 0.000224858 0.000226344 0.0244365 0.0256433 0.0217666 
0.465203 0.486282 0.523015 0.508897 0.499543 0.475192 -0.00716654 -0.0153523 -0.0167903 -0.0161865 -0.0117415 -0.0107475 0.0749858 0.0775899 0.0785461 
0.590953 0.611 0.634495 0.630795 0.613665 0.618522 -0.103642 -0.0830607 -0.111524 -0.0979423 -0.108127 -0.0959137 0.0839353 0.0768856 0.0775196 
0.538653 0.523015 0.486282 0.508897 0.525366 0.533033 -0.0281719 -0.0167903 -0.0153523 -0.0161865 -0.021941 -0.0222829 0.0828432 0.0785461 0.0775899 
1.88481e-34 0.204649 0.188116 0.196451 0.0992103 0.108923 -1.11482e-34 0.000715864 0.000684571 0.000706552 0.000169821 0.000193601 0.0226289 0.0207343 0.0244864 
0.501935 0.496569 0.494431 0.501804 0.499062 0.501627 0.00844065 0.00760501 0.00814509 0.0080666 0.00837854 0.00812183 0.0358981 0.0313226 0.0318425 
0.444105 0.458953 0.492893 0.478914 0.473253 0.451699 0.00747749 0.00793291 0.00855208 0.00834799 0.00822118 0.00778484 0.0376025 0.0430283 0.0396804 
0.50281 0.492893 0.458953 0.478914 0.488418 0.498913 0.00822932 0.00855208 0.00793291 0.00834799 0.00839199 0.00847267 0.0434251 0.0396804 0.0430283 
0.879779 0.929112 0.96457 0.947978 0.951455 0.929159 -0.111773 -0.106016 -0.0829448 -0.0970619 -0.102005 -0.115776 0.0031496 0.0297506 0.0386545 
0.50281 0.504067 0.480719 0.496011 0.500761 0.504527 0.00822932 0.00722086 0.00654126 0.00698114 0.00756581 0.0078151 0.0434251 0.0471819 0.0437675 
0.477831 0.480719 0.504067 0.496011 0.495464 0.479367 0.00548045 0.00654126 0.00722086 0.00698114 0.00645204 0.00606449 0.0493203 0.0437675 0.0471819 
0.30892 0.196057 0.348237 0.278711 0.32929 0.255477 0.0029738 0.0013021 0.00441932 0.00277236 0.00369323 0.00214376 0.0290966 0.0338858 0.0338445 
0.294321 0.348237 0.196057 0.278711 0.247978 0.322184 0.00340748 0.00441932 0.0013021 0.00277236 0.00228628 0.00395358 0.0384215 0.0338445 0.0338858 
0.648405 0.846398 0.772297 0.810949 0.723677 0.770659 -0.0670817 -0.116204 -0.106969 -0.112751 -0.0873994 -0.0936189 0.0420243 0.0360991 0.0429292 
0.320887 0.620191 0.726956 0.671523 0.521194 0.475907 -0.0832708 -0.140994 -0.143315 -0.142449 -0.122306 -0.118472 0.0100101 0.0214138 0.0150909 
0.510763 0.514075 0.491198 0.505737 0.51027 0.513857 0.00100062 -0.0029963 -0.00163062 -0.00233581 -0.000572087 -0.000848296 0.065065 0.0690448 0.0669809 
0.484344 0.491198 0.514075 0.505737 0.504444 0.488174 -0.00598045 -0.00163062 -0.0029963 -0.00233581 -0.00455399 -0.0036695 0.072541 0.0669809 0.0690448 
0.820032 0.772297 0.846398 0.810949 0.848267 0.824226 -0.145641 -0.106969 -0.116204 -0.112751 -0.134097 -0.130454 0.0317965 0.0429292 0.0360991 
0.345789 0.773584 0.473685 0.645698 0.395469 0.573179 -0.0812142 -0.133488 -0.111283 -0.126841 -0.0927474 -0.121448 -0.001812 0.00624673 -0.0246628 
0.538653 0.54214 0.491779 0.521405 0.526415 0.541317 -0.0281719 -0.0401922 -0.0336604 -0.0375676 -0.0323381 -0.0338503 0.0828432 0.0861673 0.0885057 
0.820032 0.726956 0.620191 0.671523 0.745829 0.789605 -0.145641 -0.143315 -0.140994 -0.142449 -0.150414 -0.148198 0.0317965 0.0150909 0.0214138 
0.49015 0.51133 0.251775 0.387489 0.366768 0.501947 -0.0500154 -0.0559174 -0.0143651 -0.0326606 -0.0292873 -0.0535179 0.0554533 0.061414 0.0583052 
0.455993 0.491779 0.54214 0.521405 0.512437 0.476339 -0.0468365 -0.0336604 -0.0401922 -0.0375676 -0.0452919 -0.0401337 0.094073 0.0885057 0.0861673 
0.806541 0.96457 0.929112 0.947978 0.894646 0.90899 -0.0612958 -0.0829448 -0.106016 -0.0970619 -0.0839961 -0.0742087 0.0460912 0.0386545 0.0297506 
0.265911 0.499456 0.24994 0.374387 0.258948 0.377797 -0.0969918 -0.135741 -0.0849055 -0.11342 -0.0926582 -0.117455 0.0492682 0.0390732 0.0288871 
0.537851 0.24994 0.499456 0.374387 0.518196 0.387619 -0.136856 -0.0849055 -0.135741 -0.11342 -0.136634 -0.112778 0.0296021 0.0288871 0.0390732 
0.293392 0.350563 0.200568 0.281767 0.24928 0.322929 0.00201647 0.00323374 0.000945057 0.00198471 0.00147265 0.00260272 0.0281808 0.032456 0.032941 
-0.0352253 -0.0492558 -0.0493412 -0.0551549 -0.0442598 -0.0440401 0.0375554 0.0164976 0.0355791 0.0277907 0.0388601 0.0272521 0.00487229 0.00842564 0.00571033 
0.383166 0.251775 0.51133 0.387489 0.446229 0.321769 -0.0304978 -0.0143651 -0.0559174 -0.0326606 -0.0421205 -0.0227205 0.0640837 0.0583052 0.061414 
0.31517 0.200568 0.350563 0.281767 0.333433 0.260769 0.00259256 0.000945057 0.00323374 0.00198471 0.00294785 0.00170625 0.0380484 0.032941 0.032456 
0.462323 0.497161 0.47093 0.487095 0.466804 0.484302 0.00660055 0.006783 0.00555845 0.00625905 0.00611228 0.00683686 0.0269603 0.0239556 0.0214112 
0.621942 0.511906 0.669537 0.605522 0.652109 0.566676 -0.148782 -0.135843 -0.139045 -0.142093 -0.146009 -0.14297 0.0525006 0.0623995 0.0641788 
0.570222 0.53029 0.566522 0.563007 0.57507 0.550756 -0.0762298 -0.0640008 -0.0531528 -0.0606337 -0.0647171 -0.0703387 0.0881079 0.0913194 0.0838156 
0.52589 0.518081 0.507027 0.520987 0.518598 0.523624 -0.014133 -0.0110022 -0.0062001 -0.00896987 -0.00987718 -0.0125548 0.0775198 0.0759868 0.0733993 
0.506879 0.505813 0.491511 0.505571 0.500642 0.508193 0.0047094 0.00525351 0.00657094 0.0060038 0.00578256 0.00503084 0.05805 0.0546473 0.0542365 
0.500442 0.47093 0.497161 0.487095 0.500165 0.494195 0.00560651 0.00555845 0.006783 0.00625905 0.00623759 0.00580302 0.0191129 0.0214112 0.0239556 
0.500936 0.494431 0.496569 0.501804 0.49944 0.500444 0.00737554 0.00814509 0.00760501 0.0080666 0.00755209 0.00786009 0.0272244 0.0318425 0.0313226 
0.504491 0.491511 0.505813 0.505571 0.506788 0.499766 0.00696862 0.00657094 0.00525351 0.0060038 0.0061796 0.00679983 0.050814 0.0542365 0.0546473 
0.517021 0.507027 0.518081 0.520987 0.519878 0.513765 -0.0049771 -0.0062001 -0.0110022 -0.00896987 -0.00791926 -0.00564574 0.071589 0.0733993 0.0759868 
0.555341 0.566522 0.53029 0.563007 0.548684 0.56254 -0.0482345 -0.0531528 -0.0640008 -0.0606337 -0.0565141 -0.0509504 0.0862575 0.0838156 0.0913194 
-3.64714e-35 -0.0143107 -0.0119793 -0.0143935 -0.00300571 -0.00430009 1.9076e-35 0.0132258 0.0312759 0.0230448 0.0142687 0.00972807 0.00780574 0.00551061 0.00304598 
-0.0352253 -0.0119793 -0.0143107 -0.0143935 -0.0262505 -0.0242765 0.0375554 0.0312759 0.0132258 0.0230448 0.0258406 0.0370655 0.00487229 0.00304598 0.00551061 
-2.46154e-35 -0.0119793 -0.0215398 -0.0178218 -0.00826315 -0.00306519 6.19743e-35 0.0312759 0.0586687 0.0470631 0.0498734 0.0231547 0.00396066 0.00304598 -0.00149477 
-0.0352253 -0.0215398 -0.0119793 -0.0178218 -0.0242765 -0.0292332 0.0375554 0.0586687 0.0312759 0.0470631 0.0370655 0.0492075 0.00487229 -0.00149477 0.00304598 
