0.475015 0.845319 1.0905e-33 0.563946 0.284647 0.674717 -0.112104 -0.0587218 1.00807e-35 -0.0808009 -0.0798247 -0.108929 -0.024733 0.0139626 -0.0715226 
0.00266601 0.0180573 0.271854 0.126956 0.119642 0.00925158 -0.0269836 -0.038688 -0.0999674 -0.0670797 -0.0621971 -0.0342072 0.0325555 0.0521207 0.0496169 
0.500974 0.451432 0.50062 0.493644 0.501705 0.486578 0.0126112 0.0134947 0.0138723 0.014734 0.013395 0.0136904 0.0439331 0.0497775 0.0474748 
0.507159 0.439969 0.513881 0.496495 0.511695 0.484273 0.011588 0.00930678 0.00644424 0.00834277 0.00929011 0.0107508 0.0655348 0.0677814 0.0695049 
0.535364 0.479889 0.543046 0.533874 0.540076 0.520582 -0.0279321 -0.0248068 -0.0419679 -0.0349299 -0.0346333 -0.0275196 0.0833947 0.0788192 0.0870329 
0.306645 0.281951 0.5964 0.450766 0.470393 0.293536 -0.106602 -0.0947981 -0.137022 -0.123854 -0.130753 -0.101239 0.067086 0.0813625 0.0750441 
0.375477 0.305167 0.198298 0.254429 0.296797 0.342858 0.00735131 0.00303736 0.00184436 0.00262782 0.00444757 0.00500266 0.0451265 0.0398942 0.0455492 
0.572291 0.415646 0.537159 0.489358 0.555202 0.513807 -0.0814345 -0.0734829 -0.0686881 -0.0739216 -0.0753334 -0.0828352 0.0891992 0.0995308 0.0926762 
0.880394 0.845319 0.475015 0.674717 0.723246 0.86881 -0.112781 -0.0587218 -0.112104 -0.108929 -0.119776 -0.0901805 0.00342317 0.0139626 -0.024733 
0.394702 0.20254 0.327635 0.268195 0.363564 0.306629 -0.0258863 -0.00699231 -0.00991568 -0.00947993 -0.0171933 -0.0167554 0.0944856 0.0973125 0.0899561 
0.572291 0.499381 0.415646 0.457402 0.513807 0.547982 -0.0814345 -0.0979843 -0.0734829 -0.086206 -0.0828352 -0.0918095 0.0891992 0.0936712 0.0995308 
0.360208 0.317596 0.467595 0.407972 0.423628 0.339748 -0.000281722 0.000771825 0.00183374 0.00139803 0.00050542 0.00025154 0.022917 0.0297802 0.0274187 
0.447295 0.467595 0.317596 0.407972 0.392601 0.458136 0.00392889 0.00183374 0.000771825 0.00139803 0.0021188 0.00287436 0.0329233 0.0274187 0.0297802 
0.507159 0.48688 0.491905 0.508316 0.500524 0.50796 0.011588 0.0115828 0.0147863 0.0137517 0.0134212 0.0120378 0.0655348 0.0615823 0.0617431 
0.500974 0.463079 0.493895 0.497755 0.498385 0.493484 0.0126112 0.00749022 0.0102257 0.0095496 0.0115154 0.0103253 0.0439331 0.0379443 0.0403898 
0.500435 0.463079 0.492043 0.480133 0.498531 0.491806 0.00785222 0.00749022 0.00469749 0.00625887 0.00626339 0.00806436 0.0362409 0.0379443 0.0313218 
0.492043 0.463079 0.440968 0.452341 0.472396 0.480133 0.00469749 0.00749022 0.00386451 0.00560738 0.00440427 0.00625887 0.0313218 0.0379443 0.0319105 
0.414348 0.21904 0.331879 0.279572 0.376275 0.33004 0.00506434 0.0015699 0.00492816 0.00302668 0.00535629 0.00319958 0.0684093 0.0688735 0.0621961 
0.394702 0.327635 0.49701 0.428402 0.45531 0.363564 -0.0258863 -0.00991568 -0.0198316 -0.0166224 -0.0243524 -0.0171933 0.0944856 0.0899561 0.0851824 
0.0225127 -0.021552 0.0139924 -0.0163169 0.022722 -0.0109656 0.0451776 0.0589765 0.0195302 0.0473905 0.0337845 0.0600013 -0.00926708 -0.00146668 0.0033888 
0.663121 0.671293 0.626311 0.674285 0.643663 0.695071 -0.105785 -0.144139 -0.0963148 -0.12354 -0.101701 -0.129397 0.0636572 0.0650038 0.0711541 
0.499381 0.469955 0.297892 0.381135 0.405142 0.486769 -0.0979843 -0.115859 -0.0730217 -0.0957674 -0.0892722 -0.107521 0.0936712 0.0865323 0.098591 
0.5964 0.626311 0.671293 0.674285 0.63467 0.6565 -0.137022 -0.0963148 -0.144139 -0.12354 -0.14131 -0.124145 0.0750441 0.0711541 0.0650038 
0.414348 0.331879 0.48688 0.428423 0.457844 0.376275 0.00506434 0.00492816 0.0115828 0.00834208 0.00830319 0.00535629 0.0684093 0.0621961 0.0615823 
0.375477 0.451109 0.305167 0.390239 0.342858 0.417542 0.00735131 0.00724855 0.00303736 0.00526147 0.00500266 0.0076266 0.0451265 0.0387397 0.0398942 
0.594145 0.469955 0.499381 0.486769 0.551677 0.547323 -0.10966 -0.115859 -0.0979843 -0.107521 -0.105732 -0.116828 0.0850291 0.0865323 0.0936712 
0.389703 0.306178 0.463079 0.399549 0.431403 0.350168 0.00647239 0.00265759 0.00749022 0.0050695 0.00728708 0.00439294 0.0430102 0.0372662 0.0379443 
0.375477 0.293795 0.451432 0.385315 0.417728 0.33699 0.00735131 0.00584445 0.0134947 0.0100444 0.0104965 0.00682277 0.0451265 0.0505405 0.0497775 
0.535364 0.49701 0.51401 0.528083 0.526714 0.526148 -0.0279321 -0.0198316 -0.0144897 -0.019059 -0.0209842 -0.0247824 0.0833947 0.0851824 0.0787474 
0.346631 0.262661 0.439969 0.360391 0.395657 0.30623 0.0100401 0.00586825 0.00930678 0.00845959 0.0105155 0.00796214 0.0637714 0.0670315 0.0677814 
0.34839 0.265934 0.479889 0.383181 0.41637 0.308807 -0.00426129 -0.00416686 -0.0248068 -0.0128361 -0.0127032 -0.00442631 0.0745912 0.0742935 0.0788192 
0.346631 0.301892 0.168696 0.238084 0.263905 0.324565 0.0100401 0.00831171 0.00289049 0.00549693 0.00653447 0.00944149 0.0637714 0.0593473 0.0639865 
0.375477 0.198298 0.293795 0.249203 0.33699 0.296797 0.00735131 0.00184436 0.00584445 0.00362667 0.00682277 0.00444757 0.0451265 0.0455492 0.0505405 
0.346631 0.442576 0.301892 0.380424 0.324565 0.399288 0.0100401 0.0146826 0.00831171 0.0121838 0.00944149 0.0126507 0.0637714 0.0599749 0.0593473 
0.34839 0.281663 0.153272 0.21924 0.253038 0.313714 -0.00426129 0.00236137 0.000413862 0.000942691 -0.00089088 -0.000243808 0.0745912 0.072104 0.0733327 
0.346631 0.168696 0.262661 0.217167 0.30623 0.263905 0.0100401 0.00289049 0.00586825 0.00450263 0.00796214 0.00653447 0.0637714 0.0639865 0.0670315 
0.454713 0.331873 0.190378 0.265333 0.326663 0.390569 -0.0437151 -0.0181451 -0.00747545 -0.0133797 -0.0225301 -0.0293001 0.0716611 0.073095 0.067805 
0.34839 0.153272 0.265934 0.207917 0.308807 0.253038 -0.00426129 0.000413862 -0.00416686 -0.0010878 -0.00442631 -0.00089088 0.0745912 0.0733327 0.0742935 
0.425177 0.301892 0.442576 0.380424 0.433856 0.3698 0.0139096 0.00831171 0.0146826 0.0121838 0.0145324 0.0115129 0.0552518 0.0593473 0.0599749 
0.34839 0.449655 0.281663 0.372474 0.313714 0.403563 -0.00426129 -0.0043803 0.00236137 0.000288606 -0.000243808 -0.00463205 0.0745912 0.0748771 0.072104 
0.415874 0.281663 0.449655 0.372474 0.432231 0.354156 0.00406838 0.00236137 -0.0043803 0.000288606 0.000253122 0.00323265 0.0711727 0.072104 0.0748771 
0.388077 0.461783 0.486302 0.475547 0.44893 0.42973 -0.00137328 -0.00184271 -0.00188313 -0.00197023 -0.00171837 -0.0016603 0.0106413 0.0057372 0.0126049 
0.49999 0.486302 0.461783 0.475547 0.490005 0.49632 -0.00216082 -0.00188313 -0.00184271 -0.00197023 -0.00207313 -0.00208761 0.00843955 0.0126049 0.0057372 
0.454713 0.544115 0.331873 0.45203 0.390569 0.507688 -0.0437151 -0.0592665 -0.0181451 -0.0370688 -0.0293001 -0.0528848 0.0716611 0.0790617 0.073095 
0.476549 0.331873 0.544115 0.45203 0.509902 0.413024 -0.0342451 -0.0181451 -0.0592665 -0.0370688 -0.0459825 -0.0267498 0.0782954 0.073095 0.0790617 
0.394702 0.470195 0.280203 0.382604 0.341583 0.433502 -0.0258863 -0.0504187 -0.0253249 -0.0403234 -0.0268045 -0.0376955 0.0944856 0.0959604 0.10174 
0.475775 0.363531 0.491992 0.441573 0.485028 0.428018 -0.00716768 1.57903e-05 0.00171823 0.000288018 -0.00252303 -0.00297238 0.0798688 0.076463 0.0732705 
0.414348 0.491992 0.363531 0.441573 0.391012 0.45968 0.00506434 0.00171823 1.57903e-05 0.000288018 0.00249121 0.00398173 0.0684093 0.0732705 0.076463 
0.461804 0.343994 0.473429 0.421738 0.467961 0.411647 0.0116535 0.00589233 0.0121961 0.00919773 0.0121663 0.00896027 0.0551662 0.0498334 0.049132 
0.389703 0.473429 0.343994 0.421738 0.367981 0.437776 0.00647239 0.0121961 0.00589233 0.00919773 0.00637674 0.00936574 0.0430102 0.049132 0.0498334 
0.502156 0.50062 0.451432 0.493644 0.485543 0.502847 0.0156635 0.0138723 0.0134947 0.014734 0.0152202 0.014891 0.0514183 0.0474748 0.0497775 
0.454713 0.372544 0.626311 0.523615 0.547707 0.417358 -0.0437151 -0.0316107 -0.0963148 -0.0624801 -0.0680674 -0.0384242 0.0716611 0.0655095 0.0711541 
0.512984 0.513881 0.439969 0.496495 0.486613 0.514724 0.00294999 0.00644424 0.00930678 0.00834277 0.00682459 0.00475917 0.0719418 0.0695049 0.0677814 
0.447295 0.451109 0.495804 0.479511 0.478197 0.449386 0.00392889 0.00724855 0.00512552 0.00640877 0.00464226 0.00551858 0.0329233 0.0387397 0.0322693 
0.553865 0.543046 0.479889 0.533874 0.53404 0.548418 -0.0511051 -0.0419679 -0.0248068 -0.0349299 -0.0382595 -0.0465278 0.0871082 0.0870329 0.0788192 
3.47137e-34 0.213545 0.292296 0.254518 0.161734 0.113841 -8.5615e-35 -0.00042435 -0.000658868 -0.000575714 -0.000218555 -0.000126871 0.017239 0.0114801 0.0164895 
0.500435 0.495804 0.451109 0.479511 0.487294 0.499012 0.00785222 0.00512552 0.00724855 0.00640877 0.00798513 0.00649338 0.0362409 0.0322693 0.0387397 
1.67235e-34 3.46013e-34 0.216702 0.11632 0.116067 5.64835e-35 5.8505e-35 8.86016e-35 -0.000424821 -0.000126486 -0.000104753 1.4778e-34 0.0119532 0.0181721 0.0115701 
0.216702 3.46013e-34 0.296943 0.16512 0.258463 0.11632 -0.000424821 8.86016e-35 -0.000658785 -0.000218381 -0.00058087 -0.000126486 0.0115701 0.0181721 0.0171819 
0.475775 0.519672 0.49701 0.513708 0.486825 0.505728 -0.00716768 -0.00501843 -0.0198316 -0.012233 -0.0131011 -0.0065593 0.0798688 0.076551 0.0851824 
0.389703 0.200479 0.306178 0.2564 0.350168 0.306076 0.00647239 0.00146239 0.00265759 0.00220823 0.00439294 0.003753 0.0430102 0.0427165 0.0372662 
0.521827 0.49701 0.519672 0.513708 0.522456 0.522618 -0.0099942 -0.0198316 -0.00501843 -0.012233 -0.00744484 -0.0154829 0.0778905 0.0851824 0.076551 
0.503979 0.491905 0.48688 0.508316 0.505229 0.49934 0.0157204 0.0147863 0.0115828 0.0137517 0.014133 0.0153807 0.0586378 0.0617431 0.0615823 
0.500435 0.493895 0.463079 0.497755 0.491806 0.498623 0.00785222 0.0102257 0.00749022 0.0095496 0.00806436 0.00909091 0.0362409 0.0403898 0.0379443 
0.0139924 -0.021552 -0.0495369 -0.0344991 -0.0290212 -0.0163169 0.0195302 0.0589765 0.0359525 0.048203 0.0338207 0.0473905 0.0033888 -0.00146668 0.00574949 
1.12532e-33 0.844223 0.843 0.84384 0.513089 0.512371 1.02064e-33 -0.00209025 -0.0052043 -0.00326294 -0.00151073 -0.00102859 0.208858 0.230751 0.176374 
0.454713 0.190378 0.372544 0.276461 0.417358 0.326663 -0.0437151 -0.00747545 -0.0316107 -0.0171903 -0.0384242 -0.0225301 0.0716611 0.067805 0.0655095 
0.305167 0.152992 0.198298 0.17647 0.254429 0.234818 0.00303736 0.000706822 0.00184436 0.00120073 0.00262782 0.00174755 0.0398942 0.0401076 0.0455492 
0.389703 0.343994 0.200479 0.276537 0.306076 0.367981 0.00647239 0.00589233 0.00146239 0.00339067 0.003753 0.00637674 0.0430102 0.0498334 0.0427165 
0.507159 0.448039 0.439969 0.443784 0.484273 0.485793 0.011588 0.0128641 0.00930678 0.011157 0.0107508 0.0128183 0.0655348 0.0641675 0.0677814 
0.535364 0.470879 0.479889 0.474472 0.520582 0.515131 -0.0279321 -0.0144693 -0.0248068 -0.019544 -0.0275196 -0.0212532 0.0833947 0.077644 0.0788192 
0.500974 0.463366 0.451432 0.457667 0.486578 0.489535 0.0126112 0.0110501 0.0134947 0.0123516 0.0136904 0.0122445 0.0439331 0.0442598 0.0497775 
0.414348 0.363531 0.21904 0.297921 0.33004 0.391012 0.00506434 1.57903e-05 0.0015699 0.00150122 0.00319958 0.00249121 0.0684093 0.076463 0.0688735 
2.7606e-34 0.271241 0.213545 0.243163 0.114394 0.148773 -2.95534e-35 -0.000669755 -0.00042435 -0.000560101 -0.000119137 -0.000203032 0.00590841 0.00687725 0.0114801 
0.521827 0.51401 0.49701 0.528083 0.522618 0.519008 -0.0099942 -0.0144897 -0.0198316 -0.019059 -0.0154829 -0.01234 0.0778905 0.0787474 0.0851824 
0.447295 0.358587 0.451109 0.41115 0.449386 0.408292 0.00392889 0.00268644 0.00724855 0.00479656 0.00551858 0.00340089 0.0329233 0.0349418 0.0387397 
0.305167 0.451109 0.358587 0.41115 0.332965 0.390239 0.00303736 0.00724855 0.00268644 0.00479656 0.00295177 0.00526147 0.0398942 0.0387397 0.0349418 
0.388077 0.440568 0.292296 0.377519 0.343774 0.416268 -0.00137328 -0.0010535 -0.000658868 -0.000938355 -0.00103035 -0.00137044 0.0106413 0.017417 0.0164895 
0.394702 0.280203 0.20254 0.245263 0.306629 0.341583 -0.0258863 -0.0253249 -0.00699231 -0.0149195 -0.0167554 -0.0268045 0.0944856 0.10174 0.0973125 
0.306645 0.5964 0.518584 0.563903 0.414197 0.470393 -0.106602 -0.137022 -0.140858 -0.141574 -0.126174 -0.130753 0.067086 0.0750441 0.0629725 
3.47137e-34 1.65371e-34 0.213545 0.114099 0.113841 5.33142e-35 -8.5615e-35 -5.76541e-35 -0.00042435 -0.000106197 -0.000126871 -1.42597e-34 0.017239 0.0116562 0.0114801 
0.0139924 -0.0726038 0.0587976 -0.0317666 0.0354329 -0.0387584 0.0195302 0.0104216 -0.0227254 0.00380653 -0.00319347 0.0191818 0.0033888 0.0166813 0.0155484 
0.327635 0.20254 0.163203 0.185011 0.252002 0.268195 -0.00991568 -0.00699231 -0.00227247 -0.00432094 -0.00577439 -0.00947993 0.0899561 0.0973125 0.0907479 
0.441774 0.537159 0.415646 0.489358 0.429667 0.496259 -0.0631193 -0.0686881 -0.0734829 -0.0739216 -0.0683811 -0.067654 0.0986538 0.0926762 0.0995308 
0.352105 0.292296 0.440568 0.377519 0.401225 0.323298 -0.000151329 -0.000658868 -0.0010535 -0.000938355 -0.000570378 -0.000522344 0.0223222 0.0164895 0.017417 
0.253944 0.323455 0.0587976 0.170429 0.1471 0.287681 -0.0868274 -0.0847681 -0.0227254 -0.0479395 -0.0547458 -0.0855798 0.0290103 0.0100461 0.0155484 
0.461804 0.5035 0.48688 0.498094 0.475274 0.489958 0.0116535 0.0153136 0.0115828 0.0138872 0.0118726 0.0137442 0.0551662 0.0549839 0.0615823 
0.475775 0.49701 0.391474 0.45198 0.438861 0.486825 -0.00716768 -0.0198316 -0.00682896 -0.0132459 -0.00739189 -0.0131011 0.0798688 0.0851824 0.0835799 
0.503979 0.48688 0.5035 0.498094 0.505805 0.505229 0.0157204 0.0115828 0.0153136 0.0138872 0.0157337 0.014133 0.0586378 0.0615823 0.0549839 
0.306178 0.341496 0.463079 0.411947 0.399549 0.324212 0.00265759 0.00198403 0.00749022 0.00441708 0.0050695 0.00238594 0.0372662 0.0318705 0.0379443 
0.0180573 0.104529 0.271854 0.179717 0.126956 0.0591697 -0.038688 -0.0610764 -0.0999674 -0.0804176 -0.0670797 -0.0501608 0.0521207 0.0670005 0.0496169 
0.995259 0.984173 0.745438 0.908995 0.917522 0.992176 -0.0349966 -0.0606885 -0.0318698 -0.0479794 -0.0391542 -0.0489522 0.0869973 0.0563123 0.0690566 
0.293795 0.339627 0.451432 0.40287 0.385315 0.31765 0.00584445 0.00922767 0.0134947 0.011803 0.0100444 0.0075423 0.0505405 0.0544974 0.0497775 
0.440968 0.463079 0.341496 0.411947 0.397209 0.452341 0.00386451 0.00749022 0.00198403 0.00441708 0.0029556 0.00560738 0.0319105 0.0379443 0.0318705 
0.327635 0.391474 0.49701 0.45198 0.428402 0.361524 -0.00991568 -0.00682896 -0.0198316 -0.0132459 -0.0166224 -0.00865065 0.0899561 0.0835799 0.0851824 
0.262661 0.314328 0.439969 0.383195 0.360391 0.288426 0.00586825 0.00539109 0.00930678 0.00728406 0.00845959 0.00595182 0.0670315 0.0696818 0.0677814 
0.265934 0.345918 0.479889 0.420663 0.383181 0.304558 -0.00416686 -0.0143538 -0.0248068 -0.0203438 -0.0128361 -0.00838902 0.0742935 0.0751406 0.0788192 
0.406659 0.381301 0.274845 0.332328 0.347852 0.394344 -0.0014672 -0.00119867 -0.000673342 -0.00094877 -0.00108583 -0.00136536 0.0111495 0.00413882 0.00705298 
0.425177 0.451432 0.339627 0.40287 0.38586 0.439048 0.0139096 0.0134947 0.00922767 0.011803 0.0117698 0.0139202 0.0552518 0.0497775 0.0544974 
0.415874 0.439969 0.314328 0.383195 0.367618 0.428183 0.00406838 0.00930678 0.00539109 0.00728406 0.00522234 0.00682303 0.0711727 0.0677814 0.0696818 
0.476549 0.479889 0.345918 0.420663 0.415175 0.477763 -0.0342451 -0.0248068 -0.0143538 -0.0203438 -0.0234155 -0.0294565 0.0782954 0.0788192 0.0751406 
0.331879 0.21904 0.162547 0.191318 0.254126 0.279572 0.00492816 0.0015699 0.00113327 0.00136755 0.0028155 0.00302668 0.0621961 0.0688735 0.0618324 
0.388077 0.271241 0.378812 0.329231 0.383505 0.334866 -0.00137328 -0.000669755 -0.00119926 -0.000946251 -0.00131807 -0.00103362 0.0106413 0.00687725 0.00411066 
0.5964 0.281951 0.469955 0.382072 0.533486 0.450766 -0.137022 -0.0947981 -0.115859 -0.108711 -0.127876 -0.123854 0.0750441 0.0813625 0.0865323 
0.541727 0.323455 0.253944 0.287681 0.391892 0.440282 -0.139826 -0.0847681 -0.0868274 -0.0855798 -0.115321 -0.117529 0.0297874 0.0100461 0.0290103 
-9.55023e-35 -1.22002e-34 -0.0726038 -0.06829 -0.0599368 4.61787e-36 -3.9904e-35 -1.15318e-34 0.0104216 0.00412417 0.00688776 -1.71316e-34 0.0103944 0.0245532 0.0166813 
0.406659 0.467917 0.381301 0.431466 0.394344 0.441316 -0.0014672 -0.00186569 -0.00119867 -0.00155596 -0.00136536 -0.00171839 0.0111495 0.00547497 0.00413882 
0.388077 0.378812 0.461783 0.426109 0.42973 0.383505 -0.00137328 -0.00119926 -0.00184271 -0.00154138 -0.0016603 -0.00131807 0.0106413 0.00411066 0.0057372 
0.461804 0.48688 0.382354 0.445112 0.427312 0.475274 0.0116535 0.0115828 0.00753878 0.00996731 0.0096831 0.0118726 0.0551662 0.0615823 0.0567089 
0.507159 0.495466 0.48688 0.491324 0.50796 0.51049 0.011588 0.00794834 0.0115828 0.0102277 0.0120378 0.00983574 0.0655348 0.0674584 0.0615823 
0.331879 0.382354 0.48688 0.445112 0.428423 0.358523 0.00492816 0.00753878 0.0115828 0.00996731 0.00834208 0.00629957 0.0621961 0.0567089 0.0615823 
0.00266601 0.0587976 -0.0726038 -0.0317666 -0.0499098 0.0289822 -0.0269836 -0.0227254 0.0104216 0.00380653 -0.0032612 -0.0249557 0.0325555 0.0155484 0.0166813 
0.306645 0.271854 0.104529 0.179717 0.199357 0.290083 -0.106602 -0.0999674 -0.0610764 -0.0804176 -0.0842902 -0.104557 0.067086 0.0496169 0.0670005 
1.65371e-34 2.7606e-34 0.213545 0.114394 0.114099 5.40929e-35 -5.76541e-35 -2.95534e-35 -0.00042435 -0.000119137 -0.000106197 -8.66432e-35 0.0116562 0.00590841 0.0114801 
0.500974 0.47452 0.463079 0.468858 0.493484 0.496429 0.0126112 0.0104954 0.00749022 0.0090103 0.0103253 0.0119042 0.0439331 0.0435154 0.0379443 
0.372544 0.501978 0.626311 0.579356 0.523615 0.436065 -0.0316107 -0.0577117 -0.0963148 -0.0782749 -0.0624801 -0.0435573 0.0655095 0.0629014 0.0711541 
8.62424e-34 1.12532e-33 0.843 0.513089 0.509902 -4.15584e-35 7.99678e-34 1.02064e-33 -0.0052043 -0.00151073 -0.00210543 1.8259e-33 0.163857 0.208858 0.176374 
0.663121 0.626311 0.501978 0.579356 0.595276 0.643663 -0.105785 -0.0963148 -0.0577117 -0.0782749 -0.0818697 -0.101701 0.0636572 0.0711541 0.0629014 
0.280203 0.470195 0.310746 0.398585 0.295997 0.382604 -0.0253249 -0.0504187 -0.0419758 -0.0490661 -0.0332667 -0.0403234 0.10174 0.0959604 0.102852 
0.00266601 -0.0634808 0.0180573 -0.0382692 0.00925158 -0.0465606 -0.0269836 -0.00785972 -0.038688 -0.0202047 -0.0342072 -0.0160849 0.0325555 0.0474892 0.0521207 
0.331873 0.121353 0.190378 0.153437 0.265333 0.226382 -0.0181451 -0.00233283 -0.00747545 -0.0046161 -0.0133797 -0.00836924 0.073095 0.0705939 0.067805 
0.281663 0.111344 0.153272 0.131975 0.21924 0.198391 0.00236137 0.000769682 0.000413862 0.000590768 0.000942691 0.00173888 0.072104 0.0720441 0.0733327 
0.301892 0.129244 0.168696 0.14959 0.238084 0.221466 0.00831171 0.00163926 0.00289049 0.00221758 0.00549693 0.00466036 0.0593473 0.0602927 0.0639865 
0.265934 0.153272 0.110624 0.131928 0.188173 0.207917 -0.00416686 0.000413862 -0.000374416 -0.000153769 -0.00171484 -0.0010878 0.0742935 0.0733327 0.073552 
0.262661 0.168696 0.118542 0.143495 0.193311 0.217167 0.00586825 0.00289049 0.00140617 0.00206782 0.00345036 0.00450263 0.0670315 0.0639865 0.0673669 
0.293795 0.198298 0.139564 0.169358 0.222171 0.249203 0.00584445 0.00184436 0.0013007 0.00161381 0.00333912 0.00362667 0.0505405 0.0455492 0.0510211 
0.707935 0.995259 0.745438 0.917522 0.730642 0.90964 -0.0140051 -0.0349966 -0.0318698 -0.0391542 -0.0210084 -0.0248327 0.107609 0.0869973 0.0690566 
0.476549 0.544115 0.559891 0.555873 0.529386 0.509902 -0.0342451 -0.0592665 -0.0565469 -0.0587014 -0.0457075 -0.0459825 0.0782954 0.0790617 0.0845667 
0.415874 0.449655 0.497973 0.477666 0.463321 0.432231 0.00406838 -0.0043803 -0.000276328 -0.00245831 0.002361 0.000253122 0.0711727 0.0748771 0.0735297 
0.572291 0.559891 0.544115 0.555873 0.581075 0.572786 -0.0814345 -0.0565469 -0.0592665 -0.0587014 -0.073214 -0.0690724 0.0891992 0.0845667 0.0790617 
0.425177 0.442576 0.489197 0.469877 0.462845 0.433856 0.0139096 0.0146826 0.0163339 0.0158677 0.0155749 0.0145324 0.0552518 0.0599749 0.0551031 
0.521827 0.497973 0.449655 0.477666 0.497831 0.511744 -0.0099942 -0.000276328 -0.0043803 -0.00245831 -0.00737342 -0.00475494 0.0778905 0.0735297 0.0748771 
0.503979 0.489197 0.442576 0.469877 0.483007 0.497726 0.0157204 0.0163339 0.0146826 0.0158677 0.0158045 0.0163144 0.0586378 0.0551031 0.0599749 
0.476549 0.559891 0.479889 0.525637 0.477763 0.529386 -0.0342451 -0.0565469 -0.0248068 -0.0391867 -0.0294565 -0.0457075 0.0782954 0.0845667 0.0788192 
0.415874 0.497973 0.439969 0.471287 0.428183 0.463321 0.00406838 -0.000276328 0.00930678 0.00563628 0.00682303 0.002361 0.0711727 0.0735297 0.0677814 
0.425177 0.489197 0.451432 0.472552 0.439048 0.462845 0.0139096 0.0163339 0.0134947 0.0153945 0.0139202 0.0155749 0.0552518 0.0551031 0.0497775 
0.553865 0.479889 0.559891 0.525637 0.558387 0.53404 -0.0511051 -0.0248068 -0.0565469 -0.0391867 -0.054136 -0.0382595 0.0871082 0.0788192 0.0845667 
0.512984 0.439969 0.497973 0.471287 0.507224 0.486613 0.00294999 0.00930678 -0.000276328 0.00563628 0.00132902 0.00682459 0.0719418 0.0677814 0.0735297 
0.502156 0.451432 0.489197 0.472552 0.49761 0.485543 0.0156635 0.0134947 0.0163339 0.0153945 0.0161658 0.0152202 0.0514183 0.0497775 0.0551031 
-0.0354074 -0.0495369 -0.021552 -0.0344991 -0.0293278 -0.044468 0.0378361 0.0359525 0.0589765 0.048203 0.0495226 0.0392022 0.00492447 0.00574949 -0.00146668 
2.7859e-34 0.216702 0.274845 0.246643 0.15088 0.115773 2.85416e-35 -0.000424821 -0.000673342 -0.000559955 -0.000204074 -0.000119092 0.00589924 0.0115701 0.00705298 
8.2099e-34 1.07247e-33 0.835733 0.514723 0.505158 1.08685e-34 -5.34304e-34 -2.99304e-34 -0.0207633 -0.00731452 -0.004832 -7.83795e-34 0.110748 0.0532904 0.0793401 
0.535364 0.502577 0.49701 0.499843 0.526148 0.530486 -0.0279321 -0.0346094 -0.0198316 -0.0264972 -0.0247824 -0.0326559 0.0833947 0.0899268 0.0851824 
0.649932 0.731336 0.48264 0.645198 0.567097 0.709946 -0.0856763 -0.129472 -0.0513178 -0.0920803 -0.0677233 -0.110575 0.0516633 0.0563349 0.0569972 
0.663121 0.48264 0.731336 0.645198 0.698862 0.59642 -0.105785 -0.0513178 -0.129472 -0.0920803 -0.117745 -0.0804293 0.0636572 0.0569972 0.0563349 
0.989591 0.843 0.844223 0.84384 0.978447 0.978199 -0.00466508 -0.0052043 -0.00209025 -0.00326294 -0.00376265 -0.00600227 0.19848 0.176374 0.230751 
0.204481 0.297892 0.469955 0.381135 0.337309 0.252771 -0.0685205 -0.0730217 -0.115859 -0.0957674 -0.0959687 -0.0718723 0.0916356 0.098591 0.0865323 
0.425177 0.339627 0.301892 0.321146 0.3698 0.38586 0.0139096 0.00922767 0.00831171 0.00890148 0.0115129 0.0117698 0.0552518 0.0544974 0.0593473 
0.415874 0.314328 0.281663 0.298016 0.354156 0.367618 0.00406838 0.00539109 0.00236137 0.00376413 0.00323265 0.00522234 0.0711727 0.0696818 0.072104 
0.476549 0.345918 0.331873 0.338629 0.413024 0.415175 -0.0342451 -0.0143538 -0.0181451 -0.0165287 -0.0267498 -0.0234155 0.0782954 0.0751406 0.073095 
0.441774 0.310746 0.470195 0.398585 0.45723 0.378308 -0.0631193 -0.0419758 -0.0504187 -0.0490661 -0.0567002 -0.0540102 0.0986538 0.102852 0.0959604 
0.306178 0.200479 0.143782 0.172318 0.230701 0.2564 0.00265759 0.00146239 0.00051731 0.000930598 0.00143233 0.00220823 0.0372662 0.0427165 0.0367847 
0.447295 0.317596 0.358587 0.339031 0.408292 0.392601 0.00392889 0.000771825 0.00268644 0.00160292 0.00340089 0.0021188 0.0329233 0.0297802 0.0349418 
0.499438 0.440568 0.486302 0.467408 0.494991 0.482013 -0.000699498 -0.0010535 -0.00188313 -0.00152359 -0.00146607 -0.000941616 0.0191849 0.017417 0.0126049 
0.499438 0.486302 0.489401 0.499957 0.498484 0.494991 -0.000699498 -0.00188313 -0.00170096 -0.00185311 -0.00131781 -0.00146607 0.0191849 0.0126049 0.0144077 
0.372544 0.190378 0.148294 0.170244 0.260463 0.276461 -0.0316107 -0.00747545 -0.00563318 -0.00682171 -0.0162128 -0.0171903 0.0655095 0.067805 0.0626518 
0.343994 0.152303 0.200479 0.177023 0.276537 0.256823 0.00589233 0.00104289 0.00146239 0.00128695 0.00339067 0.00312488 0.0498334 0.0488263 0.0427165 
0.880394 0.964338 0.845319 0.954293 0.86881 0.951602 -0.112781 -0.0836815 -0.0587218 -0.0839876 -0.0901805 -0.102911 0.00342317 0.0391927 0.0139626 
1.12532e-33 9.52574e-34 0.844223 0.513676 0.512371 -3.21026e-35 1.02064e-33 1.24765e-33 -0.00209025 -0.000705522 -0.00102859 2.27171e-33 0.208858 0.254743 0.230751 
-1.7936e-35 0.0315746 0.0621018 0.0439878 -0.0107158 -0.00711346 -4.364e-34 -0.0194447 -0.0426187 -0.0306218 -0.0128475 -0.00592981 0.0830086 0.0911856 0.0792054 
0.360208 0.195657 0.317596 0.260799 0.339748 0.285982 -0.000281722 -3.91748e-06 0.000771825 0.000260411 0.00025154 -7.18926e-05 0.022917 0.0259423 0.0297802 
0.622963 0.541727 0.754818 0.669816 0.709264 0.580685 -0.143463 -0.139826 -0.154421 -0.154771 -0.15519 -0.14186 0.0216042 0.0297874 0.0416922 
0.461804 0.382354 0.343994 0.363613 0.411647 0.427312 0.0116535 0.00753878 0.00589233 0.00684713 0.00896027 0.0096831 0.0551662 0.0567089 0.0498334 
0.820252 0.622963 0.754818 0.709264 0.786602 0.74752 -0.148153 -0.143463 -0.154421 -0.15519 -0.15258 -0.153025 0.0324189 0.0216042 0.0416922 
0.572291 0.597582 0.499381 0.569835 0.547982 0.58579 -0.0814345 -0.0890227 -0.0979843 -0.0982145 -0.0918095 -0.0856533 0.0891992 0.0845225 0.0936712 
0.594145 0.499381 0.597582 0.569835 0.600273 0.551677 -0.10966 -0.0979843 -0.0890227 -0.0982145 -0.0998007 -0.105732 0.0850291 0.0936712 0.0845225 
0.0139924 -0.0495369 -0.0726038 -0.0623694 -0.0387584 -0.0290212 0.0195302 0.0359525 0.0104216 0.0227323 0.0191818 0.0338207 0.0033888 0.00574949 0.0166813 
8.82764e-34 7.36182e-34 0.707935 0.406575 0.396992 2.14958e-34 4.06157e-34 5.91575e-34 -0.0140051 -0.00405308 -0.00556033 1.01609e-33 0.0863957 0.121822 0.107609 
0.363531 0.164235 0.21904 0.192662 0.297921 0.274661 1.57903e-05 0.000227209 0.0015699 0.000810212 0.00150122 0.000236287 0.076463 0.0761174 0.0688735 
0.475775 0.391474 0.363531 0.378747 0.428018 0.438861 -0.00716768 -0.00682896 1.57903e-05 -0.00290406 -0.00297238 -0.00739189 0.0798688 0.0835799 0.076463 
0.502156 0.5035 0.473429 0.492771 0.498618 0.504166 0.0156635 0.0153136 0.0121961 0.0140761 0.0143874 0.0156825 0.0514183 0.0549839 0.049132 
0.461804 0.473429 0.5035 0.492771 0.489958 0.467961 0.0116535 0.0121961 0.0153136 0.0140761 0.0137442 0.0121663 0.0551662 0.049132 0.0549839 
0.280203 0.126008 0.20254 0.164561 0.245263 0.206183 -0.0253249 -0.00548833 -0.00699231 -0.00649406 -0.0149195 -0.0145638 0.10174 0.103219 0.0973125 
0.352105 0.286143 0.184155 0.237419 0.275838 0.320567 -0.000151329 0.000612906 -9.66559e-06 0.000200025 -3.63065e-05 0.000289616 0.0223222 0.0278343 0.0243884 
0.894357 0.616205 0.92867 0.825134 0.914405 0.832246 -0.128491 -0.0510539 -0.107128 -0.08349 -0.11822 -0.0939494 0.0272803 0.0449709 0.0303717 
0.498764 0.492043 0.432539 0.469356 0.478147 0.496093 0.00260981 0.00469749 0.00182846 0.00320261 0.0023714 0.0036504 0.0273217 0.0313218 0.0274879 
0.406659 0.274845 0.216702 0.246643 0.324589 0.347852 -0.0014672 -0.000673342 -0.000424821 -0.000559955 -0.000951278 -0.00108583 0.0111495 0.00705298 0.0115701 
0.490138 0.40885 0.467917 0.442128 0.480628 0.459791 -0.00179279 -0.00124444 -0.00186569 -0.00153377 -0.00182013 -0.00156751 -2.5808e-05 -5.09534e-05 0.00547497 
0.40745 0.489422 0.461783 0.477739 0.437593 0.458544 -0.00124369 -0.00179584 -0.00184271 -0.00181684 -0.00151976 -0.00156525 5.2477e-05 2.66849e-05 0.0057372 
0.512984 0.519672 0.491992 0.509358 0.514121 0.518431 0.00294999 -0.00501843 0.00171823 -0.00134489 0.0021576 -0.000881345 0.0719418 0.076551 0.0732705 
0.475775 0.491992 0.519672 0.509358 0.505728 0.485028 -0.00716768 0.00171823 -0.00501843 -0.00134489 -0.0065593 -0.00252303 0.0798688 0.0732705 0.076551 
0.499438 0.489401 0.474486 0.482815 0.495433 0.498484 -0.000699498 -0.00170096 -0.000202846 -0.00110548 -0.000460836 -0.00131781 0.0191849 0.0144077 0.0215473 
2.7859e-34 1.67235e-34 0.216702 0.116067 0.115773 5.5713e-35 2.85416e-35 5.8505e-35 -0.000424821 -0.000104753 -0.000119092 8.75989e-35 0.00589924 0.0119532 0.0115701 
8.82764e-34 0.707935 0.745438 0.730642 0.436779 0.396992 4.06157e-34 -0.0140051 -0.0318698 -0.0210084 -0.0098057 -0.00556033 0.0863957 0.107609 0.0690566 
0.00266601 -0.0726038 -0.0749923 -0.0775954 -0.0573067 -0.0499098 -0.0269836 0.0104216 -0.00110682 0.00244212 -0.0091118 -0.0032612 0.0325555 0.0166813 0.0324923 
-1.22002e-34 -0.0749923 -0.0726038 -0.0775954 -0.06829 -0.0541426 -1.15318e-34 -0.00110682 0.0104216 0.00244212 0.00412417 0.00124719 0.0245532 0.0324923 0.0166813 
0.388077 0.292296 0.213545 0.254518 0.310824 0.343774 -0.00137328 -0.000658868 -0.00042435 -0.000575714 -0.000899712 -0.00103035 0.0106413 0.0164895 0.0114801 
0.498764 0.432539 0.476482 0.457297 0.491004 0.478147 0.00260981 0.00182846 0.00062644 0.00127074 0.00153297 0.0023714 0.0273217 0.0274879 0.0232311 
0.995259 0.845319 0.984173 0.963383 0.992176 0.969707 -0.0349966 -0.0587218 -0.0606885 -0.0695955 -0.0489522 -0.0521067 0.0869973 0.0139626 0.0563123 
0.388077 0.213545 0.271241 0.243163 0.334866 0.310824 -0.00137328 -0.00042435 -0.000669755 -0.000560101 -0.00103362 -0.000899712 0.0106413 0.0114801 0.00687725 
0.553865 0.537159 0.470195 0.505689 0.528846 0.551544 -0.0511051 -0.0686881 -0.0504187 -0.0598522 -0.0537551 -0.0603463 0.0871082 0.0926762 0.0959604 
0.441774 0.470195 0.537159 0.505689 0.496259 0.45723 -0.0631193 -0.0504187 -0.0686881 -0.0598522 -0.067654 -0.0567002 0.0986538 0.0959604 0.0926762 
0.406659 0.216702 0.296943 0.258463 0.35716 0.324589 -0.0014672 -0.000424821 -0.000658785 -0.00058087 -0.00107208 -0.000951278 0.0111495 0.0115701 0.0171819 
0.489401 0.430242 0.474486 0.455155 0.482815 0.466364 -0.00170096 -0.00111662 -0.000202846 -0.000779495 -0.00110548 -0.00141996 0.0144077 0.0174484 0.0215473 
3.38747e-34 0.203905 0.317596 0.264188 0.179025 0.109133 1.5119e-34 0.000693231 0.000771825 0.000865123 0.000232126 0.000130617 0.0307479 0.0349208 0.0297802 
2.7859e-34 0.274845 0.181558 0.230158 0.0959345 0.15088 2.85416e-35 -0.000673342 -0.000283297 -0.000457658 -9.21806e-05 -0.000204074 0.00589924 0.00705298 0.00367757 
3.38747e-34 0.317596 0.195657 0.260799 0.10399 0.179025 1.5119e-34 0.000771825 -3.91748e-06 0.000260411 3.44412e-05 0.000232126 0.0307479 0.0297802 0.0259423 
-9.55023e-35 -0.0726038 -0.0496275 -0.0668464 -0.035924 -0.0599368 -3.9904e-35 0.0104216 0.0166945 0.015973 0.00525672 0.00688776 0.0103944 0.0166813 0.00848927 
3.47137e-34 0.292296 0.201644 0.248923 0.107247 0.161734 -8.5615e-35 -0.000658868 -0.000185428 -0.00038831 -8.72992e-05 -0.000218555 0.017239 0.0164895 0.0208163 
0.894357 0.84488 0.616205 0.771732 0.832246 0.875775 -0.128491 -0.117924 -0.0510539 -0.0869827 -0.0939494 -0.124672 0.0272803 0.0370153 0.0449709 
0.406659 0.296943 0.430242 0.372379 0.418944 0.35716 -0.0014672 -0.000658785 -0.00111662 -0.000942803 -0.00140313 -0.00107208 0.0111495 0.0171819 0.0174484 
8.2099e-34 0.835733 0.702663 0.773582 0.405512 0.505158 -5.34304e-34 -0.0207633 -0.00767262 -0.0118798 -0.00261906 -0.004832 0.110748 0.0793401 0.120062 
0.75 1 0.937298 0.984305 0.859269 0.9375 -3.53384e-37 -6.60918e-37 -0.000614566 -0.000459857 -0.000333078 -1.26272e-36 0.348449 0.347884 0.307844 
4.70827e-34 0.315681 0.48264 0.406204 0.23793 0.144062 2.25862e-34 -0.0219369 -0.0513178 -0.036085 -0.0138112 -0.00532937 0.0519063 0.0503764 0.0569972 
0.835733 0.845319 0.995259 0.969707 0.969558 0.839604 -0.0207633 -0.0587218 -0.0349966 -0.0521067 -0.033419 -0.0308257 0.0793401 0.0139626 0.0869973 
0.360208 0.430242 0.296943 0.372379 0.330187 0.398304 -0.000281722 -0.00111662 -0.000658785 -0.000942803 -0.000568238 -0.000694397 0.022917 0.0174484 0.0171819 
0.204481 0.0621018 0.0315746 0.0439878 0.103774 0.130196 -0.0685205 -0.0426187 -0.0194447 -0.0306218 -0.0431517 -0.0567756 0.0916356 0.0792054 0.0911856 
2.7606e-34 0.168982 0.271241 0.222529 0.148773 0.0887784 -2.95534e-35 -0.000251842 -0.000669755 -0.000436992 -0.000203032 -8.11798e-05 0.00590841 0.0037963 0.00687725 
9.52574e-34 0.706337 0.844223 0.780893 0.513676 0.405297 1.24765e-33 -0.000671947 -0.00209025 -0.00115637 -0.000705522 -0.00028172 0.254743 0.280495 0.230751 
4.8449e-34 5.58116e-34 0.616205 0.346324 0.317692 -2.18738e-35 1.74176e-34 1.90761e-34 -0.0510539 -0.0136111 -0.0144318 4.06255e-34 0.0393077 0.0423862 0.0449709 
0.204481 0.281951 0.0621018 0.16124 0.130196 0.24092 -0.0685205 -0.0947981 -0.0426187 -0.069343 -0.0567756 -0.0819746 0.0916356 0.0813625 0.0792054 
0.984173 0.845319 0.964338 0.954293 0.975085 0.963383 -0.0606885 -0.0587218 -0.0836815 -0.0839876 -0.0722056 -0.0695955 0.0563123 0.0139626 0.0391927 
-1.7936e-35 0.0621018 -0.0288371 0.00907004 -0.0281559 -0.0107158 -4.364e-34 -0.0426187 -0.0178551 -0.0293984 -0.00594048 -0.0128475 0.0830086 0.0792054 0.0657307 
0.80548 0.745438 0.964338 0.899529 0.908331 0.78209 -0.0619169 -0.0318698 -0.0836815 -0.0575218 -0.0749257 -0.0472242 0.0468753 0.0690566 0.0391927 
0.447295 0.495804 0.467595 0.485015 0.458136 0.478197 0.00392889 0.00512552 0.00183374 0.00335515 0.00287436 0.00464226 0.0329233 0.0322693 0.0274187 
0.498764 0.467595 0.495804 0.485015 0.499933 0.494906 0.00260981 0.00183374 0.00512552 0.00335515 0.00386201 0.00234947 0.0273217 0.0274187 0.0322693 
0.649932 0.48264 0.315681 0.406204 0.497341 0.567097 -0.0856763 -0.0513178 -0.0219369 -0.036085 -0.0506933 -0.0677233 0.0516633 0.0569972 0.0503764 
0.663121 0.501978 0.48264 0.493527 0.59642 0.595276 -0.105785 -0.0577117 -0.0513178 -0.0550645 -0.0804293 -0.0818697 0.0636572 0.0629014 0.0569972 
0.80548 0.92867 0.616205 0.825134 0.714803 0.8938 -0.0619169 -0.107128 -0.0510539 -0.08349 -0.0596767 -0.0848751 0.0468753 0.0303717 0.0449709 
7.40775e-34 7.74249e-34 0.774593 0.457313 0.456196 1.69811e-34 -1.21767e-33 -9.96303e-34 -0.00165365 -0.000608617 -0.000468297 -2.2127e-33 0.255585 0.209008 0.233802 
4.70827e-34 0.48264 0.245169 0.359259 0.126433 0.23793 2.25862e-34 -0.0513178 -0.014767 -0.0300583 -0.00431613 -0.0138112 0.0519063 0.0569972 0.0597731 
0.998657 0.937298 0.986662 0.995448 0.994198 0.988609 -0.00142308 -0.000614566 -0.000517894 -0.000631963 -0.000929159 -0.00105524 0.269782 0.307844 0.317838 
0.352105 0.184155 0.201644 0.19293 0.283239 0.275838 -0.000151329 -9.66559e-06 -0.000185428 -9.37539e-05 -0.00023249 -3.63065e-05 0.0223222 0.0243884 0.0208163 
0.998657 0.986662 0.74991 0.905269 0.927952 0.994198 -0.00142308 -0.000517894 -0.000462212 -0.000554992 -0.000953345 -0.000929159 0.269782 0.317838 0.305258 
0.499438 0.476482 0.440568 0.460408 0.482013 0.492115 -0.000699498 0.00062644 -0.0010535 -0.000404032 -0.000941616 -6.10444e-05 0.0191849 0.0232311 0.017417 
0.415646 0.217842 0.310746 0.266334 0.362529 0.317881 -0.0734829 -0.041145 -0.0419758 -0.042433 -0.058015 -0.0597169 0.0995308 0.104014 0.102852 
0.626128 0.271854 0.518584 0.40226 0.572146 0.458055 -0.153343 -0.0999674 -0.140858 -0.125823 -0.147783 -0.134493 0.0529929 0.0496169 0.0629725 
0.352105 0.440568 0.476482 0.460408 0.42748 0.401225 -0.000151329 -0.0010535 0.00062644 -0.000404032 0.000169408 -0.000570378 0.0223222 0.017417 0.0232311 
0.310746 0.217842 0.155419 0.187677 0.23283 0.266334 -0.0419758 -0.041145 -0.0155054 -0.0274798 -0.0291004 -0.042433 0.102852 0.104014 0.105649 
0.306645 0.518584 0.271854 0.40226 0.290083 0.414197 -0.106602 -0.140858 -0.0999674 -0.125823 -0.104557 -0.126174 0.067086 0.0629725 0.0496169 
2.97275e-34 0.286143 0.194356 0.242282 0.10262 0.157517 -1.39256e-34 0.000612906 0.000586131 0.00068818 0.000101952 0.000153403 0.028266 0.0278343 0.032382 
1.03911e-34 -0.021552 0.0225127 -0.0109656 -0.000117432 -0.0093365 9.06132e-35 0.0589765 0.0451776 0.0600013 0.0537868 0.0570011 -0.0238954 -0.00146668 -0.00926708 
0.352105 0.432539 0.286143 0.369398 0.320567 0.395875 -0.000151329 0.00182846 0.000612906 0.00118371 0.000289616 0.000615581 0.0223222 0.0274879 0.0278343 
1.07247e-33 0.845319 0.835733 0.839604 0.514723 0.545028 -2.99304e-34 -0.0587218 -0.0207633 -0.0308257 -0.00731452 -0.0303232 0.0532904 0.0139626 0.0793401 
1.46878e-34 0.126008 0.155419 0.143889 0.084463 0.0625248 -5.31716e-34 -0.00548833 -0.0155054 -0.00977965 -0.00424009 -0.00171127 0.106634 0.103219 0.105649 
5.58116e-34 0.400727 0.616205 0.52446 0.346324 0.202743 1.90761e-34 -0.0163672 -0.0510539 -0.0305024 -0.0136111 -0.00428447 0.0423862 0.0529233 0.0449709 
0.80548 0.616205 0.400727 0.52446 0.631053 0.714803 -0.0619169 -0.0510539 -0.0163672 -0.0305024 -0.037418 -0.0596767 0.0468753 0.0449709 0.0529233 
0.998657 0.844223 0.706337 0.780893 0.936017 0.967817 -0.00142308 -0.00209025 -0.000671947 -0.00115637 -0.00125454 -0.00202896 0.269782 0.230751 0.280495 
2.94449e-35 6.92387e-35 0.0948967 0.0415611 0.0256021 -8.41844e-36 -4.94529e-34 -5.32213e-34 -0.0251541 -0.0074017 -0.00752269 -1.00188e-33 0.0976316 0.105878 0.100489 
0.352105 0.201644 0.292296 0.248923 0.323298 0.283239 -0.000151329 -0.000185428 -0.000658868 -0.00038831 -0.000522344 -0.00023249 0.0223222 0.0208163 0.0164895 
0.360208 0.201843 0.195657 0.198786 0.285982 0.288594 -0.000281722 -0.000188813 -3.91748e-06 -0.000100665 -7.18926e-05 -0.000277945 0.022917 0.0217983 0.0259423 
0.490138 0.467917 0.499977 0.49231 0.497712 0.480628 -0.00179279 -0.00186569 -0.00203335 -0.00201172 -0.00191096 -0.00182013 -2.5808e-05 0.00547497 0.00381348 
2.97275e-34 0.184155 0.286143 0.237419 0.157517 0.0972165 -1.39256e-34 -9.66559e-06 0.000612906 0.000200025 0.000153403 1.95584e-05 0.028266 0.0243884 0.0278343 
0.489422 0.499977 0.461783 0.490062 0.477739 0.497149 -0.00179584 -0.00203335 -0.00184271 -0.0020101 -0.00181684 -0.00191444 2.66849e-05 0.00381348 0.0057372 
3.46013e-34 0.201843 0.296943 0.251763 0.16512 0.107451 8.86016e-35 -0.000188813 -0.000658785 -0.000390624 -0.000218381 -8.41992e-05 0.0181721 0.0217983 0.0171819 
-1.7936e-35 2.94449e-35 0.0315746 0.00629479 -0.00711346 -2.72338e-35 -4.364e-34 -4.94529e-34 -0.0194447 -0.00558982 -0.00592981 -8.9087e-34 0.0830086 0.0976316 0.0911856 
-3.42602e-35 -0.0496275 -0.0143968 -0.0319773 -0.0111097 -0.0245142 -9.53473e-36 0.0166945 0.0133087 0.0164418 0.00399858 0.0055443 0.00354782 0.00848927 0.00556381 
0.0139924 0.0587976 0.323455 0.170429 0.132061 0.0354329 0.0195302 -0.0227254 -0.0847681 -0.0479395 -0.0256973 -0.00319347 0.0033888 0.0155484 0.0100461 
1.17571e-34 1.46878e-34 0.155419 0.084463 0.0734682 4.69291e-35 -5.43588e-34 -5.31716e-34 -0.0155054 -0.00424009 -0.00467789 -1.06217e-33 0.108712 0.106634 0.105649 
0.00266601 -0.0749923 -0.0634808 -0.0709459 -0.0465606 -0.0573067 -0.0269836 -0.00110682 -0.00785972 -0.00448348 -0.0160849 -0.0091118 0.0325555 0.0324923 0.0474892 
0.80548 0.400727 0.745438 0.582674 0.78209 0.631053 -0.0619169 -0.0163672 -0.0318698 -0.0244268 -0.0472242 -0.037418 0.0468753 0.0529233 0.0690566 
0.645149 0.616205 0.84488 0.771732 0.768088 0.634872 -0.0681101 -0.0510539 -0.117924 -0.0869827 -0.0950468 -0.0601111 0.0432433 0.0449709 0.0370153 
1.0905e-33 0.845319 1.07247e-33 0.545028 2.99503e-34 0.563946 1.00807e-35 -0.0587218 -2.99304e-34 -0.0303232 -5.39093e-36 -0.0808009 -0.0715226 0.0139626 0.0532904 
0.280203 0.155419 0.126008 0.143889 0.206183 0.218264 -0.0253249 -0.0155054 -0.00548833 -0.00977965 -0.0145638 -0.021638 0.10174 0.105649 0.103219 
0.49999 0.499977 0.467917 0.49231 0.492374 0.49998 -0.00216082 -0.00203335 -0.00186569 -0.00201172 -0.00208522 -0.00212313 0.00843955 0.00381348 0.00547497 
0.49999 0.461783 0.499977 0.490062 0.49998 0.490005 -0.00216082 -0.00184271 -0.00203335 -0.0020101 -0.00212313 -0.00207313 0.00843955 0.0057372 0.00381348 
9.53277e-34 8.2099e-34 0.702663 0.405512 0.400802 3.51317e-34 -7.71088e-34 -5.34304e-34 -0.00767262 -0.00261906 -0.00195852 -1.29531e-33 0.160991 0.110748 0.120062 
-8.55838e-35 -0.0288371 -0.0634808 -0.0487385 -0.0458546 -0.0396794 -3.23483e-34 -0.0178551 -0.00785972 -0.012684 -0.0027059 -0.00464745 0.0641139 0.0657307 0.0474892 
0.999385 0.995259 0.707935 0.90964 0.919441 0.997841 -0.0149591 -0.0349966 -0.0140051 -0.0248327 -0.0175195 -0.0238822 0.130748 0.0869973 0.107609 
9.53277e-34 0.702663 0.8346 0.773355 0.507015 0.400802 -7.71088e-34 -0.00767262 -0.00642096 -0.00742997 -0.00211515 -0.00195852 0.160991 0.120062 0.15761 
0.820252 0.754818 0.769371 0.80061 0.822847 0.786602 -0.148153 -0.154421 -0.108921 -0.138247 -0.1328 -0.15258 0.0324189 0.0416922 0.0440792 
0.360208 0.296943 0.201843 0.251763 0.288594 0.330187 -0.000281722 -0.000658785 -0.000188813 -0.000390624 -0.000277945 -0.000568238 0.022917 0.0171819 0.0217983 
0.347398 0.323455 0.728729 0.523772 0.563769 0.336587 -0.0822465 -0.0847681 -0.145298 -0.124181 -0.124292 -0.0826922 -0.00180476 0.0100461 0.0153068 
0.984173 0.964338 0.745438 0.899529 0.908995 0.975085 -0.0606885 -0.0836815 -0.0318698 -0.0575218 -0.0479794 -0.0722056 0.0563123 0.0391927 0.0690566 
1.03911e-34 -2.48286e-35 -0.021552 -0.00827992 -0.0093365 8.17112e-35 9.06132e-35 6.22708e-35 0.0589765 0.0501113 0.0570011 6.56633e-35 -0.0238954 0.00400704 -0.00146668 
0.999385 0.707935 0.648268 0.679967 0.904164 0.919441 -0.0149591 -0.0140051 -0.00628023 -0.00911774 -0.0125367 -0.0175195 0.130748 0.107609 0.141278 
0.999385 0.835733 0.995259 0.969558 0.997841 0.963714 -0.0149591 -0.0207633 -0.0349966 -0.033419 -0.0238822 -0.0212765 0.130748 0.0793401 0.0869973 
0.245289 0.181558 0.381301 0.293456 0.3196 0.214332 -0.000482194 -0.000283297 -0.00119867 -0.00072154 -0.000808661 -0.000384324 -4.54013e-05 0.00367757 0.00413882 
0.244489 0.378812 0.168982 0.286855 0.207931 0.317949 -0.000482086 -0.00119926 -0.000251842 -0.000700753 -0.000368094 -0.000808652 4.53597e-05 0.00411066 0.0037963 
0.388077 0.486302 0.440568 0.467408 0.416268 0.44893 -0.00137328 -0.00188313 -0.0010535 -0.00152359 -0.00137044 -0.00171837 0.0106413 0.0126049 0.017417 
7.36182e-34 0.648268 0.707935 0.679967 0.406575 0.361996 5.91575e-34 -0.00628023 -0.0140051 -0.00911774 -0.00405308 -0.00218123 0.121822 0.141278 0.107609 
0.394702 0.49701 0.502577 0.499843 0.455673 0.45531 -0.0258863 -0.0198316 -0.0346094 -0.0264972 -0.0317328 -0.0243524 0.0944856 0.0851824 0.0899268 
0.414348 0.48688 0.495466 0.491324 0.463326 0.457844 0.00506434 0.0115828 0.00794834 0.0102277 0.00644986 0.00830319 0.0684093 0.0615823 0.0674584 
7.74249e-34 0.644933 0.774593 0.713355 0.457313 0.363308 -9.96303e-34 -0.00218122 -0.00165365 -0.00195467 -0.000608617 -0.000565811 0.209008 0.191404 0.233802 
0.998657 0.74991 0.624593 0.690389 0.894786 0.927952 -0.00142308 -0.000462212 -0.000629676 -0.000565242 -0.0012248 -0.000953345 0.269782 0.305258 0.270316 
0.00266601 0.271854 0.253944 0.263912 0.108526 0.119642 -0.0269836 -0.0999674 -0.0868274 -0.0950881 -0.0527397 -0.0621971 0.0325555 0.0496169 0.0290103 
8.62424e-34 0.843 0.648268 0.755263 0.36614 0.509902 7.99678e-34 -0.0052043 -0.00628023 -0.00607133 -0.00158805 -0.00210543 0.163857 0.176374 0.141278 
0.375477 0.451432 0.463366 0.457667 0.425597 0.417728 0.00735131 0.0134947 0.0110501 0.0123516 0.00945627 0.0104965 0.0451265 0.0497775 0.0442598 
3.31359e-34 3.43518e-34 0.411122 0.212409 0.193048 5.30723e-35 2.10423e-34 1.82582e-34 -0.0326865 -0.00852279 -0.00776829 4.22834e-34 0.0454136 0.0393881 0.0468724 
0.999385 0.702663 0.835733 0.773582 0.963714 0.93368 -0.0149591 -0.00767262 -0.0207633 -0.0118798 -0.0212765 -0.0141156 0.130748 0.120062 0.0793401 
-3.42602e-35 -9.55023e-35 -0.0496275 -0.035924 -0.0245142 -2.94172e-35 -9.53473e-36 -3.9904e-35 0.0166945 0.00525672 0.0055443 -6.65199e-35 0.00354782 0.0103944 0.00848927 
1.85e-34 3.47137e-34 0.201644 0.107247 0.107107 6.87601e-35 -1.12528e-34 -8.5615e-35 -0.000185428 -8.72992e-05 -4.10624e-05 -1.97594e-34 0.0227775 0.017239 0.0208163 
0.75 0.74991 0.986662 0.905269 0.905288 0.749913 -4.09376e-37 -0.000462212 -0.000517894 -0.000554992 -0.000322018 -0.000250636 0.347372 0.305258 0.317838 
0.454713 0.603935 0.544115 0.574419 0.507688 0.547257 -0.0437151 -0.087393 -0.0592665 -0.0726565 -0.0528848 -0.0661644 0.0716611 0.0779585 0.0790617 
0.34839 0.479889 0.470879 0.474472 0.415372 0.41637 -0.00426129 -0.0248068 -0.0144693 -0.019544 -0.00896147 -0.0127032 0.0745912 0.0788192 0.077644 
0.346631 0.439969 0.448039 0.443784 0.402179 0.395657 0.0100401 0.00930678 0.0128641 0.011157 0.0118948 0.0105155 0.0637714 0.0677814 0.0641675 
0.626128 0.731336 0.754818 0.756396 0.691794 0.71496 -0.153343 -0.129472 -0.154421 -0.144594 -0.156046 -0.149742 0.0529929 0.0563349 0.0416922 
0.389703 0.463079 0.47452 0.468858 0.439375 0.431403 0.00647239 0.00749022 0.0104954 0.0090103 0.00861709 0.00728708 0.0430102 0.0379443 0.0435154 
0.286143 0.432539 0.341496 0.391805 0.314596 0.369398 0.000612906 0.00182846 0.00198403 0.00208443 0.0012082 0.00118371 0.0278343 0.0274879 0.0318705 
0.49999 0.489401 0.486302 0.499957 0.49632 0.49758 -0.00216082 -0.00170096 -0.00188313 -0.00185311 -0.00208761 -0.00203804 0.00843955 0.0144077 0.0126049 
0.626128 0.504357 0.271854 0.383497 0.458055 0.572806 -0.153343 -0.13928 -0.0999674 -0.120791 -0.134493 -0.149517 0.0529929 0.0393047 0.0496169 
0.500435 0.451109 0.493895 0.477316 0.498623 0.487294 0.00785222 0.00724855 0.0102257 0.00885783 0.00909091 0.00798513 0.0362409 0.0387397 0.0403898 
-1.42446e-35 -3.42602e-35 -0.0143968 -0.0111097 -0.00174358 2.25748e-37 -1.13925e-35 -9.53473e-36 0.0133087 0.00399858 0.00179314 -4.50893e-35 0.00555576 0.00354782 0.00556381 
0.375477 0.463366 0.451109 0.457558 0.417542 0.425597 0.00735131 0.0110501 0.00724855 0.00913423 0.0076266 0.00945627 0.0451265 0.0442598 0.0387397 
0.347398 0.103458 0.0225127 0.0510588 0.132172 0.218418 -0.0822465 0.00152695 0.0451776 0.0318075 -0.0101611 -0.0424734 -0.00180476 -0.0294525 -0.00926708 
-1.42446e-35 -0.0143968 -3.67821e-35 -0.0043245 -5.44101e-35 -0.00174358 -1.13925e-35 0.0133087 1.9182e-35 0.00978372 -2.99598e-36 0.00179314 0.00555576 0.00556381 0.00787468 
0.440968 0.341496 0.432539 0.391805 0.436702 0.397209 0.00386451 0.00198403 0.00182846 0.00208443 0.0027786 0.0029556 0.0319105 0.0318705 0.0274879 
0.645149 0.302872 0.616205 0.458553 0.634872 0.487895 -0.0681101 -0.0162422 -0.0510539 -0.030697 -0.0601111 -0.0390895 0.0432433 0.0419364 0.0449709 
0.626128 0.754818 0.504357 0.64764 0.572806 0.691794 -0.153343 -0.154421 -0.13928 -0.154995 -0.149517 -0.156046 0.0529929 0.0416922 0.0393047 
0.406659 0.430242 0.489401 0.466364 0.458357 0.418944 -0.0014672 -0.00111662 -0.00170096 -0.00141996 -0.00170808 -0.00140313 0.0111495 0.0174484 0.0144077 
9.52574e-34 6.96057e-34 0.706337 0.405705 0.405297 3.06606e-34 1.24765e-33 1.47729e-33 -0.000671947 -0.000168891 -0.00028172 2.72599e-33 0.254743 0.301408 0.280495 
0.346631 0.448039 0.442576 0.445065 0.399288 0.402179 0.0100401 0.0128641 0.0146826 0.0140646 0.0126507 0.0118948 0.0637714 0.0641675 0.0599749 
0.998657 0.996999 0.844223 0.971179 0.967817 0.997855 -0.00142308 -0.00271696 -0.00209025 -0.0027084 -0.00202896 -0.00209542 0.269782 0.233267 0.230751 
0.34839 0.470879 0.449655 0.459593 0.403563 0.415372 -0.00426129 -0.0144693 -0.0043803 -0.00892303 -0.00463205 -0.00896147 0.0745912 0.077644 0.0748771 
0.999385 0.648268 0.843 0.755263 0.957157 0.904164 -0.0149591 -0.00628023 -0.0052043 -0.00607133 -0.00990382 -0.0125367 0.130748 0.141278 0.176374 
0.503979 0.442576 0.491905 0.470742 0.49934 0.483007 0.0157204 0.0146826 0.0147863 0.015099 0.0153807 0.0158045 0.0586378 0.0599749 0.0617431 
4.70827e-34 3.31359e-34 0.315681 0.157872 0.144062 8.48401e-35 2.25862e-34 2.10423e-34 -0.0219369 -0.00585617 -0.00532937 4.80482e-34 0.0519063 0.0454136 0.0503764 
-0.0354074 -0.0143968 -0.0496275 -0.0319773 -0.0443238 -0.0264081 0.0378361 0.0133087 0.0166945 0.0164418 0.0275079 0.0260191 0.00492447 0.00556381 0.00848927 
0.347398 0.120638 0.323455 0.21662 0.336587 0.215339 -0.0822465 -0.0113792 -0.0847681 -0.049853 -0.0826922 -0.0435278 -0.00180476 -0.00239098 0.0100461 
0.454713 0.626311 0.603935 0.614972 0.547257 0.547707 -0.0437151 -0.0963148 -0.087393 -0.0922308 -0.0661644 -0.0680674 0.0716611 0.0711541 0.0779585 
0.521827 0.449655 0.51401 0.48667 0.519008 0.497831 -0.0099942 -0.0043803 -0.0144897 -0.0090661 -0.01234 -0.00737342 0.0778905 0.0748771 0.0787474 
0.572291 0.544115 0.597582 0.582743 0.58579 0.581075 -0.0814345 -0.0592665 -0.0890227 -0.0748415 -0.0856533 -0.073214 0.0891992 0.0790617 0.0845225 
0.989591 0.844223 0.996999 0.971179 0.993861 0.978447 -0.00466508 -0.00209025 -0.00271696 -0.0027084 -0.00346533 -0.00376265 0.19848 0.230751 0.233267 
0.998657 0.624593 0.774593 0.704259 0.934738 0.894786 -0.00142308 -0.000629676 -0.00165365 -0.000988264 -0.00181043 -0.0012248 0.269782 0.270316 0.233802 
0.894357 0.728729 0.84488 0.85041 0.875775 0.838013 -0.128491 -0.145298 -0.117924 -0.143614 -0.124672 -0.143817 0.0272803 0.0153068 0.0370153 
0.0180573 -0.0634808 -0.0288371 -0.0487385 -0.0122903 -0.0382692 -0.038688 -0.00785972 -0.0178551 -0.012684 -0.028091 -0.0202047 0.0521207 0.0474892 0.0657307 
1.03911e-34 0.0225127 0.103458 0.0510588 0.00945401 -0.000117432 9.06132e-35 0.0451776 0.00152695 0.0318075 0.038994 0.0537868 -0.0238954 -0.00926708 -0.0294525 
0.5964 0.634198 0.626311 0.643645 0.6565 0.624136 -0.137022 -0.117049 -0.0963148 -0.109227 -0.124145 -0.128638 0.0750441 0.0785358 0.0711541 
4.8449e-34 0.616205 0.302872 0.458553 0.160081 0.317692 1.74176e-34 -0.0510539 -0.0162422 -0.030697 -0.00531485 -0.0144318 0.0393077 0.0449709 0.0419364 
0.663121 0.731336 0.671293 0.711901 0.695071 0.698862 -0.105785 -0.129472 -0.144139 -0.140169 -0.129397 -0.117745 0.0636572 0.0563349 0.0650038 
0.626128 0.671293 0.731336 0.711901 0.71496 0.655266 -0.153343 -0.144139 -0.129472 -0.140169 -0.149742 -0.150932 0.0529929 0.0650038 0.0563349 
0.440968 0.432539 0.492043 0.469356 0.472396 0.436702 0.00386451 0.00182846 0.00469749 0.00320261 0.00440427 0.0027786 0.0319105 0.0274879 0.0313218 
2.94449e-35 0.0948967 0.0315746 0.0622049 0.00629479 0.0256021 -4.94529e-34 -0.0251541 -0.0194447 -0.0225902 -0.00558982 -0.00752269 0.0976316 0.100489 0.0911856 
0.0139924 0.323455 0.120638 0.21662 0.0585777 0.132061 0.0195302 -0.0847681 -0.0113792 -0.049853 0.0092862 -0.0256973 0.0033888 0.0100461 -0.00239098 
0.389703 0.47452 0.473429 0.473909 0.437776 0.439375 0.00647239 0.0104954 0.0121961 0.0114638 0.00936574 0.00861709 0.0430102 0.0435154 0.049132 
0.271241 0.168982 0.378812 0.286855 0.329231 0.222529 -0.000669755 -0.000251842 -0.00119926 -0.000700753 -0.000946251 -0.000436992 0.00687725 0.0037963 0.00411066 
0.274845 0.381301 0.181558 0.293456 0.230158 0.332328 -0.000673342 -0.00119867 -0.000283297 -0.00072154 -0.000457658 -0.00094877 0.00705298 0.00413882 0.00367757 
6.38646e-34 8.82764e-34 0.745438 0.436779 0.415479 3.6751e-35 2.72231e-34 4.06157e-34 -0.0318698 -0.0098057 -0.0122502 7.04372e-34 0.0587056 0.0863957 0.0690566 
0.75 0.437596 0.74991 0.609306 0.749913 0.609435 -4.09376e-37 -8.49106e-05 -0.000462212 -0.000204177 -0.000250636 -7.8362e-05 0.347372 0.32446 0.305258 
0.40885 0.381301 0.467917 0.431466 0.442128 0.395526 -0.00124444 -0.00119867 -0.00186569 -0.00155596 -0.00153377 -0.00121473 -5.09534e-05 0.00413882 0.00547497 
0.40745 0.461783 0.378812 0.426109 0.393614 0.437593 -0.00124369 -0.00184271 -0.00119926 -0.00154138 -0.00121442 -0.00151976 5.2477e-05 0.0057372 0.00411066 
0.820252 0.84488 0.728729 0.85041 0.790745 0.847513 -0.148153 -0.117924 -0.145298 -0.143614 -0.15053 -0.136251 0.0324189 0.0370153 0.0153068 
0.414348 0.495466 0.491992 0.494132 0.45968 0.463326 0.00506434 0.00794834 0.00171823 0.0050676 0.00398173 0.00644986 0.0684093 0.0674584 0.0732705 
0.998657 0.706337 0.937298 0.84307 0.988609 0.936017 -0.00142308 -0.000671947 -0.000614566 -0.000740539 -0.00105524 -0.00125454 0.269782 0.280495 0.307844 
3.46013e-34 1.91356e-34 0.201843 0.107583 0.107451 7.93729e-35 8.86016e-35 1.1976e-34 -0.000188813 -4.24107e-05 -8.41992e-05 2.0891e-34 0.0181721 0.0244411 0.0217983 
0.502156 0.473429 0.50062 0.491279 0.502847 0.498618 0.0156635 0.0121961 0.0138723 0.0132773 0.014891 0.0143874 0.0514183 0.049132 0.0474748 
0.989591 0.999422 0.843 0.965386 0.978199 0.996161 -0.00466508 -0.00841744 -0.0052043 -0.00747536 -0.00600227 -0.00660991 0.19848 0.16573 0.176374 
0.394702 0.502577 0.470195 0.489033 0.433502 0.455673 -0.0258863 -0.0346094 -0.0504187 -0.0424854 -0.0376955 -0.0317328 0.0944856 0.0899268 0.0959604 
7.36182e-34 8.62424e-34 0.648268 0.36614 0.361996 3.64264e-34 5.91575e-34 7.99678e-34 -0.00628023 -0.00158805 -0.00218123 1.39906e-33 0.121822 0.163857 0.141278 
0.40885 0.245289 0.381301 0.3196 0.395526 0.337338 -0.00124444 -0.000482194 -0.00119867 -0.000808661 -0.00121473 -0.000866782 -5.09534e-05 -4.54013e-05 0.00413882 
0.244489 0.40745 0.378812 0.393614 0.317949 0.336108 -0.000482086 -0.00124369 -0.00119926 -0.00121442 -0.000808652 -0.000868046 4.53597e-05 5.2477e-05 0.00411066 
0.649932 0.315681 0.411122 0.361732 0.548894 0.497341 -0.0856763 -0.0219369 -0.0326865 -0.0269467 -0.058728 -0.0506933 0.0516633 0.0503764 0.0468724 
-3.26406e-34 0.586454 6.96057e-34 0.325014 4.9036e-34 0.325163 8.54097e-34 -0.000190794 1.47729e-33 -7.13732e-05 3.18565e-33 -3.86826e-05 0.348486 0.31765 0.301408 
6.96057e-34 0.586454 0.706337 0.649023 0.405705 0.325014 1.47729e-33 -0.000190794 -0.000671947 -0.000362345 -0.000168891 -7.13732e-05 0.301408 0.31765 0.280495 
0.49999 0.467917 0.479172 0.473857 0.495126 0.492374 -0.00216082 -0.00186569 -0.00196053 -0.00196167 -0.00210091 -0.00208522 0.00843955 0.00547497 0.0100433 
0.406659 0.479172 0.467917 0.473857 0.441316 0.449425 -0.0014672 -0.00196053 -0.00186569 -0.00196167 -0.00171839 -0.00175427 0.0111495 0.0100433 0.00547497 
7.27604e-34 0.624593 0.74991 0.690389 0.437503 0.349625 -1.43655e-33 -0.000629676 -0.000462212 -0.000565242 -0.000138479 -0.000153015 0.30162 0.270316 0.305258 
1 0.75 0.986662 0.905288 0.99666 0.9375 -6.60918e-37 -4.09376e-37 -0.000517894 -0.000322018 -0.000367973 -1.10086e-36 0.347884 0.347372 0.317838 
0.999385 0.843 0.999422 0.965386 0.999785 0.957157 -0.0149591 -0.0052043 -0.00841744 -0.00747536 -0.0109089 -0.00990382 0.130748 0.176374 0.16573 
2.04731e-34 2.07188e-34 0.22034 0.118842 0.117872 8.9292e-35 -4.32774e-34 -3.94091e-34 -0.00145473 -0.000223621 -0.000503333 -8.25372e-34 0.0874705 0.0797584 0.0835083 
0.512984 0.491992 0.513881 0.508064 0.514724 0.514121 0.00294999 0.00171823 0.00644424 0.00419799 0.00475917 0.0021576 0.0719418 0.0732705 0.0695049 
1.96826e-34 1.93002e-34 0.210679 0.111257 0.112756 8.40999e-35 -2.86591e-34 -2.5443e-34 0.00212226 0.000573102 0.000590589 -5.42733e-34 0.058189 0.0516692 0.0554609 
0.989591 0.774593 0.644933 0.713355 0.878705 0.916591 -0.00466508 -0.00165365 -0.00218122 -0.00195467 -0.00400359 -0.0031408 0.19848 0.233802 0.191404 
1.68013e-34 1.6421e-34 0.183022 0.0956915 0.0976591 7.1665e-35 2.64926e-34 2.88059e-34 0.00278187 0.000787678 0.000744951 5.50788e-34 0.0538587 0.0585523 0.0556165 
1.39928e-34 1.37129e-34 0.15788 0.080377 0.0818594 5.79994e-35 3.39317e-34 3.50442e-34 0.00208054 0.000539492 0.000642642 6.88161e-34 0.0690475 0.0713475 0.0698611 
1.30623e-34 1.36551e-34 0.161434 0.0798582 0.078382 5.10098e-35 3.57542e-34 3.4887e-34 -0.00239852 -0.000639361 -0.000353611 7.08763e-34 0.0729905 0.0713359 0.0729991 
-1.04041e-34 -8.55838e-35 -0.0634808 -0.0458546 -0.0519873 -6.72245e-35 -2.13618e-34 -3.23483e-34 -0.00785972 -0.0027059 -0.00173972 -5.28002e-34 0.0429804 0.0641139 0.0474892 
0.541727 0.622963 0.323455 0.478899 0.440282 0.580685 -0.139826 -0.143463 -0.0847681 -0.120507 -0.117529 -0.14186 0.0297874 0.0216042 0.0100461 
1.78034e-34 4.70827e-34 0.245169 0.126433 0.115604 7.1142e-35 2.83139e-34 2.25862e-34 -0.014767 -0.00431613 -0.0036048 5.43987e-34 0.0585099 0.0519063 0.0597731 
1.71304e-34 2.97275e-34 0.194356 0.10262 0.102975 8.01149e-35 -1.66855e-34 -1.39256e-34 0.000586131 0.000101952 0.000169119 -3.0675e-34 0.0338302 0.028266 0.032382 
0.360208 0.467595 0.474486 0.471247 0.428869 0.423628 -0.000281722 0.00183374 -0.000202846 0.000727425 -0.000239735 0.00050542 0.022917 0.0274187 0.0215473 
0.937298 0.706337 0.586454 0.649023 0.800415 0.84307 -0.000614566 -0.000671947 -0.000190794 -0.000362345 -0.000406713 -0.000740539 0.307844 0.280495 0.31765 
0.553865 0.470195 0.543046 0.520779 0.548418 0.528846 -0.0511051 -0.0504187 -0.0419679 -0.048043 -0.0465278 -0.0537551 0.0871082 0.0959604 0.0870329 
1 0.986662 0.937298 0.995448 0.984305 0.99666 -6.60918e-37 -0.000517894 -0.000614566 -0.000631963 -0.000459857 -0.000367973 0.347884 0.317838 0.307844 
-1.22002e-34 -1.04041e-34 -0.0749923 -0.053744 -0.0541426 -7.04323e-35 -1.15318e-34 -2.13618e-34 -0.00110682 -0.000325774 0.00124719 -3.30318e-34 0.0245532 0.0429804 0.0324923 
6.38646e-34 0.745438 0.400727 0.582674 0.215822 0.415479 2.72231e-34 -0.0318698 -0.0163672 -0.0244268 -0.00515271 -0.0122502 0.0587056 0.0690566 0.0529233 
-3.26406e-34 0.75 0.586454 0.673373 0.325163 0.4375 8.54097e-34 -3.53384e-37 -0.000190794 -0.000125367 -3.86826e-05 -1.06655e-37 0.348486 0.348449 0.31765 
1.83023e-34 1.78225e-34 0.198298 0.104996 0.106295 7.18993e-35 2.11196e-34 2.39214e-34 0.00184436 0.000563918 0.000477705 4.48956e-34 0.0429645 0.0486456 0.0455492 
3.38747e-34 1.83727e-34 0.203905 0.108711 0.109133 7.47939e-35 1.5119e-34 1.8152e-34 0.000693231 0.00020758 0.000130617 3.31853e-34 0.0307479 0.0369701 0.0349208 
1.54582e-34 1.47984e-34 0.168696 0.0871007 0.0891709 6.48644e-35 3.08096e-34 3.25287e-34 0.00289049 0.000802102 0.000832335 6.31073e-34 0.062633 0.0661487 0.0639865 
1.31878e-34 1.30114e-34 0.153272 0.0768414 0.077258 5.34021e-35 3.57425e-34 3.60335e-34 0.000413862 0.000132679 0.000297796 7.177e-34 0.072822 0.0734651 0.0733327 
1.46646e-34 1.59655e-34 0.190378 0.0939349 0.088977 5.54522e-35 3.32907e-34 3.10305e-34 -0.00747545 -0.00199998 -0.00155424 6.49867e-34 0.0682632 0.0638199 0.067805 
1.75302e-34 1.9651e-34 0.20254 0.110837 0.105692 7.75122e-35 -5.0552e-34 -4.7094e-34 -0.00699231 -0.00180879 -0.00224772 -9.70293e-34 0.101743 0.0949059 0.0973125 
2.05377e-34 2.03183e-34 0.21904 0.116546 0.117593 8.953e-35 -3.56399e-34 -3.20578e-34 0.0015699 0.0004578 0.000342638 -6.78098e-34 0.0722405 0.0650412 0.0688735 
1.86978e-34 1.81994e-34 0.200479 0.105745 0.106797 8.07762e-35 -2.23955e-34 -1.94845e-34 0.00146239 0.000371365 0.000436325 -4.1995e-34 0.0454696 0.0395455 0.0427165 
0.645149 0.769371 0.411122 0.6211 0.52968 0.72042 -0.0681101 -0.108921 -0.0326865 -0.0700918 -0.0498327 -0.0888601 0.0432433 0.0440792 0.0468724 
0.5964 0.469955 0.634198 0.576053 0.624136 0.533486 -0.137022 -0.115859 -0.117049 -0.12341 -0.128638 -0.127876 0.0750441 0.0865323 0.0785358 
0.594145 0.634198 0.469955 0.576053 0.547323 0.615067 -0.10966 -0.117049 -0.115859 -0.12341 -0.116828 -0.113935 0.0850291 0.0785358 0.0865323 
0.649932 0.769371 0.754818 0.80061 0.768709 0.712019 -0.0856763 -0.108921 -0.154421 -0.138247 -0.129312 -0.0979587 0.0516633 0.0440792 0.0416922 
0.347398 0.0225127 0.120638 0.0658298 0.215339 0.132172 -0.0822465 0.0451776 -0.0113792 0.0169109 -0.0435278 -0.0101611 -0.00180476 -0.00926708 -0.00239098 
0.49999 0.479172 0.489401 0.484723 0.49758 0.495126 -0.00216082 -0.00196053 -0.00170096 -0.00187519 -0.00203804 -0.00210091 0.00843955 0.0100433 0.0144077 
-4.09051e-34 7.27604e-34 0.437596 0.234461 0.234401 6.19403e-34 -8.26944e-34 -1.43655e-33 -8.49106e-05 -5.17999e-05 -2.44636e-05 -3.09022e-33 0.347307 0.30162 0.32446 
0.999385 0.8346 0.702663 0.773355 0.93368 0.962466 -0.0149591 -0.00642096 -0.00767262 -0.00742997 -0.0141156 -0.0112361 0.130748 0.15761 0.120062 
0.204481 0.0315746 0.0948967 0.0622049 0.143115 0.103774 -0.0685205 -0.0194447 -0.0251541 -0.0225902 -0.0464269 -0.0431517 0.0916356 0.0911856 0.100489 
0.649932 0.411122 0.769371 0.6211 0.712019 0.548894 -0.0856763 -0.0326865 -0.108921 -0.0700918 -0.0979587 -0.058728 0.0516633 0.0468724 0.0440792 
0.406659 0.489401 0.479172 0.484723 0.449425 0.458357 -0.0014672 -0.00170096 -0.00196053 -0.00187519 -0.00175427 -0.00170808 0.0111495 0.0144077 0.0100433 
-8.55838e-35 -1.7936e-35 -0.0288371 -0.0281559 -0.0396794 -3.94069e-35 -3.23483e-34 -4.364e-34 -0.0178551 -0.00594048 -0.00464745 -7.24197e-34 0.0641139 0.0830086 0.0657307 
7.27604e-34 0.74991 0.437596 0.609306 0.234461 0.437503 -1.43655e-33 -0.000462212 -8.49106e-05 -0.000204177 -5.17999e-05 -0.000138479 0.30162 0.305258 0.32446 
2.04731e-34 0.22034 0.163203 0.192578 0.0868667 0.117872 -4.32774e-34 -0.00145473 -0.00227247 -0.00200142 -0.000531682 -0.000503333 0.0874705 0.0835083 0.0907479 
0.75 0.937298 0.586454 0.800415 0.673373 0.859269 -3.53384e-37 -0.000614566 -0.000190794 -0.000406713 -0.000125367 -0.000333078 0.348449 0.307844 0.31765 
0.327635 0.163203 0.22034 0.192578 0.278886 0.252002 -0.00991568 -0.00227247 -0.00145473 -0.00200142 -0.00477464 -0.00577439 0.0899561 0.0907479 0.0835083 
1.96826e-34 0.210679 0.162547 0.187418 0.084511 0.112756 -2.86591e-34 0.00212226 0.00113327 0.00161727 0.000326591 0.000590589 0.058189 0.0554609 0.0618324 
0.0139924 0.120638 0.0225127 0.0658298 0.022722 0.0585777 0.0195302 -0.0113792 0.0451776 0.0169109 0.0337845 0.0092862 0.0033888 -0.00239098 -0.00926708 
7.27604e-34 7.40775e-34 0.624593 0.35002 0.349625 4.30353e-34 -1.43655e-33 -1.21767e-33 -0.000629676 -0.000230806 -0.000153015 -2.65354e-33 0.30162 0.255585 0.270316 
0.331879 0.162547 0.210679 0.187418 0.274538 0.254126 0.00492816 0.00113327 0.00212226 0.00161727 0.00356618 0.0028155 0.0621961 0.0618324 0.0554609 
1.91356e-34 3.38747e-34 0.195657 0.10399 0.104019 8.78152e-35 1.1976e-34 1.5119e-34 -3.91748e-06 3.44412e-05 -1.66415e-05 2.70561e-34 0.0244411 0.0307479 0.0259423 
7.74249e-34 9.53277e-34 0.644933 0.364876 0.363308 4.15232e-34 -9.96303e-34 -7.71088e-34 -0.00218122 -0.00105048 -0.000565811 -1.76278e-33 0.209008 0.160991 0.191404 
0.0621018 0.281951 0.104529 0.19117 0.0807284 0.16124 -0.0426187 -0.0947981 -0.0610764 -0.0796815 -0.0519464 -0.069343 0.0792054 0.0813625 0.0670005 
0.649932 0.754818 0.731336 0.756396 0.709946 0.768709 -0.0856763 -0.154421 -0.129472 -0.144594 -0.110575 -0.129312 0.0516633 0.0416922 0.0563349 
0.645149 0.411122 0.302872 0.362129 0.487895 0.52968 -0.0681101 -0.0326865 -0.0162422 -0.02387 -0.0390895 -0.0498327 0.0432433 0.0468724 0.0419364 
1.6421e-34 0.129244 0.183022 0.156221 0.0956915 0.0676962 2.88059e-34 0.00163926 0.00278187 0.00221563 0.000787678 0.000450077 0.0585523 0.0602927 0.0556165 
1.68013e-34 0.183022 0.139564 0.162154 0.0720896 0.0976591 2.64926e-34 0.00278187 0.0013007 0.00196246 0.000376427 0.000744951 0.0538587 0.0556165 0.0510211 
1.37129e-34 0.111344 0.15788 0.134483 0.080377 0.0567615 3.50442e-34 0.000769682 0.00208054 0.00133523 0.000539492 0.000258577 0.0713475 0.0720441 0.0698611 
1.39928e-34 0.15788 0.118542 0.138454 0.0601442 0.0818594 3.39317e-34 0.00208054 0.00140617 0.00171836 0.000399305 0.000642642 0.0690475 0.0698611 0.0673669 
1.36551e-34 0.121353 0.161434 0.14166 0.0798582 0.0581136 3.4887e-34 -0.00233283 -0.00239852 -0.00248068 -0.000639361 -0.000484029 0.0713359 0.0705939 0.0729991 
1.30623e-34 0.161434 0.110624 0.134932 0.0551548 0.078382 3.57542e-34 -0.00239852 -0.000374416 -0.00128204 -4.25614e-05 -0.000353611 0.0729905 0.0729991 0.073552 
0.293795 0.139564 0.183022 0.162154 0.240713 0.222171 0.00584445 0.0013007 0.00278187 0.00196246 0.00445208 0.00333912 0.0505405 0.0510211 0.0556165 
0.262661 0.118542 0.15788 0.138454 0.211382 0.193311 0.00586825 0.00140617 0.00208054 0.00171836 0.00374271 0.00345036 0.0670315 0.0673669 0.0698611 
0.301892 0.183022 0.129244 0.156221 0.221466 0.246483 0.00831171 0.00278187 0.00163926 0.00221563 0.00466036 0.00543828 0.0593473 0.0556165 0.0602927 
0.265934 0.110624 0.161434 0.134932 0.215185 0.188173 -0.00416686 -0.000374416 -0.00239852 -0.00128204 -0.00367683 -0.00171484 0.0742935 0.073552 0.0729991 
0.281663 0.15788 0.111344 0.134483 0.198391 0.22037 0.00236137 0.00208054 0.000769682 0.00133523 0.00173888 0.00277314 0.072104 0.0698611 0.0720441 
0.331873 0.161434 0.121353 0.14166 0.226382 0.242894 -0.0181451 -0.00239852 -0.00233283 -0.00248068 -0.00836924 -0.0081086 0.073095 0.0729991 0.0705939 
9.53277e-34 0.8346 0.644933 0.748338 0.364876 0.507015 -7.71088e-34 -0.00642096 -0.00218122 -0.00368521 -0.00105048 -0.00211515 0.160991 0.15761 0.191404 
0.541727 0.504357 0.754818 0.64764 0.669816 0.522566 -0.139826 -0.13928 -0.154421 -0.154995 -0.154771 -0.139895 0.0297874 0.0393047 0.0416922 
0.343994 0.210679 0.152303 0.181688 0.256823 0.282946 0.00589233 0.00212226 0.00104289 0.00155303 0.00312488 0.00396965 0.0498334 0.0554609 0.0488263 
1.93002e-34 0.152303 0.210679 0.181688 0.111257 0.0798923 -2.5443e-34 0.00104289 0.00212226 0.00155303 0.000573102 0.000290314 0.0516692 0.0488263 0.0554609 
0.217842 0.0828953 0.155419 0.118238 0.187677 0.146337 -0.041145 -0.0112236 -0.0155054 -0.0136271 -0.0274798 -0.0255603 0.104014 0.105517 0.105649 
1.16822e-34 0.168982 2.7606e-34 0.0887784 1.13326e-34 0.0889555 -3.08833e-37 -0.000251842 -2.95534e-35 -8.11798e-05 -2.95575e-35 -8.85829e-05 7.05531e-05 0.0037963 0.00590841 
3.43518e-34 0.302872 0.411122 0.362129 0.212409 0.145269 1.82582e-34 -0.0162422 -0.0326865 -0.02387 -0.00852279 -0.00440174 0.0393881 0.0419364 0.0468724 
0.347398 0.475015 0.103458 0.24738 0.218418 0.39691 -0.0822465 -0.112104 0.00152695 -0.0572828 -0.0424734 -0.0936611 -0.00180476 -0.024733 -0.0294525 
1.17571e-34 0.155419 0.0828953 0.118238 0.0443691 0.0734682 -5.43588e-34 -0.0155054 -0.0112236 -0.0136271 -0.00303912 -0.00467789 0.108712 0.105649 0.105517 
1.18753e-34 2.7859e-34 0.181558 0.0959345 0.0957449 1.00634e-34 -3.10123e-37 2.85416e-35 -0.000283297 -9.21806e-05 -9.92953e-05 2.85498e-35 -6.9547e-05 0.00589924 0.00367757 
0.363531 0.22034 0.164235 0.193634 0.274661 0.298069 1.57903e-05 -0.00145473 0.000227209 -0.000404399 0.000236287 -0.00149427 0.076463 0.0835083 0.0761174 
0.306645 0.104529 0.281951 0.19117 0.293536 0.199357 -0.106602 -0.0610764 -0.0947981 -0.0796815 -0.101239 -0.0842902 0.067086 0.0670005 0.0813625 
1.83023e-34 0.198298 0.152992 0.17647 0.0798235 0.106295 2.11196e-34 0.00184436 0.000706822 0.00120073 0.000217399 0.000477705 0.0429645 0.0455492 0.0401076 
2.07188e-34 0.164235 0.22034 0.193634 0.118842 0.0861999 -3.94091e-34 0.000227209 -0.00145473 -0.000404399 -0.000223621 -1.94279e-06 0.0797584 0.0761174 0.0835083 
1.9651e-34 0.163203 0.20254 0.185011 0.110837 0.0847947 -4.7094e-34 -0.00227247 -0.00699231 -0.00432094 -0.00180879 -0.00076302 0.0949059 0.0907479 0.0973125 
1.78225e-34 0.139564 0.198298 0.169358 0.104996 0.0733012 2.39214e-34 0.0013007 0.00184436 0.00161381 0.000563918 0.000345282 0.0486456 0.0510211 0.0455492 
1.75302e-34 0.20254 0.126008 0.164561 0.0679062 0.105692 -5.0552e-34 -0.00699231 -0.00548833 -0.00649406 -0.00146597 -0.00224772 0.101743 0.0973125 0.103219 
2.03183e-34 0.162547 0.21904 0.191318 0.116546 0.0855723 -3.20578e-34 0.00113327 0.0015699 0.00136755 0.0004578 0.000297396 0.0650412 0.0618324 0.0688735 
1.54582e-34 0.168696 0.129244 0.14959 0.0661417 0.0891709 3.08096e-34 0.00289049 0.00163926 0.00221758 0.000464386 0.000832335 0.062633 0.0639865 0.0602927 
1.47984e-34 0.118542 0.168696 0.143495 0.0871007 0.0615008 3.25287e-34 0.00140617 0.00289049 0.00206782 0.000802102 0.000423739 0.0661487 0.0673669 0.0639865 
1.31878e-34 0.153272 0.111344 0.131975 0.0560008 0.077258 3.57425e-34 0.000413862 0.000769682 0.000590768 0.000233261 0.000297796 0.072822 0.0733327 0.0720441 
1.30114e-34 0.110624 0.153272 0.131928 0.0768414 0.0548764 3.60335e-34 -0.000374416 0.000413862 -0.000153769 0.000132679 2.5207e-05 0.0734651 0.073552 0.0733327 
1.46646e-34 0.190378 0.121353 0.153437 0.0602547 0.088977 3.32907e-34 -0.00747545 -0.00233283 -0.0046161 -0.000615517 -0.00155424 0.0682632 0.067805 0.0705939 
2.05377e-34 0.21904 0.164235 0.192662 0.0860388 0.117593 -3.56399e-34 0.0015699 0.000227209 0.000810212 7.55582e-05 0.000342638 0.0722405 0.0688735 0.0761174 
1.59655e-34 0.148294 0.190378 0.170244 0.0939349 0.0691794 3.10305e-34 -0.00563318 -0.00747545 -0.00682171 -0.00199998 -0.00131552 0.0638199 0.0626518 0.067805 
1.81994e-34 0.143782 0.200479 0.172318 0.105745 0.0750477 -1.94845e-34 0.00051731 0.00146239 0.000930598 0.000371365 0.000155644 0.0395455 0.0367847 0.0427165 
1.86978e-34 0.200479 0.152303 0.177023 0.0789237 0.106797 -2.23955e-34 0.00146239 0.00104289 0.00128695 0.000272042 0.000436325 0.0454696 0.0427165 0.0488263 
0.204481 0.469955 0.281951 0.382072 0.24092 0.337309 -0.0685205 -0.115859 -0.0947981 -0.108711 -0.0819746 -0.0959687 0.0916356 0.0865323 0.0813625 
0.498764 0.497953 0.467595 0.487305 0.494906 0.500049 0.00260981 0.000952425 0.00183374 0.00141268 0.00234947 0.0017597 0.0273217 0.0241282 0.0274187 
1.18753e-34 0.181558 0.245289 0.214332 0.132759 0.0957449 -3.10123e-37 -0.000283297 -0.000482194 -0.000384324 -0.000168182 -9.92953e-05 -6.9547e-05 0.00367757 -4.54013e-05 
0.00266601 0.253944 0.0587976 0.1471 0.0289822 0.108526 -0.0269836 -0.0868274 -0.0227254 -0.0547458 -0.0249557 -0.0527397 0.0325555 0.0290103 0.0155484 
1.16822e-34 0.244489 0.168982 0.207931 0.0889555 0.132537 -3.08833e-37 -0.000482086 -0.000251842 -0.000368094 -8.85829e-05 -0.000168052 7.05531e-05 4.53597e-05 0.0037963 
0.352105 0.476482 0.432539 0.457297 0.395875 0.42748 -0.000151329 0.00062644 0.00182846 0.00127074 0.000615581 0.000169408 0.0223222 0.0232311 0.0274879 
3.31359e-34 0.411122 0.315681 0.361732 0.157872 0.193048 2.10423e-34 -0.0326865 -0.0219369 -0.0269467 -0.00585617 -0.00776829 0.0454136 0.0468724 0.0503764 
0.204481 0.0948967 0.297892 0.187814 0.252771 0.143115 -0.0685205 -0.0251541 -0.0730217 -0.0502167 -0.0718723 -0.0464269 0.0916356 0.100489 0.098591 
0.217842 0.297892 0.0948967 0.187814 0.15485 0.255901 -0.041145 -0.0730217 -0.0251541 -0.0502167 -0.0343778 -0.0569978 0.104014 0.098591 0.100489 
0.5964 0.671293 0.518584 0.61023 0.563903 0.63467 -0.137022 -0.144139 -0.140858 -0.147353 -0.141574 -0.14131 0.0750441 0.0650038 0.0629725 
2.97275e-34 1.85e-34 0.184155 0.0971873 0.0972165 9.13221e-35 -1.39256e-34 -1.12528e-34 -9.66559e-06 -1.34271e-05 1.95584e-05 -2.52036e-34 0.028266 0.0227775 0.0243884 
0.499438 0.497953 0.476482 0.497161 0.492115 0.499919 -0.000699498 0.000952425 0.00062644 0.000862908 -6.10444e-05 3.03285e-05 0.0191849 0.0241282 0.0232311 
0.498764 0.476482 0.497953 0.497161 0.500049 0.491004 0.00260981 0.00062644 0.000952425 0.000862908 0.0017597 0.00153297 0.0273217 0.0232311 0.0241282 
0.489422 0.490138 0.499977 0.497712 0.497149 0.499986 -0.00179584 -0.00179279 -0.00203335 -0.00191096 -0.00191444 -0.00186136 2.66849e-05 -2.5808e-05 0.00381348 
0.217842 0.0948967 0.0828953 0.0904379 0.146337 0.15485 -0.041145 -0.0251541 -0.0112236 -0.0174424 -0.0255603 -0.0343778 0.104014 0.100489 0.105517 
6.92387e-35 0.0828953 0.0948967 0.0904379 0.0415611 0.0345007 -5.32213e-34 -0.0112236 -0.0251541 -0.0174424 -0.0074017 -0.00349083 0.105878 0.105517 0.100489 
0.360208 0.474486 0.430242 0.455155 0.398304 0.428869 -0.000281722 -0.000202846 -0.00111662 -0.000779495 -0.000694397 -0.000239735 0.022917 0.0215473 0.0174484 
7.40775e-34 0.774593 0.624593 0.704259 0.35002 0.456196 -1.21767e-33 -0.00165365 -0.000629676 -0.000988264 -0.000230806 -0.000468297 0.255585 0.233802 0.270316 
0.998657 0.774593 0.996999 0.929888 0.997855 0.934738 -0.00142308 -0.00165365 -0.00271696 -0.00241158 -0.00209542 -0.00181043 0.269782 0.233802 0.233267 
0.989591 0.996999 0.774593 0.929888 0.916591 0.993861 -0.00466508 -0.00271696 -0.00165365 -0.00241158 -0.0031408 -0.00346533 0.19848 0.233267 0.233802 
0.499381 0.297892 0.415646 0.361309 0.457402 0.405142 -0.0979843 -0.0730217 -0.0734829 -0.0749901 -0.086206 -0.0892722 0.0936712 0.098591 0.0995308 
0.217842 0.415646 0.297892 0.361309 0.255901 0.317881 -0.041145 -0.0734829 -0.0730217 -0.0749901 -0.0569978 -0.0597169 0.104014 0.0995308 0.098591 
1.0905e-33 1.03911e-34 0.103458 0.00945401 0.0837971 3.74842e-34 1.00807e-35 9.06132e-35 0.00152695 0.038994 -0.00420301 9.90721e-35 -0.0715226 -0.0238954 -0.0294525 
0.343994 0.382354 0.210679 0.30537 0.282946 0.363613 0.00589233 0.00753878 0.00212226 0.00461543 0.00396965 0.00684713 0.0498334 0.0567089 0.0554609 
0.363531 0.391474 0.22034 0.31508 0.298069 0.378747 1.57903e-05 -0.00682896 -0.00145473 -0.0041191 -0.00149427 -0.00290406 0.076463 0.0835799 0.0835083 
0.347398 0.728729 0.77479 0.748923 0.574907 0.563769 -0.0822465 -0.145298 -0.134878 -0.140459 -0.122727 -0.124292 -0.00180476 0.0153068 0.00642795 
6.92387e-35 1.17571e-34 0.0828953 0.0443691 0.0345007 5.47433e-35 -5.32213e-34 -5.43588e-34 -0.0112236 -0.00303912 -0.00349083 -1.06079e-33 0.105878 0.108712 0.105517 
0.989591 0.644933 0.8346 0.748338 0.935514 0.878705 -0.00466508 -0.00218122 -0.00642096 -0.00368521 -0.00595838 -0.00400359 0.19848 0.191404 0.15761 
0.331873 0.345918 0.161434 0.254995 0.242894 0.338629 -0.0181451 -0.0143538 -0.00239852 -0.00721552 -0.0081086 -0.0165287 0.073095 0.0751406 0.0729991 
0.281663 0.314328 0.15788 0.238999 0.22037 0.298016 0.00236137 0.00539109 0.00208054 0.00391832 0.00277314 0.00376413 0.072104 0.0696818 0.0698611 
0.301892 0.339627 0.183022 0.267479 0.246483 0.321146 0.00831171 0.00922767 0.00278187 0.00592668 0.00543828 0.00890148 0.0593473 0.0544974 0.0556165 
1.83727e-34 0.152992 0.203905 0.178947 0.108711 0.080438 1.8152e-34 0.000706822 0.000693231 0.000738138 0.00020758 0.000170505 0.0369701 0.0401076 0.0349208 
1.83727e-34 1.83023e-34 0.152992 0.0798235 0.080438 1.30191e-34 1.8152e-34 2.11196e-34 0.000706822 0.000217399 0.000170505 3.91891e-34 0.0369701 0.0429645 0.0401076 
0.305167 0.203905 0.152992 0.178947 0.234818 0.257801 0.00303736 0.000693231 0.000706822 0.000738138 0.00174755 0.00165068 0.0398942 0.0349208 0.0401076 
1.9651e-34 2.04731e-34 0.163203 0.0868667 0.0847947 1.45246e-34 -4.7094e-34 -4.32774e-34 -0.00227247 -0.000531682 -0.00076302 -9.00697e-34 0.0949059 0.0874705 0.0907479 
5.58116e-34 6.38646e-34 0.400727 0.215822 0.202743 4.10858e-34 1.90761e-34 2.72231e-34 -0.0163672 -0.00515271 -0.00428447 4.91673e-34 0.0423862 0.0587056 0.0529233 
3.43518e-34 4.8449e-34 0.302872 0.160081 0.145269 2.64672e-34 1.82582e-34 1.74176e-34 -0.0162422 -0.00531485 -0.00440174 3.82838e-34 0.0393881 0.0393077 0.0419364 
2.03183e-34 1.96826e-34 0.162547 0.084511 0.0855723 1.46629e-34 -3.20578e-34 -2.86591e-34 0.00113327 0.000326591 0.000297396 -6.08505e-34 0.0650412 0.058189 0.0618324 
1.6421e-34 1.54582e-34 0.129244 0.0661417 0.0676962 1.18065e-34 2.88059e-34 3.08096e-34 0.00163926 0.000464386 0.000450077 5.94178e-34 0.0585523 0.062633 0.0602927 
1.78225e-34 1.68013e-34 0.139564 0.0720896 0.0733012 1.29184e-34 2.39214e-34 2.64926e-34 0.0013007 0.000376427 0.000345282 5.02592e-34 0.0486456 0.0538587 0.0510211 
1.37129e-34 1.31878e-34 0.111344 0.0560008 0.0567615 9.72447e-35 3.50442e-34 3.57425e-34 0.000769682 0.000233261 0.000258577 7.07066e-34 0.0713475 0.072822 0.0720441 
1.47984e-34 1.39928e-34 0.118542 0.0601442 0.0615008 1.06434e-34 3.25287e-34 3.39317e-34 0.00140617 0.000399305 0.000423739 6.62932e-34 0.0661487 0.0690475 0.0673669 
1.36551e-34 1.46646e-34 0.121353 0.0602547 0.0581136 9.66002e-35 3.4887e-34 3.32907e-34 -0.00233283 -0.000615517 -0.000484029 6.85165e-34 0.0713359 0.0682632 0.0705939 
1.30114e-34 1.30623e-34 0.110624 0.0551548 0.0548764 9.26647e-35 3.60335e-34 3.57542e-34 -0.000374416 -4.25614e-05 2.5207e-05 7.18653e-34 0.0734651 0.0729905 0.073552 
0.894357 0.77479 0.728729 0.748923 0.838013 0.862532 -0.128491 -0.134878 -0.145298 -0.140459 -0.143817 -0.13758 0.0272803 0.00642795 0.0153068 
1.81994e-34 1.71304e-34 0.143782 0.0745604 0.0750477 1.37623e-34 -1.94845e-34 -1.66855e-34 0.00051731 0.000125465 0.000155644 -3.62312e-34 0.0395455 0.0338302 0.0367847 
1.93002e-34 1.86978e-34 0.152303 0.0789237 0.0798923 1.40833e-34 -2.5443e-34 -2.23955e-34 0.00104289 0.000272042 0.000290314 -4.79673e-34 0.0516692 0.0454696 0.0488263 
1.59655e-34 1.78034e-34 0.148294 0.0744271 0.0691794 1.20641e-34 3.10305e-34 2.83139e-34 -0.00563318 -0.00155733 -0.00131552 6.00411e-34 0.0638199 0.0585099 0.0626518 
2.07188e-34 2.05377e-34 0.164235 0.0860388 0.0861999 1.55345e-34 -3.94091e-34 -3.56399e-34 0.000227209 7.55582e-05 -1.94279e-06 -7.50683e-34 0.0797584 0.0722405 0.0761174 
1.46878e-34 1.75302e-34 0.126008 0.0679062 0.0625248 1.25439e-34 -5.31716e-34 -5.0552e-34 -0.00548833 -0.00146597 -0.00171127 -1.02984e-33 0.106634 0.101743 0.103219 
0.544115 0.603935 0.597582 0.604639 0.582743 0.574419 -0.0592665 -0.087393 -0.0890227 -0.0890949 -0.0748415 -0.0726565 0.0790617 0.0779585 0.0845225 
0.880394 0.77479 0.92867 0.896411 0.929297 0.82658 -0.112781 -0.134878 -0.107128 -0.12792 -0.116907 -0.127453 0.00342317 0.00642795 0.0303717 
-2.48286e-35 -3.67821e-35 -0.0120405 -0.00302452 -0.00307911 -4.86364e-35 6.22708e-35 1.9182e-35 0.0314558 0.0143493 0.0232771 3.28e-35 0.00400704 0.00787468 0.00309303 
0.999385 0.999422 0.8346 0.953634 0.962466 0.999785 -0.0149591 -0.00841744 -0.00642096 -0.00818209 -0.0112361 -0.0109089 0.130748 0.16573 0.15761 
0.989591 0.8346 0.999422 0.953634 0.996161 0.935514 -0.00466508 -0.00642096 -0.00841744 -0.00818209 -0.00660991 -0.00595838 0.19848 0.15761 0.16573 
-4.09051e-34 0.437596 0.75 0.609435 0.4375 0.234401 -8.26944e-34 -8.49106e-05 -4.09376e-37 -7.8362e-05 -1.64131e-37 -2.44636e-05 0.347307 0.32446 0.347372 
0.280203 0.310746 0.155419 0.23283 0.218264 0.295997 -0.0253249 -0.0419758 -0.0155054 -0.0291004 -0.021638 -0.0332667 0.10174 0.102852 0.105649 
1.78034e-34 0.245169 0.148294 0.194012 0.0744271 0.115604 2.83139e-34 -0.014767 -0.00563318 -0.00958159 -0.00155733 -0.0036048 0.0585099 0.0597731 0.0626518 
0.372544 0.148294 0.245169 0.194012 0.313016 0.260463 -0.0316107 -0.00563318 -0.014767 -0.00958159 -0.0234186 -0.0162128 0.0655095 0.0626518 0.0597731 
0.894357 0.92867 0.77479 0.896411 0.862532 0.914405 -0.128491 -0.107128 -0.134878 -0.12792 -0.13758 -0.11822 0.0272803 0.0303717 0.00642795 
0.594145 0.597582 0.603935 0.604639 0.616453 0.600273 -0.10966 -0.0890227 -0.087393 -0.0890949 -0.101234 -0.0998007 0.0850291 0.0845225 0.0779585 
0.306178 0.143782 0.194356 0.169572 0.252804 0.230701 0.00265759 0.00051731 0.000586131 0.000576321 0.00141894 0.00143233 0.0372662 0.0367847 0.032382 
1.71304e-34 0.194356 0.143782 0.169572 0.0745604 0.102975 -1.66855e-34 0.000586131 0.00051731 0.000576321 0.000125465 0.000169119 0.0338302 0.032382 0.0367847 
-0.0726038 -0.0495369 -0.0496275 -0.0555127 -0.0668464 -0.0623694 0.0104216 0.0359525 0.0166945 0.0281105 0.015973 0.0227323 0.0166813 0.00574949 0.00848927 
0.880394 0.475015 0.77479 0.647117 0.82658 0.723246 -0.112781 -0.112104 -0.134878 -0.127969 -0.127453 -0.119776 0.00342317 -0.024733 0.00642795 
-1.04041e-34 -0.0634808 -0.0749923 -0.0709459 -0.053744 -0.0519873 -2.13618e-34 -0.00785972 -0.00110682 -0.00448348 -0.000325774 -0.00173972 0.0429804 0.0474892 0.0324923 
1.0905e-33 0.103458 0.475015 0.24738 0.284647 0.0837971 1.00807e-35 0.00152695 -0.112104 -0.0572828 -0.0798247 -0.00420301 -0.0715226 -0.0294525 -0.024733 
0.0180573 -0.0288371 0.104529 0.0217549 0.0591697 -0.0122903 -0.038688 -0.0178551 -0.0610764 -0.037251 -0.0501608 -0.028091 0.0521207 0.0657307 0.0670005 
0.293795 0.183022 0.339627 0.267479 0.31765 0.240713 0.00584445 0.00278187 0.00922767 0.00592668 0.0075423 0.00445208 0.0505405 0.0556165 0.0544974 
0.0621018 0.104529 -0.0288371 0.0217549 0.00907004 0.0807284 -0.0426187 -0.0610764 -0.0178551 -0.037251 -0.0293984 -0.0519464 0.0792054 0.0670005 0.0657307 
0.262661 0.15788 0.314328 0.238999 0.288426 0.211382 0.00586825 0.00208054 0.00539109 0.00391832 0.00595182 0.00374271 0.0670315 0.0698611 0.0696818 
0.265934 0.161434 0.345918 0.254995 0.304558 0.215185 -0.00416686 -0.00239852 -0.0143538 -0.00721552 -0.00838902 -0.00367683 0.0742935 0.0729991 0.0751406 
0.327635 0.22034 0.391474 0.31508 0.361524 0.278886 -0.00991568 -0.00145473 -0.00682896 -0.0041191 -0.00865065 -0.00477464 0.0899561 0.0835083 0.0835799 
0.331879 0.210679 0.382354 0.30537 0.358523 0.274538 0.00492816 0.00212226 0.00753878 0.00461543 0.00629957 0.00356618 0.0621961 0.0554609 0.0567089 
0.442576 0.448039 0.491905 0.473474 0.470742 0.445065 0.0146826 0.0128641 0.0147863 0.0140588 0.015099 0.0140646 0.0599749 0.0641675 0.0617431 
0.441774 0.415646 0.310746 0.362529 0.378308 0.429667 -0.0631193 -0.0734829 -0.0419758 -0.058015 -0.0540102 -0.0683811 0.0986538 0.0995308 0.102852 
0.507159 0.491905 0.448039 0.473474 0.485793 0.500524 0.011588 0.0147863 0.0128641 0.0140588 0.0128183 0.0134212 0.0655348 0.0617431 0.0641675 
0.626311 0.634198 0.603935 0.627177 0.614972 0.643645 -0.0963148 -0.117049 -0.087393 -0.102968 -0.0922308 -0.109227 0.0711541 0.0785358 0.0779585 
1.91356e-34 0.195657 0.201843 0.198786 0.107583 0.104019 1.1976e-34 -3.91748e-06 -0.000188813 -0.000100665 -4.24107e-05 -1.66415e-05 0.0244411 0.0259423 0.0217983 
0.449655 0.470879 0.51401 0.496412 0.48667 0.459593 -0.0043803 -0.0144693 -0.0144897 -0.014646 -0.0090661 -0.00892303 0.0748771 0.077644 0.0787474 
0.594145 0.603935 0.634198 0.627177 0.615067 0.616453 -0.10966 -0.087393 -0.117049 -0.102968 -0.113935 -0.101234 0.0850291 0.0779585 0.0785358 
0.535364 0.51401 0.470879 0.496412 0.515131 0.526714 -0.0279321 -0.0144897 -0.0144693 -0.014646 -0.0212532 -0.0209842 0.0833947 0.0787474 0.077644 
1.85e-34 0.201644 0.184155 0.19293 0.0971873 0.107107 -1.12528e-34 -0.000185428 -9.66559e-06 -9.37539e-05 -1.34271e-05 -4.10624e-05 0.0227775 0.0208163 0.0243884 
0.500435 0.492043 0.495804 0.500078 0.499012 0.498531 0.00785222 0.00469749 0.00512552 0.00506758 0.00649338 0.00626339 0.0362409 0.0313218 0.0322693 
0.451109 0.463366 0.493895 0.481727 0.477316 0.457558 0.00724855 0.0110501 0.0102257 0.0108072 0.00885783 0.00913423 0.0387397 0.0442598 0.0403898 
0.500974 0.493895 0.463366 0.481727 0.489535 0.498385 0.0126112 0.0102257 0.0110501 0.0108072 0.0122445 0.0115154 0.0439331 0.0403898 0.0442598 
0.880394 0.92867 0.964338 0.947648 0.951602 0.929297 -0.112781 -0.107128 -0.0836815 -0.0979861 -0.102911 -0.116907 0.00342317 0.0303717 0.0391927 
0.500974 0.50062 0.47452 0.491272 0.496429 0.501705 0.0126112 0.0138723 0.0104954 0.012329 0.0119042 0.013395 0.0439331 0.0474748 0.0435154 
0.473429 0.47452 0.50062 0.491272 0.491279 0.473909 0.0121961 0.0104954 0.0138723 0.012329 0.0132773 0.0114638 0.049132 0.0435154 0.0474748 
0.317596 0.203905 0.358587 0.288604 0.339031 0.264188 0.000771825 0.000693231 0.00268644 0.00159624 0.00160292 0.000865123 0.0297802 0.0349208 0.0349418 
0.305167 0.358587 0.203905 0.288604 0.257801 0.332965 0.00303736 0.00268644 0.000693231 0.00159624 0.00165068 0.00295177 0.0398942 0.0349418 0.0349208 
0.645149 0.84488 0.769371 0.808786 0.72042 0.768088 -0.0681101 -0.117924 -0.108921 -0.114622 -0.0888601 -0.0950468 0.0432433 0.0370153 0.0440792 
0.323455 0.622963 0.728729 0.673775 0.523772 0.478899 -0.0847681 -0.143463 -0.145298 -0.144671 -0.124181 -0.120507 0.0100461 0.0216042 0.0153068 
0.507159 0.513881 0.495466 0.508046 0.51049 0.511695 0.011588 0.00644424 0.00794834 0.00736142 0.00983574 0.00929011 0.0655348 0.0695049 0.0674584 
0.491992 0.495466 0.513881 0.508046 0.508064 0.494132 0.00171823 0.00794834 0.00644424 0.00736142 0.00419799 0.0050676 0.0732705 0.0674584 0.0695049 
0.820252 0.769371 0.84488 0.808786 0.847513 0.822847 -0.148153 -0.108921 -0.117924 -0.114622 -0.136251 -0.1328 0.0324189 0.0440792 0.0370153 
0.347398 0.77479 0.475015 0.647117 0.39691 0.574907 -0.0822465 -0.134878 -0.112104 -0.127969 -0.0936611 -0.122727 -0.00180476 0.00642795 -0.024733 
0.535364 0.543046 0.502577 0.527467 0.530486 0.540076 -0.0279321 -0.0419679 -0.0346094 -0.0389491 -0.0326559 -0.0346333 0.0833947 0.0870329 0.0899268 
0.820252 0.728729 0.622963 0.673775 0.74752 0.790745 -0.148153 -0.145298 -0.143463 -0.144671 -0.153025 -0.15053 0.0324189 0.0153068 0.0216042 
0.48264 0.501978 0.245169 0.378751 0.359259 0.493527 -0.0513178 -0.0577117 -0.014767 -0.0336148 -0.0300583 -0.0550645 0.0569972 0.0629014 0.0597731 
0.470195 0.502577 0.543046 0.527467 0.520779 0.489033 -0.0504187 -0.0346094 -0.0419679 -0.0389491 -0.048043 -0.0424854 0.0959604 0.0899268 0.0870329 
0.80548 0.964338 0.92867 0.947648 0.8938 0.908331 -0.0619169 -0.0836815 -0.107128 -0.0979861 -0.0848751 -0.0749257 0.0468753 0.0391927 0.0303717 
0.271854 0.504357 0.253944 0.379171 0.263912 0.383497 -0.0999674 -0.13928 -0.0868274 -0.116191 -0.0950881 -0.120791 0.0496169 0.0393047 0.0290103 
0.541727 0.253944 0.504357 0.379171 0.522566 0.391892 -0.139826 -0.0868274 -0.13928 -0.116191 -0.139895 -0.115321 0.0297874 0.0290103 0.0393047 
0.286143 0.341496 0.194356 0.273679 0.242282 0.314596 0.000612906 0.00198403 0.000586131 0.00124808 0.00068818 0.0012082 0.0278343 0.0318705 0.032382 
-0.0354074 -0.0496275 -0.0495369 -0.0555127 -0.044468 -0.0443238 0.0378361 0.0166945 0.0359525 0.0281105 0.0392022 0.0275079 0.00492447 0.00848927 0.00574949 
0.372544 0.245169 0.501978 0.378751 0.436065 0.313016 -0.0316107 -0.014767 -0.0577117 -0.0336148 -0.0435573 -0.0234186 0.0655095 0.0597731 0.0629014 
0.306178 0.194356 0.341496 0.273679 0.324212 0.252804 0.00265759 0.000586131 0.00198403 0.00124808 0.00238594 0.00141894 0.0372662 0.032382 0.0318705 
0.467595 0.497953 0.474486 0.4895 0.471247 0.487305 0.00183374 0.000952425 -0.000202846 0.000317896 0.000727425 0.00141268 0.0274187 0.0241282 0.0215473 
0.626128 0.518584 0.671293 0.61023 0.655266 0.572146 -0.153343 -0.140858 -0.144139 -0.147353 -0.150932 -0.147783 0.0529929 0.0629725 0.0650038 
0.572291 0.537159 0.559891 0.563166 0.572786 0.555202 -0.0814345 -0.0686881 -0.0565469 -0.0647584 -0.0690724 -0.0753334 0.0891992 0.0926762 0.0845667 
0.521827 0.519672 0.497973 0.516903 0.511744 0.522456 -0.0099942 -0.00501843 -0.000276328 -0.00283354 -0.00475494 -0.00744484 0.0778905 0.076551 0.0735297 
0.503979 0.5035 0.489197 0.502991 0.497726 0.505805 0.0157204 0.0153136 0.0163339 0.0161677 0.0163144 0.0157337 0.0586378 0.0549839 0.0551031 
0.499438 0.474486 0.497953 0.4895 0.499919 0.495433 -0.000699498 -0.000202846 0.000952425 0.000317896 3.03285e-05 -0.000460836 0.0191849 0.0215473 0.0241282 
0.498764 0.495804 0.492043 0.500078 0.496093 0.499933 0.00260981 0.00512552 0.00469749 0.00506758 0.0036504 0.00386201 0.0273217 0.0322693 0.0313218 
0.502156 0.489197 0.5035 0.502991 0.504166 0.49761 0.0156635 0.0163339 0.0153136 0.0161677 0.0156825 0.0161658 0.0514183 0.0551031 0.0549839 
0.512984 0.497973 0.519672 0.516903 0.518431 0.507224 0.00294999 -0.000276328 -0.00501843 -0.00283354 -0.000881345 0.00132902 0.0719418 0.0735297 0.076551 
0.553865 0.559891 0.537159 0.563166 0.551544 0.558387 -0.0511051 -0.0565469 -0.0686881 -0.0647584 -0.0603463 -0.054136 0.0871082 0.0845667 0.0926762 
-3.67821e-35 -0.0143968 -0.0120405 -0.0144768 -0.00302452 -0.0043245 1.9182e-35 0.0133087 0.0314558 0.0231844 0.0143493 0.00978372 0.00787468 0.00556381 0.00309303 
-0.0354074 -0.0120405 -0.0143968 -0.0144768 -0.0264081 -0.024399 0.0378361 0.0314558 0.0133087 0.0231844 0.0260191 0.0373013 0.00492447 0.00309303 0.00556381 
-2.48286e-35 -0.0120405 -0.021552 -0.0178824 -0.00827992 -0.00307911 6.22708e-35 0.0314558 0.0589765 0.0473285 0.0501113 0.0232771 0.00400704 0.00309303 -0.00146668 
-0.0354074 -0.021552 -0.0120405 -0.0178824 -0.024399 -0.0293278 0.0378361 0.0589765 0.0314558 0.0473285 0.0373013 0.0495226 0.00492447 -0.00146668 0.00309303 
