0.494293 0.836591 3.43069e-34 0.550281 0.340761 0.654947 -0.33792 -0.152925 -8.11556e-34 -0.173905 -0.250445 -0.271101 0.16046 0.23822 0.161071 
0.270823 0.286969 0.421159 0.360226 0.353796 0.281977 -0.057895 -0.029421 -0.0618668 -0.046289 -0.0642503 -0.041962 0.136235 0.132503 0.132149 
0.499971 0.46152 0.495344 0.495871 0.49884 0.490285 -1.68875e-06 5.47931e-07 -2.99887e-07 2.30506e-07 -1.1812e-06 -8.01965e-07 0.044115 0.0495804 0.0480242 
0.499971 0.461349 0.495416 0.495811 0.498874 0.490197 7.38402e-05 0.000122284 0.000119327 0.000131281 9.49754e-05 0.000100884 0.0676432 0.0731174 0.0715504 
0.49997 0.460717 0.498672 0.49342 0.499697 0.489886 0.000671475 0.000651815 0.000742522 0.000732122 0.000723783 0.000709772 0.0911734 0.0966048 0.0953674 
0.433414 0.416792 0.498985 0.473221 0.478325 0.426156 -0.0333828 -0.0152158 -0.0240823 -0.0209868 -0.0301961 -0.0229838 0.127382 0.122663 0.122823 
0.382955 0.306591 0.20206 0.257138 0.302885 0.347158 -1.06111e-06 -6.8902e-07 -2.69062e-07 -4.9284e-07 -6.66884e-07 -9.52429e-07 0.0440196 0.0384099 0.0440941 
0.499795 0.439102 0.4917 0.471484 0.497236 0.482965 -0.000856405 -0.000487974 0.000276886 -8.44281e-05 -0.00016376 -0.000737563 0.107149 0.107206 0.102908 
0.802398 0.836591 0.494293 0.654947 0.674187 0.836387 -0.284811 -0.152925 -0.33792 -0.271101 -0.32614 -0.235331 0.188347 0.23822 0.16046 
0.384274 0.201676 0.308709 0.25817 0.348833 0.303609 0.000411895 0.000117141 0.000184534 0.000160338 0.000289029 0.000260875 0.0916939 0.0919192 0.0860554 
0.499795 0.480247 0.439102 0.462632 0.482965 0.494041 -0.000856405 -0.00308206 -0.000487974 -0.00148615 -0.000737563 -0.00185499 0.107149 0.11175 0.107206 
0.356796 0.314693 0.466248 0.405699 0.421004 0.336422 -2.52478e-07 -3.6903e-07 -8.68176e-07 -6.53515e-07 -5.27316e-07 -3.11189e-07 0.0221111 0.028575 0.0267617 
0.447013 0.466248 0.314693 0.405699 0.390885 0.457171 -1.16794e-06 -8.68176e-07 -3.6903e-07 -6.53515e-07 -7.47588e-07 -1.02341e-06 0.0320059 0.0267617 0.028575 
0.499971 0.464648 0.495224 0.49643 0.498743 0.491255 7.38402e-05 2.74715e-05 4.11053e-05 3.68532e-05 5.60016e-05 4.82926e-05 0.0676432 0.062241 0.0637386 
0.499971 0.459574 0.495062 0.495685 0.498718 0.489947 -1.68875e-06 -1.874e-06 -2.00163e-06 -2.06397e-06 -1.93281e-06 -2.00046e-06 0.044115 0.0389601 0.0401999 
0.49997 0.459574 0.491727 0.478686 0.497885 0.489818 -1.94008e-06 -1.874e-06 -1.52762e-06 -1.78325e-06 -1.76806e-06 -1.99306e-06 0.0363031 0.0389601 0.0317644 
0.491727 0.459574 0.440896 0.450677 0.472107 0.478686 -1.52762e-06 -1.874e-06 -1.38302e-06 -1.65111e-06 -1.49391e-06 -1.78325e-06 0.0317644 0.0389601 0.0329468 
0.383122 0.197907 0.307464 0.255758 0.347637 0.301307 4.13561e-05 9.29167e-06 9.89067e-06 1.05891e-05 2.15579e-05 2.38464e-05 0.0680101 0.0681412 0.0623631 
0.384274 0.308709 0.465315 0.402801 0.430732 0.348833 0.000411895 0.000184534 0.000422756 0.000315373 0.000439479 0.000289029 0.0916939 0.0860554 0.0858655 
0.113045 0.0343136 0.189533 0.107866 0.161556 0.0585472 -0.167328 -0.0618581 -0.144828 -0.115392 -0.165034 -0.108135 0.135512 0.131793 0.13717 
0.455216 0.500857 0.458201 0.486023 0.455877 0.486681 -0.0290347 -0.0410173 -0.0144592 -0.025667 -0.0208062 -0.0359906 0.126336 0.127089 0.120699 
0.480247 0.475766 0.3938 0.442485 0.445555 0.478375 -0.00308206 -0.0108769 -0.0025075 -0.00576364 -0.00297324 -0.00615429 0.11175 0.118371 0.113415 
0.498985 0.458201 0.500857 0.486023 0.501 0.493528 -0.0240823 -0.0144592 -0.0410173 -0.025667 -0.0320316 -0.0201782 0.122823 0.120699 0.127089 
0.383122 0.307464 0.464648 0.401783 0.429805 0.347637 4.13561e-05 9.89067e-06 2.74715e-05 1.92363e-05 3.57578e-05 2.15579e-05 0.0680101 0.0623631 0.062241 
0.382955 0.453604 0.306591 0.392689 0.347158 0.422296 -1.06111e-06 -1.61322e-06 -6.8902e-07 -1.18613e-06 -9.52429e-07 -1.44507e-06 0.0440196 0.0378259 0.0384099 
0.499996 0.475766 0.480247 0.478375 0.494598 0.493456 -0.00667568 -0.0108769 -0.00308206 -0.00615429 -0.00474609 -0.00887853 0.114769 0.118371 0.11175 
0.382514 0.305086 0.459574 0.396786 0.426066 0.346237 -1.31508e-06 -1.01356e-06 -1.874e-06 -1.50556e-06 -1.67912e-06 -1.26891e-06 0.0444051 0.0388639 0.0389601 
0.382955 0.306326 0.46152 0.398802 0.427566 0.347041 -1.06111e-06 -2.7628e-08 5.47931e-07 2.24111e-07 -7.61951e-07 -5.98675e-07 0.0440196 0.0497683 0.0495804 
0.49997 0.465315 0.495035 0.496622 0.498647 0.491561 0.000671475 0.000422756 0.000530464 0.000508228 0.000605889 0.000564612 0.0911734 0.0858655 0.0872659 
0.382237 0.306035 0.461349 0.398555 0.427171 0.346501 3.93216e-05 5.01613e-05 0.000122284 8.87309e-05 7.30175e-05 4.62634e-05 0.0676142 0.0733079 0.0731174 
0.38154 0.305093 0.460717 0.397666 0.426456 0.345671 0.000400531 0.000325696 0.000651815 0.000511441 0.000552714 0.00038 0.0911099 0.096763 0.0966048 
0.382237 0.330434 0.19736 0.268682 0.300508 0.357518 3.93216e-05 9.5061e-06 8.99796e-06 1.05212e-05 2.26796e-05 2.03246e-05 0.0676142 0.0609378 0.0676459 
0.382955 0.20206 0.306326 0.25699 0.347041 0.302885 -1.06111e-06 -2.69062e-07 -2.7628e-08 -3.58418e-07 -5.98675e-07 -6.66884e-07 0.0440196 0.0440941 0.0497683 
0.382237 0.461209 0.330434 0.407364 0.357518 0.427071 3.93216e-05 2.55545e-05 9.5061e-06 1.73818e-05 2.03246e-05 3.36461e-05 0.0676142 0.0618638 0.0609378 
0.38154 0.330002 0.196809 0.268166 0.299812 0.356954 0.000400531 0.000187139 0.000109053 0.000160117 0.000249766 0.000285033 0.0911099 0.0844548 0.0911432 
0.382237 0.19736 0.306035 0.254716 0.346501 0.300508 3.93216e-05 8.99796e-06 5.01613e-05 2.31169e-05 4.62634e-05 2.26796e-05 0.0676142 0.0676459 0.0733079 
0.382277 0.328974 0.196946 0.2676 0.300225 0.356369 -0.00321128 -0.000214239 -0.000606601 -0.000514919 -0.00171877 -0.0011788 0.11438 0.10776 0.114132 
0.38154 0.196809 0.305093 0.253958 0.345671 0.299812 0.000400531 0.000109053 0.000325696 0.000210785 0.00038 0.000249766 0.0911099 0.0911432 0.096763 
0.442735 0.330434 0.461209 0.407364 0.452422 0.394024 7.02963e-06 9.5061e-06 2.55545e-05 1.73818e-05 1.42214e-05 9.07016e-06 0.0558796 0.0609378 0.0618638 
0.38154 0.460832 0.330002 0.406904 0.356954 0.426528 0.000400531 0.000401595 0.000187139 0.000300355 0.000285033 0.000422287 0.0911099 0.085383 0.0844548 
0.442525 0.330002 0.460832 0.406904 0.452126 0.393704 0.000218628 0.000187139 0.000401595 0.000300355 0.000301398 0.000217085 0.0794041 0.0844548 0.085383 
0.390371 0.462946 0.487415 0.476795 0.450884 0.431464 -1.44161e-07 -1.07727e-07 -2.42175e-07 -1.58552e-07 -1.98497e-07 -1.26553e-07 0.0108531 0.00577586 0.0127418 
0.49997 0.487415 0.462946 0.476795 0.490714 0.496831 -1.43051e-07 -2.42175e-07 -1.07727e-07 -1.58552e-07 -1.28267e-07 -1.88142e-07 0.00844827 0.0127418 0.00577586 
0.382277 0.461258 0.328974 0.40681 0.356369 0.427022 -0.00321128 -0.00129696 -0.000214239 -0.000688082 -0.0011788 -0.00230574 0.11438 0.108865 0.10776 
0.441769 0.328974 0.461258 0.40681 0.451904 0.392766 0.000304585 -0.000214239 -0.00129696 -0.000688082 -0.000241949 1.61351e-05 0.102844 0.10776 0.108865 
0.384274 0.453833 0.304331 0.392056 0.346931 0.422981 0.000411895 0.000612744 0.00031447 0.000481543 0.000385624 0.00055113 0.0916939 0.0980409 0.0982018 
0.443552 0.331547 0.461998 0.408389 0.453225 0.395011 0.000221168 7.00915e-05 0.000129383 0.000104303 0.000172019 0.000135108 0.079497 0.0747301 0.0735971 
0.383122 0.461998 0.331547 0.408389 0.358507 0.427953 4.13561e-05 0.000129383 7.00915e-05 0.000104303 5.56942e-05 7.73627e-05 0.0680101 0.0735971 0.0747301 
0.443106 0.33107 0.461644 0.407935 0.45283 0.394527 6.96174e-06 6.13275e-08 6.4416e-07 4.3378e-07 3.15929e-06 2.32416e-06 0.0559536 0.0510937 0.0500219 
0.382514 0.461644 0.33107 0.407935 0.357956 0.427477 -1.31508e-06 6.4416e-07 6.13275e-08 4.3378e-07 -7.77579e-07 -8.8791e-07 0.0444051 0.0500219 0.0510937 
0.499971 0.495344 0.46152 0.495871 0.490397 0.498801 3.1617e-06 -2.99887e-07 5.47931e-07 2.30506e-07 1.75949e-06 1.11987e-06 0.0519494 0.0480242 0.0495804 
0.382277 0.308392 0.458201 0.396833 0.42399 0.347416 -0.00321128 -0.00503907 -0.0144592 -0.00964602 -0.00734965 -0.00423589 0.11438 0.119632 0.120699 
0.499973 0.495416 0.461349 0.495811 0.490309 0.498837 0.000190338 0.000119327 0.000122284 0.000131281 0.000160547 0.000152517 0.0754757 0.0715504 0.0731174 
0.447013 0.453604 0.495737 0.480316 0.478187 0.450364 -1.16794e-06 -1.61322e-06 -1.51695e-06 -1.64228e-06 -1.3813e-06 -1.40245e-06 0.0320059 0.0378259 0.0320191 
0.49998 0.498672 0.460717 0.49342 0.489974 0.499689 0.000662452 0.000742522 0.000651815 0.000732122 0.000695081 0.000727829 0.0990018 0.0953674 0.0966048 
9.87594e-35 0.215479 0.295434 0.257102 0.163952 0.115283 -8.77863e-35 -6.38924e-08 -1.82867e-07 -1.09649e-07 -7.71527e-08 -3.76341e-08 0.0177767 0.011749 0.0170248 
0.49997 0.495737 0.453604 0.480316 0.488437 0.49893 -1.94008e-06 -1.51695e-06 -1.61322e-06 -1.64228e-06 -1.86107e-06 -1.7506e-06 0.0363031 0.0320191 0.0378259 
9.80333e-35 9.80334e-35 0.214826 0.114903 0.114903 1.96067e-34 5.76666e-35 8.64999e-35 1.97556e-10 1.22466e-08 1.34305e-08 1.44166e-34 0.011764 0.017646 0.0113197 
0.214826 9.80334e-35 0.293837 0.162929 0.25593 0.114903 1.97556e-10 8.64999e-35 -6.30801e-08 2.60678e-09 -2.15618e-08 1.22466e-08 0.0113197 0.017646 0.0166728 
0.443552 0.493741 0.465315 0.482399 0.455083 0.474936 0.000221168 0.000275824 0.000422756 0.000352117 0.000310943 0.000255181 0.079497 0.0793632 0.0858655 
0.382514 0.197688 0.305086 0.254322 0.346237 0.300821 -1.31508e-06 -5.54632e-07 -1.01356e-06 -8.15984e-07 -1.26891e-06 -9.89935e-07 0.0444051 0.0444414 0.0388639 
0.49997 0.465315 0.493741 0.482399 0.498503 0.491517 0.000405507 0.000422756 0.000275824 0.000352117 0.000339567 0.000432186 0.0833679 0.0858655 0.0793632 
0.499971 0.495224 0.464648 0.49643 0.491251 0.498745 2.2076e-05 4.11053e-05 2.74715e-05 3.68532e-05 2.60012e-05 3.0643e-05 0.0598338 0.0637386 0.062241 
0.49997 0.495062 0.459574 0.495685 0.489818 0.498762 -1.94008e-06 -2.00163e-06 -1.874e-06 -2.06397e-06 -1.99306e-06 -2.01613e-06 0.0363031 0.0401999 0.0389601 
0.189533 0.0343136 0.0834238 0.0636095 0.130192 0.107866 -0.144828 -0.0618581 -0.0657065 -0.0707301 -0.102728 -0.115392 0.13717 0.131793 0.136077 
3.93082e-34 0.847067 0.851385 0.849212 0.519896 0.516454 1.97769e-33 0.000615388 0.00138979 0.00103994 0.0004409 0.000265021 0.403422 0.426253 0.369728 
0.382277 0.196946 0.308392 0.254712 0.347416 0.300225 -0.00321128 -0.000606601 -0.00503907 -0.00198296 -0.00423589 -0.00171877 0.11438 0.114132 0.119632 
0.306591 0.15293 0.20206 0.177963 0.257138 0.235337 -6.8902e-07 -1.06914e-07 -2.69062e-07 -1.82318e-07 -4.9284e-07 -3.55764e-07 0.0384099 0.0384835 0.0440941 
0.382514 0.33107 0.197688 0.269196 0.300821 0.357956 -1.31508e-06 6.13275e-08 -5.54632e-07 -6.80519e-07 -9.89935e-07 -7.77579e-07 0.0444051 0.0510937 0.0444414 
0.499971 0.467022 0.461349 0.464244 0.490197 0.491624 7.38402e-05 6.13928e-05 0.000122284 8.77819e-05 0.000100884 7.0262e-05 0.0676432 0.0674753 0.0731174 
0.49997 0.466555 0.460717 0.463693 0.489886 0.491366 0.000671475 0.000585423 0.000651815 0.00063696 0.000709772 0.000649195 0.0911734 0.0909791 0.0966048 
0.499971 0.468672 0.46152 0.465188 0.490285 0.49208 -1.68875e-06 -1.56307e-06 5.47931e-07 -8.28566e-07 -8.01965e-07 -1.65782e-06 0.044115 0.0436688 0.0495804 
0.383122 0.331547 0.197907 0.269557 0.301307 0.358507 4.13561e-05 7.00915e-05 9.29167e-06 2.91463e-05 2.38464e-05 5.56942e-05 0.0680101 0.0747301 0.0681412 
9.87595e-35 0.272701 0.215479 0.244892 0.115283 0.149617 -2.92621e-35 -5.64343e-08 -6.38924e-08 -6.0386e-08 -2.02386e-08 -2.10052e-08 0.00592557 0.00697899 0.011749 
0.49997 0.495035 0.465315 0.496622 0.491517 0.49866 0.000405507 0.000530464 0.000422756 0.000508228 0.000432186 0.000468842 0.0833679 0.0872659 0.0858655 
0.447013 0.357867 0.453604 0.412267 0.450364 0.407831 -1.16794e-06 -7.7056e-07 -1.61322e-06 -1.20005e-06 -1.40245e-06 -9.91353e-07 0.0320059 0.0336191 0.0378259 
0.306591 0.453604 0.357867 0.412267 0.333214 0.392689 -6.8902e-07 -1.61322e-06 -7.7056e-07 -1.20005e-06 -7.55783e-07 -1.18613e-06 0.0384099 0.0378259 0.0336191 
0.390371 0.443053 0.295434 0.380658 0.346575 0.41885 -1.44161e-07 -3.81319e-07 -1.82867e-07 -2.86484e-07 -1.6796e-07 -2.37479e-07 0.0108531 0.0178635 0.0170248 
0.384274 0.304331 0.201676 0.255673 0.303609 0.346931 0.000411895 0.00031447 0.000117141 0.000216049 0.000260875 0.000385624 0.0916939 0.0982018 0.0919192 
0.433414 0.498985 0.487195 0.495012 0.464866 0.478325 -0.0333828 -0.0240823 -0.0474366 -0.034478 -0.0410137 -0.0301961 0.127382 0.122823 0.128359 
9.87594e-35 9.87595e-35 0.215479 0.115283 0.115283 1.97519e-34 -8.77863e-35 -5.85242e-35 -6.38924e-08 -2.86486e-08 -3.76341e-08 -1.4631e-34 0.0177767 0.0118511 0.011749 
0.189533 0.127732 0.282062 0.201201 0.23946 0.159503 -0.144828 -0.0456707 -0.122481 -0.0835822 -0.138184 -0.0899021 0.13717 0.138308 0.138371 
0.308709 0.201676 0.151282 0.176945 0.235863 0.25817 0.000184534 0.000117141 4.22741e-05 7.29682e-05 0.000104681 0.000160338 0.0860554 0.0919192 0.0859265 
0.444528 0.4917 0.439102 0.471484 0.441882 0.47334 0.000271924 0.000276886 -0.000487974 -8.44281e-05 -4.16827e-05 0.000276319 0.103129 0.102908 0.107206 
0.355524 0.295434 0.443053 0.380658 0.404293 0.326782 -4.57726e-07 -1.82867e-07 -3.81319e-07 -2.86484e-07 -4.35776e-07 -2.97973e-07 0.0231946 0.0170248 0.0178635 
0.40293 0.407715 0.282062 0.338791 0.347899 0.404562 -0.117823 -0.2235 -0.122481 -0.173378 -0.124314 -0.166385 0.137054 0.143022 0.138371 
0.443106 0.493623 0.464648 0.482065 0.454514 0.474668 6.96174e-06 9.37515e-06 2.74715e-05 1.72341e-05 1.48233e-05 8.4521e-06 0.0559536 0.0558417 0.062241 
0.443552 0.465315 0.362118 0.422274 0.407311 0.455083 0.000221168 0.000422756 0.00016593 0.00028401 0.000198344 0.000310943 0.079497 0.0858655 0.0810188 
0.499971 0.464648 0.493623 0.482065 0.498431 0.491251 2.2076e-05 2.74715e-05 9.37515e-06 1.72341e-05 1.48733e-05 2.60012e-05 0.0598338 0.062241 0.0558417 
0.305086 0.342806 0.459574 0.41074 0.396786 0.324453 -1.01356e-06 -9.27025e-07 -1.874e-06 -1.44769e-06 -1.50556e-06 -1.00046e-06 0.0388639 0.0332706 0.0389601 
0.286969 0.339648 0.421159 0.385426 0.360226 0.314934 -0.029421 -0.0214993 -0.0618668 -0.0386893 -0.046289 -0.0255052 0.132503 0.12813 0.132149 
0.998767 0.976806 0.757965 0.910623 0.931169 0.993684 -0.0315791 -0.0911435 -0.048237 -0.075312 -0.0487726 -0.0566125 0.280892 0.241967 0.235102 
0.306326 0.359624 0.46152 0.418541 0.398802 0.334046 -2.7628e-08 2.86678e-06 5.47931e-07 1.84793e-06 2.24111e-07 9.18449e-07 0.0497683 0.0546351 0.0495804 
0.440896 0.459574 0.342806 0.41074 0.397733 0.450677 -1.38302e-06 -1.874e-06 -9.27025e-07 -1.44769e-06 -1.17625e-06 -1.65111e-06 0.0329468 0.0389601 0.0332706 
0.308709 0.362118 0.465315 0.422274 0.402801 0.336503 0.000184534 0.00016593 0.000422756 0.00028401 0.000315373 0.000179741 0.0860554 0.0810188 0.0858655 
0.306035 0.359361 0.461349 0.418313 0.398555 0.333776 5.01613e-05 0.00012314 0.000122284 0.000130155 8.87309e-05 8.08371e-05 0.0733079 0.0781636 0.0731174 
0.305093 0.358273 0.460717 0.417407 0.397666 0.332723 0.000325696 0.000344782 0.000651815 0.000523224 0.000511441 0.000372083 0.096763 0.101575 0.0966048 
0.404389 0.380014 0.273373 0.330897 0.345841 0.392547 -9.17466e-08 -3.93865e-08 -1.20505e-08 -2.55817e-08 -4.0341e-08 -5.58669e-08 0.0109409 0.00412641 0.00695195 
0.442735 0.46152 0.359624 0.418541 0.405762 0.452593 7.02963e-06 5.47931e-07 2.86678e-06 1.84793e-06 4.71687e-06 3.01129e-06 0.0558796 0.0495804 0.0546351 
0.442525 0.461349 0.359361 0.418313 0.405519 0.452407 0.000218628 0.000122284 0.00012314 0.000130155 0.000170032 0.000166493 0.0794041 0.0731174 0.0781636 
0.441769 0.460717 0.358273 0.417407 0.404568 0.451681 0.000304585 0.000651815 0.000344782 0.000523224 0.000354155 0.000564494 0.102844 0.0966048 0.101575 
0.307464 0.197907 0.149366 0.174085 0.234295 0.255758 9.89067e-06 9.29167e-06 1.71857e-06 4.45208e-06 4.98593e-06 1.05891e-05 0.0623631 0.0681412 0.0622162 
0.390371 0.272701 0.380078 0.330645 0.385282 0.336841 -1.44161e-07 -5.64343e-08 -7.38843e-08 -6.73509e-08 -9.91107e-08 -9.38263e-08 0.0108531 0.00697899 0.00412507 
0.498985 0.416792 0.475766 0.450769 0.490966 0.473221 -0.0240823 -0.0152158 -0.0108769 -0.0132937 -0.0167613 -0.0209868 0.122823 0.122663 0.118371 
0.48967 0.407715 0.40293 0.404562 0.448148 0.458853 -0.155979 -0.2235 -0.117823 -0.166385 -0.140072 -0.191935 0.140125 0.143022 0.137054 
1.87793e-35 5.05475e-35 0.127732 0.0720643 0.0501162 7.09973e-35 -7.0233e-34 -7.03731e-34 -0.0456707 -0.0125427 -0.0129392 -1.40872e-33 0.141885 0.142156 0.138308 
0.404389 0.466804 0.380014 0.430152 0.392547 0.439632 -9.17466e-08 -8.19175e-08 -3.93865e-08 -6.01709e-08 -5.58669e-08 -8.92818e-08 0.0109409 0.00544851 0.00412641 
0.390371 0.380078 0.462946 0.427428 0.431464 0.385282 -1.44161e-07 -7.38843e-08 -1.07727e-07 -9.13017e-08 -1.26553e-07 -9.91107e-08 0.0108531 0.00412507 0.00577586 
0.443106 0.464648 0.361329 0.421488 0.406699 0.454514 6.96174e-06 2.74715e-05 5.47184e-06 1.38258e-05 6.43739e-06 1.48233e-05 0.0559536 0.062241 0.0573849 
0.499971 0.469747 0.464648 0.467245 0.491255 0.492522 7.38402e-05 6.83354e-05 2.74715e-05 4.43535e-05 4.82926e-05 7.36171e-05 0.0676432 0.0681812 0.062241 
0.307464 0.361329 0.464648 0.421488 0.401783 0.335499 9.89067e-06 5.47184e-06 2.74715e-05 1.38258e-05 1.92363e-05 7.72577e-06 0.0623631 0.0573849 0.062241 
0.270823 0.282062 0.127732 0.201201 0.200012 0.279762 -0.057895 -0.122481 -0.0456707 -0.0835822 -0.0560699 -0.0874837 0.136235 0.138371 0.138308 
0.433414 0.421159 0.339648 0.385426 0.391041 0.42861 -0.0333828 -0.0618668 -0.0214993 -0.0386893 -0.0279966 -0.04596 0.127382 0.132149 0.12813 
9.87595e-35 9.87595e-35 0.215479 0.115283 0.115283 1.97519e-34 -5.85242e-35 -2.92621e-35 -6.38924e-08 -2.02386e-08 -2.86486e-08 -8.77863e-35 0.0118511 0.00592557 0.011749 
0.499971 0.467622 0.459574 0.463709 0.489947 0.491951 -1.68875e-06 -1.58782e-06 -1.874e-06 -1.89435e-06 -2.00046e-06 -1.66914e-06 0.044115 0.0444393 0.0389601 
0.308392 0.366287 0.458201 0.419099 0.396833 0.337497 -0.00503907 -0.0142687 -0.0144592 -0.0151728 -0.00964602 -0.00872492 0.119632 0.124325 0.120699 
3.94761e-34 3.93082e-34 0.851385 0.519896 0.520652 7.87393e-34 1.7453e-33 1.97769e-33 0.00138979 0.0004409 0.000513894 3.7231e-33 0.355967 0.403422 0.369728 
0.455216 0.458201 0.366287 0.419099 0.416198 0.455877 -0.0290347 -0.0144592 -0.0142687 -0.0151728 -0.0211948 -0.0208062 0.126336 0.120699 0.124325 
0.304331 0.453833 0.353268 0.410658 0.329702 0.392056 0.00031447 0.000612744 0.000282826 0.000459342 0.000335281 0.000481543 0.0982018 0.0980409 0.10265 
0.270823 0.154823 0.286969 0.223049 0.281977 0.219411 -0.057895 -0.0112162 -0.029421 -0.0204533 -0.041962 -0.0299168 0.136235 0.135013 0.132503 
0.328974 0.145106 0.196946 0.171276 0.2676 0.245234 -0.000214239 -1.52198e-05 -0.000606601 -0.000206537 -0.000514919 -7.84118e-05 0.10776 0.108476 0.114132 
0.330002 0.145894 0.196809 0.171869 0.268166 0.246289 0.000187139 3.82739e-05 0.000109053 6.6234e-05 0.000160117 0.000105425 0.0844548 0.0852852 0.0911432 
0.330434 0.146121 0.19736 0.172244 0.268682 0.24666 9.5061e-06 1.86122e-06 8.99796e-06 4.39851e-06 1.05212e-05 5.16149e-06 0.0609378 0.0617633 0.0676459 
0.305093 0.196809 0.145456 0.171624 0.231175 0.253958 0.000325696 0.000109053 8.05996e-05 9.69645e-05 0.000194557 0.000210785 0.096763 0.0911432 0.0969822 
0.306035 0.19736 0.146045 0.172205 0.23201 0.254716 5.01613e-05 8.99796e-06 1.07759e-05 9.84765e-06 2.77336e-05 2.31169e-05 0.0733079 0.0676459 0.0735293 
0.306326 0.20206 0.146123 0.174693 0.232216 0.25699 -2.7628e-08 -2.69062e-07 1.16279e-08 -1.37217e-07 -3.84734e-08 -3.58418e-07 0.0497683 0.0440941 0.0499977 
0.734669 0.998767 0.757965 0.931169 0.757602 0.927693 -0.00746064 -0.0315791 -0.048237 -0.0487726 -0.0220786 -0.0174175 0.289033 0.280892 0.235102 
0.441769 0.461258 0.49338 0.480603 0.473966 0.451904 0.000304585 -0.00129696 0.000267291 -0.000358094 0.000282587 -0.000241949 0.102844 0.108865 0.102903 
0.442525 0.460832 0.493631 0.480728 0.47448 0.452126 0.000218628 0.000401595 0.000277028 0.000343829 0.000254495 0.000301398 0.0794041 0.085383 0.0794063 
0.499795 0.49338 0.461258 0.480603 0.491672 0.49886 -0.000856405 0.000267291 -0.00129696 -0.000358094 -0.00116516 -0.000171061 0.107149 0.102903 0.108865 
0.442735 0.461209 0.493708 0.480925 0.474629 0.452422 7.02963e-06 2.55545e-05 9.56925e-06 1.67259e-05 8.59109e-06 1.42214e-05 0.0558796 0.0618638 0.0558794 
0.49997 0.493631 0.460832 0.480728 0.489964 0.4983 0.000405507 0.000277028 0.000401595 0.000343829 0.000420996 0.000339861 0.0833679 0.0794063 0.085383 
0.499971 0.493708 0.461209 0.480925 0.490166 0.498359 2.2076e-05 9.56925e-06 2.55545e-05 1.67259e-05 2.50328e-05 1.49925e-05 0.0598338 0.0558794 0.0618638 
0.441769 0.49338 0.460717 0.480436 0.451681 0.473966 0.000304585 0.000267291 0.000651815 0.000598543 0.000564494 0.000282587 0.102844 0.102903 0.0966048 
0.442525 0.493631 0.461349 0.480911 0.452407 0.47448 0.000218628 0.000277028 0.000122284 0.000190989 0.000166493 0.000254495 0.0794041 0.0794063 0.0731174 
0.442735 0.493708 0.46152 0.481033 0.452593 0.474629 7.02963e-06 9.56925e-06 5.47931e-07 3.71851e-06 3.01129e-06 8.59109e-06 0.0558796 0.0558794 0.0495804 
0.49998 0.460717 0.49338 0.480436 0.49825 0.489974 0.000662452 0.000651815 0.000267291 0.000598543 0.000512363 0.000695081 0.0990018 0.0966048 0.102903 
0.499973 0.461349 0.493631 0.480911 0.498385 0.490309 0.000190338 0.000122284 0.000277028 0.000190989 0.000232613 0.000160547 0.0754757 0.0731174 0.0794063 
0.499971 0.46152 0.493708 0.481033 0.498421 0.490397 3.1617e-06 5.47931e-07 9.56925e-06 3.71851e-06 5.98814e-06 1.75949e-06 0.0519494 0.0495804 0.0558794 
0.0276085 0.0834238 0.0343136 0.0636095 0.0328963 0.0519478 -0.031516 -0.0657065 -0.0618581 -0.0707301 -0.0466418 -0.0489715 0.133466 0.136077 0.131793 
9.80333e-35 0.214826 0.273373 0.244939 0.150034 0.114903 2.88333e-35 1.97556e-10 -1.20505e-08 -6.62845e-09 4.18464e-09 9.42928e-09 0.00588198 0.0113197 0.00695195 
3.75936e-34 4.1245e-34 0.808493 0.479271 0.468447 6.80594e-34 -1.49448e-33 -1.42443e-33 -0.00588006 0.0102498 0.00710979 -2.86719e-33 0.313899 0.298668 0.289454 
0.49997 0.471353 0.465315 0.4684 0.491561 0.493051 0.000671475 0.000619201 0.000422756 0.000527883 0.000564612 0.000662272 0.0911734 0.0920133 0.0858655 
0.427458 0.484527 0.339938 0.428264 0.382328 0.461847 -0.054057 -0.0585392 -0.020649 -0.0387489 -0.0341748 -0.0590363 0.136613 0.132203 0.129468 
0.455216 0.339938 0.484527 0.428264 0.469176 0.407555 -0.0290347 -0.020649 -0.0585392 -0.0387489 -0.0416835 -0.0266874 0.126336 0.129468 0.132203 
0.987889 0.851385 0.847067 0.849212 0.980377 0.981145 0.00150169 0.00138979 0.000615388 0.00103994 0.00120258 0.00177484 0.395815 0.369728 0.426253 
0.361846 0.3938 0.475766 0.442485 0.43033 0.378642 -0.00580493 -0.0025075 -0.0108769 -0.00576364 -0.00864563 -0.00395952 0.118913 0.113415 0.118371 
0.442735 0.359624 0.330434 0.345375 0.394024 0.405762 7.02963e-06 2.86678e-06 9.5061e-06 5.73798e-06 9.07016e-06 4.71687e-06 0.0558796 0.0546351 0.0609378 
0.442525 0.359361 0.330002 0.345038 0.393704 0.405519 0.000218628 0.00012314 0.000187139 0.000154707 0.000217085 0.000170032 0.0794041 0.0781636 0.0844548 
0.441769 0.358273 0.328974 0.34389 0.392766 0.404568 0.000304585 0.000344782 -0.000214239 0.000125847 1.61351e-05 0.000354155 0.102844 0.101575 0.10776 
0.444528 0.353268 0.453833 0.410658 0.44931 0.40435 0.000271924 0.000282826 0.000612744 0.000459342 0.000508777 0.000294267 0.103129 0.10265 0.0980409 
0.305086 0.197688 0.1443 0.171536 0.230693 0.254322 -1.01356e-06 -5.54632e-07 -3.03947e-07 -4.25671e-07 -6.46026e-07 -8.15984e-07 0.0388639 0.0444414 0.0385161 
0.447013 0.314693 0.357867 0.336995 0.407831 0.390885 -1.16794e-06 -3.6903e-07 -7.7056e-07 -5.55303e-07 -9.91353e-07 -7.47588e-07 0.0320059 0.028575 0.0336191 
0.499625 0.443053 0.487415 0.469236 0.495705 0.48344 -5.09443e-07 -3.81319e-07 -2.42175e-07 -3.13178e-07 -3.56538e-07 -4.64278e-07 0.0192405 0.0178635 0.0127418 
0.499625 0.487415 0.488234 0.499967 0.497955 0.495705 -5.09443e-07 -2.42175e-07 -2.55029e-07 -2.60729e-07 -3.71302e-07 -3.56538e-07 0.0192405 0.0127418 0.0142699 
0.308392 0.196946 0.144969 0.171322 0.232763 0.254712 -0.00503907 -0.000606601 -0.000983311 -0.000795283 -0.0026994 -0.00198296 0.119632 0.114132 0.119566 
0.33107 0.147127 0.197688 0.172896 0.269196 0.247473 6.13275e-08 -2.54007e-07 -5.54632e-07 -4.31332e-07 -6.80519e-07 -2.9162e-07 0.0510937 0.0504146 0.0444414 
0.802398 0.915876 0.836591 0.927512 0.836387 0.885194 -0.284811 -0.16616 -0.152925 -0.172752 -0.235331 -0.226694 0.188347 0.212648 0.23822 
3.93082e-34 3.92346e-34 0.847067 0.51607 0.516454 7.85055e-34 1.97769e-33 2.20843e-33 0.000615388 0.000177337 0.000265021 4.18616e-33 0.403422 0.450511 0.426253 
9.57317e-35 0.193532 0.284866 0.242501 0.158198 0.102012 -6.22637e-34 -0.00175022 -0.00849645 -0.00421015 -0.0023923 -0.000672509 0.126074 0.120814 0.124903 
0.356796 0.192688 0.314693 0.257528 0.336422 0.282481 -2.52478e-07 -4.10291e-08 -3.6903e-07 -1.65507e-07 -3.11189e-07 -1.41815e-07 0.0221111 0.0249283 0.028575 
0.519391 0.48967 0.525901 0.517533 0.531578 0.501966 -0.213314 -0.155979 -0.123297 -0.142818 -0.166923 -0.184077 0.14524 0.140125 0.139258 
0.443106 0.361329 0.33107 0.346572 0.394527 0.406699 6.96174e-06 5.47184e-06 6.13275e-08 1.85935e-06 2.32416e-06 6.43739e-06 0.0559536 0.0573849 0.0510937 
0.572261 0.519391 0.525901 0.531578 0.544638 0.555223 -0.182438 -0.213314 -0.123297 -0.166923 -0.152568 -0.203049 0.148219 0.14524 0.139258 
0.499795 0.496569 0.480247 0.498297 0.494041 0.4995 -0.000856405 -0.0029305 -0.00308206 -0.00318906 -0.00185499 -0.00174516 0.107149 0.111003 0.11175 
0.499996 0.480247 0.496569 0.498297 0.499322 0.494598 -0.00667568 -0.00308206 -0.0029305 -0.00318906 -0.00456517 -0.00474609 0.114769 0.11175 0.111003 
0.189533 0.0834238 0.127732 0.108742 0.159503 0.130192 -0.144828 -0.0657065 -0.0456707 -0.0585016 -0.0899021 -0.102728 0.13717 0.136077 0.138308 
3.82773e-34 3.95256e-34 0.734669 0.429967 0.423337 7.85209e-34 1.261e-33 1.50645e-33 -0.00746064 -0.00190247 -0.00421244 2.76561e-33 0.257473 0.307388 0.289033 
0.331547 0.146357 0.197907 0.172639 0.269557 0.247438 7.00915e-05 1.12778e-05 9.29167e-06 1.01485e-05 2.91463e-05 3.55072e-05 0.0747301 0.0741089 0.0681412 
0.443552 0.362118 0.331547 0.347203 0.395011 0.407311 0.000221168 0.00016593 7.00915e-05 0.000110197 0.000135108 0.000198344 0.079497 0.0810188 0.0747301 
0.499971 0.493623 0.461644 0.481003 0.490351 0.498369 3.1617e-06 9.37515e-06 6.4416e-07 3.83613e-06 1.86554e-06 5.89812e-06 0.0519494 0.0558417 0.0500219 
0.443106 0.461644 0.493623 0.481003 0.474668 0.45283 6.96174e-06 6.4416e-07 9.37515e-06 3.83613e-06 8.4521e-06 3.15929e-06 0.0559536 0.0500219 0.0558417 
0.304331 0.141502 0.201676 0.172296 0.255673 0.229056 0.00031447 7.58108e-05 0.000117141 9.78877e-05 0.000216049 0.000188434 0.0982018 0.0978522 0.0919192 
0.355524 0.289178 0.187088 0.240645 0.279343 0.323914 -4.57726e-07 -5.14113e-07 -1.92647e-07 -3.28918e-07 -3.43047e-07 -5.03348e-07 0.0231946 0.0290838 0.0254492 
0.688313 0.512556 0.790777 0.686061 0.738872 0.654412 -0.236493 -0.0768253 -0.221307 -0.147793 -0.234848 -0.157039 0.165749 0.167999 0.183981 
0.498819 0.491727 0.434145 0.469806 0.478874 0.496081 -1.12974e-06 -1.52762e-06 -9.88075e-07 -1.2773e-06 -1.11571e-06 -1.32928e-06 0.0274862 0.0317644 0.0284191 
0.404389 0.273373 0.214826 0.244939 0.322244 0.345841 -9.17466e-08 -1.20505e-08 1.97556e-10 -6.62845e-09 -4.06133e-08 -4.0341e-08 0.0109409 0.00695195 0.0113197 
0.489766 0.408139 0.466804 0.441127 0.47993 0.459156 -7.56301e-08 -4.55076e-08 -8.19175e-08 -5.82913e-08 -7.55236e-08 -6.21749e-08 -4.59471e-10 -1.66657e-09 0.00544851 
0.408139 0.489766 0.462946 0.478445 0.438601 0.459156 -7.02261e-08 -8.49292e-08 -1.07727e-07 -9.03315e-08 -8.27052e-08 -8.08787e-08 2.75986e-09 1.26816e-09 0.00577586 
0.499973 0.493741 0.461998 0.481224 0.490488 0.498418 0.000190338 0.000275824 0.000129383 0.000195325 0.000164818 0.000231912 0.0754757 0.0793632 0.0735971 
0.443552 0.461998 0.493741 0.481224 0.474936 0.453225 0.000221168 0.000129383 0.000275824 0.000195325 0.000255181 0.000172019 0.079497 0.0735971 0.0793632 
0.499625 0.488234 0.472694 0.481271 0.494598 0.497955 -5.09443e-07 -2.55029e-07 -5.16434e-07 -3.67352e-07 -5.3355e-07 -3.71302e-07 0.0192405 0.0142699 0.0211406 
9.80333e-35 9.80333e-35 0.214826 0.114903 0.114903 1.96067e-34 2.88333e-35 5.76666e-35 1.97556e-10 1.34305e-08 9.42928e-09 8.64998e-35 0.00588198 0.011764 0.0113197 
3.82773e-34 0.734669 0.757965 0.757602 0.465494 0.423337 1.261e-33 -0.00746064 -0.048237 -0.0220786 -0.0109597 -0.00421244 0.257473 0.289033 0.235102 
0.270823 0.127732 0.125939 0.132869 0.199014 0.200012 -0.057895 -0.0456707 -0.0160357 -0.0287923 -0.0355397 -0.0560699 0.136235 0.138308 0.138186 
5.05475e-35 0.125939 0.127732 0.132869 0.0720643 0.0596055 -7.03731e-34 -0.0160357 -0.0456707 -0.0287923 -0.0125427 -0.00507453 0.142156 0.138186 0.138308 
0.390371 0.295434 0.215479 0.257102 0.313158 0.346575 -1.44161e-07 -1.82867e-07 -6.38924e-08 -1.09649e-07 -1.0786e-07 -1.6796e-07 0.0108531 0.0170248 0.011749 
0.498819 0.434145 0.47784 0.458898 0.491626 0.478874 -1.12974e-06 -9.88075e-07 -7.66379e-07 -8.91786e-07 -9.46547e-07 -1.11571e-06 0.0274862 0.0284191 0.0237165 
0.998767 0.836591 0.976806 0.948661 0.993684 0.955148 -0.0315791 -0.152925 -0.0911435 -0.119592 -0.0566125 -0.0678527 0.280892 0.23822 0.241967 
0.390371 0.215479 0.272701 0.244892 0.336841 0.313158 -1.44161e-07 -6.38924e-08 -5.64343e-08 -6.0386e-08 -9.38263e-08 -1.0786e-07 0.0108531 0.011749 0.00697899 
0.49998 0.4917 0.453833 0.476619 0.488655 0.498004 0.000662452 0.000276886 0.000612744 0.000544142 0.000666244 0.000514989 0.0990018 0.102908 0.0980409 
0.444528 0.453833 0.4917 0.476619 0.47334 0.44931 0.000271924 0.000612744 0.000276886 0.000544142 0.000276319 0.000508777 0.103129 0.0980409 0.102908 
0.404389 0.214826 0.293837 0.25593 0.354359 0.322244 -9.17466e-08 1.97556e-10 -6.30801e-08 -2.15618e-08 -8.37855e-08 -4.06133e-08 0.0109409 0.0113197 0.0166728 
0.488234 0.427538 0.472694 0.452819 0.481271 0.46435 -2.55029e-07 -2.35217e-07 -5.16434e-07 -3.5943e-07 -3.67352e-07 -2.56276e-07 0.0142699 0.0170266 0.0211406 
9.80338e-35 0.2021 0.314693 0.261722 0.17648 0.107555 1.44167e-34 -1.71911e-07 -3.6903e-07 -2.84343e-07 -7.47875e-08 -1.64457e-08 0.02941 0.0334477 0.028575 
9.80333e-35 0.273373 0.180913 0.229116 0.0955143 0.150034 2.88333e-35 -1.20505e-08 -3.38689e-09 -4.99143e-09 1.65415e-09 4.18464e-09 0.00588198 0.00695195 0.0036597 
9.80338e-35 0.314693 0.192688 0.257528 0.102177 0.17648 1.44167e-34 -3.6903e-07 -4.10291e-08 -1.65507e-07 -1.34985e-09 -7.47875e-08 0.02941 0.028575 0.0249283 
1.87793e-35 0.127732 0.0322681 0.0737299 0.0179116 0.0501162 -7.0233e-34 -0.0456707 -0.0186135 -0.0325875 -0.0055542 -0.0129392 0.141885 0.138308 0.13708 
9.87594e-35 0.295434 0.20464 0.252116 0.109015 0.163952 -8.77863e-35 -1.82867e-07 -1.65643e-07 -1.82037e-07 -5.52661e-08 -7.71527e-08 0.0177767 0.0170248 0.0216374 
0.688313 0.601702 0.512556 0.585369 0.654412 0.64646 -0.236493 -0.165984 -0.0768253 -0.128281 -0.157039 -0.20129 0.165749 0.155918 0.167999 
0.404389 0.293837 0.427538 0.369233 0.416364 0.354359 -9.17466e-08 -6.30801e-08 -2.35217e-07 -1.44963e-07 -1.47342e-07 -8.37855e-08 0.0109409 0.0166728 0.0170266 
3.75936e-34 0.808493 0.682697 0.74958 0.388865 0.468447 -1.49448e-33 -0.00588006 -0.000197552 -0.00122576 -0.0015967 0.00710979 0.313899 0.289454 0.327335 
0.75 1 0.937515 0.984378 0.859381 0.9375 1.37468e-39 1.10653e-38 6.72277e-05 2.68436e-05 1.58165e-05 2.20189e-38 0.544606 0.544603 0.504208 
1.06634e-34 0.23598 0.339938 0.292798 0.190596 0.119577 6.22373e-34 -0.0130686 -0.020649 -0.017633 -0.00582629 -0.00285562 0.127019 0.133309 0.129468 
0.808493 0.836591 0.998767 0.955148 0.955228 0.81933 -0.00588006 -0.152925 -0.0315791 -0.0678527 -0.0261319 -0.0406995 0.289454 0.23822 0.280892 
0.356796 0.427538 0.293837 0.369233 0.326747 0.395151 -2.52478e-07 -2.35217e-07 -6.30801e-08 -1.44963e-07 -1.33435e-07 -2.54756e-07 0.0221111 0.0170266 0.0166728 
0.361846 0.284866 0.193532 0.242501 0.285808 0.32569 -0.00580493 -0.00849645 -0.00175022 -0.00421015 -0.00380594 -0.00736061 0.118913 0.124903 0.120814 
9.87595e-35 0.169596 0.272701 0.223552 0.149617 0.089174 -2.92621e-35 -1.98647e-08 -5.64343e-08 -3.60028e-08 -2.10052e-08 -7.36093e-09 0.00592557 0.00381621 0.00697899 
3.92346e-34 0.707272 0.847067 0.782677 0.51607 0.406335 2.20843e-33 0.000104818 0.000615388 0.000277557 0.000177337 5.83336e-05 0.450511 0.476486 0.426253 
1.97602e-34 2.69926e-34 0.512556 0.320981 0.277785 4.58761e-34 7.38685e-34 8.41046e-34 -0.0768253 -0.0226466 -0.0209304 1.57308e-33 0.15129 0.172175 0.167999 
0.361846 0.416792 0.284866 0.357963 0.32569 0.391662 -0.00580493 -0.0152158 -0.00849645 -0.0123647 -0.00736061 -0.00971398 0.118913 0.122663 0.124903 
0.976806 0.836591 0.915876 0.927512 0.95185 0.948661 -0.0911435 -0.152925 -0.16616 -0.172752 -0.127874 -0.119592 0.241967 0.23822 0.212648 
9.57317e-35 0.284866 0.195962 0.241971 0.108273 0.158198 -6.22637e-34 -0.00849645 -0.00777169 -0.00855896 -0.00157824 -0.0023923 0.126074 0.124903 0.130006 
0.741343 0.757965 0.915876 0.883059 0.847063 0.764207 -0.114729 -0.048237 -0.16616 -0.100646 -0.146431 -0.0819295 0.195553 0.235102 0.212648 
0.447013 0.495737 0.466248 0.484508 0.457171 0.478187 -1.16794e-06 -1.51695e-06 -8.68176e-07 -1.1922e-06 -1.02341e-06 -1.3813e-06 0.0320059 0.0320191 0.0267617 
0.498819 0.466248 0.495737 0.484508 0.499728 0.494367 -1.12974e-06 -8.68176e-07 -1.51695e-06 -1.1922e-06 -1.33592e-06 -1.05294e-06 0.0274862 0.0267617 0.0320191 
0.427458 0.339938 0.23598 0.292798 0.343271 0.382328 -0.054057 -0.020649 -0.0130686 -0.017633 -0.0307769 -0.0341748 0.136613 0.129468 0.133309 
0.455216 0.366287 0.339938 0.352696 0.407555 0.416198 -0.0290347 -0.0142687 -0.020649 -0.0175508 -0.0266874 -0.0211948 0.126336 0.124325 0.129468 
0.741343 0.790777 0.512556 0.686061 0.625751 0.789238 -0.114729 -0.221307 -0.0768253 -0.147793 -0.101069 -0.167082 0.195553 0.183981 0.167999 
3.80788e-34 3.79948e-34 0.771722 0.453835 0.454207 7.61336e-34 -2.15786e-33 -1.94003e-33 0.000454133 0.00014671 0.000122438 -4.09783e-33 0.45316 0.407403 0.431761 
1.06634e-34 0.339938 0.207928 0.275141 0.112511 0.190596 6.22373e-34 -0.020649 -0.00397097 -0.0099404 -0.00151647 -0.00582629 0.127019 0.129468 0.123833 
0.998542 0.937515 0.986591 0.995493 0.994075 0.98877 0.000304684 6.72277e-05 4.57934e-05 6.28538e-05 0.000133343 0.00016187 0.466572 0.504208 0.514683 
0.355524 0.187088 0.20464 0.195927 0.286756 0.279343 -4.57726e-07 -1.92647e-07 -1.65643e-07 -1.82111e-07 -3.03988e-07 -3.43047e-07 0.0231946 0.0254492 0.0216374 
0.998542 0.986591 0.749553 0.905062 0.927489 0.994075 0.000304684 4.57934e-05 3.82737e-05 4.81837e-05 0.000139354 0.000133343 0.466572 0.514683 0.502507 
0.499625 0.47784 0.443053 0.462463 0.48344 0.492971 -5.09443e-07 -7.66379e-07 -3.81319e-07 -5.50703e-07 -4.64278e-07 -6.40945e-07 0.0192405 0.0237165 0.0178635 
0.439102 0.309234 0.353268 0.332052 0.400929 0.383202 -0.000487974 -0.000269306 0.000282826 5.5534e-05 7.82879e-05 -0.000421499 0.107206 0.108849 0.10265 
0.502427 0.421159 0.487195 0.461115 0.495297 0.473363 -0.073458 -0.0618668 -0.0474366 -0.0560206 -0.0597798 -0.0718181 0.131972 0.132149 0.128359 
0.355524 0.443053 0.47784 0.462463 0.430057 0.404293 -4.57726e-07 -3.81319e-07 -7.66379e-07 -5.50703e-07 -6.35911e-07 -4.35776e-07 0.0231946 0.0178635 0.0237165 
0.353268 0.309234 0.206619 0.260808 0.286267 0.332052 0.000282826 -0.000269306 0.000116752 5.69367e-05 0.0001994 5.5534e-05 0.10265 0.108849 0.103865 
0.433414 0.487195 0.421159 0.461115 0.42861 0.464866 -0.0333828 -0.0474366 -0.0618668 -0.0560206 -0.04596 -0.0410137 0.127382 0.128359 0.132149 
9.87592e-35 0.289178 0.19628 0.244843 0.104224 0.159961 -1.4631e-34 -5.14113e-07 -3.79703e-07 -4.59091e-07 -1.23723e-07 -1.94527e-07 0.0296278 0.0290838 0.033913 
-3.92975e-34 0.0343136 0.113045 0.0585472 0.0327434 0.00591965 -7.81525e-35 -0.0618581 -0.167328 -0.108135 -0.102066 -0.0409578 0.0967088 0.131793 0.135512 
0.355524 0.434145 0.289178 0.371919 0.323914 0.398648 -4.57726e-07 -9.88075e-07 -5.14113e-07 -7.74978e-07 -5.03348e-07 -6.91165e-07 0.0231946 0.0284191 0.0290838 
4.1245e-34 0.836591 0.808493 0.81933 0.479271 0.536183 -1.42443e-33 -0.152925 -0.00588006 -0.0406995 0.0102498 -0.059227 0.298668 0.23822 0.289454 
9.93658e-35 0.141502 0.206619 0.174873 0.110176 0.0737308 -4.97967e-34 7.58108e-05 0.000116752 0.00010532 4.58338e-05 2.22927e-05 0.100842 0.0978522 0.103865 
2.69926e-34 0.401212 0.512556 0.481438 0.320981 0.205805 8.41046e-34 -0.0249341 -0.0768253 -0.0499174 -0.0226466 -0.00690239 0.172175 0.194605 0.167999 
0.741343 0.512556 0.401212 0.481438 0.602332 0.625751 -0.114729 -0.0768253 -0.0249341 -0.0499174 -0.0646396 -0.101069 0.195553 0.167999 0.194605 
0.998542 0.847067 0.707272 0.782677 0.936784 0.968858 0.000304684 0.000615388 0.000104818 0.000277557 0.000229999 0.000506232 0.466572 0.426253 0.476486 
9.86867e-35 9.95462e-35 0.225536 0.121654 0.121107 1.98801e-34 -5.90138e-34 -5.58598e-34 -0.000813602 -0.000151559 -0.000304476 -1.1488e-33 0.119508 0.113122 0.114893 
0.355524 0.20464 0.295434 0.252116 0.326782 0.286756 -4.57726e-07 -1.65643e-07 -1.82867e-07 -1.82037e-07 -2.97973e-07 -3.03988e-07 0.0231946 0.0216374 0.0170248 
0.356796 0.198942 0.192688 0.195823 0.282481 0.285117 -2.52478e-07 -1.92751e-08 -4.10291e-08 -2.63502e-08 -1.41815e-07 -1.11136e-07 0.0221111 0.0210177 0.0249283 
0.489766 0.466804 0.499969 0.491747 0.497457 0.47993 -7.56301e-08 -8.19175e-08 -9.47279e-08 -9.16494e-08 -8.30587e-08 -7.55236e-08 -4.59471e-10 0.00544851 0.00381157 
9.87592e-35 0.187088 0.289178 0.240645 0.159961 0.0989995 -1.4631e-34 -1.92647e-07 -5.14113e-07 -3.28918e-07 -1.94527e-07 -8.62133e-08 0.0296278 0.0254492 0.0290838 
0.489766 0.499969 0.462946 0.490641 0.478445 0.497381 -8.49292e-08 -9.47279e-08 -1.07727e-07 -1.03843e-07 -9.03315e-08 -8.75678e-08 1.26816e-09 0.00381157 0.00577586 
9.80334e-35 0.198942 0.293837 0.248629 0.162929 0.105745 8.64999e-35 -1.92751e-08 -6.30801e-08 -4.30654e-08 2.60678e-09 1.25029e-08 0.017646 0.0210177 0.0166728 
9.57317e-35 9.86867e-35 0.193532 0.103407 0.102012 1.9561e-34 -6.22637e-34 -5.90138e-34 -0.00175022 -0.000392237 -0.000672509 -1.21298e-33 0.126074 0.119508 0.120814 
-1.43465e-36 0.0322681 0.00201318 0.0128607 0.000214362 0.00635274 -6.73675e-34 -0.0186135 -0.00222347 -0.0107823 -0.000764001 -0.0040001 0.136448 0.13708 0.133892 
0.189533 0.282062 0.407715 0.338791 0.296081 0.23946 -0.144828 -0.122481 -0.2235 -0.173378 -0.196366 -0.138184 0.13717 0.138371 0.143022 
9.96085e-35 9.93658e-35 0.206619 0.110176 0.11027 1.98993e-34 -5.2798e-34 -4.97967e-34 0.000116752 4.58338e-05 2.92639e-05 -1.02591e-33 0.106919 0.100842 0.103865 
0.270823 0.125939 0.154823 0.14171 0.219411 0.199014 -0.057895 -0.0160357 -0.0112162 -0.013632 -0.0299168 -0.0355397 0.136235 0.138186 0.135013 
0.741343 0.401212 0.757965 0.589525 0.764207 0.602332 -0.114729 -0.0249341 -0.048237 -0.0396532 -0.0819295 -0.0646396 0.195553 0.194605 0.235102 
0.464181 0.512556 0.601702 0.585369 0.545591 0.487736 -0.0778796 -0.0768253 -0.165984 -0.128281 -0.11944 -0.0812452 0.150341 0.167999 0.155918 
3.43069e-34 0.836591 4.1245e-34 0.536183 1.0763e-33 0.550281 -8.11556e-34 -0.152925 -1.42443e-33 -0.059227 -2.40429e-33 -0.173905 0.161071 0.23822 0.298668 
0.304331 0.206619 0.141502 0.174873 0.229056 0.25798 0.00031447 0.000116752 7.58108e-05 0.00010532 0.000188434 0.000218706 0.0982018 0.103865 0.0978522 
0.49997 0.499969 0.466804 0.491747 0.491678 0.49997 -1.43051e-07 -9.47279e-08 -8.19175e-08 -9.16494e-08 -1.1104e-07 -1.13633e-07 0.00844827 0.00381157 0.00544851 
0.49997 0.462946 0.499969 0.490641 0.49997 0.490714 -1.43051e-07 -1.07727e-07 -9.47279e-08 -1.03843e-07 -1.13633e-07 -1.28267e-07 0.00844827 0.00577586 0.00381157 
3.78312e-34 3.75936e-34 0.682697 0.388865 0.388135 7.63148e-34 -1.725e-33 -1.49448e-33 -0.000197552 -0.0015967 -0.00169751 -3.23261e-33 0.362186 0.313899 0.327335 
8.85785e-35 0.195962 0.154823 0.176325 0.0868903 0.103818 -6.55576e-34 -0.00777169 -0.0112162 -0.00963452 -0.00230653 -0.00217387 0.132752 0.130006 0.135013 
1.00094 0.998767 0.734669 0.927693 0.935123 1.00028 -0.00171941 -0.0315791 -0.00746064 -0.0174175 -0.00556597 -0.0118272 0.327185 0.280892 0.289033 
3.78312e-34 0.682697 0.823029 0.756266 0.494865 0.388135 -1.725e-33 -0.000197552 0.00158709 0.00145458 0.000503091 -0.00169751 0.362186 0.327335 0.358303 
0.572261 0.525901 0.511646 0.530055 0.554179 0.544638 -0.182438 -0.123297 -0.105617 -0.121265 -0.143787 -0.152568 0.148219 0.139258 0.145078 
0.356796 0.293837 0.198942 0.248629 0.285117 0.326747 -2.52478e-07 -6.30801e-08 -1.92751e-08 -4.30654e-08 -1.11136e-07 -1.33435e-07 0.0221111 0.0166728 0.0210177 
0.404321 0.407715 0.577513 0.490249 0.516586 0.404794 -0.312908 -0.2235 -0.267262 -0.25639 -0.303768 -0.27132 0.149913 0.143022 0.153004 
0.976806 0.915876 0.757965 0.883059 0.910623 0.95185 -0.0911435 -0.16616 -0.048237 -0.100646 -0.075312 -0.127874 0.241967 0.212648 0.235102 
-3.92975e-34 -5.36279e-34 0.0343136 0.00625175 0.00591965 -9.49241e-34 -7.81525e-35 -2.34739e-36 -0.0618581 -0.0128132 -0.0409578 2.25855e-35 0.0967088 0.128829 0.131793 
1.00094 0.734669 0.667246 0.70421 0.918667 0.935123 -0.00171941 -0.00746064 -8.45903e-05 -0.00252853 -0.000660825 -0.00556597 0.327185 0.289033 0.329896 
1.00094 0.808493 0.998767 0.955228 1.00028 0.953712 -0.00171941 -0.00588006 -0.0315791 -0.0261319 -0.0118272 -0.00750024 0.327185 0.289454 0.280892 
0.244883 0.180913 0.380014 0.2924 0.318746 0.213792 -1.35904e-08 -3.38689e-09 -3.93865e-08 -1.65073e-08 -2.35775e-08 -9.07922e-09 -6.56313e-10 0.0036597 0.00412641 
0.244883 0.380078 0.169596 0.287893 0.208455 0.318785 -3.30752e-08 -7.38843e-08 -1.98647e-08 -4.93539e-08 -2.61953e-08 -5.20223e-08 3.96569e-09 0.00412507 0.00381621 
0.390371 0.487415 0.443053 0.469236 0.41885 0.450884 -1.44161e-07 -2.42175e-07 -3.81319e-07 -3.13178e-07 -2.37479e-07 -1.98497e-07 0.0108531 0.0127418 0.0178635 
3.95256e-34 0.667246 0.734669 0.70421 0.429967 0.378647 1.50645e-33 -8.45903e-05 -0.00746064 -0.00252853 -0.00190247 -0.000364076 0.307388 0.329896 0.289033 
0.384274 0.465315 0.471353 0.4684 0.435128 0.430732 0.000411895 0.000422756 0.000619201 0.000527883 0.000527732 0.000439479 0.0916939 0.0858655 0.0920133 
0.383122 0.464648 0.469747 0.467245 0.433489 0.429805 4.13561e-05 2.74715e-05 6.83354e-05 4.43535e-05 5.59033e-05 3.57578e-05 0.0680101 0.062241 0.0681812 
3.79948e-34 0.638039 0.771722 0.708634 0.453835 0.358643 -1.94003e-33 0.000800467 0.000454133 0.000600137 0.00014671 0.000172327 0.407403 0.390983 0.431761 
0.998542 0.749553 0.623384 0.689686 0.893755 0.927489 0.000304684 3.82737e-05 0.000115418 7.10336e-05 0.000232744 0.000139354 0.466572 0.502507 0.467806 
0.270823 0.421159 0.40293 0.414212 0.339361 0.353796 -0.057895 -0.0618668 -0.117823 -0.0870342 -0.0885502 -0.0642503 0.136235 0.132149 0.137054 
3.94761e-34 0.851385 0.667246 0.768695 0.378649 0.520652 1.7453e-33 0.00138979 -8.45903e-05 0.00100376 0.000257247 0.000513894 0.355967 0.369728 0.329896 
0.382955 0.46152 0.468672 0.465188 0.432633 0.427566 -1.06111e-06 5.47931e-07 -1.56307e-06 -8.28566e-07 -1.34539e-06 -7.61951e-07 0.0440196 0.0495804 0.0436688 
1.21142e-34 1.49045e-34 0.29934 0.168808 0.152606 2.61975e-34 6.48316e-34 6.80333e-34 -0.0273367 -0.0079707 -0.0060035 1.32944e-33 0.132326 0.138971 0.140709 
1.00094 0.682697 0.808493 0.74958 0.953712 0.921236 -0.00171941 -0.000197552 -0.00588006 -0.00122576 -0.00750024 -0.000117416 0.327185 0.327335 0.289454 
-1.43465e-36 1.87793e-35 0.0322681 0.0179116 0.00635274 9.78052e-36 -6.73675e-34 -7.0233e-34 -0.0186135 -0.0055542 -0.0040001 -1.37652e-33 0.136448 0.141885 0.13708 
9.87593e-35 9.87594e-35 0.20464 0.109015 0.109015 1.97519e-34 -1.17048e-34 -8.77863e-35 -1.65643e-07 -5.52661e-08 -7.08341e-08 -2.04835e-34 0.0237023 0.0177767 0.0216374 
0.75 0.749553 0.986591 0.905062 0.905208 0.749783 4.54598e-40 3.82737e-05 4.57934e-05 4.81837e-05 1.13847e-05 9.14996e-06 0.544597 0.502507 0.514683 
0.382277 0.475891 0.461258 0.468743 0.427022 0.437943 -0.00321128 -0.00585624 -0.00129696 -0.00304228 -0.00230574 -0.00465238 0.11438 0.114677 0.108865 
0.38154 0.460717 0.466555 0.463693 0.430548 0.426456 0.000400531 0.000651815 0.000585423 0.00063696 0.000504256 0.000552714 0.0911099 0.0966048 0.0909791 
0.382237 0.461349 0.467022 0.464244 0.431158 0.427171 3.93216e-05 0.000122284 6.13928e-05 8.77819e-05 5.15306e-05 7.30175e-05 0.0676142 0.0731174 0.0674753 
0.502427 0.484527 0.525901 0.508191 0.512185 0.505237 -0.073458 -0.0585392 -0.123297 -0.08675 -0.0977946 -0.0690141 0.131972 0.132203 0.139258 
0.382514 0.459574 0.467622 0.463709 0.431699 0.426066 -1.31508e-06 -1.874e-06 -1.58782e-06 -1.89435e-06 -1.47886e-06 -1.67912e-06 0.0444051 0.0389601 0.0444393 
0.289178 0.434145 0.342806 0.393367 0.316974 0.371919 -5.14113e-07 -9.88075e-07 -9.27025e-07 -9.95758e-07 -7.01732e-07 -7.74978e-07 0.0290838 0.0284191 0.0332706 
0.49997 0.488234 0.487415 0.499967 0.496831 0.497036 -1.43051e-07 -2.55029e-07 -2.42175e-07 -2.60729e-07 -1.88142e-07 -1.90432e-07 0.00844827 0.0142699 0.0127418 
0.502427 0.481403 0.421159 0.453134 0.473363 0.495302 -0.073458 -0.110739 -0.0618668 -0.0858451 -0.0718181 -0.0914461 0.131972 0.135918 0.132149 
0.49997 0.453604 0.495062 0.479609 0.498762 0.488437 -1.94008e-06 -1.61322e-06 -2.00163e-06 -1.86733e-06 -2.01613e-06 -1.86107e-06 0.0363031 0.0378259 0.0401999 
-2.7822e-34 -1.43465e-36 0.00201318 0.000214362 -0.001667 -7.79158e-36 -3.27797e-34 -6.73675e-34 -0.00222347 -0.000764001 0.000980924 -1.3264e-33 0.133052 0.136448 0.133892 
0.382955 0.468672 0.453604 0.461507 0.422296 0.432633 -1.06111e-06 -1.56307e-06 -1.61322e-06 -1.7445e-06 -1.44507e-06 -1.34539e-06 0.0440196 0.0436688 0.0378259 
0.404321 0.205189 0.113045 0.136539 0.243359 0.306945 -0.312908 -0.242094 -0.167328 -0.199669 -0.253868 -0.300805 0.149913 0.124244 0.135512 
-2.7822e-34 0.00201318 -5.4897e-34 0.000283166 -1.10964e-33 -0.001667 -3.27797e-34 -0.00222347 3.07416e-36 0.000698947 3.55946e-36 0.000980924 0.133052 0.133892 0.131845 
0.440896 0.342806 0.434145 0.393367 0.437566 0.397733 -1.38302e-06 -9.27025e-07 -9.88075e-07 -9.95758e-07 -1.18715e-06 -1.17625e-06 0.0329468 0.0332706 0.0284191 
0.464181 0.245035 0.512556 0.372698 0.487736 0.37006 -0.0778796 -0.0185832 -0.0768253 -0.041684 -0.0812452 -0.045124 0.150341 0.14843 0.167999 
0.502427 0.525901 0.481403 0.510052 0.495302 0.512185 -0.073458 -0.123297 -0.110739 -0.121676 -0.0914461 -0.0977946 0.131972 0.139258 0.135918 
0.404389 0.427538 0.488234 0.46435 0.456395 0.416364 -9.17466e-08 -2.35217e-07 -2.55029e-07 -2.56276e-07 -1.6738e-07 -1.47342e-07 0.0109409 0.0170266 0.0142699 
3.92346e-34 3.92168e-34 0.707272 0.406261 0.406335 7.84424e-34 2.20843e-33 2.43902e-33 0.000104818 2.34128e-05 5.83336e-05 4.64745e-33 0.450511 0.497561 0.476486 
0.382237 0.467022 0.461209 0.464177 0.427071 0.431158 3.93216e-05 6.13928e-05 2.55545e-05 4.05172e-05 3.36461e-05 5.15306e-05 0.0676142 0.0674753 0.0618638 
0.998542 0.996528 0.847067 0.972394 0.968858 0.997659 0.000304684 0.000810991 0.000615388 0.00079759 0.000506232 0.000519463 0.466572 0.43008 0.426253 
0.38154 0.466555 0.460832 0.463756 0.426528 0.430548 0.000400531 0.000585423 0.000401595 0.000496809 0.000422287 0.000504256 0.0911099 0.0909791 0.085383 
1.00094 0.667246 0.851385 0.768695 0.96403 0.918667 -0.00171941 -8.45903e-05 0.00138979 0.00100376 0.00131355 -0.000660825 0.327185 0.329896 0.369728 
0.499971 0.461209 0.495224 0.482311 0.498745 0.490166 2.2076e-05 2.55545e-05 4.11053e-05 3.32269e-05 3.0643e-05 2.50328e-05 0.0598338 0.0618638 0.0637386 
1.06634e-34 1.21142e-34 0.23598 0.127586 0.119577 2.2356e-34 6.22373e-34 6.48316e-34 -0.0130686 -0.00376377 -0.00285562 1.27104e-33 0.127019 0.132326 0.133309 
0.0276085 0.00201318 0.0322681 0.0128607 0.0316983 0.0104631 -0.031516 -0.00222347 -0.0186135 -0.0107823 -0.026173 -0.0121117 0.133466 0.133892 0.13708 
0.404321 0.262103 0.407715 0.342654 0.404794 0.323303 -0.312908 -0.228071 -0.2235 -0.236036 -0.27132 -0.273515 0.149913 0.138933 0.143022 
0.382277 0.458201 0.475891 0.467253 0.437943 0.42399 -0.00321128 -0.0144592 -0.00585624 -0.00957043 -0.00465238 -0.00734965 0.11438 0.120699 0.114677 
0.49997 0.460832 0.495035 0.481999 0.49866 0.489964 0.000405507 0.000401595 0.000530464 0.000471432 0.000468842 0.000420996 0.0833679 0.085383 0.0872659 
0.499795 0.461258 0.496569 0.483676 0.4995 0.491672 -0.000856405 -0.00129696 -0.0029305 -0.00206752 -0.00174516 -0.00116516 0.107149 0.108865 0.111003 
0.987889 0.847067 0.996528 0.972394 0.992842 0.980377 0.00150169 0.000615388 0.000810991 0.00079759 0.00113797 0.00120258 0.395815 0.426253 0.43008 
0.998542 0.623384 0.771722 0.702256 0.933452 0.893755 0.000304684 0.000115418 0.000454133 0.000241648 0.000441116 0.000232744 0.466572 0.467806 0.431761 
0.688313 0.577513 0.601702 0.620038 0.64646 0.640318 -0.236493 -0.267262 -0.165984 -0.22475 -0.20129 -0.261668 0.165749 0.153004 0.155918 
0.286969 0.154823 0.195962 0.176325 0.245837 0.223049 -0.029421 -0.0112162 -0.00777169 -0.00963452 -0.0165425 -0.0204533 0.132503 0.135013 0.130006 
-3.92975e-34 0.113045 0.205189 0.136539 0.0620732 0.0327434 -7.81525e-35 -0.167328 -0.242094 -0.199669 -0.117467 -0.102066 0.0967088 0.135512 0.124244 
0.498985 0.49654 0.458201 0.482652 0.493528 0.500062 -0.0240823 -0.0127048 -0.0144592 -0.0140153 -0.0201782 -0.0178475 0.122823 0.118594 0.120699 
1.97602e-34 0.512556 0.245035 0.372698 0.138502 0.277785 7.38685e-34 -0.0768253 -0.0185832 -0.041684 -0.00599461 -0.0209304 0.15129 0.167999 0.14843 
0.455216 0.484527 0.500857 0.495424 0.486681 0.469176 -0.0290347 -0.0585392 -0.0410173 -0.0507395 -0.0359906 -0.0416835 0.126336 0.132203 0.127089 
0.502427 0.500857 0.484527 0.495424 0.505237 0.503234 -0.073458 -0.0410173 -0.0585392 -0.0507395 -0.0690141 -0.055651 0.131972 0.127089 0.132203 
0.440896 0.434145 0.491727 0.469806 0.472107 0.437566 -1.38302e-06 -9.88075e-07 -1.52762e-06 -1.2773e-06 -1.49391e-06 -1.18715e-06 0.0329468 0.0284191 0.0317644 
9.86867e-35 0.225536 0.193532 0.209973 0.103407 0.121107 -5.90138e-34 -0.000813602 -0.00175022 -0.00123594 -0.000392237 -0.000304476 0.119508 0.114893 0.120814 
0.189533 0.407715 0.262103 0.342654 0.220972 0.296081 -0.144828 -0.2235 -0.228071 -0.236036 -0.184286 -0.196366 0.13717 0.143022 0.138933 
0.382514 0.467622 0.461644 0.464696 0.427477 0.431699 -1.31508e-06 -1.58782e-06 6.4416e-07 -7.87565e-07 -8.8791e-07 -1.47886e-06 0.0444051 0.0444393 0.0500219 
0.272701 0.169596 0.380078 0.287893 0.330645 0.223552 -5.64343e-08 -1.98647e-08 -7.38843e-08 -4.93539e-08 -6.73509e-08 -3.60028e-08 0.00697899 0.00381621 0.00412507 
0.273373 0.380014 0.180913 0.2924 0.229116 0.330897 -1.20505e-08 -3.93865e-08 -3.38689e-09 -1.65073e-08 -4.99143e-09 -2.55817e-08 0.00695195 0.00412641 0.0036597 
3.39044e-34 3.82773e-34 0.757965 0.465494 0.439283 7.43263e-34 1.01753e-33 1.261e-33 -0.048237 -0.0109597 -0.0155847 2.27614e-33 0.208039 0.257473 0.235102 
0.75 0.437497 0.749553 0.609101 0.749783 0.609373 4.54598e-40 -2.01147e-06 3.82737e-05 9.8983e-06 9.14996e-06 -1.56847e-08 0.544597 0.521736 0.502507 
0.408139 0.380014 0.466804 0.430152 0.441127 0.394545 -4.55076e-08 -3.93865e-08 -8.19175e-08 -6.01709e-08 -5.82913e-08 -4.22805e-08 -1.66657e-09 0.00412641 0.00544851 
0.408139 0.462946 0.380078 0.427428 0.394575 0.438601 -7.02261e-08 -1.07727e-07 -7.38843e-08 -9.13017e-08 -6.97796e-08 -8.27052e-08 2.75986e-09 0.00577586 0.00412507 
0.572261 0.601702 0.577513 0.620038 0.583208 0.590367 -0.182438 -0.165984 -0.267262 -0.22475 -0.224677 -0.179155 0.148219 0.155918 0.153004 
0.383122 0.469747 0.461998 0.46598 0.427953 0.433489 4.13561e-05 6.83354e-05 0.000129383 9.54542e-05 7.73627e-05 5.59033e-05 0.0680101 0.0681812 0.0735971 
0.998542 0.707272 0.937515 0.843572 0.98877 0.936784 0.000304684 0.000104818 6.72277e-05 9.31885e-05 0.00016187 0.000229999 0.466572 0.476486 0.504208 
9.80334e-35 9.80335e-35 0.198942 0.105745 0.105745 1.96067e-34 8.64999e-35 1.15333e-34 -1.92751e-08 1.83472e-08 1.25029e-08 2.01833e-34 0.017646 0.0235279 0.0210177 
0.499971 0.461644 0.495344 0.482574 0.498801 0.490351 3.1617e-06 6.4416e-07 -2.99887e-07 1.89543e-07 1.11987e-06 1.86554e-06 0.0519494 0.0500219 0.0480242 
0.987889 0.99856 0.851385 0.969726 0.981145 0.994551 0.00150169 0.00171835 0.00138979 0.00181637 0.00177484 0.00170948 0.395815 0.3629 0.369728 
0.384274 0.471353 0.453833 0.463119 0.422981 0.435128 0.000411895 0.000619201 0.000612744 0.000647677 0.00055113 0.000527732 0.0916939 0.0920133 0.0980409 
3.95256e-34 3.94761e-34 0.667246 0.378649 0.378647 7.91469e-34 1.50645e-33 1.7453e-33 -8.45903e-05 0.000257247 -0.000364076 3.25247e-33 0.307388 0.355967 0.329896 
0.408139 0.244883 0.380014 0.318746 0.394545 0.336714 -4.55076e-08 -1.35904e-08 -3.93865e-08 -2.35775e-08 -4.22805e-08 -2.87944e-08 -1.66657e-09 -6.56313e-10 0.00412641 
0.244883 0.408139 0.380078 0.394575 0.318785 0.336714 -3.30752e-08 -7.02261e-08 -7.38843e-08 -6.97796e-08 -5.20223e-08 -5.39035e-08 3.96569e-09 2.75986e-09 0.00412507 
0.427458 0.23598 0.29934 0.26495 0.374875 0.343271 -0.054057 -0.0130686 -0.0273367 -0.0193019 -0.0429741 -0.0307769 0.136613 0.133309 0.140709 
-9.38523e-34 0.586646 3.92168e-34 0.325199 7.84292e-34 0.325189 1.33482e-33 1.05536e-05 2.43902e-33 4.41192e-06 5.10866e-33 -1.00734e-07 0.544607 0.513801 0.497561 
3.92168e-34 0.586646 0.707272 0.649533 0.406261 0.325199 2.43902e-33 1.05536e-05 0.000104818 4.13789e-05 2.34128e-05 4.41192e-06 0.497561 0.513801 0.476486 
0.49997 0.466804 0.477878 0.472621 0.494447 0.491678 -1.43051e-07 -8.19175e-08 -1.39676e-07 -1.05505e-07 -1.43316e-07 -1.1104e-07 0.00844827 0.00544851 0.00994146 
0.404389 0.477878 0.466804 0.472621 0.439632 0.447576 -9.17466e-08 -1.39676e-07 -8.19175e-08 -1.05505e-07 -8.92818e-08 -1.22018e-07 0.0109409 0.00994146 0.00544851 
3.80939e-34 0.623384 0.749553 0.689686 0.437168 0.349048 -2.37557e-33 0.000115418 3.82737e-05 7.10336e-05 9.15197e-06 2.55284e-05 0.498868 0.467806 0.502507 
1 0.75 0.986591 0.905208 0.996649 0.9375 1.10653e-38 4.54598e-40 4.57934e-05 1.13847e-05 1.72936e-05 1.31152e-38 0.544603 0.544597 0.514683 
1.00094 0.851385 0.99856 0.969726 0.999731 0.96403 -0.00171941 0.00138979 0.00171835 0.00181637 0.000828716 0.00131355 0.327185 0.369728 0.3629 
9.88604e-35 9.88028e-35 0.199013 0.105767 0.105797 1.9765e-34 -4.09635e-34 -3.80371e-34 4.24377e-05 9.76184e-06 1.29738e-05 -7.90005e-34 0.0829514 0.0770252 0.0801652 
0.499973 0.461998 0.495416 0.482762 0.498837 0.490488 0.000190338 0.000129383 0.000119327 0.000127117 0.000152517 0.000164818 0.0754757 0.0735971 0.0715504 
9.8758e-35 9.87573e-35 0.198436 0.105455 0.105456 1.97515e-34 -2.92611e-34 -2.63354e-34 7.2856e-07 -1.20742e-08 1.9766e-07 -5.55965e-34 0.0592537 0.0533291 0.0564859 
0.987889 0.771722 0.638039 0.708634 0.873318 0.913523 0.00150169 0.000454133 0.000800467 0.000600137 0.00132255 0.00100766 0.395815 0.431761 0.390983 
9.80361e-35 9.80358e-35 0.19772 0.105047 0.105048 1.96072e-34 2.59505e-34 2.88343e-34 8.43375e-07 3.72779e-07 1.64096e-07 5.47847e-34 0.052939 0.0588219 0.055649 
9.79953e-35 9.79431e-35 0.197518 0.10492 0.104947 1.95951e-34 3.74869e-34 4.03705e-34 3.85341e-05 1.1873e-05 8.98026e-06 7.78575e-34 0.0764732 0.0823554 0.0791782 
9.74586e-35 9.72028e-35 0.196523 0.104252 0.104352 1.94663e-34 4.89722e-34 5.17888e-34 0.000132692 3.34913e-05 4.51444e-05 1.00764e-33 0.0999001 0.105646 0.102545 
7.45045e-35 8.85785e-35 0.154823 0.0868903 0.0796117 1.66493e-34 -6.85345e-34 -6.55576e-34 -0.0112162 -0.00230653 -0.00311403 -1.34022e-33 0.138708 0.132752 0.135013 
0.48967 0.519391 0.407715 0.471767 0.458853 0.501966 -0.155979 -0.213314 -0.2235 -0.224578 -0.191935 -0.184077 0.140125 0.14524 0.143022 
1.00153e-34 1.06634e-34 0.207928 0.112511 0.109421 2.04638e-34 5.97657e-34 6.22373e-34 -0.00397097 -0.00151647 -0.000920559 1.21966e-33 0.12192 0.127019 0.123833 
9.87589e-35 9.87592e-35 0.19628 0.104224 0.104224 1.97518e-34 -1.75572e-34 -1.4631e-34 -3.79703e-07 -1.23723e-07 -1.49254e-07 -3.21883e-34 0.0355534 0.0296278 0.033913 
0.356796 0.466248 0.472694 0.469557 0.426112 0.421004 -2.52478e-07 -8.68176e-07 -5.16434e-07 -6.81313e-07 -4.03453e-07 -5.27316e-07 0.0221111 0.0267617 0.0211406 
0.937515 0.707272 0.586646 0.649533 0.800684 0.843572 6.72277e-05 0.000104818 1.05536e-05 4.13789e-05 3.31045e-05 9.31885e-05 0.504208 0.476486 0.513801 
0.49998 0.453833 0.498672 0.484237 0.499689 0.488655 0.000662452 0.000612744 0.000742522 0.000701981 0.000727829 0.000666244 0.0990018 0.0980409 0.0953674 
1 0.986591 0.937515 0.995493 0.984378 0.996649 1.10653e-38 4.57934e-05 6.72277e-05 6.28538e-05 2.68436e-05 1.72936e-05 0.544603 0.514683 0.504208 
5.05475e-35 7.45045e-35 0.125939 0.0710818 0.0596055 1.27466e-34 -7.03731e-34 -6.85345e-34 -0.0160357 -0.00403788 -0.00507453 -1.3899e-33 0.142156 0.138708 0.138186 
3.39044e-34 0.757965 0.401212 0.589525 0.228402 0.439283 1.01753e-33 -0.048237 -0.0249341 -0.0396532 -0.00631888 -0.0155847 0.208039 0.235102 0.194605 
-9.38523e-34 0.75 0.586646 0.673427 0.325189 0.4375 1.33482e-33 1.37468e-39 1.05536e-05 4.03522e-06 -1.00734e-07 1.15631e-39 0.544607 0.544606 0.513801 
9.80348e-35 9.80355e-35 0.20206 0.107533 0.107532 1.9607e-34 2.01834e-34 2.30669e-34 -2.69062e-07 -2.00053e-08 -3.95355e-08 4.32503e-34 0.0411741 0.0470564 0.0440941 
9.80338e-35 9.80342e-35 0.2021 0.107555 0.107555 1.96068e-34 1.44167e-34 1.73e-34 -1.71911e-07 -1.03153e-08 -1.64457e-08 3.17167e-34 0.02941 0.035292 0.0334477 
9.80321e-35 9.80217e-35 0.19736 0.10484 0.104846 1.96057e-34 3.17184e-34 3.46028e-34 8.99796e-06 2.9353e-06 1.93993e-06 6.63211e-34 0.0647054 0.0705895 0.0676459 
9.78444e-35 9.76826e-35 0.196809 0.104484 0.104561 1.95555e-34 4.32496e-34 4.61211e-34 0.000109053 3.25396e-05 2.81252e-05 8.93716e-34 0.0882284 0.0940857 0.0911432 
9.71573e-35 9.76963e-35 0.196946 0.104527 0.104141 1.9454e-34 5.45446e-34 5.72052e-34 -0.000606601 -0.000201907 -8.94066e-05 1.11755e-33 0.111262 0.116694 0.114132 
9.9139e-35 9.8966e-35 0.201676 0.107275 0.107359 1.98076e-34 -4.68346e-34 -4.38946e-34 0.000117141 3.04685e-05 3.44913e-05 -9.07281e-34 0.0948413 0.0888874 0.0919192 
9.8774e-35 9.87623e-35 0.197907 0.105149 0.105155 1.97533e-34 -3.51117e-34 -3.21866e-34 9.29167e-06 1.86528e-06 2.89808e-06 -6.72983e-34 0.0711013 0.0651778 0.0681412 
9.87577e-35 9.87584e-35 0.197688 0.105028 0.105028 1.97516e-34 -2.34095e-34 -2.04834e-34 -5.54632e-07 -2.10297e-07 -2.06473e-07 -4.38928e-34 0.0474041 0.0414788 0.0444414 
0.464181 0.511646 0.29934 0.424237 0.379416 0.494477 -0.0778796 -0.105617 -0.0273367 -0.0626049 -0.0488496 -0.0940884 0.150341 0.145078 0.140709 
0.498985 0.475766 0.49654 0.497751 0.500062 0.490966 -0.0240823 -0.0108769 -0.0127048 -0.0125107 -0.0178475 -0.0167613 0.122823 0.118371 0.118594 
0.499996 0.49654 0.475766 0.497751 0.493456 0.499375 -0.00667568 -0.0127048 -0.0108769 -0.0125107 -0.00887853 -0.00939665 0.114769 0.118594 0.118371 
0.427458 0.511646 0.525901 0.530055 0.500851 0.467076 -0.054057 -0.105617 -0.123297 -0.121265 -0.0898881 -0.076843 0.136613 0.145078 0.139258 
0.404321 0.113045 0.262103 0.192917 0.323303 0.243359 -0.312908 -0.167328 -0.228071 -0.207022 -0.273515 -0.253868 0.149913 0.135512 0.138933 
0.49997 0.477878 0.488234 0.483462 0.497036 0.494447 -1.43051e-07 -1.39676e-07 -2.55029e-07 -1.88208e-07 -1.90432e-07 -1.43316e-07 0.00844827 0.00994146 0.0142699 
-9.44091e-34 3.80939e-34 0.437497 0.234373 0.234378 7.61918e-34 -1.29666e-33 -2.37557e-33 -2.01147e-06 -2.99451e-06 -3.38682e-06 -4.96889e-33 0.544595 0.498868 0.521736 
1.00094 0.823029 0.682697 0.756266 0.921236 0.954513 -0.00171941 0.00158709 -0.000197552 0.00145458 -0.000117416 0.00148002 0.327185 0.358303 0.327335 
0.361846 0.193532 0.225536 0.209973 0.300264 0.285808 -0.00580493 -0.00175022 -0.000813602 -0.00123594 -0.00252665 -0.00380594 0.118913 0.120814 0.114893 
0.427458 0.29934 0.511646 0.424237 0.467076 0.374875 -0.054057 -0.0273367 -0.105617 -0.0626049 -0.076843 -0.0429741 0.136613 0.140709 0.145078 
0.404389 0.488234 0.477878 0.483462 0.447576 0.456395 -9.17466e-08 -2.55029e-07 -1.39676e-07 -1.88208e-07 -1.22018e-07 -1.6738e-07 0.0109409 0.0142699 0.00994146 
8.85785e-35 9.57317e-35 0.195962 0.108273 0.103818 1.86966e-34 -6.55576e-34 -6.22637e-34 -0.00777169 -0.00157824 -0.00217387 -1.27786e-33 0.132752 0.126074 0.130006 
3.80939e-34 0.749553 0.437497 0.609101 0.234373 0.437168 -2.37557e-33 3.82737e-05 -2.01147e-06 9.8983e-06 -2.99451e-06 9.15197e-06 0.498868 0.502507 0.521736 
9.88604e-35 0.199013 0.151282 0.175586 0.0790185 0.105797 -4.09635e-34 4.24377e-05 4.22741e-05 4.25417e-05 1.06174e-05 1.29738e-05 0.0829514 0.0801652 0.0859265 
0.75 0.937515 0.586646 0.800684 0.673427 0.859381 1.37468e-39 6.72277e-05 1.05536e-05 3.31045e-05 4.03522e-06 1.58165e-05 0.544606 0.504208 0.513801 
0.308709 0.151282 0.199013 0.175586 0.256927 0.235863 0.000184534 4.22741e-05 4.24377e-05 4.25417e-05 9.68863e-05 0.000104681 0.0860554 0.0859265 0.0801652 
9.8758e-35 0.198436 0.149366 0.174363 0.0779858 0.105456 -2.92611e-34 7.2856e-07 1.71857e-06 1.16018e-06 2.79994e-07 1.9766e-07 0.0592537 0.0564859 0.0622162 
0.189533 0.262103 0.113045 0.192917 0.161556 0.220972 -0.144828 -0.228071 -0.167328 -0.207022 -0.165034 -0.184286 0.13717 0.138933 0.135512 
3.80939e-34 3.80788e-34 0.623384 0.348977 0.349048 7.61759e-34 -2.37557e-33 -2.15786e-33 0.000115418 6.14664e-05 2.55284e-05 -4.53341e-33 0.498868 0.45316 0.467806 
0.307464 0.149366 0.198436 0.174363 0.255993 0.234295 9.89067e-06 1.71857e-06 7.2856e-07 1.16018e-06 3.37348e-06 4.98593e-06 0.0623631 0.0622162 0.0564859 
9.80335e-35 9.80338e-35 0.192688 0.102177 0.102177 1.96067e-34 1.15333e-34 1.44167e-34 -4.10291e-08 -1.34985e-09 1.68499e-08 2.595e-34 0.0235279 0.02941 0.0249283 
3.79948e-34 3.78312e-34 0.638039 0.358201 0.358643 7.58745e-34 -1.94003e-33 -1.725e-33 0.000800467 0.000477486 0.000172327 -3.66429e-33 0.407403 0.362186 0.390983 
0.284866 0.416792 0.339648 0.381558 0.314342 0.357963 -0.00849645 -0.0152158 -0.0214993 -0.0187271 -0.0138892 -0.0123647 0.124903 0.122663 0.12813 
0.427458 0.525901 0.484527 0.508191 0.461847 0.500851 -0.054057 -0.123297 -0.0585392 -0.08675 -0.0590363 -0.0898881 0.136613 0.139258 0.132203 
0.464181 0.29934 0.245035 0.275856 0.37006 0.379416 -0.0778796 -0.0273367 -0.0185832 -0.0235538 -0.045124 -0.0488496 0.150341 0.140709 0.14843 
9.80358e-35 0.146121 0.19772 0.172429 0.105047 0.0762111 2.88343e-34 1.86122e-06 8.43375e-07 1.3029e-06 3.72779e-07 4.34197e-07 0.0588219 0.0617633 0.055649 
9.80361e-35 0.19772 0.146123 0.17243 0.0762108 0.105048 2.59505e-34 8.43375e-07 1.16279e-08 2.75146e-07 4.90235e-08 1.64096e-07 0.052939 0.055649 0.0499977 
9.79431e-35 0.145894 0.197518 0.172214 0.10492 0.0761041 4.03705e-34 3.82739e-05 3.85341e-05 3.90719e-05 1.1873e-05 9.48462e-06 0.0823554 0.0852852 0.0791782 
9.79953e-35 0.197518 0.146045 0.172297 0.0761643 0.104947 3.74869e-34 3.85341e-05 1.07759e-05 2.13033e-05 3.53953e-06 8.98026e-06 0.0764732 0.0791782 0.0735293 
9.72028e-35 0.145106 0.196523 0.17126 0.104252 0.0755813 5.17888e-34 -1.52198e-05 0.000132692 7.05325e-05 3.34913e-05 6.96169e-06 0.105646 0.108476 0.102545 
9.74586e-35 0.196523 0.145456 0.171492 0.0757999 0.104352 4.89722e-34 0.000132692 8.05996e-05 0.000108871 2.45337e-05 4.51444e-05 0.0999001 0.102545 0.0969822 
0.306326 0.146123 0.19772 0.17243 0.255033 0.232216 -2.7628e-08 1.16279e-08 8.43375e-07 2.75146e-07 5.42718e-07 -3.84734e-08 0.0497683 0.0499977 0.055649 
0.306035 0.146045 0.197518 0.172297 0.254774 0.23201 5.01613e-05 1.07759e-05 3.85341e-05 2.13033e-05 4.82505e-05 2.77336e-05 0.0733079 0.0735293 0.0791782 
0.330434 0.19772 0.146121 0.172429 0.24666 0.268842 9.5061e-06 8.43375e-07 1.86122e-06 1.3029e-06 5.16149e-06 3.35899e-06 0.0609378 0.055649 0.0617633 
0.305093 0.145456 0.196523 0.171492 0.253757 0.231175 0.000325696 8.05996e-05 0.000132692 0.000108871 0.000234282 0.000194557 0.096763 0.0969822 0.102545 
0.330002 0.197518 0.145894 0.172214 0.246289 0.268525 0.000187139 3.85341e-05 3.82739e-05 3.90719e-05 0.000105425 9.54892e-05 0.0844548 0.0791782 0.0852852 
0.328974 0.196523 0.145106 0.17126 0.245234 0.267313 -0.000214239 0.000132692 -1.52198e-05 7.05325e-05 -7.84118e-05 0.000116769 0.10776 0.102545 0.108476 
3.78312e-34 0.823029 0.638039 0.739316 0.358201 0.494865 -1.725e-33 0.00158709 0.000800467 0.00132273 0.000477486 0.000503091 0.362186 0.358303 0.390983 
0.48967 0.481403 0.525901 0.510052 0.517533 0.485084 -0.155979 -0.110739 -0.123297 -0.121676 -0.142818 -0.132255 0.140125 0.135918 0.139258 
0.33107 0.198436 0.147127 0.173285 0.247473 0.269524 6.13275e-08 7.2856e-07 -2.54007e-07 2.99077e-08 -2.9162e-07 5.75546e-07 0.0510937 0.0564859 0.0504146 
9.87573e-35 0.147127 0.198436 0.173285 0.105455 0.0767599 -2.63354e-34 -2.54007e-07 7.2856e-07 2.99077e-08 -1.20742e-08 -9.75258e-08 0.0533291 0.0504146 0.0564859 
0.309234 0.15684 0.206619 0.18228 0.260808 0.238648 -0.000269306 -5.78087e-05 0.000116752 3.91232e-05 5.69367e-05 -0.000141481 0.108849 0.109993 0.103865 
4.93798e-35 0.169596 9.87595e-35 0.089174 1.97519e-34 0.089174 -1.85261e-41 -1.98647e-08 -2.92621e-35 -7.36093e-09 -2.92621e-35 -5.52336e-09 7.06804e-09 0.00381621 0.00592557 
1.49045e-34 0.245035 0.29934 0.275856 0.168808 0.121511 6.80333e-34 -0.0185832 -0.0273367 -0.0235538 -0.0079707 -0.00464884 0.138971 0.14843 0.140709 
0.404321 0.494293 0.205189 0.336652 0.306945 0.432579 -0.312908 -0.33792 -0.242094 -0.305458 -0.300805 -0.338722 0.149913 0.16046 0.124244 
9.96085e-35 0.206619 0.15684 0.18228 0.0822064 0.11027 -5.2798e-34 0.000116752 -5.78087e-05 3.91232e-05 -1.11918e-06 2.92639e-05 0.106919 0.103865 0.109993 
4.90166e-35 9.80333e-35 0.180913 0.0955143 0.0955143 1.96067e-34 -5.03759e-43 2.88333e-35 -3.38689e-09 1.65415e-09 -3.34857e-09 2.88333e-35 7.23304e-10 0.00588198 0.0036597 
0.331547 0.199013 0.146357 0.173203 0.247438 0.270062 7.00915e-05 4.24377e-05 1.12778e-05 2.3148e-05 3.55072e-05 6.0856e-05 0.0747301 0.0801652 0.0741089 
0.433414 0.339648 0.416792 0.381558 0.426156 0.391041 -0.0333828 -0.0214993 -0.0152158 -0.0187271 -0.0229838 -0.0279966 0.127382 0.12813 0.122663 
9.80348e-35 0.20206 0.15293 0.177963 0.079945 0.107532 2.01834e-34 -2.69062e-07 -1.06914e-07 -1.82318e-07 -5.16413e-09 -3.95355e-08 0.0411741 0.0440941 0.0384835 
9.88028e-35 0.146357 0.199013 0.173203 0.105767 0.0763428 -3.80371e-34 1.12778e-05 4.24377e-05 2.3148e-05 9.76184e-06 3.56337e-06 0.0770252 0.0741089 0.0801652 
9.8966e-35 0.151282 0.201676 0.176945 0.107275 0.0790577 -4.38946e-34 4.22741e-05 0.000117141 7.29682e-05 3.04685e-05 1.34523e-05 0.0888874 0.0859265 0.0919192 
9.80355e-35 0.146123 0.20206 0.174693 0.107533 0.0762107 2.30669e-34 1.16279e-08 -2.69062e-07 -1.37217e-07 -2.00053e-08 2.10988e-08 0.0470564 0.0499977 0.0440941 
9.9139e-35 0.201676 0.141502 0.172296 0.0736609 0.107359 -4.68346e-34 0.000117141 7.58108e-05 9.78877e-05 2.04681e-05 3.44913e-05 0.0948413 0.0919192 0.0978522 
9.87623e-35 0.149366 0.197907 0.174085 0.105149 0.0779877 -3.21866e-34 1.71857e-06 9.29167e-06 4.45208e-06 1.86528e-06 5.57531e-07 0.0651778 0.0622162 0.0681412 
9.80321e-35 0.19736 0.146121 0.172244 0.0762095 0.104846 3.17184e-34 8.99796e-06 1.86122e-06 4.39851e-06 6.73125e-07 1.93993e-06 0.0647054 0.0676459 0.0617633 
9.80217e-35 0.146045 0.19736 0.172205 0.10484 0.0761744 3.46028e-34 1.07759e-05 8.99796e-06 9.84765e-06 2.9353e-06 2.58733e-06 0.0705895 0.0735293 0.0676459 
9.78444e-35 0.196809 0.145894 0.171869 0.0760684 0.104561 4.32496e-34 0.000109053 3.82739e-05 6.6234e-05 1.21e-05 2.81252e-05 0.0882284 0.0911432 0.0852852 
9.76826e-35 0.145456 0.196809 0.171624 0.104484 0.0758737 4.61211e-34 8.05996e-05 0.000109053 9.69645e-05 3.25396e-05 2.22132e-05 0.0940857 0.0969822 0.0911432 
9.71573e-35 0.196946 0.145106 0.171276 0.0756039 0.104141 5.45446e-34 -0.000606601 -1.52198e-05 -0.000206537 -1.11149e-05 -8.94066e-05 0.111262 0.114132 0.108476 
9.8774e-35 0.197907 0.146357 0.172639 0.0763318 0.105155 -3.51117e-34 9.29167e-06 1.12778e-05 1.01485e-05 2.53745e-06 2.89808e-06 0.0711013 0.0681412 0.0741089 
9.76963e-35 0.144969 0.196946 0.171322 0.104527 0.0748612 5.72052e-34 -0.000983311 -0.000606601 -0.000795283 -0.000201907 -0.000197618 0.116694 0.119566 0.114132 
9.87584e-35 0.1443 0.197688 0.171536 0.105028 0.0752137 -2.04834e-34 -3.03947e-07 -5.54632e-07 -4.25671e-07 -2.10297e-07 -1.18177e-07 0.0414788 0.0385161 0.0444414 
9.87577e-35 0.197688 0.147127 0.172896 0.07676 0.105028 -2.34095e-34 -5.54632e-07 -2.54007e-07 -4.31332e-07 -1.28018e-07 -2.06473e-07 0.0474041 0.0444414 0.0504146 
0.361846 0.475766 0.416792 0.450769 0.391662 0.43033 -0.00580493 -0.0108769 -0.0152158 -0.0132937 -0.00971398 -0.00864563 0.118913 0.118371 0.122663 
0.498819 0.497449 0.466248 0.4863 0.494367 0.499904 -1.12974e-06 -8.08583e-07 -8.68176e-07 -8.65287e-07 -1.05294e-06 -9.67673e-07 0.0274862 0.0239941 0.0267617 
4.90166e-35 0.180913 0.244883 0.213792 0.132645 0.0955143 -5.03759e-43 -3.38689e-09 -1.35904e-08 -9.07922e-09 -6.17949e-09 -3.34857e-09 7.23304e-10 0.0036597 -6.56313e-10 
0.270823 0.40293 0.282062 0.347899 0.279762 0.339361 -0.057895 -0.117823 -0.122481 -0.124314 -0.0874837 -0.0885502 0.136235 0.137054 0.138371 
4.93798e-35 0.244883 0.169596 0.208455 0.089174 0.132645 -1.85261e-41 -3.30752e-08 -1.98647e-08 -2.61953e-08 -5.52336e-09 -1.13318e-08 7.06804e-09 3.96569e-09 0.00381621 
0.355524 0.47784 0.434145 0.458898 0.398648 0.430057 -4.57726e-07 -7.66379e-07 -9.88075e-07 -8.91786e-07 -6.91165e-07 -6.35911e-07 0.0231946 0.0237165 0.0284191 
1.21142e-34 0.29934 0.23598 0.26495 0.127586 0.152606 6.48316e-34 -0.0273367 -0.0130686 -0.0193019 -0.00376377 -0.0060035 0.132326 0.140709 0.133309 
0.361846 0.225536 0.3938 0.319455 0.378642 0.300264 -0.00580493 -0.000813602 -0.0025075 -0.00166518 -0.00395952 -0.00252665 0.118913 0.114893 0.113415 
0.309234 0.3938 0.225536 0.319455 0.269364 0.354887 -0.000269306 -0.0025075 -0.000813602 -0.00166518 -0.000580259 -0.00104273 0.108849 0.113415 0.114893 
0.498985 0.500857 0.487195 0.499923 0.495012 0.501 -0.0240823 -0.0410173 -0.0474366 -0.0452584 -0.034478 -0.0320316 0.122823 0.127089 0.128359 
9.87592e-35 9.87593e-35 0.187088 0.0989996 0.0989995 1.97519e-34 -1.4631e-34 -1.17048e-34 -1.92647e-07 -6.99927e-08 -8.62133e-08 -2.63359e-34 0.0296278 0.0237023 0.0254492 
0.499625 0.497449 0.47784 0.497542 0.492971 0.49972 -5.09443e-07 -8.08583e-07 -7.66379e-07 -8.13733e-07 -6.40945e-07 -6.47181e-07 0.0192405 0.0239941 0.0237165 
0.498819 0.47784 0.497449 0.497542 0.499904 0.491626 -1.12974e-06 -7.66379e-07 -8.08583e-07 -8.13733e-07 -9.67673e-07 -9.46547e-07 0.0274862 0.0237165 0.0239941 
0.489766 0.489766 0.499969 0.497457 0.497381 0.49997 -8.49292e-08 -7.56301e-08 -9.47279e-08 -8.30587e-08 -8.75678e-08 -8.33291e-08 1.26816e-09 -4.59471e-10 0.00381157 
0.309234 0.225536 0.15684 0.192392 0.238648 0.269364 -0.000269306 -0.000813602 -5.78087e-05 -0.000304383 -0.000141481 -0.000580259 0.108849 0.114893 0.109993 
9.95462e-35 0.15684 0.225536 0.192392 0.121654 0.0821444 -5.58598e-34 -5.78087e-05 -0.000813602 -0.000304383 -0.000151559 -2.46968e-05 0.113122 0.109993 0.114893 
0.356796 0.472694 0.427538 0.452819 0.395151 0.426112 -2.52478e-07 -5.16434e-07 -2.35217e-07 -3.5943e-07 -2.54756e-07 -4.03453e-07 0.0221111 0.0211406 0.0170266 
3.80788e-34 0.771722 0.623384 0.702256 0.348977 0.454207 -2.15786e-33 0.000454133 0.000115418 0.000241648 6.14664e-05 0.000122438 0.45316 0.431761 0.467806 
0.998542 0.771722 0.996528 0.927994 0.997659 0.933452 0.000304684 0.000454133 0.000810991 0.00069694 0.000519463 0.000441116 0.466572 0.431761 0.43008 
0.987889 0.996528 0.771722 0.927994 0.913523 0.992842 0.00150169 0.000810991 0.000454133 0.00069694 0.00100766 0.00113797 0.395815 0.43008 0.431761 
0.480247 0.3938 0.439102 0.418174 0.462632 0.445555 -0.00308206 -0.0025075 -0.000487974 -0.00136745 -0.00148615 -0.00297324 0.11175 0.113415 0.107206 
0.309234 0.439102 0.3938 0.418174 0.354887 0.383202 -0.000269306 -0.000487974 -0.0025075 -0.00136745 -0.00104273 -0.000421499 0.108849 0.107206 0.113415 
3.43069e-34 -3.92975e-34 0.205189 0.0620732 0.177392 -8.55141e-34 -8.11556e-34 -7.81525e-35 -0.242094 -0.117467 -0.18667 -3.57993e-34 0.161071 0.0967088 0.124244 
0.33107 0.361329 0.198436 0.287695 0.269524 0.346572 6.13275e-08 5.47184e-06 7.2856e-07 2.54823e-06 5.75546e-07 1.85935e-06 0.0510937 0.0573849 0.0564859 
0.331547 0.362118 0.199013 0.288424 0.270062 0.347203 7.00915e-05 0.00016593 4.24377e-05 9.73516e-05 6.0856e-05 0.000110197 0.0747301 0.0810188 0.0801652 
0.404321 0.577513 0.652559 0.610041 0.534032 0.516586 -0.312908 -0.267262 -0.321862 -0.300229 -0.333319 -0.303768 0.149913 0.153004 0.166492 
9.95462e-35 9.96085e-35 0.15684 0.0822064 0.0821444 1.9927e-34 -5.58598e-34 -5.2798e-34 -5.78087e-05 -1.11918e-06 -2.46968e-05 -1.08658e-33 0.113122 0.106919 0.109993 
0.987889 0.638039 0.823029 0.739316 0.929867 0.873318 0.00150169 0.000800467 0.00158709 0.00132273 0.00152473 0.00132255 0.395815 0.390983 0.358303 
0.328974 0.358273 0.196523 0.284965 0.267313 0.34389 -0.000214239 0.000344782 0.000132692 0.000243038 0.000116769 0.000125847 0.10776 0.101575 0.102545 
0.330002 0.359361 0.197518 0.286089 0.268525 0.345038 0.000187139 0.00012314 3.85341e-05 8.00003e-05 9.54892e-05 0.000154707 0.0844548 0.0781636 0.0791782 
0.330434 0.359624 0.19772 0.286341 0.268842 0.345375 9.5061e-06 2.86678e-06 8.43375e-07 1.80802e-06 3.35899e-06 5.73798e-06 0.0609378 0.0546351 0.055649 
9.80342e-35 0.15293 0.2021 0.177984 0.107555 0.0799447 1.73e-34 -1.06914e-07 -1.71911e-07 -1.36044e-07 -1.03153e-08 1.18775e-09 0.035292 0.0384835 0.0334477 
9.80342e-35 9.80348e-35 0.15293 0.079945 0.0799447 1.96069e-34 1.73e-34 2.01834e-34 -1.06914e-07 -5.16413e-09 1.18775e-09 3.74834e-34 0.035292 0.0411741 0.0384835 
0.306591 0.2021 0.15293 0.177984 0.235337 0.257155 -6.8902e-07 -1.71911e-07 -1.06914e-07 -1.36044e-07 -3.55764e-07 -3.92409e-07 0.0384099 0.0334477 0.0384835 
9.8966e-35 9.88604e-35 0.151282 0.0790185 0.0790577 1.97813e-34 -4.38946e-34 -4.09635e-34 4.22741e-05 1.06174e-05 1.34523e-05 -8.48576e-34 0.0888874 0.0829514 0.0859265 
2.69926e-34 3.39044e-34 0.401212 0.228402 0.205805 6.11951e-34 8.41046e-34 1.01753e-33 -0.0249341 -0.00631888 -0.00690239 1.85755e-33 0.172175 0.208039 0.194605 
1.49045e-34 1.97602e-34 0.245035 0.138502 0.121511 3.41618e-34 6.80333e-34 7.38685e-34 -0.0185832 -0.00599461 -0.00464884 1.41761e-33 0.138971 0.15129 0.14843 
9.87623e-35 9.8758e-35 0.149366 0.0779858 0.0779877 1.97519e-34 -3.21866e-34 -2.92611e-34 1.71857e-06 2.79994e-07 5.57531e-07 -6.14477e-34 0.0651778 0.0592537 0.0622162 
9.80358e-35 9.80321e-35 0.146121 0.0762095 0.0762111 1.96069e-34 2.88343e-34 3.17184e-34 1.86122e-06 6.73125e-07 4.34197e-07 6.05527e-34 0.0588219 0.0647054 0.0617633 
9.80355e-35 9.80361e-35 0.146123 0.0762108 0.0762107 1.96072e-34 2.30669e-34 2.59505e-34 1.16279e-08 4.90235e-08 2.10988e-08 4.90173e-34 0.0470564 0.052939 0.0499977 
9.79431e-35 9.78444e-35 0.145894 0.0760684 0.0761041 1.95799e-34 4.03705e-34 4.32496e-34 3.82739e-05 1.21e-05 9.48462e-06 8.36205e-34 0.0823554 0.0882284 0.0852852 
9.80217e-35 9.79953e-35 0.146045 0.0761643 0.0761744 1.96021e-34 3.46028e-34 3.74869e-34 1.07759e-05 3.53953e-06 2.58733e-06 7.20898e-34 0.0705895 0.0764732 0.0735293 
9.72028e-35 9.71573e-35 0.145106 0.0756039 0.0755813 1.94286e-34 5.17888e-34 5.45446e-34 -1.52198e-05 -1.11149e-05 6.96169e-06 1.06333e-33 0.105646 0.111262 0.108476 
9.76826e-35 9.74586e-35 0.145456 0.0757999 0.0758737 1.95155e-34 4.61211e-34 4.89722e-34 8.05996e-05 2.45337e-05 2.22132e-05 9.50942e-34 0.0940857 0.0999001 0.0969822 
0.688313 0.652559 0.577513 0.610041 0.640318 0.68918 -0.236493 -0.321862 -0.267262 -0.300229 -0.261668 -0.283429 0.165749 0.166492 0.153004 
9.87584e-35 9.87589e-35 0.1443 0.0752139 0.0752137 1.97517e-34 -2.04834e-34 -1.75572e-34 -3.03947e-07 -1.11093e-07 -1.18177e-07 -3.80406e-34 0.0414788 0.0355534 0.0385161 
9.87573e-35 9.87577e-35 0.147127 0.07676 0.0767599 1.97515e-34 -2.63354e-34 -2.34095e-34 -2.54007e-07 -1.28018e-07 -9.75258e-08 -4.97448e-34 0.0533291 0.0474041 0.0504146 
9.76963e-35 1.00153e-34 0.144969 0.0758163 0.0748612 1.97207e-34 5.72052e-34 5.97657e-34 -0.000983311 -0.000302887 -0.000197618 1.16968e-33 0.116694 0.12192 0.119566 
9.88028e-35 9.8774e-35 0.146357 0.0763318 0.0763428 1.97572e-34 -3.80371e-34 -3.51117e-34 1.12778e-05 2.53745e-06 3.56337e-06 -7.31487e-34 0.0770252 0.0711013 0.0741089 
9.93658e-35 9.9139e-35 0.141502 0.0736609 0.0737308 1.98493e-34 -4.97967e-34 -4.68346e-34 7.58108e-05 2.04681e-05 2.22927e-05 -9.66308e-34 0.100842 0.0948413 0.0978522 
0.461258 0.475891 0.496569 0.488522 0.483676 0.468743 -0.00129696 -0.00585624 -0.0029305 -0.00431469 -0.00206752 -0.00304228 0.108865 0.114677 0.111003 
0.802398 0.652559 0.790777 0.747975 0.815499 0.72155 -0.284811 -0.321862 -0.221307 -0.28197 -0.261393 -0.317263 0.188347 0.166492 0.183981 
-5.36279e-34 -5.4897e-34 0.0065429 0.00227897 0.003478 -1.07775e-33 -2.34739e-36 3.07416e-36 -0.0105522 -0.000583856 -0.00637119 -3.75949e-36 0.128829 0.131845 0.129343 
1.00094 0.99856 0.823029 0.947484 0.954513 0.999731 -0.00171941 0.00171835 0.00158709 0.00149435 0.00148002 0.000828716 0.327185 0.3629 0.358303 
0.987889 0.823029 0.99856 0.947484 0.994551 0.929867 0.00150169 0.00158709 0.00171835 0.00149435 0.00170948 0.00152473 0.395815 0.358303 0.3629 
-9.44091e-34 0.437497 0.75 0.609373 0.4375 0.234378 -1.29666e-33 -2.01147e-06 4.54598e-40 -1.56847e-08 -7.26403e-39 -3.38682e-06 0.544595 0.521736 0.544597 
0.304331 0.353268 0.206619 0.286267 0.25798 0.329702 0.00031447 0.000282826 0.000116752 0.0001994 0.000218706 0.000335281 0.0982018 0.10265 0.103865 
1.00153e-34 0.207928 0.144969 0.176305 0.0758163 0.109421 5.97657e-34 -0.00397097 -0.000983311 -0.002094 -0.000302887 -0.000920559 0.12192 0.123833 0.119566 
0.308392 0.144969 0.207928 0.176305 0.261113 0.232763 -0.00503907 -0.000983311 -0.00397097 -0.002094 -0.0048778 -0.0026994 0.119632 0.119566 0.123833 
0.688313 0.790777 0.652559 0.747975 0.68918 0.738872 -0.236493 -0.221307 -0.321862 -0.28197 -0.283429 -0.234848 0.165749 0.183981 0.166492 
0.499996 0.496569 0.475891 0.488522 0.494562 0.499322 -0.00667568 -0.0029305 -0.00585624 -0.00431469 -0.00647884 -0.00456517 0.114769 0.111003 0.114677 
0.305086 0.1443 0.19628 0.170803 0.253687 0.230693 -1.01356e-06 -3.03947e-07 -3.79703e-07 -3.51977e-07 -6.74521e-07 -6.46026e-07 0.0388639 0.0385161 0.033913 
9.87589e-35 0.19628 0.1443 0.170803 0.0752139 0.104224 -1.75572e-34 -3.79703e-07 -3.03947e-07 -3.51977e-07 -1.11093e-07 -1.49254e-07 0.0355534 0.033913 0.0385161 
0.127732 0.0834238 0.0322681 0.0554666 0.0737299 0.108742 -0.0456707 -0.0657065 -0.0186135 -0.0386546 -0.0325875 -0.0585016 0.138308 0.136077 0.13708 
0.802398 0.494293 0.652559 0.593398 0.72155 0.674187 -0.284811 -0.33792 -0.321862 -0.343374 -0.317263 -0.32614 0.188347 0.16046 0.166492 
7.45045e-35 0.154823 0.125939 0.14171 0.0710818 0.0796117 -6.85345e-34 -0.0112162 -0.0160357 -0.013632 -0.00403788 -0.00311403 0.138708 0.135013 0.138186 
3.43069e-34 0.205189 0.494293 0.336652 0.340761 0.177392 -8.11556e-34 -0.242094 -0.33792 -0.305458 -0.250445 -0.18667 0.161071 0.124244 0.16046 
0.286969 0.195962 0.339648 0.272772 0.314934 0.245837 -0.029421 -0.00777169 -0.0214993 -0.0144929 -0.0255052 -0.0165425 0.132503 0.130006 0.12813 
0.306326 0.19772 0.359624 0.286341 0.334046 0.255033 -2.7628e-08 8.43375e-07 2.86678e-06 1.80802e-06 9.18449e-07 5.42718e-07 0.0497683 0.055649 0.0546351 
0.284866 0.339648 0.195962 0.272772 0.241971 0.314342 -0.00849645 -0.0214993 -0.00777169 -0.0144929 -0.00855896 -0.0138892 0.124903 0.12813 0.130006 
0.306035 0.197518 0.359361 0.286089 0.333776 0.254774 5.01613e-05 3.85341e-05 0.00012314 8.00003e-05 8.08371e-05 4.82505e-05 0.0733079 0.0791782 0.0781636 
0.305093 0.196523 0.358273 0.284965 0.332723 0.253757 0.000325696 0.000132692 0.000344782 0.000243038 0.000372083 0.000234282 0.096763 0.102545 0.101575 
0.308709 0.199013 0.362118 0.288424 0.336503 0.256927 0.000184534 4.24377e-05 0.00016593 9.73516e-05 0.000179741 9.68863e-05 0.0860554 0.0801652 0.0810188 
0.307464 0.198436 0.361329 0.287695 0.335499 0.255993 9.89067e-06 7.2856e-07 5.47184e-06 2.54823e-06 7.72577e-06 3.37348e-06 0.0623631 0.0564859 0.0573849 
0.461209 0.467022 0.495224 0.484294 0.482311 0.464177 2.55545e-05 6.13928e-05 4.11053e-05 5.14824e-05 3.32269e-05 4.05172e-05 0.0618638 0.0674753 0.0637386 
0.444528 0.439102 0.353268 0.400929 0.40435 0.441882 0.000271924 -0.000487974 0.000282826 7.82879e-05 0.000294267 -4.16827e-05 0.103129 0.107206 0.10265 
0.499971 0.495224 0.467022 0.484294 0.491624 0.498743 7.38402e-05 4.11053e-05 6.13928e-05 5.14824e-05 7.0262e-05 5.60016e-05 0.0676432 0.0637386 0.0674753 
0.458201 0.49654 0.475891 0.488382 0.467253 0.482652 -0.0144592 -0.0127048 -0.00585624 -0.00884963 -0.00957043 -0.0140153 0.120699 0.118594 0.114677 
9.80335e-35 0.192688 0.198942 0.195823 0.105745 0.102177 1.15333e-34 -4.10291e-08 -1.92751e-08 -2.63502e-08 1.83472e-08 1.68499e-08 0.0235279 0.0249283 0.0210177 
0.460832 0.466555 0.495035 0.483959 0.481999 0.463756 0.000401595 0.000585423 0.000530464 0.000571119 0.000471432 0.000496809 0.085383 0.0909791 0.0872659 
0.499996 0.475891 0.49654 0.488382 0.499375 0.494562 -0.00667568 -0.00585624 -0.0127048 -0.00884963 -0.00939665 -0.00647884 0.114769 0.114677 0.118594 
0.49997 0.495035 0.466555 0.483959 0.491366 0.498647 0.000671475 0.000530464 0.000585423 0.000571119 0.000649195 0.000605889 0.0911734 0.0872659 0.0909791 
9.87593e-35 0.20464 0.187088 0.195927 0.0989996 0.109015 -1.17048e-34 -1.65643e-07 -1.92647e-07 -1.82111e-07 -6.99927e-08 -7.08341e-08 0.0237023 0.0216374 0.0254492 
0.49997 0.491727 0.495737 0.499805 0.49893 0.497885 -1.94008e-06 -1.52762e-06 -1.51695e-06 -1.55488e-06 -1.7506e-06 -1.76806e-06 0.0363031 0.0317644 0.0320191 
0.453604 0.468672 0.495062 0.484721 0.479609 0.461507 -1.61322e-06 -1.56307e-06 -2.00163e-06 -1.85338e-06 -1.86733e-06 -1.7445e-06 0.0378259 0.0436688 0.0401999 
0.499971 0.495062 0.468672 0.484721 0.49208 0.498718 -1.68875e-06 -2.00163e-06 -1.56307e-06 -1.85338e-06 -1.65782e-06 -1.93281e-06 0.044115 0.0401999 0.0436688 
0.802398 0.790777 0.915876 0.856343 0.885194 0.815499 -0.284811 -0.221307 -0.16616 -0.204317 -0.226694 -0.261393 0.188347 0.183981 0.212648 
0.499971 0.495344 0.467622 0.484609 0.491951 0.49884 -1.68875e-06 -2.99887e-07 -1.58782e-06 -1.13832e-06 -1.66914e-06 -1.1812e-06 0.044115 0.0480242 0.0444393 
0.461644 0.467622 0.495344 0.484609 0.482574 0.464696 6.4416e-07 -1.58782e-06 -2.99887e-07 -1.13832e-06 1.89543e-07 -7.87565e-07 0.0500219 0.0444393 0.0480242 
0.314693 0.2021 0.357867 0.287107 0.336995 0.261722 -3.6903e-07 -1.71911e-07 -7.7056e-07 -4.45118e-07 -5.55303e-07 -2.84343e-07 0.028575 0.0334477 0.0336191 
0.306591 0.357867 0.2021 0.287107 0.257155 0.333214 -6.8902e-07 -7.7056e-07 -1.71911e-07 -4.45118e-07 -3.92409e-07 -7.55783e-07 0.0384099 0.0336191 0.0334477 
0.464181 0.601702 0.511646 0.553832 0.494477 0.545591 -0.0778796 -0.165984 -0.105617 -0.134073 -0.0940884 -0.11944 0.150341 0.155918 0.145078 
0.407715 0.519391 0.577513 0.544134 0.490249 0.471767 -0.2235 -0.213314 -0.267262 -0.240905 -0.25639 -0.224578 0.143022 0.14524 0.153004 
0.499971 0.495416 0.469747 0.485408 0.492522 0.498874 7.38402e-05 0.000119327 6.83354e-05 9.21879e-05 7.36171e-05 9.49754e-05 0.0676432 0.0715504 0.0681812 
0.461998 0.469747 0.495416 0.485408 0.482762 0.46598 0.000129383 6.83354e-05 0.000119327 9.21879e-05 0.000127117 9.54542e-05 0.0735971 0.0681812 0.0715504 
0.572261 0.511646 0.601702 0.553832 0.590367 0.554179 -0.182438 -0.105617 -0.165984 -0.134073 -0.179155 -0.143787 0.148219 0.145078 0.155918 
0.404321 0.652559 0.494293 0.593398 0.432579 0.534032 -0.312908 -0.321862 -0.33792 -0.343374 -0.338722 -0.333319 0.149913 0.166492 0.16046 
0.49997 0.498672 0.471353 0.48944 0.493051 0.499697 0.000671475 0.000742522 0.000619201 0.000701774 0.000662272 0.000723783 0.0911734 0.0953674 0.0920133 
0.572261 0.577513 0.519391 0.544134 0.555223 0.583208 -0.182438 -0.267262 -0.213314 -0.240905 -0.203049 -0.224677 0.148219 0.153004 0.14524 
0.339938 0.366287 0.207928 0.29468 0.275141 0.352696 -0.020649 -0.0142687 -0.00397097 -0.00869522 -0.0099404 -0.0175508 0.129468 0.124325 0.123833 
0.453833 0.471353 0.498672 0.48944 0.484237 0.463119 0.000612744 0.000619201 0.000742522 0.000701774 0.000701981 0.000647677 0.0980409 0.0920133 0.0953674 
0.741343 0.915876 0.790777 0.856343 0.789238 0.847063 -0.114729 -0.16616 -0.221307 -0.204317 -0.167082 -0.146431 0.195553 0.212648 0.183981 
0.421159 0.481403 0.40293 0.447679 0.414212 0.453134 -0.0618668 -0.110739 -0.117823 -0.11718 -0.0870342 -0.0858451 0.132149 0.135918 0.137054 
0.48967 0.40293 0.481403 0.447679 0.485084 0.448148 -0.155979 -0.117823 -0.110739 -0.11718 -0.132255 -0.140072 0.140125 0.137054 0.135918 
0.289178 0.342806 0.19628 0.275521 0.244843 0.316974 -5.14113e-07 -9.27025e-07 -3.79703e-07 -6.52635e-07 -4.59091e-07 -7.01732e-07 0.0290838 0.0332706 0.033913 
0.0276085 0.0322681 0.0834238 0.0554666 0.0519478 0.0316983 -0.031516 -0.0186135 -0.0657065 -0.0386546 -0.0489715 -0.026173 0.133466 0.13708 0.136077 
0.308392 0.207928 0.366287 0.29468 0.337497 0.261113 -0.00503907 -0.00397097 -0.0142687 -0.00869522 -0.00872492 -0.0048778 0.119632 0.123833 0.124325 
0.305086 0.19628 0.342806 0.275521 0.324453 0.253687 -1.01356e-06 -3.79703e-07 -9.27025e-07 -6.52635e-07 -1.00046e-06 -6.74521e-07 0.0388639 0.033913 0.0332706 
0.466248 0.497449 0.472694 0.488375 0.469557 0.4863 -8.68176e-07 -8.08583e-07 -5.16434e-07 -6.64807e-07 -6.81313e-07 -8.65287e-07 0.0267617 0.0239941 0.0211406 
0.502427 0.487195 0.500857 0.499923 0.503234 0.495297 -0.073458 -0.0474366 -0.0410173 -0.0452584 -0.055651 -0.0597798 0.131972 0.128359 0.127089 
0.499795 0.4917 0.49338 0.499966 0.49886 0.497236 -0.000856405 0.000276886 0.000267291 0.000263942 -0.000171061 -0.00016376 0.107149 0.102908 0.102903 
0.49997 0.493741 0.493631 0.499974 0.4983 0.498503 0.000405507 0.000275824 0.000277028 0.000283716 0.000339861 0.000339567 0.0833679 0.0793632 0.0794063 
0.499971 0.493623 0.493708 0.499972 0.498359 0.498431 2.2076e-05 9.37515e-06 9.56925e-06 9.82184e-06 1.49925e-05 1.48733e-05 0.0598338 0.0558417 0.0558794 
0.499625 0.472694 0.497449 0.488375 0.49972 0.494598 -5.09443e-07 -5.16434e-07 -8.08583e-07 -6.64807e-07 -6.47181e-07 -5.3355e-07 0.0192405 0.0211406 0.0239941 
0.498819 0.495737 0.491727 0.499805 0.496081 0.499728 -1.12974e-06 -1.51695e-06 -1.52762e-06 -1.55488e-06 -1.32928e-06 -1.33592e-06 0.0274862 0.0320191 0.0317644 
0.499971 0.493708 0.493623 0.499972 0.498369 0.498421 3.1617e-06 9.56925e-06 9.37515e-06 9.82184e-06 5.89812e-06 5.98814e-06 0.0519494 0.0558794 0.0558417 
0.499973 0.493631 0.493741 0.499974 0.498418 0.498385 0.000190338 0.000277028 0.000275824 0.000283716 0.000231912 0.000232613 0.0754757 0.0794063 0.0793632 
0.49998 0.49338 0.4917 0.499966 0.498004 0.49825 0.000662452 0.000267291 0.000276886 0.000263942 0.000514989 0.000512363 0.0990018 0.102903 0.102908 
-5.4897e-34 0.00201318 0.0065429 0.00438888 0.00227897 0.000283166 3.07416e-36 -0.00222347 -0.0105522 -0.00491451 -0.000583856 0.000698947 0.131845 0.133892 0.129343 
0.0276085 0.0065429 0.00201318 0.00438888 0.0104631 0.0139252 -0.031516 -0.0105522 -0.00222347 -0.00491451 -0.0121117 -0.021084 0.133466 0.129343 0.133892 
-5.36279e-34 0.0065429 0.0343136 0.0165436 0.00625175 0.003478 -2.34739e-36 -0.0105522 -0.0618581 -0.0303854 -0.0128132 -0.00637119 0.128829 0.129343 0.131793 
0.0276085 0.0343136 0.0065429 0.0165436 0.0139252 0.0328963 -0.031516 -0.0618581 -0.0105522 -0.0303854 -0.021084 -0.0466418 0.133466 0.131793 0.129343 
