0.572805 0.858953 8.56605e-34 0.619143 0.316834 0.744758 -0.0983347 -0.0570179 3.35155e-34 -0.0614935 -0.0418178 -0.0886621 -0.144043 -0.115726 -0.147017 
0.125422 0.207806 0.365541 0.283674 0.250778 0.171759 -0.137151 -0.0911911 -0.185575 -0.143709 -0.178305 -0.116777 0.0114045 0.0378483 0.0355566 
0.5 0.461544 0.495374 0.495896 0.498868 0.490314 7.73589e-06 3.82313e-05 3.06835e-05 3.51341e-05 1.68585e-05 1.93067e-05 0.0110306 0.0124248 0.0120005 
0.5 0.460943 0.495568 0.495708 0.498951 0.49007 0.000711946 0.00117614 0.00108189 0.00116854 0.000881734 0.0009306 0.0169135 0.0183357 0.0178738 
0.499977 0.456991 0.499448 0.492239 0.50004 0.488404 0.00582296 0.00699007 0.00686181 0.00708214 0.00643152 0.00657767 0.0228286 0.022867 0.0240315 
0.408469 0.407113 0.512684 0.472225 0.478423 0.409977 -0.111098 -0.0521758 -0.0758665 -0.0686859 -0.0990494 -0.0782342 0.0434778 0.0442672 0.0315591 
0.382986 0.306621 0.202084 0.257166 0.302915 0.34719 2.83601e-06 -3.11696e-06 4.76354e-07 -1.4067e-06 2.99989e-06 -1.34888e-07 0.0110344 0.00962473 0.0110593 
0.501253 0.446263 0.494505 0.476511 0.499292 0.487451 0.00376432 0.00395619 0.00660091 0.00564103 0.00557112 0.00338358 0.0269451 0.0313354 0.0268733 
0.925838 0.858953 0.572805 0.744758 0.802648 0.900345 -0.127504 -0.0570179 -0.0983347 -0.0886621 -0.11968 -0.0936896 -0.111501 -0.115726 -0.144043 
0.388413 0.206302 0.311431 0.261757 0.35225 0.308276 0.00397224 0.0014122 0.00190317 0.00182232 0.00279522 0.00269517 0.0239029 0.0243973 0.022022 
0.501253 0.485458 0.446263 0.46884 0.487451 0.497559 0.00376432 -0.00522515 0.00395619 0.000539339 0.00338358 -7.88584e-05 0.0269451 0.031749 0.0313354 
0.356822 0.31472 0.466279 0.405729 0.421033 0.336449 -3.45488e-06 -3.77547e-06 -6.46319e-06 -5.20947e-06 -4.86121e-06 -3.82933e-06 0.00553347 0.00715423 0.00669597 
0.447045 0.466279 0.31472 0.405729 0.390915 0.457202 -6.18389e-06 -6.46319e-06 -3.77547e-06 -5.20947e-06 -5.68069e-06 -6.54208e-06 0.00801074 0.00669597 0.00715423 
0.5 0.464767 0.495203 0.496493 0.498739 0.491353 0.000711946 0.0003207 0.000433821 0.000388086 0.000560541 0.000489839 0.0169135 0.0155112 0.0159592 
0.5 0.459594 0.495092 0.495711 0.498746 0.48997 7.73589e-06 -4.35331e-06 -3.14033e-06 -3.47298e-06 1.38407e-06 5.21814e-07 0.0110306 0.00973086 0.0100575 
0.499999 0.459594 0.491752 0.478709 0.497912 0.489843 -7.07645e-06 -4.35331e-06 -9.10346e-06 -7.89232e-06 -8.8836e-06 -7.12835e-06 0.00907808 0.00973086 0.00794089 
0.491752 0.459594 0.440916 0.450697 0.472128 0.478709 -9.10346e-06 -4.35331e-06 -6.00646e-06 -4.54602e-06 -7.44443e-06 -7.89232e-06 0.00794089 0.00973086 0.00823091 
0.38346 0.198249 0.307623 0.255991 0.347869 0.301656 0.000453362 0.000152806 0.000151723 0.000169578 0.000273238 0.000309019 0.0169271 0.0169677 0.0155129 
0.388413 0.311431 0.466935 0.405235 0.43343 0.35225 0.00397224 0.00190317 0.0037493 0.00281533 0.00390964 0.00279522 0.0239029 0.022022 0.0216703 
0.0021125 -0.0616244 -0.0140929 -0.0641654 -0.0119096 -0.0504584 0.0879338 0.0998883 -0.0745506 0.0422354 0.0297438 0.122843 -0.144591 -0.110564 -0.108213 
0.494318 0.543438 0.471651 0.515014 0.479922 0.533169 -0.064727 -0.114335 -0.0315113 -0.064799 -0.0464593 -0.0894791 0.0127837 0.0242289 0.0173166 
0.485458 0.476937 0.402047 0.447159 0.452012 0.482801 -0.00522515 -0.0340854 -0.00476849 -0.0167809 -0.00558505 -0.016991 0.031749 0.0369631 0.0373841 
0.512684 0.471651 0.543438 0.515014 0.526216 0.512576 -0.0758665 -0.0315113 -0.114335 -0.064799 -0.0944514 -0.053102 0.0315591 0.0173166 0.0242289 
0.38346 0.307623 0.464767 0.401929 0.430006 0.347869 0.000453362 0.000151723 0.0003207 0.000238174 0.000393753 0.000273238 0.0169271 0.0155129 0.0155112 
0.382986 0.453638 0.306621 0.392723 0.34719 0.422329 2.83601e-06 -5.55251e-06 -3.11696e-06 -4.06342e-06 -1.34888e-07 -2.3658e-06 0.0110344 0.00946998 0.00962473 
0.504116 0.476937 0.485458 0.482801 0.499024 0.497697 -0.0155407 -0.0340854 -0.00522515 -0.016991 -0.00950674 -0.0236743 0.0285391 0.0369631 0.031749 
0.382528 0.305096 0.459594 0.396799 0.426083 0.346248 3.89941e-06 -3.46123e-06 -4.35331e-06 -3.51972e-06 -4.74714e-08 -4.801e-07 0.0110774 0.00969801 0.00973086 
0.382986 0.306343 0.461544 0.398825 0.427594 0.347067 2.83601e-06 1.52657e-05 3.82313e-05 2.82439e-05 1.65802e-05 7.83937e-06 0.0110344 0.0124909 0.0124248 
0.499977 0.466935 0.494415 0.497228 0.498333 0.492729 0.00582296 0.0037493 0.00454057 0.00419893 0.00517858 0.00472757 0.0228286 0.0216703 0.0216894 
0.381956 0.305381 0.460943 0.397971 0.426816 0.346068 0.000430896 0.000565298 0.00117614 0.000865705 0.000740054 0.000502731 0.0169896 0.018376 0.0183357 
0.377623 0.298334 0.456991 0.391837 0.422341 0.340444 0.00391865 0.00391588 0.00699007 0.00541443 0.00537464 0.00405059 0.0218239 0.0217964 0.022867 
0.381956 0.330342 0.197068 0.268513 0.300221 0.357357 0.000430896 0.000143074 0.000139244 0.000162658 0.000293853 0.000259164 0.0169896 0.0153178 0.0169903 
0.382986 0.202084 0.306343 0.257015 0.347067 0.302915 2.83601e-06 4.76354e-07 1.52657e-05 7.23028e-06 7.83937e-06 2.99989e-06 0.0110344 0.0110593 0.0124909 
0.381956 0.461146 0.330342 0.407283 0.357357 0.426925 0.000430896 0.000297987 0.000143074 0.000215982 0.000259164 0.00036893 0.0169896 0.0155227 0.0153178 
0.377623 0.32763 0.192424 0.264921 0.295423 0.353883 0.00391865 0.00186189 0.00135522 0.00178291 0.00265437 0.00276499 0.0218239 0.0207876 0.0214763 
0.381956 0.197068 0.305381 0.254274 0.346068 0.300221 0.000430896 0.000139244 0.000565298 0.000320652 0.000502731 0.000293853 0.0169896 0.0169903 0.018376 
0.37371 0.31645 0.177973 0.251897 0.284545 0.344253 -0.000300123 0.00479262 0.00244001 0.00331256 0.00144651 0.00321713 0.0170652 0.0197688 0.0151574 
0.377623 0.192424 0.298334 0.248251 0.340444 0.295423 0.00391865 0.00135522 0.00391588 0.00247876 0.00405059 0.00265437 0.0218239 0.0214763 0.0217964 
0.442731 0.330342 0.461146 0.407283 0.452394 0.393986 0.000114738 0.000143074 0.000297987 0.000215982 0.00019107 0.00012955 0.0140184 0.0153178 0.0155227 
0.377623 0.459241 0.32763 0.404769 0.353883 0.423941 0.00391865 0.00351547 0.00186189 0.00273508 0.00276499 0.00384529 0.0218239 0.0211666 0.0207876 
0.441532 0.32763 0.459241 0.404769 0.450888 0.392135 0.00196695 0.00186189 0.00351547 0.00273508 0.0026422 0.00202447 0.019825 0.0207876 0.0211666 
0.390393 0.462972 0.487443 0.476823 0.45091 0.431488 -1.53062e-06 -9.8982e-07 -2.56821e-06 -1.60218e-06 -1.91217e-06 -1.25832e-06 0.00271292 0.00144406 0.00318579 
0.499999 0.487443 0.462972 0.476823 0.490742 0.49686 -1.67732e-06 -2.56821e-06 -9.8982e-07 -1.60218e-06 -1.25165e-06 -2.09841e-06 0.00211263 0.00318579 0.00144406 
0.37371 0.456916 0.31645 0.39748 0.344253 0.420532 -0.000300123 0.00376006 0.00479262 0.00499725 0.00321713 0.0017422 0.0170652 0.0224192 0.0197688 
0.435648 0.31645 0.456916 0.39748 0.446349 0.383863 0.00676134 0.00479262 0.00376006 0.00499725 0.0057241 0.00630694 0.0226077 0.0197688 0.0224192 
0.388413 0.458377 0.311685 0.398517 0.352524 0.427558 0.00397224 0.00662106 0.00368081 0.00521961 0.0040077 0.00526955 0.0239029 0.0260821 0.0272268 
0.444597 0.332375 0.462481 0.409051 0.453934 0.395992 0.0019417 0.000768935 0.00120382 0.00100085 0.0015406 0.00130327 0.0199079 0.0186549 0.0183589 
0.38346 0.462481 0.332375 0.409051 0.359033 0.428371 0.000453362 0.00120382 0.000768935 0.00100085 0.000597621 0.000767418 0.0169271 0.0183589 0.0186549 
0.443161 0.331097 0.461674 0.407964 0.452869 0.394567 0.000116101 2.59439e-05 4.0496e-05 3.67541e-05 7.18691e-05 5.94087e-05 0.0139475 0.0127289 0.0124813 
0.382528 0.461674 0.331097 0.407964 0.357973 0.427498 3.89941e-06 4.0496e-05 2.59439e-05 3.67541e-05 1.28179e-05 1.77165e-05 0.0110774 0.0124813 0.0127289 
0.499999 0.495374 0.461544 0.495896 0.490421 0.49883 7.47162e-05 3.06835e-05 3.82313e-05 3.51341e-05 5.49648e-05 4.98023e-05 0.0129906 0.0120005 0.0124248 
0.37371 0.296402 0.471651 0.397412 0.423452 0.337212 -0.000300123 -0.00317142 -0.0315113 -0.0155246 -0.0120101 -0.00205898 0.0170652 0.0113317 0.0173166 
0.499993 0.495568 0.460943 0.495708 0.490074 0.498943 0.00164481 0.00108189 0.00117614 0.00116854 0.0014163 0.00134076 0.0188763 0.0178738 0.0183357 
0.447045 0.453638 0.495768 0.480348 0.478219 0.450396 -6.18389e-06 -5.55251e-06 -8.29523e-06 -7.987e-06 -8.16196e-06 -5.6419e-06 0.00801074 0.00946998 0.00800885 
0.50034 0.499448 0.456991 0.492239 0.488076 0.500221 0.00745778 0.00686181 0.00699007 0.00708214 0.00727525 0.0072353 0.0246138 0.0240315 0.022867 
2.7766e-34 0.215493 0.295451 0.257117 0.163961 0.11529 -2.19357e-35 -5.54693e-07 -1.54014e-06 -9.37673e-07 -7.62595e-07 -4.76884e-07 0.00444174 0.00293628 0.00425449 
0.499999 0.495768 0.453638 0.480348 0.488468 0.498959 -7.07645e-06 -8.29523e-06 -5.55251e-06 -7.987e-06 -6.73584e-06 -8.1429e-06 0.00907808 0.00800885 0.00946998 
9.19627e-35 2.68101e-34 0.214843 0.114916 0.114916 -9.18718e-35 1.44291e-35 2.16476e-35 -5.23362e-07 -4.36889e-07 -3.15991e-08 3.60781e-35 0.00294356 0.00441633 0.00283239 
0.214843 2.68101e-34 0.29386 0.162946 0.25595 0.114916 -5.23362e-07 2.16476e-35 -1.50556e-06 -7.33616e-07 -9.43967e-07 -4.36889e-07 0.00283239 0.00441633 0.00417214 
0.444597 0.494167 0.466935 0.483295 0.4564 0.475724 0.0019417 0.00237943 0.0037493 0.00300749 0.00269991 0.00220783 0.0199079 0.0198351 0.0216703 
0.382528 0.197693 0.305096 0.254329 0.346248 0.30083 3.89941e-06 -1.14168e-07 -3.46123e-06 -1.79122e-06 -4.801e-07 3.45604e-06 0.0110774 0.0110796 0.00969801 
0.499984 0.466935 0.494167 0.483295 0.498781 0.492241 0.00338818 0.0037493 0.00237943 0.00300749 0.00286745 0.00362652 0.0208453 0.0216703 0.0198351 
0.499999 0.495203 0.464767 0.496493 0.49132 0.498755 0.000259301 0.000433821 0.0003207 0.000388086 0.000288398 0.000337823 0.0149622 0.0159592 0.0155112 
0.499999 0.495092 0.459594 0.495711 0.489843 0.498792 -7.07645e-06 -3.14033e-06 -4.35331e-06 -3.47298e-06 -7.12835e-06 -5.46552e-06 0.00907808 0.0100575 0.00973086 
-0.0140929 -0.0616244 -0.0743517 -0.0765193 -0.0448341 -0.0641654 -0.0745506 0.0998883 0.0166548 0.0531345 -0.0120856 0.0422354 -0.108213 -0.110564 -0.0837739 
8.27614e-34 0.842353 0.838508 0.84062 0.506278 0.507757 -2.16142e-34 -0.00426186 -0.00878611 -0.00603995 -0.00336452 -0.0023653 -0.0429656 -0.0391659 -0.0507427 
0.37371 0.177973 0.296402 0.236096 0.337212 0.284545 -0.000300123 0.00244001 -0.00317142 0.000497645 -0.00205898 0.00144651 0.0170652 0.0151574 0.0113317 
0.306621 0.152953 0.202084 0.177989 0.257166 0.235365 -3.11696e-06 -1.20495e-06 4.76354e-07 6.1505e-08 -1.4067e-06 -2.31094e-06 0.00962473 0.0096456 0.0110593 
0.382528 0.331097 0.197693 0.269209 0.30083 0.357973 3.89941e-06 2.59439e-05 -1.14168e-07 1.01151e-05 3.45604e-06 1.28179e-05 0.0110774 0.0127289 0.0110796 
0.5 0.46686 0.460943 0.463985 0.49007 0.49155 0.000711946 0.000618273 0.00117614 0.000857616 0.0009306 0.000675179 0.0169135 0.0169258 0.0183357 
0.499977 0.464128 0.456991 0.460586 0.488404 0.490059 0.00582296 0.00514479 0.00699007 0.00595032 0.00657767 0.00570701 0.0228286 0.0222391 0.022867 
0.5 0.468706 0.461544 0.46522 0.490314 0.492113 7.73589e-06 7.48489e-06 3.82313e-05 2.11935e-05 1.93067e-05 5.42339e-06 0.0110306 0.0109344 0.0124248 
0.38346 0.332375 0.198249 0.270097 0.301656 0.359033 0.000453362 0.000768935 0.000152806 0.000392609 0.000309019 0.000597621 0.0169271 0.0186549 0.0169677 
2.03711e-34 0.272718 0.215493 0.244908 0.115291 0.149627 -7.31378e-36 -5.60197e-07 -5.54693e-07 -6.71553e-07 -1.54442e-07 -2.15106e-07 0.00148097 0.00174439 0.00293628 
0.499984 0.494415 0.466935 0.497228 0.492241 0.498404 0.00338818 0.00454057 0.0037493 0.00419893 0.00362652 0.00393538 0.0208453 0.0216894 0.0216703 
0.447045 0.357897 0.453638 0.4123 0.450396 0.407862 -6.18389e-06 -5.70553e-06 -5.55251e-06 -5.91867e-06 -5.6419e-06 -6.38535e-06 0.00801074 0.00841939 0.00946998 
0.306621 0.453638 0.357897 0.4123 0.333245 0.392723 -3.11696e-06 -5.55251e-06 -5.70553e-06 -5.91867e-06 -4.98716e-06 -4.06342e-06 0.00962473 0.00946998 0.00841939 
0.390393 0.443077 0.295451 0.380679 0.346594 0.418873 -1.53062e-06 -3.3372e-06 -1.54014e-06 -2.53174e-06 -1.66743e-06 -2.24068e-06 0.00271292 0.00446519 0.00425449 
0.388413 0.311685 0.206302 0.261738 0.308276 0.352524 0.00397224 0.00368081 0.0014122 0.00243758 0.00269517 0.0040077 0.0239029 0.0272268 0.0243973 
0.408469 0.512684 0.495675 0.509772 0.453282 0.478423 -0.111098 -0.0758665 -0.148215 -0.10784 -0.132785 -0.0990494 0.0434778 0.0315591 0.0350891 
2.7766e-34 9.30999e-35 0.215493 0.11529 0.11529 -9.35385e-35 -2.19357e-35 -1.46264e-35 -5.54693e-07 -1.14593e-07 -4.76884e-07 -3.65605e-35 0.00444174 0.00296181 0.00293628 
-0.0140929 -0.0334879 0.0987213 -0.00451441 0.0306975 -0.0487463 -0.0745506 -0.0390478 -0.187102 -0.106984 -0.152664 -0.0598465 -0.108213 -0.0386956 -0.046323 
0.311431 0.206302 0.153825 0.180456 0.238652 0.261757 0.00190317 0.0014122 0.000547744 0.000819391 0.00124002 0.00182232 0.022022 0.0243973 0.0221106 
0.451013 0.494505 0.446263 0.476511 0.448966 0.47826 0.00591112 0.00660091 0.00395619 0.00564103 0.00501915 0.00650296 0.028647 0.0268733 0.0313354 
0.355542 0.295451 0.443077 0.380679 0.404314 0.3268 -3.7277e-06 -1.54014e-06 -3.3372e-06 -2.53174e-06 -3.65408e-06 -2.46265e-06 0.00579556 0.00425449 0.00446519 
0.316669 0.455585 0.0987213 0.23512 0.201442 0.370252 -0.26382 -0.25884 -0.187102 -0.218857 -0.233122 -0.274808 -0.000201127 -0.103308 -0.046323 
0.443161 0.49366 0.464767 0.482128 0.454594 0.474712 0.000116101 0.000136582 0.0003207 0.000211654 0.000201864 0.00012616 0.0139475 0.013949 0.0155112 
0.444597 0.466935 0.363707 0.424022 0.40864 0.4564 0.0019417 0.0037493 0.00161529 0.00254311 0.0018312 0.00269991 0.0199079 0.0216703 0.0204051 
0.499999 0.464767 0.49366 0.482128 0.498467 0.49132 0.000259301 0.0003207 0.000136582 0.000211654 0.000189116 0.000288398 0.0149622 0.0155112 0.013949 
0.305096 0.342819 0.459594 0.410756 0.396799 0.324464 -3.46123e-06 -5.91618e-06 -4.35331e-06 -5.53321e-06 -3.51972e-06 -5.28999e-06 0.00969801 0.00830752 0.00973086 
0.207806 0.300072 0.365541 0.333198 0.283674 0.258689 -0.0911911 -0.0743278 -0.185575 -0.126971 -0.143709 -0.0846415 0.0378483 0.0461209 0.0355566 
0.993633 0.984576 0.723475 0.897929 0.906015 0.991515 -0.043178 -0.071722 -0.044029 -0.0635023 -0.0528462 -0.0599686 -0.0756969 -0.0825862 -0.0611037 
0.306343 0.359621 0.461544 0.418557 0.398825 0.334055 1.52657e-05 6.01749e-05 3.82313e-05 5.48947e-05 2.82439e-05 3.22894e-05 0.0124909 0.013717 0.0124248 
0.440916 0.459594 0.342819 0.410756 0.39775 0.450697 -6.00646e-06 -4.35331e-06 -5.91618e-06 -5.53321e-06 -6.091e-06 -4.54602e-06 0.00823091 0.00973086 0.00830752 
0.311431 0.363707 0.466935 0.424022 0.405235 0.338591 0.00190317 0.00161529 0.0037493 0.00254311 0.00281533 0.0017831 0.022022 0.0204051 0.0216703 
0.305381 0.358232 0.460943 0.417595 0.397971 0.332907 0.000565298 0.0011996 0.00117614 0.00123517 0.000865705 0.000839183 0.018376 0.0195014 0.0183357 
0.298334 0.349537 0.456991 0.41131 0.391837 0.324831 0.00391588 0.00555521 0.00699007 0.00620941 0.00541443 0.00481762 0.0217964 0.0217048 0.022867 
0.404415 0.380039 0.273393 0.33092 0.345865 0.392572 -1.58046e-06 -4.80037e-07 -5.46524e-07 -5.42183e-07 -9.34381e-07 -8.66846e-07 0.00273705 0.00103225 0.00173935 
0.442731 0.461544 0.359621 0.418557 0.405758 0.452607 0.000114738 3.82313e-05 6.01749e-05 5.48947e-05 8.64986e-05 6.677e-05 0.0140184 0.0124248 0.013717 
0.441532 0.460943 0.358232 0.417595 0.404431 0.451784 0.00196695 0.00117614 0.0011996 0.00123517 0.00160027 0.00153873 0.019825 0.0183357 0.0195014 
0.435648 0.456991 0.349537 0.41131 0.397006 0.446917 0.00676134 0.00699007 0.00555521 0.00620941 0.00644537 0.00733593 0.0226077 0.022867 0.0217048 
0.307623 0.198249 0.149499 0.174301 0.234449 0.255991 0.000151723 0.000152806 4.09696e-05 7.80666e-05 9.85476e-05 0.000169578 0.0155129 0.0169677 0.0154778 
0.390393 0.272718 0.3801 0.330665 0.385304 0.336861 -1.53062e-06 -5.60197e-07 -4.75898e-07 -5.08443e-07 -8.58778e-07 -9.66433e-07 0.00271292 0.00174439 0.0010312 
0.512684 0.407113 0.476937 0.448619 0.495708 0.472225 -0.0758665 -0.0521758 -0.0340854 -0.0430032 -0.0532217 -0.0686859 0.0315591 0.0442672 0.0369631 
0.588003 0.455585 0.316669 0.370252 0.450211 0.535227 -0.279703 -0.25884 -0.26382 -0.274808 -0.284325 -0.300389 -0.0205687 -0.103308 -0.000201127 
-9.62581e-35 -5.82067e-35 -0.0334879 -0.0748693 -0.100676 4.10159e-35 2.62427e-34 4.08274e-35 -0.0390478 -0.0148274 -0.0147586 3.71483e-34 -0.0550047 -0.0135152 -0.0386956 
0.404415 0.466832 0.380039 0.430179 0.392572 0.439659 -1.58046e-06 -9.9441e-07 -4.80037e-07 -7.31083e-07 -8.66846e-07 -1.24546e-06 0.00273705 0.00136277 0.00103225 
0.390393 0.3801 0.462972 0.427453 0.431488 0.385304 -1.53062e-06 -4.75898e-07 -9.8982e-07 -7.54888e-07 -1.25832e-06 -8.58778e-07 0.00271292 0.0010312 0.00144406 
0.443161 0.464767 0.361404 0.421589 0.406764 0.454594 0.000116101 0.0003207 9.43329e-05 0.000188487 0.000105927 0.000201864 0.0139475 0.0155112 0.014285 
0.5 0.469977 0.464767 0.467409 0.491353 0.492652 0.000711946 0.00067641 0.0003207 0.000466479 0.000489839 0.000706737 0.0169135 0.0169971 0.0155112 
0.307623 0.361404 0.464767 0.421589 0.401929 0.335607 0.000151723 9.43329e-05 0.0003207 0.000188487 0.000238174 0.000119739 0.0155129 0.014285 0.0155112 
0.125422 0.0987213 -0.0334879 -0.00451441 0.0276416 0.102551 -0.137151 -0.187102 -0.0390478 -0.106984 -0.0954392 -0.169204 0.0114045 -0.046323 -0.0386956 
0.408469 0.365541 0.300072 0.333198 0.356083 0.390107 -0.111098 -0.185575 -0.0743278 -0.126971 -0.096352 -0.146985 0.0434778 0.0355566 0.0461209 
9.30999e-35 2.03711e-34 0.215493 0.115291 0.11529 -9.3537e-35 -1.46264e-35 -7.31378e-36 -5.54693e-07 -1.54442e-07 -1.14593e-07 -2.19396e-35 0.00296181 0.00148097 0.00293628 
0.5 0.467643 0.459594 0.46373 0.48997 0.491976 7.73589e-06 7.76958e-06 -4.35331e-06 -1.80598e-06 5.21814e-07 9.95599e-06 0.0110306 0.011097 0.00973086 
0.296402 0.373264 0.471651 0.431141 0.397412 0.332318 -0.00317142 -0.0213271 -0.0315113 -0.0295412 -0.0155246 -0.0103135 0.0113317 0.00860675 0.0173166 
5.65028e-34 8.27614e-34 0.838508 0.506278 0.499808 -6.1303e-34 -2.59029e-34 -2.16142e-34 -0.00878611 -0.00336452 -0.00450002 -4.6324e-34 -0.0516432 -0.0429656 -0.0507427 
0.494318 0.471651 0.373264 0.431141 0.44004 0.479922 -0.064727 -0.0315113 -0.0213271 -0.0295412 -0.0402148 -0.0464593 0.0127837 0.0173166 0.00860675 
0.311685 0.458377 0.362325 0.41743 0.338116 0.398517 0.00368081 0.00662106 0.00477803 0.00570216 0.00432947 0.00521961 0.0272268 0.0260821 0.0296065 
0.125422 0.0775532 0.207806 0.142217 0.171759 0.107637 -0.137151 -0.0381338 -0.0911911 -0.068521 -0.116777 -0.0856001 0.0114045 0.0278754 0.0378483 
0.31645 0.13046 0.177973 0.153756 0.251897 0.230417 0.00479262 0.00160189 0.00244001 0.00169176 0.00331256 0.00360056 0.0197688 0.018448 0.0151574 
0.32763 0.143526 0.192424 0.168562 0.264921 0.243733 0.00186189 0.000494171 0.00135522 0.000743312 0.00178291 0.00124582 0.0207876 0.0207495 0.0214763 
0.330342 0.146023 0.197068 0.172069 0.268513 0.246555 0.000143074 3.49389e-05 0.000139244 6.80534e-05 0.000162658 9.31769e-05 0.0153178 0.0155246 0.0169903 
0.298334 0.192424 0.138633 0.166072 0.22391 0.248251 0.00391588 0.00135522 0.00111981 0.00126617 0.00255752 0.00247876 0.0217964 0.0214763 0.02146 
0.305381 0.197068 0.14542 0.171777 0.231326 0.254274 0.000565298 0.000139244 0.000159663 0.00016177 0.000377656 0.000320652 0.018376 0.0169903 0.0183978 
0.306343 0.202084 0.146135 0.174713 0.232231 0.257015 1.52657e-05 4.76354e-07 4.08968e-06 3.38885e-06 1.13154e-05 7.23028e-06 0.0124909 0.0110593 0.012552 
0.691974 0.993633 0.723475 0.906015 0.710046 0.900045 -0.0217663 -0.043178 -0.044029 -0.0528462 -0.030719 -0.035654 -0.0596988 -0.0756969 -0.0611037 
0.435648 0.456916 0.491723 0.477492 0.469788 0.446349 0.00676134 0.00376006 0.00741169 0.00607144 0.00721705 0.0057241 0.0226077 0.0224192 0.0245622 
0.441532 0.459241 0.493267 0.47988 0.473759 0.450888 0.00196695 0.00351547 0.00238754 0.00292666 0.00219052 0.0026422 0.019825 0.0211666 0.0198552 
0.501253 0.491723 0.456916 0.477492 0.490684 0.4987 0.00376432 0.00741169 0.00376006 0.00607144 0.00353139 0.00630701 0.0269451 0.0245622 0.0224192 
0.442731 0.461146 0.493722 0.480913 0.474636 0.452394 0.000114738 0.000297987 0.000139361 0.000205397 0.000126583 0.00019107 0.0140184 0.0155227 0.0139897 
0.499984 0.493267 0.459241 0.47988 0.489233 0.498082 0.00338818 0.00238754 0.00351547 0.00292666 0.00354719 0.00287355 0.0208453 0.0198552 0.0211666 
0.499999 0.493722 0.461146 0.480913 0.49015 0.498377 0.000259301 0.000139361 0.000297987 0.000205397 0.000282814 0.000191334 0.0149622 0.0139897 0.0155227 
0.435648 0.491723 0.456991 0.477268 0.446917 0.469788 0.00676134 0.00741169 0.00699007 0.00772215 0.00733593 0.00721705 0.0226077 0.0245622 0.022867 
0.441532 0.493267 0.460943 0.480475 0.451784 0.473759 0.00196695 0.00238754 0.00117614 0.00168858 0.00153873 0.00219052 0.019825 0.0198552 0.0183357 
0.442731 0.493722 0.461544 0.481053 0.452607 0.474636 0.000114738 0.000139361 3.82313e-05 7.35594e-05 6.677e-05 0.000126583 0.0140184 0.0139897 0.0124248 
0.50034 0.456991 0.491723 0.477268 0.497617 0.488076 0.00745778 0.00699007 0.00741169 0.00772215 0.00754963 0.00727525 0.0246138 0.022867 0.0245622 
0.499993 0.460943 0.493267 0.480475 0.498248 0.490074 0.00164481 0.00117614 0.00238754 0.00168858 0.00199229 0.0014163 0.0188763 0.0183357 0.0198552 
0.499999 0.461544 0.493722 0.481053 0.498446 0.490421 7.47162e-05 3.82313e-05 0.000139361 7.35594e-05 0.000103991 5.49648e-05 0.0129906 0.0124248 0.0139897 
-0.0721188 -0.0743517 -0.0616244 -0.0765193 -0.070369 -0.0787317 0.0626075 0.0166548 0.0998883 0.0531345 0.0874245 0.0394992 -0.0876475 -0.0837739 -0.110564 
2.03416e-34 0.214843 0.273393 0.244958 0.150048 0.114915 7.21422e-36 -5.23362e-07 -5.46524e-07 -6.00334e-07 -2.41427e-07 -1.17464e-07 0.00147178 0.00283239 0.00173935 
5.39182e-34 7.74714e-34 0.845949 0.545821 0.529413 -5.2112e-34 3.79617e-34 4.79197e-34 -0.0286024 -0.0169583 -0.0106239 9.09751e-34 -0.0821197 -0.108888 -0.0912879 
0.499977 0.473957 0.466935 0.470449 0.492729 0.494352 0.00582296 0.00555568 0.0037493 0.00469294 0.00472757 0.00566303 0.0228286 0.0235189 0.0216703 
0.510182 0.579431 0.356657 0.487001 0.427036 0.56023 -0.0812095 -0.126918 -0.0269428 -0.069872 -0.0489017 -0.107486 -0.00499852 0.00904016 0.000961355 
0.494318 0.356657 0.579431 0.487001 0.533552 0.441785 -0.064727 -0.0269428 -0.126918 -0.069872 -0.0933692 -0.0472103 0.0127837 0.000961355 0.00904016 
0.990547 0.838508 0.842353 0.84062 0.977028 0.976259 -0.0081391 -0.00878611 -0.00426186 -0.00603995 -0.00757542 -0.0110408 -0.0500285 -0.0507427 -0.0391659 
0.364379 0.402047 0.476937 0.447159 0.432183 0.385377 -0.0206505 -0.00476849 -0.0340854 -0.0167809 -0.0276151 -0.0115359 0.0428391 0.0373841 0.0369631 
0.442731 0.359621 0.330342 0.345341 0.393986 0.405758 0.000114738 6.01749e-05 0.000143074 9.43603e-05 0.00012955 8.64986e-05 0.0140184 0.013717 0.0153178 
0.441532 0.358232 0.32763 0.343382 0.392135 0.404431 0.00196695 0.0011996 0.00186189 0.00148385 0.00202447 0.00160027 0.019825 0.0195014 0.0207876 
0.435648 0.349537 0.31645 0.333093 0.383863 0.397006 0.00676134 0.00555521 0.00479262 0.00527996 0.00630694 0.00644537 0.0226077 0.0217048 0.0197688 
0.451013 0.362325 0.458377 0.41743 0.454716 0.412121 0.00591112 0.00477803 0.00662106 0.00570216 0.00671968 0.005407 0.028647 0.0296065 0.0260821 
0.305096 0.197693 0.1443 0.171537 0.230698 0.254329 -3.46123e-06 -1.14168e-07 -1.30862e-06 -3.75737e-08 -2.22655e-06 -1.79122e-06 0.00969801 0.0110796 0.00960939 
0.447045 0.31472 0.357897 0.337024 0.407862 0.390915 -6.18389e-06 -3.77547e-06 -5.70553e-06 -5.24222e-06 -6.38535e-06 -5.68069e-06 0.00801074 0.00715423 0.00841939 
0.499654 0.443077 0.487443 0.469262 0.495733 0.483467 -4.49572e-06 -3.3372e-06 -2.56821e-06 -3.04539e-06 -3.39823e-06 -4.06472e-06 0.00481128 0.00446519 0.00318579 
0.499654 0.487443 0.488264 0.499995 0.497985 0.495733 -4.49572e-06 -2.56821e-06 -2.922e-06 -2.69924e-06 -3.68453e-06 -3.39823e-06 0.00481128 0.00318579 0.00356904 
0.296402 0.177973 0.122914 0.150291 0.213237 0.236096 -0.00317142 0.00244001 -0.000257511 0.000847103 -0.00115312 0.000497645 0.0113317 0.0151574 0.00990416 
0.331097 0.147138 0.197693 0.172902 0.269209 0.247494 2.59439e-05 4.11224e-06 -1.14168e-07 3.10946e-06 1.01151e-05 1.48827e-05 0.0127289 0.0125565 0.0110796 
0.925838 0.969944 0.858953 0.974792 0.900345 0.97501 -0.127504 -0.0995126 -0.0570179 -0.0988153 -0.0936896 -0.122951 -0.111501 -0.0829532 -0.115726 
8.27614e-34 6.56912e-34 0.842353 0.510605 0.507757 -6.13772e-34 -2.16142e-34 -1.64666e-34 -0.00426186 -0.00167054 -0.0023653 -3.73206e-34 -0.0429656 -0.033158 -0.0391659 
2.31214e-34 0.200506 0.272356 0.242508 0.152711 0.105819 -2.47529e-34 -0.00700775 -0.0332969 -0.0171051 -0.0118276 -0.00499344 0.0453536 0.0444077 0.0463791 
0.356822 0.192708 0.31472 0.257552 0.336449 0.282505 -3.45488e-06 -1.47957e-06 -3.77547e-06 -2.04269e-06 -3.82933e-06 -2.12488e-06 0.00553347 0.0062407 0.00715423 
0.700693 0.588003 0.689986 0.6575 0.712069 0.642376 -0.27913 -0.279703 -0.229957 -0.258912 -0.266158 -0.284055 -0.0613879 -0.0205687 -0.00456553 
0.443161 0.361404 0.331097 0.346614 0.394567 0.406764 0.000116101 9.43329e-05 2.59439e-05 5.18858e-05 5.94087e-05 0.000105927 0.0139475 0.014285 0.0127289 
0.800449 0.700693 0.689986 0.712069 0.741672 0.774725 -0.232134 -0.27913 -0.229957 -0.266158 -0.239108 -0.264277 -0.0402011 -0.0613879 -0.00456553 
0.501253 0.497788 0.485458 0.501235 0.497559 0.500576 0.00376432 -0.00260772 -0.00522515 -0.00399241 -7.88584e-05 0.00129467 0.0269451 0.0257192 0.031749 
0.504116 0.485458 0.497788 0.501235 0.502089 0.499024 -0.0155407 -0.00522515 -0.00260772 -0.00399241 -0.00821946 -0.00950674 0.0285391 0.031749 0.0257192 
-0.0140929 -0.0743517 -0.0334879 -0.0686067 -0.0487463 -0.0448341 -0.0745506 0.0166548 -0.0390478 -0.00492231 -0.0598465 -0.0120856 -0.108213 -0.0837739 -0.0386956 
5.87363e-34 4.40056e-34 0.691974 0.386136 0.371337 -3.13451e-34 -3.1096e-34 -2.91821e-34 -0.0217663 -0.00615 -0.00857259 -5.71632e-34 -0.0588707 -0.0579223 -0.0596988 
0.332375 0.147045 0.198249 0.17312 0.270097 0.24825 0.000768935 0.000176214 0.000152806 0.000177006 0.000392609 0.000466643 0.0186549 0.018534 0.0169677 
0.444597 0.363707 0.332375 0.348351 0.395992 0.40864 0.0019417 0.00161529 0.000768935 0.00114357 0.00130327 0.0018312 0.0199079 0.0204051 0.0186549 
0.499999 0.49366 0.461674 0.481038 0.490383 0.498399 7.47162e-05 0.000136582 4.0496e-05 7.61336e-05 5.6443e-05 0.000103106 0.0129906 0.013949 0.0124813 
0.443161 0.461674 0.49366 0.481038 0.474712 0.452869 0.000116101 4.0496e-05 0.000136582 7.61336e-05 0.00012616 7.18691e-05 0.0139475 0.0124813 0.013949 
0.311685 0.148348 0.206302 0.178018 0.261738 0.236642 0.00368081 0.00105105 0.0014122 0.00125413 0.00243758 0.00243284 0.0272268 0.0273947 0.0243973 
0.355542 0.28919 0.187096 0.240656 0.279356 0.323929 -3.7277e-06 -2.86806e-06 -1.4684e-06 -1.88872e-06 -2.46711e-06 -3.73468e-06 0.00579556 0.0072637 0.00635668 
0.908373 0.549544 0.937238 0.800414 0.92729 0.798541 -0.182777 -0.0723713 -0.137619 -0.114411 -0.161117 -0.128401 -0.072111 -0.0434071 -0.0774799 
0.498848 0.491752 0.434166 0.469828 0.478899 0.496109 -6.93076e-06 -9.10346e-06 -6.62074e-06 -7.66441e-06 -7.32141e-06 -7.85821e-06 0.00687258 0.00794089 0.00710105 
0.404415 0.273393 0.214843 0.244958 0.322267 0.345865 -1.58046e-06 -5.46524e-07 -5.23362e-07 -6.00334e-07 -1.00516e-06 -9.34381e-07 0.00273705 0.00173935 0.00283239 
0.489795 0.408164 0.466832 0.441154 0.479958 0.459184 -3.66803e-07 -2.66284e-07 -9.9441e-07 -4.86542e-07 -5.75596e-07 -2.17221e-07 -6.46777e-09 7.76727e-09 0.00136277 
0.408163 0.489795 0.462972 0.478472 0.438627 0.459183 -2.56361e-07 -4.02339e-07 -9.8982e-07 -5.92361e-07 -4.75799e-07 -2.00028e-07 -5.5106e-09 1.49621e-08 0.00144406 
0.499993 0.494167 0.462481 0.481722 0.490776 0.498598 0.00164481 0.00237943 0.00120382 0.00173111 0.00145259 0.00198426 0.0188763 0.0198351 0.0183589 
0.444597 0.462481 0.494167 0.481722 0.475724 0.453934 0.0019417 0.00120382 0.00237943 0.00173111 0.00220783 0.0015406 0.0199079 0.0183589 0.0198351 
0.499654 0.488264 0.472724 0.481301 0.494628 0.497985 -4.49572e-06 -2.922e-06 -4.51654e-06 -3.74814e-06 -4.76076e-06 -3.68453e-06 0.00481128 0.00356904 0.00528839 
2.03416e-34 9.19627e-35 0.214843 0.114916 0.114915 -9.18735e-35 7.21422e-36 1.44291e-35 -5.23362e-07 -3.15991e-08 -1.17464e-07 2.16437e-35 0.00147178 0.00294356 0.00283239 
5.87363e-34 0.691974 0.723475 0.710046 0.402851 0.371337 -3.1096e-34 -0.0217663 -0.044029 -0.030719 -0.0141239 -0.00857259 -0.0588707 -0.0596988 -0.0611037 
0.125422 -0.0334879 0.00626337 -0.0163353 0.0631098 0.0276416 -0.137151 -0.0390478 -0.0377501 -0.049641 -0.0898599 -0.0954392 0.0114045 -0.0386956 0.0032977 
-5.82067e-35 0.00626337 -0.0334879 -0.0163353 -0.0748693 -0.0442597 4.08274e-35 -0.0377501 -0.0390478 -0.049641 -0.0148274 -0.00923684 -0.0135152 0.0032977 -0.0386956 
0.390393 0.295451 0.215493 0.257117 0.313176 0.346594 -1.53062e-06 -1.54014e-06 -5.54693e-07 -9.37673e-07 -1.0566e-06 -1.66743e-06 0.00271292 0.00425449 0.00293628 
0.498848 0.434166 0.477866 0.458921 0.491653 0.478899 -6.93076e-06 -6.62074e-06 -5.70013e-06 -6.23951e-06 -6.66064e-06 -7.32141e-06 0.00687258 0.00710105 0.00592853 
0.993633 0.858953 0.984576 0.976147 0.991515 0.981058 -0.043178 -0.0570179 -0.071722 -0.0817801 -0.0599686 -0.0647094 -0.0756969 -0.115726 -0.0825862 
0.390393 0.215493 0.272718 0.244908 0.336861 0.313176 -1.53062e-06 -5.54693e-07 -5.60197e-07 -6.71553e-07 -9.66433e-07 -1.0566e-06 0.00271292 0.00293628 0.00174439 
0.50034 0.494505 0.458377 0.480706 0.491213 0.499609 0.00745778 0.00660091 0.00662106 0.00705963 0.00719164 0.0072782 0.0246138 0.0268733 0.0260821 
0.451013 0.458377 0.494505 0.480706 0.47826 0.454716 0.00591112 0.00662106 0.00660091 0.00705963 0.00650296 0.00671968 0.028647 0.0260821 0.0268733 
0.404415 0.214843 0.29386 0.25595 0.354383 0.322267 -1.58046e-06 -5.23362e-07 -1.50556e-06 -9.43967e-07 -1.56992e-06 -1.00516e-06 0.00273705 0.00283239 0.00417214 
0.488264 0.427566 0.472724 0.452848 0.481301 0.464379 -2.922e-06 -2.89079e-06 -4.51654e-06 -3.67435e-06 -3.74814e-06 -2.81702e-06 0.00356904 0.00425978 0.00528839 
2.6064e-34 0.202123 0.31472 0.261748 0.176502 0.107573 3.61022e-35 -2.1915e-06 -3.77547e-06 -2.3296e-06 -1.6386e-06 -1.57812e-06 0.00736537 0.00837865 0.00715423 
2.03416e-34 0.273393 0.180929 0.229134 0.095524 0.150048 7.21422e-36 -5.46524e-07 -2.38934e-07 -3.36756e-07 -2.1351e-07 -2.41427e-07 0.00147178 0.00173935 0.000915649 
2.6064e-34 0.31472 0.192708 0.257552 0.102192 0.176502 3.61022e-35 -3.77547e-06 -1.47957e-06 -2.04269e-06 -1.40574e-06 -1.6386e-06 0.00736537 0.00715423 0.0062407 
-9.62581e-35 -0.0334879 -0.0962357 -0.090686 -0.0907213 -0.100676 2.62427e-34 -0.0390478 0.0122799 -0.0118563 0.000914097 -0.0147586 -0.0550047 -0.0386956 -0.0710041 
2.7766e-34 0.295451 0.204651 0.25213 0.10902 0.163961 -2.19357e-35 -1.54014e-06 -1.28829e-06 -1.4964e-06 -5.87326e-07 -7.62595e-07 0.00444174 0.00425449 0.00540572 
0.908373 0.801647 0.549544 0.715135 0.798541 0.861021 -0.182777 -0.165661 -0.0723713 -0.119393 -0.128401 -0.179919 -0.072111 -0.0413397 -0.0434071 
0.404415 0.29386 0.427566 0.369259 0.416391 0.354383 -1.58046e-06 -1.50556e-06 -2.89079e-06 -2.21717e-06 -2.27577e-06 -1.56992e-06 0.00273705 0.00417214 0.00425978 
5.39182e-34 0.845949 0.715257 0.786101 0.420757 0.529413 3.79617e-34 -0.0286024 -0.0130258 -0.0182902 -0.00515497 -0.0106239 -0.0821197 -0.0912879 -0.0779819 
0.75 1 0.937032 0.984161 0.85911 0.9375 -5.96899e-37 -9.05279e-37 -0.00137678 -0.00120097 -0.000910056 -1.76098e-36 -0.0106184 -0.0118788 -0.0212073 
2.7626e-34 0.223058 0.356657 0.296327 0.167631 0.0918377 -1.83273e-35 -0.0107595 -0.0269428 -0.019854 -0.00465297 -0.000526809 -0.00120258 -0.0083091 0.000961355 
0.845949 0.858953 0.993633 0.981058 0.976572 0.853259 -0.0286024 -0.0570179 -0.043178 -0.0647094 -0.0445017 -0.0393595 -0.0912879 -0.115726 -0.0756969 
0.356822 0.427566 0.29386 0.369259 0.326771 0.395178 -3.45488e-06 -2.89079e-06 -1.50556e-06 -2.21717e-06 -2.35264e-06 -3.26584e-06 0.00553347 0.00425978 0.00417214 
0.364379 0.272356 0.200506 0.242508 0.290824 0.322678 -0.0206505 -0.0332969 -0.00700775 -0.0171051 -0.0140243 -0.0279022 0.0428391 0.0463791 0.0444077 
2.03711e-34 0.169608 0.272718 0.223567 0.149627 0.0891804 -7.31378e-36 -1.0342e-07 -5.60197e-07 -2.78804e-07 -2.15106e-07 -8.99704e-08 0.00148097 0.00095382 0.00174439 
6.56912e-34 0.705345 0.842353 0.779293 0.510605 0.403815 -1.64666e-34 -0.00165141 -0.00426186 -0.00261197 -0.00167054 -0.000703841 -0.033158 -0.0273107 -0.0391659 
2.46462e-34 2.90808e-34 0.549544 0.274132 0.235764 -3.04583e-34 -1.98848e-34 -2.81063e-34 -0.0723713 -0.0134479 -0.0150327 -4.31356e-34 -0.0363871 -0.0529777 -0.0434071 
0.364379 0.407113 0.272356 0.346252 0.322678 0.388935 -0.0206505 -0.0521758 -0.0332969 -0.0457663 -0.0279022 -0.034817 0.0428391 0.0442672 0.0463791 
0.984576 0.858953 0.969944 0.974792 0.977488 0.976147 -0.071722 -0.0570179 -0.0995126 -0.0988153 -0.0858499 -0.0817801 -0.0825862 -0.115726 -0.0829532 
2.31214e-34 0.272356 0.160688 0.219226 0.0948913 0.152711 -2.47529e-34 -0.0332969 -0.0319117 -0.0352725 -0.00927088 -0.0118276 0.0453536 0.0463791 0.0429394 
0.783575 0.723475 0.969944 0.886974 0.899263 0.760643 -0.0839218 -0.044029 -0.0995126 -0.0760356 -0.0968206 -0.0643723 -0.0615623 -0.0611037 -0.0829532 
0.447045 0.495768 0.466279 0.484539 0.457202 0.478219 -6.18389e-06 -8.29523e-06 -6.46319e-06 -8.10603e-06 -6.54208e-06 -8.16196e-06 0.00801074 0.00800885 0.00669597 
0.498848 0.466279 0.495768 0.484539 0.499757 0.494397 -6.93076e-06 -6.46319e-06 -8.29523e-06 -8.10603e-06 -7.29003e-06 -7.22924e-06 0.00687258 0.00669597 0.00800885 
0.510182 0.356657 0.223058 0.296327 0.37377 0.427036 -0.0812095 -0.0269428 -0.0107595 -0.019854 -0.0368144 -0.0489017 -0.00499852 0.000961355 -0.0083091 
0.494318 0.373264 0.356657 0.363878 0.441785 0.44004 -0.064727 -0.0213271 -0.0269428 -0.0247298 -0.0472103 -0.0402148 0.0127837 0.00860675 0.000961355 
0.783575 0.937238 0.549544 0.800414 0.671086 0.88552 -0.0839218 -0.137619 -0.0723713 -0.114411 -0.0829308 -0.112051 -0.0615623 -0.0774799 -0.0434071 
4.56312e-34 4.90371e-34 0.776924 0.461634 0.459005 -4.06576e-34 1.73888e-34 2.35184e-34 -0.00361405 -0.0015322 -0.00121388 4.12422e-34 -0.0367733 -0.049845 -0.0424496 
2.7626e-34 0.356657 0.186794 0.265511 0.0903805 0.167631 -1.83273e-35 -0.0269428 -0.00219815 -0.0119833 0.000219566 -0.00465297 -0.00120258 0.000961355 0.00565371 
0.998781 0.937032 0.986728 0.995374 0.994301 0.988489 -0.00292308 -0.00137678 -0.00105411 -0.00144028 -0.00215576 -0.00248939 -0.0315168 -0.0212073 -0.0196574 
0.355542 0.187096 0.204651 0.195937 0.28677 0.279356 -3.7277e-06 -1.4684e-06 -1.28829e-06 -1.35319e-06 -2.62251e-06 -2.46711e-06 0.00579556 0.00635668 0.00540572 
0.998781 0.986728 0.750385 0.905519 0.928378 0.994301 -0.00292308 -0.00105411 -0.00121473 -0.00135362 -0.00226355 -0.00215576 -0.0315168 -0.0196574 -0.0236182 
0.499654 0.477866 0.443077 0.462488 0.483467 0.492998 -4.49572e-06 -5.70013e-06 -3.3372e-06 -4.39437e-06 -4.06472e-06 -5.21394e-06 0.00481128 0.00592853 0.00446519 
0.446263 0.321101 0.362325 0.34273 0.409716 0.393371 0.00395619 0.00195349 0.00477803 0.00371576 0.0048778 0.0025968 0.0313354 0.0344666 0.0296065 
0.559543 0.365541 0.495675 0.444453 0.524347 0.472702 -0.200898 -0.185575 -0.148215 -0.171723 -0.176171 -0.205301 0.0238347 0.0355566 0.0350891 
0.355542 0.443077 0.477866 0.462488 0.430079 0.404314 -3.7277e-06 -3.3372e-06 -5.70013e-06 -4.39437e-06 -4.72458e-06 -3.65408e-06 0.00579556 0.00446519 0.00592853 
0.362325 0.321101 0.217044 0.272625 0.296394 0.34273 0.00477803 0.00195349 0.00216273 0.00252264 0.00335164 0.00371576 0.0296065 0.0344666 0.0310782 
0.408469 0.495675 0.365541 0.444453 0.390107 0.453282 -0.111098 -0.148215 -0.185575 -0.171723 -0.146985 -0.132785 0.0434778 0.0350891 0.0355566 
2.2768e-34 0.28919 0.196285 0.244852 0.104224 0.159965 -3.65351e-35 -2.86806e-06 -1.93917e-06 -2.29021e-06 -1.37972e-06 -1.51063e-06 0.00739793 0.0072637 0.00846545 
5.3083e-34 -0.0616244 0.0021125 -0.0504584 0.00985673 -0.00442388 1.35287e-34 0.0998883 0.0879338 0.122843 0.166104 0.160715 -0.126688 -0.110564 -0.144591 
0.355542 0.434166 0.28919 0.371935 0.323929 0.398667 -3.7277e-06 -6.62074e-06 -2.86806e-06 -4.99978e-06 -3.73468e-06 -5.02306e-06 0.00579556 0.00710105 0.0072637 
7.74714e-34 0.858953 0.845949 0.853259 0.545821 0.569601 4.79197e-34 -0.0570179 -0.0286024 -0.0393595 -0.0169583 -0.0307851 -0.108888 -0.115726 -0.0912879 
1.18716e-34 0.148348 0.217044 0.18379 0.118715 0.0790989 -1.4311e-34 0.00105105 0.00216273 0.00139784 0.000780929 0.000303416 0.0291316 0.0273947 0.0310782 
2.90808e-34 0.337342 0.549544 0.459463 0.274132 0.154819 -2.81063e-34 -0.0276637 -0.0723713 -0.0414693 -0.0134479 -0.00659699 -0.0529777 -0.0539058 -0.0434071 
0.783575 0.549544 0.337342 0.459463 0.585915 0.671086 -0.0839218 -0.0723713 -0.0276637 -0.0414693 -0.0510029 -0.0829308 -0.0615623 -0.0434071 -0.0539058 
0.998781 0.842353 0.705345 0.779293 0.935201 0.966754 -0.00292308 -0.00426186 -0.00165141 -0.00261197 -0.00286954 -0.0044578 -0.0315168 -0.0391659 -0.0273107 
1.56676e-34 1.3469e-34 0.237641 0.134921 0.133172 -1.15617e-34 -2.17921e-34 -1.8971e-34 -0.00117625 -0.000508459 -0.000944801 -4.04278e-34 0.043583 0.0383516 0.040068 
0.355542 0.204651 0.295451 0.25213 0.3268 0.28677 -3.7277e-06 -1.28829e-06 -1.54014e-06 -1.4964e-06 -2.46265e-06 -2.62251e-06 0.00579556 0.00540572 0.00425449 
0.356822 0.19896 0.192708 0.195842 0.282505 0.285141 -3.45488e-06 -1.07621e-06 -1.47957e-06 -1.17375e-06 -2.12488e-06 -2.34385e-06 0.00553347 0.00526073 0.0062407 
0.489795 0.466832 0.499998 0.491776 0.497486 0.479958 -3.66803e-07 -9.9441e-07 -7.66645e-07 -8.94448e-07 -4.89734e-07 -5.75596e-07 -6.46777e-09 0.00136277 0.000953167 
2.2768e-34 0.187096 0.28919 0.240656 0.159965 0.0990017 -3.65351e-35 -1.4684e-06 -2.86806e-06 -1.88872e-06 -1.51063e-06 -1.2617e-06 0.00739793 0.00635668 0.0072637 
0.489795 0.499998 0.462972 0.49067 0.478472 0.49741 -4.02339e-07 -7.66645e-07 -9.8982e-07 -9.24711e-07 -5.92361e-07 -5.26285e-07 1.49621e-08 0.000953167 0.00144406 
2.68101e-34 0.19896 0.29386 0.24865 0.162946 0.105758 2.16476e-35 -1.07621e-06 -1.50556e-06 -1.46657e-06 -7.33616e-07 -3.82689e-07 0.00441633 0.00526073 0.00417214 
2.31214e-34 1.56676e-34 0.200506 0.110821 0.105819 -6.95211e-35 -2.47529e-34 -2.17921e-34 -0.00700775 -0.00226302 -0.00499344 -4.38068e-34 0.0453536 0.043583 0.0444077 
-6.09899e-35 -0.0962357 -0.0477004 -0.0766374 -0.0437572 -0.0750544 3.95516e-34 0.0122799 0.0377596 0.027679 0.0132062 0.011114 -0.0773899 -0.0710041 -0.0811486 
-0.0140929 0.0987213 0.455585 0.23512 0.155292 0.0306975 -0.0745506 -0.187102 -0.25884 -0.218857 -0.158188 -0.152664 -0.108213 -0.046323 -0.103308 
1.2876e-34 1.18716e-34 0.217044 0.118715 0.120374 -8.23575e-35 -1.64544e-34 -1.4311e-34 0.00216273 0.000780929 0.000833394 -3.09099e-34 0.0334709 0.0291316 0.0310782 
0.125422 0.00626337 0.0775532 0.0406728 0.107637 0.0631098 -0.137151 -0.0377501 -0.0381338 -0.0405503 -0.0856001 -0.0898599 0.0114045 0.0032977 0.0278754 
0.783575 0.337342 0.723475 0.539045 0.760643 0.585915 -0.0839218 -0.0276637 -0.044029 -0.0344312 -0.0643723 -0.0510029 -0.0615623 -0.0539058 -0.0611037 
0.553238 0.549544 0.801647 0.715135 0.696838 0.557869 -0.0840188 -0.0723713 -0.165661 -0.119393 -0.125677 -0.0791011 -0.0301675 -0.0434071 -0.0413397 
8.56605e-34 0.858953 7.74714e-34 0.569601 -5.34635e-34 0.619143 3.35155e-34 -0.0570179 4.79197e-34 -0.0307851 1.22516e-33 -0.0614935 -0.147017 -0.115726 -0.108888 
0.311685 0.217044 0.148348 0.18379 0.236642 0.26703 0.00368081 0.00216273 0.00105105 0.00139784 0.00243284 0.00309954 0.0272268 0.0310782 0.0273947 
0.499999 0.499998 0.466832 0.491776 0.491708 0.499999 -1.67732e-06 -7.66645e-07 -9.9441e-07 -8.94448e-07 -1.25152e-06 -1.14857e-06 0.00211263 0.000953167 0.00136277 
0.499999 0.462972 0.499998 0.49067 0.499999 0.490742 -1.67732e-06 -9.8982e-07 -7.66645e-07 -9.24711e-07 -1.14857e-06 -1.25165e-06 0.00211263 0.00144406 0.000953167 
6.72348e-34 5.39182e-34 0.715257 0.420757 0.413966 -2.43613e-34 2.99681e-34 3.79617e-34 -0.0130258 -0.00515497 -0.00377615 6.98346e-34 -0.0644721 -0.0821197 -0.0779819 
7.83099e-35 0.160688 0.0775532 0.121013 0.0397471 0.0738508 -2.18401e-34 -0.0319117 -0.0381338 -0.037923 -0.011457 -0.010541 0.0404239 0.0429394 0.0278754 
0.998789 0.993633 0.691974 0.900045 0.912146 0.997037 -0.0216874 -0.043178 -0.0217663 -0.035654 -0.0266094 -0.0324055 -0.0658751 -0.0756969 -0.0596988 
6.72348e-34 0.715257 0.840758 0.782695 0.516941 0.413966 2.99681e-34 -0.0130258 -0.0112191 -0.0125803 -0.00413981 -0.00377615 -0.0644721 -0.0779819 -0.0643557 
0.800449 0.689986 0.673754 0.711861 0.756535 0.741672 -0.232134 -0.229957 -0.136735 -0.183695 -0.18524 -0.239108 -0.0402011 -0.00456553 -0.0203907 
0.356822 0.29386 0.19896 0.24865 0.285141 0.326771 -3.45488e-06 -1.50556e-06 -1.07621e-06 -1.46657e-06 -2.34385e-06 -2.35264e-06 0.00553347 0.00417214 0.00526073 
0.469499 0.455585 0.811539 0.652914 0.707582 0.460277 -0.113953 -0.25884 -0.242884 -0.27387 -0.227843 -0.20134 -0.165527 -0.103308 -0.0935519 
0.984576 0.969944 0.723475 0.886974 0.897929 0.977488 -0.071722 -0.0995126 -0.044029 -0.0760356 -0.0635023 -0.0858499 -0.0825862 -0.0829532 -0.0611037 
5.3083e-34 4.09415e-34 -0.0616244 -0.01707 -0.00442388 9.63412e-34 1.35287e-34 9.3841e-35 0.0998883 0.130465 0.160715 -8.71485e-35 -0.126688 -0.101539 -0.110564 
0.998789 0.691974 0.635599 0.664871 0.897338 0.912146 -0.0216874 -0.0217663 -0.0107243 -0.0147412 -0.0200274 -0.0266094 -0.0658751 -0.0596988 -0.0555418 
0.998789 0.845949 0.993633 0.976572 0.997037 0.969063 -0.0216874 -0.0286024 -0.043178 -0.0445017 -0.0324055 -0.0312051 -0.0658751 -0.0912879 -0.0756969 
0.244902 0.180929 0.380039 0.292421 0.318768 0.213809 -1.83051e-07 -2.38934e-07 -4.80037e-07 -3.69556e-07 -2.33871e-07 -2.03328e-07 1.32782e-08 0.000915649 0.00103225 
0.244899 0.3801 0.169608 0.287911 0.208469 0.318805 -1.37545e-07 -4.75898e-07 -1.0342e-07 -3.20798e-07 -1.26009e-07 -2.07382e-07 4.6801e-10 0.0010312 0.00095382 
0.390393 0.487443 0.443077 0.469262 0.418873 0.45091 -1.53062e-06 -2.56821e-06 -3.3372e-06 -3.04539e-06 -2.24068e-06 -1.91217e-06 0.00271292 0.00318579 0.00446519 
4.40056e-34 0.635599 0.691974 0.664871 0.386136 0.34722 -2.91821e-34 -0.0107243 -0.0217663 -0.0147412 -0.00615 -0.0039982 -0.0579223 -0.0555418 -0.0596988 
0.388413 0.466935 0.473957 0.470449 0.438548 0.43343 0.00397224 0.0037493 0.00555568 0.00469294 0.00473475 0.00390964 0.0239029 0.0216703 0.0235189 
0.38346 0.464767 0.469977 0.467409 0.43378 0.430006 0.000453362 0.0003207 0.00067641 0.000466479 0.000572826 0.000393753 0.0169271 0.0155112 0.0169971 
4.90371e-34 0.65057 0.776924 0.717112 0.461634 0.369074 2.35184e-34 -0.00449508 -0.00361405 -0.00417258 -0.0015322 -0.00133926 -0.049845 -0.0547896 -0.0424496 
0.998781 0.750385 0.625991 0.69122 0.895869 0.928378 -0.00292308 -0.00121473 -0.00161354 -0.00143806 -0.0029093 -0.00226355 -0.0315168 -0.0236182 -0.0328048 
0.125422 0.365541 0.316669 0.346413 0.197059 0.250778 -0.137151 -0.185575 -0.26382 -0.230915 -0.209155 -0.178305 0.0114045 0.0355566 -0.000201127 
5.65028e-34 0.838508 0.635599 0.747203 0.3539 0.499808 -2.59029e-34 -0.00878611 -0.0107243 -0.010182 -0.00341886 -0.00450002 -0.0516432 -0.0507427 -0.0555418 
0.382986 0.461544 0.468706 0.46522 0.432665 0.427594 2.83601e-06 3.82313e-05 7.48489e-06 2.11935e-05 4.87968e-06 1.65802e-05 0.0110344 0.0124248 0.0109344 
1.50765e-34 1.39939e-34 0.304165 0.132897 0.120194 -1.26994e-34 -6.10566e-35 -1.3569e-34 -0.0262218 -0.00462095 -0.0028653 -1.7571e-34 -0.0110677 -0.0259342 -0.0180827 
0.998789 0.715257 0.845949 0.786101 0.969063 0.94048 -0.0216874 -0.0130258 -0.0286024 -0.0182902 -0.0312051 -0.0226825 -0.0658751 -0.0779819 -0.0912879 
-6.09899e-35 -9.62581e-35 -0.0962357 -0.0907213 -0.0750544 2.6259e-35 3.95516e-34 2.62427e-34 0.0122799 0.000914097 0.011114 6.66475e-34 -0.0773899 -0.0550047 -0.0710041 
1.1438e-34 2.7766e-34 0.204651 0.10902 0.109019 -7.77687e-35 -2.924e-35 -2.19357e-35 -1.28829e-06 -5.87326e-07 -4.17919e-07 -5.1174e-35 0.00592095 0.00444174 0.00540572 
0.75 0.750385 0.986728 0.905519 0.905437 0.750084 -6.84826e-37 -0.00121473 -0.00105411 -0.00135362 -0.000922282 -0.00064872 -0.0130611 -0.0236182 -0.0196574 
0.37371 0.476871 0.456916 0.466503 0.420532 0.434721 -0.000300123 -0.00960234 0.00376006 -0.000898266 0.0017422 -0.00499368 0.0170652 0.022433 0.0224192 
0.377623 0.456991 0.464128 0.460586 0.427391 0.422341 0.00391865 0.00699007 0.00514479 0.00595032 0.00464974 0.00537464 0.0218239 0.022867 0.0222391 
0.381956 0.460943 0.46686 0.463985 0.430933 0.426816 0.000430896 0.00117614 0.000618273 0.000857616 0.000536192 0.000740054 0.0169896 0.0183357 0.0169258 
0.559543 0.579431 0.689986 0.640214 0.622889 0.593353 -0.200898 -0.126918 -0.229957 -0.175994 -0.222019 -0.166786 0.0238347 0.00904016 -0.00456553 
0.382528 0.459594 0.467643 0.46373 0.431717 0.426083 3.89941e-06 -4.35331e-06 7.76958e-06 -1.80598e-06 7.08407e-06 -4.74714e-08 0.0110774 0.00973086 0.011097 
0.28919 0.434166 0.342819 0.393384 0.316987 0.371935 -2.86806e-06 -6.62074e-06 -5.91618e-06 -5.97355e-06 -4.12714e-06 -4.99978e-06 0.0072637 0.00710105 0.00830752 
0.499999 0.488264 0.487443 0.499995 0.49686 0.497065 -1.67732e-06 -2.922e-06 -2.56821e-06 -2.69924e-06 -2.09841e-06 -2.25322e-06 0.00211263 0.00356904 0.00318579 
0.559543 0.523335 0.365541 0.429896 0.472702 0.548789 -0.200898 -0.258287 -0.185575 -0.232102 -0.205301 -0.233538 0.0238347 0.00960914 0.0355566 
0.499999 0.453638 0.495092 0.479641 0.498792 0.488468 -7.07645e-06 -5.55251e-06 -3.14033e-06 -3.94019e-06 -5.46552e-06 -6.73584e-06 0.00907808 0.00946998 0.0100575 
1.54111e-34 -6.09899e-35 -0.0477004 -0.0437572 -0.0150283 1.40791e-35 2.09724e-34 3.95516e-34 0.0377596 0.0132062 0.0144158 7.81131e-34 -0.0804449 -0.0773899 -0.0811486 
0.382986 0.468706 0.453638 0.46154 0.422329 0.432665 2.83601e-06 7.48489e-06 -5.55251e-06 -2.42791e-06 -2.3658e-06 4.87968e-06 0.0110344 0.0109344 0.00946998 
0.469499 0.0784983 0.0021125 0.0486604 0.174508 0.261569 -0.113953 0.118398 0.0879338 0.112293 0.019332 0.0166751 -0.165527 -0.140424 -0.144591 
1.54111e-34 -0.0477004 3.27019e-34 -0.015802 6.78662e-34 -0.0150283 2.09724e-34 0.0377596 3.93845e-35 0.0387438 -1.49166e-35 0.0144158 -0.0804449 -0.0811486 -0.0814465 
0.440916 0.342819 0.434166 0.393384 0.437587 0.39775 -6.00646e-06 -5.91618e-06 -6.62074e-06 -5.97355e-06 -7.33583e-06 -6.091e-06 0.00823091 0.00830752 0.00710105 
0.553238 0.214452 0.549544 0.368055 0.557869 0.390139 -0.0840188 -0.0180421 -0.0723713 -0.0370636 -0.0791011 -0.0430386 -0.0301675 -0.031772 -0.0434071 
0.559543 0.689986 0.523335 0.62292 0.548789 0.622889 -0.200898 -0.229957 -0.258287 -0.253824 -0.233538 -0.222019 0.0238347 -0.00456553 0.00960914 
0.404415 0.427566 0.488264 0.464379 0.456423 0.416391 -1.58046e-06 -2.89079e-06 -2.922e-06 -2.81702e-06 -2.15492e-06 -2.27577e-06 0.00273705 0.00425978 0.00356904 
6.56912e-34 4.01561e-34 0.705345 0.404721 0.403815 -2.80326e-34 -1.64666e-34 -1.0928e-34 -0.00165141 -0.000449569 -0.000703841 -2.71547e-34 -0.033158 -0.0221955 -0.0273107 
0.381956 0.46686 0.461146 0.464071 0.426925 0.430933 0.000430896 0.000618273 0.000297987 0.000430381 0.00036893 0.000536192 0.0169896 0.0169258 0.0155227 
0.998781 0.997323 0.842353 0.970389 0.966754 0.997966 -0.00292308 -0.00536644 -0.00426186 -0.0055511 -0.0044578 -0.00443785 -0.0315168 -0.0407144 -0.0391659 
0.377623 0.464128 0.459241 0.461811 0.423941 0.427391 0.00391865 0.00514479 0.00351547 0.00433722 0.00384529 0.00464974 0.0218239 0.0222391 0.0211666 
0.998789 0.635599 0.838508 0.747203 0.954152 0.897338 -0.0216874 -0.0107243 -0.00878611 -0.010182 -0.0165032 -0.0200274 -0.0658751 -0.0555418 -0.0507427 
0.499999 0.461146 0.495203 0.482262 0.498755 0.49015 0.000259301 0.000297987 0.000433821 0.000360034 0.000337823 0.000282814 0.0149622 0.0155227 0.0159592 
2.7626e-34 1.50765e-34 0.223058 0.100052 0.0918377 -7.60247e-35 -1.83273e-35 -6.10566e-35 -0.0107595 -0.00307664 -0.000526809 -5.81979e-35 -0.00120258 -0.0110677 -0.0083091 
-0.0721188 -0.0477004 -0.0962357 -0.0766374 -0.0802731 -0.0635755 0.0626075 0.0377596 0.0122799 0.027679 0.0364624 0.0571046 -0.0876475 -0.0811486 -0.0710041 
0.469499 0.154377 0.455585 0.289646 0.460277 0.292302 -0.113953 -0.065125 -0.25884 -0.174617 -0.20134 -0.075727 -0.165527 -0.153391 -0.103308 
0.37371 0.471651 0.476871 0.47261 0.434721 0.423452 -0.000300123 -0.0315113 -0.00960234 -0.0194948 -0.00499368 -0.0120101 0.0170652 0.0173166 0.022433 
0.499984 0.459241 0.494415 0.480769 0.498404 0.489233 0.00338818 0.00351547 0.00454057 0.00397896 0.00393538 0.00354719 0.0208453 0.0211666 0.0216894 
0.501253 0.456916 0.497788 0.482052 0.500576 0.490684 0.00376432 0.00376006 -0.00260772 0.000799825 0.00129467 0.00353139 0.0269451 0.0224192 0.0257192 
0.990547 0.842353 0.997323 0.970389 0.994603 0.977028 -0.0081391 -0.00426186 -0.00536644 -0.0055511 -0.00651538 -0.00757542 -0.0500285 -0.0391659 -0.0407144 
0.998781 0.625991 0.776924 0.706284 0.935916 0.895869 -0.00292308 -0.00161354 -0.00361405 -0.00232265 -0.00397739 -0.0029093 -0.0315168 -0.0328048 -0.0424496 
0.908373 0.811539 0.801647 0.861959 0.861021 0.886296 -0.182777 -0.242884 -0.165661 -0.225592 -0.179919 -0.224215 -0.072111 -0.0935519 -0.0413397 
0.207806 0.0775532 0.160688 0.121013 0.190757 0.142217 -0.0911911 -0.0381338 -0.0319117 -0.037923 -0.0620689 -0.068521 0.0378483 0.0278754 0.0429394 
5.3083e-34 0.0021125 0.0784983 0.0486604 0.0121958 0.00985673 1.35287e-34 0.0879338 0.118398 0.112293 0.129101 0.166104 -0.126688 -0.144591 -0.140424 
0.512684 0.507434 0.471651 0.495778 0.512576 0.513934 -0.0758665 -0.0331134 -0.0315113 -0.0324192 -0.053102 -0.0521777 0.0315591 0.0253268 0.0173166 
2.46462e-34 0.549544 0.214452 0.368055 0.103406 0.235764 -1.98848e-34 -0.0723713 -0.0180421 -0.0370636 -0.00896808 -0.0150327 -0.0363871 -0.0434071 -0.031772 
0.494318 0.579431 0.543438 0.564884 0.533169 0.533552 -0.064727 -0.126918 -0.114335 -0.125549 -0.0894791 -0.0933692 0.0127837 0.00904016 0.0242289 
0.559543 0.543438 0.579431 0.564884 0.593353 0.555543 -0.200898 -0.114335 -0.126918 -0.125549 -0.166786 -0.154357 0.0238347 0.0242289 0.00904016 
0.440916 0.434166 0.491752 0.469828 0.472128 0.437587 -6.00646e-06 -6.62074e-06 -9.10346e-06 -7.66441e-06 -7.44443e-06 -7.33583e-06 0.00823091 0.00710105 0.00794089 
1.56676e-34 0.237641 0.200506 0.220892 0.110821 0.133172 -2.17921e-34 -0.00117625 -0.00700775 -0.0038801 -0.00226302 -0.000944801 0.043583 0.040068 0.0444077 
-0.0140929 0.455585 0.154377 0.289646 0.0411516 0.155292 -0.0745506 -0.25884 -0.065125 -0.174617 -0.0549906 -0.158188 -0.108213 -0.103308 -0.153391 
0.382528 0.467643 0.461674 0.464719 0.427498 0.431717 3.89941e-06 7.76958e-06 4.0496e-05 2.12567e-05 1.77165e-05 7.08407e-06 0.0110774 0.011097 0.0124813 
0.272718 0.169608 0.3801 0.287911 0.330665 0.223567 -5.60197e-07 -1.0342e-07 -4.75898e-07 -3.20798e-07 -5.08443e-07 -2.78804e-07 0.00174439 0.00095382 0.0010312 
0.273393 0.380039 0.180929 0.292421 0.229134 0.33092 -5.46524e-07 -4.80037e-07 -2.38934e-07 -3.69556e-07 -3.36756e-07 -5.42183e-07 0.00173935 0.00103225 0.000915649 
3.63409e-34 5.87363e-34 0.723475 0.402851 0.370806 -4.21799e-34 -2.9648e-34 -3.1096e-34 -0.044029 -0.0141239 -0.0189142 -5.59833e-34 -0.0566274 -0.0588707 -0.0611037 
0.75 0.437824 0.750385 0.609538 0.750084 0.609572 -6.84826e-37 -0.000291149 -0.00121473 -0.000519876 -0.00064872 -0.000232943 -0.0130611 -0.0189652 -0.0236182 
0.408164 0.380039 0.466832 0.430179 0.441154 0.39457 -2.66284e-07 -4.80037e-07 -9.9441e-07 -7.31083e-07 -4.86542e-07 -3.3592e-07 7.76727e-09 0.00103225 0.00136277 
0.408163 0.462972 0.3801 0.427453 0.394598 0.438627 -2.56361e-07 -9.8982e-07 -4.75898e-07 -7.54888e-07 -3.2644e-07 -4.75799e-07 -5.5106e-09 0.00144406 0.0010312 
0.800449 0.801647 0.811539 0.861959 0.818264 0.813585 -0.232134 -0.165661 -0.242884 -0.225592 -0.248572 -0.203489 -0.0402011 -0.0413397 -0.0935519 
0.38346 0.469977 0.462481 0.466314 0.428371 0.43378 0.000453362 0.00067641 0.00120382 0.00090656 0.000767418 0.000572826 0.0169271 0.0169971 0.0183589 
0.998781 0.705345 0.937032 0.842512 0.988489 0.935201 -0.00292308 -0.00165141 -0.00137678 -0.00185489 -0.00248939 -0.00286954 -0.0315168 -0.0273107 -0.0212073 
2.68101e-34 1.14446e-34 0.19896 0.105759 0.105758 -6.94255e-35 2.16476e-35 2.88702e-35 -1.07621e-06 -1.9631e-07 -3.82689e-07 5.05193e-35 0.00441633 0.00588966 0.00526073 
0.499999 0.461674 0.495374 0.482603 0.49883 0.490383 7.47162e-05 4.0496e-05 3.06835e-05 3.29482e-05 4.98023e-05 5.6443e-05 0.0129906 0.0124813 0.0120005 
0.990547 0.99958 0.838508 0.962978 0.976259 0.996998 -0.0081391 -0.0140857 -0.00878611 -0.0130659 -0.0110408 -0.0116428 -0.0500285 -0.0577662 -0.0507427 
0.388413 0.473957 0.458377 0.466706 0.427558 0.438548 0.00397224 0.00555568 0.00662106 0.00614886 0.00526955 0.00473475 0.0239029 0.0235189 0.0260821 
4.40056e-34 5.65028e-34 0.635599 0.3539 0.34722 -1.97866e-34 -2.91821e-34 -2.59029e-34 -0.0107243 -0.00341886 -0.0039982 -5.36746e-34 -0.0579223 -0.0516432 -0.0555418 
0.408164 0.244902 0.380039 0.318768 0.39457 0.336737 -2.66284e-07 -1.83051e-07 -4.80037e-07 -2.33871e-07 -3.3592e-07 -8.66521e-08 7.76727e-09 1.32782e-08 0.00103225 
0.244899 0.408163 0.3801 0.394598 0.318805 0.336735 -1.37545e-07 -2.56361e-07 -4.75898e-07 -3.2644e-07 -2.07382e-07 -6.62829e-08 4.6801e-10 -5.5106e-09 0.0010312 
0.510182 0.223058 0.304165 0.258535 0.42452 0.37377 -0.0812095 -0.0107595 -0.0262218 -0.0168374 -0.0525787 -0.0368144 -0.00499852 -0.0083091 -0.0180827 
2.74239e-34 0.586198 4.01561e-34 0.32474 -9.76991e-35 0.32502 -2.57377e-35 -0.000516459 -1.0928e-34 -0.000225473 -1.60194e-34 -0.000168679 -0.0104533 -0.0182236 -0.0221955 
4.01561e-34 0.586198 0.705345 0.648396 0.404721 0.32474 -1.0928e-34 -0.000516459 -0.00165141 -0.000902833 -0.000449569 -0.000225473 -0.0221955 -0.0182236 -0.0273107 
0.499999 0.466832 0.477907 0.47265 0.494476 0.491708 -1.67732e-06 -9.9441e-07 -1.64427e-06 -1.35615e-06 -1.67498e-06 -1.25152e-06 0.00211263 0.00136277 0.00248655 
0.404415 0.477907 0.466832 0.47265 0.439659 0.447603 -1.58046e-06 -1.64427e-06 -9.9441e-07 -1.35615e-06 -1.24546e-06 -1.6623e-06 0.00273705 0.00248655 0.00136277 
4.42379e-34 0.625991 0.750385 0.69122 0.437998 0.350697 1.16963e-34 -0.00161354 -0.00121473 -0.00143806 -0.000382616 -0.000390186 -0.0246962 -0.0328048 -0.0236182 
1 0.75 0.986728 0.905437 0.996691 0.9375 -9.05279e-37 -6.84826e-37 -0.00105411 -0.000922282 -0.00099255 -1.40285e-36 -0.0118788 -0.0130611 -0.0196574 
0.998789 0.838508 0.99958 0.962978 0.999618 0.954152 -0.0216874 -0.00878611 -0.0140857 -0.0130659 -0.0171909 -0.0165032 -0.0658751 -0.0507427 -0.0577662 
1.11886e-34 1.10581e-34 0.200495 0.106759 0.107209 -7.03271e-35 -1.03991e-34 -9.53302e-35 0.000540348 0.00018364 0.000202912 -1.99745e-34 0.021112 0.0193383 0.0202318 
0.499993 0.462481 0.495568 0.483064 0.498943 0.490776 0.00164481 0.00120382 0.00108189 0.0011542 0.00134076 0.00145259 0.0188763 0.0183589 0.0178738 
1.09056e-34 1.09862e-34 0.198493 0.105474 0.105497 -6.93098e-35 -7.2775e-35 -6.55555e-35 2.79706e-05 8.33859e-06 1.00275e-05 -1.38361e-34 0.0147403 0.0132765 0.0140573 
0.990547 0.776924 0.65057 0.717112 0.882483 0.918659 -0.0081391 -0.00361405 -0.00449508 -0.00417258 -0.00784463 -0.00644447 -0.0500285 -0.0424496 -0.0547896 
1.06129e-34 1.08726e-34 0.197702 0.105029 0.105049 -6.77546e-35 6.51857e-35 7.24923e-35 2.70829e-05 8.45922e-06 7.07754e-06 1.37651e-34 0.0132965 0.0147853 0.0139814 
1.05215e-34 1.07117e-34 0.196235 0.103635 0.104042 -6.72697e-35 9.35923e-35 9.95724e-35 0.000536321 0.000171428 0.000165549 1.92779e-34 0.0190621 0.0202629 0.0196493 
9.78482e-35 9.70672e-35 0.186 0.0938924 0.0959005 -6.50354e-35 1.04608e-34 9.7414e-35 0.00267442 0.000894439 0.000898483 2.00342e-34 0.0211696 0.0196701 0.0207105 
5.68021e-36 7.83099e-35 0.0775532 0.0397471 0.0112618 -4.30349e-35 -1.19561e-34 -2.18401e-34 -0.0381338 -0.011457 -0.0135655 -3.00667e-34 0.020783 0.0404239 0.0278754 
0.588003 0.700693 0.455585 0.594983 0.535227 0.642376 -0.279703 -0.27913 -0.25884 -0.296111 -0.300389 -0.284055 -0.0205687 -0.0613879 -0.103308 
8.13831e-35 2.7626e-34 0.186794 0.0903805 0.0852724 -7.16617e-35 3.51175e-35 -1.83273e-35 -0.00219815 0.000219566 -0.000685182 3.05785e-35 0.0072752 -0.00120258 0.00565371 
9.92336e-35 2.2768e-34 0.196285 0.104224 0.104222 -6.63956e-35 -4.3818e-35 -3.65351e-35 -1.93917e-06 -1.37972e-06 -9.07767e-07 -8.03513e-35 0.00887297 0.00739793 0.00846545 
0.356822 0.466279 0.472724 0.469587 0.42614 0.421033 -3.45488e-06 -6.46319e-06 -4.51654e-06 -5.33655e-06 -4.03392e-06 -4.86121e-06 0.00553347 0.00669597 0.00528839 
0.937032 0.705345 0.586198 0.648396 0.800057 0.842512 -0.00137678 -0.00165141 -0.000516459 -0.000902833 -0.0010386 -0.00185489 -0.0212073 -0.0273107 -0.0182236 
0.50034 0.458377 0.499448 0.486792 0.500221 0.491213 0.00745778 0.00662106 0.00686181 0.00705409 0.0072353 0.00719164 0.0246138 0.0260821 0.0240315 
1 0.986728 0.937032 0.995374 0.984161 0.996691 -9.05279e-37 -0.00105411 -0.00137678 -0.00144028 -0.00120097 -0.00099255 -0.0118788 -0.0196574 -0.0212073 
-5.82067e-35 5.68021e-36 0.00626337 -0.0178175 -0.0442597 -3.06449e-35 4.08274e-35 -1.19561e-34 -0.0377501 -0.0128248 -0.00923684 -3.131e-35 -0.0135152 0.020783 0.0032977 
3.63409e-34 0.723475 0.337342 0.539045 0.172596 0.370806 -2.9648e-34 -0.044029 -0.0276637 -0.0344312 -0.0103478 -0.0189142 -0.0566274 -0.0611037 -0.0539058 
2.74239e-34 0.75 0.586198 0.673315 0.32502 0.4375 -2.57377e-35 -5.96899e-37 -0.000516459 -0.000312051 -0.000168679 -1.6769e-37 -0.0104533 -0.0106184 -0.0182236 
1.10873e-34 1.10078e-34 0.202084 0.107555 0.107555 -7.36224e-35 5.06057e-35 5.7888e-35 4.76354e-07 -2.71429e-08 -5.30753e-07 1.08489e-34 0.0103236 0.0118089 0.0110593 
2.6064e-34 1.08478e-34 0.202123 0.107575 0.107573 -7.36892e-35 3.61022e-35 4.33461e-35 -2.1915e-06 -9.50823e-07 -1.57812e-06 7.94506e-35 0.00736537 0.00884281 0.00837865 
1.07092e-34 1.06873e-34 0.197068 0.104558 0.104674 -6.72062e-35 7.97465e-35 8.6865e-35 0.000139244 5.12144e-05 4.69018e-05 1.66491e-34 0.0162599 0.0177054 0.0169903 
1.04069e-34 1.02221e-34 0.192424 0.10023 0.101372 -6.60613e-35 1.0411e-34 1.06164e-34 0.00135522 0.000520522 0.000496854 2.09294e-34 0.02115 0.0215331 0.0214763 
9.12801e-35 8.76062e-35 0.177973 0.0855802 0.0874372 -6.33015e-35 8.41469e-35 6.1455e-35 0.00244001 0.00105222 0.00108827 1.44623e-34 0.0169766 0.0124289 0.0151574 
1.12733e-34 1.16152e-34 0.206302 0.11067 0.111831 -7.43502e-35 -1.26919e-34 -1.14127e-34 0.0014122 0.000501707 0.000529315 -2.42058e-34 0.0258197 0.0232066 0.0243973 
1.09176e-34 1.1002e-34 0.198249 0.105353 0.105477 -6.86758e-35 -8.74867e-35 -8.00516e-35 0.000152806 4.84752e-05 5.25342e-05 -1.67664e-34 0.0177317 0.0162195 0.0169677 
1.09064e-34 1.07393e-34 0.197693 0.105023 0.105023 -6.82771e-35 -5.83278e-35 -5.10844e-35 -1.14168e-07 -4.32577e-07 8.29062e-08 -1.09417e-34 0.0118116 0.0103446 0.0110796 
0.553238 0.673754 0.304165 0.507414 0.423221 0.626396 -0.0840188 -0.136735 -0.0262218 -0.0749135 -0.051573 -0.109136 -0.0301675 -0.0203907 -0.0180827 
0.512684 0.476937 0.507434 0.504141 0.513934 0.495708 -0.0758665 -0.0340854 -0.0331134 -0.0362721 -0.0521777 -0.0532217 0.0315591 0.0369631 0.0253268 
0.504116 0.507434 0.476937 0.504141 0.497697 0.505591 -0.0155407 -0.0331134 -0.0340854 -0.0362721 -0.0236743 -0.0237143 0.0285391 0.0253268 0.0369631 
0.510182 0.673754 0.689986 0.711861 0.649136 0.590292 -0.0812095 -0.136735 -0.229957 -0.183695 -0.151238 -0.107414 -0.00499852 -0.0203907 -0.00456553 
0.469499 0.0021125 0.154377 0.0785906 0.292302 0.174508 -0.113953 0.0879338 -0.065125 0.0246511 -0.075727 0.019332 -0.165527 -0.144591 -0.153391 
0.499999 0.477907 0.488264 0.483491 0.497065 0.494476 -1.67732e-06 -1.64427e-06 -2.922e-06 -2.12384e-06 -2.25322e-06 -1.67498e-06 0.00211263 0.00248655 0.00356904 
1.99394e-34 4.42379e-34 0.437824 0.234663 0.234568 4.78797e-35 3.15328e-35 1.16963e-34 -0.000291149 -0.000263386 -0.000133094 1.80758e-34 -0.013279 -0.0246962 -0.0189652 
0.998789 0.840758 0.715257 0.782695 0.94048 0.965948 -0.0216874 -0.0112191 -0.0130258 -0.0125803 -0.0226825 -0.0188126 -0.0658751 -0.0643557 -0.0779819 
0.364379 0.200506 0.237641 0.220892 0.309557 0.290824 -0.0206505 -0.00700775 -0.00117625 -0.0038801 -0.00872033 -0.0140243 0.0428391 0.0444077 0.040068 
0.510182 0.304165 0.673754 0.507414 0.590292 0.42452 -0.0812095 -0.0262218 -0.136735 -0.0749135 -0.107414 -0.0525787 -0.00499852 -0.0180827 -0.0203907 
0.404415 0.488264 0.477907 0.483491 0.447603 0.456423 -1.58046e-06 -2.922e-06 -1.64427e-06 -2.12384e-06 -1.6623e-06 -2.15492e-06 0.00273705 0.00356904 0.00248655 
7.83099e-35 2.31214e-34 0.160688 0.0948913 0.0738508 -7.70877e-35 -2.18401e-34 -2.47529e-34 -0.0319117 -0.00927088 -0.010541 -4.21395e-34 0.0404239 0.0453536 0.0429394 
4.42379e-34 0.750385 0.437824 0.609538 0.234663 0.437998 1.16963e-34 -0.00121473 -0.000291149 -0.000519876 -0.000263386 -0.000382616 -0.0246962 -0.0236182 -0.0189652 
1.11886e-34 0.200495 0.153825 0.177537 0.0806427 0.107209 -1.03991e-34 0.000540348 0.000547744 0.000559243 0.000188437 0.000202912 0.021112 0.0202318 0.0221106 
0.75 0.937032 0.586198 0.800057 0.673315 0.85911 -5.96899e-37 -0.00137678 -0.000516459 -0.0010386 -0.000312051 -0.000910056 -0.0106184 -0.0212073 -0.0182236 
0.311431 0.153825 0.200495 0.177537 0.258985 0.238652 0.00190317 0.000547744 0.000540348 0.000559243 0.00112204 0.00124002 0.022022 0.0221106 0.0202318 
1.09056e-34 0.198493 0.149499 0.174447 0.0780479 0.105497 -7.2775e-35 2.79706e-05 4.09696e-05 3.74146e-05 1.3593e-05 1.00275e-05 0.0147403 0.0140573 0.0154778 
-0.0140929 0.154377 0.0021125 0.0785906 -0.0119096 0.0411516 -0.0745506 -0.065125 0.0879338 0.0246511 0.0297438 -0.0549906 -0.108213 -0.153391 -0.144591 
4.42379e-34 4.56312e-34 0.625991 0.351603 0.350697 -1.42326e-34 1.16963e-34 1.73888e-34 -0.00161354 -0.000573456 -0.000390186 2.92596e-34 -0.0246962 -0.0367733 -0.0328048 
0.307623 0.149499 0.198493 0.174447 0.256087 0.234449 0.000151723 4.09696e-05 2.79706e-05 3.74146e-05 7.83506e-05 9.85476e-05 0.0155129 0.0154778 0.0140573 
1.14446e-34 2.6064e-34 0.192708 0.102192 0.102192 -6.12484e-35 2.88702e-35 3.61022e-35 -1.47957e-06 -1.40574e-06 -4.47388e-07 6.49754e-35 0.00588966 0.00736537 0.0062407 
4.90371e-34 6.72348e-34 0.65057 0.372444 0.369074 -1.6572e-34 2.35184e-34 2.99681e-34 -0.00449508 -0.00262454 -0.00133926 5.44176e-34 -0.049845 -0.0644721 -0.0547896 
0.272356 0.407113 0.300072 0.360704 0.290555 0.346252 -0.0332969 -0.0521758 -0.0743278 -0.0668253 -0.052283 -0.0457663 0.0463791 0.0442672 0.0461209 
0.510182 0.689986 0.579431 0.640214 0.56023 0.649136 -0.0812095 -0.229957 -0.126918 -0.175994 -0.107486 -0.151238 -0.00499852 -0.00456553 0.00904016 
0.553238 0.304165 0.214452 0.263975 0.390139 0.423221 -0.0840188 -0.0262218 -0.0180421 -0.0223828 -0.0430386 -0.051573 -0.0301675 -0.0180827 -0.031772 
1.08726e-34 0.146023 0.197702 0.17238 0.105029 0.0761683 7.24923e-35 3.49389e-05 2.70829e-05 3.48471e-05 8.45922e-06 1.11662e-05 0.0147853 0.0155246 0.0139814 
1.06129e-34 0.197702 0.146135 0.172433 0.0762222 0.105049 6.51857e-35 2.70829e-05 4.08968e-06 1.2805e-05 2.3547e-06 7.07754e-06 0.0132965 0.0139814 0.012552 
1.07117e-34 0.143526 0.196235 0.170454 0.103635 0.0746095 9.95724e-35 0.000494171 0.000536321 0.000571632 0.000171428 0.000148715 0.0202629 0.0207495 0.0196493 
1.05215e-34 0.196235 0.14542 0.171377 0.075658 0.104042 9.35923e-35 0.000536321 0.000159663 0.000272995 6.73553e-05 0.000165549 0.0190621 0.0196493 0.0183978 
9.70672e-35 0.13046 0.186 0.158599 0.0938924 0.0652899 9.7414e-35 0.00160189 0.00267442 0.00227699 0.000894439 0.000468299 0.0196701 0.018448 0.0207105 
9.78482e-35 0.186 0.138633 0.162698 0.0702746 0.0959005 1.04608e-34 0.00267442 0.00111981 0.00155132 0.000399356 0.000898483 0.0211696 0.0207105 0.02146 
0.306343 0.146135 0.197702 0.172433 0.255037 0.232231 1.52657e-05 4.08968e-06 2.70829e-05 1.2805e-05 2.36628e-05 1.13154e-05 0.0124909 0.012552 0.0139814 
0.305381 0.14542 0.196235 0.171377 0.253844 0.231326 0.000565298 0.000159663 0.000536321 0.000272995 0.000604424 0.000377656 0.018376 0.0183978 0.0196493 
0.330342 0.197702 0.146023 0.17238 0.246555 0.268798 0.000143074 2.70829e-05 3.49389e-05 3.48471e-05 9.31769e-05 7.5041e-05 0.0153178 0.0139814 0.0155246 
0.298334 0.138633 0.186 0.162698 0.245108 0.22391 0.00391588 0.00111981 0.00267442 0.00155132 0.0034835 0.00255752 0.0217964 0.02146 0.0207105 
0.32763 0.196235 0.143526 0.170454 0.243733 0.266751 0.00186189 0.000536321 0.000494171 0.000571632 0.00124582 0.00113898 0.0207876 0.0196493 0.0207495 
0.31645 0.186 0.13046 0.158599 0.230417 0.255022 0.00479262 0.00267442 0.00160189 0.00227699 0.00360056 0.00405386 0.0197688 0.0207105 0.018448 
6.72348e-34 0.840758 0.65057 0.754249 0.372444 0.516941 2.99681e-34 -0.0112191 -0.00449508 -0.0069362 -0.00262454 -0.00413981 -0.0644721 -0.0643557 -0.0547896 
0.588003 0.523335 0.689986 0.62292 0.6575 0.553558 -0.279703 -0.258287 -0.229957 -0.253824 -0.258912 -0.270717 -0.0205687 0.00960914 -0.00456553 
0.331097 0.198493 0.147138 0.173312 0.247494 0.269561 2.59439e-05 2.79706e-05 4.11224e-06 1.26544e-05 1.48827e-05 3.35251e-05 0.0127289 0.0140573 0.0125565 
1.09862e-34 0.147138 0.198493 0.173312 0.105474 0.0767626 -6.55555e-35 4.11224e-06 2.79706e-05 1.26544e-05 8.33859e-06 2.89442e-06 0.0132765 0.0125565 0.0140573 
0.321101 0.169968 0.217044 0.194333 0.272625 0.251789 0.00195349 0.000667688 0.00216273 0.00153892 0.00252264 0.00155629 0.0344666 0.0358628 0.0310782 
7.98753e-35 0.169608 2.03711e-34 0.0891804 -3.43688e-35 0.0891804 -2.60696e-41 -1.0342e-07 -7.31378e-36 -8.99704e-08 -7.31347e-36 -1.31976e-08 -6.23885e-09 0.00095382 0.00148097 
1.39939e-34 0.214452 0.304165 0.263975 0.132897 0.0868707 -1.3569e-34 -0.0180421 -0.0262218 -0.0223828 -0.00462095 -0.00561905 -0.0259342 -0.031772 -0.0180827 
0.469499 0.572805 0.0784983 0.257751 0.261569 0.516456 -0.113953 -0.0983347 0.118398 0.0126253 0.0166751 -0.0988429 -0.165527 -0.144043 -0.140424 
1.2876e-34 0.217044 0.169968 0.194333 0.091784 0.120374 -1.64544e-34 0.00216273 0.000667688 0.00153892 0.000294848 0.000833394 0.0334709 0.0310782 0.0358628 
8.19019e-35 2.03416e-34 0.180929 0.095524 0.095524 -4.68319e-35 -1.11266e-40 7.21422e-36 -2.38934e-07 -2.1351e-07 -1.20503e-07 7.2145e-36 -4.45106e-09 0.00147178 0.000915649 
0.332375 0.200495 0.147045 0.174236 0.24825 0.271187 0.000768935 0.000540348 0.000176214 0.000292862 0.000466643 0.000697216 0.0186549 0.0202318 0.018534 
0.408469 0.300072 0.407113 0.360704 0.409977 0.356083 -0.111098 -0.0743278 -0.0521758 -0.0668253 -0.0782342 -0.096352 0.0434778 0.0461209 0.0442672 
1.10873e-34 0.202084 0.152953 0.177989 0.0799635 0.107555 5.06057e-35 4.76354e-07 -1.20495e-06 6.1505e-08 -2.05297e-07 -5.30753e-07 0.0103236 0.0110593 0.0096456 
1.10581e-34 0.147045 0.200495 0.174236 0.106759 0.0768896 -9.53302e-35 0.000176214 0.000540348 0.000292862 0.00018364 6.52767e-05 0.0193383 0.018534 0.0202318 
1.16152e-34 0.153825 0.206302 0.180456 0.11067 0.0811311 -1.14127e-34 0.000547744 0.0014122 0.000819391 0.000501707 0.000207379 0.0232066 0.0221106 0.0243973 
1.10078e-34 0.146135 0.202084 0.174713 0.107555 0.0762271 5.7888e-35 4.08968e-06 4.76354e-07 3.38885e-06 -2.71429e-08 1.02348e-06 0.0118089 0.012552 0.0110593 
1.12733e-34 0.206302 0.148348 0.178018 0.0781765 0.111831 -1.26919e-34 0.0014122 0.00105105 0.00125413 0.000346661 0.000529315 0.0258197 0.0243973 0.0273947 
1.1002e-34 0.149499 0.198249 0.174301 0.105353 0.0780875 -8.00516e-35 4.09696e-05 0.000152806 7.80666e-05 4.84752e-05 1.83538e-05 0.0162195 0.0154778 0.0169677 
1.07092e-34 0.197068 0.146023 0.172069 0.0761329 0.104674 7.97465e-35 0.000139244 3.49389e-05 6.80534e-05 1.75096e-05 4.69018e-05 0.0162599 0.0169903 0.0155246 
1.06873e-34 0.14542 0.197068 0.171777 0.104558 0.0758131 8.6865e-35 0.000159663 0.000139244 0.00016177 5.12144e-05 5.43673e-05 0.0177054 0.0183978 0.0169903 
1.04069e-34 0.192424 0.143526 0.168562 0.0741485 0.101372 1.0411e-34 0.00135522 0.000494171 0.000743312 0.000192012 0.000496854 0.02115 0.0214763 0.0207495 
1.02221e-34 0.138633 0.192424 0.166072 0.10023 0.0713459 1.06164e-34 0.00111981 0.00135522 0.00126617 0.000520522 0.000399163 0.0215331 0.02146 0.0214763 
9.12801e-35 0.177973 0.13046 0.153756 0.0638415 0.0874372 8.41469e-35 0.00244001 0.00160189 0.00169176 0.000383663 0.00108827 0.0169766 0.0151574 0.018448 
1.09176e-34 0.198249 0.147045 0.17312 0.0767331 0.105477 -8.74867e-35 0.000152806 0.000176214 0.000177006 5.34783e-05 5.25342e-05 0.0177317 0.0169677 0.018534 
8.76062e-35 0.122914 0.177973 0.150291 0.0855802 0.0582298 6.1455e-35 -0.000257511 0.00244001 0.000847103 0.00105222 -1.07828e-05 0.0124289 0.00990416 0.0151574 
1.07393e-34 0.1443 0.197693 0.171537 0.105023 0.0752089 -5.10844e-35 -1.30862e-06 -1.14168e-07 -3.75737e-08 -4.32577e-07 -1.59963e-07 0.0103446 0.00960939 0.0110796 
1.09064e-34 0.197693 0.147138 0.172902 0.0767571 0.105023 -5.83278e-35 -1.14168e-07 4.11224e-06 3.10946e-06 1.32118e-06 8.29062e-08 0.0118116 0.0110796 0.0125565 
0.364379 0.476937 0.407113 0.448619 0.388935 0.432183 -0.0206505 -0.0340854 -0.0521758 -0.0430032 -0.034817 -0.0276151 0.0428391 0.0369631 0.0442672 
0.498848 0.497479 0.466279 0.48633 0.494397 0.499933 -6.93076e-06 -6.14455e-06 -6.46319e-06 -6.90483e-06 -7.22924e-06 -6.55489e-06 0.00687258 0.00600096 0.00669597 
8.19019e-35 0.180929 0.244902 0.213809 0.132657 0.095524 -1.11266e-40 -2.38934e-07 -1.83051e-07 -2.03328e-07 -5.19201e-08 -1.20503e-07 -4.45106e-09 0.000915649 1.32782e-08 
0.125422 0.316669 0.0987213 0.201442 0.102551 0.197059 -0.137151 -0.26382 -0.187102 -0.233122 -0.169204 -0.209155 0.0114045 -0.000201127 -0.046323 
7.98753e-35 0.244899 0.169608 0.208469 0.0891804 0.132655 -2.60696e-41 -1.37545e-07 -1.0342e-07 -1.26009e-07 -1.31976e-08 7.32744e-09 -6.23885e-09 4.6801e-10 0.00095382 
0.355542 0.477866 0.434166 0.458921 0.398667 0.430079 -3.7277e-06 -5.70013e-06 -6.62074e-06 -6.23951e-06 -5.02306e-06 -4.72458e-06 0.00579556 0.00592853 0.00710105 
1.50765e-34 0.304165 0.223058 0.258535 0.100052 0.120194 -6.10566e-35 -0.0262218 -0.0107595 -0.0168374 -0.00307664 -0.0028653 -0.0110677 -0.0180827 -0.0083091 
0.364379 0.237641 0.402047 0.330577 0.385377 0.309557 -0.0206505 -0.00117625 -0.00476849 -0.0040371 -0.0115359 -0.00872033 0.0428391 0.040068 0.0373841 
0.321101 0.402047 0.237641 0.330577 0.282112 0.365789 0.00195349 -0.00476849 -0.00117625 -0.0040371 0.000351547 -0.000684172 0.0344666 0.0373841 0.040068 
0.512684 0.543438 0.495675 0.529924 0.509772 0.526216 -0.0758665 -0.114335 -0.148215 -0.133463 -0.10784 -0.0944514 0.0315591 0.0242289 0.0350891 
2.2768e-34 1.1438e-34 0.187096 0.0990018 0.0990017 -5.46448e-35 -3.65351e-35 -2.924e-35 -1.4684e-06 -4.91837e-07 -1.2617e-06 -6.57725e-35 0.00739793 0.00592095 0.00635668 
0.499654 0.497479 0.477866 0.49757 0.492998 0.499749 -4.49572e-06 -6.14455e-06 -5.70013e-06 -6.07641e-06 -5.21394e-06 -5.41677e-06 0.00481128 0.00600096 0.00592853 
0.498848 0.477866 0.497479 0.49757 0.499933 0.491653 -6.93076e-06 -5.70013e-06 -6.14455e-06 -6.07641e-06 -6.55489e-06 -6.66064e-06 0.00687258 0.00592853 0.00600096 
0.489795 0.489795 0.499998 0.497486 0.49741 0.499999 -4.02339e-07 -3.66803e-07 -7.66645e-07 -4.89734e-07 -5.26285e-07 -2.45481e-07 1.49621e-08 -6.46777e-09 0.000953167 
0.321101 0.237641 0.169968 0.206411 0.251789 0.282112 0.00195349 -0.00117625 0.000667688 -4.03739e-05 0.00155629 0.000351547 0.0344666 0.040068 0.0358628 
1.3469e-34 0.169968 0.237641 0.206411 0.134921 0.0925563 -1.8971e-34 0.000667688 -0.00117625 -4.03739e-05 -0.000508459 -2.12041e-05 0.0383516 0.0358628 0.040068 
0.356822 0.472724 0.427566 0.452848 0.395178 0.42614 -3.45488e-06 -4.51654e-06 -2.89079e-06 -3.67435e-06 -3.26584e-06 -4.03392e-06 0.00553347 0.00528839 0.00425978 
4.56312e-34 0.776924 0.625991 0.706284 0.351603 0.459005 1.73888e-34 -0.00361405 -0.00161354 -0.00232265 -0.000573456 -0.00121388 -0.0367733 -0.0424496 -0.0328048 
0.998781 0.776924 0.997323 0.931304 0.997966 0.935916 -0.00292308 -0.00361405 -0.00536644 -0.00504925 -0.00443785 -0.00397739 -0.0315168 -0.0424496 -0.0407144 
0.990547 0.997323 0.776924 0.931304 0.918659 0.994603 -0.0081391 -0.00536644 -0.00361405 -0.00504925 -0.00644447 -0.00651538 -0.0500285 -0.0407144 -0.0424496 
0.485458 0.402047 0.446263 0.426511 0.46884 0.452012 -0.00522515 -0.00476849 0.00395619 0.000439348 0.000539339 -0.00558505 0.031749 0.0373841 0.0313354 
0.321101 0.446263 0.402047 0.426511 0.365789 0.393371 0.00195349 0.00395619 -0.00476849 0.000439348 -0.000684172 0.0025968 0.0344666 0.0313354 0.0373841 
8.56605e-34 5.3083e-34 0.0784983 0.0121958 0.0615439 1.12762e-33 3.35155e-34 1.35287e-34 0.118398 0.129101 0.0739614 -5.15881e-36 -0.147017 -0.126688 -0.140424 
0.331097 0.361404 0.198493 0.287758 0.269561 0.346614 2.59439e-05 9.43329e-05 2.79706e-05 6.43604e-05 3.35251e-05 5.18858e-05 0.0127289 0.014285 0.0140573 
0.332375 0.363707 0.200495 0.29 0.271187 0.348351 0.000768935 0.00161529 0.000540348 0.00104328 0.000697216 0.00114357 0.0186549 0.0204051 0.0202318 
0.469499 0.811539 0.866356 0.841 0.725029 0.707582 -0.113953 -0.242884 -0.175903 -0.217291 -0.186049 -0.227843 -0.165527 -0.0935519 -0.121475 
1.3469e-34 1.2876e-34 0.169968 0.091784 0.0925563 -1.9261e-35 -1.8971e-34 -1.64544e-34 0.000667688 0.000294848 -2.12041e-05 -3.5454e-34 0.0383516 0.0334709 0.0358628 
0.990547 0.65057 0.840758 0.754249 0.939162 0.882483 -0.0081391 -0.00449508 -0.0112191 -0.0069362 -0.0108055 -0.00784463 -0.0500285 -0.0547896 -0.0643557 
0.31645 0.349537 0.186 0.274876 0.255022 0.333093 0.00479262 0.00555521 0.00267442 0.0041601 0.00405386 0.00527996 0.0197688 0.0217048 0.0207105 
0.32763 0.358232 0.196235 0.284864 0.266751 0.343382 0.00186189 0.0011996 0.000536321 0.000895352 0.00113898 0.00148385 0.0207876 0.0195014 0.0196493 
0.330342 0.359621 0.197702 0.286333 0.268798 0.345341 0.000143074 6.01749e-05 2.70829e-05 4.68554e-05 7.5041e-05 9.43603e-05 0.0153178 0.013717 0.0139814 
1.08478e-34 0.152953 0.202123 0.178008 0.107575 0.0799629 4.33461e-35 -1.20495e-06 -2.1915e-06 -1.60729e-06 -9.50823e-07 -6.89753e-07 0.00884281 0.0096456 0.00837865 
1.08478e-34 1.10873e-34 0.152953 0.0799635 0.0799629 -1.73127e-35 4.33461e-35 5.06057e-35 -1.20495e-06 -2.05297e-07 -6.89753e-07 9.39515e-35 0.00884281 0.0103236 0.0096456 
0.306621 0.202123 0.152953 0.178008 0.235365 0.257183 -3.11696e-06 -2.1915e-06 -1.20495e-06 -1.60729e-06 -2.31094e-06 -2.71675e-06 0.00962473 0.00837865 0.0096456 
1.16152e-34 1.11886e-34 0.153825 0.0806427 0.0811311 -1.5436e-35 -1.14127e-34 -1.03991e-34 0.000547744 0.000188437 0.000207379 -2.18759e-34 0.0232066 0.021112 0.0221106 
2.90808e-34 3.63409e-34 0.337342 0.172596 0.154819 -1.69282e-35 -2.81063e-34 -2.9648e-34 -0.0276637 -0.0103478 -0.00659699 -5.35694e-34 -0.0529777 -0.0566274 -0.0539058 
1.39939e-34 2.46462e-34 0.214452 0.103406 0.0868707 -2.40291e-35 -1.3569e-34 -1.98848e-34 -0.0180421 -0.00896808 -0.00561905 -3.06403e-34 -0.0259342 -0.0363871 -0.031772 
1.1002e-34 1.09056e-34 0.149499 0.0780479 0.0780875 -1.41432e-35 -8.00516e-35 -7.2775e-35 4.09696e-05 1.3593e-05 1.83538e-05 -1.52885e-34 0.0162195 0.0147403 0.0154778 
1.08726e-34 1.07092e-34 0.146023 0.0761329 0.0761683 -1.10801e-35 7.24923e-35 7.97465e-35 3.49389e-05 1.75096e-05 1.11662e-05 1.52186e-34 0.0147853 0.0162599 0.0155246 
1.10078e-34 1.06129e-34 0.146135 0.0762222 0.0762271 -1.10777e-35 5.7888e-35 6.51857e-35 4.08968e-06 2.3547e-06 1.02348e-06 1.23064e-34 0.0118089 0.0132965 0.012552 
1.07117e-34 1.04069e-34 0.143526 0.0741485 0.0746095 -1.14082e-35 9.95724e-35 1.0411e-34 0.000494171 0.000192012 0.000148715 2.03103e-34 0.0202629 0.02115 0.0207495 
1.06873e-34 1.05215e-34 0.14542 0.075658 0.0758131 -1.1109e-35 8.6865e-35 9.35923e-35 0.000159663 6.73553e-05 5.43673e-05 1.80263e-34 0.0177054 0.0190621 0.0183978 
9.70672e-35 9.12801e-35 0.13046 0.0638415 0.0652899 -1.36978e-35 9.7414e-35 8.41469e-35 0.00160189 0.000383663 0.000468299 1.79975e-34 0.0196701 0.0169766 0.018448 
1.02221e-34 9.78482e-35 0.138633 0.0702746 0.0713459 -1.21726e-35 1.06164e-34 1.04608e-34 0.00111981 0.000399356 0.000399163 2.09571e-34 0.0215331 0.0211696 0.02146 
0.908373 0.866356 0.811539 0.841 0.886296 0.910825 -0.182777 -0.175903 -0.242884 -0.217291 -0.224215 -0.199832 -0.072111 -0.121475 -0.0935519 
1.07393e-34 9.92336e-35 0.1443 0.0752093 0.0752089 -9.5739e-36 -5.10844e-35 -4.3818e-35 -1.30862e-06 -7.88662e-07 -1.59963e-07 -9.49029e-35 0.0103446 0.00887297 0.00960939 
1.09862e-34 1.09064e-34 0.147138 0.0767571 0.0767626 -1.21047e-35 -6.55555e-35 -5.83278e-35 4.11224e-06 1.32118e-06 2.89442e-06 -1.23894e-34 0.0132765 0.0118116 0.0125565 
8.76062e-35 8.13831e-35 0.122914 0.0578938 0.0582298 -1.32603e-35 6.1455e-35 3.51175e-35 -0.000257511 -0.000751945 -1.07828e-05 9.68294e-35 0.0124289 0.0072752 0.00990416 
1.10581e-34 1.09176e-34 0.147045 0.0767331 0.0768896 -1.13018e-35 -9.53302e-35 -8.74867e-35 0.000176214 5.34783e-05 6.52767e-05 -1.83033e-34 0.0193383 0.0177317 0.018534 
1.18716e-34 1.12733e-34 0.148348 0.0781765 0.0790989 -5.23104e-36 -1.4311e-34 -1.26919e-34 0.00105105 0.000346661 0.000303416 -2.71149e-34 0.0291316 0.0258197 0.0273947 
0.456916 0.476871 0.497788 0.489371 0.482052 0.466503 0.00376006 -0.00960234 -0.00260772 -0.00582278 0.000799825 -0.000898266 0.0224192 0.022433 0.0257192 
0.925838 0.866356 0.937238 0.94234 0.964624 0.901382 -0.127504 -0.175903 -0.137619 -0.175841 -0.14845 -0.150362 -0.111501 -0.121475 -0.0774799 
4.09415e-34 3.27019e-34 -0.030525 -0.0106936 -0.00987382 7.61958e-34 9.3841e-35 3.93845e-35 0.0909506 0.0612271 0.0853645 1.20158e-35 -0.101539 -0.0814465 -0.0908644 
0.998789 0.99958 0.840758 0.956597 0.965948 0.999618 -0.0216874 -0.0140857 -0.0112191 -0.014049 -0.0188126 -0.0171909 -0.0658751 -0.0577662 -0.0643557 
0.990547 0.840758 0.99958 0.956597 0.996998 0.939162 -0.0081391 -0.0112191 -0.0140857 -0.014049 -0.0116428 -0.0108055 -0.0500285 -0.0643557 -0.0577662 
1.99394e-34 0.437824 0.75 0.609572 0.4375 0.234568 3.15328e-35 -0.000291149 -6.84826e-37 -0.000232943 -2.49891e-37 -0.000133094 -0.013279 -0.0189652 -0.0130611 
0.311685 0.362325 0.217044 0.296394 0.26703 0.338116 0.00368081 0.00477803 0.00216273 0.00335164 0.00309954 0.00432947 0.0272268 0.0296065 0.0310782 
8.13831e-35 0.186794 0.122914 0.153063 0.0578938 0.0852724 3.51175e-35 -0.00219815 -0.000257511 -0.00147297 -0.000751945 -0.000685182 0.0072752 0.00565371 0.00990416 
0.296402 0.122914 0.186794 0.153063 0.245053 0.213237 -0.00317142 -0.000257511 -0.00219815 -0.00147297 -0.00391542 -0.00115312 0.0113317 0.00990416 0.00565371 
0.908373 0.937238 0.866356 0.94234 0.910825 0.92729 -0.182777 -0.137619 -0.175903 -0.175841 -0.199832 -0.161117 -0.072111 -0.0774799 -0.121475 
0.504116 0.497788 0.476871 0.489371 0.498167 0.502089 -0.0155407 -0.00260772 -0.00960234 -0.00582278 -0.0133127 -0.00821946 0.0285391 0.0257192 0.022433 
0.305096 0.1443 0.196285 0.170805 0.253694 0.230698 -3.46123e-06 -1.30862e-06 -1.93917e-06 -1.50416e-06 -2.24585e-06 -2.22655e-06 0.00969801 0.00960939 0.00846545 
9.92336e-35 0.196285 0.1443 0.170805 0.0752093 0.104222 -4.3818e-35 -1.93917e-06 -1.30862e-06 -1.50416e-06 -7.88662e-07 -9.07767e-07 0.00887297 0.00846545 0.00960939 
-0.0334879 -0.0743517 -0.0962357 -0.0917511 -0.090686 -0.0686067 -0.0390478 0.0166548 0.0122799 0.0195149 -0.0118563 -0.00492231 -0.0386956 -0.0837739 -0.0710041 
0.925838 0.572805 0.866356 0.773996 0.901382 0.802648 -0.127504 -0.0983347 -0.175903 -0.152043 -0.150362 -0.11968 -0.111501 -0.144043 -0.121475 
5.68021e-36 0.0775532 0.00626337 0.0406728 -0.0178175 0.0112618 -1.19561e-34 -0.0381338 -0.0377501 -0.0405503 -0.0128248 -0.0135655 0.020783 0.0278754 0.0032977 
8.56605e-34 0.0784983 0.572805 0.257751 0.316834 0.0615439 3.35155e-34 0.118398 -0.0983347 0.0126253 -0.0418178 0.0739614 -0.147017 -0.140424 -0.144043 
0.207806 0.160688 0.300072 0.235399 0.258689 0.190757 -0.0911911 -0.0319117 -0.0743278 -0.0557528 -0.0846415 -0.0620689 0.0378483 0.0429394 0.0461209 
0.306343 0.197702 0.359621 0.286333 0.334055 0.255037 1.52657e-05 2.70829e-05 6.01749e-05 4.68554e-05 3.22894e-05 2.36628e-05 0.0124909 0.0139814 0.013717 
0.272356 0.300072 0.160688 0.235399 0.219226 0.290555 -0.0332969 -0.0743278 -0.0319117 -0.0557528 -0.0352725 -0.052283 0.0463791 0.0461209 0.0429394 
0.305381 0.196235 0.358232 0.284864 0.332907 0.253844 0.000565298 0.000536321 0.0011996 0.000895352 0.000839183 0.000604424 0.018376 0.0196493 0.0195014 
0.298334 0.186 0.349537 0.274876 0.324831 0.245108 0.00391588 0.00267442 0.00555521 0.0041601 0.00481762 0.0034835 0.0217964 0.0207105 0.0217048 
0.311431 0.200495 0.363707 0.29 0.338591 0.258985 0.00190317 0.000540348 0.00161529 0.00104328 0.0017831 0.00112204 0.022022 0.0202318 0.0204051 
0.307623 0.198493 0.361404 0.287758 0.335607 0.256087 0.000151723 2.79706e-05 9.43329e-05 6.43604e-05 0.000119739 7.83506e-05 0.0155129 0.0140573 0.014285 
0.461146 0.46686 0.495203 0.484216 0.482262 0.464071 0.000297987 0.000618273 0.000433821 0.000518149 0.000360034 0.000430381 0.0155227 0.0169258 0.0159592 
0.451013 0.446263 0.362325 0.409716 0.412121 0.448966 0.00591112 0.00395619 0.00477803 0.0048778 0.005407 0.00501915 0.028647 0.0313354 0.0296065 
0.5 0.495203 0.46686 0.484216 0.49155 0.498739 0.000711946 0.000433821 0.000618273 0.000518149 0.000675179 0.000560541 0.0169135 0.0159592 0.0169258 
0.471651 0.507434 0.476871 0.494045 0.47261 0.495778 -0.0315113 -0.0331134 -0.00960234 -0.0191625 -0.0194948 -0.0324192 0.0173166 0.0253268 0.022433 
1.14446e-34 0.192708 0.19896 0.195842 0.105759 0.102192 2.88702e-35 -1.47957e-06 -1.07621e-06 -1.17375e-06 -1.9631e-07 -4.47388e-07 0.00588966 0.0062407 0.00526073 
0.459241 0.464128 0.494415 0.482521 0.480769 0.461811 0.00351547 0.00514479 0.00454057 0.00493281 0.00397896 0.00433722 0.0211666 0.0222391 0.0216894 
0.504116 0.476871 0.507434 0.494045 0.505591 0.498167 -0.0155407 -0.00960234 -0.0331134 -0.0191625 -0.0237143 -0.0133127 0.0285391 0.022433 0.0253268 
0.499977 0.494415 0.464128 0.482521 0.490059 0.498333 0.00582296 0.00454057 0.00514479 0.00493281 0.00570701 0.00517858 0.0228286 0.0216894 0.0222391 
1.1438e-34 0.204651 0.187096 0.195937 0.0990018 0.109019 -2.924e-35 -1.28829e-06 -1.4684e-06 -1.35319e-06 -4.91837e-07 -4.17919e-07 0.00592095 0.00540572 0.00635668 
0.499999 0.491752 0.495768 0.499833 0.498959 0.497912 -7.07645e-06 -9.10346e-06 -8.29523e-06 -7.59142e-06 -8.1429e-06 -8.8836e-06 0.00907808 0.00794089 0.00800885 
0.453638 0.468706 0.495092 0.484754 0.479641 0.46154 -5.55251e-06 7.48489e-06 -3.14033e-06 4.79107e-07 -3.94019e-06 -2.42791e-06 0.00946998 0.0109344 0.0100575 
0.5 0.495092 0.468706 0.484754 0.492113 0.498746 7.73589e-06 -3.14033e-06 7.48489e-06 4.79107e-07 5.42339e-06 1.38407e-06 0.0110306 0.0100575 0.0109344 
0.925838 0.937238 0.969944 0.954775 0.97501 0.964624 -0.127504 -0.137619 -0.0995126 -0.120158 -0.122951 -0.14845 -0.111501 -0.0774799 -0.0829532 
0.5 0.495374 0.467643 0.484634 0.491976 0.498868 7.73589e-06 3.06835e-05 7.76958e-06 1.6656e-05 9.95599e-06 1.68585e-05 0.0110306 0.0120005 0.011097 
0.461674 0.467643 0.495374 0.484634 0.482603 0.464719 4.0496e-05 7.76958e-06 3.06835e-05 1.6656e-05 3.29482e-05 2.12567e-05 0.0124813 0.011097 0.0120005 
0.31472 0.202123 0.357897 0.287136 0.337024 0.261748 -3.77547e-06 -2.1915e-06 -5.70553e-06 -3.12572e-06 -5.24222e-06 -2.3296e-06 0.00715423 0.00837865 0.00841939 
0.306621 0.357897 0.202123 0.287136 0.257183 0.333245 -3.11696e-06 -5.70553e-06 -2.1915e-06 -3.12572e-06 -2.71675e-06 -4.98716e-06 0.00962473 0.00841939 0.00837865 
0.553238 0.801647 0.673754 0.740175 0.626396 0.696838 -0.0840188 -0.165661 -0.136735 -0.15445 -0.109136 -0.125677 -0.0301675 -0.0413397 -0.0203907 
0.455585 0.700693 0.811539 0.756562 0.652914 0.594983 -0.25884 -0.27913 -0.242884 -0.26485 -0.27387 -0.296111 -0.103308 -0.0613879 -0.0935519 
0.5 0.495568 0.469977 0.485619 0.492652 0.498951 0.000711946 0.00108189 0.00067641 0.000865629 0.000706737 0.000881734 0.0169135 0.0178738 0.0169971 
0.462481 0.469977 0.495568 0.485619 0.483064 0.466314 0.00120382 0.00067641 0.00108189 0.000865629 0.0011542 0.00090656 0.0183589 0.0169971 0.0178738 
0.800449 0.673754 0.801647 0.740175 0.813585 0.756535 -0.232134 -0.136735 -0.165661 -0.15445 -0.203489 -0.18524 -0.0402011 -0.0203907 -0.0413397 
0.469499 0.866356 0.572805 0.773996 0.516456 0.725029 -0.113953 -0.175903 -0.0983347 -0.152043 -0.0988429 -0.186049 -0.165527 -0.121475 -0.144043 
0.499977 0.499448 0.473957 0.491294 0.494352 0.50004 0.00582296 0.00686181 0.00555568 0.00636658 0.00566303 0.00643152 0.0228286 0.0240315 0.0235189 
0.800449 0.811539 0.700693 0.756562 0.774725 0.818264 -0.232134 -0.242884 -0.27913 -0.26485 -0.264277 -0.248572 -0.0402011 -0.0935519 -0.0613879 
0.356657 0.373264 0.186794 0.285052 0.265511 0.363878 -0.0269428 -0.0213271 -0.00219815 -0.0103129 -0.0119833 -0.0247298 0.000961355 0.00860675 0.00565371 
0.458377 0.473957 0.499448 0.491294 0.486792 0.466706 0.00662106 0.00555568 0.00686181 0.00636658 0.00705409 0.00614886 0.0260821 0.0235189 0.0240315 
0.783575 0.969944 0.937238 0.954775 0.88552 0.899263 -0.0839218 -0.0995126 -0.137619 -0.120158 -0.112051 -0.0968206 -0.0615623 -0.0829532 -0.0774799 
0.365541 0.523335 0.316669 0.434497 0.346413 0.429896 -0.185575 -0.258287 -0.26382 -0.269888 -0.230915 -0.232102 0.0355566 0.00960914 -0.000201127 
0.588003 0.316669 0.523335 0.434497 0.553558 0.450211 -0.279703 -0.26382 -0.258287 -0.269888 -0.270717 -0.284325 -0.0205687 -0.000201127 0.00960914 
0.28919 0.342819 0.196285 0.275531 0.244852 0.316987 -2.86806e-06 -5.91618e-06 -1.93917e-06 -2.9086e-06 -2.29021e-06 -4.12714e-06 0.0072637 0.00830752 0.00846545 
-0.0721188 -0.0962357 -0.0743517 -0.0917511 -0.0787317 -0.0802731 0.0626075 0.0122799 0.0166548 0.0195149 0.0394992 0.0364624 -0.0876475 -0.0710041 -0.0837739 
0.296402 0.186794 0.373264 0.285052 0.332318 0.245053 -0.00317142 -0.00219815 -0.0213271 -0.0103129 -0.0103135 -0.00391542 0.0113317 0.00565371 0.00860675 
0.305096 0.196285 0.342819 0.275531 0.324464 0.253694 -3.46123e-06 -1.93917e-06 -5.91618e-06 -2.9086e-06 -5.28999e-06 -2.24585e-06 0.00969801 0.00846545 0.00830752 
0.466279 0.497479 0.472724 0.488405 0.469587 0.48633 -6.46319e-06 -6.14455e-06 -4.51654e-06 -5.5805e-06 -5.33655e-06 -6.90483e-06 0.00669597 0.00600096 0.00528839 
0.559543 0.495675 0.543438 0.529924 0.555543 0.524347 -0.200898 -0.148215 -0.114335 -0.133463 -0.154357 -0.176171 0.0238347 0.0350891 0.0242289 
0.501253 0.494505 0.491723 0.500678 0.4987 0.499292 0.00376432 0.00660091 0.00741169 0.00699127 0.00630701 0.00557112 0.0269451 0.0268733 0.0245622 
0.499984 0.494167 0.493267 0.500006 0.498082 0.498781 0.00338818 0.00237943 0.00238754 0.00238828 0.00287355 0.00286745 0.0208453 0.0198351 0.0198552 
0.499999 0.49366 0.493722 0.499999 0.498377 0.498467 0.000259301 0.000136582 0.000139361 0.00014289 0.000191334 0.000189116 0.0149622 0.013949 0.0139897 
0.499654 0.472724 0.497479 0.488405 0.499749 0.494628 -4.49572e-06 -4.51654e-06 -6.14455e-06 -5.5805e-06 -5.41677e-06 -4.76076e-06 0.00481128 0.00528839 0.00600096 
0.498848 0.495768 0.491752 0.499833 0.496109 0.499757 -6.93076e-06 -8.29523e-06 -9.10346e-06 -7.59142e-06 -7.85821e-06 -7.29003e-06 0.00687258 0.00800885 0.00794089 
0.499999 0.493722 0.49366 0.499999 0.498399 0.498446 7.47162e-05 0.000139361 0.000136582 0.00014289 0.000103106 0.000103991 0.0129906 0.0139897 0.013949 
0.499993 0.493267 0.494167 0.500006 0.498598 0.498248 0.00164481 0.00238754 0.00237943 0.00238828 0.00198426 0.00199229 0.0188763 0.0198552 0.0198351 
0.50034 0.491723 0.494505 0.500678 0.499609 0.497617 0.00745778 0.00741169 0.00660091 0.00699127 0.0072782 0.00754963 0.0246138 0.0245622 0.0268733 
3.27019e-34 -0.0477004 -0.030525 -0.0374977 -0.0106936 -0.015802 3.93845e-35 0.0377596 0.0909506 0.0648759 0.0612271 0.0387438 -0.0814465 -0.0811486 -0.0908644 
-0.0721188 -0.030525 -0.0477004 -0.0374977 -0.0635755 -0.0553187 0.0626075 0.0909506 0.0377596 0.0648759 0.0571046 0.0838128 -0.0876475 -0.0908644 -0.0811486 
4.09415e-34 -0.030525 -0.0616244 -0.0422973 -0.01707 -0.00987382 9.3841e-35 0.0909506 0.0998883 0.111255 0.130465 0.0853645 -0.101539 -0.0908644 -0.110564 
-0.0721188 -0.0616244 -0.030525 -0.0422973 -0.0553187 -0.070369 0.0626075 0.0998883 0.0909506 0.111255 0.0838128 0.0874245 -0.0876475 -0.110564 -0.0908644 
