0.425527 0.826248 7.52286e-34 0.54201 0.236103 0.657536 -0.0492185 -0.0272257 3.10704e-34 -0.0352093 -0.0305266 -0.0469615 -0.125342 -0.117941 -0.137657 
-0.106071 -0.130761 0.183391 0.0308124 0.0311659 -0.112174 0.0800122 0.0613442 0.0110251 0.0420144 0.0580254 0.0751771 -0.137131 -0.149652 -0.150421 
0.502925 0.455968 0.502923 0.499329 0.503499 0.492189 0.0194199 0.0417895 0.0311282 0.0380685 0.0249853 0.0296983 0.0103263 0.0176592 0.00901964 
0.556693 0.381695 0.602378 0.524836 0.579161 0.493591 0.132049 0.126522 0.123597 0.13392 0.130324 0.13908 -0.0026079 -0.0290588 -0.00959764 
0.604374 0.347094 0.671613 0.524429 0.638692 0.484994 -0.0808809 -0.0947336 -0.142012 -0.122308 -0.110901 -0.0928811 -0.0607775 -0.0701349 -0.049748 
0.243674 0.242209 0.753932 0.491083 0.489216 0.2422 -0.0507697 -0.101056 -0.219255 -0.160218 -0.137478 -0.0770808 -0.155624 -0.14826 -0.12922 
0.38756 0.323222 0.216713 0.273715 0.314287 0.359532 0.0120889 0.000212876 0.00275076 0.00207651 0.00748378 0.00509124 0.0182076 0.0154929 0.0190756 
0.757252 0.577205 0.740893 0.705376 0.749516 0.728714 -0.274792 -0.252698 -0.250115 -0.264508 -0.265028 -0.279809 -0.0563605 -0.0384581 -0.0396095 
0.883067 0.826248 0.425527 0.657536 0.706613 0.857493 -0.0525228 -0.0272257 -0.0492185 -0.0469615 -0.0518792 -0.0408001 -0.116043 -0.117941 -0.125342 
0.594261 0.274247 0.481951 0.392092 0.545143 0.445534 -0.0937072 -0.0351175 -0.0254042 -0.0389941 -0.057688 -0.073448 0.022628 0.0405007 0.0273918 
0.757252 0.687473 0.577205 0.631371 0.728714 0.759505 -0.274792 -0.284745 -0.252698 -0.272023 -0.279809 -0.290961 -0.0563605 -0.0743165 -0.0384581 
0.366097 0.328526 0.472807 0.416784 0.430163 0.348074 -0.00578382 -0.00485805 -0.00767657 -0.00655002 -0.00729173 -0.0055631 0.00654832 0.00977692 0.00788427 
0.45572 0.472807 0.328526 0.416784 0.403665 0.464851 -0.00416118 -0.00767657 -0.00485805 -0.00655002 -0.00554064 -0.0062065 0.0103879 0.00788427 0.00977692 
0.556693 0.528453 0.513975 0.550777 0.535635 0.565969 0.132049 0.0847099 0.12361 0.106654 0.129046 0.1099 -0.0026079 0.00442551 0.00427879 
0.502925 0.455248 0.496886 0.49557 0.500573 0.489909 0.0194199 0.00349836 0.00925709 0.00686018 0.0140651 0.0104126 0.0103263 0.00555544 0.0112253 
0.500606 0.455248 0.488572 0.474365 0.496696 0.488249 0.00173988 0.00349836 -0.00486985 -0.00120535 -0.00205709 0.0025217 0.00874752 0.00555544 0.00682523 
0.488572 0.455248 0.431478 0.443186 0.465652 0.474365 -0.00486985 0.00349836 -0.00384197 -0.000441648 -0.00432745 -0.00120535 0.00682523 0.00555544 0.00527023 
0.489422 0.270211 0.363865 0.322342 0.429629 0.397976 0.0646355 0.020017 0.0341999 0.0285379 0.0481666 0.0393818 0.0058961 0.00820029 0.00422247 
0.594261 0.481951 0.702384 0.636215 0.677949 0.545143 -0.0937072 -0.0254042 -0.0158763 -0.0229369 -0.0563465 -0.057688 0.022628 0.0273918 -0.0135696 
-0.0102879 -0.0215923 -0.0297707 -0.0362975 -0.0227336 -0.0216035 0.0420334 0.0292357 0.0580306 0.0449354 0.0471667 0.0405754 -0.122627 -0.122217 -0.121836 
0.851847 0.841773 0.798249 0.88003 0.824579 0.895154 -0.183129 -0.20135 -0.208473 -0.230909 -0.199019 -0.209169 -0.0865051 -0.12286 -0.0768017 
0.687473 0.568779 0.316945 0.439065 0.514254 0.63422 -0.284745 -0.212861 -0.183616 -0.199664 -0.236635 -0.256673 -0.0743165 -0.122965 -0.0845115 
0.753932 0.798249 0.841773 0.88003 0.798932 0.863554 -0.219255 -0.208473 -0.20135 -0.230909 -0.213617 -0.252222 -0.12922 -0.0768017 -0.12286 
0.489422 0.363865 0.528453 0.468535 0.515783 0.429629 0.0646355 0.0341999 0.0847099 0.0577419 0.0765654 0.0481666 0.0058961 0.00422247 0.00442551 
0.38756 0.459642 0.323222 0.404562 0.359532 0.428799 0.0120889 0.00311604 0.000212876 0.00154501 0.00509124 0.0074019 0.0182076 0.0130025 0.0154929 
0.804158 0.568779 0.687473 0.63422 0.75376 0.725809 -0.291025 -0.212861 -0.284745 -0.256673 -0.294179 -0.274594 -0.0857263 -0.122965 -0.0743165 
0.376114 0.287889 0.455248 0.385018 0.420164 0.332734 0.00803814 -0.00075644 0.00349836 0.00113382 0.00631469 0.00289141 0.00341421 0.00345312 0.00555544 
0.38756 0.301186 0.455968 0.3897 0.42556 0.348436 0.0120889 0.0192615 0.0417895 0.0323918 0.0254311 0.0159699 0.0182076 0.0215536 0.0176592 
0.604374 0.702384 0.507726 0.651027 0.554298 0.682546 -0.0808809 -0.0158763 -0.0165576 -0.00874691 -0.0476918 -0.0402751 -0.0607775 -0.0135696 -0.0683893 
0.250434 0.093455 0.381695 0.226072 0.307086 0.170854 0.100038 0.0654848 0.126522 0.0966553 0.116044 0.0858932 -0.00297623 -0.026281 -0.0290588 
0.125621 0.0501963 0.347094 0.184359 0.231311 0.0864808 -0.0421168 -0.0459109 -0.0947336 -0.0752859 -0.0720252 -0.0525582 -0.0771294 -0.0664036 -0.0701349 
0.250434 0.248672 0.0626196 0.157465 0.150124 0.249335 0.100038 0.0637364 0.0319533 0.0526511 0.0689393 0.0838237 -0.00297623 0.0161256 -0.000853828 
0.38756 0.216713 0.301186 0.265165 0.348436 0.314287 0.0120889 0.00275076 0.0192615 0.00962989 0.0159699 0.00748378 0.0182076 0.0190756 0.0215536 
0.250434 0.427833 0.248672 0.338842 0.249335 0.348095 0.100038 0.110582 0.0637364 0.0914968 0.0838237 0.111889 -0.00297623 0.0109274 0.0161256 
0.125621 0.0501153 -0.0595513 -0.0225079 0.012541 0.079187 -0.0421168 0.0121152 -0.0189619 -0.0182465 -0.0364857 -0.0169646 -0.0771294 -0.0717471 -0.0698331 
0.250434 0.0626196 0.093455 0.0720075 0.170854 0.150124 0.100038 0.0319533 0.0654848 0.0512537 0.0858932 0.0689393 -0.00297623 -0.000853828 -0.026281 
0.432991 0.195799 0.115169 0.160105 0.254725 0.303617 -0.119004 -0.0456635 -0.0132508 -0.0271871 -0.0486807 -0.0733197 -0.0570868 -0.0551404 -0.0589649 
0.125621 -0.0595513 0.0501963 -0.0080216 0.0864808 0.012541 -0.0421168 -0.0189619 -0.0459109 -0.0352908 -0.0525582 -0.0364857 -0.0771294 -0.0698331 -0.0664036 
0.417244 0.248672 0.427833 0.338842 0.422633 0.342682 0.0720142 0.0637364 0.110582 0.0914968 0.0909816 0.0725676 0.0182152 0.0161256 0.0109274 
0.125621 0.327607 0.0501153 0.174976 0.079187 0.216539 -0.0421168 0.00469195 0.0121152 0.00398965 -0.0169646 -0.0286458 -0.0771294 -0.0767574 -0.0717471 
0.289151 0.0501153 0.327607 0.174976 0.302888 0.156865 0.068177 0.0121152 0.00469195 0.00398965 0.0376038 0.0337379 -0.0590356 -0.0717471 -0.0767574 
0.387555 0.462013 0.485714 0.475366 0.448196 0.429734 -0.00373884 -0.00350278 -0.00645187 -0.00484074 -0.00515708 -0.00368932 0.00281621 0.00157037 0.00319333 
0.500023 0.485714 0.462013 0.475366 0.490031 0.496191 -0.00504364 -0.00645187 -0.00350278 -0.00484074 -0.00436688 -0.00578898 0.00210197 0.00319333 0.00157037 
0.432991 0.560485 0.195799 0.368116 0.303617 0.50228 -0.119004 -0.182292 -0.0456635 -0.107123 -0.0733197 -0.154099 -0.0570868 -0.0569982 -0.0551404 
0.362168 0.195799 0.560485 0.368116 0.456174 0.275993 -0.113756 -0.0456635 -0.182292 -0.107123 -0.144271 -0.0840274 -0.0593645 -0.0551404 -0.0569982 
0.594261 0.69778 0.367357 0.564702 0.49976 0.652705 -0.0937072 -0.198487 -0.117104 -0.163435 -0.113011 -0.143093 0.022628 -0.00805581 0.0297858 
0.649447 0.4811 0.619181 0.569614 0.636314 0.578223 0.0460017 0.0429372 0.0925488 0.0650792 0.0733279 0.0502303 -0.00113552 0.0112424 -0.00216136 
0.489422 0.619181 0.4811 0.569614 0.488557 0.562356 0.0646355 0.0925488 0.0429372 0.0650792 0.0566857 0.0800281 0.0058961 -0.00216136 0.0112424 
0.474396 0.334512 0.472669 0.416871 0.472457 0.412762 0.0493426 0.0158272 0.0318084 0.0243681 0.0406654 0.0305773 0.00448284 0.00244394 0.00557758 
0.376114 0.472669 0.334512 0.416871 0.355216 0.429909 0.00803814 0.0318084 0.0158272 0.0243681 0.0120376 0.0182253 0.00341421 0.00557758 0.00244394 
0.511277 0.502923 0.455968 0.499329 0.492222 0.508598 0.0523768 0.0311282 0.0417895 0.0380685 0.0484146 0.041004 0.0112489 0.00901964 0.0176592 
0.432991 0.363005 0.798249 0.612097 0.635473 0.402248 -0.119004 -0.074799 -0.208473 -0.145963 -0.168588 -0.0976556 -0.0570868 -0.0618744 -0.0768017 
0.581765 0.602378 0.381695 0.524836 0.486909 0.597792 0.11525 0.123597 0.126522 0.13392 0.125339 0.122017 -0.025689 -0.00959764 -0.0290588 
0.45572 0.459642 0.497951 0.48475 0.483665 0.458084 -0.00416118 0.00311604 -0.0040008 -0.00101674 -0.00444087 -0.000951185 0.0103879 0.0130025 0.00855615 
0.66199 0.671613 0.347094 0.524429 0.513225 0.666651 -0.180753 -0.142012 -0.0947336 -0.122308 -0.133936 -0.162788 -0.0526734 -0.049748 -0.0701349 
2.70748e-34 0.212994 0.289721 0.25321 0.159406 0.112701 -2.09814e-35 -0.00125843 -0.00327453 -0.00219405 -0.00125134 -0.000660675 0.0038023 0.0028943 0.00382552 
0.500606 0.497951 0.459642 0.48475 0.491378 0.5001 0.00173988 -0.0040008 0.00311604 -0.00101674 0.00255716 -0.00148593 0.00874752 0.00855615 0.0130025 
9.32749e-35 2.74478e-34 0.217173 0.117386 0.116628 -9.24547e-35 1.40028e-35 2.25623e-35 -0.00121384 -0.000628876 -0.000283119 3.93427e-35 0.00291686 0.0050194 0.00284574 
0.217173 2.74478e-34 0.299406 0.167355 0.259657 0.117386 -0.00121384 2.25623e-35 -0.00322156 -0.00121185 -0.00215692 -0.000628876 0.00284574 0.0050194 0.00454025 
0.649447 0.649684 0.702384 0.682272 0.678919 0.670452 0.0460017 0.0804751 -0.0158763 0.0379148 0.0183457 0.0690354 -0.00113552 -0.029238 -0.0135696 
0.376114 0.181233 0.287889 0.236821 0.332734 0.287147 0.00803814 0.000848248 -0.00075644 0.000727951 0.00289141 0.00449905 0.00341421 0.00256321 0.00345312 
0.591702 0.702384 0.649684 0.682272 0.627272 0.671044 0.036785 -0.0158763 0.0804751 0.0379148 0.0641052 0.0183703 -0.0509128 -0.0135696 -0.029238 
0.528946 0.513975 0.528453 0.550777 0.541285 0.524714 0.0972597 0.12361 0.0847099 0.106654 0.0936522 0.110952 0.00866385 0.00427879 0.00442551 
0.500606 0.496886 0.455248 0.49557 0.488249 0.500239 0.00173988 0.00925709 0.00349836 0.00686018 0.0025217 0.00518747 0.00874752 0.0112253 0.00555544 
-0.0297707 -0.0215923 -0.0454009 -0.0337964 -0.049307 -0.0362975 0.0580306 0.0292357 0.0341053 0.0310967 0.0486427 0.0449354 -0.121836 -0.122217 -0.123365 
8.32563e-34 0.843794 0.842564 0.843324 0.511049 0.510893 -3.05627e-34 -0.00268033 -0.00529536 -0.00374553 -0.00197302 -0.00139972 -0.0616706 -0.0568788 -0.0697836 
0.432991 0.115169 0.363005 0.218294 0.402248 0.254725 -0.119004 -0.0132508 -0.074799 -0.0346921 -0.0976556 -0.0486807 -0.0570868 -0.0589649 -0.0618744 
0.323222 0.169046 0.216713 0.194724 0.273715 0.253312 0.000212876 -0.000272209 0.00275076 0.000753229 0.00207651 -0.000247108 0.0154929 0.0158015 0.0190756 
0.376114 0.334512 0.181233 0.25848 0.287147 0.355216 0.00803814 0.0158272 0.000848248 0.00660348 0.00449905 0.0120376 0.00341421 0.00244394 0.00256321 
0.556693 0.420146 0.381695 0.39982 0.493591 0.498595 0.132049 0.131816 0.126522 0.131908 0.13908 0.13705 -0.0026079 -0.00380692 -0.0290588 
0.604374 0.348181 0.347094 0.345091 0.484994 0.487021 -0.0808809 -0.0503643 -0.0947336 -0.0742797 -0.0928811 -0.0623104 -0.0607775 -0.0770838 -0.0701349 
0.502925 0.470701 0.455968 0.464527 0.492189 0.494465 0.0194199 0.0181097 0.0417895 0.0287798 0.0296983 0.0188174 0.0103263 0.0147444 0.0176592 
0.489422 0.4811 0.270211 0.384876 0.397976 0.488557 0.0646355 0.0429372 0.020017 0.0319109 0.0393818 0.0566857 0.0058961 0.0112424 0.00820029 
2.02655e-34 0.271778 0.212994 0.243251 0.114556 0.149267 -8.43367e-36 -0.00141516 -0.00125843 -0.00140844 -0.000272236 -0.000477972 0.00153485 0.00184616 0.0028943 
0.591702 0.507726 0.702384 0.651027 0.671044 0.551626 0.036785 -0.0165576 -0.0158763 -0.00874691 0.0183703 0.0114854 -0.0509128 -0.0683893 -0.0135696 
0.45572 0.372658 0.459642 0.423316 0.458084 0.4198 -0.00416118 -0.00369146 0.00311604 -0.00111239 -0.000951185 -0.00411835 0.0103879 0.0123904 0.0130025 
0.323222 0.459642 0.372658 0.423316 0.349242 0.404562 0.000212876 0.00311604 -0.00369146 -0.00111239 -0.0019388 0.00154501 0.0154929 0.0130025 0.0123904 
0.387555 0.437837 0.289721 0.374607 0.342419 0.414724 -0.00373884 -0.00695321 -0.00327453 -0.00526416 -0.00367559 -0.00529491 0.00281621 0.00414342 0.00382552 
0.594261 0.367357 0.274247 0.32589 0.445534 0.49976 -0.0937072 -0.117104 -0.0351175 -0.0776088 -0.073448 -0.113011 0.022628 0.0297858 0.0405007 
0.243674 0.753932 0.526813 0.646716 0.376232 0.489216 -0.0507697 -0.219255 -0.120488 -0.172324 -0.083862 -0.137478 -0.155624 -0.12922 -0.145772 
2.70748e-34 9.17084e-35 0.212994 0.113505 0.112701 -9.28934e-35 -2.09814e-35 -1.50136e-35 -0.00125843 -0.000299268 -0.000660675 -3.30565e-35 0.0038023 0.00297754 0.0028943 
-0.0297707 -0.0783788 -0.0125688 -0.0747025 -0.0245756 -0.0642034 0.0580306 0.0472557 0.0728808 0.0727212 0.06819 0.0613674 -0.121836 -0.125509 -0.12585 
0.481951 0.274247 0.263868 0.278431 0.379315 0.392092 -0.0254042 -0.0351175 -0.00633564 -0.0200508 -0.0184947 -0.0389941 0.0273918 0.0405007 0.0322808 
0.645633 0.740893 0.577205 0.705376 0.612942 0.713927 -0.236412 -0.250115 -0.252698 -0.264508 -0.244461 -0.248789 -0.0181998 -0.0396095 -0.0384581 
0.345559 0.289721 0.437837 0.374607 0.396788 0.318848 -0.00568722 -0.00327453 -0.00695321 -0.00526416 -0.00655577 -0.00450977 0.0045217 0.00382552 0.00414342 
0.138607 0.169935 -0.0125688 0.0626944 0.0516626 0.155101 0.0376423 -0.000319235 0.0728808 0.0468159 0.0626159 0.0223512 -0.132915 -0.11953 -0.12585 
0.474396 0.520645 0.528453 0.525916 0.501003 0.50504 0.0493426 0.0676867 0.0847099 0.0774509 0.0656214 0.0584054 0.00448284 0.00822028 0.00442551 
0.649447 0.702384 0.555175 0.648884 0.61299 0.678919 0.0460017 -0.0158763 0.0212689 0.00624437 0.0345364 0.0183457 -0.00113552 -0.0135696 0.0158693 
0.528946 0.528453 0.520645 0.525916 0.528383 0.541285 0.0972597 0.0847099 0.0676867 0.0774509 0.0822016 0.0936522 0.00866385 0.00442551 0.00822028 
0.287889 0.327474 0.455248 0.399212 0.385018 0.307875 -0.00075644 -0.00436076 0.00349836 -0.00156544 0.00113382 -0.00275918 0.00345312 0.00414148 0.00555544 
-0.130761 -0.0250537 0.183391 0.0935653 0.0308124 -0.0817298 0.0613442 0.0145271 0.0110251 0.0150537 0.0420144 0.0425199 -0.149652 -0.156854 -0.150421 
0.997071 0.993272 0.764353 0.924883 0.927518 0.996453 -0.0228805 -0.0366051 -0.0229525 -0.0322195 -0.0274671 -0.0311055 -0.0934499 -0.100766 -0.0914471 
0.301186 0.32792 0.455968 0.401929 0.3897 0.31667 0.0192615 0.0464361 0.0417895 0.0470382 0.0323918 0.0315702 0.0215536 0.0208984 0.0176592 
0.431478 0.455248 0.327474 0.399212 0.385245 0.443186 -0.00384197 0.00349836 -0.00436076 -0.00156544 -0.00426061 -0.000441648 0.00527023 0.00555544 0.00414148 
0.481951 0.555175 0.702384 0.648884 0.636215 0.525917 -0.0254042 0.0212689 -0.0158763 0.00624437 -0.0229369 -0.000913247 0.0273918 0.0158693 -0.0135696 
0.093455 0.120215 0.381695 0.246799 0.226072 0.0993519 0.0654848 0.0588071 0.126522 0.0906891 0.0966553 0.0641556 -0.026281 -0.051275 -0.0290588 
0.0501963 0.161283 0.347094 0.247703 0.184359 0.104868 -0.0459109 -0.062192 -0.0947336 -0.0906533 -0.0752859 -0.0538465 -0.0664036 -0.059514 -0.0701349 
0.407271 0.380568 0.274338 0.331651 0.347743 0.394104 -0.00405277 -0.0020366 -0.00139135 -0.00176824 -0.00258045 -0.00291863 0.0026289 0.000898795 0.001638 
0.417244 0.455968 0.32792 0.401929 0.374048 0.440208 0.0720142 0.0417895 0.0464361 0.0470382 0.060424 0.0558295 0.0182152 0.0176592 0.0208984 
0.289151 0.381695 0.120215 0.246799 0.199176 0.334394 0.068177 0.126522 0.0588071 0.0906891 0.061987 0.101893 -0.0590356 -0.0290588 -0.051275 
0.362168 0.347094 0.161283 0.247703 0.253812 0.35366 -0.113756 -0.0947336 -0.062192 -0.0906533 -0.0852643 -0.112165 -0.0593645 -0.0701349 -0.059514 
0.363865 0.270211 0.175695 0.221484 0.27724 0.322342 0.0341999 0.020017 0.00801906 0.0127446 0.0204219 0.0285379 0.00422247 0.00820029 0.0043295 
0.387555 0.271778 0.379586 0.32995 0.38381 0.335031 -0.00373884 -0.00141516 -0.00204991 -0.00177644 -0.00280225 -0.00246543 0.00281621 0.00184616 0.00115996 
0.753932 0.242209 0.568779 0.407092 0.659501 0.491083 -0.219255 -0.101056 -0.212861 -0.160959 -0.218623 -0.160218 -0.12922 -0.14826 -0.122965 
0.449529 0.169935 0.138607 0.155101 0.262346 0.306041 -0.0515509 -0.000319235 0.0376423 0.0223512 -0.00729667 -0.0214655 -0.126708 -0.11953 -0.132915 
-3.31845e-35 -7.01259e-35 -0.0783788 -0.0438881 -0.0243217 5.6946e-35 6.37819e-34 6.70726e-34 0.0472557 0.0128811 0.00793576 1.25466e-33 -0.126004 -0.131072 -0.125509 
0.407271 0.467693 0.380568 0.43097 0.394104 0.441355 -0.00405277 -0.00347902 -0.0020366 -0.00275284 -0.00291863 -0.00381604 0.0026289 0.00125108 0.000898795 
0.387555 0.379586 0.462013 0.426638 0.429734 0.38381 -0.00373884 -0.00204991 -0.00350278 -0.0027723 -0.00368932 -0.00280225 0.00281621 0.00115996 0.00157037 
0.474396 0.528453 0.394785 0.473128 0.440208 0.501003 0.0493426 0.0847099 0.0346821 0.0571382 0.0426775 0.0656214 0.00448284 0.00442551 0.00318322 
0.556693 0.578957 0.528453 0.553257 0.565969 0.584603 0.132049 0.101512 0.0847099 0.0963339 0.1099 0.119323 -0.0026079 0.000724024 0.00442551 
0.363865 0.394785 0.528453 0.473128 0.468535 0.380084 0.0341999 0.0346821 0.0847099 0.0571382 0.0577419 0.0352306 0.00422247 0.00318322 0.00442551 
-0.106071 -0.0125688 -0.0783788 -0.0747025 -0.116647 -0.0521467 0.0800122 0.0728808 0.0472557 0.0727212 0.0752306 0.0743341 -0.137131 -0.12585 -0.125509 
0.243674 0.183391 -0.0250537 0.0935653 0.114619 0.218644 -0.0507697 0.0110251 0.0145271 0.0150537 -0.0116242 -0.0175505 -0.155624 -0.150421 -0.156854 
9.17084e-35 2.02655e-34 0.212994 0.114556 0.113505 -9.23846e-35 -1.50136e-35 -8.43367e-36 -0.00125843 -0.000272236 -0.000299268 -2.20411e-35 0.00297754 0.00153485 0.0028943 
0.502925 0.468578 0.455248 0.461542 0.489909 0.494479 0.0194199 0.0153682 0.00349836 0.00825218 0.0104126 0.0178521 0.0103263 0.00615789 0.00555544 
0.363005 0.597961 0.798249 0.719049 0.612097 0.481062 -0.074799 -0.12026 -0.208473 -0.164601 -0.145963 -0.097764 -0.0618744 -0.0695226 -0.0768017 
5.73646e-34 8.32563e-34 0.842564 0.511049 0.50731 -6.18222e-34 -3.56446e-34 -3.05627e-34 -0.00529536 -0.00197302 -0.00256554 -6.5472e-34 -0.0720294 -0.0616706 -0.0697836 
0.851847 0.798249 0.597961 0.719049 0.745772 0.824579 -0.183129 -0.208473 -0.12026 -0.164601 -0.157075 -0.199019 -0.0865051 -0.0768017 -0.0695226 
0.367357 0.69778 0.402273 0.587134 0.384817 0.564702 -0.117104 -0.198487 -0.173869 -0.194344 -0.145644 -0.163435 0.0297858 -0.00805581 0.0056688 
-0.106071 -0.194663 -0.130761 -0.201313 -0.112174 -0.171923 0.0800122 0.0379554 0.0613442 0.0662895 0.0751771 0.0729124 -0.137131 -0.138836 -0.149652 
0.195799 0.0474669 0.115169 0.0745273 0.160105 0.104321 -0.0456635 -0.00599476 -0.0132508 -0.00858063 -0.0271871 -0.0201139 -0.0551404 -0.0570129 -0.0589649 
0.0501153 -0.0857446 -0.0595513 -0.073072 -0.0225079 -0.041842 0.0121152 -0.00744435 -0.0189619 -0.0111504 -0.0182465 -0.00885237 -0.0717471 -0.0643974 -0.0698331 
0.248672 0.083372 0.0626196 0.0749435 0.157465 0.168129 0.0637364 0.0154048 0.0319533 0.0225433 0.0526511 0.0415108 0.0161256 0.014068 -0.000853828 
0.0501963 -0.0595513 -0.0212123 -0.0397046 -0.00363672 -0.0080216 -0.0459109 -0.0189619 -0.0156852 -0.0171966 -0.0330655 -0.0352908 -0.0664036 -0.0698331 -0.0647035 
0.093455 0.0626196 -0.0287782 0.010069 0.0242823 0.0720075 0.0654848 0.0319533 0.0164728 0.0237821 0.0395777 0.0512537 -0.026281 -0.000853828 -0.0238338 
0.301186 0.216713 0.149203 0.184834 0.232277 0.265165 0.0192615 0.00275076 0.00491893 0.0044547 0.0125409 0.00962989 0.0215536 0.0190756 0.021447 
0.711339 0.997071 0.764353 0.927518 0.739659 0.914789 -0.0117264 -0.0228805 -0.0229525 -0.0274671 -0.0163062 -0.0190886 -0.084242 -0.0934499 -0.0914471 
0.362168 0.560485 0.61698 0.589436 0.494192 0.456174 -0.113756 -0.182292 -0.196677 -0.194445 -0.155461 -0.144271 -0.0593645 -0.0569982 -0.0577745 
0.289151 0.327607 0.504037 0.42045 0.400593 0.302888 0.068177 0.00469195 0.0805584 0.0489888 0.0807366 0.0376038 -0.0590356 -0.0767574 -0.0502405 
0.757252 0.61698 0.560485 0.589436 0.692534 0.702651 -0.274792 -0.196677 -0.182292 -0.194445 -0.238038 -0.238381 -0.0563605 -0.0577745 -0.0569982 
0.417244 0.427833 0.500097 0.474031 0.464999 0.422633 0.0720142 0.110582 0.0785249 0.0961014 0.0767334 0.0909816 0.0182152 0.0109274 0.0134812 
0.591702 0.504037 0.327607 0.42045 0.468083 0.54805 0.036785 0.0805584 0.00469195 0.0489888 0.0239281 0.0606124 -0.0509128 -0.0502405 -0.0767574 
0.528946 0.500097 0.427833 0.474031 0.494884 0.51445 0.0972597 0.0785249 0.110582 0.0961014 0.107978 0.0885821 0.00866385 0.0134812 0.0109274 
0.362168 0.61698 0.347094 0.479992 0.35366 0.494192 -0.113756 -0.196677 -0.0947336 -0.139113 -0.112165 -0.155461 -0.0593645 -0.0577745 -0.0701349 
0.289151 0.504037 0.381695 0.435895 0.334394 0.400593 0.068177 0.0805584 0.126522 0.111467 0.101893 0.0807366 -0.0590356 -0.0502405 -0.0290588 
0.417244 0.500097 0.455968 0.478458 0.440208 0.464999 0.0720142 0.0785249 0.0417895 0.0589451 0.0558295 0.0767334 0.0182152 0.0134812 0.0176592 
0.66199 0.347094 0.61698 0.479992 0.640852 0.513225 -0.180753 -0.0947336 -0.196677 -0.139113 -0.191218 -0.133936 -0.0526734 -0.0701349 -0.0577745 
0.581765 0.381695 0.504037 0.435895 0.545834 0.486909 0.11525 0.126522 0.0805584 0.111467 0.103262 0.125339 -0.025689 -0.0290588 -0.0502405 
0.511277 0.455968 0.500097 0.478458 0.509095 0.492222 0.0523768 0.0417895 0.0785249 0.0589451 0.0648539 0.0484146 0.0112489 0.0176592 0.0134812 
-0.0188222 -0.0454009 -0.0215923 -0.0337964 -0.0221753 -0.0310373 0.013892 0.0341053 0.0292357 0.0310967 0.0215714 0.023588 -0.12284 -0.123365 -0.122217 
2.04368e-34 0.217173 0.274338 0.246539 0.150375 0.115579 6.15403e-36 -0.00121384 -0.00139135 -0.00135944 -0.00047814 -0.000282727 0.00142213 0.00284574 0.001638 
5.21576e-34 7.31034e-34 0.82979 0.515695 0.508185 -5.05887e-34 4.32161e-34 5.07765e-34 -0.0150831 -0.00807977 -0.00529174 9.66393e-34 -0.0919706 -0.110944 -0.0998576 
0.604374 0.71927 0.702384 0.709745 0.682546 0.69119 -0.0808809 -0.102858 -0.0158763 -0.0537236 -0.0402751 -0.0861039 -0.0607775 -0.0193846 -0.0135696 
0.806071 0.919282 0.583183 0.815207 0.701754 0.890598 -0.105855 -0.163561 -0.090433 -0.140608 -0.101914 -0.140174 -0.0849764 -0.102661 -0.072007 
0.851847 0.583183 0.919282 0.815207 0.893475 0.747254 -0.183129 -0.090433 -0.163561 -0.140608 -0.176487 -0.14187 -0.0865051 -0.072007 -0.102661 
0.989713 0.842564 0.843794 0.843324 0.978149 0.977875 -0.00491975 -0.00529536 -0.00268033 -0.00374553 -0.00460591 -0.00655392 -0.0662996 -0.0697836 -0.0568788 
0.123631 0.316945 0.568779 0.439065 0.347437 0.21666 -0.0981301 -0.183616 -0.212861 -0.199664 -0.161945 -0.147946 -0.126107 -0.0845115 -0.122965 
0.417244 0.32792 0.248672 0.292318 0.342682 0.374048 0.0720142 0.0464361 0.0637364 0.0558764 0.0725676 0.060424 0.0182152 0.0208984 0.0161256 
0.289151 0.120215 0.0501153 0.078772 0.156865 0.199176 0.068177 0.0588071 0.0121152 0.0355773 0.0337379 0.061987 -0.0590356 -0.051275 -0.0717471 
0.362168 0.161283 0.195799 0.176677 0.275993 0.253812 -0.113756 -0.062192 -0.0456635 -0.0557771 -0.0840274 -0.0852643 -0.0593645 -0.059514 -0.0551404 
0.645633 0.402273 0.69778 0.587134 0.676877 0.537885 -0.236412 -0.173869 -0.198487 -0.194344 -0.220575 -0.208544 -0.0181998 0.0056688 -0.00805581 
0.287889 0.181233 0.128369 0.154169 0.212314 0.236821 -0.00075644 0.000848248 -0.00041743 6.83118e-05 -0.000707993 0.000727951 0.00345312 0.00256321 0.00331408 
0.45572 0.328526 0.372658 0.352139 0.4198 0.403665 -0.00416118 -0.00485805 -0.00369146 -0.00474911 -0.00411835 -0.00554064 0.0103879 0.00977692 0.0123904 
0.499132 0.437837 0.485714 0.465974 0.494334 0.480172 -0.00869056 -0.00695321 -0.00645187 -0.00686709 -0.00767856 -0.00810553 0.00473506 0.00414342 0.00319333 
0.499132 0.485714 0.490245 0.499955 0.499026 0.494334 -0.00869056 -0.00645187 -0.00702978 -0.0068786 -0.00801975 -0.00767856 0.00473506 0.00319333 0.00356586 
0.363005 0.115169 0.103537 0.110661 0.221459 0.218294 -0.074799 -0.0132508 -0.0101692 -0.0120622 -0.0328484 -0.0346921 -0.0618744 -0.0589649 -0.063359 
0.334512 0.137779 0.181233 0.159237 0.25848 0.242062 0.0158272 0.00244897 0.000848248 0.00208749 0.00660348 0.00836218 0.00244394 0.00211327 0.00256321 
0.883067 0.987703 0.826248 0.958041 0.857493 0.967681 -0.0525228 -0.0486302 -0.0272257 -0.0479704 -0.0408001 -0.0571683 -0.116043 -0.103459 -0.117941 
8.32563e-34 6.58741e-34 0.843794 0.512624 0.510893 -6.15116e-34 -3.05627e-34 -2.50511e-34 -0.00268033 -0.000992767 -0.00139972 -5.51333e-34 -0.0616706 -0.0508391 -0.0568788 
-3.16249e-34 -0.254951 -0.127677 -0.203628 -0.273322 -0.242601 6.71715e-34 -0.0166995 -0.00683497 -0.0120236 0.0205216 0.0155367 -0.132445 -0.121129 -0.146345 
0.366097 0.202934 0.328526 0.270296 0.348074 0.293021 -0.00578382 -0.0020243 -0.00485805 -0.0032623 -0.0055631 -0.00381575 0.00654832 0.00806922 0.00977692 
0.568433 0.449529 0.85772 0.678354 0.735469 0.504504 -0.0628931 -0.0515509 -0.118835 -0.0914348 -0.0904538 -0.0563975 -0.12095 -0.126708 -0.119193 
0.474396 0.394785 0.334512 0.363161 0.412762 0.440208 0.0493426 0.0346821 0.0158272 0.0246534 0.0305773 0.0426775 0.00448284 0.00318322 0.00244394 
0.909549 0.568433 0.85772 0.735469 0.883082 0.782224 -0.0998584 -0.0628931 -0.118835 -0.0904538 -0.109017 -0.0873014 -0.111971 -0.12095 -0.119193 
0.757252 0.769278 0.687473 0.783173 0.759505 0.763063 -0.274792 -0.271663 -0.284745 -0.295178 -0.290961 -0.27817 -0.0563605 -0.0668883 -0.0743165 
0.804158 0.687473 0.769278 0.783173 0.800385 0.75376 -0.291025 -0.284745 -0.271663 -0.295178 -0.287147 -0.294179 -0.0857263 -0.0743165 -0.0668883 
-0.0297707 -0.0454009 -0.0783788 -0.0619138 -0.0642034 -0.049307 0.0580306 0.0341053 0.0472557 0.0410274 0.0613674 0.0486427 -0.121836 -0.123365 -0.125509 
6.26696e-34 4.56613e-34 0.711339 0.404366 0.396508 -3.24599e-34 -4.3963e-34 -4.01839e-34 -0.0117264 -0.00338511 -0.0045328 -8.24849e-34 -0.0872586 -0.0810998 -0.084242 
0.4811 0.237785 0.270211 0.256453 0.384876 0.378371 0.0429372 0.0111101 0.020017 0.0163915 0.0319109 0.0256157 0.0112424 0.0143241 0.00820029 
0.649447 0.555175 0.4811 0.521962 0.578223 0.61299 0.0460017 0.0212689 0.0429372 0.0358741 0.0502303 0.0345364 -0.00113552 0.0158693 0.0112424 
0.511277 0.520645 0.472669 0.500389 0.50364 0.516536 0.0523768 0.0676867 0.0318084 0.0471081 0.0415107 0.0599892 0.0112489 0.00822028 0.00557758 
0.474396 0.472669 0.520645 0.500389 0.50504 0.472457 0.0493426 0.0318084 0.0676867 0.0471081 0.0584054 0.0406654 0.00448284 0.00557758 0.00822028 
0.367357 0.102386 0.274247 0.196921 0.32589 0.226701 -0.117104 -0.0346369 -0.0351175 -0.040448 -0.0776088 -0.0844466 0.0297858 0.0380912 0.0405007 
0.345559 0.274832 0.176856 0.227941 0.268432 0.311716 -0.00568722 -0.00377544 -0.00195195 -0.00285297 -0.00379943 -0.00494948 0.0045217 0.00439024 0.00430736 
0.960055 0.687962 0.978351 0.896012 0.972582 0.9173 -0.0771527 -0.0412795 -0.0633028 -0.0581181 -0.0707835 -0.0663019 -0.107094 -0.09063 -0.105048 
0.497771 0.488572 0.424594 0.463126 0.473641 0.494039 -0.0073614 -0.00486985 -0.00696609 -0.00622323 -0.00745778 -0.00628572 0.00642351 0.00682523 0.00504848 
0.407271 0.274338 0.217173 0.246539 0.325037 0.347743 -0.00405277 -0.00139135 -0.00121384 -0.00135944 -0.00265847 -0.00258045 0.0026289 0.001638 0.00284574 
0.489806 0.407872 0.467693 0.441504 0.480291 0.459095 -0.00250746 -0.00163675 -0.00347902 -0.00241424 -0.00291087 -0.00220238 -1.54974e-05 -3.3039e-05 0.00125108 
0.408467 0.489809 0.462013 0.478137 0.438265 0.459289 -0.00165966 -0.00250462 -0.00350278 -0.00292704 -0.00243332 -0.00220709 3.16542e-05 1.32175e-05 0.00157037 
0.581765 0.649684 0.619181 0.648418 0.627275 0.616209 0.11525 0.0804751 0.0925488 0.0966027 0.111236 0.0991568 -0.025689 -0.029238 -0.00216136 
0.649447 0.619181 0.649684 0.648418 0.670452 0.636314 0.0460017 0.0925488 0.0804751 0.0966027 0.0690354 0.0733279 -0.00113552 -0.00216136 -0.029238 
0.499132 0.490245 0.477643 0.484563 0.4967 0.499026 -0.00869056 -0.00702978 -0.00829842 -0.00787881 -0.00871636 -0.00801975 0.00473506 0.00356586 0.00566564 
2.04368e-34 9.32749e-35 0.217173 0.116628 0.115579 -9.29639e-35 6.15403e-36 1.40028e-35 -0.00121384 -0.000283119 -0.000282727 2.14686e-35 0.00142213 0.00291686 0.00284574 
6.26696e-34 0.711339 0.764353 0.739659 0.440382 0.396508 -4.3963e-34 -0.0117264 -0.0229525 -0.0163062 -0.00764099 -0.0045328 -0.0872586 -0.084242 -0.0914471 
-0.106071 -0.0783788 -0.122842 -0.10193 -0.156475 -0.116647 0.0800122 0.0472557 0.0352719 0.0467007 0.0715004 0.0752306 -0.137131 -0.125509 -0.13252 
-7.01259e-35 -0.122842 -0.0783788 -0.10193 -0.0438881 -0.047586 6.70726e-34 0.0352719 0.0472557 0.0467007 0.0128811 0.00821408 -0.131072 -0.13252 -0.125509 
0.387555 0.289721 0.212994 0.25321 0.31037 0.342419 -0.00373884 -0.00327453 -0.00125843 -0.00219405 -0.00255211 -0.00367559 0.00281621 0.00382552 0.0028943 
0.497771 0.424594 0.472975 0.451687 0.488452 0.473641 -0.0073614 -0.00696609 -0.0085329 -0.00792772 -0.00833271 -0.00745778 0.00642351 0.00504848 0.0051733 
0.997071 0.826248 0.993272 0.963279 0.996453 0.966828 -0.0228805 -0.0272257 -0.0366051 -0.0412605 -0.0311055 -0.0330122 -0.0934499 -0.117941 -0.100766 
0.387555 0.212994 0.271778 0.243251 0.335031 0.31037 -0.00373884 -0.00125843 -0.00141516 -0.00140844 -0.00246543 -0.00255211 0.00281621 0.0028943 0.00184616 
0.66199 0.740893 0.69778 0.723382 0.726398 0.716239 -0.180753 -0.250115 -0.198487 -0.224572 -0.19164 -0.215817 -0.0526734 -0.0396095 -0.00805581 
0.645633 0.69778 0.740893 0.723382 0.713927 0.676877 -0.236412 -0.198487 -0.250115 -0.224572 -0.248789 -0.220575 -0.0181998 -0.00805581 -0.0396095 
0.407271 0.217173 0.299406 0.259657 0.358537 0.325037 -0.00405277 -0.00121384 -0.00322156 -0.00215692 -0.00379736 -0.00265847 0.0026289 0.00284574 0.00454025 
0.490245 0.432793 0.477643 0.458166 0.484563 0.468037 -0.00702978 -0.006381 -0.00829842 -0.00747717 -0.00787881 -0.0067982 0.00356586 0.00451847 0.00566564 
2.77848e-34 0.218252 0.328526 0.277436 0.189238 0.118631 4.82124e-35 -0.00186626 -0.00485805 -0.00300598 -0.00180171 -0.000949299 0.0104135 0.012708 0.00977692 
2.04368e-34 0.274338 0.180724 0.229415 0.0954274 0.150375 6.15403e-36 -0.00139135 -0.000498009 -0.000870899 -0.000264681 -0.00047814 0.00142213 0.001638 0.000843132 
2.77848e-34 0.328526 0.202934 0.270296 0.110037 0.189238 4.82124e-35 -0.00485805 -0.0020243 -0.0032623 -0.000975782 -0.00180171 0.0104135 0.00977692 0.00806922 
-3.31845e-35 -0.0783788 -0.0156232 -0.0440361 -0.00567591 -0.0243217 6.37819e-34 0.0472557 0.00970859 0.0239875 0.00312651 0.00793576 -0.126004 -0.125509 -0.124423 
2.70748e-34 0.289721 0.196839 0.245161 0.104325 0.159406 -2.09814e-35 -0.00327453 -0.00197354 -0.0027487 -0.000596925 -0.00125134 0.0038023 0.00382552 0.00417431 
0.960055 0.95184 0.687962 0.868823 0.9173 0.962806 -0.0771527 -0.0841696 -0.0412795 -0.0677669 -0.0663019 -0.0807057 -0.107094 -0.100878 -0.09063 
0.407271 0.299406 0.432793 0.375052 0.420418 0.358537 -0.00405277 -0.00322156 -0.006381 -0.00488163 -0.00521614 -0.00379736 0.0026289 0.00454025 0.00451847 
5.21576e-34 0.82979 0.702927 0.770908 0.407657 0.508185 4.32161e-34 -0.0150831 -0.007085 -0.00978949 -0.0025958 -0.00529174 -0.0919706 -0.0998576 -0.088984 
0.75 1 0.937207 0.984242 0.859209 0.9375 -3.58633e-37 -5.4733e-37 -0.000839125 -0.000726022 -0.000546608 -1.062e-36 -0.0278176 -0.0285768 -0.038211 
4.12642e-34 0.353133 0.583183 0.47613 0.244199 0.139154 -4.02804e-34 -0.0367902 -0.090433 -0.0590664 -0.0245879 -0.0109333 -0.0720879 -0.0759128 -0.072007 
0.82979 0.826248 0.997071 0.966828 0.966518 0.828501 -0.0150831 -0.0272257 -0.0228805 -0.0330122 -0.0232258 -0.0199601 -0.0998576 -0.117941 -0.0934499 
0.366097 0.432793 0.299406 0.375052 0.334277 0.402347 -0.00578382 -0.006381 -0.00322156 -0.00488163 -0.00447479 -0.00625608 0.00654832 0.00451847 0.00454025 
0.123631 -0.127677 -0.254951 -0.203628 -0.0895374 -0.0194046 -0.0981301 -0.00683497 -0.0166995 -0.0120236 -0.0397425 -0.0361839 -0.126107 -0.146345 -0.121129 
2.02655e-34 0.169805 0.271778 0.223282 0.149267 0.0892646 -8.43367e-36 -0.000456897 -0.00141516 -0.000852225 -0.000477972 -0.000241352 0.00153485 0.0010259 0.00184616 
6.58741e-34 0.706032 0.843794 0.780415 0.512624 0.40477 -2.50511e-34 -0.00101193 -0.00268033 -0.00165566 -0.000992767 -0.000419203 -0.0508391 -0.044666 -0.0568788 
3.53252e-34 3.86039e-34 0.687962 0.373116 0.346778 -4.07064e-34 -4.45503e-34 -4.69027e-34 -0.0412795 -0.0109202 -0.0134502 -8.77337e-34 -0.0877287 -0.0928592 -0.09063 
0.123631 0.242209 -0.127677 0.0459017 -0.0194046 0.181014 -0.0981301 -0.101056 -0.00683497 -0.033906 -0.0361839 -0.096187 -0.126107 -0.14826 -0.146345 
0.993272 0.826248 0.987703 0.958041 0.990369 0.963279 -0.0366051 -0.0272257 -0.0486302 -0.0479704 -0.0433525 -0.0412605 -0.100766 -0.117941 -0.103459 
-3.16249e-34 -0.127677 -0.260936 -0.218649 -0.212224 -0.273322 6.71715e-34 -0.00683497 0.0399863 0.0267429 0.0271579 0.0205216 -0.132445 -0.146345 -0.145823 
0.853066 0.764353 0.987703 0.923074 0.945302 0.814151 -0.0422856 -0.0229525 -0.0486302 -0.0378975 -0.0472433 -0.0328111 -0.0962432 -0.0914471 -0.103459 
0.45572 0.497951 0.472807 0.489068 0.464851 0.483665 -0.00416118 -0.0040008 -0.00767657 -0.00663096 -0.0062065 -0.00444087 0.0103879 0.00855615 0.00788427 
0.497771 0.472807 0.497951 0.489068 0.50036 0.496964 -0.0073614 -0.00767657 -0.0040008 -0.00663096 -0.00583867 -0.00780766 0.00642351 0.00788427 0.00855615 
0.806071 0.583183 0.353133 0.47613 0.602732 0.701754 -0.105855 -0.090433 -0.0367902 -0.0590664 -0.0727183 -0.101914 -0.0849764 -0.072007 -0.0759128 
0.851847 0.597961 0.583183 0.595175 0.747254 0.745772 -0.183129 -0.12026 -0.090433 -0.105984 -0.14187 -0.157075 -0.0865051 -0.0695226 -0.072007 
0.853066 0.978351 0.687962 0.896012 0.774596 0.944425 -0.0422856 -0.0633028 -0.0412795 -0.0581181 -0.0435822 -0.0541744 -0.0962432 -0.105048 -0.09063 
4.54792e-34 4.87034e-34 0.775281 0.458776 0.457191 -4.05795e-34 2.49654e-34 3.07229e-34 -0.00226821 -0.000902132 -0.000709818 5.59005e-34 -0.0525824 -0.0647855 -0.0581077 
4.12642e-34 0.583183 0.226764 0.394741 0.105888 0.244199 -4.02804e-34 -0.090433 -0.0309979 -0.0553209 -0.00806305 -0.0245879 -0.0720879 -0.072007 -0.0658453 
0.998703 0.937207 0.986681 0.995417 0.99423 0.988578 -0.00181902 -0.000839125 -0.000635878 -0.000880607 -0.00133503 -0.00154081 -0.0481636 -0.038211 -0.0362388 
0.345559 0.176856 0.196839 0.186813 0.277389 0.268432 -0.00568722 -0.00195195 -0.00197354 -0.00197245 -0.00392753 -0.00379943 0.0045217 0.00430736 0.00417431 
0.998703 0.986681 0.750078 0.905361 0.928081 0.99423 -0.00181902 -0.000635878 -0.000734392 -0.000822123 -0.00138832 -0.00133503 -0.0481636 -0.0362388 -0.0398292 
0.499132 0.472975 0.437837 0.457018 0.480172 0.490454 -0.00869056 -0.0085329 -0.00695321 -0.00797808 -0.00810553 -0.0088343 0.00473506 0.0051733 0.00414342 
0.577205 0.169559 0.402273 0.289143 0.490439 0.381265 -0.252698 -0.135135 -0.173869 -0.161807 -0.216328 -0.197961 -0.0384581 -0.032638 0.0056688 
0.675797 0.183391 0.526813 0.341277 0.598962 0.395392 -0.128345 0.0110251 -0.120488 -0.0536304 -0.12361 -0.0603828 -0.136798 -0.150421 -0.145772 
0.345559 0.437837 0.472975 0.457018 0.421822 0.396788 -0.00568722 -0.00695321 -0.0085329 -0.00797808 -0.00744419 -0.00655577 0.0045217 0.00414342 0.0051733 
0.402273 0.169559 0.0747245 0.112381 0.232919 0.289143 -0.173869 -0.135135 -0.0788531 -0.108825 -0.129384 -0.161807 0.0056688 -0.032638 0.0117393 
0.243674 0.526813 0.183391 0.341277 0.218644 0.376232 -0.0507697 -0.120488 0.0110251 -0.0536304 -0.0175505 -0.083862 -0.155624 -0.145772 -0.150421 
2.11567e-34 0.274832 0.180178 0.229049 0.0932942 0.147746 -2.30525e-35 -0.00377544 -0.00160078 -0.00256015 -0.000857392 -0.00158004 0.0042157 0.00439024 0.00387854 
5.06816e-34 -0.0215923 -0.0102879 -0.0216035 -0.0099651 -0.0095941 3.81744e-35 0.0292357 0.0420334 0.0405754 0.0385716 0.0281931 -0.123288 -0.122217 -0.122627 
0.345559 0.424594 0.274832 0.358898 0.311716 0.38801 -0.00568722 -0.00696609 -0.00377544 -0.00576817 -0.00494948 -0.00670748 0.0045217 0.00504848 0.00439024 
7.31034e-34 0.826248 0.82979 0.828501 0.515695 0.522448 5.07765e-34 -0.0272257 -0.0150831 -0.0199601 -0.00807977 -0.0153981 -0.110944 -0.117941 -0.0998576 
1.23394e-35 0.102386 0.0747245 0.087891 -0.0138765 0.0197068 -1.83519e-34 -0.0346369 -0.0788531 -0.0569729 -0.0263651 -0.0117371 0.0315083 0.0380912 0.0117393 
3.86039e-34 0.418361 0.687962 0.566891 0.373116 0.210755 -4.69027e-34 -0.014185 -0.0412795 -0.0237564 -0.0109202 -0.00401162 -0.0928592 -0.0916512 -0.09063 
0.853066 0.687962 0.418361 0.566891 0.668625 0.774596 -0.0422856 -0.0412795 -0.014185 -0.0237564 -0.0275324 -0.0435822 -0.0962432 -0.09063 -0.0916512 
0.998703 0.843794 0.706032 0.780415 0.93577 0.967477 -0.00181902 -0.00268033 -0.00101193 -0.00165566 -0.00177264 -0.00276611 -0.0481636 -0.0568788 -0.044666 
-2.42159e-34 -1.84657e-34 -0.104702 -0.221834 -0.251574 1.77154e-34 5.09535e-34 2.45865e-34 -0.0665867 -0.014253 -0.00894889 8.16146e-34 -0.105757 -0.0540501 -0.0799445 
0.345559 0.196839 0.289721 0.245161 0.318848 0.277389 -0.00568722 -0.00197354 -0.00327453 -0.0027487 -0.00450977 -0.00392753 0.0045217 0.00417431 0.00382552 
0.366097 0.206309 0.202934 0.204631 0.293021 0.294024 -0.00578382 -0.00180213 -0.0020243 -0.00191028 -0.00381575 -0.00383219 0.00654832 0.00635783 0.00806922 
0.489806 0.467693 0.500006 0.492193 0.497598 0.480291 -0.00250746 -0.00347902 -0.00352415 -0.00359213 -0.00295938 -0.00291087 -1.54974e-05 0.00125108 0.00095566 
2.11567e-34 0.176856 0.274832 0.227941 0.147746 0.0911393 -2.30525e-35 -0.00195195 -0.00377544 -0.00285297 -0.00158004 -0.00091735 0.0042157 0.00430736 0.00439024 
0.489809 0.500006 0.462013 0.490233 0.478137 0.49733 -0.00250462 -0.00352415 -0.00350278 -0.00361702 -0.00292704 -0.0029585 1.32175e-05 0.00095566 0.00157037 
2.74478e-34 0.206309 0.299406 0.25534 0.167355 0.110162 2.25623e-35 -0.00180213 -0.00322156 -0.00265292 -0.00121185 -0.000509067 0.0050194 0.00635783 0.00454025 
-3.16249e-34 -2.42159e-34 -0.254951 -0.244326 -0.242601 1.48995e-34 6.71715e-34 5.09535e-34 -0.0166995 0.00123581 0.0155367 1.18784e-33 -0.132445 -0.105757 -0.121129 
-1.16265e-36 -0.0156232 -0.000101777 -0.0045924 0.00238313 0.00173305 6.12047e-34 0.00970859 -0.000781665 0.00400338 -0.000315143 0.00180913 -0.123627 -0.124423 -0.123218 
-0.0297707 -0.0125688 0.169935 0.0626944 0.0311137 -0.0245756 0.0580306 0.0728808 -0.000319235 0.0468159 0.0417146 0.06819 -0.121836 -0.12585 -0.11953 
-8.14625e-35 1.23394e-35 0.0747245 -0.0138765 -0.0743574 -5.61261e-36 -1.0526e-35 -1.83519e-34 -0.0788531 -0.0263651 -0.0290708 -1.15351e-34 -0.00393252 0.0315083 0.0117393 
-0.106071 -0.122842 -0.194663 -0.157526 -0.171923 -0.156475 0.0800122 0.0352719 0.0379554 0.0372627 0.0729124 0.0715004 -0.137131 -0.13252 -0.138836 
0.853066 0.418361 0.764353 0.603945 0.814151 0.668625 -0.0422856 -0.014185 -0.0229525 -0.018169 -0.0328111 -0.0275324 -0.0962432 -0.0916512 -0.0914471 
0.755691 0.687962 0.95184 0.868823 0.884151 0.725963 -0.0652022 -0.0412795 -0.0841696 -0.0677669 -0.0791093 -0.0531621 -0.0893724 -0.09063 -0.100878 
7.52286e-34 0.826248 7.31034e-34 0.522448 -4.8161e-34 0.54201 3.10704e-34 -0.0272257 5.07765e-34 -0.0153981 1.18682e-33 -0.0352093 -0.137657 -0.117941 -0.110944 
0.367357 0.0747245 0.102386 0.087891 0.226701 0.221859 -0.117104 -0.0788531 -0.0346369 -0.0569729 -0.0844466 -0.111354 0.0297858 0.0117393 0.0380912 
0.500023 0.500006 0.467693 0.492193 0.492392 0.500009 -0.00504364 -0.00352415 -0.00347902 -0.00359213 -0.00433046 -0.00422178 0.00210197 0.00095566 0.00125108 
0.500023 0.462013 0.500006 0.490233 0.500009 0.490031 -0.00504364 -0.00350278 -0.00352415 -0.00361702 -0.00422178 -0.00436688 0.00210197 0.00157037 0.00095566 
6.6308e-34 5.21576e-34 0.702927 0.407657 0.403913 -2.40452e-34 3.65959e-34 4.32161e-34 -0.007085 -0.0025958 -0.00201611 8.08361e-34 -0.0777085 -0.0919706 -0.088984 
-1.92443e-34 -0.260936 -0.194663 -0.230665 -0.131119 -0.192621 7.50539e-34 0.0399863 0.0379554 0.0404033 0.0119867 0.0218032 -0.146678 -0.145823 -0.138836 
0.999445 0.997071 0.711339 0.914789 0.921645 0.998713 -0.0121658 -0.0228805 -0.0117264 -0.0190886 -0.014564 -0.0175815 -0.0827904 -0.0934499 -0.084242 
6.6308e-34 0.702927 0.835251 0.77404 0.50933 0.403913 3.65959e-34 -0.007085 -0.00650164 -0.00704178 -0.00233448 -0.00201611 -0.0777085 -0.088984 -0.0781424 
0.909549 0.85772 0.911667 0.939357 0.949188 0.883082 -0.0998584 -0.118835 -0.0986327 -0.121671 -0.106123 -0.109017 -0.111971 -0.119193 -0.0951596 
0.366097 0.299406 0.206309 0.25534 0.294024 0.334277 -0.00578382 -0.00322156 -0.00180213 -0.00265292 -0.00383219 -0.00447479 0.00654832 0.00454025 0.00635783 
0.224653 0.169935 0.733359 0.422327 0.495776 0.190344 -0.0152654 -0.000319235 -0.0714692 -0.0399449 -0.0478263 -0.00765694 -0.119596 -0.11953 -0.117121 
0.993272 0.987703 0.764353 0.923074 0.924883 0.990369 -0.0366051 -0.0486302 -0.0229525 -0.0378975 -0.0322195 -0.0433525 -0.100766 -0.103459 -0.0914471 
5.06816e-34 5.00499e-34 -0.0215923 -0.00742774 -0.0095941 1.02621e-33 3.81744e-35 1.09226e-35 0.0292357 0.0168047 0.0281931 -1.47765e-35 -0.123288 -0.121493 -0.122217 
0.999445 0.711339 0.647007 0.680312 0.90504 0.921645 -0.0121658 -0.0117264 -0.00594947 -0.00808179 -0.0112366 -0.014564 -0.0827904 -0.084242 -0.0771785 
0.999445 0.82979 0.997071 0.966518 0.998713 0.962013 -0.0121658 -0.0150831 -0.0228805 -0.0232258 -0.0175815 -0.0167728 -0.0827904 -0.0998576 -0.0934499 
0.244228 0.180724 0.380568 0.292556 0.318566 0.213362 -0.000596012 -0.000498009 -0.0020366 -0.00121678 -0.00120144 -0.000533513 -1.56179e-05 0.000843132 0.000898795 
0.245585 0.379586 0.169805 0.287788 0.20891 0.319016 -0.000601719 -0.00204991 -0.000456897 -0.0011975 -0.000518806 -0.00120584 1.88659e-05 0.00115996 0.0010259 
0.387555 0.485714 0.437837 0.465974 0.414724 0.448196 -0.00373884 -0.00645187 -0.00695321 -0.00686709 -0.00529491 -0.00515708 0.00281621 0.00319333 0.00414342 
4.56613e-34 0.647007 0.711339 0.680312 0.404366 0.359343 -4.01839e-34 -0.00594947 -0.0117264 -0.00808179 -0.00338511 -0.00218647 -0.0810998 -0.0771785 -0.084242 
0.594261 0.702384 0.71927 0.709745 0.681098 0.677949 -0.0937072 -0.0158763 -0.102858 -0.0537236 -0.0980925 -0.0563465 0.022628 -0.0135696 -0.0193846 
0.489422 0.528453 0.578957 0.553257 0.542899 0.515783 0.0646355 0.0847099 0.101512 0.0963339 0.0820422 0.0765654 0.0058961 0.00442551 0.000724024 
4.87034e-34 0.646363 0.775281 0.714367 0.458776 0.365164 3.07229e-34 -0.00267317 -0.00226821 -0.00253355 -0.000902132 -0.000772291 -0.0647855 -0.0693449 -0.0581077 
0.998703 0.750078 0.625059 0.690666 0.895127 0.928081 -0.00181902 -0.000734392 -0.000987738 -0.000874945 -0.00179867 -0.00138832 -0.0481636 -0.0398292 -0.048779 
-0.106071 0.183391 0.138607 0.169474 0.0181653 0.0311659 0.0800122 0.0110251 0.0376423 0.0278533 0.0646601 0.0580254 -0.137131 -0.150421 -0.132915 
5.73646e-34 0.842564 0.647007 0.754465 0.363177 0.50731 -3.56446e-34 -0.00529536 -0.00594947 -0.00585622 -0.00190329 -0.00256554 -0.0720294 -0.0697836 -0.0771785 
0.38756 0.455968 0.470701 0.464527 0.435096 0.42556 0.0120889 0.0417895 0.0181097 0.0287798 0.0155935 0.0254311 0.0182076 0.0176592 0.0147444 
2.4641e-34 2.36176e-34 0.482425 0.233731 0.206794 -1.92771e-34 -3.98912e-34 -4.31219e-34 -0.0424571 -0.00980231 -0.0100936 -7.93255e-34 -0.0778609 -0.0854458 -0.0812825 
0.999445 0.702927 0.82979 0.770908 0.962013 0.932581 -0.0121658 -0.007085 -0.0150831 -0.00978949 -0.0167728 -0.0124227 -0.0827904 -0.088984 -0.0998576 
-1.16265e-36 -3.31845e-35 -0.0156232 -0.00567591 0.00173305 3.82867e-36 6.12047e-34 6.37819e-34 0.00970859 0.00312651 0.00180913 1.23052e-33 -0.123627 -0.126004 -0.124423 
1.07788e-34 2.70748e-34 0.196839 0.104325 0.1029 -7.49381e-35 -2.25259e-35 -2.09814e-35 -0.00197354 -0.000596925 -0.000511166 -4.02269e-35 0.00439731 0.0038023 0.00417431 
0.75 0.750078 0.986681 0.905361 0.905352 0.74997 -4.11213e-37 -0.000734392 -0.000635878 -0.000822123 -0.000553492 -0.000386305 -0.0292905 -0.0398292 -0.0362388 
0.432991 0.751467 0.560485 0.660734 0.50228 0.612433 -0.119004 -0.233863 -0.182292 -0.212122 -0.154099 -0.178462 -0.0570868 -0.0693976 -0.0569982 
0.125621 0.347094 0.348181 0.345091 0.229543 0.231311 -0.0421168 -0.0947336 -0.0503643 -0.0742797 -0.052767 -0.0720252 -0.0771294 -0.0701349 -0.0770838 
0.250434 0.381695 0.420146 0.39982 0.336284 0.307086 0.100038 0.126522 0.131816 0.131908 0.118828 0.116044 -0.00297623 -0.0290588 -0.00380692 
0.675797 0.919282 0.85772 0.911983 0.767669 0.863835 -0.128345 -0.163561 -0.118835 -0.147948 -0.125794 -0.165874 -0.136798 -0.102661 -0.119193 
0.376114 0.455248 0.468578 0.461542 0.429814 0.420164 0.00803814 0.00349836 0.0153682 0.00825218 0.0120372 0.00631469 0.00341421 0.00555544 0.00615789 
0.274832 0.424594 0.327474 0.380747 0.301418 0.358898 -0.00377544 -0.00696609 -0.00436076 -0.00554082 -0.00417251 -0.00576817 0.00439024 0.00504848 0.00414148 
0.500023 0.490245 0.485714 0.499955 0.496191 0.497827 -0.00504364 -0.00702978 -0.00645187 -0.0068786 -0.00578898 -0.00605214 0.00210197 0.00356586 0.00319333 
0.675797 0.417297 0.183391 0.286043 0.395392 0.551656 -0.128345 -0.0551504 0.0110251 -0.019624 -0.0603828 -0.0898864 -0.136798 -0.135518 -0.150421 
0.500606 0.459642 0.496886 0.483208 0.500239 0.491378 0.00173988 0.00311604 0.00925709 0.0061685 0.00518747 0.00255716 0.00874752 0.0130025 0.0112253 
2.57254e-34 -1.16265e-36 -0.000101777 0.00238313 0.00164609 -1.02395e-36 3.03611e-34 6.12047e-34 -0.000781665 -0.000315143 -0.0016548 1.21874e-33 -0.123185 -0.123627 -0.123218 
0.38756 0.470701 0.459642 0.465554 0.428799 0.435096 0.0120889 0.0181097 0.00311604 0.00908478 0.0074019 0.0155935 0.0182076 0.0147444 0.0130025 
0.224653 0.0311322 -0.0102879 0.000412784 0.0373645 0.114129 -0.0152654 0.036175 0.0420334 0.0416967 0.0255673 0.0110638 -0.119596 -0.124921 -0.122627 
2.57254e-34 -0.000101777 5.11396e-34 0.000232309 1.02526e-33 0.00164609 3.03611e-34 -0.000781665 -6.68054e-37 -0.00189484 6.05029e-37 -0.0016548 -0.123185 -0.123218 -0.122845 
0.431478 0.327474 0.424594 0.380747 0.427841 0.385245 -0.00384197 -0.00436076 -0.00696609 -0.00554082 -0.00593673 -0.00426061 0.00527023 0.00414148 0.00504848 
0.755691 0.336655 0.687962 0.515326 0.725963 0.563112 -0.0652022 -0.0194043 -0.0412795 -0.0282679 -0.0531621 -0.0395047 -0.0893724 -0.0862244 -0.09063 
0.675797 0.85772 0.417297 0.656961 0.551656 0.767669 -0.128345 -0.118835 -0.0551504 -0.0948626 -0.0898864 -0.125794 -0.136798 -0.119193 -0.135518 
0.407271 0.432793 0.490245 0.468037 0.45935 0.420418 -0.00405277 -0.006381 -0.00702978 -0.0067982 -0.00560241 -0.00521614 0.0026289 0.00451847 0.00356586 
6.58741e-34 4.01996e-34 0.706032 0.405348 0.40477 -2.80281e-34 -2.50511e-34 -1.93821e-34 -0.00101193 -0.000264384 -0.000419203 -4.42818e-34 -0.0508391 -0.0394808 -0.044666 
0.250434 0.420146 0.427833 0.424377 0.348095 0.336284 0.100038 0.131816 0.110582 0.123468 0.111889 0.118828 -0.00297623 -0.00380692 0.0109274 
0.998703 0.997086 0.843794 0.970959 0.967477 0.99789 -0.00181902 -0.003301 -0.00268033 -0.00343869 -0.00276611 -0.00271609 -0.0481636 -0.057327 -0.0568788 
0.125621 0.348181 0.327607 0.336196 0.216539 0.229543 -0.0421168 -0.0503643 0.00469195 -0.0251164 -0.0286458 -0.052767 -0.0771294 -0.0770838 -0.0767574 
0.999445 0.647007 0.842564 0.754465 0.957392 0.90504 -0.0121658 -0.00594947 -0.00529536 -0.00585622 -0.00947826 -0.0112366 -0.0827904 -0.0771785 -0.0697836 
0.528946 0.427833 0.513975 0.472423 0.524714 0.494884 0.0972597 0.110582 0.12361 0.118216 0.110952 0.107978 0.00866385 0.0109274 0.00427879 
4.12642e-34 2.4641e-34 0.353133 0.161388 0.139154 -1.01653e-34 -4.02804e-34 -3.98912e-34 -0.0367902 -0.00913195 -0.0109333 -7.29954e-34 -0.0720879 -0.0778609 -0.0759128 
-0.0188222 -0.000101777 -0.0156232 -0.0045924 -0.0182678 -0.00723432 0.013892 -0.000781665 0.00970859 0.00400338 0.0115764 0.00377155 -0.12284 -0.123218 -0.124423 
0.224653 0.0245318 0.169935 0.0844638 0.190344 0.0928106 -0.0152654 0.0317105 -0.000319235 0.0202601 -0.00765694 0.011603 -0.119596 -0.120522 -0.11953 
0.432991 0.798249 0.751467 0.777707 0.612433 0.635473 -0.119004 -0.208473 -0.233863 -0.223738 -0.178462 -0.168588 -0.0570868 -0.0768017 -0.0693976 
0.591702 0.327607 0.507726 0.420573 0.551626 0.468083 0.036785 0.00469195 -0.0165576 -0.00214121 0.0114854 0.0239281 -0.0509128 -0.0767574 -0.0683893 
0.757252 0.560485 0.769278 0.68515 0.763063 0.692534 -0.274792 -0.182292 -0.271663 -0.229656 -0.27817 -0.238038 -0.0563605 -0.0569982 -0.0668883 
0.989713 0.843794 0.997086 0.970959 0.994044 0.978149 -0.00491975 -0.00268033 -0.003301 -0.00343869 -0.00402405 -0.00460591 -0.0662996 -0.0568788 -0.057327 
0.998703 0.625059 0.775281 0.704917 0.9351 0.895127 -0.00181902 -0.000987738 -0.00226821 -0.00146636 -0.00245475 -0.00179867 -0.0481636 -0.048779 -0.0581077 
0.960055 0.733359 0.95184 0.920475 0.962806 0.880637 -0.0771527 -0.0714692 -0.0841696 -0.0882045 -0.0807057 -0.0804186 -0.107094 -0.117121 -0.100878 
-0.130761 -0.194663 -0.260936 -0.230665 -0.205756 -0.201313 0.0613442 0.0379554 0.0399863 0.0404033 0.0579653 0.0662895 -0.149652 -0.138836 -0.145823 
5.06816e-34 -0.0102879 0.0311322 0.000412784 -0.0131133 -0.0099651 3.81744e-35 0.0420334 0.036175 0.0416967 0.0436914 0.0385716 -0.123288 -0.122627 -0.124921 
0.753932 0.84198 0.798249 0.839498 0.863554 0.817961 -0.219255 -0.27155 -0.208473 -0.250348 -0.252222 -0.257711 -0.12922 -0.093303 -0.0768017 
3.53252e-34 0.687962 0.336655 0.515326 0.171935 0.346778 -4.45503e-34 -0.0412795 -0.0194043 -0.0282679 -0.00736209 -0.0134502 -0.0877287 -0.09063 -0.0862244 
0.851847 0.919282 0.841773 0.896924 0.895154 0.893475 -0.183129 -0.163561 -0.20135 -0.188858 -0.209169 -0.176487 -0.0865051 -0.102661 -0.12286 
0.675797 0.841773 0.919282 0.896924 0.863835 0.77146 -0.128345 -0.20135 -0.163561 -0.188858 -0.165874 -0.169234 -0.136798 -0.12286 -0.102661 
0.431478 0.424594 0.488572 0.463126 0.465652 0.427841 -0.00384197 -0.00696609 -0.00486985 -0.00622323 -0.00432745 -0.00593673 0.00527023 0.00504848 0.00682523 
-2.42159e-34 -0.104702 -0.254951 -0.196486 -0.244326 -0.251574 5.09535e-34 -0.0665867 -0.0166995 -0.03877 0.00123581 -0.00894889 -0.105757 -0.0799445 -0.121129 
-0.0297707 0.169935 0.0245318 0.0844638 -0.0100288 0.0311137 0.0580306 -0.000319235 0.0317105 0.0202601 0.0471587 0.0417146 -0.121836 -0.11953 -0.120522 
0.376114 0.468578 0.472669 0.469652 0.429909 0.429814 0.00803814 0.0153682 0.0318084 0.0229755 0.0182253 0.0120372 0.00341421 0.00615789 0.00557758 
0.271778 0.169805 0.379586 0.287788 0.32995 0.223282 -0.00141516 -0.000456897 -0.00204991 -0.0011975 -0.00177644 -0.000852225 0.00184616 0.0010259 0.00115996 
0.274338 0.380568 0.180724 0.292556 0.229415 0.331651 -0.00139135 -0.0020366 -0.000498009 -0.00121678 -0.000870899 -0.00176824 0.001638 0.000898795 0.000843132 
4.16728e-34 6.26696e-34 0.764353 0.440382 0.423536 -4.66354e-34 -4.56658e-34 -4.3963e-34 -0.0229525 -0.00764099 -0.00999143 -8.71435e-34 -0.0911334 -0.0872586 -0.0914471 
0.75 0.437689 0.750078 0.609373 0.74997 0.609491 -4.11213e-37 -0.000169519 -0.000734392 -0.000309613 -0.000386305 -0.000136117 -0.0292905 -0.0351135 -0.0398292 
0.407872 0.380568 0.467693 0.43097 0.441504 0.394649 -0.00163675 -0.0020366 -0.00347902 -0.00275284 -0.00241424 -0.00178478 -3.3039e-05 0.000898795 0.00125108 
0.408467 0.462013 0.379586 0.426638 0.394532 0.438265 -0.00165966 -0.00350278 -0.00204991 -0.0027723 -0.00180429 -0.00243332 3.16542e-05 0.00157037 0.00115996 
0.909549 0.95184 0.733359 0.920475 0.838198 0.951231 -0.0998584 -0.0841696 -0.0714692 -0.0882045 -0.0875876 -0.095287 -0.111971 -0.100878 -0.117121 
0.489422 0.578957 0.619181 0.599767 0.562356 0.542899 0.0646355 0.101512 0.0925488 0.0990829 0.0800281 0.0820422 0.0058961 0.000724024 -0.00216136 
0.998703 0.706032 0.937207 0.842885 0.988578 0.93577 -0.00181902 -0.00101193 -0.000839125 -0.00112948 -0.00154081 -0.00177264 -0.0481636 -0.044666 -0.038211 
2.74478e-34 1.20857e-34 0.206309 0.111466 0.110162 -7.17948e-35 2.25623e-35 3.50086e-35 -0.00180213 -0.000451377 -0.000509067 6.06478e-35 0.0050194 0.00730597 0.00635783 
0.511277 0.472669 0.502923 0.492041 0.508598 0.50364 0.0523768 0.0318084 0.0311282 0.03145 0.041004 0.0415107 0.0112489 0.00557758 0.00901964 
0.989713 0.999363 0.842564 0.965125 0.977875 0.996181 -0.00491975 -0.00816858 -0.00529536 -0.00765012 -0.00655392 -0.00682112 -0.0662996 -0.07424 -0.0697836 
0.594261 0.71927 0.69778 0.716583 0.652705 0.681098 -0.0937072 -0.102858 -0.198487 -0.149782 -0.143093 -0.0980925 0.022628 -0.0193846 -0.00805581 
4.56613e-34 5.73646e-34 0.647007 0.363177 0.359343 -2.00785e-34 -4.01839e-34 -3.56446e-34 -0.00594947 -0.00190329 -0.00218647 -7.50337e-34 -0.0810998 -0.0720294 -0.0771785 
0.407872 0.244228 0.380568 0.318566 0.394649 0.336172 -0.00163675 -0.000596012 -0.0020366 -0.00120144 -0.00178478 -0.00114853 -3.3039e-05 -1.56179e-05 0.000898795 
0.245585 0.408467 0.379586 0.394532 0.319016 0.337311 -0.000601719 -0.00165966 -0.00204991 -0.00180429 -0.00120584 -0.00115143 1.88659e-05 3.16542e-05 0.00115996 
0.806071 0.353133 0.482425 0.41839 0.667987 0.602732 -0.105855 -0.0367902 -0.0424571 -0.0396392 -0.074392 -0.0727183 -0.0849764 -0.0759128 -0.0812825 
3.10265e-34 0.586378 4.01996e-34 0.324923 -9.77366e-35 0.325098 -6.8013e-35 -0.000306664 -1.93821e-34 -0.000135098 -3.29502e-34 -9.55381e-05 -0.0277213 -0.0354654 -0.0394808 
4.01996e-34 0.586378 0.706032 0.64882 0.405348 0.324923 -1.93821e-34 -0.000306664 -0.00101193 -0.000553584 -0.000264384 -0.000135098 -0.0394808 -0.0354654 -0.044666 
0.500023 0.467693 0.479514 0.473899 0.495286 0.492392 -0.00504364 -0.00347902 -0.0051033 -0.00423471 -0.00517486 -0.00433046 0.00210197 0.00125108 0.00241071 
0.407271 0.479514 0.467693 0.473899 0.441355 0.449908 -0.00405277 -0.0051033 -0.00347902 -0.00423471 -0.00381604 -0.00465878 0.0026289 0.00241071 0.00125108 
4.41908e-34 0.625059 0.750078 0.690666 0.437671 0.350029 1.94053e-34 -0.000987738 -0.000734392 -0.000874945 -0.000230221 -0.000226142 -0.0408309 -0.048779 -0.0398292 
1 0.75 0.986681 0.905352 0.996678 0.9375 -5.4733e-37 -4.11213e-37 -0.000635878 -0.000553492 -0.000599377 -8.4731e-37 -0.0285768 -0.0292905 -0.0362388 
0.999445 0.842564 0.999363 0.965125 0.99979 0.957392 -0.0121658 -0.00529536 -0.00816858 -0.00765012 -0.00985755 -0.00947826 -0.0827904 -0.0697836 -0.07424 
2.02874e-34 1.93224e-34 0.33631 0.193387 0.200165 -1.22298e-34 -1.35929e-34 -8.14793e-35 0.00957367 0.00387111 0.00202372 -2.22246e-34 0.0276509 0.0173619 0.0222765 
0.581765 0.619181 0.602378 0.619399 0.597792 0.627275 0.11525 0.0925488 0.123597 0.113511 0.122017 0.111236 -0.025689 -0.00216136 -0.00959764 
1.17782e-34 1.07218e-34 0.206783 0.103585 0.110144 -7.04283e-35 -1.10004e-35 -7.97885e-36 0.00895998 0.0023855 0.00302307 -2.66701e-35 0.00299442 0.0021371 0.00266884 
0.989713 0.775281 0.646363 0.714367 0.879427 0.917071 -0.00491975 -0.00226821 -0.00267317 -0.00253355 -0.00469462 -0.00390754 -0.0662996 -0.0581077 -0.0693449 
9.83909e-35 7.73345e-35 0.172522 0.0811215 0.0950009 -6.37832e-35 1.11747e-34 9.96559e-35 0.0171667 0.00630789 0.00559789 1.97179e-34 0.0217595 0.0187081 0.0210508 
-5.81801e-35 -7.44546e-35 -0.0494844 -0.0806092 -0.0717279 2.6796e-35 -1.63001e-34 -2.76939e-34 0.0155131 0.00366725 0.00323797 -4.57359e-34 -0.0345963 -0.0568203 -0.0483354 
3.28319e-36 2.35689e-35 0.0339138 0.0208105 0.00901602 -8.50886e-38 -3.15931e-34 -2.90426e-34 -0.0199221 -0.0037541 -0.00388173 -5.89874e-34 -0.0630716 -0.0584067 -0.0587337 
-9.848e-35 -1.92443e-34 -0.194663 -0.131119 -0.0950437 8.70368e-35 6.9377e-34 7.50539e-34 0.0379554 0.0119867 0.0127453 1.39432e-33 -0.137263 -0.146678 -0.138836 
0.449529 0.568433 0.169935 0.357428 0.306041 0.504504 -0.0515509 -0.0628931 -0.000319235 -0.0292325 -0.0214655 -0.0563975 -0.126708 -0.12095 -0.11953 
7.99391e-35 4.12642e-34 0.226764 0.105888 0.0857305 -6.59946e-35 -3.31081e-34 -4.02804e-34 -0.0309979 -0.00806305 -0.00613346 -6.72185e-34 -0.0661829 -0.0720879 -0.0658453 
8.77034e-35 2.11567e-34 0.180178 0.0932942 0.092024 -6.12218e-35 -1.87748e-35 -2.30525e-35 -0.00160078 -0.000857392 -0.000558616 -3.88038e-35 0.00370528 0.0042157 0.00387854 
0.366097 0.472807 0.477643 0.47546 0.433674 0.430163 -0.00578382 -0.00767657 -0.00829842 -0.00820975 -0.00726229 -0.00729173 0.00654832 0.00788427 0.00566564 
0.937207 0.706032 0.586378 0.64882 0.800293 0.842885 -0.000839125 -0.00101193 -0.000306664 -0.000553584 -0.000626772 -0.00112948 -0.038211 -0.044666 -0.0354654 
0.66199 0.69778 0.671613 0.726348 0.666651 0.726398 -0.180753 -0.198487 -0.142012 -0.167552 -0.162788 -0.19164 -0.0526734 -0.00805581 -0.049748 
1 0.986681 0.937207 0.995417 0.984242 0.996678 -5.4733e-37 -0.000635878 -0.000839125 -0.000880607 -0.000726022 -0.000599377 -0.0285768 -0.0362388 -0.038211 
-7.01259e-35 -9.848e-35 -0.122842 -0.0711416 -0.047586 4.50479e-35 6.70726e-34 6.9377e-34 0.0352719 0.012005 0.00821408 1.31775e-33 -0.131072 -0.137263 -0.13252 
4.16728e-34 0.764353 0.418361 0.603945 0.220569 0.423536 -4.56658e-34 -0.0229525 -0.014185 -0.018169 -0.00506394 -0.00999143 -0.0911334 -0.0914471 -0.0916512 
3.10265e-34 0.75 0.586378 0.67336 0.325098 0.4375 -6.8013e-35 -3.58633e-37 -0.000306664 -0.000184411 -9.55381e-05 -9.81697e-38 -0.0277213 -0.0278176 -0.0354654 
1.23323e-34 1.18373e-34 0.216713 0.118242 0.120496 -8.00148e-35 8.55919e-35 1.02922e-34 0.00275076 0.0010342 0.00067254 1.85974e-34 0.0173415 0.0206252 0.0190756 
2.77848e-34 1.20611e-34 0.218252 0.119923 0.118631 -7.95476e-35 4.82124e-35 6.7227e-35 -0.00186626 -0.000577063 -0.000949299 1.19104e-34 0.0104135 0.013816 0.012708 
2.91405e-35 -1.2227e-35 0.0626196 -0.00902315 0.0178619 -2.87926e-35 5.24887e-35 -4.18834e-35 0.0319533 0.0126409 0.0113326 -1.77215e-35 0.0083764 -0.0109121 -0.000853828 
-6.36558e-35 -3.60704e-35 -0.0595513 -0.0447825 -0.0643093 4.44493e-35 -3.39241e-34 -3.40453e-34 -0.0189619 -0.0105382 -0.00692172 -6.63877e-34 -0.0678036 -0.067675 -0.0698331 
4.24453e-35 5.49312e-35 0.115169 0.0478311 0.0409406 -2.99569e-35 -2.88608e-34 -3.06256e-34 -0.0132508 -0.00240346 -0.00179647 -5.85883e-34 -0.0583326 -0.06164 -0.0589649 
1.21421e-34 1.82108e-34 0.274247 0.17088 0.138866 -1.03105e-34 -2.3159e-34 -1.99459e-34 -0.0351175 -0.0135051 -0.0171591 -3.90529e-34 0.043078 0.0380035 0.0405007 
1.63736e-34 1.42922e-34 0.270211 0.140751 0.154272 -9.26591e-35 -4.42442e-35 -2.15872e-35 0.020017 0.00523361 0.00551205 -8.05985e-35 0.0102421 0.00555951 0.00820029 
9.78097e-35 9.42564e-35 0.181233 0.0913863 0.092439 -6.20522e-35 -1.00581e-35 -1.45435e-35 0.000848248 0.000294631 0.000557012 -2.58804e-35 0.00221784 0.00298564 0.00256321 
0.755691 0.911667 0.482425 0.747609 0.625835 0.85139 -0.0652022 -0.0986327 -0.0424571 -0.0767589 -0.0553538 -0.0833169 -0.0893724 -0.0951596 -0.0812825 
0.753932 0.568779 0.84198 0.760358 0.817961 0.659501 -0.219255 -0.212861 -0.27155 -0.265843 -0.257711 -0.218623 -0.12922 -0.122965 -0.093303 
0.804158 0.84198 0.568779 0.760358 0.725809 0.823885 -0.291025 -0.27155 -0.212861 -0.265843 -0.274594 -0.283751 -0.0857263 -0.093303 -0.122965 
0.806071 0.911667 0.85772 0.939357 0.931014 0.865268 -0.105855 -0.0986327 -0.118835 -0.121671 -0.133664 -0.104092 -0.0849764 -0.0951596 -0.119193 
0.224653 -0.0102879 0.0245318 -0.00127716 0.0928106 0.0373645 -0.0152654 0.0420334 0.0317105 0.0364564 0.011603 0.0255673 -0.119596 -0.122627 -0.120522 
0.500023 0.479514 0.490245 0.48533 0.497827 0.495286 -0.00504364 -0.0051033 -0.00702978 -0.00602198 -0.00605214 -0.00517486 0.00210197 0.00241071 0.00356586 
2.32969e-34 4.41908e-34 0.437689 0.234541 0.234483 4.7867e-35 6.9991e-35 1.94053e-34 -0.000169519 -0.000151329 -7.40161e-05 3.34473e-34 -0.0294162 -0.0408309 -0.0351135 
0.999445 0.835251 0.702927 0.77404 0.932581 0.962331 -0.0121658 -0.00650164 -0.007085 -0.00704178 -0.0124227 -0.0105384 -0.0827904 -0.0781424 -0.088984 
0.123631 -0.254951 -0.104702 -0.196486 -0.0114544 -0.0895374 -0.0981301 -0.0166995 -0.0665867 -0.03877 -0.0757688 -0.0397425 -0.126107 -0.121129 -0.0799445 
0.806071 0.482425 0.911667 0.747609 0.865268 0.667987 -0.105855 -0.0424571 -0.0986327 -0.0767589 -0.104092 -0.074392 -0.0849764 -0.0812825 -0.0951596 
0.407271 0.490245 0.479514 0.48533 0.449908 0.45935 -0.00405277 -0.00702978 -0.0051033 -0.00602198 -0.00465878 -0.00560241 0.0026289 0.00356586 0.00241071 
-1.92443e-34 -3.16249e-34 -0.260936 -0.212224 -0.192621 1.60351e-34 7.50539e-34 6.71715e-34 0.0399863 0.0271579 0.0218032 1.36333e-33 -0.146678 -0.132445 -0.145823 
4.41908e-34 0.750078 0.437689 0.609373 0.234541 0.437671 1.94053e-34 -0.000734392 -0.000169519 -0.000309613 -0.000151329 -0.000230221 -0.0408309 -0.0398292 -0.0351135 
2.02874e-34 0.33631 0.263868 0.304983 0.15351 0.200165 -1.35929e-34 0.00957367 -0.00633564 -0.000721388 -0.000698147 0.00202372 0.0276509 0.0222765 0.0322808 
0.75 0.937207 0.586378 0.800293 0.67336 0.859209 -3.58633e-37 -0.000839125 -0.000306664 -0.000626772 -0.000184411 -0.000546608 -0.0278176 -0.038211 -0.0354654 
0.481951 0.263868 0.33631 0.304983 0.415813 0.379315 -0.0254042 -0.00633564 0.00957367 -0.000721388 -0.00612465 -0.0184947 0.0273918 0.0322808 0.0222765 
1.17782e-34 0.206783 0.175695 0.191471 0.0877306 0.110144 -1.10004e-35 0.00895998 0.00801906 0.00913358 0.0022841 0.00302307 0.00299442 0.00266884 0.0043295 
-0.0297707 0.0245318 -0.0102879 -0.00127716 -0.0227336 -0.0100288 0.0580306 0.0317105 0.0420334 0.0364564 0.0471667 0.0471587 -0.121836 -0.120522 -0.122627 
4.41908e-34 4.54792e-34 0.625059 0.350596 0.350029 -1.42348e-34 1.94053e-34 2.49654e-34 -0.000987738 -0.000332557 -0.000226142 4.44795e-34 -0.0408309 -0.0525824 -0.048779 
0.363865 0.175695 0.206783 0.191471 0.2856 0.27724 0.0341999 0.00801906 0.00895998 0.00913358 0.0201263 0.0204219 0.00422247 0.0043295 0.00266884 
1.20857e-34 2.77848e-34 0.202934 0.110037 0.109106 -6.34656e-35 3.50086e-35 4.82124e-35 -0.0020243 -0.000975782 -0.000603034 8.72725e-35 0.00730597 0.0104135 0.00806922 
4.87034e-34 6.6308e-34 0.646363 0.367166 0.365164 -1.65675e-34 3.07229e-34 3.65959e-34 -0.00267317 -0.00141538 -0.000772291 6.78546e-34 -0.0647855 -0.0777085 -0.0693449 
-0.127677 0.242209 -0.0250537 0.0992223 -0.0798667 0.0459017 -0.00683497 -0.101056 0.0145271 -0.0320682 0.00774422 -0.033906 -0.146345 -0.14826 -0.156854 
0.806071 0.85772 0.919282 0.911983 0.890598 0.931014 -0.105855 -0.118835 -0.163561 -0.147948 -0.140174 -0.133664 -0.0849764 -0.119193 -0.102661 
0.755691 0.482425 0.336655 0.414918 0.563112 0.625835 -0.0652022 -0.0424571 -0.0194043 -0.0277408 -0.0395047 -0.0553538 -0.0893724 -0.0812825 -0.0862244 
7.73345e-35 0.083372 0.172522 0.129873 0.0811215 0.0423624 9.96559e-35 0.0154048 0.0171667 0.0180865 0.00630789 0.00481603 0.0187081 0.014068 0.0210508 
9.83909e-35 0.172522 0.149203 0.164584 0.076495 0.0950009 1.11747e-34 0.0171667 0.00491893 0.00948229 0.00209835 0.00559789 0.0217595 0.0210508 0.021447 
-7.44546e-35 -0.0857446 -0.0494844 -0.0813345 -0.0806092 -0.0687076 -2.76939e-34 -0.00744435 0.0155131 0.00215197 0.00366725 -0.000751219 -0.0568203 -0.0643974 -0.0483354 
-5.81801e-35 -0.0494844 -0.0287782 -0.0448134 -0.0499336 -0.0717279 -1.63001e-34 0.0155131 0.0164728 0.0187754 0.00436484 0.00323797 -0.0345963 -0.0483354 -0.0238338 
2.35689e-35 0.0474669 0.0339138 0.0446755 0.0208105 0.0202292 -2.90426e-34 -0.00599476 -0.0199221 -0.0105386 -0.0037541 -0.000947345 -0.0584067 -0.0570129 -0.0587337 
3.28319e-36 0.0339138 -0.0212123 0.00647015 -0.00654428 0.00901602 -3.15931e-34 -0.0199221 -0.0156852 -0.0192661 -0.00396309 -0.00388173 -0.0630716 -0.0587337 -0.0647035 
0.301186 0.149203 0.172522 0.164584 0.241474 0.232277 0.0192615 0.00491893 0.0171667 0.00948229 0.021061 0.0125409 0.0215536 0.021447 0.0210508 
0.093455 -0.0287782 -0.0494844 -0.0448134 0.0104261 0.0242823 0.0654848 0.0164728 0.0155131 0.0187754 0.0371299 0.0395777 -0.026281 -0.0238338 -0.0483354 
0.248672 0.172522 0.083372 0.129873 0.168129 0.21701 0.0637364 0.0171667 0.0154048 0.0180865 0.0415108 0.0397261 0.0161256 0.0210508 0.014068 
0.0501963 -0.0212123 0.0339138 0.00647015 0.0384661 -0.00363672 -0.0459109 -0.0156852 -0.0199221 -0.0192661 -0.0373041 -0.0330655 -0.0664036 -0.0647035 -0.0587337 
0.0501153 -0.0494844 -0.0857446 -0.0813345 -0.041842 -0.0186033 0.0121152 0.0155131 -0.00744435 0.00215197 -0.00885237 0.0134158 -0.0717471 -0.0483354 -0.0643974 
0.195799 0.0339138 0.0474669 0.0446755 0.104321 0.0968031 -0.0456635 -0.0199221 -0.00599476 -0.0105386 -0.0201139 -0.0288605 -0.0551404 -0.0587337 -0.0570129 
6.6308e-34 0.835251 0.646363 0.749391 0.367166 0.50933 3.65959e-34 -0.00650164 -0.00267317 -0.00412312 -0.00141538 -0.00233448 -0.0777085 -0.0781424 -0.0693449 
0.449529 0.417297 0.85772 0.656961 0.678354 0.432181 -0.0515509 -0.0551504 -0.118835 -0.0948626 -0.0914348 -0.0525905 -0.126708 -0.135518 -0.119193 
0.334512 0.206783 0.137779 0.170425 0.242062 0.275345 0.0158272 0.00895998 0.00244897 0.00496185 0.00836218 0.0141159 0.00244394 0.00266884 0.00211327 
1.07218e-34 0.137779 0.206783 0.170425 0.103585 0.0709485 -7.97885e-36 0.00244897 0.00895998 0.00496185 0.0023855 0.00103413 0.0021371 0.00211327 0.00266884 
0.169559 -0.123576 0.0747245 -0.0373434 0.112381 0.00192501 -0.135135 -0.0442072 -0.0788531 -0.06192 -0.108825 -0.0916321 -0.032638 -0.0320461 0.0117393 
8.01765e-35 0.169805 2.02655e-34 0.0892646 -3.44469e-35 0.0895194 -2.81139e-37 -0.000456897 -8.43367e-36 -0.000241352 -7.76022e-36 -0.000152633 4.02563e-05 0.0010259 0.00153485 
2.36176e-34 0.336655 0.482425 0.414918 0.233731 0.156754 -4.31219e-34 -0.0194043 -0.0424571 -0.0277408 -0.00980231 -0.00595095 -0.0854458 -0.0862244 -0.0812825 
0.224653 0.425527 0.0311322 0.161105 0.114129 0.310245 -0.0152654 -0.0492185 0.036175 -0.00181374 0.0110638 -0.0289051 -0.119596 -0.125342 -0.124921 
-8.14625e-35 0.0747245 -0.123576 -0.0373434 -0.123297 -0.0743574 -1.0526e-35 -0.0788531 -0.0442072 -0.06192 -0.0134966 -0.0290708 -0.00393252 0.0117393 -0.0320461 
8.16008e-35 2.04368e-34 0.180724 0.0954274 0.0951637 -4.67074e-35 -2.89515e-37 6.15403e-36 -0.000498009 -0.000264681 -0.000167981 6.81021e-36 -4.06736e-05 0.00142213 0.000843132 
0.4811 0.33631 0.237785 0.291759 0.378371 0.421423 0.0429372 0.00957367 0.0111101 0.011519 0.0256157 0.0198248 0.0112424 0.0222765 0.0143241 
0.243674 -0.0250537 0.242209 0.0992223 0.2422 0.114619 -0.0507697 0.0145271 -0.101056 -0.0320682 -0.0770808 -0.0116242 -0.155624 -0.156854 -0.14826 
1.23323e-34 0.216713 0.169046 0.194724 0.0909108 0.120496 8.55919e-35 0.00275076 -0.000272209 0.000753229 0.000169292 0.00067254 0.0173415 0.0190756 0.0158015 
1.93224e-34 0.237785 0.33631 0.291759 0.193387 0.133734 -8.14793e-35 0.0111101 0.00957367 0.011519 0.00387111 0.00218715 0.0173619 0.0143241 0.0222765 
1.82108e-34 0.263868 0.274247 0.278431 0.17088 0.147007 -1.99459e-34 -0.00633564 -0.0351175 -0.0200508 -0.0135051 -0.00390618 0.0380035 0.0322808 0.0405007 
1.18373e-34 0.149203 0.216713 0.184834 0.118242 0.0810944 1.02922e-34 0.00491893 0.00275076 0.0044547 0.0010342 0.00139358 0.0206252 0.021447 0.0190756 
1.21421e-34 0.274247 0.102386 0.196921 0.0587678 0.138866 -2.3159e-34 -0.0351175 -0.0346369 -0.040448 -0.0128202 -0.0171591 0.043078 0.0405007 0.0380912 
1.42922e-34 0.175695 0.270211 0.221484 0.140751 0.095455 -2.15872e-35 0.00801906 0.020017 0.0127446 0.00523361 0.00258593 0.00555951 0.0043295 0.00820029 
2.91405e-35 0.0626196 0.083372 0.0749435 0.0268291 0.0178619 5.24887e-35 0.0319533 0.0154048 0.0225433 0.00543311 0.0113326 0.0083764 -0.000853828 0.014068 
-1.2227e-35 -0.0287782 0.0626196 0.010069 -0.00902315 -0.0337092 -4.18834e-35 0.0164728 0.0319533 0.0237821 0.0126409 0.00549543 -0.0109121 -0.0238338 -0.000853828 
-6.36558e-35 -0.0595513 -0.0857446 -0.073072 -0.0638823 -0.0643093 -3.39241e-34 -0.0189619 -0.00744435 -0.0111504 -0.00354009 -0.00692172 -0.0678036 -0.0698331 -0.0643974 
-3.60704e-35 -0.0212123 -0.0595513 -0.0397046 -0.0447825 -0.0194745 -3.40453e-34 -0.0156852 -0.0189619 -0.0171966 -0.0105382 -0.00497698 -0.067675 -0.0647035 -0.0698331 
4.24453e-35 0.115169 0.0474669 0.0745273 0.0240432 0.0409406 -2.88608e-34 -0.0132508 -0.00599476 -0.00858063 -0.000108896 -0.00179647 -0.0583326 -0.0589649 -0.0570129 
1.63736e-34 0.270211 0.237785 0.256453 0.124697 0.154272 -4.42442e-35 0.020017 0.0111101 0.0163915 0.00237967 0.00551205 0.0102421 0.00820029 0.0143241 
5.49312e-35 0.103537 0.115169 0.110661 0.0478311 0.0367751 -3.06256e-34 -0.0101692 -0.0132508 -0.0120622 -0.00240346 -0.00240291 -0.06164 -0.063359 -0.0589649 
9.42564e-35 0.128369 0.181233 0.154169 0.0913863 0.0644309 -1.45435e-35 -0.00041743 0.000848248 6.83118e-05 0.000294631 4.63851e-05 0.00298564 0.00331408 0.00256321 
9.78097e-35 0.181233 0.137779 0.159237 0.068407 0.092439 -1.00581e-35 0.000848248 0.00244897 0.00208749 0.000764199 0.000557012 0.00221784 0.00256321 0.00211327 
0.123631 0.568779 0.242209 0.407092 0.181014 0.347437 -0.0981301 -0.212861 -0.101056 -0.160959 -0.096187 -0.161945 -0.126107 -0.122965 -0.14826 
0.497771 0.498977 0.472807 0.490292 0.496964 0.500107 -0.0073614 -0.00875411 -0.00767657 -0.00857408 -0.00780766 -0.00821786 0.00642351 0.00618342 0.00788427 
8.16008e-35 0.180724 0.244228 0.213362 0.131901 0.0951637 -2.89515e-37 -0.000498009 -0.000596012 -0.000533513 -0.000173871 -0.000167981 -4.06736e-05 0.000843132 -1.56179e-05 
-0.106071 0.138607 -0.0125688 0.0516626 -0.0521467 0.0181653 0.0800122 0.0376423 0.0728808 0.0626159 0.0743341 0.0646601 -0.137131 -0.132915 -0.12585 
8.01765e-35 0.245585 0.169805 0.20891 0.0895194 0.133415 -2.81139e-37 -0.000601719 -0.000456897 -0.000518806 -0.000152633 -0.000176167 4.02563e-05 1.88659e-05 0.0010259 
0.345559 0.472975 0.424594 0.451687 0.38801 0.421822 -0.00568722 -0.0085329 -0.00696609 -0.00792772 -0.00670748 -0.00744419 0.0045217 0.0051733 0.00504848 
2.4641e-34 0.482425 0.353133 0.41839 0.161388 0.206794 -3.98912e-34 -0.0424571 -0.0367902 -0.0396392 -0.00913195 -0.0100936 -0.0778609 -0.0812825 -0.0759128 
0.123631 -0.104702 0.316945 0.0872445 0.21666 -0.0114544 -0.0981301 -0.0665867 -0.183616 -0.116788 -0.147946 -0.0757688 -0.126107 -0.0799445 -0.0845115 
0.169559 0.316945 -0.104702 0.0872445 0.00906242 0.237704 -0.135135 -0.183616 -0.0665867 -0.116788 -0.0987345 -0.158894 -0.032638 -0.0845115 -0.0799445 
0.753932 0.841773 0.526813 0.707189 0.646716 0.798932 -0.219255 -0.20135 -0.120488 -0.17074 -0.172324 -0.213617 -0.12922 -0.12286 -0.145772 
2.11567e-34 1.07788e-34 0.176856 0.092033 0.0911393 -5.26845e-35 -2.30525e-35 -2.25259e-35 -0.00195195 -0.000545279 -0.00091735 -4.21549e-35 0.0042157 0.00439731 0.00430736 
0.499132 0.498977 0.472975 0.495935 0.490454 0.500155 -0.00869056 -0.00875411 -0.0085329 -0.00875495 -0.0088343 -0.00896877 0.00473506 0.00618342 0.0051733 
0.497771 0.472975 0.498977 0.495935 0.500107 0.488452 -0.0073614 -0.0085329 -0.00875411 -0.00875495 -0.00821786 -0.00833271 0.00642351 0.0051733 0.00618342 
0.489809 0.489806 0.500006 0.497598 0.49733 0.500011 -0.00250462 -0.00250746 -0.00352415 -0.00295938 -0.0029585 -0.00271301 1.32175e-05 -1.54974e-05 0.00095566 
0.169559 -0.104702 -0.123576 -0.133132 0.00192501 0.00906242 -0.135135 -0.0665867 -0.0442072 -0.0569205 -0.0916321 -0.0987345 -0.032638 -0.0799445 -0.0320461 
-1.84657e-34 -0.123576 -0.104702 -0.133132 -0.221834 -0.162819 2.45865e-34 -0.0442072 -0.0665867 -0.0569205 -0.014253 -0.0111219 -0.0540501 -0.0320461 -0.0799445 
0.366097 0.477643 0.432793 0.458166 0.402347 0.433674 -0.00578382 -0.00829842 -0.006381 -0.00747717 -0.00625608 -0.00726229 0.00654832 0.00566564 0.00451847 
4.54792e-34 0.775281 0.625059 0.704917 0.350596 0.457191 2.49654e-34 -0.00226821 -0.000987738 -0.00146636 -0.000332557 -0.000709818 -0.0525824 -0.0581077 -0.048779 
0.998703 0.775281 0.997086 0.930303 0.99789 0.9351 -0.00181902 -0.00226821 -0.003301 -0.0031144 -0.00271609 -0.00245475 -0.0481636 -0.0581077 -0.057327 
0.989713 0.997086 0.775281 0.930303 0.917071 0.994044 -0.00491975 -0.003301 -0.00226821 -0.0031144 -0.00390754 -0.00402405 -0.0662996 -0.057327 -0.0581077 
0.687473 0.316945 0.577205 0.451743 0.631371 0.514254 -0.284745 -0.183616 -0.252698 -0.224907 -0.272023 -0.236635 -0.0743165 -0.0845115 -0.0384581 
0.169559 0.577205 0.316945 0.451743 0.237704 0.381265 -0.135135 -0.252698 -0.183616 -0.224907 -0.158894 -0.197961 -0.032638 -0.0384581 -0.0845115 
7.52286e-34 5.06816e-34 0.0311322 -0.0131133 0.0306004 1.06698e-33 3.10704e-34 3.81744e-35 0.036175 0.0436914 0.0269466 8.34205e-36 -0.137657 -0.123288 -0.124921 
0.334512 0.394785 0.206783 0.308997 0.275345 0.363161 0.0158272 0.0346821 0.00895998 0.0211134 0.0141159 0.0246534 0.00244394 0.00318322 0.00266884 
0.4811 0.555175 0.33631 0.455294 0.421423 0.521962 0.0429372 0.0212689 0.00957367 0.00734633 0.0198248 0.0358741 0.0112424 0.0158693 0.0222765 
0.224653 0.733359 0.781287 0.754139 0.528615 0.495776 -0.0152654 -0.0714692 -0.0612727 -0.0661742 -0.0507747 -0.0478263 -0.119596 -0.117121 -0.118043 
-1.84657e-34 -8.14625e-35 -0.123576 -0.123297 -0.162819 -1.08601e-35 2.45865e-34 -1.0526e-35 -0.0442072 -0.0134966 -0.0111219 2.94357e-34 -0.0540501 -0.00393252 -0.0320461 
0.989713 0.646363 0.835251 0.749391 0.936056 0.879427 -0.00491975 -0.00267317 -0.00650164 -0.00412312 -0.00634799 -0.00469462 -0.0662996 -0.0693449 -0.0781424 
0.195799 0.161283 0.0339138 0.0829097 0.0968031 0.176677 -0.0456635 -0.062192 -0.0199221 -0.040647 -0.0288605 -0.0557771 -0.0551404 -0.059514 -0.0587337 
0.0501153 0.120215 -0.0494844 0.0216132 -0.0186033 0.078772 0.0121152 0.0588071 0.0155131 0.0357328 0.0134158 0.0355773 -0.0717471 -0.051275 -0.0483354 
0.248672 0.32792 0.172522 0.255895 0.21701 0.292318 0.0637364 0.0464361 0.0171667 0.0330423 0.0397261 0.0558764 0.0161256 0.0208984 0.0210508 
1.20611e-34 0.169046 0.218252 0.194612 0.119923 0.0906879 6.7227e-35 -0.000272209 -0.00186626 -0.000975401 -0.000577063 -8.4756e-05 0.013816 0.0158015 0.012708 
1.20611e-34 1.23323e-34 0.169046 0.0909108 0.0906879 -1.77321e-35 6.7227e-35 8.55919e-35 -0.000272209 0.000169292 -8.4756e-05 1.52846e-34 0.013816 0.0173415 0.0158015 
0.323222 0.218252 0.169046 0.194612 0.253312 0.275082 0.000212876 -0.00186626 -0.000272209 -0.000975401 -0.000247108 -0.00144914 0.0154929 0.012708 0.0158015 
1.82108e-34 2.02874e-34 0.263868 0.15351 0.147007 -2.27753e-35 -1.99459e-34 -1.35929e-34 -0.00633564 -0.000698147 -0.00390618 -3.22614e-34 0.0380035 0.0276509 0.0322808 
3.86039e-34 4.16728e-34 0.418361 0.220569 0.210755 -1.73202e-35 -4.69027e-34 -4.56658e-34 -0.014185 -0.00506394 -0.00401162 -9.01329e-34 -0.0928592 -0.0911334 -0.0916512 
2.36176e-34 3.53252e-34 0.336655 0.171935 0.156754 -2.52466e-35 -4.31219e-34 -4.45503e-34 -0.0194043 -0.00736209 -0.00595095 -8.47841e-34 -0.0854458 -0.0877287 -0.0862244 
1.42922e-34 1.17782e-34 0.175695 0.0877306 0.095455 -1.54298e-35 -2.15872e-35 -1.10004e-35 0.00801906 0.0022841 0.00258593 -4.24259e-35 0.00555951 0.00299442 0.0043295 
7.73345e-35 2.91405e-35 0.083372 0.0268291 0.0423624 -1.73772e-35 9.96559e-35 5.24887e-35 0.0154048 0.00543311 0.00481603 1.33902e-34 0.0187081 0.0083764 0.014068 
1.18373e-34 9.83909e-35 0.149203 0.076495 0.0810944 -1.2226e-35 1.02922e-34 1.11747e-34 0.00491893 0.00209835 0.00139358 2.08297e-34 0.0206252 0.0217595 0.021447 
-7.44546e-35 -6.36558e-35 -0.0857446 -0.0638823 -0.0687076 2.15859e-36 -2.76939e-34 -3.39241e-34 -0.00744435 -0.00354009 -0.000751219 -6.16078e-34 -0.0568203 -0.0678036 -0.0643974 
-1.2227e-35 -5.81801e-35 -0.0287782 -0.0499336 -0.0337092 -1.7514e-35 -4.18834e-35 -1.63001e-34 0.0164728 0.00436484 0.00549543 -2.25658e-34 -0.0109121 -0.0345963 -0.0238338 
2.35689e-35 4.24453e-35 0.0474669 0.0240432 0.0202292 -3.02257e-36 -2.90426e-34 -2.88608e-34 -0.00599476 -0.000108896 -0.000947345 -5.69482e-34 -0.0584067 -0.0583326 -0.0570129 
-3.60704e-35 3.28319e-36 -0.0212123 -0.00654428 -0.0194745 8.78561e-36 -3.40453e-34 -3.15931e-34 -0.0156852 -0.00396309 -0.00497698 -6.39433e-34 -0.067675 -0.0630716 -0.0647035 
0.960055 0.781287 0.733359 0.754139 0.880637 0.898736 -0.0771527 -0.0612727 -0.0714692 -0.0661742 -0.0804186 -0.0740652 -0.107094 -0.118043 -0.117121 
9.42564e-35 8.77034e-35 0.128369 0.0648474 0.0644309 -1.02571e-35 -1.45435e-35 -1.87748e-35 -0.00041743 -0.000169231 4.63851e-05 -3.29933e-35 0.00298564 0.00370528 0.00331408 
1.07218e-34 9.78097e-35 0.137779 0.068407 0.0709485 -1.23254e-35 -7.97885e-36 -1.00581e-35 0.00244897 0.000764199 0.00103413 -2.14195e-35 0.0021371 0.00221784 0.00211327 
5.49312e-35 7.99391e-35 0.103537 0.0469596 0.0367751 -8.7413e-36 -3.06256e-34 -3.31081e-34 -0.0101692 -0.00260028 -0.00240291 -6.25562e-34 -0.06164 -0.0661829 -0.063359 
1.93224e-34 1.63736e-34 0.237785 0.124697 0.133734 -1.44543e-35 -8.14793e-35 -4.42442e-35 0.0111101 0.00237967 0.00218715 -1.36994e-34 0.0173619 0.0102421 0.0143241 
1.23394e-35 1.21421e-34 0.102386 0.0587678 0.0197068 -1.58564e-35 -1.83519e-34 -2.3159e-34 -0.0346369 -0.0128202 -0.0117371 -3.70264e-34 0.0315083 0.043078 0.0380912 
0.560485 0.751467 0.769278 0.766124 0.68515 0.660734 -0.182292 -0.233863 -0.271663 -0.256821 -0.229656 -0.212122 -0.0569982 -0.0693976 -0.0668883 
0.883067 0.781287 0.978351 0.930187 0.959089 0.83511 -0.0525228 -0.0612727 -0.0633028 -0.06865 -0.0638872 -0.0584842 -0.116043 -0.118043 -0.105048 
5.00499e-34 5.11396e-34 -0.00613356 -0.000818956 -0.00223984 1.0189e-33 1.09226e-35 -6.68054e-37 0.00421274 -0.00149486 0.0028532 -1.47906e-36 -0.121493 -0.122845 -0.122671 
0.999445 0.999363 0.835251 0.953898 0.962331 0.99979 -0.0121658 -0.00816858 -0.00650164 -0.008105 -0.0105384 -0.00985755 -0.0827904 -0.07424 -0.0781424 
0.989713 0.835251 0.999363 0.953898 0.996181 0.936056 -0.00491975 -0.00650164 -0.00816858 -0.008105 -0.00682112 -0.00634799 -0.0662996 -0.0781424 -0.07424 
2.32969e-34 0.437689 0.75 0.609491 0.4375 0.234483 6.9991e-35 -0.000169519 -4.11213e-37 -0.000136117 -1.44325e-37 -7.40161e-05 -0.0294162 -0.0351135 -0.0292905 
0.367357 0.402273 0.0747245 0.232919 0.221859 0.384817 -0.117104 -0.173869 -0.0788531 -0.129384 -0.111354 -0.145644 0.0297858 0.0056688 0.0117393 
7.99391e-35 0.226764 0.103537 0.158073 0.0469596 0.0857305 -3.31081e-34 -0.0309979 -0.0101692 -0.0186271 -0.00260028 -0.00613346 -0.0661829 -0.0658453 -0.063359 
0.363005 0.103537 0.226764 0.158073 0.301108 0.221459 -0.074799 -0.0101692 -0.0309979 -0.0186271 -0.0496767 -0.0328484 -0.0618744 -0.063359 -0.0658453 
0.960055 0.978351 0.781287 0.930187 0.898736 0.972582 -0.0771527 -0.0633028 -0.0612727 -0.06865 -0.0740652 -0.0707835 -0.107094 -0.105048 -0.118043 
0.804158 0.769278 0.751467 0.766124 0.808715 0.800385 -0.291025 -0.271663 -0.233863 -0.256821 -0.276551 -0.287147 -0.0857263 -0.0668883 -0.0693976 
0.287889 0.128369 0.180178 0.15436 0.235623 0.212314 -0.00075644 -0.00041743 -0.00160078 -0.000947735 -0.00152674 -0.000707993 0.00345312 0.00331408 0.00387854 
8.77034e-35 0.180178 0.128369 0.15436 0.0648474 0.092024 -1.87748e-35 -0.00160078 -0.00041743 -0.000947735 -0.000169231 -0.000558616 0.00370528 0.00387854 0.00331408 
-0.0783788 -0.0454009 -0.0156232 -0.0329666 -0.0440361 -0.0619138 0.0472557 0.0341053 0.00970859 0.0207295 0.0239875 0.0410274 -0.125509 -0.123365 -0.124423 
0.883067 0.425527 0.781287 0.627721 0.83511 0.706613 -0.0525228 -0.0492185 -0.0612727 -0.0570211 -0.0584842 -0.0518792 -0.116043 -0.125342 -0.118043 
-9.848e-35 -0.194663 -0.122842 -0.157526 -0.0711416 -0.0950437 6.9377e-34 0.0379554 0.0352719 0.0372627 0.012005 0.0127453 -0.137263 -0.138836 -0.13252 
7.52286e-34 0.0311322 0.425527 0.161105 0.236103 0.0306004 3.10704e-34 0.036175 -0.0492185 -0.00181374 -0.0305266 0.0269466 -0.137657 -0.124921 -0.125342 
-0.130761 -0.260936 -0.0250537 -0.17226 -0.0817298 -0.205756 0.0613442 0.0399863 0.0145271 0.041591 0.0425199 0.0579653 -0.149652 -0.145823 -0.156854 
0.301186 0.172522 0.32792 0.255895 0.31667 0.241474 0.0192615 0.0171667 0.0464361 0.0330423 0.0315702 0.021061 0.0215536 0.0210508 0.0208984 
-0.127677 -0.0250537 -0.260936 -0.17226 -0.218649 -0.0798667 -0.00683497 0.0145271 0.0399863 0.041591 0.0267429 0.00774422 -0.146345 -0.156854 -0.145823 
0.093455 -0.0494844 0.120215 0.0216132 0.0993519 0.0104261 0.0654848 0.0155131 0.0588071 0.0357328 0.0641556 0.0371299 -0.026281 -0.0483354 -0.051275 
0.0501963 0.0339138 0.161283 0.0829097 0.104868 0.0384661 -0.0459109 -0.0199221 -0.062192 -0.040647 -0.0538465 -0.0373041 -0.0664036 -0.0587337 -0.059514 
0.481951 0.33631 0.555175 0.455294 0.525917 0.415813 -0.0254042 0.00957367 0.0212689 0.00734633 -0.000913247 -0.00612465 0.0273918 0.0222765 0.0158693 
0.363865 0.206783 0.394785 0.308997 0.380084 0.2856 0.0341999 0.00895998 0.0346821 0.0211134 0.0352306 0.0201263 0.00422247 0.00266884 0.00318322 
0.427833 0.420146 0.513975 0.475708 0.472423 0.424377 0.110582 0.131816 0.12361 0.131608 0.118216 0.123468 0.0109274 -0.00380692 0.00427879 
0.645633 0.577205 0.402273 0.490439 0.537885 0.612942 -0.236412 -0.252698 -0.173869 -0.216328 -0.208544 -0.244461 -0.0181998 -0.0384581 0.0056688 
0.556693 0.513975 0.420146 0.475708 0.498595 0.535635 0.132049 0.12361 0.131816 0.131608 0.13705 0.129046 -0.0026079 0.00427879 -0.00380692 
0.798249 0.84198 0.751467 0.817516 0.777707 0.839498 -0.208473 -0.27155 -0.233863 -0.263936 -0.223738 -0.250348 -0.0768017 -0.093303 -0.0693976 
1.20857e-34 0.202934 0.206309 0.204631 0.111466 0.109106 3.50086e-35 -0.0020243 -0.00180213 -0.00191028 -0.000451377 -0.000603034 0.00730597 0.00806922 0.00635783 
0.327607 0.348181 0.507726 0.435144 0.420573 0.336196 0.00469195 -0.0503643 -0.0165576 -0.0358372 -0.00214121 -0.0251164 -0.0767574 -0.0770838 -0.0683893 
0.804158 0.751467 0.84198 0.817516 0.823885 0.808715 -0.291025 -0.233863 -0.27155 -0.263936 -0.283751 -0.276551 -0.0857263 -0.0693976 -0.093303 
0.604374 0.507726 0.348181 0.435144 0.487021 0.554298 -0.0808809 -0.0165576 -0.0503643 -0.0358372 -0.0623104 -0.0476918 -0.0607775 -0.0683893 -0.0770838 
1.07788e-34 0.196839 0.176856 0.186813 0.092033 0.1029 -2.25259e-35 -0.00197354 -0.00195195 -0.00197245 -0.000545279 -0.000511166 0.00439731 0.00417431 0.00430736 
0.500606 0.488572 0.497951 0.499464 0.5001 0.496696 0.00173988 -0.00486985 -0.0040008 -0.00403595 -0.00148593 -0.00205709 0.00874752 0.00682523 0.00855615 
0.459642 0.470701 0.496886 0.487296 0.483208 0.465554 0.00311604 0.0181097 0.00925709 0.013081 0.0061685 0.00908478 0.0130025 0.0147444 0.0112253 
0.502925 0.496886 0.470701 0.487296 0.494465 0.500573 0.0194199 0.00925709 0.0181097 0.013081 0.0188174 0.0140651 0.0103263 0.0112253 0.0147444 
0.883067 0.978351 0.987703 0.983243 0.967681 0.959089 -0.0525228 -0.0633028 -0.0486302 -0.0568063 -0.0571683 -0.0638872 -0.116043 -0.105048 -0.103459 
0.502925 0.502923 0.468578 0.489269 0.494479 0.503499 0.0194199 0.0311282 0.0153682 0.0224081 0.0178521 0.0249853 0.0103263 0.00901964 0.00615789 
0.472669 0.468578 0.502923 0.489269 0.492041 0.469652 0.0318084 0.0153682 0.0311282 0.0224081 0.03145 0.0229755 0.00557758 0.00615789 0.00901964 
0.328526 0.218252 0.372658 0.304006 0.352139 0.277436 -0.00485805 -0.00186626 -0.00369146 -0.00270663 -0.00474911 -0.00300598 0.00977692 0.012708 0.0123904 
0.323222 0.372658 0.218252 0.304006 0.275082 0.349242 0.000212876 -0.00369146 -0.00186626 -0.00270663 -0.00144914 -0.0019388 0.0154929 0.0123904 0.012708 
0.755691 0.95184 0.911667 0.933271 0.85139 0.884151 -0.0652022 -0.0841696 -0.0986327 -0.0924011 -0.0833169 -0.0791093 -0.0893724 -0.100878 -0.0951596 
0.169935 0.568433 0.733359 0.650202 0.422327 0.357428 -0.000319235 -0.0628931 -0.0714692 -0.0674514 -0.0399449 -0.0292325 -0.11953 -0.12095 -0.117121 
0.556693 0.602378 0.578957 0.599097 0.584603 0.579161 0.132049 0.123597 0.101512 0.116359 0.119323 0.130324 -0.0026079 -0.00959764 0.000724024 
0.619181 0.578957 0.602378 0.599097 0.619399 0.599767 0.0925488 0.101512 0.123597 0.116359 0.113511 0.0990829 -0.00216136 0.000724024 -0.00959764 
0.909549 0.911667 0.95184 0.933271 0.951231 0.949188 -0.0998584 -0.0986327 -0.0841696 -0.0924011 -0.095287 -0.106123 -0.111971 -0.0951596 -0.100878 
0.224653 0.781287 0.425527 0.627721 0.310245 0.528615 -0.0152654 -0.0612727 -0.0492185 -0.0570211 -0.0289051 -0.0507747 -0.119596 -0.118043 -0.125342 
0.604374 0.671613 0.71927 0.709242 0.69119 0.638692 -0.0808809 -0.142012 -0.102858 -0.12028 -0.0861039 -0.110901 -0.0607775 -0.049748 -0.0193846 
0.909549 0.733359 0.568433 0.650202 0.782224 0.838198 -0.0998584 -0.0714692 -0.0628931 -0.0674514 -0.0873014 -0.0875876 -0.111971 -0.117121 -0.12095 
0.583183 0.597961 0.226764 0.409899 0.394741 0.595175 -0.090433 -0.12026 -0.0309979 -0.0675926 -0.0553209 -0.105984 -0.072007 -0.0695226 -0.0658453 
0.69778 0.71927 0.671613 0.709242 0.726348 0.716583 -0.198487 -0.102858 -0.142012 -0.12028 -0.167552 -0.149782 -0.00805581 -0.0193846 -0.049748 
0.853066 0.987703 0.978351 0.983243 0.944425 0.945302 -0.0422856 -0.0486302 -0.0633028 -0.0568063 -0.0541744 -0.0472433 -0.0962432 -0.103459 -0.105048 
0.183391 0.417297 0.138607 0.260787 0.169474 0.286043 0.0110251 -0.0551504 0.0376423 -0.0036042 0.0278533 -0.019624 -0.150421 -0.135518 -0.132915 
0.449529 0.138607 0.417297 0.260787 0.432181 0.262346 -0.0515509 0.0376423 -0.0551504 -0.0036042 -0.0525905 -0.00729667 -0.126708 -0.132915 -0.135518 
0.274832 0.327474 0.180178 0.258574 0.229049 0.301418 -0.00377544 -0.00436076 -0.00160078 -0.00264673 -0.00256015 -0.00417251 0.00439024 0.00414148 0.00387854 
-0.0188222 -0.0156232 -0.0454009 -0.0329666 -0.0310373 -0.0182678 0.013892 0.00970859 0.0341053 0.0207295 0.023588 0.0115764 -0.12284 -0.124423 -0.123365 
0.363005 0.226764 0.597961 0.409899 0.481062 0.301108 -0.074799 -0.0309979 -0.12026 -0.0675926 -0.097764 -0.0496767 -0.0618744 -0.0658453 -0.0695226 
0.287889 0.180178 0.327474 0.258574 0.307875 0.235623 -0.00075644 -0.00160078 -0.00436076 -0.00264673 -0.00275918 -0.00152674 0.00345312 0.00387854 0.00414148 
0.472807 0.498977 0.477643 0.491834 0.47546 0.490292 -0.00767657 -0.00875411 -0.00829842 -0.00879276 -0.00820975 -0.00857408 0.00788427 0.00618342 0.00566564 
0.675797 0.526813 0.841773 0.707189 0.77146 0.598962 -0.128345 -0.120488 -0.20135 -0.17074 -0.169234 -0.12361 -0.136798 -0.145772 -0.12286 
0.757252 0.740893 0.61698 0.707948 0.702651 0.749516 -0.274792 -0.250115 -0.196677 -0.228541 -0.238381 -0.265028 -0.0563605 -0.0396095 -0.0577745 
0.591702 0.649684 0.504037 0.588621 0.54805 0.627272 0.036785 0.0804751 0.0805584 0.0854413 0.0606124 0.0641052 -0.0509128 -0.029238 -0.0502405 
0.528946 0.520645 0.500097 0.518702 0.51445 0.528383 0.0972597 0.0676867 0.0785249 0.0732607 0.0885821 0.0822016 0.00866385 0.00822028 0.0134812 
0.499132 0.477643 0.498977 0.491834 0.500155 0.4967 -0.00869056 -0.00829842 -0.00875411 -0.00879276 -0.00896877 -0.00871636 0.00473506 0.00566564 0.00618342 
0.497771 0.497951 0.488572 0.499464 0.494039 0.50036 -0.0073614 -0.0040008 -0.00486985 -0.00403595 -0.00628572 -0.00583867 0.00642351 0.00855615 0.00682523 
0.511277 0.500097 0.520645 0.518702 0.516536 0.509095 0.0523768 0.0785249 0.0676867 0.0732607 0.0599892 0.0648539 0.0112489 0.0134812 0.00822028 
0.581765 0.504037 0.649684 0.588621 0.616209 0.545834 0.11525 0.0805584 0.0804751 0.0854413 0.0991568 0.103262 -0.025689 -0.0502405 -0.029238 
0.66199 0.61698 0.740893 0.707948 0.716239 0.640852 -0.180753 -0.196677 -0.250115 -0.228541 -0.215817 -0.191218 -0.0526734 -0.0577745 -0.0396095 
5.11396e-34 -0.000101777 -0.00613356 -0.00411067 -0.000818956 0.000232309 -6.68054e-37 -0.000781665 0.00421274 0.000904611 -0.00149486 -0.00189484 -0.122845 -0.123218 -0.122671 
-0.0188222 -0.00613356 -0.000101777 -0.00411067 -0.00723432 -0.0124475 0.013892 0.00421274 -0.000781665 0.000904611 0.00377155 0.00905507 -0.12284 -0.122671 -0.123218 
5.00499e-34 -0.00613356 -0.0215923 -0.0134329 -0.00742774 -0.00223984 1.09226e-35 0.00421274 0.0292357 0.0149459 0.0168047 0.0028532 -0.121493 -0.122671 -0.122217 
-0.0188222 -0.0215923 -0.00613356 -0.0134329 -0.0124475 -0.0221753 0.013892 0.0292357 0.00421274 0.0149459 0.00905507 0.0215714 -0.12284 -0.122217 -0.122671 
