0.475188 0.846621 7.74913e-34 0.577757 0.262679 0.69613 -0.0632565 -0.0396023 2.90867e-34 -0.0458418 -0.0390867 -0.0613632 -0.118644 -0.108224 -0.132913 
-0.0853904 -0.0468178 0.400503 0.146695 0.111332 -0.0841948 -0.0697535 -0.142442 -0.262488 -0.193578 -0.140862 -0.114699 -0.160973 -0.0880524 -0.117711 
0.500009 0.461823 0.495298 0.495968 0.498834 0.490449 -0.000303146 -0.000147631 -0.000188819 -0.000168855 -0.00026596 -0.000258185 0.0110237 0.0126007 0.0119422 
0.500008 0.458294 0.496386 0.494883 0.49926 0.489159 0.00481173 0.00798401 0.00748762 0.00808671 0.00604992 0.00636345 0.016902 0.0188919 0.0176679 
0.50061 0.439637 0.505835 0.489025 0.503139 0.481749 0.0299508 0.0330413 0.0277566 0.0305531 0.0299861 0.0318973 0.0220927 0.016324 0.0231239 
0.417068 0.379706 0.681332 0.561327 0.599287 0.397359 -0.278166 -0.213619 -0.228907 -0.236889 -0.268941 -0.24867 -0.0298968 0.0199304 -0.0111718 
0.38338 0.306948 0.202558 0.257566 0.303383 0.347562 -0.000229433 -0.000150364 -8.81663e-05 -0.000129119 -0.000157243 -0.000185571 0.0111922 0.00972446 0.0112569 
0.542355 0.461955 0.515782 0.50037 0.527787 0.519786 -0.0210003 -0.0408902 -0.0022204 -0.0201333 -0.0122171 -0.0370096 0.0208992 0.0410328 0.0273144 
0.910621 0.846621 0.475188 0.69613 0.752389 0.88146 -0.0767467 -0.0396023 -0.0632565 -0.0613632 -0.0688494 -0.0590592 -0.106244 -0.108224 -0.118644 
0.41254 0.231211 0.328142 0.282889 0.373339 0.335226 0.020249 0.00688709 0.0112053 0.00985129 0.0155332 0.0135722 0.0271432 0.0288703 0.0233644 
0.542355 0.53495 0.461955 0.495686 0.519786 0.54909 -0.0210003 -0.0850515 -0.0408902 -0.0643126 -0.0370096 -0.0501036 0.0208992 0.033287 0.0410328 
0.356901 0.314865 0.466354 0.405844 0.421117 0.336557 -6.91926e-05 -9.29601e-05 -0.000153299 -0.000128477 -0.000108118 -8.16893e-05 0.00553867 0.00718077 0.0067047 
0.447182 0.466354 0.314865 0.405844 0.391069 0.457303 -0.00019431 -0.000153299 -9.29601e-05 -0.000128477 -0.00014707 -0.000174199 0.00803673 0.0067047 0.00718077 
0.500008 0.464991 0.49501 0.496618 0.498585 0.491644 0.00481173 0.0018454 0.00272338 0.00239337 0.00368629 0.00314352 0.016902 0.0150827 0.0161285 
0.500009 0.459407 0.495165 0.495647 0.498785 0.489847 -0.000303146 -0.000287801 -0.000316946 -0.000305715 -0.00031656 -0.000305793 0.0110237 0.00967098 0.0100838 
0.500005 0.459407 0.491694 0.478595 0.497878 0.489762 -0.000286959 -0.000287801 -0.000236112 -0.00026648 -0.000266251 -0.000299516 0.00907684 0.00967098 0.00793422 
0.491694 0.459407 0.440767 0.450526 0.472016 0.478595 -0.000236112 -0.000287801 -0.000198193 -0.000234314 -0.000218549 -0.00026648 0.00793422 0.00967098 0.00820044 
0.384767 0.199057 0.307555 0.256259 0.348318 0.302739 0.00290808 0.000844789 0.000785873 0.000956469 0.00165187 0.00193525 0.0161503 0.0161599 0.0148193 
0.41254 0.328142 0.477083 0.420556 0.450131 0.373339 0.020249 0.0112053 0.0227747 0.0170823 0.0221314 0.0155332 0.0271432 0.0233644 0.0220346 
0.0535709 -0.0153999 -0.00560105 -0.013321 0.0495461 0.0161327 0.127253 0.126594 0.125352 0.143033 0.129093 0.137197 -0.125038 -0.125095 -0.151335 
0.637467 0.757974 0.566046 0.690414 0.596989 0.737027 -0.161732 -0.262988 -0.102926 -0.17785 -0.134136 -0.214913 -0.0547872 -0.0476458 -0.0342045 
0.53495 0.554491 0.384462 0.464304 0.468782 0.548208 -0.0850515 -0.176025 -0.0941505 -0.13682 -0.0962634 -0.12663 0.033287 0.0260921 0.0496237 
0.681332 0.566046 0.757974 0.690414 0.719339 0.675624 -0.228907 -0.102926 -0.262988 -0.17785 -0.245675 -0.161466 -0.0111718 -0.0342045 -0.0476458 
0.384767 0.307555 0.464991 0.401994 0.430596 0.348318 0.00290808 0.000785873 0.0018454 0.00134549 0.0024536 0.00165187 0.0161503 0.0148193 0.0150827 
0.38338 0.453835 0.306948 0.39301 0.347562 0.422618 -0.000229433 -0.000270413 -0.000150364 -0.000213283 -0.000185571 -0.000263415 0.0111922 0.00952221 0.00972446 
0.603559 0.554491 0.53495 0.548208 0.575793 0.599751 -0.0937132 -0.176025 -0.0850515 -0.12663 -0.0894626 -0.134748 0.0116452 0.0260921 0.033287 
0.38213 0.304768 0.459407 0.39651 0.425794 0.345873 -0.000227387 -0.000155287 -0.000287801 -0.000219634 -0.000258873 -0.000189435 0.0109146 0.00959166 0.00967098 
0.38338 0.306896 0.461823 0.39929 0.427964 0.347549 -0.000229433 -0.000121204 -0.000147631 -0.000120122 -0.000210133 -0.000190838 0.0111922 0.0127986 0.0126007 
0.50061 0.477083 0.490512 0.500858 0.496542 0.499731 0.0299508 0.0227747 0.0266107 0.0249856 0.0286364 0.0266633 0.0220927 0.0220346 0.0207757 
0.38074 0.302006 0.458294 0.394619 0.424848 0.343977 0.00274267 0.00367524 0.00798401 0.00588652 0.00497713 0.00325886 0.0177643 0.0191439 0.0188919 
0.353736 0.259658 0.439637 0.360047 0.398858 0.309474 0.0221317 0.0198478 0.0330413 0.0272607 0.0282121 0.0216623 0.0179769 0.0125283 0.016324 
0.38074 0.330538 0.196432 0.268417 0.299299 0.357058 0.00274267 0.000725398 0.000797171 0.000918199 0.00182393 0.00153233 0.0177643 0.0159573 0.0177923 
0.38338 0.202558 0.306896 0.257563 0.347549 0.303383 -0.000229433 -8.81663e-05 -0.000121204 -0.000108368 -0.000190838 -0.000157243 0.0111922 0.0112569 0.0127986 
0.38074 0.460994 0.330538 0.407297 0.357058 0.426411 0.00274267 0.00172343 0.000725398 0.00116349 0.00153233 0.00225962 0.0177643 0.0159438 0.0159573 
0.353736 0.313015 0.167877 0.245379 0.269192 0.334691 0.0221317 0.0116768 0.00741818 0.0105175 0.0150707 0.0165949 0.0179769 0.0199233 0.0167729 
0.38074 0.196432 0.302006 0.252546 0.343977 0.299299 0.00274267 0.000797171 0.00367524 0.00201562 0.00325886 0.00182393 0.0177643 0.0177923 0.0191439 
0.347655 0.256795 0.0953265 0.177482 0.215294 0.292984 0.00556739 0.0217024 0.00848203 0.0133773 0.00853553 0.0164783 -0.0244611 -0.00608062 -0.026166 
0.353736 0.167877 0.259658 0.215615 0.309474 0.269192 0.0221317 0.00741818 0.0198478 0.0132239 0.0216623 0.0150707 0.0179769 0.0167729 0.0125283 
0.443002 0.330538 0.460994 0.407297 0.452499 0.39426 0.000406204 0.000725398 0.00172343 0.00116349 0.000952366 0.00054685 0.0143533 0.0159573 0.0159438 
0.353736 0.448946 0.313015 0.391111 0.334691 0.407493 0.0221317 0.0217855 0.0116768 0.0171643 0.0165949 0.0227623 0.0179769 0.0204413 0.0199233 
0.434875 0.313015 0.448946 0.391111 0.442537 0.38192 0.0131121 0.0116768 0.0217855 0.0171643 0.0171052 0.0131064 0.0200693 0.0199233 0.0204413 
0.390377 0.46297 0.487436 0.476818 0.450897 0.431481 -2.76514e-05 -2.10594e-05 -4.86915e-05 -3.22107e-05 -3.77114e-05 -2.42406e-05 0.00271534 0.00144545 0.00318695 
0.500002 0.487436 0.46297 0.476818 0.490741 0.496859 -3.21556e-05 -4.86915e-05 -2.10594e-05 -3.22107e-05 -2.68828e-05 -3.97947e-05 0.00211261 0.00318695 0.00144545 
0.347655 0.467561 0.256795 0.366338 0.292984 0.414292 0.00556739 0.00724818 0.0217024 0.0209163 0.0164783 0.00745922 -0.0244611 0.000450351 -0.00608062 
0.414132 0.256795 0.467561 0.366338 0.437553 0.345532 0.02628 0.0217024 0.00724818 0.0209163 0.0181059 0.0265187 0.00855877 -0.00608062 0.000450351 
0.41254 0.479984 0.348366 0.429774 0.383423 0.452453 0.020249 0.0180437 0.0118152 0.0153622 0.017323 0.0215455 0.0271432 0.0305507 0.0356408 
0.451312 0.336741 0.465272 0.412807 0.458332 0.401889 0.0130589 0.00502576 0.00826643 0.00680299 0.0105468 0.00871631 0.0195395 0.0179268 0.0178134 
0.384767 0.465272 0.336741 0.412807 0.361534 0.430493 0.00290808 0.00826643 0.00502576 0.00680299 0.00391604 0.00518458 0.0161503 0.0178134 0.0179268 
0.442896 0.330546 0.461396 0.407539 0.452575 0.39411 0.000427831 -9.91107e-05 -0.000116155 -8.12693e-05 0.000105237 5.83438e-05 0.0136131 0.0123997 0.0122946 
0.38213 0.461396 0.330546 0.407539 0.35749 0.427128 -0.000227387 -0.000116155 -9.91107e-05 -8.12693e-05 -0.000183119 -0.000201702 0.0109146 0.0122946 0.0123997 
0.500005 0.495298 0.461823 0.495968 0.490556 0.498792 9.05158e-05 -0.000188819 -0.000147631 -0.000168855 -4.59961e-05 -7.20101e-05 0.012987 0.0119422 0.0126007 
0.347655 0.237184 0.566046 0.41069 0.446697 0.295326 0.00556739 -0.00799831 -0.102926 -0.0437823 -0.0365455 -0.00152056 -0.0244611 -0.0434256 -0.0342045 
0.499985 0.496386 0.458294 0.494883 0.488394 0.499492 0.0113841 0.00748762 0.00798401 0.00808671 0.00976593 0.00932195 0.0188528 0.0176679 0.0188919 
0.447182 0.453835 0.495813 0.480457 0.478318 0.45056 -0.00019431 -0.000270413 -0.000235251 -0.000260681 -0.00022285 -0.000227548 0.00803673 0.00952221 0.00801512 
0.508971 0.505835 0.439637 0.489025 0.483773 0.507103 0.0217679 0.0277566 0.0330413 0.0305531 0.0288987 0.0254042 0.0215926 0.0231239 0.016324 
2.77599e-34 0.21547 0.29541 0.257088 0.16392 0.115266 -2.19381e-35 -1.0587e-05 -3.21764e-05 -1.99273e-05 -1.32929e-05 -7.05969e-06 0.00443792 0.00293777 0.00425354 
0.500005 0.495813 0.453835 0.480457 0.488564 0.498987 -0.000286959 -0.000235251 -0.000270413 -0.000260681 -0.000286999 -0.00026363 0.00907684 0.00801512 0.00952221 
9.19774e-35 2.68162e-34 0.214868 0.114941 0.114935 -9.18806e-35 1.44167e-35 2.16462e-35 -1.01271e-05 -6.52602e-06 -2.08965e-06 3.60898e-35 0.00294152 0.00441992 0.00283078 
0.214868 2.68162e-34 0.293904 0.162988 0.255983 0.114941 -1.01271e-05 2.16462e-35 -3.10122e-05 -1.25962e-05 -1.92728e-05 -6.52602e-06 0.00283078 0.00441992 0.00417285 
0.451312 0.496773 0.477083 0.488998 0.464914 0.480702 0.0130589 0.0159021 0.0227747 0.0193667 0.0174175 0.0147441 0.0195395 0.0195775 0.0220346 
0.38213 0.197219 0.304768 0.253927 0.345873 0.300359 -0.000227387 -9.58778e-05 -0.000155287 -0.000132079 -0.000189435 -0.000153148 0.0109146 0.0108748 0.00959166 
0.499875 0.477083 0.496773 0.488998 0.500383 0.496816 0.0214311 0.0227747 0.0159021 0.0193667 0.0187128 0.0225745 0.0206601 0.0220346 0.0195775 
0.500013 0.49501 0.464991 0.496618 0.491419 0.498711 0.00141341 0.00272338 0.0018454 0.00239337 0.00163024 0.00200514 0.0149607 0.0161285 0.0150827 
0.500005 0.495165 0.459407 0.495647 0.489762 0.498829 -0.000286959 -0.000316946 -0.000287801 -0.000305715 -0.000299516 -0.000304093 0.00907684 0.0100838 0.00967098 
-0.00560105 -0.0153999 -0.116423 -0.0558277 -0.0798556 -0.013321 0.125352 0.126594 0.109776 0.129171 0.130635 0.143033 -0.151335 -0.125095 -0.137837 
8.28625e-34 0.842385 0.838958 0.840892 0.507321 0.508461 -2.27253e-34 -0.00403767 -0.00787357 -0.00562165 -0.00291906 -0.00208668 -0.0453506 -0.0409169 -0.0533934 
0.347655 0.0953265 0.237184 0.15291 0.295326 0.215294 0.00556739 0.00848203 -0.00799831 0.00282941 -0.00152056 0.00853553 -0.0244611 -0.026166 -0.0434256 
0.306948 0.153265 0.202558 0.178385 0.257566 0.235704 -0.000150364 -4.80745e-05 -8.81663e-05 -6.04667e-05 -0.000129119 -0.000104464 0.00972446 0.00976125 0.0112569 
0.38213 0.330546 0.197219 0.268652 0.300359 0.35749 -0.000227387 -9.91107e-05 -9.58778e-05 -0.000109782 -0.000153148 -0.000183119 0.0109146 0.0123997 0.0108748 
0.500008 0.465975 0.458294 0.462399 0.489159 0.491039 0.00481173 0.00410379 0.00798401 0.00581553 0.00636345 0.0045079 0.016902 0.0173972 0.0188919 
0.50061 0.450091 0.439637 0.444188 0.481749 0.483245 0.0299508 0.0285529 0.0330413 0.0307316 0.0318973 0.0304836 0.0220927 0.0196312 0.016324 
0.500009 0.468945 0.461823 0.465496 0.490449 0.492246 -0.000303146 -0.000274159 -0.000147631 -0.000220543 -0.000258185 -0.000312835 0.0110237 0.0110173 0.0126007 
0.384767 0.336741 0.199057 0.272291 0.302739 0.361534 0.00290808 0.00502576 0.000844789 0.00247911 0.00193525 0.00391604 0.0161503 0.0179268 0.0161599 
2.03699e-34 0.272709 0.21547 0.244893 0.115282 0.14962 -7.3253e-36 -1.01079e-05 -1.0587e-05 -1.0829e-05 -1.96773e-06 -3.76362e-06 0.00148202 0.00174612 0.00293777 
0.499875 0.490512 0.477083 0.500858 0.496816 0.496598 0.0214311 0.0266107 0.0227747 0.0249856 0.0225745 0.024048 0.0206601 0.0207757 0.0220346 
0.447182 0.358112 0.453835 0.412517 0.45056 0.40804 -0.00019431 -0.000158287 -0.000270413 -0.000214248 -0.000227548 -0.000182864 0.00803673 0.00847113 0.00952221 
0.306948 0.453835 0.358112 0.412517 0.333512 0.39301 -0.000150364 -0.000270413 -0.000158287 -0.000214248 -0.00015952 -0.000213283 0.00972446 0.00952221 0.00847113 
0.390377 0.443045 0.29541 0.38064 0.346568 0.41885 -2.76514e-05 -6.68763e-05 -3.21764e-05 -5.01471e-05 -3.08403e-05 -4.38647e-05 0.00271534 0.00446557 0.00425354 
0.41254 0.348366 0.231211 0.29433 0.335226 0.383423 0.020249 0.0118152 0.00688709 0.010087 0.0135722 0.017323 0.0271432 0.0356408 0.0288703 
0.417068 0.681332 0.668915 0.688325 0.552412 0.599287 -0.278166 -0.228907 -0.30012 -0.271331 -0.293804 -0.268941 -0.0298968 -0.0111718 -0.0513281 
2.77599e-34 9.30859e-35 0.21547 0.115272 0.115266 -9.35306e-35 -2.19381e-35 -1.46392e-35 -1.0587e-05 -2.26253e-06 -7.05969e-06 -3.65478e-35 0.00443792 0.00296388 0.00293777 
-0.00560105 -0.224246 0.0343398 -0.12762 0.0311702 -0.104174 0.125352 0.0502362 0.0481244 0.0886959 0.103896 0.111726 -0.151335 -0.148414 -0.18286 
0.328142 0.231211 0.166964 0.199272 0.254583 0.282889 0.0112053 0.00688709 0.00304269 0.00447114 0.00715705 0.00985129 0.0233644 0.0288703 0.0237901 
0.474279 0.515782 0.461955 0.50037 0.469981 0.501128 -0.00745963 -0.0022204 -0.0408902 -0.0201333 -0.0233691 -0.00535674 0.0355478 0.0273144 0.0410328 
0.355461 0.29541 0.443045 0.38064 0.404262 0.326741 -7.52556e-05 -3.21764e-05 -6.68763e-05 -5.01471e-05 -7.28615e-05 -5.06651e-05 0.00578825 0.00425354 0.00446557 
0.339864 0.320928 0.0343398 0.188915 0.17583 0.337478 -0.110128 0.0141919 0.0481244 0.0439296 -0.0199081 -0.041122 -0.190987 -0.16237 -0.18286 
0.442896 0.493574 0.464991 0.482098 0.454512 0.47452 0.000427831 0.000499358 0.0018454 0.00105477 0.00102346 0.000443056 0.0136131 0.0138391 0.0150827 
0.451312 0.477083 0.37357 0.435258 0.417088 0.464914 0.0130589 0.0227747 0.0104274 0.016143 0.0120628 0.0174175 0.0195395 0.0220346 0.0203677 
0.500013 0.464991 0.493574 0.482098 0.498447 0.491419 0.00141341 0.0018454 0.000499358 0.00105477 0.000882856 0.00163024 0.0149607 0.0150827 0.0138391 
0.304768 0.342612 0.459407 0.410535 0.39651 0.324202 -0.000155287 -0.000150093 -0.000287801 -0.000213438 -0.000219634 -0.000157647 0.00959166 0.00825661 0.00967098 
-0.0468178 0.119053 0.400503 0.232749 0.146695 0.0277649 -0.142442 -0.198157 -0.262488 -0.236733 -0.193578 -0.174779 -0.0880524 -0.0246266 -0.117711 
0.995631 0.990447 0.740121 0.91038 0.915295 0.994585 -0.0330075 -0.052312 -0.0332013 -0.046727 -0.0395596 -0.0444363 -0.0779154 -0.085457 -0.0718055 
0.306896 0.36013 0.461823 0.418975 0.39929 0.334617 -0.000121204 0.000111492 -0.000147631 1.88634e-05 -0.000120122 -4.30366e-05 0.0127986 0.0141221 0.0126007 
0.440767 0.459407 0.342612 0.410535 0.397573 0.450526 -0.000198193 -0.000287801 -0.000150093 -0.000213438 -0.000177943 -0.000234314 0.00820044 0.00967098 0.00825661 
0.328142 0.37357 0.477083 0.435258 0.420556 0.351607 0.0112053 0.0104274 0.0227747 0.016143 0.0170823 0.0110925 0.0233644 0.0203677 0.0220346 
0.302006 0.351304 0.458294 0.413068 0.394619 0.327932 0.00367524 0.0080122 0.00798401 0.00837956 0.00588652 0.00558702 0.0191439 0.0198863 0.0188919 
0.259658 0.305533 0.439637 0.380865 0.360047 0.281892 0.0198478 0.0261526 0.0330413 0.028962 0.0272607 0.023551 0.0125283 0.00694544 0.016324 
0.404436 0.380047 0.273406 0.330931 0.345882 0.392586 -2.9441e-05 -1.2538e-05 -9.9648e-06 -1.17083e-05 -1.83492e-05 -1.93557e-05 0.0027346 0.00103086 0.00173763 
0.443002 0.461823 0.36013 0.418975 0.406147 0.452907 0.000406204 -0.000147631 0.000111492 1.88634e-05 0.000237666 4.77844e-05 0.0143533 0.0126007 0.0141221 
0.434875 0.458294 0.351304 0.413068 0.397398 0.447596 0.0131121 0.00798401 0.0080122 0.00837956 0.0106598 0.0103911 0.0200693 0.0188919 0.0198863 
0.414132 0.439637 0.305533 0.380865 0.362468 0.427238 0.02628 0.0330413 0.0261526 0.028962 0.0280726 0.0313221 0.00855877 0.016324 0.00694544 
0.307555 0.199057 0.149158 0.174343 0.234232 0.256259 0.000785873 0.000844789 0.000197005 0.000422765 0.000494648 0.000956469 0.0148193 0.0161599 0.0147787 
0.390377 0.272709 0.380097 0.33066 0.385297 0.336849 -2.76514e-05 -1.01079e-05 -1.25959e-05 -1.17459e-05 -1.87215e-05 -1.7744e-05 0.00271534 0.00174612 0.00103259 
0.681332 0.379706 0.554491 0.483508 0.620027 0.561327 -0.228907 -0.213619 -0.176025 -0.200044 -0.203195 -0.236889 -0.0111718 0.0199304 0.0260921 
0.702166 0.320928 0.339864 0.337478 0.51791 0.517527 -0.198876 0.0141919 -0.110128 -0.041122 -0.157267 -0.0934327 -0.163417 -0.16237 -0.190987 
-1.7356e-34 -2.49266e-34 -0.224246 -0.228209 -0.169332 3.10199e-34 6.97311e-34 6.84183e-34 0.0502362 0.032361 0.0478239 1.28242e-33 -0.132431 -0.131417 -0.148414 
0.404436 0.46684 0.380047 0.430188 0.392586 0.439672 -2.9441e-05 -2.05651e-05 -1.2538e-05 -1.64609e-05 -1.93557e-05 -2.4685e-05 0.0027346 0.00136156 0.00103086 
0.390377 0.380097 0.46297 0.42745 0.431481 0.385297 -2.76514e-05 -1.25959e-05 -2.10594e-05 -1.67273e-05 -2.42406e-05 -1.87215e-05 0.00271534 0.00103259 0.00144545 
0.442896 0.464991 0.361027 0.421483 0.406435 0.454512 0.000427831 0.0018454 0.000315116 0.000953035 0.00036326 0.00102346 0.0136131 0.0150827 0.0137805 
0.500008 0.471013 0.464991 0.467959 0.491644 0.493199 0.00481173 0.00451711 0.0018454 0.00292536 0.00314352 0.00476414 0.016902 0.016515 0.0150827 
0.307555 0.361027 0.464991 0.421483 0.401994 0.335329 0.000785873 0.000315116 0.0018454 0.000953035 0.00134549 0.000520213 0.0148193 0.0137805 0.0150827 
-0.0853904 0.0343398 -0.224246 -0.12762 -0.165992 -0.033601 -0.0697535 0.0481244 0.0502362 0.0886959 0.0431132 0.0124777 -0.160973 -0.18286 -0.148414 
0.417068 0.400503 0.119053 0.232749 0.263309 0.39703 -0.278166 -0.262488 -0.198157 -0.236733 -0.246013 -0.281475 -0.0298968 -0.117711 -0.0246266 
9.30859e-35 2.03699e-34 0.21547 0.115282 0.115272 -9.35213e-35 -1.46392e-35 -7.3253e-36 -1.0587e-05 -1.96773e-06 -2.26253e-06 -2.19532e-35 0.00296388 0.00148202 0.00293777 
0.500009 0.467403 0.459407 0.463515 0.489847 0.491855 -0.000303146 -0.000283929 -0.000287801 -0.000312031 -0.000305793 -0.000282334 0.0110237 0.0110032 0.00967098 
0.237184 0.386736 0.566046 0.486854 0.41069 0.301448 -0.00799831 -0.0635048 -0.102926 -0.0840348 -0.0437823 -0.0318707 -0.0434256 -0.0544522 -0.0342045 
5.67399e-34 8.28625e-34 0.838958 0.507321 0.501801 -6.12423e-34 -2.7574e-34 -2.27253e-34 -0.00787357 -0.00291906 -0.00377391 -4.91903e-34 -0.0552472 -0.0453506 -0.0533934 
0.637467 0.566046 0.386736 0.486854 0.517929 0.596989 -0.161732 -0.102926 -0.0635048 -0.0840348 -0.109707 -0.134136 -0.0547872 -0.0342045 -0.0544522 
0.348366 0.479984 0.395266 0.446054 0.375229 0.429774 0.0118152 0.0180437 0.00161145 0.00886573 0.008537 0.0153622 0.0356408 0.0305507 0.0408346 
-0.0853904 -0.21474 -0.0468178 -0.162778 -0.0841948 -0.200904 -0.0697535 -0.026601 -0.142442 -0.0751066 -0.114699 -0.0423092 -0.160973 -0.088228 -0.0880524 
0.256795 0.0664925 0.0953265 0.0777061 0.177482 0.160466 0.0217024 0.00679977 0.00848203 0.00748831 0.0133773 0.0159885 -0.00608062 -0.0102632 -0.026166 
0.313015 0.131021 0.167877 0.150423 0.245379 0.228932 0.0116768 0.00293221 0.00741818 0.00441272 0.0105175 0.00763054 0.0199233 0.0190732 0.0167729 
0.330538 0.146396 0.196432 0.172106 0.268417 0.246851 0.000725398 0.000150643 0.000797171 0.00036284 0.000918199 0.000440857 0.0159573 0.0162155 0.0177923 
0.259658 0.167877 0.104289 0.136397 0.184496 0.215615 0.0198478 0.00741818 0.00557581 0.00658605 0.0128726 0.0132239 0.0125283 0.0167729 0.0113248 
0.302006 0.196432 0.142994 0.170408 0.228223 0.252546 0.00367524 0.000797171 0.00100646 0.00098921 0.00243012 0.00201562 0.0191439 0.0177923 0.0190574 
0.306896 0.202558 0.146714 0.175251 0.232838 0.257563 -0.000121204 -8.81663e-05 -3.53791e-05 -5.81414e-05 -7.2103e-05 -0.000108368 0.0127986 0.0112569 0.0128879 
0.698013 0.995631 0.740121 0.915295 0.721059 0.905448 -0.0169546 -0.0330075 -0.0332013 -0.0395596 -0.0235254 -0.0276174 -0.0661305 -0.0779154 -0.0718055 
0.414132 0.467561 0.502275 0.489769 0.464685 0.437553 0.02628 0.00724818 0.0159589 0.0120184 0.0233483 0.0181059 0.00855877 0.000450351 0.0165395 
0.434875 0.448946 0.490709 0.474183 0.468846 0.442537 0.0131121 0.0217855 0.0159466 0.0189588 0.0146623 0.0171052 0.0200693 0.0204413 0.0199188 
0.542355 0.502275 0.467561 0.489769 0.525844 0.524391 -0.0210003 0.0159589 0.00724818 0.0120184 -0.00634848 0.000647524 0.0208992 0.0165395 0.000450351 
0.443002 0.460994 0.493798 0.480953 0.474823 0.452499 0.000406204 0.00172343 0.000522098 0.00102047 0.000453312 0.000952366 0.0143533 0.0159438 0.0141061 
0.499875 0.490709 0.448946 0.474183 0.48436 0.496476 0.0214311 0.0159466 0.0217855 0.0189588 0.0222139 0.018735 0.0206601 0.0199188 0.0204413 
0.500013 0.493798 0.460994 0.480953 0.490077 0.498394 0.00141341 0.000522098 0.00172343 0.00102047 0.0015899 0.000898481 0.0149607 0.0141061 0.0159438 
0.414132 0.502275 0.439637 0.469986 0.427238 0.464685 0.02628 0.0159589 0.0330413 0.0293683 0.0313221 0.0233483 0.00855877 0.0165395 0.016324 
0.434875 0.490709 0.458294 0.477489 0.447596 0.468846 0.0131121 0.0159466 0.00798401 0.0114907 0.0103911 0.0146623 0.0200693 0.0199188 0.0188919 
0.443002 0.493798 0.461823 0.481254 0.452907 0.474823 0.000406204 0.000522098 -0.000147631 6.71583e-05 4.77844e-05 0.000453312 0.0143533 0.0141061 0.0126007 
0.508971 0.439637 0.502275 0.469986 0.506588 0.483773 0.0217679 0.0330413 0.0159589 0.0293683 0.0186946 0.0288987 0.0215926 0.016324 0.0165395 
0.499985 0.458294 0.490709 0.477489 0.497212 0.488394 0.0113841 0.00798401 0.0159466 0.0114907 0.0135753 0.00976593 0.0188528 0.0188919 0.0199188 
0.500005 0.461823 0.493798 0.481254 0.498507 0.490556 9.05158e-05 -0.000147631 0.000522098 6.71583e-05 0.000279169 -4.59961e-05 0.012987 0.0126007 0.0141061 
-0.0782615 -0.116423 -0.0153999 -0.0558277 -0.0466032 -0.0966796 0.0918701 0.109776 0.126594 0.129171 0.111622 0.106874 -0.126512 -0.137837 -0.125095 
2.03431e-34 0.214868 0.273406 0.244977 0.150057 0.114925 7.20312e-36 -1.01271e-05 -9.9648e-06 -1.04263e-05 -3.73951e-06 -2.1041e-06 0.00147073 0.00283078 0.00173763 
5.32754e-34 7.54984e-34 0.841296 0.532991 0.521262 -5.18519e-34 3.68373e-34 4.52237e-34 -0.0220679 -0.0117903 -0.00781353 8.58602e-34 -0.0791522 -0.100987 -0.0876627 
0.50061 0.488833 0.477083 0.482965 0.499731 0.502213 0.0299508 0.0271415 0.0227747 0.0261512 0.0266633 0.0285081 0.0220927 0.0247339 0.0220346 
0.628062 0.788075 0.374688 0.610264 0.499588 0.728869 -0.146797 -0.234573 -0.0740889 -0.153128 -0.109797 -0.197276 -0.0618933 -0.0661731 -0.059706 
0.637467 0.374688 0.788075 0.610264 0.714109 0.526244 -0.161732 -0.0740889 -0.234573 -0.153128 -0.198011 -0.122356 -0.0547872 -0.059706 -0.0661731 
0.990471 0.838958 0.842385 0.840892 0.97723 0.976508 -0.00737016 -0.00787357 -0.00403767 -0.00562165 -0.00689478 -0.00975403 -0.0511675 -0.0533934 -0.0409169 
0.289914 0.384462 0.554491 0.464304 0.432228 0.345666 -0.145985 -0.0941505 -0.176025 -0.13682 -0.167176 -0.120306 0.0447352 0.0496237 0.0260921 
0.443002 0.36013 0.330538 0.34578 0.39426 0.406147 0.000406204 0.000111492 0.000725398 0.000366514 0.00054685 0.000237666 0.0143533 0.0141221 0.0159573 
0.434875 0.351304 0.313015 0.333121 0.38192 0.397398 0.0131121 0.0080122 0.0116768 0.00972678 0.0131064 0.0106598 0.0200693 0.0198863 0.0199233 
0.414132 0.305533 0.256795 0.281016 0.345532 0.362468 0.02628 0.0261526 0.0217024 0.0244464 0.0265187 0.0280726 0.00855877 0.00694544 -0.00608062 
0.474279 0.395266 0.479984 0.446054 0.477924 0.439021 -0.00745963 0.00161145 0.0180437 0.00886573 0.00875427 -0.00327399 0.0355478 0.0408346 0.0305507 
0.304768 0.197219 0.143992 0.171144 0.230358 0.253927 -0.000155287 -9.58778e-05 -4.35721e-05 -5.91729e-05 -0.000101272 -0.000132079 0.00959166 0.0108748 0.00949368 
0.447182 0.314865 0.358112 0.337207 0.40804 0.391069 -0.00019431 -9.29601e-05 -0.000158287 -0.000126879 -0.000182864 -0.00014707 0.00803673 0.00718077 0.00847113 
0.499654 0.443045 0.487436 0.469245 0.495728 0.483448 -9.3142e-05 -6.68763e-05 -4.86915e-05 -5.77806e-05 -6.7777e-05 -8.18412e-05 0.00481122 0.00446557 0.00318695 
0.499654 0.487436 0.488279 0.499998 0.497995 0.495728 -9.3142e-05 -4.86915e-05 -5.6616e-05 -5.33889e-05 -7.34309e-05 -6.7777e-05 0.00481122 0.00318695 0.00356799 
0.237184 0.0953265 0.043182 0.0647411 0.131367 0.15291 -0.00799831 0.00848203 -0.00135704 0.00180028 -0.00563668 0.00282941 -0.0434256 -0.026166 -0.0428048 
0.330546 0.146558 0.197219 0.172362 0.268652 0.246877 -9.91107e-05 -4.12054e-05 -9.58778e-05 -6.62818e-05 -0.000109782 -6.94542e-05 0.0123997 0.0122073 0.0108748 
0.910621 0.983934 0.846621 0.97029 0.88146 0.978751 -0.0767467 -0.0700242 -0.0396023 -0.0685522 -0.0590592 -0.0819438 -0.106244 -0.0881013 -0.108224 
8.28625e-34 6.57268e-34 0.842385 0.511061 0.508461 -6.13049e-34 -2.27253e-34 -1.72928e-34 -0.00403767 -0.00147917 -0.00208668 -3.92906e-34 -0.0453506 -0.0348791 -0.0409169 
-1.04884e-35 0.0959657 0.0971803 0.0944864 -0.022719 9.56438e-05 -2.06258e-34 -0.0524498 -0.145428 -0.095392 -0.0525244 -0.0247613 0.0225579 0.0438825 0.0170324 
0.356901 0.192812 0.314865 0.25768 0.336557 0.282601 -6.91926e-05 -3.17632e-05 -9.29601e-05 -5.59186e-05 -8.16893e-05 -5.12425e-05 0.00553867 0.00625823 0.00718077 
0.743376 0.702166 0.889652 0.841246 0.875658 0.723168 -0.147035 -0.198876 -0.245561 -0.255955 -0.229299 -0.173209 -0.151387 -0.163417 -0.110538 
0.442896 0.361027 0.330546 0.346081 0.39411 0.406435 0.000427831 0.000315116 -9.91107e-05 4.78606e-05 5.83438e-05 0.00036326 0.0136131 0.0137805 0.0123997 
0.949319 0.743376 0.889652 0.875658 0.926324 0.890502 -0.193945 -0.147035 -0.245561 -0.229299 -0.224752 -0.18473 -0.112874 -0.151387 -0.110538 
0.542355 0.560683 0.53495 0.568494 0.54909 0.552634 -0.0210003 -0.0354644 -0.0850515 -0.0607187 -0.0501036 -0.0272907 0.0208992 0.00997727 0.033287 
0.603559 0.53495 0.560683 0.568494 0.584216 0.575793 -0.0937132 -0.0850515 -0.0354644 -0.0607187 -0.0620225 -0.0894626 0.0116452 0.033287 0.00997727 
-0.00560105 -0.116423 -0.224246 -0.163223 -0.104174 -0.0798556 0.125352 0.109776 0.0502362 0.079835 0.111726 0.130635 -0.151335 -0.137837 -0.148414 
6.03858e-34 4.45998e-34 0.698013 0.393023 0.381709 -3.14878e-34 -3.50801e-34 -3.17297e-34 -0.0169546 -0.00473128 -0.00641983 -6.43987e-34 -0.0681165 -0.0634737 -0.0661305 
0.336741 0.149714 0.199057 0.174673 0.272291 0.252024 0.00502576 0.0010615 0.000844789 0.00103642 0.00247911 0.00298328 0.0179268 0.0179029 0.0161599 
0.451312 0.37357 0.336741 0.355098 0.401889 0.417088 0.0130589 0.0104274 0.00502576 0.00749839 0.00871631 0.0120628 0.0195395 0.0203677 0.0179268 
0.500005 0.493574 0.461396 0.480847 0.490257 0.498351 9.05158e-05 0.000499358 -0.000116155 8.20162e-05 -4.0253e-05 0.000273665 0.012987 0.0138391 0.0122946 
0.442896 0.461396 0.493574 0.480847 0.47452 0.452575 0.000427831 -0.000116155 0.000499358 8.20162e-05 0.000443056 0.000105237 0.0136131 0.0122946 0.0138391 
0.348366 0.178691 0.231211 0.206494 0.29433 0.273124 0.0118152 0.00319224 0.00688709 0.00521861 0.010087 0.00776658 0.0356408 0.0361301 0.0288703 
0.355461 0.289039 0.186992 0.240526 0.279257 0.323816 -7.52556e-05 -7.92913e-05 -3.15121e-05 -5.11676e-05 -5.46319e-05 -8.1023e-05 0.00578825 0.00723364 0.00633687 
0.974979 0.613688 0.975023 0.857387 0.977183 0.876623 -0.123604 -0.0623395 -0.0944991 -0.0902293 -0.108275 -0.104402 -0.0981298 -0.0677068 -0.0911925 
0.498839 0.491694 0.434063 0.469739 0.478841 0.496082 -0.00017431 -0.000236112 -0.000154877 -0.000193238 -0.000173086 -0.00020329 0.00686976 0.00793422 0.007085 
0.404436 0.273406 0.214868 0.244977 0.322291 0.345882 -2.9441e-05 -9.9648e-06 -1.01271e-05 -1.04263e-05 -2.01633e-05 -1.83492e-05 0.0027346 0.00173763 0.00283078 
0.489799 0.408169 0.46684 0.44116 0.479964 0.459188 -1.30629e-05 -9.06724e-06 -2.05651e-05 -1.37152e-05 -1.60307e-05 -1.18184e-05 -8.02942e-08 -1.98324e-07 0.00136156 
0.408165 0.489797 0.46297 0.478473 0.438626 0.459185 -9.15152e-06 -1.30473e-05 -2.10594e-05 -1.62244e-05 -1.39193e-05 -1.18414e-05 1.8838e-07 6.61279e-08 0.00144545 
0.499985 0.496773 0.465272 0.484791 0.492487 0.499633 0.0113841 0.0159021 0.00826643 0.0117555 0.00999781 0.0135287 0.0188528 0.0195775 0.0178134 
0.451312 0.465272 0.496773 0.484791 0.480702 0.458332 0.0130589 0.00826643 0.0159021 0.0117555 0.0147441 0.0105468 0.0195395 0.0178134 0.0195775 
0.499654 0.488279 0.472766 0.481326 0.494647 0.497995 -9.3142e-05 -5.6616e-05 -9.89054e-05 -7.52779e-05 -9.80884e-05 -7.34309e-05 0.00481122 0.00356799 0.00528926 
2.03431e-34 9.19774e-35 0.214868 0.114935 0.114925 -9.18897e-35 7.20312e-36 1.44167e-35 -1.01271e-05 -2.08965e-06 -2.1041e-06 2.163e-35 0.00147073 0.00294152 0.00283078 
6.03858e-34 0.698013 0.740121 0.721059 0.41918 0.381709 -3.50801e-34 -0.0169546 -0.0332013 -0.0235254 -0.0106201 -0.00641983 -0.0681165 -0.0661305 -0.0718055 
-0.0853904 -0.224246 -0.259091 -0.233179 -0.201172 -0.165992 -0.0697535 0.0502362 0.0215249 0.0385891 0.0108161 0.0431132 -0.160973 -0.148414 -0.125724 
-2.49266e-34 -0.259091 -0.224246 -0.233179 -0.228209 -0.211942 6.84183e-34 0.0215249 0.0502362 0.0385891 0.032361 0.0156675 -0.131417 -0.125724 -0.148414 
0.390377 0.29541 0.21547 0.257088 0.313157 0.346568 -2.76514e-05 -3.21764e-05 -1.0587e-05 -1.99273e-05 -1.9671e-05 -3.08403e-05 0.00271534 0.00425354 0.00293777 
0.498839 0.434063 0.477825 0.458853 0.491624 0.478841 -0.00017431 -0.000154877 -0.000126323 -0.000141191 -0.000151421 -0.000173086 0.00686976 0.007085 0.00592541 
0.995631 0.846621 0.990447 0.97307 0.994585 0.976116 -0.0330075 -0.0396023 -0.052312 -0.0584259 -0.0444363 -0.0472187 -0.0779154 -0.108224 -0.085457 
0.390377 0.21547 0.272709 0.244893 0.336849 0.313157 -2.76514e-05 -1.0587e-05 -1.01079e-05 -1.0829e-05 -1.7744e-05 -1.9671e-05 0.00271534 0.00293777 0.00174612 
0.508971 0.515782 0.479984 0.500877 0.506183 0.51546 0.0217679 -0.0022204 0.0180437 0.00979511 0.0192289 0.0117669 0.0215926 0.0273144 0.0305507 
0.474279 0.479984 0.515782 0.500877 0.501128 0.477924 -0.00745963 0.0180437 -0.0022204 0.00979511 -0.00535674 0.00875427 0.0355478 0.0305507 0.0273144 
0.404436 0.214868 0.293904 0.255983 0.354415 0.322291 -2.9441e-05 -1.01271e-05 -3.10122e-05 -1.92728e-05 -3.10865e-05 -2.01633e-05 0.0027346 0.00283078 0.00417285 
0.488279 0.427603 0.472766 0.452888 0.481326 0.464405 -5.6616e-05 -5.81088e-05 -9.89054e-05 -7.68921e-05 -7.52779e-05 -5.80636e-05 0.00356799 0.00425944 0.00528926 
2.60851e-34 0.202347 0.314865 0.261936 0.176654 0.107728 3.62307e-35 -6.24822e-05 -9.29601e-05 -7.68948e-05 -3.85544e-05 -2.56467e-05 0.0074038 0.00844126 0.00718077 
2.03431e-34 0.273406 0.180936 0.229144 0.0955282 0.150057 7.20312e-36 -9.9648e-06 -3.66802e-06 -6.22149e-06 -2.33626e-06 -3.73951e-06 0.00147073 0.00173763 0.000914597 
2.60851e-34 0.314865 0.192812 0.25768 0.102283 0.176654 3.62307e-35 -9.29601e-05 -3.17632e-05 -5.59186e-05 -2.08582e-05 -3.85544e-05 0.0074038 0.00718077 0.00625823 
-1.7356e-34 -0.224246 -0.11905 -0.172343 -0.0766476 -0.169332 6.97311e-34 0.0502362 0.0541733 0.0613721 0.0268547 0.0478239 -0.132431 -0.148414 -0.128405 
2.77599e-34 0.29541 0.204579 0.252073 0.108975 0.16392 -2.19381e-35 -3.21764e-05 -2.40518e-05 -3.06945e-05 -6.63695e-06 -1.32929e-05 0.00443792 0.00425354 0.0053964 
0.974979 0.921822 0.613688 0.805288 0.876623 0.956748 -0.123604 -0.141483 -0.0623395 -0.107294 -0.104402 -0.134584 -0.0981298 -0.0861126 -0.0677068 
0.404436 0.293904 0.427603 0.369302 0.416419 0.354415 -2.9441e-05 -3.10122e-05 -5.81088e-05 -4.47207e-05 -4.19692e-05 -3.10865e-05 0.0027346 0.00417285 0.00425944 
5.32754e-34 0.841296 0.712078 0.781692 0.416354 0.521262 3.68373e-34 -0.0220679 -0.0104749 -0.0145121 -0.00388385 -0.00781353 -0.0791522 -0.0876627 -0.0758658 
0.75 1 0.937057 0.984175 0.859124 0.9375 -5.37782e-37 -8.21847e-37 -0.0012624 -0.00108976 -0.000819598 -1.5937e-36 -0.0120734 -0.0132123 -0.0226145 
2.29097e-34 0.208859 0.374688 0.295964 0.120301 0.0629042 -3.22042e-34 -0.0353402 -0.0740889 -0.0562333 -0.0219846 -0.0114437 -0.057349 -0.0593239 -0.059706 
0.841296 0.846621 0.995631 0.976116 0.973316 0.844522 -0.0220679 -0.0396023 -0.0330075 -0.0472187 -0.0335784 -0.0290757 -0.0876627 -0.108224 -0.0779154 
0.356901 0.427603 0.293904 0.369302 0.326831 0.395233 -6.91926e-05 -5.81088e-05 -3.10122e-05 -4.47207e-05 -4.78448e-05 -6.43617e-05 0.00553867 0.00425944 0.00417285 
0.289914 0.0971803 0.0959657 0.0944864 0.185519 0.199279 -0.145985 -0.145428 -0.0524498 -0.095392 -0.108407 -0.15337 0.0447352 0.0170324 0.0438825 
2.03699e-34 0.169604 0.272709 0.223561 0.14962 0.0891777 -7.3253e-36 -3.44032e-06 -1.01079e-05 -6.12592e-06 -3.76362e-06 -2.16992e-06 0.00148202 0.000954884 0.00174612 
6.57268e-34 0.705449 0.842385 0.779378 0.511061 0.404034 -1.72928e-34 -0.00152297 -0.00403767 -0.00250753 -0.00147917 -0.000627883 -0.0348791 -0.0288409 -0.0409169 
2.91478e-34 3.35589e-34 0.613688 0.32075 0.284364 -3.37604e-34 -3.40045e-34 -3.68003e-34 -0.0623395 -0.0146801 -0.0173648 -6.57216e-34 -0.0651411 -0.0711017 -0.0677068 
0.289914 0.379706 0.0971803 0.227773 0.199279 0.331185 -0.145985 -0.213619 -0.145428 -0.188951 -0.15337 -0.180295 0.0447352 0.0199304 0.0170324 
0.990447 0.846621 0.983934 0.97029 0.986909 0.97307 -0.052312 -0.0396023 -0.0700242 -0.0685522 -0.0617759 -0.0584259 -0.085457 -0.108224 -0.0881013 
-1.04884e-35 0.0971803 -0.0910701 -0.00766042 -0.0956239 -0.022719 -2.06258e-34 -0.145428 -0.0841238 -0.122926 -0.0320325 -0.0525244 0.0225579 0.0170324 -0.0261719 
0.819066 0.740121 0.983934 0.905033 0.926673 0.785077 -0.0627808 -0.0332013 -0.0700242 -0.0550633 -0.0698359 -0.04772 -0.0764233 -0.0718055 -0.0881013 
0.447182 0.495813 0.466354 0.484606 0.457303 0.478318 -0.00019431 -0.000235251 -0.000153299 -0.000196443 -0.000174199 -0.00022285 0.00803673 0.00801512 0.0067047 
0.498839 0.466354 0.495813 0.484606 0.49977 0.494431 -0.00017431 -0.000153299 -0.000235251 -0.000196443 -0.00020108 -0.000170341 0.00686976 0.0067047 0.00801512 
0.628062 0.374688 0.208859 0.295964 0.418101 0.499588 -0.146797 -0.0740889 -0.0353402 -0.0562333 -0.0828174 -0.109797 -0.0618933 -0.059706 -0.0593239 
0.637467 0.386736 0.374688 0.382424 0.526244 0.517929 -0.161732 -0.0635048 -0.0740889 -0.0717836 -0.122356 -0.109707 -0.0547872 -0.0544522 -0.059706 
0.819066 0.975023 0.613688 0.857387 0.721938 0.922437 -0.0627808 -0.0944991 -0.0623395 -0.0902293 -0.0649242 -0.08174 -0.0764233 -0.0911925 -0.0677068 
4.55979e-34 4.89556e-34 0.776831 0.460955 0.458567 -4.0708e-34 1.78698e-34 2.37512e-34 -0.0034334 -0.00135916 -0.001064 4.19456e-34 -0.0377603 -0.0502787 -0.0433622 
2.29097e-34 0.374688 0.109019 0.219349 0.0345214 0.120301 -3.22042e-34 -0.0740889 -0.012459 -0.0372522 -0.00789692 -0.0219846 -0.057349 -0.059706 -0.0523169 
0.998774 0.937057 0.986721 0.995377 0.994298 0.988483 -0.00274622 -0.0012624 -0.000953849 -0.001325 -0.00201666 -0.00232453 -0.0328365 -0.0226145 -0.0209662 
0.355461 0.186992 0.204579 0.195848 0.286692 0.279257 -7.52556e-05 -3.15121e-05 -2.40518e-05 -2.72574e-05 -5.15167e-05 -5.46319e-05 0.00578825 0.00633687 0.0053964 
0.998774 0.986721 0.750328 0.905502 0.928355 0.994298 -0.00274622 -0.000953849 -0.00110479 -0.00123661 -0.00209325 -0.00201666 -0.0328365 -0.0209662 -0.0248279 
0.499654 0.477825 0.443045 0.46245 0.483448 0.492981 -9.3142e-05 -0.000126323 -6.68763e-05 -9.29644e-05 -8.18412e-05 -0.000110009 0.00481122 0.00592541 0.00446557 
0.461955 0.336008 0.395266 0.370946 0.433565 0.406897 -0.0408902 -0.0300638 0.00161145 -0.0129187 -0.0161386 -0.0384406 0.0410328 0.0504313 0.0408346 
0.783629 0.400503 0.668915 0.551287 0.726409 0.627365 -0.302544 -0.262488 -0.30012 -0.305487 -0.307825 -0.3022 -0.0899271 -0.117711 -0.0513281 
0.355461 0.443045 0.477825 0.46245 0.430013 0.404262 -7.52556e-05 -6.68763e-05 -0.000126323 -9.29644e-05 -0.000102502 -7.28615e-05 0.00578825 0.00446557 0.00592541 
0.395266 0.336008 0.253696 0.304728 0.333858 0.370946 0.00161145 -0.0300638 0.000748261 -0.0106217 8.27485e-05 -0.0129187 0.0408346 0.0504313 0.0446785 
0.417068 0.668915 0.400503 0.551287 0.39703 0.552412 -0.278166 -0.30012 -0.262488 -0.305487 -0.281475 -0.293804 -0.0298968 -0.0513281 -0.117711 
2.27479e-34 0.289039 0.196058 0.244659 0.104068 0.159816 -3.63915e-35 -7.92913e-05 -5.74558e-05 -7.12022e-05 -2.38682e-05 -3.46881e-05 0.00735856 0.00723364 0.00839878 
5.29353e-34 -0.0153999 0.0535709 0.0161327 0.0153645 0.00558366 9.6544e-35 0.126594 0.127253 0.137197 0.0899525 0.0971384 -0.12305 -0.125095 -0.125038 
0.355461 0.434063 0.289039 0.371799 0.323816 0.398571 -7.52556e-05 -0.000154877 -7.92913e-05 -0.000122144 -8.1023e-05 -0.000111253 0.00578825 0.007085 0.00723364 
7.54984e-34 0.846621 0.841296 0.844522 0.532991 0.547907 4.52237e-34 -0.0396023 -0.0220679 -0.0290757 -0.0117903 -0.0214444 -0.100987 -0.108224 -0.0876627 
1.46124e-34 0.178691 0.253696 0.220472 0.148434 0.0999677 -1.9631e-34 0.00319224 0.000748261 0.00283625 0.000455279 0.000355688 0.039921 0.0361301 0.0446785 
3.35589e-34 0.377389 0.613688 0.509536 0.32075 0.183113 -3.68003e-34 -0.0204276 -0.0623395 -0.0342578 -0.0146801 -0.00586081 -0.0711017 -0.0700825 -0.0677068 
0.819066 0.613688 0.377389 0.509536 0.624124 0.721938 -0.0627808 -0.0623395 -0.0204276 -0.0342578 -0.0397281 -0.0649242 -0.0764233 -0.0677068 -0.0700825 
0.998774 0.842385 0.705449 0.779378 0.935303 0.966852 -0.00274622 -0.00403767 -0.00152297 -0.00250753 -0.0026713 -0.00416889 -0.0328365 -0.0409169 -0.0288409 
9.52671e-35 1.2981e-34 0.208996 0.126503 0.0964462 -1.16383e-34 -2.69545e-34 -2.80192e-34 -0.0390339 -0.0144837 -0.0178925 -5.01351e-34 0.0489534 0.0541011 0.0546901 
0.355461 0.204579 0.29541 0.252073 0.326741 0.286692 -7.52556e-05 -2.40518e-05 -3.21764e-05 -3.06945e-05 -5.06651e-05 -5.15167e-05 0.00578825 0.0053964 0.00425354 
0.356901 0.19903 0.192812 0.195929 0.282601 0.285218 -6.91926e-05 -2.0988e-05 -3.17632e-05 -2.5217e-05 -5.12425e-05 -4.71918e-05 0.00553867 0.00526898 0.00625823 
0.489799 0.46684 0.500001 0.491781 0.49749 0.479964 -1.30629e-05 -2.05651e-05 -1.97917e-05 -2.05528e-05 -1.59023e-05 -1.60307e-05 -8.02942e-08 0.00136156 0.000953181 
2.27479e-34 0.186992 0.289039 0.240526 0.159816 0.0989105 -3.63915e-35 -3.15121e-05 -7.92913e-05 -5.11676e-05 -3.46881e-05 -2.01078e-05 0.00735856 0.00633687 0.00723364 
0.489797 0.500001 0.46297 0.49067 0.478473 0.497412 -1.30473e-05 -1.97917e-05 -2.10594e-05 -2.08054e-05 -1.62244e-05 -1.58929e-05 6.61279e-08 0.000953181 0.00144545 
2.68162e-34 0.19903 0.293904 0.248708 0.162988 0.105802 2.16462e-35 -2.0988e-05 -3.10122e-05 -2.88376e-05 -1.25962e-05 -5.36788e-06 0.00441992 0.00526898 0.00417285 
-1.04884e-35 9.52671e-35 0.0959657 0.0422642 9.56438e-05 -5.69838e-35 -2.06258e-34 -2.69545e-34 -0.0524498 -0.0193591 -0.0247613 -3.45021e-34 0.0225579 0.0489534 0.0438825 
-4.81653e-35 -0.11905 -0.0340712 -0.0815103 -0.0223835 -0.0564663 6.50862e-34 0.0541733 0.0289019 0.0390658 0.0050035 0.0133744 -0.128297 -0.128405 -0.123143 
-0.00560105 0.0343398 0.320928 0.188915 0.146352 0.0311702 0.125352 0.0481244 0.0141919 0.0439296 0.0920315 0.103896 -0.151335 -0.18286 -0.16237 
1.53403e-34 1.46124e-34 0.253696 0.148434 0.147895 -9.77981e-35 -2.43935e-34 -1.9631e-34 0.000748261 0.000455279 0.000309767 -4.40052e-34 0.0490189 0.039921 0.0446785 
-0.0853904 -0.259091 -0.21474 -0.251727 -0.200904 -0.201172 -0.0697535 0.0215249 -0.026601 -0.000473085 -0.0423092 0.0108161 -0.160973 -0.125724 -0.088228 
0.819066 0.377389 0.740121 0.568573 0.785077 0.624124 -0.0627808 -0.0204276 -0.0332013 -0.026045 -0.04772 -0.0397281 -0.0764233 -0.0700825 -0.0718055 
0.644061 0.613688 0.921822 0.805288 0.808401 0.634822 -0.0992824 -0.0623395 -0.141483 -0.107294 -0.127469 -0.0814643 -0.066971 -0.0677068 -0.0861126 
7.74913e-34 0.846621 7.54984e-34 0.547907 -5.07445e-34 0.577757 2.90867e-34 -0.0396023 4.52237e-34 -0.0214444 1.11784e-33 -0.0458418 -0.132913 -0.108224 -0.100987 
0.348366 0.253696 0.178691 0.220472 0.273124 0.306255 0.0118152 0.000748261 0.00319224 0.00283625 0.00776658 0.00578611 0.0356408 0.0446785 0.0361301 
0.500002 0.500001 0.46684 0.491781 0.491714 0.500002 -3.21556e-05 -1.97917e-05 -2.05651e-05 -2.05528e-05 -2.64271e-05 -2.51661e-05 0.00211261 0.000953181 0.00136156 
0.500002 0.46297 0.500001 0.49067 0.500002 0.490741 -3.21556e-05 -2.10594e-05 -1.97917e-05 -2.08054e-05 -2.51661e-05 -2.68828e-05 0.00211261 0.00144545 0.000953181 
6.69886e-34 5.32754e-34 0.712078 0.416354 0.410678 -2.44511e-34 2.97683e-34 3.68373e-34 -0.0104749 -0.00388385 -0.00302098 6.81373e-34 -0.0637908 -0.0791522 -0.0758658 
-1.71982e-34 -0.0910701 -0.21474 -0.168985 -0.19317 -0.147854 1.38067e-34 -0.0841238 -0.026601 -0.0550425 -0.0158805 -0.029511 -0.0345729 -0.0261719 -0.088228 
0.999114 0.995631 0.698013 0.905448 0.915012 0.997953 -0.0178925 -0.0330075 -0.0169546 -0.0276174 -0.0212031 -0.0255214 -0.0673937 -0.0779154 -0.0661305 
6.69886e-34 0.712078 0.839874 0.780793 0.515044 0.410678 2.97683e-34 -0.0104749 -0.00969745 -0.0104415 -0.00350524 -0.00302098 -0.0637908 -0.0758658 -0.0640663 
0.949319 0.889652 0.822704 0.912724 0.918935 0.926324 -0.193945 -0.245561 -0.160246 -0.213007 -0.187501 -0.224752 -0.112874 -0.110538 -0.075677 
0.356901 0.293904 0.19903 0.248708 0.285218 0.326831 -6.91926e-05 -3.10122e-05 -2.0988e-05 -2.88376e-05 -4.71918e-05 -4.78448e-05 0.00553867 0.00417285 0.00526898 
0.27673 0.320928 0.840743 0.576335 0.595699 0.312555 -0.0064007 0.0141919 -0.118912 -0.0788199 -0.0652961 0.00473026 -0.118506 -0.16237 -0.132245 
0.990447 0.983934 0.740121 0.905033 0.91038 0.986909 -0.052312 -0.0700242 -0.0332013 -0.0550633 -0.046727 -0.0617759 -0.085457 -0.0881013 -0.0718055 
5.29353e-34 4.98451e-34 -0.0153999 -0.00691512 0.00558366 1.02447e-33 9.6544e-35 6.53135e-35 0.126594 0.0932696 0.0971384 -7.91534e-35 -0.12305 -0.121184 -0.125095 
0.999114 0.698013 0.638553 0.669396 0.899421 0.915012 -0.0178925 -0.0169546 -0.00866018 -0.0117756 -0.0164059 -0.0212031 -0.0673937 -0.0661305 -0.0599411 
0.999114 0.841296 0.995631 0.973316 0.997953 0.96715 -0.0178925 -0.0220679 -0.0330075 -0.0335784 -0.0255214 -0.0244088 -0.0673937 -0.0876627 -0.0779154 
0.244906 0.180936 0.380047 0.292429 0.318775 0.213815 -3.67263e-06 -3.66802e-06 -1.2538e-05 -7.93365e-06 -7.37251e-06 -3.48839e-06 -7.02995e-08 0.000914597 0.00103086 
0.244899 0.380097 0.169604 0.287908 0.208467 0.318804 -3.74029e-06 -1.25959e-05 -3.44032e-06 -7.8576e-06 -3.42972e-06 -7.40749e-06 9.18074e-08 0.00103259 0.000954884 
0.390377 0.487436 0.443045 0.469245 0.41885 0.450897 -2.76514e-05 -4.86915e-05 -6.68763e-05 -5.77806e-05 -4.38647e-05 -3.77114e-05 0.00271534 0.00318695 0.00446557 
4.45998e-34 0.638553 0.698013 0.669396 0.393023 0.351305 -3.17297e-34 -0.00866018 -0.0169546 -0.0117756 -0.00473128 -0.00312678 -0.0634737 -0.0599411 -0.0661305 
0.41254 0.477083 0.488833 0.482965 0.458453 0.450131 0.020249 0.0227747 0.0271415 0.0261512 0.0236172 0.0221314 0.0271432 0.0220346 0.0247339 
0.384767 0.464991 0.471013 0.467959 0.435038 0.430596 0.00290808 0.0018454 0.00451711 0.00292536 0.00378294 0.0024536 0.0161503 0.0150827 0.016515 
4.89556e-34 0.649924 0.776831 0.716797 0.460955 0.367953 2.37512e-34 -0.00401441 -0.0034334 -0.00381329 -0.00135916 -0.00116043 -0.0502787 -0.0550005 -0.0433622 
0.998774 0.750328 0.625844 0.691131 0.895754 0.928355 -0.00274622 -0.00110479 -0.00149095 -0.00131855 -0.00271663 -0.00209325 -0.0328365 -0.0248279 -0.0339022 
-0.0853904 0.400503 0.339864 0.356836 0.094758 0.111332 -0.0697535 -0.262488 -0.110128 -0.19894 -0.050991 -0.140862 -0.160973 -0.117711 -0.190987 
5.67399e-34 0.838958 0.638553 0.748618 0.356925 0.501801 -2.7574e-34 -0.00787357 -0.00866018 -0.00859878 -0.00274757 -0.00377391 -0.0552472 -0.0533934 -0.0599411 
0.38338 0.461823 0.468945 0.465496 0.432979 0.427964 -0.000229433 -0.000147631 -0.000274159 -0.000220543 -0.000260081 -0.000210133 0.0111922 0.0126007 0.0110173 
1.505e-34 1.63011e-34 0.338426 0.156045 0.126039 -1.14774e-34 -3.15359e-34 -3.2641e-34 -0.0535337 -0.0116256 -0.0110626 -5.9695e-34 -0.0602886 -0.0635398 -0.0595874 
0.999114 0.712078 0.841296 0.781692 0.96715 0.938174 -0.0178925 -0.0104749 -0.0220679 -0.0145121 -0.0244088 -0.0182802 -0.0673937 -0.0758658 -0.0876627 
-4.81653e-35 -1.7356e-34 -0.11905 -0.0766476 -0.0564663 5.47627e-35 6.50862e-34 6.97311e-34 0.0541733 0.0268547 0.0133744 1.27075e-33 -0.128297 -0.132431 -0.128405 
1.1431e-34 2.77599e-34 0.204579 0.108975 0.108956 -7.77387e-35 -2.91894e-35 -2.19381e-35 -2.40518e-05 -6.63695e-06 -6.16664e-06 -5.10914e-35 0.00590835 0.00443792 0.0053964 
0.75 0.750328 0.986721 0.905502 0.905422 0.750059 -6.17085e-37 -0.00110479 -0.000953849 -0.00123661 -0.000830041 -0.000578556 -0.0142846 -0.0248279 -0.0209662 
0.347655 0.54365 0.467561 0.501224 0.414292 0.453818 0.00556739 -0.0463251 0.00724818 -0.0130742 0.00745922 -0.0170722 -0.0244611 -0.00914309 0.000450351 
0.353736 0.439637 0.450091 0.444188 0.407984 0.398858 0.0221317 0.0330413 0.0285529 0.0307316 0.0260114 0.0282121 0.0179769 0.016324 0.0196312 
0.38074 0.458294 0.465975 0.462399 0.429831 0.424848 0.00274267 0.00798401 0.00410379 0.00581553 0.0034949 0.00497713 0.0177643 0.0188919 0.0173972 
0.783629 0.788075 0.889652 0.859495 0.843295 0.823809 -0.302544 -0.234573 -0.245561 -0.25086 -0.287456 -0.275561 -0.0899271 -0.0661731 -0.110538 
0.38213 0.459407 0.467403 0.463515 0.431399 0.425794 -0.000227387 -0.000287801 -0.000283929 -0.000312031 -0.00024704 -0.000258873 0.0109146 0.00967098 0.0110032 
0.289039 0.434063 0.342612 0.393233 0.316805 0.371799 -7.92913e-05 -0.000154877 -0.000150093 -0.00015463 -0.000111574 -0.000122144 0.00723364 0.007085 0.00825661 
0.500002 0.488279 0.487436 0.499998 0.496859 0.497073 -3.21556e-05 -5.6616e-05 -4.86915e-05 -5.33889e-05 -3.97947e-05 -4.28046e-05 0.00211261 0.00356799 0.00318695 
0.783629 0.686289 0.400503 0.534902 0.627365 0.755248 -0.302544 -0.255262 -0.262488 -0.263973 -0.3022 -0.300737 -0.0899271 -0.145147 -0.117711 
0.500005 0.453835 0.495165 0.479792 0.498829 0.488564 -0.000286959 -0.000270413 -0.000316946 -0.000290016 -0.000304093 -0.000286999 0.00907684 0.00952221 0.0100838 
2.47978e-34 -4.81653e-35 -0.0340712 -0.0223835 -0.000937889 1.58904e-35 3.07678e-34 6.50862e-34 0.0289019 0.0050035 0.00106182 1.23185e-33 -0.122404 -0.128297 -0.123143 
0.38338 0.468945 0.453835 0.461757 0.422618 0.432979 -0.000229433 -0.000274159 -0.000270413 -0.000294406 -0.000263415 -0.000260081 0.0111922 0.0110173 0.00952221 
0.27673 0.0560984 0.0535709 0.048769 0.111155 0.153908 -0.0064007 0.0500056 0.127253 0.0877689 0.0791025 0.0342012 -0.118506 -0.117551 -0.125038 
2.47978e-34 -0.0340712 4.93846e-34 -0.0115072 1.018e-33 -0.000937889 3.07678e-34 0.0289019 2.30222e-35 0.0223716 -1.00049e-35 0.00106182 -0.122404 -0.123143 -0.120579 
0.440767 0.342612 0.434063 0.393233 0.437463 0.397573 -0.000198193 -0.000150093 -0.000154877 -0.00015463 -0.000181623 -0.000177943 0.00820044 0.00825661 0.007085 
0.644061 0.255223 0.613688 0.429551 0.634822 0.453384 -0.0992824 -0.0249302 -0.0623395 -0.0392631 -0.0814643 -0.0541085 -0.066971 -0.0635927 -0.0677068 
0.783629 0.889652 0.686289 0.814453 0.755248 0.843295 -0.302544 -0.245561 -0.255262 -0.279975 -0.300737 -0.287456 -0.0899271 -0.110538 -0.145147 
0.404436 0.427603 0.488279 0.464405 0.456444 0.416419 -2.9441e-05 -5.81088e-05 -5.6616e-05 -5.80636e-05 -4.19762e-05 -4.19692e-05 0.0027346 0.00425944 0.00356799 
6.57268e-34 4.01669e-34 0.705449 0.404916 0.404034 -2.80098e-34 -1.72928e-34 -1.16566e-34 -0.00152297 -0.000395479 -0.000627883 -2.87199e-34 -0.0348791 -0.0236915 -0.0288409 
0.38074 0.465975 0.460994 0.463613 0.426411 0.429831 0.00274267 0.00410379 0.00172343 0.00270128 0.00225962 0.0034949 0.0177643 0.0173972 0.0159438 
0.998774 0.997309 0.842385 0.970313 0.966852 0.997989 -0.00274622 -0.00496628 -0.00403767 -0.00517729 -0.00416889 -0.00408219 -0.0328365 -0.0420207 -0.0409169 
0.353736 0.450091 0.448946 0.449662 0.407493 0.407984 0.0221317 0.0285529 0.0217855 0.0255122 0.0227623 0.0260114 0.0179769 0.0196312 0.0204413 
0.999114 0.638553 0.838958 0.748618 0.954663 0.899421 -0.0178925 -0.00866018 -0.00787357 -0.00859878 -0.0139593 -0.0164059 -0.0673937 -0.0599411 -0.0533934 
0.500013 0.460994 0.49501 0.482056 0.498711 0.490077 0.00141341 0.00172343 0.00272338 0.0021802 0.00200514 0.0015899 0.0149607 0.0159438 0.0161285 
2.29097e-34 1.505e-34 0.208859 0.0854738 0.0629042 -4.55748e-35 -3.22042e-34 -3.15359e-34 -0.0353402 -0.0108735 -0.0114437 -5.70974e-34 -0.057349 -0.0602886 -0.0593239 
-0.0782615 -0.0340712 -0.11905 -0.0815103 -0.109066 -0.0642564 0.0918701 0.0289019 0.0541733 0.0390658 0.0761597 0.0590368 -0.126512 -0.123143 -0.128405 
0.27673 0.136168 0.320928 0.225549 0.312555 0.1892 -0.0064007 0.0961688 0.0141919 0.0681569 0.00473026 0.0558689 -0.118506 -0.135946 -0.16237 
0.347655 0.566046 0.54365 0.553268 0.453818 0.446697 0.00556739 -0.102926 -0.0463251 -0.0719284 -0.0170722 -0.0365455 -0.0244611 -0.0342045 -0.00914309 
0.499875 0.448946 0.490512 0.473005 0.496598 0.48436 0.0214311 0.0217855 0.0266107 0.0241927 0.024048 0.0222139 0.0206601 0.0204413 0.0207757 
0.542355 0.467561 0.560683 0.520705 0.552634 0.525844 -0.0210003 0.00724818 -0.0354644 -0.0114852 -0.0272907 -0.00634848 0.0208992 0.000450351 0.00997727 
0.990471 0.842385 0.997309 0.970313 0.994528 0.97723 -0.00737016 -0.00403767 -0.00496628 -0.00517729 -0.00606208 -0.00689478 -0.0511675 -0.0409169 -0.0420207 
0.998774 0.625844 0.776831 0.706133 0.935835 0.895754 -0.00274622 -0.00149095 -0.0034334 -0.00222642 -0.00370228 -0.00271663 -0.0328365 -0.0339022 -0.0433622 
0.974979 0.840743 0.921822 0.960194 0.956748 0.939214 -0.123604 -0.118912 -0.141483 -0.159301 -0.134584 -0.139785 -0.0981298 -0.132245 -0.0861126 
-0.0468178 -0.21474 -0.0910701 -0.168985 -0.0973707 -0.162778 -0.142442 -0.026601 -0.0841238 -0.0550425 -0.111565 -0.0751066 -0.0880524 -0.088228 -0.0261719 
5.29353e-34 0.0535709 0.0560984 0.048769 -0.000310473 0.0153645 9.6544e-35 0.127253 0.0500056 0.0877689 0.0499474 0.0899525 -0.12305 -0.125038 -0.117551 
0.681332 0.641679 0.566046 0.621909 0.675624 0.672207 -0.228907 -0.12413 -0.102926 -0.113119 -0.161466 -0.175023 -0.0111718 -0.00853783 -0.0342045 
2.91478e-34 0.613688 0.255223 0.429551 0.129462 0.284364 -3.40045e-34 -0.0623395 -0.0249302 -0.0392631 -0.00843966 -0.0173648 -0.0651411 -0.0677068 -0.0635927 
0.637467 0.788075 0.757974 0.783301 0.737027 0.714109 -0.161732 -0.234573 -0.262988 -0.252819 -0.214913 -0.198011 -0.0547872 -0.0661731 -0.0476458 
0.783629 0.757974 0.788075 0.783301 0.823809 0.774351 -0.302544 -0.262988 -0.234573 -0.252819 -0.275561 -0.28984 -0.0899271 -0.0476458 -0.0661731 
0.440767 0.434063 0.491694 0.469739 0.472016 0.437463 -0.000198193 -0.000154877 -0.000236112 -0.000193238 -0.000218549 -0.000181623 0.00820044 0.007085 0.00793422 
9.52671e-35 0.208996 0.0959657 0.159984 0.0422642 0.0964462 -2.69545e-34 -0.0390339 -0.0524498 -0.0486706 -0.0193591 -0.0178925 0.0489534 0.0546901 0.0438825 
-0.00560105 0.320928 0.136168 0.225549 0.0757115 0.146352 0.125352 0.0141919 0.0961688 0.0681569 0.113634 0.0920315 -0.151335 -0.16237 -0.135946 
0.38213 0.467403 0.461396 0.464442 0.427128 0.431399 -0.000227387 -0.000283929 -0.000116155 -0.00022114 -0.000201702 -0.00024704 0.0109146 0.0110032 0.0122946 
0.272709 0.169604 0.380097 0.287908 0.33066 0.223561 -1.01079e-05 -3.44032e-06 -1.25959e-05 -7.8576e-06 -1.17459e-05 -6.12592e-06 0.00174612 0.000954884 0.00103259 
0.273406 0.380047 0.180936 0.292429 0.229144 0.330931 -9.9648e-06 -1.2538e-05 -3.66802e-06 -7.93365e-06 -6.22149e-06 -1.17083e-05 0.00173763 0.00103086 0.000914597 
3.88823e-34 6.03858e-34 0.740121 0.41918 0.395561 -4.38058e-34 -3.59746e-34 -3.50801e-34 -0.0332013 -0.0106201 -0.0137923 -6.74704e-34 -0.0705597 -0.0681165 -0.0718055 
0.75 0.437782 0.750328 0.609503 0.750059 0.609548 -6.17085e-37 -0.000253243 -0.00110479 -0.000465136 -0.000578556 -0.000203376 -0.0142846 -0.0201597 -0.0248279 
0.408169 0.380047 0.46684 0.430188 0.44116 0.394577 -9.06724e-06 -1.2538e-05 -2.05651e-05 -1.64609e-05 -1.37152e-05 -1.03361e-05 -1.98324e-07 0.00103086 0.00136156 
0.408165 0.46297 0.380097 0.42745 0.394598 0.438626 -9.15152e-06 -2.10594e-05 -1.25959e-05 -1.67273e-05 -1.04118e-05 -1.39193e-05 1.8838e-07 0.00144545 0.00103259 
0.949319 0.921822 0.840743 0.960194 0.923308 0.952941 -0.193945 -0.141483 -0.118912 -0.159301 -0.170042 -0.172243 -0.112874 -0.0861126 -0.132245 
0.384767 0.471013 0.465272 0.468061 0.430493 0.435038 0.00290808 0.00451711 0.00826643 0.00619574 0.00518458 0.00378294 0.0161503 0.016515 0.0178134 
0.998774 0.705449 0.937057 0.842554 0.988483 0.935303 -0.00274622 -0.00152297 -0.0012624 -0.00169824 -0.00232453 -0.0026713 -0.0328365 -0.0288409 -0.0226145 
2.68162e-34 1.14515e-34 0.19903 0.105819 0.105802 -6.94512e-35 2.16462e-35 2.89166e-35 -2.0988e-05 -4.90913e-06 -5.36788e-06 5.05958e-35 0.00441992 0.00590143 0.00526898 
0.500005 0.461396 0.495298 0.482426 0.498792 0.490257 9.05158e-05 -0.000116155 -0.000188819 -0.000184568 -7.20101e-05 -4.0253e-05 0.012987 0.0122946 0.0119422 
0.990471 0.9996 0.838958 0.963155 0.976508 0.996799 -0.00737016 -0.0121246 -0.00787357 -0.0113535 -0.00975403 -0.0101366 -0.0511675 -0.0589733 -0.0533934 
0.41254 0.488833 0.479984 0.485757 0.452453 0.458453 0.020249 0.0271415 0.0180437 0.0244431 0.0215455 0.0236172 0.0271432 0.0247339 0.0305507 
4.45998e-34 5.67399e-34 0.638553 0.356925 0.351305 -1.97195e-34 -3.17297e-34 -2.7574e-34 -0.00866018 -0.00274757 -0.00312678 -5.81331e-34 -0.0634737 -0.0552472 -0.0599411 
0.408169 0.244906 0.380047 0.318775 0.394577 0.336742 -9.06724e-06 -3.67263e-06 -1.2538e-05 -7.37251e-06 -1.03361e-05 -6.70343e-06 -1.98324e-07 -7.02995e-08 0.00103086 
0.244899 0.408165 0.380097 0.394598 0.318804 0.336736 -3.74029e-06 -9.15152e-06 -1.25959e-05 -1.04118e-05 -7.40749e-06 -6.7036e-06 9.18074e-08 1.8838e-07 0.00103259 
0.628062 0.208859 0.338426 0.272858 0.494405 0.418101 -0.146797 -0.0353402 -0.0535337 -0.0440808 -0.095833 -0.0828174 -0.0618933 -0.0593239 -0.0595874 
2.77331e-34 0.586248 4.01669e-34 0.324788 -9.7689e-35 0.325052 -2.93427e-35 -0.000459133 -1.16566e-34 -0.000203069 -1.7473e-34 -0.000141361 -0.0119299 -0.0196956 -0.0236915 
4.01669e-34 0.586248 0.705449 0.648476 0.404916 0.324788 -1.16566e-34 -0.000459133 -0.00152297 -0.000835328 -0.000395479 -0.000203069 -0.0236915 -0.0196956 -0.0288409 
0.500002 0.46684 0.477919 0.47266 0.494483 0.491714 -3.21556e-05 -2.05651e-05 -3.44922e-05 -2.65045e-05 -3.39426e-05 -2.64271e-05 0.00211261 0.00136156 0.00248519 
0.404436 0.477919 0.46684 0.47266 0.439672 0.44762 -2.9441e-05 -3.44922e-05 -2.05651e-05 -2.65045e-05 -2.4685e-05 -3.22517e-05 0.0027346 0.00248519 0.00136156 
4.42263e-34 0.625844 0.750328 0.691131 0.437912 0.35049 1.22641e-34 -0.00149095 -0.00110479 -0.00131855 -0.000347529 -0.000338503 -0.0258743 -0.0339022 -0.0248279 
1 0.75 0.986721 0.905422 0.996693 0.9375 -8.21847e-37 -6.17085e-37 -0.000953849 -0.000830041 -0.000899811 -1.2734e-36 -0.0132123 -0.0142846 -0.0209662 
0.999114 0.838958 0.9996 0.963155 0.999771 0.954663 -0.0178925 -0.00787357 -0.0121246 -0.0113535 -0.0146135 -0.0139593 -0.0673937 -0.0533934 -0.0589733 
1.19577e-34 1.14565e-34 0.2083 0.11115 0.113827 -7.25715e-35 -1.06202e-34 -9.25381e-35 0.00332233 0.001083 0.00123666 -2.01392e-34 0.0218111 0.0189467 0.0202711 
0.499985 0.465272 0.496386 0.484779 0.499492 0.492487 0.0113841 0.00826643 0.00748762 0.00792671 0.00932195 0.00999781 0.0188528 0.0178134 0.0176679 
1.08576e-34 1.09318e-34 0.197888 0.104896 0.104936 -6.91965e-35 -6.96713e-35 -6.34548e-35 5.29249e-05 5.47171e-06 1.2707e-05 -1.33209e-34 0.01412 0.0128502 0.0135362 
0.990471 0.776831 0.649924 0.716797 0.882022 0.918547 -0.00737016 -0.0034334 -0.00401441 -0.00381329 -0.00704068 -0.00586938 -0.0511675 -0.0433622 -0.0550005 
1.06661e-34 1.09221e-34 0.198315 0.105597 0.105629 -6.78723e-35 6.72151e-35 7.54957e-35 2.36714e-05 1.16717e-05 2.89829e-06 1.42643e-34 0.0137122 0.0153912 0.0144786 
1.01648e-34 9.98666e-35 0.189381 0.0974787 0.100003 -6.53677e-35 9.64562e-35 9.76355e-35 0.00325862 0.00109443 0.00102256 1.91605e-34 0.019485 0.0196183 0.0197098 
6.24676e-35 4.98568e-35 0.133315 0.0482961 0.0572497 -4.94036e-35 4.13297e-35 -1.13946e-35 0.0119766 0.00399739 0.00386925 2.13916e-35 0.00765063 -0.00318628 0.00318859 
-2.18285e-34 -1.71982e-34 -0.21474 -0.19317 -0.220497 4.81034e-35 4.84241e-34 1.38067e-34 -0.026601 -0.0158805 -0.0107164 6.83769e-34 -0.0985 -0.0345729 -0.088228 
0.702166 0.743376 0.320928 0.538383 0.517527 0.723168 -0.198876 -0.147035 0.0141919 -0.0786635 -0.0934327 -0.173209 -0.163417 -0.151387 -0.16237 
2.34668e-35 2.29097e-34 0.109019 0.0345214 0.023551 -2.37949e-35 -2.45205e-34 -3.22042e-34 -0.012459 -0.00789692 -0.00403555 -5.22104e-34 -0.0492804 -0.057349 -0.0523169 
9.90337e-35 2.27479e-34 0.196058 0.104068 0.104025 -6.63345e-35 -4.34334e-35 -3.63915e-35 -5.74558e-05 -2.38682e-05 -2.20838e-05 -7.97476e-35 0.00879054 0.00735856 0.00839878 
0.356901 0.466354 0.472766 0.469643 0.426202 0.421117 -6.91926e-05 -0.000153299 -9.89054e-05 -0.000123008 -8.62791e-05 -0.000108118 0.00553867 0.0067047 0.00528926 
0.937057 0.705449 0.586248 0.648476 0.800103 0.842554 -0.0012624 -0.00152297 -0.000459133 -0.000835328 -0.00094145 -0.00169824 -0.0226145 -0.0288409 -0.0196956 
0.508971 0.479984 0.505835 0.501327 0.507103 0.506183 0.0217679 0.0180437 0.0277566 0.0245302 0.0254042 0.0192289 0.0215926 0.0305507 0.0231239 
1 0.986721 0.937057 0.995377 0.984175 0.996693 -8.21847e-37 -0.000953849 -0.0012624 -0.001325 -0.00108976 -0.000899811 -0.0132123 -0.0209662 -0.0226145 
-2.49266e-34 -2.18285e-34 -0.259091 -0.221735 -0.211942 9.93024e-35 6.84183e-34 4.84241e-34 0.0215249 0.00263278 0.0156675 1.15721e-33 -0.131417 -0.0985 -0.125724 
3.88823e-34 0.740121 0.377389 0.568573 0.197276 0.395561 -3.59746e-34 -0.0332013 -0.0204276 -0.026045 -0.00661271 -0.0137923 -0.0705597 -0.0718055 -0.0700825 
2.77331e-34 0.75 0.586248 0.673326 0.325052 0.4375 -2.93427e-35 -5.37782e-37 -0.000459133 -0.000275477 -0.000141361 -1.4639e-37 -0.0119299 -0.0120734 -0.0196956 
1.11208e-34 1.10523e-34 0.202558 0.107994 0.107922 -7.37435e-35 5.13164e-35 5.91599e-35 -8.81663e-05 -3.55293e-05 -3.60963e-05 1.10532e-34 0.0104752 0.0120751 0.0112569 
2.60851e-34 1.08687e-34 0.202347 0.107772 0.107728 -7.37592e-35 3.62307e-35 4.37123e-35 -6.24822e-05 -2.20365e-05 -2.56467e-05 8.00324e-35 0.0074038 0.00892266 0.00844126 
1.07106e-34 1.0593e-34 0.196432 0.103993 0.104657 -6.69587e-35 8.36229e-35 9.11006e-35 0.000797171 0.000292745 0.000253945 1.74027e-34 0.0170134 0.0184962 0.0177923 
8.93246e-35 7.95136e-35 0.167877 0.0790685 0.085181 -5.93936e-35 9.15493e-35 7.36768e-35 0.00741818 0.00280997 0.00262832 1.5948e-34 0.0181833 0.0143935 0.0167729 
3.0748e-35 2.15986e-35 0.0953265 0.01692 0.0229646 -3.47011e-35 -8.19055e-35 -1.68207e-34 0.00848203 0.00330552 0.00290124 -2.56932e-34 -0.0173781 -0.0346312 -0.026166 
1.33723e-34 1.31343e-34 0.231211 0.127028 0.132247 -8.22121e-35 -1.57286e-34 -1.26175e-34 0.00688709 0.00234605 0.00257529 -2.88644e-34 0.032329 0.02603 0.0288703 
1.10262e-34 1.1007e-34 0.199057 0.105447 0.106166 -6.89587e-35 -8.32596e-35 -7.60804e-35 0.000844789 0.000275652 0.000314068 -1.6008e-34 0.0169523 0.0154565 0.0161599 
1.08613e-34 1.07057e-34 0.197219 0.104656 0.104582 -6.81693e-35 -5.70086e-35 -5.03458e-35 -9.58778e-05 -3.38186e-05 -3.26879e-05 -1.07305e-34 0.0115383 0.0101887 0.0108748 
0.644061 0.822704 0.338426 0.603046 0.492902 0.747297 -0.0992824 -0.160246 -0.0535337 -0.1095 -0.0766714 -0.129516 -0.066971 -0.075677 -0.0595874 
0.681332 0.554491 0.641679 0.63003 0.672207 0.620027 -0.228907 -0.176025 -0.12413 -0.156553 -0.175023 -0.203195 -0.0111718 0.0260921 -0.00853783 
0.603559 0.641679 0.554491 0.63003 0.599751 0.623875 -0.0937132 -0.12413 -0.176025 -0.156553 -0.134748 -0.108398 0.0116452 -0.00853783 0.0260921 
0.628062 0.822704 0.889652 0.912724 0.846921 0.735529 -0.146797 -0.160246 -0.245561 -0.213007 -0.217119 -0.158921 -0.0618933 -0.075677 -0.110538 
0.27673 0.0535709 0.136168 0.08974 0.1892 0.111155 -0.0064007 0.127253 0.0961688 0.111374 0.0558689 0.0791025 -0.118506 -0.125038 -0.135946 
0.500002 0.477919 0.488279 0.483505 0.497073 0.494483 -3.21556e-05 -3.44922e-05 -5.6616e-05 -4.42819e-05 -4.28046e-05 -3.39426e-05 0.00211261 0.00248519 0.00356799 
2.01861e-34 4.42263e-34 0.437782 0.234623 0.234534 4.78618e-35 3.43855e-35 1.22641e-34 -0.000253243 -0.000225398 -0.000108879 1.92072e-34 -0.0144715 -0.0258743 -0.0201597 
0.999114 0.839874 0.712078 0.780793 0.938174 0.965322 -0.0178925 -0.00969745 -0.0104749 -0.0104415 -0.0182802 -0.0155542 -0.0673937 -0.0640663 -0.0758658 
0.289914 0.0959657 0.208996 0.159984 0.246245 0.185519 -0.145985 -0.0524498 -0.0390339 -0.0486706 -0.0951237 -0.108407 0.0447352 0.0438825 0.0546901 
0.628062 0.338426 0.822704 0.603046 0.735529 0.494405 -0.146797 -0.0535337 -0.160246 -0.1095 -0.158921 -0.095833 -0.0618933 -0.0595874 -0.075677 
0.404436 0.488279 0.477919 0.483505 0.44762 0.456444 -2.9441e-05 -5.6616e-05 -3.44922e-05 -4.42819e-05 -3.22517e-05 -4.19762e-05 0.0027346 0.00356799 0.00248519 
-1.71982e-34 -1.04884e-35 -0.0910701 -0.0956239 -0.147854 1.78427e-35 1.38067e-34 -2.06258e-34 -0.0841238 -0.0320325 -0.029511 9.03102e-35 -0.0345729 0.0225579 -0.0261719 
4.42263e-34 0.750328 0.437782 0.609503 0.234623 0.437912 1.22641e-34 -0.00110479 -0.000253243 -0.000465136 -0.000225398 -0.000347529 -0.0258743 -0.0248279 -0.0201597 
1.19577e-34 0.2083 0.166964 0.187873 0.0881855 0.113827 -1.06202e-34 0.00332233 0.00304269 0.00332413 0.000957267 0.00123666 0.0218111 0.0202711 0.0237901 
0.75 0.937057 0.586248 0.800103 0.673326 0.859124 -5.37782e-37 -0.0012624 -0.000459133 -0.00094145 -0.000275477 -0.000819598 -0.0120734 -0.0226145 -0.0196956 
0.328142 0.166964 0.2083 0.187873 0.27101 0.254583 0.0112053 0.00304269 0.00332233 0.00332413 0.00682762 0.00715705 0.0233644 0.0237901 0.0202711 
1.08576e-34 0.197888 0.149158 0.173911 0.0776632 0.104936 -6.96713e-35 5.29249e-05 0.000197005 0.000144912 5.48931e-05 1.2707e-05 0.01412 0.0135362 0.0147787 
-0.00560105 0.136168 0.0535709 0.08974 0.0495461 0.0757115 0.125352 0.0961688 0.127253 0.111374 0.129093 0.113634 -0.151335 -0.135946 -0.125038 
4.42263e-34 4.55979e-34 0.625844 0.351353 0.35049 -1.42485e-34 1.22641e-34 1.78698e-34 -0.00149095 -0.000497478 -0.000338503 3.02993e-34 -0.0258743 -0.0377603 -0.0339022 
0.307555 0.149158 0.197888 0.173911 0.25562 0.234232 0.000785873 0.000197005 5.29249e-05 0.000144912 0.000335569 0.000494648 0.0148193 0.0147787 0.0135362 
1.14515e-34 2.60851e-34 0.192812 0.102283 0.102272 -6.12621e-35 2.89166e-35 3.62307e-35 -3.17632e-05 -2.08582e-05 -9.3087e-06 6.5227e-35 0.00590143 0.0074038 0.00625823 
4.89556e-34 6.69886e-34 0.649924 0.370981 0.367953 -1.66677e-34 2.37512e-34 2.97683e-34 -0.00401441 -0.00208987 -0.00116043 5.43255e-34 -0.0502787 -0.0637908 -0.0550005 
0.0971803 0.379706 0.119053 0.26218 0.100091 0.227773 -0.145428 -0.213619 -0.198157 -0.221174 -0.170583 -0.188951 0.0170324 0.0199304 -0.0246266 
0.628062 0.889652 0.788075 0.859495 0.728869 0.846921 -0.146797 -0.245561 -0.234573 -0.25086 -0.197276 -0.217119 -0.0618933 -0.110538 -0.0661731 
0.644061 0.338426 0.255223 0.303632 0.453384 0.492902 -0.0992824 -0.0535337 -0.0249302 -0.0356857 -0.0541085 -0.0766714 -0.066971 -0.0595874 -0.0635927 
1.09221e-34 0.146396 0.198315 0.172939 0.105597 0.0765652 7.54957e-35 0.000150643 2.36714e-05 0.000105181 1.16717e-05 5.29837e-05 0.0153912 0.0162155 0.0144786 
1.06661e-34 0.198315 0.146714 0.173077 0.076669 0.105629 6.72151e-35 2.36714e-05 -3.53791e-05 -9.38855e-06 -5.11831e-06 2.89829e-06 0.0137122 0.0144786 0.0128879 
9.98666e-35 0.131021 0.189381 0.161023 0.0974787 0.0673905 9.76355e-35 0.00293221 0.00325862 0.00341114 0.00109443 0.000868421 0.0196183 0.0190732 0.0197098 
1.01648e-34 0.189381 0.142994 0.167076 0.0737365 0.100003 9.64562e-35 0.00325862 0.00100646 0.00175548 0.000414653 0.00102256 0.019485 0.0197098 0.0190574 
4.98568e-35 0.0664925 0.133315 0.0989235 0.0482961 0.0230117 -1.13946e-35 0.00679977 0.0119766 0.00979836 0.00399739 0.00181243 -0.00318628 -0.0102632 0.00318859 
6.24676e-35 0.133315 0.104289 0.118595 0.0445522 0.0572497 4.13297e-35 0.0119766 0.00557581 0.00762013 0.00181925 0.00386925 0.00765063 0.00318859 0.0113248 
0.306896 0.146714 0.198315 0.173077 0.255656 0.232838 -0.000121204 -3.53791e-05 2.36714e-05 -9.38855e-06 -3.36987e-05 -7.2103e-05 0.0127986 0.0128879 0.0144786 
0.302006 0.142994 0.189381 0.167076 0.248881 0.228223 0.00367524 0.00100646 0.00325862 0.00175548 0.00388522 0.00243012 0.0191439 0.0190574 0.0197098 
0.330538 0.198315 0.146396 0.172939 0.246851 0.269318 0.000725398 2.36714e-05 0.000150643 0.000105181 0.000440857 0.000284977 0.0159573 0.0144786 0.0162155 
0.259658 0.104289 0.133315 0.118595 0.198388 0.184496 0.0198478 0.00557581 0.0119766 0.00762013 0.0164067 0.0128726 0.0125283 0.0113248 0.00318859 
0.313015 0.189381 0.131021 0.161023 0.228932 0.256261 0.0116768 0.00325862 0.00293221 0.00341114 0.00763054 0.00712292 0.0199233 0.0197098 0.0190732 
0.256795 0.133315 0.0664925 0.0989235 0.160466 0.193534 0.0217024 0.0119766 0.00679977 0.00979836 0.0159885 0.0183246 -0.00608062 0.00318859 -0.0102632 
6.69886e-34 0.839874 0.649924 0.753587 0.370981 0.515044 2.97683e-34 -0.00969745 -0.00401441 -0.00619758 -0.00208987 -0.00350524 -0.0637908 -0.0640663 -0.0550005 
0.702166 0.686289 0.889652 0.814453 0.841246 0.690784 -0.198876 -0.255262 -0.245561 -0.279975 -0.255955 -0.230975 -0.163417 -0.145147 -0.110538 
0.330546 0.197888 0.146558 0.172666 0.246877 0.268939 -9.91107e-05 5.29249e-05 -4.12054e-05 -1.02442e-05 -6.94542e-05 3.53021e-05 0.0123997 0.0135362 0.0122073 
1.09318e-34 0.146558 0.197888 0.172666 0.104896 0.0763156 -6.34548e-35 -4.12054e-05 5.29249e-05 -1.02442e-05 5.47171e-06 9.67151e-07 0.0128502 0.0122073 0.0135362 
0.336008 0.190277 0.253696 0.225466 0.304728 0.271338 -0.0300638 -0.00865641 0.000748261 -0.00476137 -0.0106217 -0.0196018 0.0504313 0.0518402 0.0446785 
7.98752e-35 0.169604 2.03699e-34 0.0891777 -3.43668e-35 0.0891792 -2.21769e-39 -3.44032e-06 -7.3253e-36 -2.16992e-06 -7.32042e-36 -1.19562e-06 3.62048e-07 0.000954884 0.00148202 
1.63011e-34 0.255223 0.338426 0.303632 0.156045 0.109845 -3.2641e-34 -0.0249302 -0.0535337 -0.0356857 -0.0116256 -0.00698645 -0.0635398 -0.0635927 -0.0595874 
0.27673 0.475188 0.0560984 0.184823 0.153908 0.356901 -0.0064007 -0.0632565 0.0500056 -0.00069647 0.0342012 -0.0317103 -0.118506 -0.118644 -0.117551 
1.53403e-34 0.253696 0.190277 0.225466 0.109296 0.147895 -2.43935e-34 0.000748261 -0.00865641 -0.00476137 -0.0017241 0.000309767 0.0490189 0.0446785 0.0518402 
8.19035e-35 2.03431e-34 0.180936 0.0955282 0.0955267 -4.68349e-35 -2.24475e-39 7.20312e-36 -3.66802e-06 -2.33626e-06 -1.37001e-06 7.2079e-36 -3.46996e-07 0.00147073 0.000914597 
0.336741 0.2083 0.149714 0.179057 0.252024 0.277256 0.00502576 0.00332233 0.0010615 0.00185392 0.00298328 0.00456301 0.0179268 0.0202711 0.0179029 
0.417068 0.119053 0.379706 0.26218 0.397359 0.263309 -0.278166 -0.198157 -0.213619 -0.221174 -0.24867 -0.246013 -0.0298968 -0.0246266 0.0199304 
1.11208e-34 0.202558 0.153265 0.178385 0.0802085 0.107922 5.13164e-35 -8.81663e-05 -4.80745e-05 -6.04667e-05 -1.52857e-05 -3.60963e-05 0.0104752 0.0112569 0.00976125 
1.14565e-34 0.149714 0.2083 0.179057 0.11115 0.0789557 -9.25381e-35 0.0010615 0.00332233 0.00185392 0.001083 0.000400286 0.0189467 0.0179029 0.0202711 
1.31343e-34 0.166964 0.231211 0.199272 0.127028 0.0909717 -1.26175e-34 0.00304269 0.00688709 0.00447114 0.00234605 0.00100627 0.02603 0.0237901 0.0288703 
1.10523e-34 0.146714 0.202558 0.175251 0.107994 0.0766341 5.91599e-35 -3.53791e-05 -8.81663e-05 -5.81414e-05 -3.55293e-05 -1.61951e-05 0.0120751 0.0128879 0.0112569 
1.33723e-34 0.231211 0.178691 0.206494 0.0966381 0.132247 -1.57286e-34 0.00688709 0.00319224 0.00521861 0.00103518 0.00257529 0.032329 0.0288703 0.0361301 
1.1007e-34 0.149158 0.199057 0.174343 0.105447 0.0778393 -7.60804e-35 0.000197005 0.000844789 0.000422765 0.000275652 9.93679e-05 0.0154565 0.0147787 0.0161599 
1.07106e-34 0.196432 0.146396 0.172106 0.0764023 0.104657 8.36229e-35 0.000797171 0.000150643 0.00036284 9.36974e-05 0.000253945 0.0170134 0.0177923 0.0162155 
1.0593e-34 0.142994 0.196432 0.170408 0.103993 0.0746936 9.11006e-35 0.00100646 0.000797171 0.00098921 0.000292745 0.000315677 0.0184962 0.0190574 0.0177923 
8.93246e-35 0.167877 0.131021 0.150423 0.0645933 0.085181 9.15493e-35 0.00741818 0.00293221 0.00441272 0.00107673 0.00262832 0.0181833 0.0167729 0.0190732 
7.95136e-35 0.104289 0.167877 0.136397 0.0790685 0.0499465 7.36768e-35 0.00557581 0.00741818 0.00658605 0.00280997 0.00189391 0.0143935 0.0113248 0.0167729 
3.0748e-35 0.0953265 0.0664925 0.0777061 0.0167708 0.0229646 -8.19055e-35 0.00848203 0.00679977 0.00748831 0.00145965 0.00290124 -0.0173781 -0.026166 -0.0102632 
1.10262e-34 0.199057 0.149714 0.174673 0.0779778 0.106166 -8.32596e-35 0.000844789 0.0010615 0.00103642 0.000319665 0.000314068 0.0169523 0.0161599 0.0179029 
2.15986e-35 0.043182 0.0953265 0.0647411 0.01692 0.00307683 -1.68207e-34 -0.00135704 0.00848203 0.00180028 0.00330552 -7.42549e-05 -0.0346312 -0.0428048 -0.026166 
1.07057e-34 0.143992 0.197219 0.171144 0.104656 0.0749703 -5.03458e-35 -4.35721e-05 -9.58778e-05 -5.91729e-05 -3.38186e-05 -1.25341e-05 0.0101887 0.00949368 0.0108748 
1.08613e-34 0.197219 0.146558 0.172362 0.0763412 0.104582 -5.70086e-35 -9.58778e-05 -4.12054e-05 -6.62818e-05 -9.82923e-06 -3.26879e-05 0.0115383 0.0108748 0.0122073 
0.289914 0.554491 0.379706 0.483508 0.331185 0.432228 -0.145985 -0.176025 -0.213619 -0.200044 -0.180295 -0.167176 0.0447352 0.0260921 0.0199304 
0.498839 0.497496 0.466354 0.486373 0.494431 0.499938 -0.00017431 -0.00013624 -0.000153299 -0.000148735 -0.000170341 -0.000154792 0.00686976 0.00600262 0.0067047 
8.19035e-35 0.180936 0.244906 0.213815 0.132659 0.0955267 -2.24475e-39 -3.66802e-06 -3.67263e-06 -3.48839e-06 -1.10569e-06 -1.37001e-06 -3.46996e-07 0.000914597 -7.02995e-08 
-0.0853904 0.339864 0.0343398 0.17583 -0.033601 0.094758 -0.0697535 -0.110128 0.0481244 -0.0199081 0.0124777 -0.050991 -0.160973 -0.190987 -0.18286 
7.98752e-35 0.244899 0.169604 0.208467 0.0891792 0.132655 -2.21769e-39 -3.74029e-06 -3.44032e-06 -3.42972e-06 -1.19562e-06 -1.03371e-06 3.62048e-07 9.18074e-08 0.000954884 
0.355461 0.477825 0.434063 0.458853 0.398571 0.430013 -7.52556e-05 -0.000126323 -0.000154877 -0.000141191 -0.000111253 -0.000102502 0.00578825 0.00592541 0.007085 
1.505e-34 0.338426 0.208859 0.272858 0.0854738 0.126039 -3.15359e-34 -0.0535337 -0.0353402 -0.0440808 -0.0108735 -0.0110626 -0.0602886 -0.0595874 -0.0593239 
0.289914 0.208996 0.384462 0.299497 0.345666 0.246245 -0.145985 -0.0390339 -0.0941505 -0.0773594 -0.120306 -0.0951237 0.0447352 0.0546901 0.0496237 
0.336008 0.384462 0.208996 0.299497 0.280175 0.361397 -0.0300638 -0.0941505 -0.0390339 -0.0773594 -0.0391283 -0.0614802 0.0504313 0.0496237 0.0546901 
0.681332 0.757974 0.668915 0.734834 0.688325 0.719339 -0.228907 -0.262988 -0.30012 -0.285129 -0.271331 -0.245675 -0.0111718 -0.0476458 -0.0513281 
2.27479e-34 1.1431e-34 0.186992 0.0989225 0.0989105 -5.46335e-35 -3.63915e-35 -2.91894e-35 -3.15121e-05 -9.19599e-06 -2.01078e-05 -6.55113e-35 0.00735856 0.00590835 0.00633687 
0.499654 0.497496 0.477825 0.497559 0.492981 0.499756 -9.3142e-05 -0.00013624 -0.000126323 -0.000134186 -0.000110009 -0.000113489 0.00481122 0.00600262 0.00592541 
0.498839 0.477825 0.497496 0.497559 0.499938 0.491624 -0.00017431 -0.000126323 -0.00013624 -0.000134186 -0.000154792 -0.000151421 0.00686976 0.00592541 0.00600262 
0.489797 0.489799 0.500001 0.49749 0.497412 0.500002 -1.30473e-05 -1.30629e-05 -1.97917e-05 -1.59023e-05 -1.58929e-05 -1.42758e-05 6.61279e-08 -8.02942e-08 0.000953181 
0.336008 0.208996 0.190277 0.208721 0.271338 0.280175 -0.0300638 -0.0390339 -0.00865641 -0.0203997 -0.0196018 -0.0391283 0.0504313 0.0546901 0.0518402 
1.2981e-34 0.190277 0.208996 0.208721 0.126503 0.103011 -2.80192e-34 -0.00865641 -0.0390339 -0.0203997 -0.0144837 -0.00517676 0.0541011 0.0518402 0.0546901 
0.356901 0.472766 0.427603 0.452888 0.395233 0.426202 -6.91926e-05 -9.89054e-05 -5.81088e-05 -7.68921e-05 -6.43617e-05 -8.62791e-05 0.00553867 0.00528926 0.00425944 
4.55979e-34 0.776831 0.625844 0.706133 0.351353 0.458567 1.78698e-34 -0.0034334 -0.00149095 -0.00222642 -0.000497478 -0.001064 -0.0377603 -0.0433622 -0.0339022 
0.998774 0.776831 0.997309 0.931297 0.997989 0.935835 -0.00274622 -0.0034334 -0.00496628 -0.00469378 -0.00408219 -0.00370228 -0.0328365 -0.0433622 -0.0420207 
0.990471 0.997309 0.776831 0.931297 0.918547 0.994528 -0.00737016 -0.00496628 -0.0034334 -0.00469378 -0.00586938 -0.00606208 -0.0511675 -0.0420207 -0.0433622 
0.53495 0.384462 0.461955 0.43245 0.495686 0.468782 -0.0850515 -0.0941505 -0.0408902 -0.0668535 -0.0643126 -0.0962634 0.033287 0.0496237 0.0410328 
0.336008 0.461955 0.384462 0.43245 0.361397 0.406897 -0.0300638 -0.0408902 -0.0941505 -0.0668535 -0.0614802 -0.0384406 0.0504313 0.0410328 0.0496237 
7.74913e-34 5.29353e-34 0.0560984 -0.000310473 0.033494 1.03718e-33 2.90867e-34 9.6544e-35 0.0500056 0.0499474 0.0256576 2.5329e-36 -0.132913 -0.12305 -0.117551 
0.330546 0.361027 0.197888 0.287215 0.268939 0.346081 -9.91107e-05 0.000315116 5.29249e-05 0.00021681 3.53021e-05 4.78606e-05 0.0123997 0.0137805 0.0135362 
0.336741 0.37357 0.2083 0.299241 0.277256 0.355098 0.00502576 0.0104274 0.00332233 0.00671691 0.00456301 0.00749839 0.0179268 0.0203677 0.0202711 
0.27673 0.840743 0.840743 0.837041 0.602158 0.595699 -0.0064007 -0.118912 -0.088404 -0.0993394 -0.0634528 -0.0652961 -0.118506 -0.132245 -0.116023 
1.2981e-34 1.53403e-34 0.190277 0.109296 0.103011 -2.37169e-35 -2.80192e-34 -2.43935e-34 -0.00865641 -0.0017241 -0.00517676 -5.09267e-34 0.0541011 0.0490189 0.0518402 
0.990471 0.649924 0.839874 0.753587 0.938621 0.882022 -0.00737016 -0.00401441 -0.00969745 -0.00619758 -0.00946772 -0.00704068 -0.0511675 -0.0550005 -0.0640663 
0.256795 0.305533 0.133315 0.222297 0.193534 0.281016 0.0217024 0.0261526 0.0119766 0.019358 0.0183246 0.0244464 -0.00608062 0.00694544 0.00318859 
0.313015 0.351304 0.189381 0.277688 0.256261 0.333121 0.0116768 0.0080122 0.00325862 0.00581919 0.00712292 0.00972678 0.0199233 0.0198863 0.0197098 
0.330538 0.36013 0.198315 0.286936 0.269318 0.34578 0.000725398 0.000111492 2.36714e-05 8.94801e-05 0.000284977 0.000366514 0.0159573 0.0141221 0.0144786 
1.08687e-34 0.153265 0.202347 0.178277 0.107772 0.0801701 4.37123e-35 -4.80745e-05 -6.24822e-05 -5.70676e-05 -2.20365e-05 -1.61062e-05 0.00892266 0.00976125 0.00844126 
1.08687e-34 1.11208e-34 0.153265 0.0802085 0.0801701 -1.72851e-35 4.37123e-35 5.13164e-35 -4.80745e-05 -1.52857e-05 -1.61062e-05 9.50797e-35 0.00892266 0.0104752 0.00976125 
0.306948 0.202347 0.153265 0.178277 0.235704 0.257462 -0.000150364 -6.24822e-05 -4.80745e-05 -5.70676e-05 -0.000104464 -0.000105601 0.00972446 0.00844126 0.00976125 
1.31343e-34 1.19577e-34 0.166964 0.0881855 0.0909717 -1.49485e-35 -1.26175e-34 -1.06202e-34 0.00304269 0.000957267 0.00100627 -2.35993e-34 0.02603 0.0218111 0.0237901 
3.35589e-34 3.88823e-34 0.377389 0.197276 0.183113 -1.54666e-35 -3.68003e-34 -3.59746e-34 -0.0204276 -0.00661271 -0.00586081 -6.93043e-34 -0.0711017 -0.0705597 -0.0700825 
1.63011e-34 2.91478e-34 0.255223 0.129462 0.109845 -1.70076e-35 -3.2641e-34 -3.40045e-34 -0.0249302 -0.00843966 -0.00698645 -6.29079e-34 -0.0635398 -0.0651411 -0.0635927 
1.1007e-34 1.08576e-34 0.149158 0.0776632 0.0778393 -1.42356e-35 -7.60804e-35 -6.96713e-35 0.000197005 5.48931e-05 9.93679e-05 -1.46043e-34 0.0154565 0.01412 0.0147787 
1.09221e-34 1.07106e-34 0.146396 0.0764023 0.0765652 -1.09762e-35 7.54957e-35 8.36229e-35 0.000150643 9.36974e-05 5.29837e-05 1.58867e-34 0.0153912 0.0170134 0.0162155 
1.10523e-34 1.06661e-34 0.146714 0.076669 0.0766341 -1.09842e-35 5.91599e-35 6.72151e-35 -3.53791e-05 -5.11831e-06 -1.61951e-05 1.26394e-34 0.0120751 0.0137122 0.0128879 
9.98666e-35 8.93246e-35 0.131021 0.0645933 0.0673905 -1.25832e-35 9.76355e-35 9.15493e-35 0.00293221 0.00107673 0.000868421 1.85697e-34 0.0196183 0.0181833 0.0190732 
1.0593e-34 1.01648e-34 0.142994 0.0737365 0.0746936 -1.12725e-35 9.11006e-35 9.64562e-35 0.00100646 0.000414653 0.000315677 1.86323e-34 0.0184962 0.019485 0.0190574 
4.98568e-35 3.0748e-35 0.0664925 0.0167708 0.0230117 -1.8476e-35 -1.13946e-35 -8.19055e-35 0.00679977 0.00145965 0.00181243 -1.00563e-34 -0.00318628 -0.0173781 -0.0102632 
7.95136e-35 6.24676e-35 0.104289 0.0445522 0.0499465 -1.51886e-35 7.36768e-35 4.13297e-35 0.00557581 0.00181925 0.00189391 1.08746e-34 0.0143935 0.00765063 0.0113248 
0.974979 0.840743 0.840743 0.837041 0.939214 0.94251 -0.123604 -0.088404 -0.118912 -0.0993394 -0.139785 -0.118437 -0.0981298 -0.116023 -0.132245 
1.07057e-34 9.90337e-35 0.143992 0.0750081 0.0749703 -9.62133e-36 -5.03458e-35 -4.34334e-35 -4.35721e-05 -1.68652e-05 -1.25341e-05 -9.37344e-35 0.0101887 0.00879054 0.00949368 
1.09318e-34 1.08613e-34 0.146558 0.0763412 0.0763156 -1.2197e-35 -6.34548e-35 -5.70086e-35 -4.12054e-05 -9.82923e-06 9.67151e-07 -1.20447e-34 0.0128502 0.0115383 0.0122073 
2.15986e-35 2.34668e-35 0.043182 0.00369116 0.00307683 -1.47573e-35 -1.68207e-34 -2.45205e-34 -0.00135704 -0.00158496 -7.42549e-05 -4.13267e-34 -0.0346312 -0.0492804 -0.0428048 
1.14565e-34 1.10262e-34 0.149714 0.0779778 0.0789557 -1.11465e-35 -9.25381e-35 -8.32596e-35 0.0010615 0.000319665 0.000400286 -1.77143e-34 0.0189467 0.0169523 0.0179029 
1.46124e-34 1.33723e-34 0.178691 0.0966381 0.0999677 -2.9992e-36 -1.9631e-34 -1.57286e-34 0.00319224 0.00103518 0.000355688 -3.5665e-34 0.039921 0.032329 0.0361301 
0.467561 0.54365 0.560683 0.556963 0.520705 0.501224 0.00724818 -0.0463251 -0.0354644 -0.0394427 -0.0114852 -0.0130742 0.000450351 -0.00914309 0.00997727 
0.910621 0.840743 0.975023 0.956414 0.974834 0.877847 -0.0767467 -0.088404 -0.0944991 -0.104525 -0.0943794 -0.0842203 -0.106244 -0.116023 -0.0911925 
4.98451e-34 4.93846e-34 -0.0254027 -0.00990559 -0.00666542 1.00931e-33 6.53135e-35 2.30222e-35 0.070468 0.0337601 0.0545815 -5.92183e-36 -0.121184 -0.120579 -0.121809 
0.999114 0.9996 0.839874 0.956396 0.965322 0.999771 -0.0178925 -0.0121246 -0.00969745 -0.0120306 -0.0155542 -0.0146135 -0.0673937 -0.0589733 -0.0640663 
0.990471 0.839874 0.9996 0.956396 0.996799 0.938621 -0.00737016 -0.00969745 -0.0121246 -0.0120306 -0.0101366 -0.00946772 -0.0511675 -0.0640663 -0.0589733 
2.01861e-34 0.437782 0.75 0.609548 0.4375 0.234534 3.43855e-35 -0.000253243 -6.17085e-37 -0.000203376 -2.14698e-37 -0.000108879 -0.0144715 -0.0201597 -0.0142846 
0.348366 0.395266 0.253696 0.333858 0.306255 0.375229 0.0118152 0.00161145 0.000748261 8.27485e-05 0.00578611 0.008537 0.0356408 0.0408346 0.0446785 
2.34668e-35 0.109019 0.043182 0.0709826 0.00369116 0.023551 -2.45205e-34 -0.012459 -0.00135704 -0.00472001 -0.00158496 -0.00403555 -0.0492804 -0.0523169 -0.0428048 
0.237184 0.043182 0.109019 0.0709826 0.172826 0.131367 -0.00799831 -0.00135704 -0.012459 -0.00472001 -0.0168651 -0.00563668 -0.0434256 -0.0428048 -0.0523169 
0.974979 0.975023 0.840743 0.956414 0.94251 0.977183 -0.123604 -0.0944991 -0.088404 -0.104525 -0.118437 -0.108275 -0.0981298 -0.0911925 -0.116023 
0.603559 0.560683 0.54365 0.556963 0.591416 0.584216 -0.0937132 -0.0354644 -0.0463251 -0.0394427 -0.0690888 -0.0620225 0.0116452 0.00997727 -0.00914309 
0.304768 0.143992 0.196058 0.170537 0.253411 0.230358 -0.000155287 -4.35721e-05 -5.74558e-05 -5.18833e-05 -0.000101177 -0.000101272 0.00959166 0.00949368 0.00839878 
9.90337e-35 0.196058 0.143992 0.170537 0.0750081 0.104025 -4.34334e-35 -5.74558e-05 -4.35721e-05 -5.18833e-05 -1.68652e-05 -2.20838e-05 0.00879054 0.00839878 0.00949368 
-0.224246 -0.116423 -0.11905 -0.130579 -0.172343 -0.163223 0.0502362 0.109776 0.0541733 0.0860854 0.0613721 0.079835 -0.148414 -0.137837 -0.128405 
0.910621 0.475188 0.840743 0.687563 0.877847 0.752389 -0.0767467 -0.0632565 -0.088404 -0.0742007 -0.0842203 -0.0688494 -0.106244 -0.118644 -0.116023 
-2.18285e-34 -0.21474 -0.259091 -0.251727 -0.221735 -0.220497 4.84241e-34 -0.026601 0.0215249 -0.000473085 0.00263278 -0.0107164 -0.0985 -0.088228 -0.125724 
7.74913e-34 0.0560984 0.475188 0.184823 0.262679 0.033494 2.90867e-34 0.0500056 -0.0632565 -0.00069647 -0.0390867 0.0256576 -0.132913 -0.117551 -0.118644 
-0.0468178 -0.0910701 0.119053 -0.0181535 0.0277649 -0.0973707 -0.142442 -0.0841238 -0.198157 -0.146744 -0.174779 -0.111565 -0.0880524 -0.0261719 -0.0246266 
0.306896 0.198315 0.36013 0.286936 0.334617 0.255656 -0.000121204 2.36714e-05 0.000111492 8.94801e-05 -4.30366e-05 -3.36987e-05 0.0127986 0.0144786 0.0141221 
0.0971803 0.119053 -0.0910701 -0.0181535 -0.00766042 0.100091 -0.145428 -0.198157 -0.0841238 -0.146744 -0.122926 -0.170583 0.0170324 -0.0246266 -0.0261719 
0.302006 0.189381 0.351304 0.277688 0.327932 0.248881 0.00367524 0.00325862 0.0080122 0.00581919 0.00558702 0.00388522 0.0191439 0.0197098 0.0198863 
0.259658 0.133315 0.305533 0.222297 0.281892 0.198388 0.0198478 0.0119766 0.0261526 0.019358 0.023551 0.0164067 0.0125283 0.00318859 0.00694544 
0.328142 0.2083 0.37357 0.299241 0.351607 0.27101 0.0112053 0.00332233 0.0104274 0.00671691 0.0110925 0.00682762 0.0233644 0.0202711 0.0203677 
0.307555 0.197888 0.361027 0.287215 0.335329 0.25562 0.000785873 5.29249e-05 0.000315116 0.00021681 0.000520213 0.000335569 0.0148193 0.0135362 0.0137805 
0.460994 0.465975 0.49501 0.483777 0.482056 0.463613 0.00172343 0.00410379 0.00272338 0.00335025 0.0021802 0.00270128 0.0159438 0.0173972 0.0161285 
0.474279 0.461955 0.395266 0.433565 0.439021 0.469981 -0.00745963 -0.0408902 0.00161145 -0.0161386 -0.00327399 -0.0233691 0.0355478 0.0410328 0.0408346 
0.500008 0.49501 0.465975 0.483777 0.491039 0.498585 0.00481173 0.00272338 0.00410379 0.00335025 0.0045079 0.00368629 0.016902 0.0161285 0.0173972 
0.566046 0.641679 0.54365 0.597797 0.553268 0.621909 -0.102926 -0.12413 -0.0463251 -0.0813006 -0.0719284 -0.113119 -0.0342045 -0.00853783 -0.00914309 
1.14515e-34 0.192812 0.19903 0.195929 0.105819 0.102272 2.89166e-35 -3.17632e-05 -2.0988e-05 -2.5217e-05 -4.90913e-06 -9.3087e-06 0.00590143 0.00625823 0.00526898 
0.448946 0.450091 0.490512 0.474051 0.473005 0.449662 0.0217855 0.0285529 0.0266107 0.0281666 0.0241927 0.0255122 0.0204413 0.0196312 0.0207757 
0.603559 0.54365 0.641679 0.597797 0.623875 0.591416 -0.0937132 -0.0463251 -0.12413 -0.0813006 -0.108398 -0.0690888 0.0116452 -0.00914309 -0.00853783 
0.50061 0.490512 0.450091 0.474051 0.483245 0.496542 0.0299508 0.0266107 0.0285529 0.0281666 0.0304836 0.0286364 0.0220927 0.0207757 0.0196312 
1.1431e-34 0.204579 0.186992 0.195848 0.0989225 0.108956 -2.91894e-35 -2.40518e-05 -3.15121e-05 -2.72574e-05 -9.19599e-06 -6.16664e-06 0.00590835 0.0053964 0.00633687 
0.500005 0.491694 0.495813 0.499827 0.498987 0.497878 -0.000286959 -0.000236112 -0.000235251 -0.0002289 -0.00026363 -0.000266251 0.00907684 0.00793422 0.00801512 
0.453835 0.468945 0.495165 0.484907 0.479792 0.461757 -0.000270413 -0.000274159 -0.000316946 -0.000310208 -0.000290016 -0.000294406 0.00952221 0.0110173 0.0100838 
0.500009 0.495165 0.468945 0.484907 0.492246 0.498785 -0.000303146 -0.000316946 -0.000274159 -0.000310208 -0.000312835 -0.00031656 0.0110237 0.0100838 0.0110173 
0.910621 0.975023 0.983934 0.979563 0.978751 0.974834 -0.0767467 -0.0944991 -0.0700242 -0.0826608 -0.0819438 -0.0943794 -0.106244 -0.0911925 -0.0881013 
0.500009 0.495298 0.467403 0.484462 0.491855 0.498834 -0.000303146 -0.000188819 -0.000283929 -0.000261573 -0.000282334 -0.00026596 0.0110237 0.0119422 0.0110032 
0.461396 0.467403 0.495298 0.484462 0.482426 0.464442 -0.000116155 -0.000283929 -0.000188819 -0.000261573 -0.000184568 -0.00022114 0.0122946 0.0110032 0.0119422 
0.314865 0.202347 0.358112 0.287363 0.337207 0.261936 -9.29601e-05 -6.24822e-05 -0.000158287 -0.00010742 -0.000126879 -7.68948e-05 0.00718077 0.00844126 0.00847113 
0.306948 0.358112 0.202347 0.287363 0.257462 0.333512 -0.000150364 -0.000158287 -6.24822e-05 -0.00010742 -0.000105601 -0.00015952 0.00972446 0.00847113 0.00844126 
0.644061 0.921822 0.822704 0.878336 0.747297 0.808401 -0.0992824 -0.141483 -0.160246 -0.15747 -0.129516 -0.127469 -0.066971 -0.0861126 -0.075677 
0.320928 0.743376 0.840743 0.793679 0.576335 0.538383 0.0141919 -0.147035 -0.118912 -0.133667 -0.0788199 -0.0786635 -0.16237 -0.151387 -0.132245 
0.500008 0.496386 0.471013 0.486683 0.493199 0.49926 0.00481173 0.00748762 0.00451711 0.00589706 0.00476414 0.00604992 0.016902 0.0176679 0.016515 
0.465272 0.471013 0.496386 0.486683 0.484779 0.468061 0.00826643 0.00451711 0.00748762 0.00589706 0.00792671 0.00619574 0.0178134 0.016515 0.0176679 
0.949319 0.822704 0.921822 0.878336 0.952941 0.918935 -0.193945 -0.160246 -0.141483 -0.15747 -0.172243 -0.187501 -0.112874 -0.075677 -0.0861126 
0.27673 0.840743 0.475188 0.687563 0.356901 0.602158 -0.0064007 -0.088404 -0.0632565 -0.0742007 -0.0317103 -0.0634528 -0.118506 -0.116023 -0.118644 
0.50061 0.505835 0.488833 0.502133 0.502213 0.503139 0.0299508 0.0277566 0.0271415 0.0285749 0.0285081 0.0299861 0.0220927 0.0231239 0.0247339 
0.949319 0.840743 0.743376 0.793679 0.890502 0.923308 -0.193945 -0.118912 -0.147035 -0.133667 -0.18473 -0.170042 -0.112874 -0.132245 -0.151387 
0.374688 0.386736 0.109019 0.238104 0.219349 0.382424 -0.0740889 -0.0635048 -0.012459 -0.0349978 -0.0372522 -0.0717836 -0.059706 -0.0544522 -0.0523169 
0.479984 0.488833 0.505835 0.502133 0.501327 0.485757 0.0180437 0.0271415 0.0277566 0.0285749 0.0245302 0.0244431 0.0305507 0.0247339 0.0231239 
0.819066 0.983934 0.975023 0.979563 0.922437 0.926673 -0.0627808 -0.0700242 -0.0944991 -0.0826608 -0.08174 -0.0698359 -0.0764233 -0.0881013 -0.0911925 
0.400503 0.686289 0.339864 0.512004 0.356836 0.534902 -0.262488 -0.255262 -0.110128 -0.2008 -0.19894 -0.263973 -0.117711 -0.145147 -0.190987 
0.702166 0.339864 0.686289 0.512004 0.690784 0.51791 -0.198876 -0.110128 -0.255262 -0.2008 -0.230975 -0.157267 -0.163417 -0.190987 -0.145147 
0.289039 0.342612 0.196058 0.275304 0.244659 0.316805 -7.92913e-05 -0.000150093 -5.74558e-05 -0.000100404 -7.12022e-05 -0.000111574 0.00723364 0.00825661 0.00839878 
-0.0782615 -0.11905 -0.116423 -0.130579 -0.0966796 -0.109066 0.0918701 0.0541733 0.109776 0.0860854 0.106874 0.0761597 -0.126512 -0.128405 -0.137837 
0.237184 0.109019 0.386736 0.238104 0.301448 0.172826 -0.00799831 -0.012459 -0.0635048 -0.0349978 -0.0318707 -0.0168651 -0.0434256 -0.0523169 -0.0544522 
0.304768 0.196058 0.342612 0.275304 0.324202 0.253411 -0.000155287 -5.74558e-05 -0.000150093 -0.000100404 -0.000157647 -0.000101177 0.00959166 0.00839878 0.00825661 
0.466354 0.497496 0.472766 0.488438 0.469643 0.486373 -0.000153299 -0.00013624 -9.89054e-05 -0.000118361 -0.000123008 -0.000148735 0.0067047 0.00600262 0.00528926 
0.783629 0.668915 0.757974 0.734834 0.774351 0.726409 -0.302544 -0.30012 -0.262988 -0.285129 -0.28984 -0.307825 -0.0899271 -0.0513281 -0.0476458 
0.542355 0.515782 0.502275 0.519661 0.524391 0.527787 -0.0210003 -0.0022204 0.0159589 0.00608954 0.000647524 -0.0122171 0.0208992 0.0273144 0.0165395 
0.499875 0.496773 0.490709 0.500023 0.496476 0.500383 0.0214311 0.0159021 0.0159466 0.0159666 0.018735 0.0187128 0.0206601 0.0195775 0.0199188 
0.500013 0.493574 0.493798 0.499999 0.498394 0.498447 0.00141341 0.000499358 0.000522098 0.000550904 0.000898481 0.000882856 0.0149607 0.0138391 0.0141061 
0.499654 0.472766 0.497496 0.488438 0.499756 0.494647 -9.3142e-05 -9.89054e-05 -0.00013624 -0.000118361 -0.000113489 -9.80884e-05 0.00481122 0.00528926 0.00600262 
0.498839 0.495813 0.491694 0.499827 0.496082 0.49977 -0.00017431 -0.000235251 -0.000236112 -0.0002289 -0.00020329 -0.00020108 0.00686976 0.00801512 0.00793422 
0.500005 0.493798 0.493574 0.499999 0.498351 0.498507 9.05158e-05 0.000522098 0.000499358 0.000550904 0.000273665 0.000279169 0.012987 0.0141061 0.0138391 
0.499985 0.490709 0.496773 0.500023 0.499633 0.497212 0.0113841 0.0159466 0.0159021 0.0159666 0.0135287 0.0135753 0.0188528 0.0199188 0.0195775 
0.508971 0.502275 0.515782 0.519661 0.51546 0.506588 0.0217679 0.0159589 -0.0022204 0.00608954 0.0117669 0.0186946 0.0215926 0.0165395 0.0273144 
4.93846e-34 -0.0340712 -0.0254027 -0.0338238 -0.00990559 -0.0115072 2.30222e-35 0.0289019 0.070468 0.0516494 0.0337601 0.0223716 -0.120579 -0.123143 -0.121809 
-0.0782615 -0.0254027 -0.0340712 -0.0338238 -0.0642564 -0.0503523 0.0918701 0.070468 0.0289019 0.0516494 0.0590368 0.082099 -0.126512 -0.121809 -0.123143 
4.98451e-34 -0.0254027 -0.0153999 -0.0300546 -0.00691512 -0.00666542 6.53135e-35 0.070468 0.126594 0.102096 0.0932696 0.0545815 -0.121184 -0.121809 -0.125095 
-0.0782615 -0.0153999 -0.0254027 -0.0300546 -0.0503523 -0.0466032 0.0918701 0.126594 0.070468 0.102096 0.082099 0.111622 -0.126512 -0.125095 -0.121809 
