0.411431 0.820839 7.43231e-34 0.532003 0.227607 0.646581 -0.0437385 -0.0236372 3.14381e-34 -0.0320029 -0.0271508 -0.0422447 -0.125725 -0.119489 -0.137535 
-0.0745045 -0.101788 0.0886522 -0.0222504 -0.0199101 -0.0873209 0.0405746 0.0491354 0.0186602 0.0425348 0.0404748 0.0452076 -0.120314 -0.122944 -0.121576 
0.597865 0.400431 0.633842 0.552442 0.615873 0.525906 0.155929 0.128478 0.151882 0.15069 0.155792 0.153874 -0.0187955 -0.0406915 -0.0267258 
0.5282 0.254271 0.610706 0.428001 0.56894 0.391346 -0.000332486 -0.0437367 -0.0270074 -0.0364226 -0.013322 -0.0254254 -0.0624747 -0.0632228 -0.0513794 
0.649959 0.480185 0.72656 0.636377 0.69314 0.576928 -0.179098 -0.128664 -0.226188 -0.186138 -0.203381 -0.160309 -0.042569 -0.0519125 -0.0439556 
0.137424 0.127043 0.634331 0.352474 0.357659 0.134415 0.00489837 -0.00835437 -0.12458 -0.0615683 -0.0545263 -0.00155038 -0.127497 -0.132911 -0.123833 
0.262345 0.209147 0.0393625 0.122749 0.139609 0.232568 0.107572 0.0731816 0.0372831 0.0587041 0.0751653 0.091914 -0.0144015 0.0069953 -0.00921975 
0.79009 0.428037 0.737951 0.615455 0.764615 0.650109 -0.249542 -0.170737 -0.253735 -0.229059 -0.253573 -0.228252 -0.081648 -0.0937193 -0.0674656 
0.876499 0.820839 0.411431 0.646581 0.694503 0.851179 -0.0454187 -0.0236372 -0.0437385 -0.0422447 -0.0454041 -0.0352541 -0.118241 -0.119489 -0.125725 
0.519178 0.125262 0.43596 0.287978 0.479607 0.32789 -0.177907 -0.059364 -0.110739 -0.094214 -0.144545 -0.125768 -0.00210388 0.0124221 0.0192255 
0.79009 0.564371 0.428037 0.494418 0.650109 0.706326 -0.249542 -0.180806 -0.170737 -0.176672 -0.228252 -0.228309 -0.081648 -0.112052 -0.0937193 
0.383499 0.308953 0.501 0.419483 0.446814 0.35144 0.0219717 0.0444213 0.0636434 0.0593323 0.043497 0.0335321 0.0167845 0.0191452 0.0103852 
0.463028 0.501 0.308953 0.419483 0.388749 0.485648 0.0943801 0.0636434 0.0444213 0.0593323 0.0711347 0.0793947 0.0104549 0.0103852 0.0191452 
0.5282 0.70244 0.458465 0.618429 0.491269 0.64491 -0.000332486 0.060299 0.0276323 0.0565355 0.0136846 0.0400526 -0.0624747 -0.0355162 -0.0678305 
0.597865 0.543077 0.559677 0.592602 0.579551 0.603979 0.155929 0.103305 0.146823 0.131263 0.152319 0.135088 -0.0187955 -0.0149953 -0.0100432 
0.574893 0.543077 0.544914 0.545376 0.566519 0.576433 0.121033 0.103305 0.078431 0.0922887 0.100241 0.115718 -0.006023 -0.0149953 -0.00778265 
0.544914 0.543077 0.463314 0.50243 0.512666 0.545376 0.078431 0.103305 0.0572179 0.0792352 0.0677683 0.0922887 -0.00778265 -0.0149953 -0.0144874 
0.664246 0.391395 0.54435 0.478484 0.615085 0.554746 0.00957617 0.0105914 0.0375484 0.0204313 0.0260933 0.00482053 -0.0101286 0.00536693 -0.00675588 
0.519178 0.43596 0.707063 0.623453 0.655427 0.479607 -0.177907 -0.110739 -0.17469 -0.147319 -0.18117 -0.144545 -0.00210388 0.0192255 -0.0178344 
-0.0135225 -0.0207448 -0.0360296 -0.0346574 -0.0279881 -0.0228761 0.0407605 0.0280263 0.0317797 0.0331145 0.0373521 0.0382793 -0.123144 -0.121387 -0.121045 
0.892968 0.77233 0.871294 0.876067 0.881315 0.882884 -0.136438 -0.12892 -0.160573 -0.160315 -0.149134 -0.144893 -0.0936326 -0.116075 -0.0893437 
0.564371 0.416569 0.171731 0.293026 0.362271 0.493913 -0.180806 -0.099462 -0.0760766 -0.0857793 -0.124269 -0.141559 -0.112052 -0.129323 -0.122173 
0.634331 0.871294 0.77233 0.876067 0.703862 0.845273 -0.12458 -0.160573 -0.12892 -0.160315 -0.129467 -0.172588 -0.123833 -0.0893437 -0.116075 
0.664246 0.54435 0.70244 0.670691 0.701276 0.615085 0.00957617 0.0375484 0.060299 0.0557506 0.0367546 0.0260933 -0.0101286 -0.00675588 -0.0355162 
0.262345 0.452916 0.209147 0.333384 0.232568 0.366194 0.107572 0.128073 0.0731816 0.105891 0.091914 0.124693 -0.0144015 0.001534 0.0069953 
0.763293 0.416569 0.564371 0.493913 0.670087 0.610609 -0.203505 -0.099462 -0.180806 -0.141559 -0.196238 -0.160923 -0.108127 -0.129323 -0.112052 
0.480797 0.30761 0.543077 0.44421 0.517854 0.394163 0.0833212 0.0344961 0.103305 0.0671429 0.0954223 0.0564349 -0.0161554 -0.0172113 -0.0149953 
0.262345 0.0814158 0.400431 0.23482 0.325644 0.169931 0.107572 0.0634123 0.128478 0.0949214 0.119734 0.0876783 -0.0144015 -0.0357937 -0.0406915 
0.649959 0.707063 0.511204 0.655748 0.583874 0.692741 -0.179098 -0.17469 -0.117485 -0.152916 -0.148004 -0.181336 -0.042569 -0.0178344 -0.0460316 
0.0928492 0.00869126 0.254271 0.121656 0.178426 0.0466898 -0.0328838 -0.0394616 -0.0437367 -0.0519934 -0.0438486 -0.0440021 -0.0717197 -0.0617949 -0.0632228 
0.185316 0.138262 0.480185 0.292068 0.315629 0.16155 -0.0298249 -0.0198323 -0.128664 -0.0635443 -0.0711405 -0.0241197 -0.0506894 -0.0544709 -0.0519125 
0.0928492 0.0361263 -0.0785478 -0.0434608 -0.01516 0.0614871 -0.0328838 0.00860749 -0.0193815 -0.0203403 -0.0336611 -0.014247 -0.0717197 -0.0712818 -0.0665045 
0.262345 0.0393625 0.0814158 0.0514181 0.169931 0.139609 0.107572 0.0372831 0.0634123 0.0526235 0.0876783 0.0751653 -0.0144015 -0.00921975 -0.0357937 
0.0928492 0.308358 0.0361263 0.167053 0.0614871 0.19473 -0.0328838 0.0221462 0.00860749 0.0104549 -0.014247 -0.012185 -0.0717197 -0.0738825 -0.0712818 
0.185316 0.083488 0.044472 0.062468 0.0953568 0.125278 -0.0298249 -0.0221835 -0.000628739 -0.00770355 -0.0089377 -0.02038 -0.0506894 -0.0505138 -0.0523987 
0.0928492 -0.0785478 0.00869126 -0.0364296 0.0466898 -0.01516 -0.0328838 -0.0193815 -0.0394616 -0.0330501 -0.0440021 -0.0336611 -0.0717197 -0.0665045 -0.0617949 
0.594765 0.328731 0.17406 0.257915 0.378681 0.460905 -0.124962 -0.0656684 -0.0238241 -0.0423973 -0.0623826 -0.0930486 -0.065869 -0.0597364 -0.0646063 
0.185316 0.044472 0.138262 0.0756012 0.16155 0.0953568 -0.0298249 -0.000628739 -0.0198323 -0.00486426 -0.0241197 -0.0089377 -0.0506894 -0.0523987 -0.0544709 
0.292406 0.0361263 0.308358 0.167053 0.297863 0.155611 0.0696499 0.00860749 0.0221462 0.0104549 0.0463999 0.0334698 -0.0634147 -0.0712818 -0.0738825 
0.185316 0.296503 0.083488 0.169835 0.125278 0.235565 -0.0298249 -0.0599339 -0.0221835 -0.0369447 -0.02038 -0.0475255 -0.0506894 -0.0487204 -0.0505138 
0.209463 0.083488 0.296503 0.169835 0.246575 0.136482 -0.0499695 -0.0221835 -0.0599339 -0.0369447 -0.052508 -0.0402648 -0.0532223 -0.0505138 -0.0487204 
0.34667 0.441139 0.478597 0.459152 0.421037 0.398996 -0.0190005 -0.0255742 -0.0187974 -0.0237916 -0.0206099 -0.0229666 -0.00413033 -0.00102889 -0.00225991 
0.504999 0.478597 0.441139 0.459152 0.481227 0.495443 -0.0233616 -0.0187974 -0.0255742 -0.0237916 -0.0254305 -0.0216257 0.000516374 -0.00225991 -0.00102889 
0.594765 0.730905 0.328731 0.548137 0.460905 0.675522 -0.124962 -0.192345 -0.0656684 -0.129726 -0.0930486 -0.160834 -0.065869 -0.0671462 -0.0597364 
0.541768 0.328731 0.730905 0.548137 0.640115 0.443019 -0.142912 -0.0656684 -0.192345 -0.129726 -0.168838 -0.105626 -0.0572477 -0.0597364 -0.0671462 
0.519178 0.632492 0.205588 0.435058 0.372898 0.574573 -0.177907 -0.235921 -0.118329 -0.184234 -0.156435 -0.208755 -0.00210388 -0.0415136 -0.0260265 
0.700863 0.583982 0.704862 0.686935 0.707615 0.665608 -0.10707 -0.0424603 -0.048515 -0.0447849 -0.0759789 -0.0707549 -0.0119309 0.0076476 -0.0282793 
0.664246 0.704862 0.583982 0.686935 0.633495 0.703471 0.00957617 -0.048515 -0.0424603 -0.0447849 -0.0168822 -0.0140592 -0.0101286 -0.0282793 0.0076476 
0.669862 0.482064 0.644046 0.587237 0.658187 0.598899 0.100818 0.0702182 0.129669 0.101968 0.118193 0.093567 -0.0241428 -0.0143872 -0.0229855 
0.480797 0.644046 0.482064 0.587237 0.483258 0.578929 0.0833212 0.129669 0.0702182 0.101968 0.079272 0.110529 -0.0161554 -0.0229855 -0.0143872 
0.59941 0.633842 0.400431 0.552442 0.507478 0.623249 0.139368 0.151882 0.128478 0.15069 0.137432 0.148695 -0.0399966 -0.0267258 -0.0406915 
0.594765 0.483721 0.871294 0.731057 0.763383 0.544786 -0.124962 -0.0743982 -0.160573 -0.129339 -0.151891 -0.0995188 -0.065869 -0.0702866 -0.0893437 
0.517681 0.610706 0.254271 0.428001 0.37777 0.565001 -0.0556491 -0.0270074 -0.0437367 -0.0364226 -0.0452342 -0.0429486 -0.0513077 -0.0513794 -0.0632228 
0.463028 0.452916 0.549693 0.519492 0.516088 0.458759 0.0943801 0.128073 0.0976847 0.117347 0.0976839 0.111404 0.0104549 0.001534 0.00149637 
0.747229 0.72656 0.480185 0.636377 0.645404 0.737405 -0.238707 -0.226188 -0.128664 -0.186138 -0.188863 -0.233599 -0.0526809 -0.0439556 -0.0519125 
2.02538e-34 0.167761 0.235064 0.201113 0.112526 0.0770046 3.88386e-35 -0.00688401 -0.00894458 -0.00850922 -0.0031691 -0.00213646 -0.0090939 -0.00521019 -0.0086826 
0.574893 0.549693 0.452916 0.519492 0.537801 0.562278 0.121033 0.0976847 0.128073 0.117347 0.130413 0.109906 -0.006023 0.00149637 0.001534 
1.16045e-34 3.25153e-34 0.257873 0.146985 0.145706 -1.12353e-34 4.29417e-35 7.07516e-35 -0.00550252 -0.0013911 -0.000863177 1.16333e-34 0.00894178 0.0144923 0.00906516 
0.257873 3.25153e-34 0.339885 0.204525 0.30344 0.146985 -0.00550252 7.07516e-35 0.00156327 -0.00043081 -0.00361263 -0.0013911 0.00906516 0.0144923 0.0131304 
0.700863 0.635122 0.707063 0.687718 0.702507 0.691939 -0.10707 -0.092194 -0.17469 -0.131028 -0.139377 -0.0989017 -0.0119309 -0.0400808 -0.0178344 
0.480797 0.212887 0.30761 0.264363 0.394163 0.356534 0.0833212 0.0195947 0.0344961 0.0290891 0.0564349 0.0471738 -0.0161554 -0.0154697 -0.0172113 
0.565104 0.707063 0.635122 0.687718 0.600899 0.672917 -0.108374 -0.17469 -0.092194 -0.131028 -0.102699 -0.142973 -0.0439589 -0.0178344 -0.0400808 
0.570802 0.458465 0.70244 0.618429 0.654287 0.517476 0.0795761 0.0276323 0.060299 0.0565355 0.0774268 0.0549726 -0.058806 -0.0678305 -0.0355162 
0.574893 0.559677 0.543077 0.592602 0.576433 0.572249 0.121033 0.146823 0.103305 0.131263 0.115718 0.13548 -0.006023 -0.0100432 -0.0149953 
-0.0360296 -0.0207448 -0.035193 -0.0293156 -0.0411868 -0.0346574 0.0317797 0.0280263 0.0203651 0.0238156 0.0277437 0.0331145 -0.121045 -0.121387 -0.120843 
8.33593e-34 0.844157 0.8435 0.843955 0.512024 0.511528 -3.22352e-34 -0.00232704 -0.00460916 -0.00325413 -0.00171989 -0.0012183 -0.0651704 -0.0602697 -0.0733093 
0.594765 0.17406 0.483721 0.318656 0.544786 0.378681 -0.124962 -0.0238241 -0.0743982 -0.0438677 -0.0995188 -0.0623826 -0.065869 -0.0646063 -0.0702866 
0.209147 0.0702614 0.0393625 0.0546747 0.122749 0.137085 0.0731816 0.0228654 0.0372831 0.0304292 0.0587041 0.0502997 0.0069953 0.00814416 -0.00921975 
0.480797 0.482064 0.212887 0.347314 0.356534 0.483258 0.0833212 0.0702182 0.0195947 0.0421874 0.0471738 0.079272 -0.0161554 -0.0143872 -0.0154697 
0.5282 0.297177 0.254271 0.27531 0.391346 0.414664 -0.000332486 -0.0154188 -0.0437367 -0.0318561 -0.0254254 -0.00699752 -0.0624747 -0.0710466 -0.0632228 
0.649959 0.398431 0.480185 0.437114 0.576928 0.539708 -0.179098 -0.093965 -0.128664 -0.11031 -0.160309 -0.140521 -0.042569 -0.0492945 -0.0519125 
0.597865 0.46043 0.400431 0.430793 0.525906 0.540453 0.155929 0.145629 0.128478 0.140082 0.153874 0.155764 -0.0187955 -0.016351 -0.0406915 
0.664246 0.583982 0.391395 0.504104 0.554746 0.633495 0.00957617 -0.0424603 0.0105914 -0.0136314 0.00482053 -0.0168822 -0.0101286 0.0076476 0.00536693 
1.63478e-34 0.233377 0.167761 0.200933 0.0858607 0.119986 3.77135e-36 -0.0114705 -0.00688401 -0.00945897 -0.00203992 -0.00394188 -0.00200785 -0.00253864 -0.00521019 
0.565104 0.511204 0.707063 0.655748 0.672917 0.537225 -0.108374 -0.117485 -0.17469 -0.152916 -0.142973 -0.113468 -0.0439589 -0.0460316 -0.0178344 
0.463028 0.321302 0.452916 0.385883 0.458759 0.396956 0.0943801 0.0779846 0.128073 0.104883 0.111404 0.0892587 0.0104549 0.0140794 0.001534 
0.209147 0.452916 0.321302 0.385883 0.268888 0.333384 0.0731816 0.128073 0.0779846 0.104883 0.0780599 0.105891 0.0069953 0.001534 0.0140794 
0.34667 0.411789 0.235064 0.328834 0.293564 0.377452 -0.0190005 -0.00887551 -0.00894458 -0.0106016 -0.0139885 -0.0158856 -0.00413033 -0.00739252 -0.0086826 
0.519178 0.205588 0.125262 0.161695 0.32789 0.372898 -0.177907 -0.118329 -0.059364 -0.0920802 -0.125768 -0.156435 -0.00210388 -0.0260265 0.0124221 
0.137424 0.634331 0.405532 0.523005 0.255271 0.357659 0.00489837 -0.12458 -0.0589659 -0.0884439 -0.025071 -0.0545263 -0.127497 -0.123833 -0.12361 
2.02538e-34 6.51633e-35 0.167761 0.0799282 0.0770046 -7.06994e-35 3.88386e-35 2.25994e-35 -0.00688401 -0.00158242 -0.00213646 7.07474e-35 -0.0090939 -0.00487703 -0.00521019 
-0.0360296 -0.0487295 -0.0345122 -0.059819 -0.0366591 -0.0510995 0.0317797 0.0170078 0.031641 0.0295634 0.031045 0.0270236 -0.121045 -0.120503 -0.120065 
0.43596 0.125262 0.164288 0.148955 0.298773 0.287978 -0.110739 -0.059364 -0.0324846 -0.0467432 -0.0753069 -0.094214 0.0192255 0.0124221 0.0265808 
0.525969 0.737951 0.428037 0.615455 0.477 0.646582 -0.210381 -0.253735 -0.170737 -0.229059 -0.191699 -0.23965 -0.0678512 -0.0674656 -0.0937193 
0.300898 0.235064 0.411789 0.328834 0.360349 0.264966 0.000129771 -0.00894458 -0.00887551 -0.0106016 -0.00412359 -0.00562469 -0.0127951 -0.0086826 -0.00739252 
0.0708469 0.14969 -0.0345122 0.024607 0.00166353 0.103177 0.0142274 -0.0049318 0.031641 0.0215111 0.0265061 0.00477925 -0.118667 -0.120666 -0.120065 
0.669862 0.653395 0.70244 0.680178 0.691408 0.681596 0.100818 0.119072 0.060299 0.0934126 0.0837141 0.116559 -0.0241428 -0.0443663 -0.0355162 
0.700863 0.707063 0.593278 0.668866 0.665308 0.702507 -0.10707 -0.17469 -0.0955833 -0.135485 -0.101815 -0.139377 -0.0119309 -0.0178344 0.0114575 
0.570802 0.70244 0.653395 0.680178 0.619382 0.654287 0.0795761 0.060299 0.119072 0.0934126 0.103696 0.0774268 -0.058806 -0.0355162 -0.0443663 
0.30761 0.319836 0.543077 0.440728 0.44421 0.312851 0.0344961 0.0270591 0.103305 0.0610848 0.0671429 0.031812 -0.0172113 -0.0170311 -0.0149953 
-0.101788 -0.0645681 0.0886522 0.0182891 -0.0222504 -0.0881953 0.0491354 0.0460008 0.0186602 0.0368718 0.0425348 0.0505268 -0.122944 -0.127178 -0.121576 
0.997452 0.994071 0.770784 0.92879 0.930805 0.996941 -0.0200251 -0.0320915 -0.0200677 -0.0281327 -0.0240395 -0.0272667 -0.0967674 -0.104133 -0.0962026 
0.0814158 0.117628 0.400431 0.257131 0.23482 0.0932923 0.0634123 0.052447 0.128478 0.0885856 0.0949214 0.0589333 -0.0357937 -0.0571075 -0.0406915 
0.463314 0.543077 0.319836 0.440728 0.397947 0.50243 0.0572179 0.103305 0.0270591 0.0610848 0.0426236 0.0792352 -0.0144874 -0.0149953 -0.0170311 
0.43596 0.593278 0.707063 0.668866 0.623453 0.524577 -0.110739 -0.0955833 -0.17469 -0.135485 -0.147319 -0.104834 0.0192255 0.0114575 -0.0178344 
0.00869126 0.0822333 0.254271 0.158681 0.121656 0.0471592 -0.0394616 -0.0428903 -0.0437367 -0.0553748 -0.0519934 -0.0422372 -0.0617949 -0.0551738 -0.0632228 
0.138262 0.285922 0.480185 0.38651 0.292068 0.202055 -0.0198323 -0.0617117 -0.128664 -0.0941432 -0.0635443 -0.0379802 -0.0544709 -0.0563469 -0.0519125 
0.440016 0.411779 0.31131 0.366825 0.386209 0.427393 -0.0109709 -0.0165257 -0.0100995 -0.0133983 -0.0117569 -0.0148747 0.00718007 0.00255332 0.00528609 
0.292406 0.400431 0.117628 0.257131 0.202927 0.34501 0.0696499 0.128478 0.052447 0.0885856 0.059439 0.102754 -0.0634147 -0.0406915 -0.0571075 
0.209463 0.254271 0.0822333 0.158681 0.141884 0.232954 -0.0499695 -0.0437367 -0.0428903 -0.0553748 -0.0474436 -0.0542425 -0.0532223 -0.0632228 -0.0551738 
0.541768 0.480185 0.285922 0.38651 0.412857 0.510596 -0.142912 -0.128664 -0.0617117 -0.0941432 -0.0992324 -0.139442 -0.0572477 -0.0519125 -0.0563469 
0.54435 0.391395 0.292535 0.348638 0.434497 0.478484 0.0375484 0.0105914 0.0124211 0.0111977 0.0252313 0.0204313 -0.00675588 0.00536693 -0.00363585 
0.34667 0.233377 0.347024 0.293241 0.346502 0.292513 -0.0190005 -0.0114705 -0.0190351 -0.015382 -0.0195312 -0.015701 -0.00413033 -0.00253864 -0.000945005 
0.634331 0.127043 0.416569 0.268703 0.522312 0.352474 -0.12458 -0.00835437 -0.099462 -0.0513669 -0.111562 -0.0615683 -0.123833 -0.132911 -0.129323 
0.400224 0.14969 0.0708469 0.103177 0.19989 0.269424 -0.0446023 -0.0049318 0.0142274 0.00477925 -0.0126668 -0.02409 -0.118106 -0.120666 -0.118667 
-2.41103e-35 -3.7627e-35 -0.0487295 -0.0260069 -0.019045 3.04126e-35 6.0432e-34 6.08398e-34 0.0170078 0.00450977 0.00301883 1.19388e-33 -0.121114 -0.121579 -0.120503 
0.440016 0.487663 0.411779 0.457738 0.427393 0.468411 -0.0109709 -0.021636 -0.0165257 -0.01953 -0.0148747 -0.0169777 0.00718007 0.0022294 0.00255332 
0.34667 0.347024 0.441139 0.398023 0.398996 0.346502 -0.0190005 -0.0190351 -0.0255742 -0.0230363 -0.0229666 -0.0195312 -0.00413033 -0.000945005 -0.00102889 
0.669862 0.70244 0.586677 0.673855 0.639156 0.691408 0.100818 0.060299 0.0736836 0.0752436 0.0893468 0.0837141 -0.0241428 -0.0355162 -0.0134875 
0.5282 0.697784 0.70244 0.69975 0.64491 0.633977 -0.000332486 0.00726942 0.060299 0.0371714 0.0400526 0.0114082 -0.0624747 -0.0366141 -0.0355162 
0.54435 0.586677 0.70244 0.673855 0.670691 0.569453 0.0375484 0.0736836 0.060299 0.0752436 0.0557506 0.0568501 -0.00675588 -0.0134875 -0.0355162 
-0.0745045 -0.0345122 -0.0487295 -0.059819 -0.0709902 -0.0546994 0.0405746 0.031641 0.0170078 0.0295634 0.0280613 0.0353411 -0.120314 -0.120065 -0.120503 
0.137424 0.0886522 -0.0645681 0.0182891 0.0320391 0.117156 0.00489837 0.0186602 0.0460008 0.0368718 0.0330563 0.0142322 -0.127497 -0.121576 -0.127178 
6.51633e-35 1.63478e-34 0.167761 0.0858607 0.0799282 -7.15635e-35 2.25994e-35 3.77135e-36 -0.00688401 -0.00203992 -0.00158242 3.5665e-35 -0.00487703 -0.00200785 -0.00521019 
0.597865 0.603411 0.543077 0.57445 0.603979 0.621306 0.155929 0.128324 0.103305 0.11856 0.135088 0.146079 -0.0187955 -0.0183592 -0.0149953 
0.483721 0.699522 0.871294 0.812757 0.731057 0.595355 -0.0743982 -0.101315 -0.160573 -0.13517 -0.129339 -0.0891223 -0.0702866 -0.078764 -0.0893437 
5.75302e-34 8.33593e-34 0.8435 0.512024 0.508764 -6.19661e-34 -3.73947e-34 -3.22352e-34 -0.00460916 -0.00171989 -0.00223915 -6.89912e-34 -0.0756864 -0.0651704 -0.0733093 
0.892968 0.871294 0.699522 0.812757 0.822916 0.881315 -0.136438 -0.160573 -0.101315 -0.13517 -0.124786 -0.149134 -0.0936326 -0.0893437 -0.078764 
0.205588 0.632492 0.237678 0.452762 0.215857 0.435058 -0.118329 -0.235921 -0.134941 -0.192364 -0.126955 -0.184234 -0.0260265 -0.0415136 -0.0604538 
-0.0745045 -0.0872643 -0.101788 -0.114695 -0.0873209 -0.096003 0.0405746 0.0178477 0.0491354 0.0375203 0.0452076 0.0341444 -0.120314 -0.122332 -0.122944 
0.328731 0.0711141 0.17406 0.115417 0.257915 0.181598 -0.0656684 -0.00811752 -0.0238241 -0.0144789 -0.0423973 -0.0291185 -0.0597364 -0.0609571 -0.0646063 
0.083488 0.0229049 0.044472 0.0330701 0.062468 0.0425614 -0.0221835 -0.00255417 -0.000628739 -0.00187139 -0.00770355 -0.00931833 -0.0505138 -0.0525583 -0.0523987 
0.0361263 -0.103457 -0.0785478 -0.0894397 -0.0434608 -0.0656543 0.00860749 -0.00949336 -0.0193815 -0.0141455 -0.0203403 -0.0124477 -0.0712818 -0.064637 -0.0665045 
0.138262 0.044472 0.0319776 0.0370219 0.0750097 0.0756012 -0.0198323 -0.000628739 -0.000670697 -0.000428891 -0.00668274 -0.00486426 -0.0544709 -0.0523987 -0.0550266 
0.00869126 -0.0785478 -0.0330329 -0.0547813 -0.0308457 -0.0364296 -0.0394616 -0.0193815 -0.0142046 -0.0170574 -0.0294156 -0.0330501 -0.0617949 -0.0665045 -0.0608858 
0.0814158 0.0393625 -0.0570096 -0.018223 -0.00243755 0.0514181 0.0634123 0.0372831 0.0145535 0.0252836 0.036507 0.0526235 -0.0357937 -0.00921975 -0.0316932 
0.714873 0.997452 0.770784 0.930805 0.74461 0.91729 -0.0102639 -0.0200251 -0.0200677 -0.0240395 -0.0142807 -0.0166993 -0.0883519 -0.0967674 -0.0962026 
0.541768 0.730905 0.750702 0.745419 0.666103 0.640115 -0.142912 -0.192345 -0.229353 -0.214018 -0.189311 -0.168838 -0.0572477 -0.0671462 -0.0618443 
0.209463 0.296503 0.415434 0.352813 0.305569 0.246575 -0.0499695 -0.0599339 -0.0692932 -0.0690608 -0.0585919 -0.052508 -0.0532223 -0.0487204 -0.0511663 
0.79009 0.750702 0.730905 0.745419 0.804725 0.791866 -0.249542 -0.229353 -0.192345 -0.214018 -0.234764 -0.248959 -0.081648 -0.0618443 -0.0671462 
0.292406 0.308358 0.499996 0.405312 0.399277 0.297863 0.0696499 0.0221462 0.0995933 0.0641235 0.0882104 0.0463999 -0.0634147 -0.0738825 -0.0576582 
0.565104 0.415434 0.296503 0.352813 0.428641 0.488554 -0.108374 -0.0692932 -0.0599339 -0.0690608 -0.0906433 -0.0878087 -0.0439589 -0.0511663 -0.0487204 
0.570802 0.499996 0.308358 0.405312 0.440861 0.53563 0.0795761 0.0995933 0.0221462 0.0641235 0.05165 0.090155 -0.058806 -0.0576582 -0.0738825 
0.541768 0.750702 0.480185 0.633663 0.510596 0.666103 -0.142912 -0.229353 -0.128664 -0.183221 -0.139442 -0.189311 -0.0572477 -0.0618443 -0.0519125 
0.209463 0.415434 0.254271 0.328317 0.232954 0.305569 -0.0499695 -0.0692932 -0.0437367 -0.0528366 -0.0542425 -0.0585919 -0.0532223 -0.0511663 -0.0632228 
0.292406 0.499996 0.400431 0.447069 0.34501 0.399277 0.0696499 0.0995933 0.128478 0.118719 0.102754 0.0882104 -0.0634147 -0.0576582 -0.0406915 
0.747229 0.480185 0.750702 0.633663 0.751051 0.645404 -0.238707 -0.128664 -0.229353 -0.183221 -0.235245 -0.188863 -0.0526809 -0.0519125 -0.0618443 
0.517681 0.254271 0.415434 0.328317 0.466657 0.37777 -0.0556491 -0.0437367 -0.0692932 -0.0528366 -0.0643981 -0.0452342 -0.0513077 -0.0632228 -0.0511663 
0.59941 0.400431 0.499996 0.447069 0.554166 0.507478 0.139368 0.128478 0.0995933 0.118719 0.124135 0.137432 -0.0399966 -0.0406915 -0.0576582 
-0.0169888 -0.035193 -0.0207448 -0.0293156 -0.0199924 -0.0258015 0.0129921 0.0203651 0.0280263 0.0238156 0.0202107 0.0167913 -0.120776 -0.120843 -0.121387 
2.40267e-34 0.257873 0.31131 0.286097 0.178159 0.141628 1.61814e-35 -0.00550252 -0.0100995 -0.00796606 -0.00315665 -0.00133639 0.00433093 0.00906516 0.00528609 
5.18605e-34 7.24492e-34 0.826708 0.511074 0.50467 -5.02824e-34 4.44639e-34 5.17521e-34 -0.0131605 -0.00702847 -0.00459469 9.85456e-34 -0.0944322 -0.112502 -0.102138 
0.649959 0.706979 0.707063 0.707748 0.692741 0.712948 -0.179098 -0.21855 -0.17469 -0.196563 -0.181336 -0.205049 -0.042569 -0.0247081 -0.0178344 
0.843685 0.917373 0.661737 0.861746 0.758219 0.911876 -0.0828755 -0.119144 -0.073511 -0.107815 -0.080682 -0.106216 -0.0923151 -0.103176 -0.0814394 
0.892968 0.661737 0.917373 0.861746 0.910781 0.81532 -0.136438 -0.073511 -0.119144 -0.107815 -0.129367 -0.111181 -0.0936326 -0.0814394 -0.103176 
0.989514 0.8435 0.844157 0.843955 0.978389 0.978229 -0.00427537 -0.00460916 -0.00232704 -0.00325413 -0.00400367 -0.00570332 -0.0694628 -0.0733093 -0.0602697 
0.0159132 0.171731 0.416569 0.293026 0.214158 0.0905097 -0.00285098 -0.0760766 -0.099462 -0.0857793 -0.0492822 -0.0385133 -0.132917 -0.122173 -0.129323 
0.292406 0.117628 0.0361263 0.0720242 0.155611 0.202927 0.0696499 0.052447 0.00860749 0.0296948 0.0334698 0.059439 -0.0634147 -0.0571075 -0.0712818 
0.209463 0.0822333 0.083488 0.0821789 0.136482 0.141884 -0.0499695 -0.0428903 -0.0221835 -0.0350054 -0.0402648 -0.0474436 -0.0532223 -0.0551738 -0.0505138 
0.541768 0.285922 0.328731 0.30839 0.443019 0.412857 -0.142912 -0.0617117 -0.0656684 -0.0647906 -0.105626 -0.0992324 -0.0572477 -0.0563469 -0.0597364 
0.525969 0.237678 0.632492 0.452762 0.583856 0.385352 -0.210381 -0.134941 -0.235921 -0.192364 -0.228933 -0.173179 -0.0678512 -0.0604538 -0.0415136 
0.30761 0.212887 0.120239 0.162924 0.21262 0.264363 0.0344961 0.0195947 0.0070724 0.0117898 0.0193186 0.0290891 -0.0172113 -0.0154697 -0.0170862 
0.463028 0.308953 0.321302 0.317063 0.396956 0.388749 0.0943801 0.0444213 0.0779846 0.0607649 0.0892587 0.0711347 0.0104549 0.0191452 0.0140794 
0.517566 0.411789 0.478597 0.449522 0.498966 0.477685 0.00826277 -0.00887551 -0.0187974 -0.0147528 -0.00782023 -0.00262177 -0.000457507 -0.00739252 -0.00225991 
0.517566 0.478597 0.512269 0.509666 0.519323 0.498966 0.00826277 -0.0187974 -0.00605149 -0.0129728 0.000124836 -0.00782023 -0.000457507 -0.00225991 0.00410953 
0.483721 0.17406 0.151592 0.166654 0.309001 0.318656 -0.0743982 -0.0238241 -0.0133487 -0.0181663 -0.037142 -0.0438677 -0.0702866 -0.0646063 -0.0705227 
0.482064 0.195058 0.212887 0.206114 0.347314 0.348599 0.0702182 0.0136674 0.0195947 0.0177165 0.0421874 0.0389159 -0.0143872 -0.0130115 -0.0154697 
0.876499 0.988904 0.820839 0.954972 0.851179 0.965101 -0.0454187 -0.0425326 -0.0236372 -0.042076 -0.0352541 -0.0500633 -0.118241 -0.10709 -0.119489 
8.33593e-34 6.59125e-34 0.844157 0.513032 0.511528 -6.15617e-34 -3.22352e-34 -2.66956e-34 -0.00232704 -0.00086409 -0.0012183 -5.85139e-34 -0.0651704 -0.0542286 -0.0602697 
-2.12792e-34 -0.215645 -0.146288 -0.188991 -0.166034 -0.141985 6.57248e-34 0.0203529 0.0395539 0.0322656 0.0266988 0.0160698 -0.1258 -0.125775 -0.12865 
0.383499 0.220281 0.308953 0.271699 0.35144 0.31096 0.0219717 0.0112848 0.0444213 0.0264488 0.0335321 0.0202089 0.0167845 0.0189872 0.0191452 
0.536378 0.400224 0.819279 0.627114 0.695654 0.465118 -0.0551449 -0.0446023 -0.0923157 -0.0714689 -0.0739779 -0.0497801 -0.118653 -0.118106 -0.1132 
0.669862 0.586677 0.482064 0.53875 0.598899 0.639156 0.100818 0.0736836 0.0702182 0.0747448 0.093567 0.0893468 -0.0241428 -0.0134875 -0.0143872 
0.892902 0.536378 0.819279 0.695654 0.856098 0.753608 -0.0824808 -0.0551449 -0.0923157 -0.0739779 -0.0880186 -0.0734907 -0.112071 -0.118653 -0.1132 
0.79009 0.829317 0.564371 0.742514 0.706326 0.809984 -0.249542 -0.233959 -0.180806 -0.223879 -0.228309 -0.2445 -0.081648 -0.0885575 -0.112052 
0.763293 0.564371 0.829317 0.742514 0.809921 0.670087 -0.203505 -0.180806 -0.233959 -0.223879 -0.224982 -0.196238 -0.108127 -0.112052 -0.0885575 
-0.0360296 -0.035193 -0.0487295 -0.0426589 -0.0510995 -0.0411868 0.0317797 0.0203651 0.0170078 0.0189833 0.0270236 0.0277437 -0.121045 -0.120843 -0.120503 
6.32981e-34 4.59487e-34 0.714873 0.407474 0.400586 -3.26941e-34 -4.60452e-34 -4.20693e-34 -0.0102639 -0.00298258 -0.00397714 -8.66611e-34 -0.0918038 -0.085054 -0.0883519 
0.583982 0.294949 0.391395 0.348186 0.504104 0.455967 -0.0424603 -0.00485125 0.0105914 -0.000388849 -0.0136314 -0.0254461 0.0076476 0.0162691 0.00536693 
0.700863 0.593278 0.583982 0.592314 0.665608 0.665308 -0.10707 -0.0955833 -0.0424603 -0.0677961 -0.0707549 -0.101815 -0.0119309 0.0114575 0.0076476 
0.59941 0.653395 0.644046 0.666836 0.65064 0.62676 0.139368 0.119072 0.129669 0.13495 0.143863 0.129831 -0.0399966 -0.0443663 -0.0229855 
0.669862 0.644046 0.653395 0.666836 0.681596 0.658187 0.100818 0.129669 0.119072 0.13495 0.116559 0.118193 -0.0241428 -0.0229855 -0.0443663 
0.205588 -0.0624194 0.125262 0.0215571 0.161695 0.0509917 -0.118329 -0.0325026 -0.059364 -0.0468619 -0.0920802 -0.077597 -0.0260265 -0.0170355 0.0124221 
0.300898 0.233361 0.126548 0.177546 0.215183 0.26758 0.000129771 0.00947421 0.000417299 0.00379819 0.00127899 0.00613915 -0.0127951 -0.0158585 -0.0141019 
0.95692 0.706633 0.979681 0.906088 0.971984 0.926876 -0.0665301 -0.0354672 -0.0549904 -0.0497498 -0.0612767 -0.0564523 -0.110587 -0.0974682 -0.10896 
0.53989 0.544914 0.425947 0.494375 0.49993 0.542255 0.0558679 0.078431 0.0307804 0.0522279 0.0434328 0.0672051 -0.0031365 -0.00778265 -0.0134049 
0.440016 0.31131 0.257873 0.286097 0.36648 0.386209 -0.0109709 -0.0100995 -0.00550252 -0.00796606 -0.0084352 -0.0117569 0.00718007 0.00528609 0.00906516 
0.498982 0.431583 0.487663 0.46429 0.49483 0.476269 -0.0245408 -0.0185567 -0.021636 -0.0206008 -0.0234956 -0.0212835 -0.000103886 -6.65235e-05 0.0022294 
0.384586 0.481087 0.441139 0.463757 0.414141 0.441588 -0.0198472 -0.0260439 -0.0255742 -0.0260382 -0.0229936 -0.0232987 0.000170835 0.000101093 -0.00102889 
0.517681 0.635122 0.704862 0.67509 0.63956 0.577321 -0.0556491 -0.092194 -0.048515 -0.0691688 -0.0502317 -0.07358 -0.0513077 -0.0400808 -0.0282793 
0.700863 0.704862 0.635122 0.67509 0.691939 0.707615 -0.10707 -0.048515 -0.092194 -0.0691688 -0.0989017 -0.0759789 -0.0119309 -0.0282793 -0.0400808 
0.517566 0.512269 0.50783 0.51178 0.524812 0.519323 0.00826277 -0.00605149 0.0280578 0.00819884 0.0170084 0.000124836 -0.000457507 0.00410953 0.00824131 
2.40267e-34 1.16045e-34 0.257873 0.145706 0.141628 -1.12045e-34 1.61814e-35 4.29417e-35 -0.00550252 -0.000863177 -0.00133639 6.63565e-35 0.00433093 0.00894178 0.00906516 
6.32981e-34 0.714873 0.770784 0.74461 0.446286 0.400586 -4.60452e-34 -0.0102639 -0.0200677 -0.0142807 -0.0067239 -0.00397714 -0.0918038 -0.0883519 -0.0962026 
-0.0745045 -0.0487295 -0.0561133 -0.0538921 -0.0824515 -0.0709902 0.0405746 0.0170078 0.0125828 0.0146673 0.0276834 0.0280613 -0.120314 -0.120503 -0.121382 
-3.7627e-35 -0.0561133 -0.0487295 -0.0538921 -0.0260069 -0.0226597 6.08398e-34 0.0125828 0.0170078 0.0146673 0.00450977 0.00307022 -0.121579 -0.121382 -0.120503 
0.34667 0.235064 0.167761 0.201113 0.262919 0.293564 -0.0190005 -0.00894458 -0.00688401 -0.00850922 -0.013395 -0.0139885 -0.00413033 -0.0086826 -0.00521019 
0.53989 0.425947 0.481703 0.456276 0.515402 0.49993 0.0558679 0.0307804 0.0197201 0.0253894 0.0361129 0.0434328 -0.0031365 -0.0134049 -0.0077044 
0.997452 0.820839 0.994071 0.960692 0.996941 0.964279 -0.0200251 -0.0236372 -0.0320915 -0.0362725 -0.0272667 -0.0289623 -0.0967674 -0.119489 -0.104133 
0.34667 0.167761 0.233377 0.200933 0.292513 0.262919 -0.0190005 -0.00688401 -0.0114705 -0.00945897 -0.015701 -0.013395 -0.00413033 -0.00521019 -0.00253864 
0.747229 0.737951 0.632492 0.684587 0.734427 0.761826 -0.238707 -0.253735 -0.235921 -0.247565 -0.249217 -0.254078 -0.0526809 -0.0674656 -0.0415136 
0.525969 0.632492 0.737951 0.684587 0.646582 0.583856 -0.210381 -0.235921 -0.253735 -0.247565 -0.23965 -0.228933 -0.0678512 -0.0415136 -0.0674656 
0.440016 0.257873 0.339885 0.30344 0.396835 0.36648 -0.0109709 -0.00550252 0.00156327 -0.00361263 -0.00393728 -0.0084352 0.00718007 0.00906516 0.0131304 
0.512269 0.460658 0.50783 0.485333 0.51178 0.495077 -0.00605149 0.00702243 0.0280578 0.0167982 0.00819884 0.00130428 0.00410953 0.0105667 0.00824131 
2.559e-34 0.164675 0.308953 0.240785 0.17992 0.0969061 1.27295e-34 0.0295943 0.0444213 0.040672 0.0173299 0.00884945 0.0201018 0.0168259 0.0191452 
2.40267e-34 0.31131 0.207034 0.262309 0.113397 0.178159 1.61814e-35 -0.0100995 -0.00468294 -0.00728114 -0.00167618 -0.00315665 0.00433093 0.00528609 0.00265158 
2.559e-34 0.308953 0.220281 0.271699 0.116646 0.17992 1.27295e-34 0.0444213 0.0112848 0.0264488 0.00594299 0.0173299 0.0201018 0.0191452 0.0189872 
-2.41103e-35 -0.0487295 -0.0158913 -0.0310465 -0.00865036 -0.019045 6.0432e-34 0.0170078 0.0057286 0.0103487 0.00132259 0.00301883 -0.121114 -0.120503 -0.12089 
2.02538e-34 0.235064 0.143245 0.189047 0.0660689 0.112526 3.88386e-35 -0.00894458 -0.00208101 -0.00467398 -0.0010415 -0.0031691 -0.0090939 -0.0086826 -0.0119393 
0.95692 0.956263 0.706633 0.883348 0.926876 0.963231 -0.0665301 -0.0707774 -0.0354672 -0.0572085 -0.0564523 -0.0690322 -0.110587 -0.105339 -0.0974682 
0.440016 0.339885 0.460658 0.408627 0.451701 0.396835 -0.0109709 0.00156327 0.00702243 0.00443249 -0.00397473 -0.00393728 0.00718007 0.0131304 0.0105667 
5.18605e-34 0.826708 0.700518 0.768038 0.405368 0.50467 4.44639e-34 -0.0131605 -0.00616963 -0.0085197 -0.00224669 -0.00459469 -0.0944322 -0.102138 -0.0915481 
0.75 1 0.937246 0.98426 0.859231 0.9375 -3.11685e-37 -4.75542e-37 -0.00072881 -0.000630837 -0.000475061 -9.22838e-37 -0.0311447 -0.0318045 -0.0414995 
4.93264e-34 0.406986 0.661737 0.544067 0.30041 0.172559 -4.39631e-34 -0.0304366 -0.073511 -0.0493489 -0.0227995 -0.01013 -0.0808889 -0.0851133 -0.0814394 
0.826708 0.820839 0.997452 0.964279 0.964666 0.824169 -0.0131605 -0.0236372 -0.0200251 -0.0289623 -0.0203272 -0.0174394 -0.102138 -0.119489 -0.0967674 
0.383499 0.460658 0.339885 0.408627 0.36586 0.427934 0.0219717 0.00702243 0.00156327 0.00443249 0.0105705 0.0148269 0.0167845 0.0105667 0.0131304 
0.0159132 -0.146288 -0.215645 -0.188991 -0.137579 -0.0773005 -0.00285098 0.0395539 0.0203529 0.0322656 0.026423 0.0322265 -0.132917 -0.12865 -0.125775 
1.63478e-34 0.14356 0.233377 0.189801 0.119986 0.0710451 3.77135e-36 -0.00483004 -0.0114705 -0.00793705 -0.00394188 -0.00192069 -0.00200785 -0.00120638 -0.00253864 
6.59125e-34 0.706184 0.844157 0.780682 0.513032 0.404962 -2.66956e-34 -0.00087888 -0.00232704 -0.00143613 -0.00086409 -0.000364484 -0.0542286 -0.0480159 -0.0602697 
3.72006e-34 4.00521e-34 0.706633 0.388329 0.365539 -4.2592e-34 -4.80059e-34 -4.97513e-34 -0.0354672 -0.00951038 -0.0117326 -9.45225e-34 -0.0951941 -0.0990434 -0.0974682 
0.0159132 0.127043 -0.146288 -0.0253326 -0.0773005 0.0759245 -0.00285098 -0.00835437 0.0395539 0.0335705 0.0322265 -0.00292434 -0.132917 -0.132911 -0.12865 
0.994071 0.820839 0.988904 0.954972 0.991389 0.960692 -0.0320915 -0.0236372 -0.0425326 -0.042076 -0.038038 -0.0362725 -0.104133 -0.119489 -0.10709 
-2.12792e-34 -0.146288 -0.143177 -0.157675 -0.104183 -0.166034 6.57248e-34 0.0395539 0.0348141 0.0410709 0.0189008 0.0266988 -0.1258 -0.12865 -0.124373 
0.862061 0.770784 0.988904 0.927963 0.950402 0.821885 -0.036637 -0.0200677 -0.0425326 -0.0330464 -0.0410155 -0.0285856 -0.101441 -0.0962026 -0.10709 
0.463028 0.549693 0.501 0.52696 0.485648 0.516088 0.0943801 0.0976847 0.0636434 0.0795995 0.0793947 0.0976839 0.0104549 0.00149637 0.0103852 
0.53989 0.501 0.549693 0.52696 0.551737 0.537952 0.0558679 0.0636434 0.0976847 0.0795995 0.0757334 0.0603658 -0.0031365 0.0103852 0.00149637 
0.843685 0.661737 0.406986 0.544067 0.657741 0.758219 -0.0828755 -0.073511 -0.0304366 -0.0493489 -0.0595504 -0.080682 -0.0923151 -0.0814394 -0.0851133 
0.892968 0.699522 0.661737 0.683643 0.81532 0.822916 -0.136438 -0.101315 -0.073511 -0.0875559 -0.111181 -0.124786 -0.0936326 -0.078764 -0.0814394 
0.862061 0.979681 0.706633 0.906088 0.788363 0.950352 -0.036637 -0.0549904 -0.0354672 -0.0497498 -0.0376675 -0.0467923 -0.101441 -0.10896 -0.0974682 
4.54484e-34 4.86376e-34 0.774881 0.458209 0.456833 -4.05486e-34 2.64421e-34 3.21618e-34 -0.00196713 -0.000783387 -0.000616927 5.87876e-34 -0.0556629 -0.0677722 -0.061167 
4.93264e-34 0.661737 0.298526 0.476534 0.142454 0.30041 -4.39631e-34 -0.073511 -0.0304007 -0.049153 -0.00854898 -0.0227995 -0.0808889 -0.0814394 -0.0738877 
0.998685 0.937246 0.986671 0.995428 0.994213 0.988603 -0.00157865 -0.00072881 -0.000552567 -0.000764788 -0.00115859 -0.00133749 -0.0513812 -0.0414995 -0.0394425 
0.300898 0.126548 0.143245 0.134486 0.222376 0.215183 0.000129771 0.000417299 -0.00208101 -0.000716099 -0.00134475 0.00127899 -0.0127951 -0.0141019 -0.0119393 
0.998685 0.986671 0.750013 0.905324 0.928011 0.994213 -0.00157865 -0.000552567 -0.000637851 -0.000714055 -0.00120523 -0.00115859 -0.0513812 -0.0394425 -0.0429614 
0.517566 0.481703 0.411789 0.445738 0.477685 0.504344 0.00826277 0.0197201 -0.00887551 0.00297217 -0.00262177 0.0135784 -0.000457507 -0.0077044 -0.00739252 
0.428037 0.0223457 0.237678 0.123779 0.330797 0.222946 -0.170737 -0.0653022 -0.134941 -0.101549 -0.1545 -0.115921 -0.0937193 -0.0977086 -0.0604538 
0.585735 0.0886522 0.405532 0.230155 0.490455 0.291616 -0.0829041 0.0186602 -0.0589659 -0.0155419 -0.0703373 -0.0289318 -0.118928 -0.121576 -0.12361 
0.300898 0.411789 0.481703 0.445738 0.400957 0.360349 0.000129771 -0.00887551 0.0197201 0.00297217 0.00823231 -0.00412359 -0.0127951 -0.00739252 -0.0077044 
0.237678 0.0223457 -0.0838754 -0.0448654 0.0631629 0.123779 -0.134941 -0.0653022 -0.0485808 -0.0552391 -0.0885244 -0.101549 -0.0604538 -0.0977086 -0.0596126 
0.137424 0.405532 0.0886522 0.230155 0.117156 0.255271 0.00489837 -0.0589659 0.0186602 -0.0155419 0.0142322 -0.025071 -0.127497 -0.12361 -0.121576 
1.63945e-34 0.233361 0.15103 0.192644 0.0673755 0.108026 8.45538e-35 0.00947421 0.00840684 0.0107687 0.00167064 0.0029136 -0.0159794 -0.0158585 -0.0169218 
5.06407e-34 -0.0207448 -0.0135225 -0.0228761 -0.00928422 -0.00877803 3.94868e-35 0.0280263 0.0407605 0.0382793 0.0408521 0.030981 -0.123168 -0.121387 -0.123144 
0.300898 0.425947 0.233361 0.335771 0.26758 0.361912 0.000129771 0.0307804 0.00947421 0.0191258 0.00613915 0.0129194 -0.0127951 -0.0134049 -0.0158585 
7.24492e-34 0.820839 0.826708 0.824169 0.511074 0.515425 5.17521e-34 -0.0236372 -0.0131605 -0.0174394 -0.00702847 -0.0135776 -0.112502 -0.119489 -0.102138 
-1.21812e-34 -0.0624194 -0.0838754 -0.0850889 -0.150511 -0.0977999 1.48069e-34 -0.0325026 -0.0485808 -0.0431824 -0.0118684 -0.00901571 -0.0334402 -0.0170355 -0.0596126 
4.00521e-34 0.429954 0.706633 0.582467 0.388329 0.218924 -4.97513e-34 -0.0123373 -0.0354672 -0.0206396 -0.00951038 -0.00344776 -0.0990434 -0.097457 -0.0974682 
0.862061 0.706633 0.429954 0.582467 0.680604 0.788363 -0.036637 -0.0354672 -0.0123373 -0.0206396 -0.0239739 -0.0376675 -0.101441 -0.0974682 -0.097457 
0.998685 0.844157 0.706184 0.780682 0.935892 0.967639 -0.00157865 -0.00232704 -0.00087888 -0.00143613 -0.00153904 -0.00240141 -0.0513812 -0.0602697 -0.0480159 
-1.98597e-34 -1.98343e-34 -0.192636 -0.213762 -0.200506 1.98315e-34 6.18492e-34 5.28631e-34 -0.00336922 0.00773393 0.0125458 1.13312e-33 -0.122883 -0.106298 -0.117433 
0.300898 0.143245 0.235064 0.189047 0.264966 0.222376 0.000129771 -0.00208101 -0.00894458 -0.00467398 -0.00562469 -0.00134475 -0.0127951 -0.0119393 -0.0086826 
0.383499 0.239077 0.220281 0.230508 0.31096 0.321204 0.0219717 0.00482623 0.0112848 0.00792439 0.0202089 0.0144235 0.0167845 0.0171174 0.0189872 
0.498982 0.487663 0.501603 0.50335 0.503521 0.49483 -0.0245408 -0.021636 -0.0259296 -0.024374 -0.0253554 -0.0234956 -0.000103886 0.0022294 0.000433434 
1.63945e-34 0.126548 0.233361 0.177546 0.108026 0.0589384 8.45538e-35 0.000417299 0.00947421 0.00379819 0.0029136 0.000918593 -0.0159794 -0.0141019 -0.0158585 
0.481087 0.501603 0.441139 0.481406 0.463757 0.493067 -0.0260439 -0.0259296 -0.0255742 -0.0266136 -0.0260382 -0.026381 0.000101093 0.000433434 -0.00102889 
3.25153e-34 0.239077 0.339885 0.293813 0.204525 0.137627 7.07516e-35 0.00482623 0.00156327 0.00447114 -0.00043081 0.000281382 0.0144923 0.0171174 0.0131304 
-2.12792e-34 -1.98597e-34 -0.215645 -0.162123 -0.141985 1.10192e-34 6.57248e-34 6.18492e-34 0.0203529 0.0120755 0.0160698 1.22342e-33 -0.1258 -0.122883 -0.125775 
-4.70629e-36 -0.0158913 -0.00303653 -0.00818668 -0.00147917 -0.00418024 5.98811e-34 0.0057286 0.00247588 0.00430393 0.000803594 0.0014977 -0.120926 -0.12089 -0.120804 
-0.0360296 -0.0345122 0.14969 0.024607 0.00951165 -0.0366591 0.0317797 0.031641 -0.0049318 0.0215111 0.0248844 0.031045 -0.121045 -0.120065 -0.120666 
-1.73551e-34 -1.21812e-34 -0.0838754 -0.150511 -0.179553 8.5172e-35 3.61496e-34 1.48069e-34 -0.0485808 -0.0118684 -0.0109321 5.54003e-34 -0.0754431 -0.0334402 -0.0596126 
-0.0745045 -0.0561133 -0.0872643 -0.0698393 -0.096003 -0.0824515 0.0405746 0.0125828 0.0178477 0.0151775 0.0341444 0.0276834 -0.120314 -0.121382 -0.122332 
0.862061 0.429954 0.770784 0.61369 0.821885 0.680604 -0.036637 -0.0123373 -0.0200677 -0.0158719 -0.0285856 -0.0239739 -0.101441 -0.097457 -0.0962026 
0.78139 0.706633 0.956263 0.883348 0.899939 0.74804 -0.0542507 -0.0354672 -0.0707774 -0.0572085 -0.0658618 -0.0448658 -0.0966979 -0.0974682 -0.105339 
7.43231e-34 0.820839 7.24492e-34 0.515425 -4.74868e-34 0.532003 3.14381e-34 -0.0236372 5.17521e-34 -0.0135776 1.19364e-33 -0.0320029 -0.137535 -0.119489 -0.112502 
0.205588 -0.0838754 -0.0624194 -0.0850889 0.0509917 0.0425828 -0.118329 -0.0485808 -0.0325026 -0.0431824 -0.077597 -0.0839665 -0.0260265 -0.0596126 -0.0170355 
0.504999 0.501603 0.487663 0.50335 0.505886 0.502975 -0.0233616 -0.0259296 -0.021636 -0.024374 -0.0224295 -0.0250122 0.000516374 0.000433434 0.0022294 
0.504999 0.441139 0.501603 0.481406 0.502975 0.481227 -0.0233616 -0.0255742 -0.0259296 -0.0266136 -0.0250122 -0.0254305 0.000516374 -0.00102889 0.000433434 
6.61294e-34 5.18605e-34 0.700518 0.405368 0.402126 -2.39483e-34 3.79856e-34 4.44639e-34 -0.00616963 -0.00224669 -0.0017478 8.33386e-34 -0.0805145 -0.0944322 -0.0915481 
-8.93556e-35 -0.143177 -0.0872643 -0.115646 -0.0549143 -0.0852534 6.3769e-34 0.0348141 0.0178477 0.0246857 0.00432002 0.0110796 -0.126149 -0.124373 -0.122332 
0.999527 0.997452 0.714873 0.91729 0.923393 0.998898 -0.0106105 -0.0200251 -0.0102639 -0.0166993 -0.0127276 -0.0153765 -0.0860337 -0.0967674 -0.0883519 
6.61294e-34 0.700518 0.834039 0.772265 0.507836 0.402126 3.79856e-34 -0.00616963 -0.00565321 -0.00612948 -0.00202681 -0.0017478 -0.0805145 -0.0915481 -0.0809996 
0.892902 0.819279 0.925065 0.929787 0.945962 0.856098 -0.0824808 -0.0923157 -0.0794877 -0.0950555 -0.0857313 -0.0880186 -0.112071 -0.1132 -0.10028 
0.383499 0.339885 0.239077 0.293813 0.321204 0.36586 0.0219717 0.00156327 0.00482623 0.00447114 0.0144235 0.0105705 0.0167845 0.0131304 0.0171174 
0.213962 0.14969 0.711542 0.40101 0.476964 0.178653 -0.00971631 -0.0049318 -0.0620082 -0.0369781 -0.0416295 -0.00763533 -0.121737 -0.120666 -0.118445 
0.994071 0.988904 0.770784 0.927963 0.92879 0.991389 -0.0320915 -0.0425326 -0.0200677 -0.0330464 -0.0281327 -0.038038 -0.104133 -0.10709 -0.0962026 
5.06407e-34 4.9693e-34 -0.0207448 -0.00654491 -0.00877803 1.02083e-33 3.94868e-35 1.38046e-35 0.0280263 0.0202277 0.030981 -1.66658e-35 -0.123168 -0.120509 -0.121387 
0.999527 0.714873 0.649236 0.683199 0.906528 0.923393 -0.0106105 -0.0102639 -0.00520112 -0.0070665 -0.00981736 -0.0127276 -0.0860337 -0.0883519 -0.0809792 
0.999527 0.826708 0.997452 0.964666 0.998898 0.960627 -0.0106105 -0.0131605 -0.0200251 -0.0203272 -0.0153765 -0.0146641 -0.0860337 -0.102138 -0.0967674 
0.267981 0.207034 0.411779 0.32531 0.348113 0.238703 -0.00794491 -0.00468294 -0.0165257 -0.0112362 -0.0124616 -0.00640689 -0.000138887 0.00265158 0.00255332 
0.221966 0.347024 0.14356 0.25462 0.183491 0.289341 -0.00848312 -0.0190351 -0.00483004 -0.0121341 -0.00671683 -0.0136616 0.00018427 -0.000945005 -0.00120638 
0.34667 0.478597 0.411789 0.449522 0.377452 0.421037 -0.0190005 -0.0187974 -0.00887551 -0.0147528 -0.0158856 -0.0206099 -0.00413033 -0.00225991 -0.00739252 
4.59487e-34 0.649236 0.714873 0.683199 0.407474 0.361503 -4.20693e-34 -0.00520112 -0.0102639 -0.0070665 -0.00298258 -0.00191807 -0.085054 -0.0809792 -0.0883519 
0.519178 0.707063 0.706979 0.707748 0.639313 0.655427 -0.177907 -0.17469 -0.21855 -0.196563 -0.201873 -0.18117 -0.00210388 -0.0178344 -0.0247081 
0.664246 0.70244 0.697784 0.69975 0.704668 0.701276 0.00957617 0.060299 0.00726942 0.0371714 0.0110949 0.0367546 -0.0101286 -0.0355162 -0.0366141 
4.86376e-34 0.645439 0.774881 0.713739 0.458209 0.364433 3.21618e-34 -0.00232155 -0.00196713 -0.00219952 -0.000783387 -0.000670759 -0.0677722 -0.0722846 -0.061167 
0.998685 0.750013 0.624856 0.690546 0.894964 0.928011 -0.00157865 -0.000637851 -0.000857304 -0.000759657 -0.0015609 -0.00120523 -0.0513812 -0.0429614 -0.0518765 
-0.0745045 0.0886522 0.0708469 0.0830784 -0.020425 -0.0199101 0.0405746 0.0186602 0.0142274 0.0175572 0.0347177 0.0404748 -0.120314 -0.121576 -0.118667 
5.75302e-34 0.8435 0.649236 0.755991 0.364853 0.508764 -3.73947e-34 -0.00460916 -0.00520112 -0.00511062 -0.00166763 -0.00223915 -0.0756864 -0.0733093 -0.0809792 
0.262345 0.400431 0.46043 0.430793 0.364786 0.325644 0.107572 0.128478 0.145629 0.140082 0.129326 0.119734 -0.0144015 -0.0406915 -0.016351 
2.81516e-34 2.61038e-34 0.524375 0.260422 0.237445 -2.18514e-34 -4.40068e-34 -4.70378e-34 -0.0349694 -0.00851661 -0.00894552 -8.78524e-34 -0.0867503 -0.0937921 -0.0901443 
0.999527 0.700518 0.826708 0.768038 0.960627 0.931071 -0.0106105 -0.00616963 -0.0131605 -0.0085197 -0.0146641 -0.0108309 -0.0860337 -0.0915481 -0.102138 
-4.70629e-36 -2.41103e-35 -0.0158913 -0.00865036 -0.00418024 4.1664e-36 5.98811e-34 6.0432e-34 0.0057286 0.00132259 0.0014977 1.19451e-33 -0.120926 -0.121114 -0.12089 
7.06085e-35 2.02538e-34 0.143245 0.0660689 0.0642853 -5.16104e-35 6.39954e-35 3.88386e-35 -0.00208101 -0.0010415 -8.05605e-05 1.09958e-34 -0.012986 -0.0090939 -0.0119393 
0.75 0.750013 0.986671 0.905324 0.905334 0.749947 -3.57326e-37 -0.000637851 -0.000552567 -0.000714055 -0.000481011 -0.000335808 -0.0324245 -0.0429614 -0.0394425 
0.594765 0.847694 0.730905 0.796147 0.675522 0.756155 -0.124962 -0.198093 -0.192345 -0.201209 -0.160834 -0.168971 -0.065869 -0.0856095 -0.0671462 
0.185316 0.480185 0.398431 0.437114 0.283162 0.315629 -0.0298249 -0.128664 -0.093965 -0.11031 -0.0608152 -0.0711405 -0.0506894 -0.0519125 -0.0492945 
0.0928492 0.254271 0.297177 0.27531 0.193226 0.178426 -0.0328838 -0.0437367 -0.0154188 -0.0318561 -0.0287347 -0.0438486 -0.0717197 -0.0632228 -0.0710466 
0.585735 0.917373 0.819279 0.886707 0.703727 0.812456 -0.0829041 -0.119144 -0.0923157 -0.108603 -0.0894868 -0.113033 -0.118928 -0.103176 -0.1132 
0.480797 0.543077 0.603411 0.57445 0.554093 0.517854 0.0833212 0.103305 0.128324 0.11856 0.106823 0.0954223 -0.0161554 -0.0149953 -0.0183592 
0.233361 0.425947 0.319836 0.376824 0.273915 0.335771 0.00947421 0.0307804 0.0270591 0.0315721 0.0173976 0.0191258 -0.0158585 -0.0134049 -0.0170311 
0.504999 0.512269 0.478597 0.509666 0.495443 0.511559 -0.0233616 -0.00605149 -0.0187974 -0.0129728 -0.0216257 -0.0166034 0.000516374 0.00410953 -0.00225991 
0.585735 0.343038 0.0886522 0.191559 0.291616 0.466663 -0.0829041 -0.0400964 0.0186602 -0.00872023 -0.0289318 -0.0594708 -0.118928 -0.11903 -0.121576 
0.574893 0.452916 0.559677 0.509856 0.572249 0.537801 0.121033 0.128073 0.146823 0.138335 0.13548 0.130413 -0.006023 0.001534 -0.0100432 
2.51211e-34 -4.70629e-36 -0.00303653 -0.00147917 -4.27548e-05 4.19617e-37 2.98796e-34 5.98811e-34 0.00247588 0.000803594 -7.50318e-05 1.19366e-33 -0.120831 -0.120926 -0.120804 
0.262345 0.46043 0.452916 0.456257 0.366194 0.364786 0.107572 0.145629 0.128073 0.13976 0.124693 0.129326 -0.0144015 -0.016351 0.001534 
0.213962 0.0307107 -0.0135225 0.000145693 0.0353154 0.110828 -0.00971631 0.0392722 0.0407605 0.043303 0.0270142 0.0150341 -0.121737 -0.125346 -0.123144 
2.51211e-34 -0.00303653 5.0143e-34 -0.000906236 1.00629e-33 -4.27548e-05 2.98796e-34 0.00247588 2.15536e-36 0.00148275 -7.48165e-37 -7.50318e-05 -0.120831 -0.120804 -0.120593 
0.463314 0.319836 0.425947 0.376824 0.44344 0.397947 0.0572179 0.0270591 0.0307804 0.0315721 0.0434283 0.0426236 -0.0144874 -0.0170311 -0.0134049 
0.78139 0.361963 0.706633 0.53916 0.74804 0.592703 -0.0542507 -0.0164626 -0.0354672 -0.0243146 -0.0448658 -0.0335257 -0.0966979 -0.0942507 -0.0974682 
0.585735 0.819279 0.343038 0.594685 0.466663 0.703727 -0.0829041 -0.0923157 -0.0400964 -0.0711659 -0.0594708 -0.0894868 -0.118928 -0.1132 -0.11903 
0.440016 0.460658 0.512269 0.495077 0.486267 0.451701 -0.0109709 0.00702243 -0.00605149 0.00130428 -0.00872048 -0.00397473 0.00718007 0.0105667 0.00410953 
6.59125e-34 4.02082e-34 0.706184 0.405462 0.404962 -2.8032e-34 -2.66956e-34 -2.10155e-34 -0.00087888 -0.000229945 -0.000364484 -4.75798e-34 -0.0542286 -0.0428207 -0.0480159 
0.0928492 0.297177 0.308358 0.303373 0.19473 0.193226 -0.0328838 -0.0154188 0.0221462 0.00180466 -0.012185 -0.0287347 -0.0717197 -0.0710466 -0.0738825 
0.998685 0.997027 0.844157 0.971121 0.967639 0.997865 -0.00157865 -0.0028665 -0.00232704 -0.00298573 -0.00240141 -0.00235909 -0.0513812 -0.060539 -0.0602697 
0.185316 0.398431 0.296503 0.343334 0.235565 0.283162 -0.0298249 -0.093965 -0.0599339 -0.0759478 -0.0475255 -0.0608152 -0.0506894 -0.0492945 -0.0487204 
0.999527 0.649236 0.8435 0.755991 0.958097 0.906528 -0.0106105 -0.00520112 -0.00460916 -0.00511062 -0.00826594 -0.00981736 -0.0860337 -0.0809792 -0.0733093 
0.570802 0.308358 0.458465 0.38609 0.517476 0.440861 0.0795761 0.0221462 0.0276323 0.0265832 0.0549726 0.05165 -0.058806 -0.0738825 -0.0678305 
4.93264e-34 2.81516e-34 0.406986 0.191813 0.172559 -1.23983e-34 -4.39631e-34 -4.40068e-34 -0.0304366 -0.00827725 -0.01013 -8.1717e-34 -0.0808889 -0.0867503 -0.0851133 
-0.0169888 -0.00303653 -0.0158913 -0.00818668 -0.0170518 -0.00862386 0.0129921 0.00247588 0.0057286 0.00430393 0.00901608 0.00655059 -0.120776 -0.120804 -0.12089 
0.213962 0.0147003 0.14969 0.0691435 0.178653 0.086137 -0.00971631 0.0259882 -0.0049318 0.0122732 -0.00763533 0.0118986 -0.121737 -0.122308 -0.120666 
0.594765 0.871294 0.847694 0.861199 0.756155 0.763383 -0.124962 -0.160573 -0.198093 -0.180953 -0.168971 -0.151891 -0.065869 -0.0893437 -0.0856095 
0.565104 0.296503 0.511204 0.400748 0.537225 0.428641 -0.108374 -0.0599339 -0.117485 -0.0897062 -0.113468 -0.0906433 -0.0439589 -0.0487204 -0.0460316 
0.79009 0.730905 0.829317 0.809757 0.809984 0.804725 -0.249542 -0.192345 -0.233959 -0.220198 -0.2445 -0.234764 -0.081648 -0.0671462 -0.0885575 
0.989514 0.844157 0.997027 0.971121 0.993916 0.978389 -0.00427537 -0.00232704 -0.0028665 -0.00298573 -0.00349348 -0.00400367 -0.0694628 -0.0602697 -0.060539 
0.998685 0.624856 0.774881 0.704602 0.93491 0.894964 -0.00157865 -0.000857304 -0.00196713 -0.00127118 -0.00213071 -0.0015609 -0.0513812 -0.0518765 -0.061167 
0.95692 0.711542 0.956263 0.909551 0.963231 0.869109 -0.0665301 -0.0620082 -0.0707774 -0.0749185 -0.0690322 -0.0689488 -0.110587 -0.118445 -0.105339 
-0.101788 -0.0872643 -0.143177 -0.115646 -0.131038 -0.114695 0.0491354 0.0178477 0.0348141 0.0246857 0.0457902 0.0375203 -0.122944 -0.122332 -0.124373 
5.06407e-34 -0.0135225 0.0307107 0.000145693 -0.0117422 -0.00928422 3.94868e-35 0.0407605 0.0392722 0.043303 0.0452094 0.0408521 -0.123168 -0.123144 -0.125346 
0.634331 0.831431 0.871294 0.874868 0.845273 0.750754 -0.12458 -0.190214 -0.160573 -0.184436 -0.172588 -0.164561 -0.123833 -0.108058 -0.0893437 
3.72006e-34 0.706633 0.361963 0.53916 0.186377 0.365539 -4.80059e-34 -0.0354672 -0.0164626 -0.0243146 -0.0065383 -0.0117326 -0.0951941 -0.0974682 -0.0942507 
0.892968 0.917373 0.77233 0.864512 0.882884 0.910781 -0.136438 -0.119144 -0.12892 -0.129314 -0.144893 -0.129367 -0.0936326 -0.103176 -0.116075 
0.585735 0.77233 0.917373 0.864512 0.812456 0.68774 -0.0829041 -0.12892 -0.119144 -0.129314 -0.113033 -0.105658 -0.118928 -0.116075 -0.103176 
0.463314 0.425947 0.544914 0.494375 0.512666 0.44344 0.0572179 0.0307804 0.078431 0.0522279 0.0677683 0.0434283 -0.0144874 -0.0134049 -0.00778265 
-1.98597e-34 -0.192636 -0.215645 -0.211345 -0.162123 -0.200506 6.18492e-34 -0.00336922 0.0203529 0.0110761 0.0120755 0.0125458 -0.122883 -0.117433 -0.125775 
-0.0360296 0.14969 0.0147003 0.0691435 -0.0212343 0.00951165 0.0317797 -0.0049318 0.0259882 0.0122732 0.0329486 0.0248844 -0.121045 -0.120666 -0.122308 
0.480797 0.603411 0.644046 0.624721 0.578929 0.554093 0.0833212 0.128324 0.129669 0.130803 0.110529 0.106823 -0.0161554 -0.0183592 -0.0229855 
0.233377 0.14356 0.347024 0.25462 0.293241 0.189801 -0.0114705 -0.00483004 -0.0190351 -0.0121341 -0.015382 -0.00793705 -0.00253864 -0.00120638 -0.000945005 
0.31131 0.411779 0.207034 0.32531 0.262309 0.366825 -0.0100995 -0.0165257 -0.00468294 -0.0112362 -0.00728114 -0.0133983 0.00528609 0.00255332 0.00265158 
4.24707e-34 6.32981e-34 0.770784 0.446286 0.431494 -4.73619e-34 -4.8138e-34 -4.60452e-34 -0.0200677 -0.0067239 -0.00879913 -9.20079e-34 -0.0964224 -0.0918038 -0.0962026 
0.75 0.437665 0.750013 0.609339 0.749947 0.609476 -3.57326e-37 -0.000147452 -0.000637851 -0.00026902 -0.000335808 -0.000118389 -0.0324245 -0.0382335 -0.0429614 
0.431583 0.411779 0.487663 0.457738 0.46429 0.421899 -0.0185567 -0.0165257 -0.021636 -0.01953 -0.0206008 -0.0177271 -6.65235e-05 0.00255332 0.0022294 
0.384586 0.441139 0.347024 0.398023 0.366612 0.414141 -0.0198472 -0.0255742 -0.0190351 -0.0230363 -0.019454 -0.0229936 0.000170835 -0.00102889 -0.000945005 
0.892902 0.956263 0.711542 0.909551 0.817423 0.946041 -0.0824808 -0.0707774 -0.0620082 -0.0749185 -0.0739366 -0.0794272 -0.112071 -0.105339 -0.118445 
0.664246 0.697784 0.704862 0.70138 0.703471 0.704668 0.00957617 0.00726942 -0.048515 -0.01992 -0.0140592 0.0110949 -0.0101286 -0.0366141 -0.0282793 
0.998685 0.706184 0.937246 0.842971 0.988603 0.935892 -0.00157865 -0.00087888 -0.00072881 -0.00098114 -0.00133749 -0.00153904 -0.0513812 -0.0480159 -0.0414995 
3.25153e-34 1.39338e-34 0.239077 0.133755 0.137627 -8.71082e-35 7.07516e-35 9.62906e-35 0.00482623 0.00182241 0.000281382 1.63884e-34 0.0144923 0.0189572 0.0171174 
0.59941 0.644046 0.633842 0.647341 0.623249 0.65064 0.139368 0.129669 0.151882 0.14539 0.148695 0.143863 -0.0399966 -0.0229855 -0.0267258 
0.989514 0.999296 0.8435 0.965628 0.978229 0.996013 -0.00427537 -0.00711124 -0.00460916 -0.00666126 -0.00570332 -0.0059367 -0.0694628 -0.0774407 -0.0733093 
0.519178 0.706979 0.632492 0.68013 0.574573 0.639313 -0.177907 -0.21855 -0.235921 -0.231024 -0.208755 -0.201873 -0.00210388 -0.0247081 -0.0415136 
4.59487e-34 5.75302e-34 0.649236 0.364853 0.361503 -2.01632e-34 -4.20693e-34 -3.73947e-34 -0.00520112 -0.00166763 -0.00191807 -7.87704e-34 -0.085054 -0.0756864 -0.0809792 
0.431583 0.267981 0.411779 0.348113 0.421899 0.362517 -0.0185567 -0.00794491 -0.0165257 -0.0124616 -0.0177271 -0.0130163 -6.65235e-05 -0.000138887 0.00255332 
0.221966 0.384586 0.347024 0.366612 0.289341 0.311304 -0.00848312 -0.0198472 -0.0190351 -0.019454 -0.0136616 -0.0142366 0.00018427 0.000170835 -0.000945005 
0.843685 0.406986 0.524375 0.465972 0.711964 0.657741 -0.0828755 -0.0304366 -0.0349694 -0.0327313 -0.0607115 -0.0595504 -0.0923151 -0.0851133 -0.0901443 
3.17231e-34 0.586412 4.02082e-34 0.324958 -9.77481e-35 0.32511 -7.61894e-35 -0.000266619 -2.10155e-34 -0.000117372 -3.62235e-34 -8.3245e-05 -0.0310609 -0.0387994 -0.0428207 
4.02082e-34 0.586412 0.706184 0.648909 0.405462 0.324958 -2.10155e-34 -0.000266619 -0.00087888 -0.000480587 -0.000229945 -0.000117372 -0.0428207 -0.0387994 -0.0480159 
0.504999 0.487663 0.499963 0.494358 0.509422 0.505886 -0.0233616 -0.021636 -0.015784 -0.0198406 -0.019735 -0.0224295 0.000516374 0.0022294 0.00385997 
0.440016 0.499963 0.487663 0.494358 0.468411 0.476394 -0.0109709 -0.015784 -0.021636 -0.0198406 -0.0169777 -0.0135448 0.00718007 0.00385997 0.0022294 
4.41816e-34 0.624856 0.750013 0.690546 0.437608 0.349907 2.0896e-34 -0.000857304 -0.000637851 -0.000759657 -0.000199886 -0.00019666 -0.0439509 -0.0518765 -0.0429614 
1 0.75 0.986671 0.905334 0.996675 0.9375 -4.75542e-37 -3.57326e-37 -0.000552567 -0.000481011 -0.000520779 -7.36074e-37 -0.0318045 -0.0324245 -0.0394425 
0.999527 0.8435 0.999296 0.965628 0.999787 0.958097 -0.0106105 -0.00460916 -0.00711124 -0.00666126 -0.00858467 -0.00826594 -0.0860337 -0.0733093 -0.0774407 
1.56501e-34 2.06124e-34 0.318908 0.196136 0.16664 -1.14834e-34 -1.62421e-34 -1.2053e-34 -0.0356935 -0.0124504 -0.0147117 -2.44673e-34 0.0293569 0.0221195 0.0251185 
0.517681 0.704862 0.610706 0.671013 0.565001 0.63956 -0.0556491 -0.048515 -0.0270074 -0.0317228 -0.0429486 -0.0502317 -0.0513077 -0.0282793 -0.0513794 
1.96046e-34 1.66608e-34 0.329787 0.165438 0.184169 -1.09908e-34 4.35466e-35 6.88162e-35 0.0277762 0.00751117 0.00781895 9.11658e-35 -0.00706514 -0.0122092 -0.00896942 
0.989514 0.774881 0.645439 0.713739 0.878747 0.916689 -0.00427537 -0.00196713 -0.00232155 -0.00219952 -0.00407845 -0.00339386 -0.0694628 -0.061167 -0.0722846 
-7.72564e-35 -8.79414e-35 -0.074982 -0.0948317 -0.0907197 4.69569e-35 -1.97641e-34 -2.90934e-34 0.0128496 0.000704333 0.00169666 -5.01703e-34 -0.0413321 -0.0593281 -0.0534468 
-6.42927e-36 1.04557e-35 0.00614578 0.00956274 -0.000438654 6.07455e-36 -2.9614e-34 -2.68665e-34 -0.0163705 -0.0031609 -0.00361091 -5.50871e-34 -0.0591979 -0.0541227 -0.0551612 
2.44294e-35 3.52204e-35 0.0763475 0.02799 0.0223978 -1.74392e-35 -2.78594e-34 -2.95853e-34 -0.0104131 -0.00250501 -0.00143439 -5.67924e-34 -0.0564837 -0.0596759 -0.0573833 
-4.21661e-35 -8.93556e-35 -0.0872643 -0.0549143 -0.0380897 3.38478e-35 6.11004e-34 6.3769e-34 0.0178477 0.00432002 0.00414648 1.22419e-33 -0.122539 -0.126149 -0.122332 
0.400224 0.536378 0.14969 0.330422 0.269424 0.465118 -0.0446023 -0.0551449 -0.0049318 -0.0304537 -0.02409 -0.0497801 -0.118106 -0.118653 -0.120666 
1.12844e-34 4.93264e-34 0.298526 0.142454 0.121833 -9.21325e-35 -3.70061e-34 -4.39631e-34 -0.0304007 -0.00854898 -0.00664257 -7.52992e-34 -0.0739939 -0.0808889 -0.0738877 
7.25102e-35 1.63945e-34 0.15103 0.0673755 0.0724227 -4.5902e-35 8.87395e-35 8.45538e-35 0.00840684 0.00167064 0.00263331 1.63822e-34 -0.0173771 -0.0159794 -0.0169218 
0.383499 0.501 0.50783 0.506041 0.45666 0.446814 0.0219717 0.0636434 0.0280578 0.0448642 0.0279835 0.043497 0.0167845 0.0103852 0.00824131 
0.937246 0.706184 0.586412 0.648909 0.800342 0.842971 -0.00072881 -0.00087888 -0.000266619 -0.000480587 -0.000544574 -0.00098114 -0.0414995 -0.0480159 -0.0387994 
0.747229 0.632492 0.72656 0.725942 0.737405 0.734427 -0.238707 -0.235921 -0.226188 -0.244572 -0.233599 -0.249217 -0.0526809 -0.0415136 -0.0439556 
1 0.986671 0.937246 0.995428 0.98426 0.996675 -4.75542e-37 -0.000552567 -0.00072881 -0.000764788 -0.000630837 -0.000520779 -0.0318045 -0.0394425 -0.0414995 
-3.7627e-35 -4.21661e-35 -0.0561133 -0.0308039 -0.0226597 1.69048e-35 6.08398e-34 6.11004e-34 0.0125828 0.00413456 0.00307022 1.20268e-33 -0.121579 -0.122539 -0.121382 
4.24707e-34 0.770784 0.429954 0.61369 0.227509 0.431494 -4.8138e-34 -0.0200677 -0.0123373 -0.0158719 -0.00451288 -0.00879913 -0.0964224 -0.0962026 -0.097457 
3.17231e-34 0.75 0.586412 0.673369 0.32511 0.4375 -7.61894e-35 -3.11685e-37 -0.000266619 -0.000160392 -8.3245e-05 -8.54113e-38 -0.0310609 -0.0311447 -0.0387994 
1.20025e-35 -3.36659e-35 0.0393625 -0.032006 -0.0030383 -1.44161e-35 2.58913e-35 -7.97358e-35 0.0372831 0.0135044 0.0125161 -8.98395e-35 0.00241277 -0.0187876 -0.00921975 
2.559e-34 6.83659e-35 0.164675 0.0761045 0.0969061 -6.83136e-35 1.27295e-34 8.74737e-35 0.0295943 0.0104481 0.00884945 1.69185e-34 0.0201018 0.0154397 0.0168259 
-7.15228e-35 -4.27751e-35 -0.0785478 -0.0502588 -0.069874 5.08262e-35 -3.33836e-34 -3.23008e-34 -0.0193815 -0.0100743 -0.00695659 -6.38407e-34 -0.0665425 -0.0641501 -0.0665045 
2.00532e-35 1.93924e-35 0.044472 0.0182581 0.0202584 -1.35923e-35 -2.57462e-34 -2.62932e-34 -0.000628739 0.00147512 0.000749352 -5.20311e-34 -0.0525242 -0.0537319 -0.0523987 
6.09737e-35 8.29564e-35 0.17406 0.0726641 0.0588375 -4.36109e-35 -3.17143e-34 -3.42125e-34 -0.0238241 -0.00535658 -0.00428332 -6.42992e-34 -0.0635728 -0.0683966 -0.0646063 
-2.19835e-35 6.43218e-35 0.125262 0.0377658 -0.0153371 -2.94579e-35 -3.33899e-35 -1.42252e-34 -0.059364 -0.0238933 -0.0244393 -1.12561e-34 0.00208846 0.0238396 0.0124221 
2.32747e-34 2.28923e-34 0.391395 0.22722 0.231331 -1.43032e-34 -5.38516e-35 3.19655e-36 0.0105914 0.00248364 7.18261e-05 -5.34284e-35 0.0108265 0.000192509 0.00536693 
1.24488e-34 1.00473e-34 0.212887 0.100089 0.113245 -6.66575e-35 8.17951e-35 8.90056e-35 0.0195947 0.00451494 0.00547053 1.55764e-34 -0.0152026 -0.0169479 -0.0154697 
0.78139 0.925065 0.524375 0.780898 0.660271 0.872167 -0.0542507 -0.0794877 -0.0349694 -0.0627945 -0.045878 -0.0683228 -0.0966979 -0.10028 -0.0901443 
0.634331 0.416569 0.831431 0.653379 0.750754 0.522312 -0.12458 -0.099462 -0.190214 -0.157819 -0.164561 -0.111562 -0.123833 -0.129323 -0.108058 
0.763293 0.831431 0.416569 0.653379 0.610609 0.79855 -0.203505 -0.190214 -0.099462 -0.157819 -0.160923 -0.197821 -0.108127 -0.108058 -0.129323 
0.843685 0.925065 0.819279 0.929787 0.931758 0.88943 -0.0828755 -0.0794877 -0.0923157 -0.0950555 -0.101968 -0.0820403 -0.0923151 -0.10028 -0.1132 
0.213962 -0.0135225 0.0147003 -0.00613269 0.086137 0.0353154 -0.00971631 0.0407605 0.0259882 0.0338704 0.0118986 0.0270142 -0.121737 -0.123144 -0.122308 
0.504999 0.499963 0.512269 0.506136 0.511559 0.509422 -0.0233616 -0.015784 -0.00605149 -0.0111706 -0.0166034 -0.019735 0.000516374 0.00385997 0.00410953 
2.39456e-34 4.41816e-34 0.437665 0.23452 0.234469 4.78676e-35 7.74203e-35 2.0896e-34 -0.000147452 -0.000131706 -6.45569e-05 3.64181e-34 -0.0325339 -0.0439509 -0.0382335 
0.999527 0.834039 0.700518 0.772265 0.931071 0.961541 -0.0106105 -0.00565321 -0.00616963 -0.00612948 -0.0108309 -0.0091832 -0.0860337 -0.0809996 -0.0915481 
0.0159132 -0.215645 -0.192636 -0.211345 -0.0969069 -0.137579 -0.00285098 0.0203529 -0.00336922 0.0110761 0.00407217 0.026423 -0.132917 -0.125775 -0.117433 
0.843685 0.524375 0.925065 0.780898 0.88943 0.711964 -0.0828755 -0.0349694 -0.0794877 -0.0627945 -0.0820403 -0.0607115 -0.0923151 -0.0901443 -0.10028 
0.440016 0.512269 0.499963 0.506136 0.476394 0.486267 -0.0109709 -0.00605149 -0.015784 -0.0111706 -0.0135448 -0.00872048 0.00718007 0.00410953 0.00385997 
-8.93556e-35 -2.12792e-34 -0.143177 -0.104183 -0.0852534 8.25631e-35 6.3769e-34 6.57248e-34 0.0348141 0.0189008 0.0110796 1.2298e-33 -0.126149 -0.1258 -0.124373 
4.41816e-34 0.750013 0.437665 0.609339 0.23452 0.437608 2.0896e-34 -0.000637851 -0.000147452 -0.00026902 -0.000131706 -0.000199886 -0.0439509 -0.0429614 -0.0382335 
1.56501e-34 0.318908 0.164288 0.247052 0.0927775 0.16664 -1.62421e-34 -0.0356935 -0.0324846 -0.0378483 -0.0109923 -0.0147117 0.0293569 0.0251185 0.0265808 
0.75 0.937246 0.586412 0.800342 0.673369 0.859231 -3.11685e-37 -0.00072881 -0.000266619 -0.000544574 -0.000160392 -0.000475061 -0.0311447 -0.0414995 -0.0387994 
0.43596 0.164288 0.318908 0.247052 0.383358 0.298773 -0.110739 -0.0324846 -0.0356935 -0.0378483 -0.0747015 -0.0753069 0.0192255 0.0265808 0.0251185 
1.96046e-34 0.329787 0.292535 0.314034 0.151168 0.184169 4.35466e-35 0.0277762 0.0124211 0.0189392 0.00480099 0.00781895 -0.00706514 -0.00896942 -0.00363585 
-0.0360296 0.0147003 -0.0135225 -0.00613269 -0.0279881 -0.0212343 0.0317797 0.0259882 0.0407605 0.0338704 0.0373521 0.0329486 -0.121045 -0.122308 -0.123144 
4.41816e-34 4.54484e-34 0.624856 0.350399 0.349907 -1.42319e-34 2.0896e-34 2.64421e-34 -0.000857304 -0.0002892 -0.00019666 4.74324e-34 -0.0439509 -0.0556629 -0.0518765 
0.54435 0.292535 0.329787 0.314034 0.449093 0.434497 0.0375484 0.0124211 0.0277762 0.0189392 0.0348394 0.0252313 -0.00675588 -0.00363585 -0.00896942 
1.39338e-34 2.559e-34 0.220281 0.116646 0.124444 -7.54901e-35 9.62906e-35 1.27295e-34 0.0112848 0.00594299 0.00288156 1.89e-34 0.0189572 0.0201018 0.0189872 
4.86376e-34 6.61294e-34 0.645439 0.36617 0.364433 -1.65456e-34 3.21618e-34 3.79856e-34 -0.00232155 -0.0012327 -0.000670759 7.06124e-34 -0.0677722 -0.0805145 -0.0722846 
-0.146288 0.127043 -0.0645681 0.0178399 -0.104753 -0.0253326 0.0395539 -0.00835437 0.0460008 0.0312998 0.0450447 0.0335705 -0.12865 -0.132911 -0.127178 
0.843685 0.819279 0.917373 0.886707 0.911876 0.931758 -0.0828755 -0.0923157 -0.119144 -0.108603 -0.106216 -0.101968 -0.0923151 -0.1132 -0.103176 
0.78139 0.524375 0.361963 0.448314 0.592703 0.660271 -0.0542507 -0.0349694 -0.0164626 -0.0234633 -0.0335257 -0.045878 -0.0966979 -0.0901443 -0.0942507 
-8.79414e-35 -0.103457 -0.074982 -0.101673 -0.0948317 -0.0761127 -2.90934e-34 -0.00949336 0.0128496 0.000331944 0.000704333 -0.00182644 -0.0593281 -0.064637 -0.0534468 
-7.72564e-35 -0.074982 -0.0570096 -0.0719857 -0.0672029 -0.0907197 -1.97641e-34 0.0128496 0.0145535 0.0161848 0.00361156 0.00169666 -0.0413321 -0.0534468 -0.0316932 
1.04557e-35 0.0229049 0.00614578 0.0180943 0.00956274 0.0115594 -2.68665e-34 -0.00255417 -0.0163705 -0.00736555 -0.0031609 -0.000992987 -0.0541227 -0.0525583 -0.0551612 
-6.42927e-36 0.00614578 -0.0330329 -0.0135757 -0.0111958 -0.000438654 -2.9614e-34 -0.0163705 -0.0142046 -0.0168286 -0.00340747 -0.00361091 -0.0591979 -0.0551612 -0.0608858 
3.52204e-35 0.0711141 0.0763475 0.0749637 0.02799 0.0229411 -2.95853e-34 -0.00811752 -0.0104131 -0.00985645 -0.00250501 -0.00145848 -0.0596759 -0.0609571 -0.0573833 
2.44294e-35 0.0763475 0.0319776 0.0491564 0.0119857 0.0223978 -2.78594e-34 -0.0104131 -0.000670697 -0.00453704 -2.51223e-05 -0.00143439 -0.0564837 -0.0573833 -0.0550266 
0.0814158 -0.0570096 -0.074982 -0.0719857 -0.0110851 -0.00243755 0.0634123 0.0145535 0.0128496 0.0161848 0.0330125 0.036507 -0.0357937 -0.0316932 -0.0534468 
0.00869126 -0.0330329 0.00614578 -0.0135757 -0.000149992 -0.0308457 -0.0394616 -0.0142046 -0.0163705 -0.0168286 -0.0311699 -0.0294156 -0.0617949 -0.0608858 -0.0551612 
0.0361263 -0.074982 -0.103457 -0.101673 -0.0656543 -0.0365293 0.00860749 0.0128496 -0.00949336 0.000331944 -0.0124477 0.00921839 -0.0712818 -0.0534468 -0.064637 
0.138262 0.0319776 0.0763475 0.0491564 0.108345 0.0750097 -0.0198323 -0.000670697 -0.0104131 -0.00453704 -0.0158295 -0.00668274 -0.0544709 -0.0550266 -0.0573833 
0.083488 0.00614578 0.0229049 0.0180943 0.0425614 0.039075 -0.0221835 -0.0163705 -0.00255417 -0.00736555 -0.00931833 -0.0204062 -0.0505138 -0.0551612 -0.0525583 
0.328731 0.0763475 0.0711141 0.0749637 0.181598 0.177517 -0.0656684 -0.0104131 -0.00811752 -0.00985645 -0.0291185 -0.030642 -0.0597364 -0.0573833 -0.0609571 
6.61294e-34 0.834039 0.645439 0.748299 0.36617 0.507836 3.79856e-34 -0.00565321 -0.00232155 -0.00357995 -0.0012327 -0.00202681 -0.0805145 -0.0809996 -0.0722846 
0.400224 0.343038 0.819279 0.594685 0.627114 0.369853 -0.0446023 -0.0400964 -0.0923157 -0.0711659 -0.0714689 -0.0423259 -0.118106 -0.11903 -0.1132 
0.482064 0.329787 0.195058 0.26115 0.348599 0.41695 0.0702182 0.0277762 0.0136674 0.0201919 0.0389159 0.0459033 -0.0143872 -0.00896942 -0.0130115 
1.66608e-34 0.195058 0.329787 0.26115 0.165438 0.1057 6.88162e-35 0.0136674 0.0277762 0.0201919 0.00751117 0.0032564 -0.0122092 -0.0130115 -0.00896942 
0.0223457 -0.2154 -0.0838754 -0.168656 -0.0448654 -0.127775 -0.0653022 -0.00806696 -0.0485808 -0.0266062 -0.0552391 -0.0270339 -0.0977086 -0.0948176 -0.0596126 
6.90252e-35 0.14356 1.63478e-34 0.0710451 -3.23009e-35 0.0737588 -2.94227e-36 -0.00483004 3.77135e-36 -0.00192069 8.96011e-36 -0.00176376 0.000321825 -0.00120638 -0.00200785 
2.61038e-34 0.361963 0.524375 0.448314 0.260422 0.173297 -4.70378e-34 -0.0164626 -0.0349694 -0.0234633 -0.00851661 -0.00510355 -0.0937921 -0.0942507 -0.0901443 
0.213962 0.411431 0.0307107 0.154795 0.110828 0.299367 -0.00971631 -0.0437385 0.0392722 0.00189647 0.0150341 -0.0238666 -0.121737 -0.125725 -0.125346 
-1.73551e-34 -0.0838754 -0.2154 -0.168656 -0.171172 -0.179553 3.61496e-34 -0.0485808 -0.00806696 -0.0266062 -0.00250543 -0.0109321 -0.0754431 -0.0596126 -0.0948176 
9.26119e-35 2.40267e-34 0.207034 0.113397 0.110586 -5.10696e-35 -2.66268e-36 1.61814e-35 -0.00468294 -0.00167618 -0.00166123 2.06183e-35 -0.000281206 0.00433093 0.00265158 
0.583982 0.318908 0.294949 0.316256 0.455967 0.469899 -0.0424603 -0.0356935 -0.00485125 -0.0193209 -0.0254461 -0.0487437 0.0076476 0.0251185 0.0162691 
0.137424 -0.0645681 0.127043 0.0178399 0.134415 0.0320391 0.00489837 0.0460008 -0.00835437 0.0312998 -0.00155038 0.0330563 -0.127497 -0.127178 -0.132911 
1.20025e-35 0.0393625 0.0702614 0.0546747 0.0141362 -0.0030383 2.58913e-35 0.0372831 0.0228654 0.0304292 0.00713751 0.0125161 0.00241277 -0.00921975 0.00814416 
2.06124e-34 0.294949 0.318908 0.316256 0.196136 0.16285 -1.2053e-34 -0.00485125 -0.0356935 -0.0193209 -0.0124504 -0.00453888 0.0221195 0.0162691 0.0251185 
6.43218e-35 0.164288 0.125262 0.148955 0.0377658 0.0599566 -1.42252e-34 -0.0324846 -0.059364 -0.0467432 -0.0238933 -0.0126836 0.0238396 0.0265808 0.0124221 
-3.36659e-35 -0.0570096 0.0393625 -0.018223 -0.032006 -0.0518891 -7.97358e-35 0.0145535 0.0372831 0.0252836 0.0135044 0.0050038 -0.0187876 -0.0316932 -0.00921975 
-2.19835e-35 0.125262 -0.0624194 0.0215571 -0.0649831 -0.0153371 -3.33899e-35 -0.059364 -0.0325026 -0.0468619 -0.0106619 -0.0244393 0.00208846 0.0124221 -0.0170355 
2.28923e-34 0.292535 0.391395 0.348638 0.22722 0.163855 3.19655e-36 0.0124211 0.0105914 0.0111977 0.00248364 0.00290994 0.000192509 -0.00363585 0.00536693 
-7.15228e-35 -0.0785478 -0.103457 -0.0894397 -0.0693108 -0.069874 -3.33836e-34 -0.0193815 -0.00949336 -0.0141455 -0.00431474 -0.00695659 -0.0665425 -0.0665045 -0.064637 
-4.27751e-35 -0.0330329 -0.0785478 -0.0547813 -0.0502588 -0.0228721 -3.23008e-34 -0.0142046 -0.0193815 -0.0170574 -0.0100743 -0.00493837 -0.0641501 -0.0608858 -0.0665045 
2.00532e-35 0.044472 0.0229049 0.0330701 0.0143806 0.0202584 -2.57462e-34 -0.000628739 -0.00255417 -0.00187139 -3.83006e-06 0.000749352 -0.0525242 -0.0523987 -0.0525583 
1.93924e-35 0.0319776 0.044472 0.0370219 0.0182581 0.0107432 -2.62932e-34 -0.000670697 -0.000628739 -0.000428891 0.00147512 0.000302134 -0.0537319 -0.0550266 -0.0523987 
6.09737e-35 0.17406 0.0711141 0.115417 0.0300117 0.0588375 -3.17143e-34 -0.0238241 -0.00811752 -0.0144789 -0.0016279 -0.00428332 -0.0635728 -0.0646063 -0.0609571 
2.32747e-34 0.391395 0.294949 0.348186 0.171127 0.231331 -5.38516e-35 0.0105914 -0.00485125 -0.000388849 -0.00181228 7.18261e-05 0.0108265 0.00536693 0.0162691 
8.29564e-35 0.151592 0.17406 0.166654 0.0726641 0.0571571 -3.42125e-34 -0.0133487 -0.0238241 -0.0181663 -0.00535658 -0.00353735 -0.0683966 -0.0705227 -0.0646063 
1.00473e-34 0.120239 0.212887 0.162924 0.100089 0.0622836 8.90056e-35 0.0070724 0.0195947 0.0117898 0.00451494 0.00214972 -0.0169479 -0.0170862 -0.0154697 
1.24488e-34 0.212887 0.195058 0.206114 0.0934752 0.113245 8.17951e-35 0.0195947 0.0136674 0.0177165 0.0029877 0.00547053 -0.0152026 -0.0154697 -0.0130115 
0.0159132 0.416569 0.127043 0.268703 0.0759245 0.214158 -0.00285098 -0.099462 -0.00835437 -0.0513669 -0.00292434 -0.0492822 -0.132917 -0.129323 -0.132911 
0.53989 0.534035 0.501 0.526098 0.537952 0.538467 0.0558679 0.038544 0.0636434 0.0501451 0.0603658 0.0469785 -0.0031365 0.00248637 0.0103852 
9.26119e-35 0.207034 0.267981 0.238703 0.148423 0.110586 -2.66268e-36 -0.00468294 -0.00794491 -0.00640689 -0.00262664 -0.00166123 -0.000281206 0.00265158 -0.000138887 
-0.0745045 0.0708469 -0.0345122 0.00166353 -0.0546994 -0.020425 0.0405746 0.0142274 0.031641 0.0265061 0.0353411 0.0347177 -0.120314 -0.118667 -0.120065 
6.90252e-35 0.221966 0.14356 0.183491 0.0737588 0.116377 -2.94227e-36 -0.00848312 -0.00483004 -0.00671683 -0.00176376 -0.00293005 0.000321825 0.00018427 -0.00120638 
0.300898 0.481703 0.425947 0.456276 0.361912 0.400957 0.000129771 0.0197201 0.0307804 0.0253894 0.0129194 0.00823231 -0.0127951 -0.0077044 -0.0134049 
2.81516e-34 0.524375 0.406986 0.465972 0.191813 0.237445 -4.40068e-34 -0.0349694 -0.0304366 -0.0327313 -0.00827725 -0.00894552 -0.0867503 -0.0901443 -0.0851133 
0.0159132 -0.192636 0.171731 -0.0314872 0.0905097 -0.0969069 -0.00285098 -0.00336922 -0.0760766 -0.0221672 -0.0385133 0.00407217 -0.132917 -0.117433 -0.122173 
0.0223457 0.171731 -0.192636 -0.0314872 -0.103094 0.0937814 -0.0653022 -0.0760766 -0.00336922 -0.0221672 -0.0222793 -0.0679903 -0.0977086 -0.122173 -0.117433 
0.634331 0.77233 0.405532 0.600992 0.523005 0.703862 -0.12458 -0.12892 -0.0589659 -0.0970809 -0.0884439 -0.129467 -0.123833 -0.116075 -0.12361 
1.63945e-34 7.06085e-35 0.126548 0.0574794 0.0589384 -3.58662e-35 8.45538e-35 6.39954e-35 0.000417299 0.000247243 0.000918593 1.43226e-34 -0.0159794 -0.012986 -0.0141019 
0.517566 0.534035 0.481703 0.52287 0.504344 0.527626 0.00826277 0.038544 0.0197201 0.029593 0.0135784 0.0216804 -0.000457507 0.00248637 -0.0077044 
0.53989 0.481703 0.534035 0.52287 0.538467 0.515402 0.0558679 0.0197201 0.038544 0.029593 0.0469785 0.0361129 -0.0031365 -0.0077044 0.00248637 
0.481087 0.498982 0.501603 0.503521 0.493067 0.500526 -0.0260439 -0.0245408 -0.0259296 -0.0253554 -0.026381 -0.0250855 0.000101093 -0.000103886 0.000433434 
0.0223457 -0.192636 -0.2154 -0.20841 -0.127775 -0.103094 -0.0653022 -0.00336922 -0.00806696 -0.00661427 -0.0270339 -0.0222793 -0.0977086 -0.117433 -0.0948176 
-1.98343e-34 -0.2154 -0.192636 -0.20841 -0.213762 -0.178435 5.28631e-34 -0.00806696 -0.00336922 -0.00661427 0.00773393 0.00357186 -0.106298 -0.0948176 -0.117433 
0.383499 0.50783 0.460658 0.485333 0.427934 0.45666 0.0219717 0.0280578 0.00702243 0.0167982 0.0148269 0.0279835 0.0167845 0.00824131 0.0105667 
4.54484e-34 0.774881 0.624856 0.704602 0.350399 0.456833 2.64421e-34 -0.00196713 -0.000857304 -0.00127118 -0.0002892 -0.000616927 -0.0556629 -0.061167 -0.0518765 
0.998685 0.774881 0.997027 0.930048 0.997865 0.93491 -0.00157865 -0.00196713 -0.0028665 -0.00270351 -0.00235909 -0.00213071 -0.0513812 -0.061167 -0.060539 
0.989514 0.997027 0.774881 0.930048 0.916689 0.993916 -0.00427537 -0.0028665 -0.00196713 -0.00270351 -0.00339386 -0.00349348 -0.0694628 -0.060539 -0.061167 
0.564371 0.171731 0.428037 0.296616 0.494418 0.362271 -0.180806 -0.0760766 -0.170737 -0.122959 -0.176672 -0.124269 -0.112052 -0.122173 -0.0937193 
0.0223457 0.428037 0.171731 0.296616 0.0937814 0.222946 -0.0653022 -0.170737 -0.0760766 -0.122959 -0.0679903 -0.115921 -0.0977086 -0.0937193 -0.122173 
7.43231e-34 5.06407e-34 0.0307107 -0.0117422 0.0296814 1.06711e-33 3.14381e-34 3.94868e-35 0.0392722 0.0452094 0.0289412 7.74932e-36 -0.137535 -0.123168 -0.125346 
0.482064 0.586677 0.329787 0.476592 0.41695 0.53875 0.0702182 0.0736836 0.0277762 0.0471932 0.0459033 0.0747448 -0.0143872 -0.0134875 -0.00896942 
0.583982 0.593278 0.318908 0.470842 0.469899 0.592314 -0.0424603 -0.0955833 -0.0356935 -0.072787 -0.0487437 -0.0677961 0.0076476 0.0114575 0.0251185 
0.213962 0.711542 0.768282 0.73754 0.512383 0.476964 -0.00971631 -0.0620082 -0.0530707 -0.0574933 -0.044626 -0.0416295 -0.121737 -0.118445 -0.11999 
-1.98343e-34 -1.73551e-34 -0.2154 -0.171172 -0.178435 2.08544e-35 5.28631e-34 3.61496e-34 -0.00806696 -0.00250543 0.00357186 9.0581e-34 -0.106298 -0.0754431 -0.0948176 
0.989514 0.645439 0.834039 0.748299 0.93538 0.878747 -0.00427537 -0.00232155 -0.00565321 -0.00357995 -0.00552084 -0.00407845 -0.0694628 -0.0722846 -0.0809996 
0.328731 0.285922 0.0763475 0.166299 0.177517 0.30839 -0.0656684 -0.0617117 -0.0104131 -0.0298609 -0.030642 -0.0647906 -0.0597364 -0.0563469 -0.0573833 
0.083488 0.0822333 0.00614578 0.0302646 0.039075 0.0821789 -0.0221835 -0.0428903 -0.0163705 -0.0318923 -0.0204062 -0.0350054 -0.0505138 -0.0551738 -0.0551612 
0.0361263 0.117628 -0.074982 0.00604881 -0.0365293 0.0720242 0.00860749 0.052447 0.0128496 0.0305328 0.00921839 0.0296948 -0.0712818 -0.0571075 -0.0534468 
6.83659e-35 0.0702614 0.164675 0.117517 0.0761045 0.0350036 8.74737e-35 0.0228654 0.0295943 0.0275111 0.0104481 0.00736781 0.0154397 0.00814416 0.0168259 
6.83659e-35 1.20025e-35 0.0702614 0.0141362 0.0350036 -2.03725e-35 8.74737e-35 2.58913e-35 0.0228654 0.00713751 0.00736781 8.64292e-35 0.0154397 0.00241277 0.00814416 
0.209147 0.164675 0.0702614 0.117517 0.137085 0.187821 0.0731816 0.0295943 0.0228654 0.0275111 0.0502997 0.0529617 0.0069953 0.0168259 0.00814416 
6.43218e-35 1.56501e-34 0.164288 0.0927775 0.0599566 -2.22733e-35 -1.42252e-34 -1.62421e-34 -0.0324846 -0.0109923 -0.0126836 -2.61327e-34 0.0238396 0.0293569 0.0265808 
4.00521e-34 4.24707e-34 0.429954 0.227509 0.218924 -1.7258e-35 -4.97513e-34 -4.8138e-34 -0.0123373 -0.00451288 -0.00344776 -9.57696e-34 -0.0990434 -0.0964224 -0.097457 
2.61038e-34 3.72006e-34 0.361963 0.186377 0.173297 -2.70184e-35 -4.70378e-34 -4.80059e-34 -0.0164626 -0.0065383 -0.00510355 -9.25601e-34 -0.0937921 -0.0951941 -0.0942507 
2.28923e-34 1.96046e-34 0.292535 0.151168 0.163855 -2.39634e-35 3.19655e-36 4.35466e-35 0.0124211 0.00480099 0.00290994 3.43083e-35 0.000192509 -0.00706514 -0.00363585 
-8.79414e-35 -7.15228e-35 -0.103457 -0.0693108 -0.0761127 7.56428e-36 -2.90934e-34 -3.33836e-34 -0.00949336 -0.00431474 -0.00182644 -6.21126e-34 -0.0593281 -0.0665425 -0.064637 
-3.36659e-35 -7.72564e-35 -0.0570096 -0.0672029 -0.0518891 -1.22179e-35 -7.97358e-35 -1.97641e-34 0.0145535 0.00361156 0.0050038 -2.98629e-34 -0.0187876 -0.0413321 -0.0316932 
1.04557e-35 2.00532e-35 0.0229049 0.0143806 0.0115594 -3.55279e-37 -2.68665e-34 -2.57462e-34 -0.00255417 -3.83006e-06 -0.000992987 -5.21026e-34 -0.0541227 -0.0525242 -0.0525583 
-4.27751e-35 -6.42927e-36 -0.0330329 -0.0111958 -0.0228721 9.40836e-36 -3.23008e-34 -2.9614e-34 -0.0142046 -0.00340747 -0.00493837 -6.02807e-34 -0.0641501 -0.0591979 -0.0608858 
3.52204e-35 6.09737e-35 0.0711141 0.0300117 0.0229411 -7.02543e-36 -2.95853e-34 -3.17143e-34 -0.00811752 -0.0016279 -0.00145848 -6.02931e-34 -0.0596759 -0.0635728 -0.0609571 
1.93924e-35 2.44294e-35 0.0319776 0.0119857 0.0107432 -4.25355e-36 -2.62932e-34 -2.78594e-34 -0.000670697 -2.51223e-05 0.000302134 -5.40218e-34 -0.0537319 -0.0564837 -0.0550266 
0.95692 0.768282 0.711542 0.73754 0.869109 0.889809 -0.0665301 -0.0530707 -0.0620082 -0.0574933 -0.0689488 -0.0638873 -0.110587 -0.11999 -0.118445 
1.00473e-34 7.25102e-35 0.120239 0.0556121 0.0622836 -7.52887e-36 8.90056e-35 8.87395e-35 0.0070724 0.00203207 0.00214972 1.69393e-34 -0.0169479 -0.0173771 -0.0170862 
1.66608e-34 1.24488e-34 0.195058 0.0934752 0.1057 -1.37614e-35 6.88162e-35 8.17951e-35 0.0136674 0.0029877 0.0032564 1.3415e-34 -0.0122092 -0.0152026 -0.0130115 
8.29564e-35 1.12844e-34 0.151592 0.070278 0.0571571 -1.23594e-35 -3.42125e-34 -3.70061e-34 -0.0133487 -0.00316182 -0.00353735 -6.96757e-34 -0.0683966 -0.0739939 -0.0705227 
2.06124e-34 2.32747e-34 0.294949 0.171127 0.16285 -1.74337e-35 -1.2053e-34 -5.38516e-35 -0.00485125 -0.00181228 -0.00453888 -1.61261e-34 0.0221195 0.0108265 0.0162691 
-1.21812e-34 -2.19835e-35 -0.0624194 -0.0649831 -0.0977999 -2.39508e-35 1.48069e-34 -3.33899e-35 -0.0325026 -0.0106619 -0.00901571 1.57611e-34 -0.0334402 0.00208846 -0.0170355 
0.730905 0.847694 0.829317 0.844407 0.809757 0.796147 -0.192345 -0.198093 -0.233959 -0.219407 -0.220198 -0.201209 -0.0671462 -0.0856095 -0.0885575 
0.876499 0.768282 0.979681 0.924479 0.955905 0.825411 -0.0454187 -0.0530707 -0.0549904 -0.0595228 -0.055647 -0.0505228 -0.118241 -0.11999 -0.10896 
4.9693e-34 5.0143e-34 -0.00559601 -0.0010518 -0.00191436 1.00515e-33 1.38046e-35 2.15536e-36 0.00899793 0.0028386 0.00716365 -7.38875e-37 -0.120509 -0.120593 -0.120881 
0.999527 0.999296 0.834039 0.953248 0.961541 0.999787 -0.0106105 -0.00711124 -0.00565321 -0.00705518 -0.0091832 -0.00858467 -0.0860337 -0.0774407 -0.0809996 
0.989514 0.834039 0.999296 0.953248 0.996013 0.93538 -0.00427537 -0.00565321 -0.00711124 -0.00705518 -0.0059367 -0.00552084 -0.0694628 -0.0809996 -0.0774407 
2.39456e-34 0.437665 0.75 0.609476 0.4375 0.234469 7.74203e-35 -0.000147452 -3.57326e-37 -0.000118389 -1.25622e-37 -6.45569e-05 -0.0325339 -0.0382335 -0.0324245 
0.205588 0.237678 -0.0838754 0.0631629 0.0425828 0.215857 -0.118329 -0.134941 -0.0485808 -0.0885244 -0.0839665 -0.126955 -0.0260265 -0.0604538 -0.0596126 
1.12844e-34 0.298526 0.151592 0.220479 0.070278 0.121833 -3.70061e-34 -0.0304007 -0.0133487 -0.0203371 -0.00316182 -0.00664257 -0.0739939 -0.0738877 -0.0705227 
0.483721 0.151592 0.298526 0.220479 0.397357 0.309001 -0.0743982 -0.0133487 -0.0304007 -0.0203371 -0.0492934 -0.037142 -0.0702866 -0.0705227 -0.0738877 
0.95692 0.979681 0.768282 0.924479 0.889809 0.971984 -0.0665301 -0.0549904 -0.0530707 -0.0595228 -0.0638873 -0.0612767 -0.110587 -0.10896 -0.11999 
0.763293 0.829317 0.847694 0.844407 0.842148 0.809921 -0.203505 -0.233959 -0.198093 -0.219407 -0.216475 -0.224982 -0.108127 -0.0885575 -0.0856095 
0.30761 0.120239 0.15103 0.135688 0.22458 0.21262 0.0344961 0.0070724 0.00840684 0.00823109 0.0195005 0.0193186 -0.0172113 -0.0170862 -0.0169218 
7.25102e-35 0.15103 0.120239 0.135688 0.0556121 0.0724227 8.87395e-35 0.00840684 0.0070724 0.00823109 0.00203207 0.00263331 -0.0173771 -0.0169218 -0.0170862 
-0.0487295 -0.035193 -0.0158913 -0.0261954 -0.0310465 -0.0426589 0.0170078 0.0203651 0.0057286 0.0122698 0.0103487 0.0189833 -0.120503 -0.120843 -0.12089 
0.876499 0.411431 0.768282 0.613294 0.825411 0.694503 -0.0454187 -0.0437385 -0.0530707 -0.0501825 -0.0505228 -0.0454041 -0.118241 -0.125725 -0.11999 
-4.21661e-35 -0.0872643 -0.0561133 -0.0698393 -0.0308039 -0.0380897 6.11004e-34 0.0178477 0.0125828 0.0151775 0.00413456 0.00414648 -0.122539 -0.122332 -0.121382 
7.43231e-34 0.0307107 0.411431 0.154795 0.227607 0.0296814 3.14381e-34 0.0392722 -0.0437385 0.00189647 -0.0271508 0.0289412 -0.137535 -0.125346 -0.125725 
-0.101788 -0.143177 -0.0645681 -0.133167 -0.0881953 -0.131038 0.0491354 0.0348141 0.0460008 0.0482914 0.0505268 0.0457902 -0.122944 -0.124373 -0.127178 
0.0814158 -0.074982 0.117628 0.00604881 0.0932923 -0.0110851 0.0634123 0.0128496 0.052447 0.0305328 0.0589333 0.0330125 -0.0357937 -0.0534468 -0.0571075 
-0.146288 -0.0645681 -0.143177 -0.133167 -0.157675 -0.104753 0.0395539 0.0460008 0.0348141 0.0482914 0.0410709 0.0450447 -0.12865 -0.127178 -0.124373 
0.00869126 0.00614578 0.0822333 0.0302646 0.0471592 -0.000149992 -0.0394616 -0.0163705 -0.0428903 -0.0318923 -0.0422372 -0.0311699 -0.0617949 -0.0551612 -0.0551738 
0.138262 0.0763475 0.285922 0.166299 0.202055 0.108345 -0.0198323 -0.0104131 -0.0617117 -0.0298609 -0.0379802 -0.0158295 -0.0544709 -0.0573833 -0.0563469 
0.43596 0.318908 0.593278 0.470842 0.524577 0.383358 -0.110739 -0.0356935 -0.0955833 -0.072787 -0.104834 -0.0747015 0.0192255 0.0251185 0.0114575 
0.54435 0.329787 0.586677 0.476592 0.569453 0.449093 0.0375484 0.0277762 0.0736836 0.0471932 0.0568501 0.0348394 -0.00675588 -0.00896942 -0.0134875 
0.308358 0.297177 0.458465 0.381855 0.38609 0.303373 0.0221462 -0.0154188 0.0276323 0.00371247 0.0265832 0.00180466 -0.0738825 -0.0710466 -0.0678305 
0.525969 0.428037 0.237678 0.330797 0.385352 0.477 -0.210381 -0.170737 -0.134941 -0.1545 -0.173179 -0.191699 -0.0678512 -0.0937193 -0.0604538 
0.5282 0.458465 0.297177 0.381855 0.414664 0.491269 -0.000332486 0.0276323 -0.0154188 0.00371247 -0.00699752 0.0136846 -0.0624747 -0.0678305 -0.0710466 
0.871294 0.831431 0.847694 0.858677 0.861199 0.874868 -0.160573 -0.190214 -0.198093 -0.204052 -0.180953 -0.184436 -0.0893437 -0.108058 -0.0856095 
1.39338e-34 0.220281 0.239077 0.230508 0.133755 0.124444 9.62906e-35 0.0112848 0.00482623 0.00792439 0.00182241 0.00288156 0.0189572 0.0189872 0.0171174 
0.296503 0.398431 0.511204 0.457879 0.400748 0.343334 -0.0599339 -0.093965 -0.117485 -0.109522 -0.0897062 -0.0759478 -0.0487204 -0.0492945 -0.0460316 
0.763293 0.847694 0.831431 0.858677 0.79855 0.842148 -0.203505 -0.198093 -0.190214 -0.204052 -0.197821 -0.216475 -0.108127 -0.0856095 -0.108058 
0.649959 0.511204 0.398431 0.457879 0.539708 0.583874 -0.179098 -0.117485 -0.093965 -0.109522 -0.140521 -0.148004 -0.042569 -0.0460316 -0.0492945 
7.06085e-35 0.143245 0.126548 0.134486 0.0574794 0.0642853 6.39954e-35 -0.00208101 0.000417299 -0.000716099 0.000247243 -8.05605e-05 -0.012986 -0.0119393 -0.0141019 
0.574893 0.544914 0.549693 0.558824 0.562278 0.566519 0.121033 0.078431 0.0976847 0.087828 0.109906 0.100241 -0.006023 -0.00778265 0.00149637 
0.452916 0.46043 0.559677 0.518479 0.509856 0.456257 0.128073 0.145629 0.146823 0.150305 0.138335 0.13976 0.001534 -0.016351 -0.0100432 
0.597865 0.559677 0.46043 0.518479 0.540453 0.579551 0.155929 0.146823 0.145629 0.150305 0.155764 0.152319 -0.0187955 -0.0100432 -0.016351 
0.876499 0.979681 0.988904 0.984546 0.965101 0.955905 -0.0454187 -0.0549904 -0.0425326 -0.0495328 -0.0500633 -0.055647 -0.118241 -0.10896 -0.10709 
0.597865 0.633842 0.603411 0.630765 0.621306 0.615873 0.155929 0.151882 0.128324 0.144783 0.146079 0.155792 -0.0187955 -0.0267258 -0.0183592 
0.644046 0.603411 0.633842 0.630765 0.647341 0.624721 0.129669 0.128324 0.151882 0.144783 0.14539 0.130803 -0.0229855 -0.0183592 -0.0267258 
0.308953 0.164675 0.321302 0.24274 0.317063 0.240785 0.0444213 0.0295943 0.0779846 0.0561287 0.0607649 0.040672 0.0191452 0.0168259 0.0140794 
0.209147 0.321302 0.164675 0.24274 0.187821 0.268888 0.0731816 0.0779846 0.0295943 0.0561287 0.0529617 0.0780599 0.0069953 0.0140794 0.0168259 
0.78139 0.956263 0.925065 0.941891 0.872167 0.899939 -0.0542507 -0.0707774 -0.0794877 -0.0759978 -0.0683228 -0.0658618 -0.0966979 -0.105339 -0.10028 
0.14969 0.536378 0.711542 0.623193 0.40101 0.330422 -0.0049318 -0.0551449 -0.0620082 -0.058999 -0.0369781 -0.0304537 -0.120666 -0.118653 -0.118445 
0.5282 0.610706 0.697784 0.662293 0.633977 0.56894 -0.000332486 -0.0270074 0.00726942 -0.00522393 0.0114082 -0.013322 -0.0624747 -0.0513794 -0.0366141 
0.704862 0.697784 0.610706 0.662293 0.671013 0.70138 -0.048515 0.00726942 -0.0270074 -0.00522393 -0.0317228 -0.01992 -0.0282793 -0.0366141 -0.0513794 
0.892902 0.925065 0.956263 0.941891 0.946041 0.945962 -0.0824808 -0.0794877 -0.0707774 -0.0759978 -0.0794272 -0.0857313 -0.112071 -0.10028 -0.105339 
0.213962 0.768282 0.411431 0.613294 0.299367 0.512383 -0.00971631 -0.0530707 -0.0437385 -0.0501825 -0.0238666 -0.044626 -0.121737 -0.11999 -0.125725 
0.649959 0.72656 0.706979 0.725501 0.712948 0.69314 -0.179098 -0.226188 -0.21855 -0.226301 -0.205049 -0.203381 -0.042569 -0.0439556 -0.0247081 
0.892902 0.711542 0.536378 0.623193 0.753608 0.817423 -0.0824808 -0.0620082 -0.0551449 -0.058999 -0.0734907 -0.0739366 -0.112071 -0.118445 -0.118653 
0.661737 0.699522 0.298526 0.506313 0.476534 0.683643 -0.073511 -0.101315 -0.0304007 -0.06164 -0.049153 -0.0875559 -0.0814394 -0.078764 -0.0738877 
0.632492 0.706979 0.72656 0.725501 0.725942 0.68013 -0.235921 -0.21855 -0.226188 -0.226301 -0.244572 -0.231024 -0.0415136 -0.0247081 -0.0439556 
0.862061 0.988904 0.979681 0.984546 0.950352 0.950402 -0.036637 -0.0425326 -0.0549904 -0.0495328 -0.0467923 -0.0410155 -0.101441 -0.10709 -0.10896 
0.0886522 0.343038 0.0708469 0.186202 0.0830784 0.191559 0.0186602 -0.0400964 0.0142274 -0.00824042 0.0175572 -0.00872023 -0.121576 -0.11903 -0.118667 
0.400224 0.0708469 0.343038 0.186202 0.369853 0.19989 -0.0446023 0.0142274 -0.0400964 -0.00824042 -0.0423259 -0.0126668 -0.118106 -0.118667 -0.11903 
0.233361 0.319836 0.15103 0.235235 0.192644 0.273915 0.00947421 0.0270591 0.00840684 0.0181907 0.0107687 0.0173976 -0.0158585 -0.0170311 -0.0169218 
-0.0169888 -0.0158913 -0.035193 -0.0261954 -0.0258015 -0.0170518 0.0129921 0.0057286 0.0203651 0.0122698 0.0167913 0.00901608 -0.120776 -0.12089 -0.120843 
0.483721 0.298526 0.699522 0.506313 0.595355 0.397357 -0.0743982 -0.0304007 -0.101315 -0.06164 -0.0891223 -0.0492934 -0.0702866 -0.0738877 -0.078764 
0.30761 0.15103 0.319836 0.235235 0.312851 0.22458 0.0344961 0.00840684 0.0270591 0.0181907 0.031812 0.0195005 -0.0172113 -0.0169218 -0.0170311 
0.501 0.534035 0.50783 0.524296 0.506041 0.526098 0.0636434 0.038544 0.0280578 0.0323472 0.0448642 0.0501451 0.0103852 0.00248637 0.00824131 
0.585735 0.405532 0.77233 0.600992 0.68774 0.490455 -0.0829041 -0.0589659 -0.12892 -0.0970809 -0.105658 -0.0703373 -0.118928 -0.12361 -0.116075 
0.79009 0.737951 0.750702 0.778212 0.791866 0.764615 -0.249542 -0.253735 -0.229353 -0.253387 -0.248959 -0.253573 -0.081648 -0.0674656 -0.0618443 
0.565104 0.635122 0.415434 0.534146 0.488554 0.600899 -0.108374 -0.092194 -0.0692932 -0.0826248 -0.0878087 -0.102699 -0.0439589 -0.0400808 -0.0511663 
0.570802 0.653395 0.499996 0.588654 0.53563 0.619382 0.0795761 0.119072 0.0995933 0.115236 0.090155 0.103696 -0.058806 -0.0443663 -0.0576582 
0.517566 0.50783 0.534035 0.524296 0.527626 0.524812 0.00826277 0.0280578 0.038544 0.0323472 0.0216804 0.0170084 -0.000457507 0.00824131 0.00248637 
0.53989 0.549693 0.544914 0.558824 0.542255 0.551737 0.0558679 0.0976847 0.078431 0.087828 0.0672051 0.0757334 -0.0031365 0.00149637 -0.00778265 
0.59941 0.499996 0.653395 0.588654 0.62676 0.554166 0.139368 0.0995933 0.119072 0.115236 0.129831 0.124135 -0.0399966 -0.0576582 -0.0443663 
0.517681 0.415434 0.635122 0.534146 0.577321 0.466657 -0.0556491 -0.0692932 -0.092194 -0.0826248 -0.07358 -0.0643981 -0.0513077 -0.0511663 -0.0400808 
0.747229 0.750702 0.737951 0.778212 0.761826 0.751051 -0.238707 -0.229353 -0.253735 -0.253387 -0.254078 -0.235245 -0.0526809 -0.0618443 -0.0674656 
5.0143e-34 -0.00303653 -0.00559601 -0.00478596 -0.0010518 -0.000906236 2.15536e-36 0.00247588 0.00899793 0.00529357 0.0028386 0.00148275 -0.120593 -0.120804 -0.120881 
-0.0169888 -0.00559601 -0.00303653 -0.00478596 -0.00862386 -0.0114609 0.0129921 0.00899793 0.00247588 0.00529357 0.00655059 0.0117035 -0.120776 -0.120881 -0.120804 
4.9693e-34 -0.00559601 -0.0207448 -0.0119884 -0.00654491 -0.00191436 1.38046e-35 0.00899793 0.0280263 0.0176759 0.0202277 0.00716365 -0.120509 -0.120881 -0.121387 
-0.0169888 -0.0207448 -0.00559601 -0.0119884 -0.0114609 -0.0199924 0.0129921 0.0280263 0.00899793 0.0176759 0.0117035 0.0202107 -0.120776 -0.121387 -0.120881 
