0.426189 0.826527 7.52602e-34 0.542495 0.236488 0.658064 -0.0494416 -0.0273963 3.10401e-34 -0.0353561 -0.030683 -0.0471682 -0.125258 -0.117818 -0.137607 
-0.106962 -0.130697 0.18811 0.034196 0.0342719 -0.112406 0.0807605 0.0602099 0.00887302 0.0400906 0.0570203 0.0750944 -0.138456 -0.151135 -0.15193 
0.502162 0.456464 0.501361 0.498131 0.502388 0.491506 0.0169667 0.0366598 0.0277679 0.033639 0.0220511 0.0259037 0.0104424 0.0175121 0.00934412 
0.551338 0.386241 0.594735 0.523516 0.572666 0.493327 0.127997 0.128926 0.122337 0.134331 0.127616 0.1376 0.000230846 -0.0236609 -0.00642112 
0.606132 0.348033 0.671412 0.525209 0.639359 0.487172 -0.0721097 -0.0917853 -0.134344 -0.116159 -0.10267 -0.0858358 -0.0600413 -0.0720392 -0.0497214 
0.248596 0.247746 0.758653 0.497486 0.495431 0.247284 -0.0546757 -0.105955 -0.224037 -0.165562 -0.142368 -0.0815664 -0.156452 -0.148061 -0.128734 
0.388344 0.322573 0.21667 0.273266 0.314709 0.359532 0.00995978 -0.000381699 0.00212587 0.00138154 0.00604522 0.00383304 0.0177357 0.0150329 0.0185706 
0.754905 0.581798 0.740042 0.707168 0.747983 0.730136 -0.273031 -0.253439 -0.245988 -0.262198 -0.261989 -0.278582 -0.0559751 -0.0357943 -0.0389805 
0.883422 0.826527 0.426189 0.658064 0.707217 0.857816 -0.0528433 -0.0273963 -0.0494416 -0.0471682 -0.0521398 -0.041052 -0.115902 -0.117818 -0.125258 
0.591779 0.277772 0.478013 0.39184 0.541666 0.445557 -0.0870971 -0.0331786 -0.0213283 -0.0356882 -0.0523669 -0.0694175 0.0235204 0.0410071 0.0277492 
0.754905 0.691055 0.581798 0.635595 0.730136 0.760085 -0.273031 -0.287291 -0.253439 -0.273691 -0.278582 -0.290825 -0.0559751 -0.0722182 -0.0357943 
0.365128 0.32734 0.472419 0.41595 0.429366 0.346967 -0.00535386 -0.00467435 -0.00758431 -0.0063989 -0.00694286 -0.00523981 0.00639068 0.00949219 0.00774507 
0.455396 0.472419 0.32734 0.41595 0.40283 0.464482 -0.00456201 -0.00758431 -0.00467435 -0.0063989 -0.00556649 -0.00635277 0.0101657 0.00774507 0.00949219 
0.551338 0.521397 0.511176 0.544393 0.531564 0.558115 0.127997 0.0794488 0.117256 0.100322 0.12378 0.104293 0.000230846 0.00543693 0.0064465 
0.502162 0.455143 0.496595 0.495298 0.500086 0.489532 0.0169667 0.00262328 0.00773319 0.00571573 0.0121116 0.00901393 0.0104424 0.00589729 0.011175 
0.500452 0.455143 0.488612 0.474356 0.49663 0.488082 0.000908368 0.00262328 -0.00524614 -0.00180777 -0.00264439 0.00169067 0.00879365 0.00589729 0.00694562 
0.488612 0.455143 0.431848 0.443319 0.465835 0.474356 -0.00524614 0.00262328 -0.00416729 -0.00105743 -0.00468317 -0.00180777 0.00694562 0.00589729 0.00555942 
0.481416 0.265491 0.359045 0.317313 0.423094 0.391414 0.0623302 0.0191597 0.0323433 0.027249 0.046062 0.0382614 0.00666974 0.00866167 0.00486651 
0.591779 0.478013 0.696845 0.629859 0.672847 0.541666 -0.0870971 -0.0213283 -0.00702103 -0.017158 -0.0488751 -0.0523669 0.0235204 0.0277492 -0.0115651 
-0.00955298 -0.0216478 -0.0292562 -0.0363338 -0.021965 -0.0212575 0.0427554 0.030034 0.0601226 0.0463706 0.0484146 0.0414247 -0.122592 -0.12227 -0.121994 
0.848795 0.84436 0.793336 0.878861 0.820607 0.894744 -0.185117 -0.20524 -0.210004 -0.233862 -0.200907 -0.21221 -0.0860253 -0.122749 -0.0761284 
0.691055 0.575413 0.323873 0.445895 0.520508 0.639508 -0.287291 -0.218043 -0.18775 -0.204501 -0.240311 -0.260792 -0.0722182 -0.121726 -0.0818341 
0.758653 0.793336 0.84436 0.878861 0.802545 0.862851 -0.224037 -0.210004 -0.20524 -0.233862 -0.21795 -0.255357 -0.128734 -0.0761284 -0.122749 
0.481416 0.359045 0.521397 0.462141 0.507859 0.423094 0.0623302 0.0323433 0.0794488 0.0544965 0.0728952 0.046062 0.00666974 0.00486651 0.00543693 
0.388344 0.459607 0.322573 0.404328 0.359532 0.42897 0.00995978 0.00197164 -0.000381699 0.000612684 0.00383304 0.00579712 0.0177357 0.0127342 0.0150329 
0.803953 0.575413 0.691055 0.639508 0.755466 0.729567 -0.293345 -0.218043 -0.287291 -0.260792 -0.29664 -0.278745 -0.0845118 -0.121726 -0.0722182 
0.375851 0.288739 0.455143 0.385333 0.42003 0.333086 0.00698638 -0.00105259 0.00262328 0.000525155 0.00531103 0.00225329 0.00397402 0.00395331 0.00589729 
0.388344 0.303828 0.456464 0.391881 0.426523 0.349947 0.00995978 0.0165492 0.0366598 0.0281904 0.0218617 0.0134563 0.0177357 0.0211966 0.0175121 
0.606132 0.696845 0.511498 0.650128 0.557154 0.681435 -0.0721097 -0.00702103 -0.00678734 0.000801345 -0.0384358 -0.0305235 -0.0600413 -0.0115651 -0.0665627 
0.259964 0.105462 0.386241 0.235501 0.314791 0.182521 0.0976135 0.0670184 0.128926 0.0993675 0.11603 0.0857036 0.000844481 -0.0213426 -0.0236609 
0.127338 0.0469391 0.348033 0.183498 0.232125 0.0855316 -0.0359507 -0.0446974 -0.0917853 -0.0734272 -0.0675648 -0.0488479 -0.0777739 -0.0680281 -0.0720392 
0.259964 0.257784 0.0745283 0.169003 0.162437 0.259259 0.0976135 0.0591947 0.0310188 0.0500487 0.0672471 0.0798066 0.000844481 0.0175856 0.00242099 
0.388344 0.21667 0.303828 0.266243 0.349947 0.314709 0.00995978 0.00212587 0.0165492 0.00808697 0.0134563 0.00604522 0.0177357 0.0185706 0.0211966 
0.259964 0.429974 0.257784 0.345253 0.259259 0.354308 0.0976135 0.103759 0.0591947 0.0854644 0.0798066 0.106824 0.000844481 0.0127708 0.0175856 
0.127338 0.055547 -0.0620944 -0.0213822 0.0122786 0.081561 -0.0359507 0.019148 -0.0168348 -0.0133503 -0.0324045 -0.00994051 -0.0777739 -0.069234 -0.0699421 
0.259964 0.0745283 0.105462 0.0853588 0.182521 0.162437 0.0976135 0.0310188 0.0670184 0.0512962 0.0857036 0.0672471 0.000844481 0.00242099 -0.0213426 
0.425477 0.190006 0.113095 0.156067 0.249406 0.297055 -0.117947 -0.046827 -0.0130281 -0.0277152 -0.0480682 -0.0728416 -0.0568682 -0.0554358 -0.058773 
0.127338 -0.0620944 0.0469391 -0.0114326 0.0855316 0.0122786 -0.0359507 -0.0168348 -0.0446974 -0.033517 -0.0488479 -0.0324045 -0.0777739 -0.0699421 -0.0680281 
0.419658 0.257784 0.429974 0.345253 0.424958 0.348404 0.0654675 0.0591947 0.103759 0.0854644 0.0840979 0.0665102 0.0186541 0.0175856 0.0127708 
0.127338 0.33346 0.055547 0.180073 0.081561 0.220083 -0.0359507 0.0153326 0.019148 0.0133967 -0.00994051 -0.0197229 -0.0777739 -0.0744815 -0.069234 
0.295601 0.055547 0.33346 0.180073 0.308867 0.163405 0.0765595 0.019148 0.0153326 0.0133967 0.0475446 0.0426097 -0.0540695 -0.069234 -0.0744815 
0.387979 0.462189 0.485938 0.475588 0.448578 0.430022 -0.00331014 -0.0030495 -0.0057797 -0.0042719 -0.00459106 -0.00323628 0.00283426 0.00156608 0.00321049 
0.500021 0.485938 0.462189 0.475588 0.49015 0.496287 -0.00443864 -0.0057797 -0.0030495 -0.0042719 -0.00382506 -0.00513812 0.0021043 0.00321049 0.00156608 
0.425477 0.553042 0.190006 0.36107 0.297055 0.49436 -0.117947 -0.180934 -0.046827 -0.106981 -0.0728416 -0.153216 -0.0568682 -0.0574117 -0.0554358 
0.35823 0.190006 0.553042 0.36107 0.450057 0.270993 -0.113652 -0.046827 -0.180934 -0.106981 -0.143425 -0.0852763 -0.0609157 -0.0554358 -0.0574117 
0.591779 0.697576 0.371212 0.566383 0.500415 0.651631 -0.0870971 -0.192195 -0.114753 -0.158915 -0.108302 -0.136357 0.0235204 -0.00680753 0.0315101 
0.640091 0.473324 0.608559 0.559388 0.626108 0.568453 0.0501799 0.0435566 0.0928348 0.0652745 0.075645 0.0519504 0.000606609 0.0118716 -4.90907e-05 
0.481416 0.608559 0.473324 0.559388 0.480326 0.552376 0.0623302 0.0928348 0.0435566 0.0652745 0.0557835 0.0784243 0.00666974 -4.90907e-05 0.0118716 
0.470498 0.333238 0.470892 0.415283 0.469715 0.410284 0.0455761 0.0144191 0.028846 0.0222284 0.037225 0.0281274 0.00522819 0.00311625 0.00611888 
0.375851 0.470892 0.333238 0.415283 0.354529 0.428976 0.00698638 0.028846 0.0144191 0.0222284 0.0107826 0.0164128 0.00397402 0.00611888 0.00311625 
0.50883 0.501361 0.456464 0.498131 0.49118 0.506532 0.0471892 0.0277679 0.0366598 0.033639 0.0430876 0.0367458 0.0116143 0.00934412 0.0175121 
0.425477 0.357345 0.793336 0.605549 0.628426 0.3955 -0.117947 -0.0742767 -0.210004 -0.145938 -0.168465 -0.0968984 -0.0568682 -0.0615744 -0.0761284 
0.578587 0.594735 0.386241 0.523516 0.487806 0.592222 0.118575 0.122337 0.128926 0.134331 0.128238 0.122886 -0.0214534 -0.00642112 -0.0236609 
0.455396 0.459607 0.497875 0.484654 0.483506 0.457914 -0.00456201 0.00197164 -0.00448921 -0.00176188 -0.00487806 -0.00169732 0.0101657 0.0127342 0.00851523 
0.660588 0.671412 0.348033 0.525209 0.512994 0.665889 -0.174842 -0.134344 -0.0917853 -0.116159 -0.129048 -0.155929 -0.0532324 -0.0497214 -0.0720392 
2.716e-34 0.213366 0.290445 0.25375 0.159976 0.113054 -2.13156e-35 -0.0011164 -0.0029661 -0.00196775 -0.00113495 -0.000595732 0.00391179 0.00293164 0.0039176 
0.500452 0.497875 0.459607 0.484654 0.491264 0.500015 0.000908368 -0.00448921 0.00197164 -0.00176188 0.00156536 -0.00214051 0.00879365 0.00851523 0.0127342 
9.30758e-35 2.73678e-34 0.216823 0.117048 0.11637 -9.23406e-35 1.38957e-35 2.22497e-35 -0.00107374 -0.000565069 -0.000251425 3.86463e-35 0.00288845 0.00491529 0.0028129 
0.216823 2.73678e-34 0.29869 0.166796 0.259137 0.117048 -0.00107374 2.22497e-35 -0.00291277 -0.00109603 -0.00192959 -0.000565069 0.0028129 0.00491529 0.00445839 
0.640091 0.64473 0.696845 0.67691 0.671315 0.662686 0.0501799 0.0865048 -0.00702103 0.0454958 0.0247759 0.0736601 0.000606609 -0.0256765 -0.0115651 
0.375851 0.181899 0.288739 0.237612 0.333086 0.287414 0.00698638 0.00062811 -0.00105259 0.000412017 0.00225329 0.00385404 0.00397402 0.00316787 0.00395331 
0.5918 0.696845 0.64473 0.67691 0.624927 0.667899 0.0459173 -0.00702103 0.0865048 0.0454958 0.07193 0.0274494 -0.0474714 -0.0115651 -0.0256765 
0.524645 0.511176 0.521397 0.544393 0.535079 0.520962 0.090171 0.117256 0.0794488 0.100322 0.0871634 0.103975 0.00977511 0.0064465 0.00543693 
0.500452 0.496595 0.455143 0.495298 0.488082 0.500018 0.000908368 0.00773319 0.00262328 0.00571573 0.00169067 0.00407571 0.00879365 0.011175 0.00589729 
-0.0292562 -0.0216478 -0.0464723 -0.034322 -0.0500393 -0.0363338 0.0601226 0.030034 0.0354138 0.03223 0.0504699 0.0463706 -0.121994 -0.12227 -0.123538 
8.32509e-34 0.843775 0.842514 0.843291 0.510998 0.510859 -3.04602e-34 -0.002699 -0.00533099 -0.00377137 -0.00198606 -0.00140915 -0.0614569 -0.0566702 -0.0695689 
0.425477 0.113095 0.357345 0.214049 0.3955 0.249406 -0.117947 -0.0130281 -0.0742767 -0.0340522 -0.0968984 -0.0480682 -0.0568682 -0.058773 -0.0615744 
0.322573 0.168133 0.21667 0.194083 0.273266 0.252401 -0.000381699 -0.000398648 0.00212587 0.000448129 0.00138154 -0.000582516 0.0150329 0.0153273 0.0185706 
0.375851 0.333238 0.181899 0.25839 0.287414 0.354529 0.00698638 0.0144191 0.00062811 0.00590748 0.00385404 0.0107826 0.00397402 0.00311625 0.00316787 
0.551338 0.423003 0.386241 0.403774 0.493327 0.497328 0.127997 0.128118 0.128926 0.131005 0.1376 0.132928 0.000230846 -0.000155917 -0.0236609 
0.606132 0.352018 0.348033 0.347498 0.487172 0.490433 -0.0721097 -0.0424893 -0.0917853 -0.0687237 -0.0858358 -0.0534014 -0.0600413 -0.0774756 -0.0720392 
0.502162 0.470661 0.456464 0.46467 0.491506 0.493977 0.0169667 0.0154476 0.0366598 0.0249444 0.0259037 0.016203 0.0104424 0.0145194 0.0175121 
0.481416 0.473324 0.265491 0.378356 0.391414 0.480326 0.0623302 0.0435566 0.0191597 0.0316405 0.0382614 0.0557835 0.00666974 0.0118716 0.00866167 
2.02862e-34 0.271973 0.213366 0.243532 0.114707 0.149376 -8.3726e-36 -0.00123601 -0.0011164 -0.0012391 -0.000238668 -0.000418205 0.00154344 0.00185356 0.00293164 
0.5918 0.511498 0.696845 0.650128 0.667899 0.553654 0.0459173 -0.00678734 -0.00702103 0.000801345 0.0274494 0.0212179 -0.0474714 -0.0665627 -0.0115651 
0.455396 0.371839 0.459607 0.422991 0.457914 0.419236 -0.00456201 -0.00392589 0.00197164 -0.00179392 -0.00169732 -0.00443574 0.0101657 0.0120328 0.0127342 
0.322573 0.459607 0.371839 0.422991 0.348467 0.404328 -0.000381699 0.00197164 -0.00392589 -0.00179392 -0.00233926 0.000612684 0.0150329 0.0127342 0.0120328 
0.387979 0.438431 0.290445 0.375347 0.342992 0.41527 -0.00331014 -0.00636574 -0.0029661 -0.00478905 -0.00329016 -0.00476298 0.00283426 0.00422164 0.0039176 
0.591779 0.371212 0.277772 0.329451 0.445557 0.500415 -0.0870971 -0.114753 -0.0331786 -0.0752707 -0.0694175 -0.108302 0.0235204 0.0315101 0.0410071 
0.248596 0.758653 0.532828 0.652394 0.381997 0.495431 -0.0546757 -0.224037 -0.124577 -0.17717 -0.087953 -0.142368 -0.156452 -0.128734 -0.14646 
2.716e-34 9.19185e-35 0.213366 0.113773 0.113054 -9.30172e-35 -2.13156e-35 -1.51327e-35 -0.0011164 -0.000265246 -0.000595732 -3.37941e-35 0.00391179 0.00300848 0.00293164 
-0.0292562 -0.0816409 -0.0112832 -0.0759502 -0.0236455 -0.065447 0.0601226 0.0491658 0.0751129 0.0753416 0.0707064 0.0637492 -0.121994 -0.125905 -0.126551 
0.478013 0.277772 0.264326 0.280442 0.37815 0.39184 -0.0213283 -0.0331786 -0.00507951 -0.0183489 -0.0156936 -0.0356882 0.0277492 0.0410071 0.0324285 
0.648165 0.740042 0.581798 0.707168 0.616715 0.714796 -0.233622 -0.245988 -0.253439 -0.262198 -0.243366 -0.245036 -0.0163613 -0.0389805 -0.0357943 
0.346566 0.290445 0.438431 0.375347 0.397595 0.319761 -0.00531047 -0.0029661 -0.00636574 -0.00478905 -0.00606173 -0.00414553 0.00470891 0.0039176 0.00422164 
0.142812 0.171817 -0.0112832 0.0654239 0.0548672 0.158771 0.0377723 0.000243704 0.0751129 0.0482283 0.0638186 0.0229234 -0.134154 -0.119755 -0.126551 
0.470498 0.516435 0.521397 0.520225 0.495522 0.500792 0.0455761 0.0618209 0.0794488 0.0716032 0.0610593 0.0535864 0.00522819 0.00894343 0.00543693 
0.640091 0.696845 0.547161 0.641188 0.603845 0.671315 0.0501799 -0.00702103 0.0244275 0.0118092 0.0381437 0.0247759 0.000606609 -0.0115651 0.016598 
0.524645 0.521397 0.516435 0.520225 0.523829 0.535079 0.090171 0.0794488 0.0618209 0.0716032 0.0755361 0.0871634 0.00977511 0.00543693 0.00894343 
0.288739 0.328456 0.455143 0.39962 0.385333 0.308815 -0.00105259 -0.00438734 0.00262328 -0.00201651 0.000525155 -0.00291979 0.00395331 0.0045321 0.00589729 
-0.130697 -0.0221019 0.18811 0.0973902 0.034196 -0.0801788 0.0602099 0.0115471 0.00887302 0.0123331 0.0400906 0.0402314 -0.151135 -0.157824 -0.15193 
0.997052 0.993237 0.764025 0.924688 0.927352 0.99643 -0.0230208 -0.0368227 -0.0230951 -0.0324197 -0.027635 -0.0312909 -0.0932464 -0.100563 -0.0911816 
0.303828 0.332908 0.456464 0.404453 0.391881 0.320543 0.0165492 0.0414233 0.0366598 0.041701 0.0281904 0.0276787 0.0211966 0.021051 0.0175121 
0.431848 0.455143 0.328456 0.39962 0.385898 0.443319 -0.00416729 0.00262328 -0.00438734 -0.00201651 -0.00444199 -0.00105743 0.00555942 0.00589729 0.0045321 
0.478013 0.547161 0.696845 0.641188 0.629859 0.519691 -0.0213283 0.0244275 -0.00702103 0.0118092 -0.017158 0.00281162 0.0277492 0.016598 -0.0115651 
0.105462 0.129479 0.386241 0.25501 0.235501 0.110481 0.0670184 0.0650443 0.128926 0.0958085 0.0993675 0.068126 -0.0213426 -0.046308 -0.0236609 
0.0469391 0.158322 0.348033 0.246554 0.183498 0.101724 -0.0446974 -0.0639077 -0.0917853 -0.0903306 -0.0734272 -0.0543659 -0.0680281 -0.0611511 -0.0720392 
0.40685 0.380425 0.274144 0.33148 0.347427 0.393833 -0.00358596 -0.00176519 -0.00121425 -0.00153833 -0.00226889 -0.00255516 0.00261272 0.000904938 0.00163088 
0.419658 0.456464 0.332908 0.404453 0.378069 0.441396 0.0654675 0.0366598 0.0414233 0.041701 0.0544546 0.049848 0.0186541 0.0175121 0.021051 
0.295601 0.386241 0.129479 0.25501 0.20714 0.340516 0.0765595 0.128926 0.0650443 0.0958085 0.0696903 0.107659 -0.0540695 -0.0236609 -0.046308 
0.35823 0.348033 0.158322 0.246554 0.250862 0.352226 -0.113652 -0.0917853 -0.0639077 -0.0903306 -0.0864541 -0.111072 -0.0609157 -0.0720392 -0.0611511 
0.359045 0.265491 0.173245 0.217841 0.273434 0.317313 0.0323433 0.0191597 0.00757381 0.0121274 0.0193203 0.027249 0.00486651 0.00866167 0.00493952 
0.387979 0.271973 0.37973 0.330121 0.384079 0.335342 -0.00331014 -0.00123601 -0.00177648 -0.00154575 -0.00245327 -0.00216858 0.00283426 0.00185356 0.00115449 
0.758653 0.247746 0.575413 0.413598 0.665191 0.497486 -0.224037 -0.105955 -0.218043 -0.16645 -0.223774 -0.165562 -0.128734 -0.148061 -0.121726 
0.452884 0.171817 0.142812 0.158771 0.266557 0.308803 -0.0522666 0.000243704 0.0377723 0.0229234 -0.00764895 -0.021319 -0.127579 -0.119755 -0.134154 
-3.47005e-35 -7.33706e-35 -0.0816409 -0.0462898 -0.0255321 6.02688e-35 6.40173e-34 6.74766e-34 0.0491658 0.0135581 0.00856254 1.25834e-33 -0.126322 -0.131682 -0.125905 
0.40685 0.467533 0.380425 0.430799 0.393833 0.441078 -0.00358596 -0.00302485 -0.00176519 -0.00238811 -0.00255516 -0.00334553 0.00261272 0.00125542 0.000904938 
0.387979 0.37973 0.462189 0.426813 0.430022 0.384079 -0.00331014 -0.00177648 -0.0030495 -0.00240651 -0.00323628 -0.00245327 0.00283426 0.00115449 0.00156608 
0.470498 0.521397 0.391196 0.467656 0.436374 0.495522 0.0455761 0.0794488 0.0322731 0.0534278 0.0395554 0.0610593 0.00522819 0.00543693 0.00387172 
0.551338 0.569342 0.521397 0.54474 0.558115 0.576237 0.127997 0.0982103 0.0794488 0.0915597 0.104293 0.115152 0.000230846 0.00240443 0.00543693 
0.359045 0.391196 0.521397 0.467656 0.462141 0.375805 0.0323433 0.0322731 0.0794488 0.0534278 0.0544965 0.0330221 0.00486651 0.00387172 0.00543693 
-0.106962 -0.0112832 -0.0816409 -0.0759502 -0.119455 -0.0514179 0.0807605 0.0751129 0.0491658 0.0753416 0.0776248 0.0757752 -0.138456 -0.126551 -0.125905 
0.248596 0.18811 -0.0221019 0.0973902 0.11873 0.223325 -0.0546757 0.00887302 0.0115471 0.0123331 -0.0150576 -0.0206664 -0.156452 -0.15193 -0.157824 
9.19185e-35 2.02862e-34 0.213366 0.114707 0.113773 -9.25413e-35 -1.51327e-35 -8.3726e-36 -0.0011164 -0.000238668 -0.000265246 -2.22656e-35 0.00300848 0.00154344 0.00293164 
0.502162 0.467969 0.455143 0.461256 0.489532 0.493753 0.0169667 0.0136394 0.00262328 0.0070612 0.00901393 0.0157739 0.0104424 0.00656573 0.00589729 
0.357345 0.592358 0.793336 0.713426 0.605549 0.475149 -0.0742767 -0.120645 -0.210004 -0.165345 -0.145938 -0.097607 -0.0615744 -0.0691406 -0.0761284 
5.7356e-34 8.32509e-34 0.842514 0.510998 0.507234 -6.18143e-34 -3.55387e-34 -3.04602e-34 -0.00533099 -0.00198606 -0.00258221 -6.52584e-34 -0.071809 -0.0614569 -0.0695689 
0.848795 0.793336 0.592358 0.713426 0.741097 0.820607 -0.185117 -0.210004 -0.120645 -0.165345 -0.158151 -0.200907 -0.0860253 -0.0761284 -0.0691406 
0.371212 0.697576 0.407182 0.589586 0.38948 0.566383 -0.114753 -0.192195 -0.172673 -0.19064 -0.14379 -0.158915 0.0315101 -0.00680753 0.0083886 
-0.106962 -0.201109 -0.130697 -0.20489 -0.112406 -0.175729 0.0807605 0.0383777 0.0602099 0.0664813 0.0750944 0.0739902 -0.138456 -0.13983 -0.151135 
0.190006 0.0458216 0.113095 0.0731758 0.156067 0.100238 -0.046827 -0.0068692 -0.0130281 -0.00907246 -0.0277152 -0.0216271 -0.0554358 -0.0572679 -0.058773 
0.055547 -0.0838434 -0.0620944 -0.0742538 -0.0213822 -0.036786 0.019148 -0.00521699 -0.0168348 -0.00847121 -0.0133503 -0.00362137 -0.069234 -0.0622237 -0.0699421 
0.257784 0.0915151 0.0745283 0.0855257 0.169003 0.177742 0.0591947 0.014207 0.0310188 0.021282 0.0500487 0.0384544 0.0175856 0.015636 0.00242099 
0.0469391 -0.0620944 -0.0274781 -0.0451784 -0.0088803 -0.0114326 -0.0446974 -0.0168348 -0.0160028 -0.0163893 -0.0332924 -0.033517 -0.0680281 -0.0699421 -0.0657216 
0.105462 0.0745283 -0.018059 0.0225281 0.036765 0.0853588 0.0670184 0.0310188 0.0173922 0.0239489 0.0413297 0.0512962 -0.0213426 0.00242099 -0.0194981 
0.303828 0.21667 0.150782 0.185493 0.23447 0.266243 0.0165492 0.00212587 0.00420818 0.00371549 0.0107673 0.00808697 0.0211966 0.0185706 0.0211433 
0.711157 0.997052 0.764025 0.927352 0.739405 0.914661 -0.0117991 -0.0230208 -0.0230951 -0.027635 -0.0164067 -0.0192071 -0.0840019 -0.0932464 -0.0911816 
0.35823 0.553042 0.613304 0.583871 0.490078 0.450057 -0.113652 -0.180934 -0.193195 -0.192236 -0.153425 -0.143425 -0.0609157 -0.0574117 -0.0588139 
0.295601 0.33346 0.505994 0.42493 0.404982 0.308867 0.0765595 0.0153326 0.0887562 0.0592818 0.0892091 0.0475446 -0.0540695 -0.0744815 -0.0455676 
0.754905 0.613304 0.553042 0.583871 0.68732 0.699182 -0.273031 -0.193195 -0.180934 -0.192236 -0.236346 -0.235422 -0.0559751 -0.0588139 -0.0574117 
0.419658 0.429974 0.498154 0.473617 0.465142 0.424958 0.0654675 0.103759 0.0715176 0.0885938 0.0697778 0.0840979 0.0186541 0.0127708 0.0140465 
0.5918 0.505994 0.33346 0.42493 0.472143 0.549062 0.0459173 0.0887562 0.0153326 0.0592818 0.034492 0.0695834 -0.0474714 -0.0455676 -0.0744815 
0.524645 0.498154 0.429974 0.473617 0.493187 0.511396 0.090171 0.0715176 0.103759 0.0885938 0.100571 0.0813289 0.00977511 0.0140465 0.0127708 
0.35823 0.613304 0.348033 0.478349 0.352226 0.490078 -0.113652 -0.193195 -0.0917853 -0.135973 -0.111072 -0.153425 -0.0609157 -0.0588139 -0.0720392 
0.295601 0.505994 0.386241 0.439104 0.340516 0.404982 0.0765595 0.0887562 0.128926 0.116963 0.107659 0.0892091 -0.0540695 -0.0455676 -0.0236609 
0.419658 0.498154 0.456464 0.477967 0.441396 0.465142 0.0654675 0.0715176 0.0366598 0.0527778 0.049848 0.0697778 0.0186541 0.0140465 0.0175121 
0.660588 0.348033 0.613304 0.478349 0.638396 0.512994 -0.174842 -0.0917853 -0.193195 -0.135973 -0.186512 -0.129048 -0.0532324 -0.0720392 -0.0588139 
0.578587 0.386241 0.505994 0.439104 0.545372 0.487806 0.118575 0.128926 0.0887562 0.116963 0.109008 0.128238 -0.0214534 -0.0236609 -0.0455676 
0.50883 0.456464 0.498154 0.477967 0.50667 0.49118 0.0471892 0.0366598 0.0715176 0.0527778 0.058732 0.0430876 0.0116143 0.0175121 0.0140465 
-0.0193966 -0.0464723 -0.0216478 -0.034322 -0.0225741 -0.0318738 0.0144659 0.0354138 0.030034 0.03223 0.0222807 0.0245039 -0.122983 -0.123538 -0.12227 
2.04176e-34 0.216823 0.274144 0.246269 0.150269 0.115437 6.21051e-36 -0.00107374 -0.00121425 -0.00119379 -0.000418666 -0.000249089 0.00141324 0.0028129 0.00163088 
5.21729e-34 7.31362e-34 0.829949 0.515929 0.508364 -5.06055e-34 4.31338e-34 5.07059e-34 -0.0151787 -0.00812984 -0.0053258 9.65019e-34 -0.0918055 -0.110819 -0.0997011 
0.606132 0.71714 0.696845 0.706013 0.681435 0.690658 -0.0721097 -0.0940554 -0.00702103 -0.0444145 -0.0305235 -0.0768339 -0.0600413 -0.0182949 -0.0115651 
0.803779 0.91878 0.578806 0.812234 0.698485 0.888994 -0.107093 -0.16601 -0.0910408 -0.142122 -0.102861 -0.142009 -0.0846374 -0.102503 -0.0716327 
0.848795 0.578806 0.91878 0.812234 0.891769 0.743124 -0.185117 -0.0910408 -0.16601 -0.142122 -0.178757 -0.143064 -0.0860253 -0.0716327 -0.102503 
0.989724 0.842514 0.843775 0.843291 0.978137 0.977856 -0.00495341 -0.00533099 -0.002699 -0.00377137 -0.0046374 -0.006598 -0.0661024 -0.0695689 -0.0566702 
0.129265 0.323873 0.575413 0.445895 0.353869 0.223031 -0.102811 -0.18775 -0.218043 -0.204501 -0.167317 -0.152778 -0.124635 -0.0818341 -0.121726 
0.419658 0.332908 0.257784 0.299292 0.348404 0.378069 0.0654675 0.0414233 0.0591947 0.0508004 0.0665102 0.0544546 0.0186541 0.021051 0.0175856 
0.295601 0.129479 0.055547 0.0858709 0.163405 0.20714 0.0765595 0.0650443 0.019148 0.043099 0.0426097 0.0696903 -0.0540695 -0.046308 -0.069234 
0.35823 0.158322 0.190006 0.172806 0.270993 0.250862 -0.113652 -0.0639077 -0.046827 -0.0580319 -0.0852763 -0.0864541 -0.0609157 -0.0611511 -0.0554358 
0.648165 0.407182 0.697576 0.589586 0.677889 0.541757 -0.233622 -0.172673 -0.192195 -0.19064 -0.215765 -0.206588 -0.0163613 0.0083886 -0.00680753 
0.288739 0.181899 0.129379 0.155101 0.213402 0.237612 -0.00105259 0.00062811 -0.000469195 -5.22714e-05 -0.000865705 0.000412017 0.00395331 0.00316787 0.00381989 
0.455396 0.32734 0.371839 0.351048 0.419236 0.40283 -0.00456201 -0.00467435 -0.00392589 -0.00473025 -0.00443574 -0.00556649 0.0101657 0.00949219 0.0120328 
0.499187 0.438431 0.485938 0.466375 0.494497 0.480519 -0.00809205 -0.00636574 -0.0057797 -0.00621487 -0.00700192 -0.0074845 0.00475141 0.00422164 0.00321049 
0.499187 0.485938 0.490005 0.499963 0.498916 0.494497 -0.00809205 -0.0057797 -0.0063432 -0.00619041 -0.00734316 -0.00700192 0.00475141 0.00321049 0.00355091 
0.357345 0.113095 0.101836 0.108685 0.217725 0.214049 -0.0742767 -0.0130281 -0.00989778 -0.0116719 -0.0323337 -0.0340522 -0.0615744 -0.058773 -0.0631191 
0.333238 0.137781 0.181899 0.159588 0.25839 0.241492 0.0144191 0.00221879 0.00062811 0.0018242 0.00590748 0.00762518 0.00311625 0.0027824 0.00316787 
0.883422 0.987657 0.826527 0.958206 0.857816 0.967833 -0.0528433 -0.0489226 -0.0273963 -0.0482506 -0.041052 -0.057501 -0.115902 -0.10325 -0.117818 
8.32509e-34 6.58721e-34 0.843775 0.512603 0.510859 -6.15088e-34 -3.04602e-34 -2.49497e-34 -0.002699 -0.00099945 -0.00140915 -5.4926e-34 -0.0614569 -0.0506305 -0.0566702 
-3.18914e-34 -0.253793 -0.124724 -0.20187 -0.276669 -0.245764 6.68041e-34 -0.0188184 -0.00993398 -0.0147373 0.0193407 0.0149472 -0.132097 -0.11982 -0.146408 
0.365128 0.201883 0.32734 0.269069 0.346967 0.291919 -0.00535386 -0.00189622 -0.00467435 -0.00310045 -0.00523981 -0.00355958 0.00639068 0.00784879 0.00949219 
0.570545 0.452884 0.859896 0.681572 0.737986 0.507227 -0.063369 -0.0522666 -0.120605 -0.0930631 -0.0917067 -0.0569716 -0.121371 -0.127579 -0.11965 
0.470498 0.391196 0.333238 0.360818 0.410284 0.436374 0.0455761 0.0322731 0.0144191 0.0227346 0.0281274 0.0395554 0.00522819 0.00387172 0.00311625 
0.910616 0.570545 0.859896 0.737986 0.884688 0.784023 -0.100947 -0.063369 -0.120605 -0.0917067 -0.110393 -0.0881871 -0.112133 -0.121371 -0.11965 
0.754905 0.765343 0.691055 0.783074 0.760085 0.759945 -0.273031 -0.271288 -0.287291 -0.295908 -0.290825 -0.277211 -0.0559751 -0.0663853 -0.0722182 
0.803953 0.691055 0.765343 0.783074 0.79823 0.755466 -0.293345 -0.287291 -0.271288 -0.295908 -0.287917 -0.29664 -0.0845118 -0.0722182 -0.0663853 
-0.0292562 -0.0464723 -0.0816409 -0.0639483 -0.065447 -0.0500393 0.0601226 0.0354138 0.0491658 0.0426174 0.0637492 0.0504699 -0.121994 -0.123538 -0.125905 
6.26379e-34 4.56466e-34 0.711157 0.404208 0.396302 -3.2447e-34 -4.38439e-34 -4.00723e-34 -0.0117991 -0.00340454 -0.0045598 -8.22438e-34 -0.0870013 -0.0808667 -0.0840019 
0.473324 0.233551 0.265491 0.251769 0.378356 0.37226 0.0435566 0.0110087 0.0191597 0.0159665 0.0316405 0.0259625 0.0118716 0.014644 0.00866167 
0.640091 0.547161 0.473324 0.513813 0.568453 0.603845 0.0501799 0.0244275 0.0435566 0.0376605 0.0519504 0.0381437 0.000606609 0.016598 0.0118716 
0.50883 0.516435 0.470892 0.497354 0.50127 0.513255 0.0471892 0.0618209 0.028846 0.0428148 0.0374433 0.0544464 0.0116143 0.00894343 0.00611888 
0.470498 0.470892 0.516435 0.497354 0.500792 0.469715 0.0455761 0.028846 0.0618209 0.0428148 0.0535864 0.037225 0.00522819 0.00611888 0.00894343 
0.371212 0.109484 0.277772 0.20252 0.329451 0.232548 -0.114753 -0.033805 -0.0331786 -0.0389658 -0.0752707 -0.0828252 0.0315101 0.03971 0.0410071 
0.346566 0.27608 0.177882 0.229143 0.269541 0.312857 -0.00531047 -0.00364838 -0.00183034 -0.00271355 -0.00356161 -0.00469624 0.00470891 0.00469889 0.00455138 
0.960319 0.686995 0.978332 0.895526 0.972686 0.91685 -0.0776999 -0.0415886 -0.0637104 -0.0585603 -0.0712549 -0.066833 -0.106963 -0.0902949 -0.104851 
0.497806 0.488612 0.425216 0.46341 0.473908 0.494082 -0.00742188 -0.00524614 -0.00687405 -0.00636392 -0.00743905 -0.00651515 0.00648082 0.00694562 0.00528449 
0.40685 0.274144 0.216823 0.246269 0.324618 0.347427 -0.00358596 -0.00121425 -0.00107374 -0.00119379 -0.00235287 -0.00226889 0.00261272 0.00163088 0.0028129 
0.489778 0.407846 0.467533 0.441398 0.480209 0.459056 -0.00215411 -0.00140501 -0.00302485 -0.0020847 -0.00251378 -0.00189566 -1.33294e-05 -2.9028e-05 0.00125542 
0.408493 0.489835 0.462189 0.478222 0.438376 0.459328 -0.00142466 -0.00215063 -0.0030495 -0.00252854 -0.00210258 -0.00189967 2.77095e-05 1.11836e-05 0.00156608 
0.578587 0.64473 0.608559 0.640011 0.619405 0.612109 0.118575 0.0865048 0.0928348 0.0990012 0.112298 0.10389 -0.0214534 -0.0256765 -4.90907e-05 
0.640091 0.608559 0.64473 0.640011 0.662686 0.626108 0.0501799 0.0928348 0.0865048 0.0990012 0.0736601 0.075645 0.000606609 -4.90907e-05 -0.0256765 
0.499187 0.490005 0.477193 0.484214 0.496515 0.498916 -0.00809205 -0.0063432 -0.0077953 -0.00723561 -0.00814869 -0.00734316 0.00475141 0.00355091 0.00559743 
2.04176e-34 9.30758e-35 0.216823 0.11637 0.115437 -9.28145e-35 6.21051e-36 1.38957e-35 -0.00107374 -0.000251425 -0.000249089 2.12605e-35 0.00141324 0.00288845 0.0028129 
6.26379e-34 0.711157 0.764025 0.739405 0.440085 0.396302 -4.38439e-34 -0.0117991 -0.0230951 -0.0164067 -0.00768483 -0.0045598 -0.0870013 -0.0840019 -0.0911816 
-0.106962 -0.0816409 -0.127933 -0.106027 -0.160651 -0.119455 0.0807605 0.0491658 0.0363861 0.0484517 0.073344 0.0776248 -0.138456 -0.125905 -0.133251 
-7.33706e-35 -0.127933 -0.0816409 -0.106027 -0.0462898 -0.0501849 6.74766e-34 0.0363861 0.0491658 0.0484517 0.0135581 0.00859503 -0.131682 -0.133251 -0.125905 
0.387979 0.290445 0.213366 0.25375 0.310794 0.342992 -0.00331014 -0.0029661 -0.0011164 -0.00196775 -0.00226095 -0.00329016 0.00283426 0.0039176 0.00293164 
0.497806 0.425216 0.473346 0.452195 0.488641 0.473908 -0.00742188 -0.00687405 -0.00817427 -0.00770172 -0.00815643 -0.00743905 0.00648082 0.00528449 0.00528795 
0.997052 0.826527 0.993237 0.963416 0.99643 0.966959 -0.0230208 -0.0273963 -0.0368227 -0.0414979 -0.0312909 -0.0332078 -0.0932464 -0.117818 -0.100563 
0.387979 0.213366 0.271973 0.243532 0.335342 0.310794 -0.00331014 -0.0011164 -0.00123601 -0.0012391 -0.00216858 -0.00226095 0.00283426 0.00293164 0.00185356 
0.660588 0.740042 0.697576 0.723318 0.725542 0.714782 -0.174842 -0.245988 -0.192195 -0.21909 -0.184941 -0.210492 -0.0532324 -0.0389805 -0.00680753 
0.648165 0.697576 0.740042 0.723318 0.714796 0.677889 -0.233622 -0.192195 -0.245988 -0.21909 -0.245036 -0.215765 -0.0163613 -0.00680753 -0.0389805 
0.40685 0.216823 0.29869 0.259137 0.357965 0.324618 -0.00358596 -0.00107374 -0.00291277 -0.00192959 -0.00339558 -0.00235287 0.00261272 0.0028129 0.00445839 
0.490005 0.432172 0.477193 0.457599 0.484214 0.467595 -0.0063432 -0.00580067 -0.0077953 -0.00690038 -0.00723561 -0.00616079 0.00355091 0.00445177 0.00559743 
2.76365e-34 0.217029 0.32734 0.276166 0.188093 0.117725 4.67847e-35 -0.00187184 -0.00467435 -0.00296809 -0.00173349 -0.000916921 0.010103 0.0123175 0.00949219 
2.04176e-34 0.274144 0.180686 0.229307 0.095392 0.150269 6.21051e-36 -0.00121425 -0.000431901 -0.00075735 -0.000232439 -0.000418666 0.00141324 0.00163088 0.000841827 
2.76365e-34 0.32734 0.201883 0.269069 0.109283 0.188093 4.67847e-35 -0.00467435 -0.00189622 -0.00310045 -0.000926193 -0.00173349 0.010103 0.00949219 0.00784879 
-3.47005e-35 -0.0816409 -0.0161531 -0.0456726 -0.00587123 -0.0255321 6.40173e-34 0.0491658 0.0102453 0.0250955 0.00341841 0.00856254 -0.126322 -0.125905 -0.124649 
2.716e-34 0.290445 0.197709 0.245986 0.104872 0.159976 -2.13156e-35 -0.0029661 -0.00181953 -0.00251524 -0.000544795 -0.00113495 0.00391179 0.0039176 0.00434749 
0.960319 0.951683 0.686995 0.86809 0.91685 0.962878 -0.0776999 -0.084936 -0.0415886 -0.0683525 -0.066833 -0.0813473 -0.106963 -0.100717 -0.0902949 
0.40685 0.29869 0.432172 0.374326 0.419881 0.357965 -0.00358596 -0.00291277 -0.00580067 -0.00442019 -0.00467306 -0.00339558 0.00261272 0.00445839 0.00445177 
5.21729e-34 0.829949 0.703053 0.771057 0.407775 0.508364 4.31338e-34 -0.0151787 -0.00713122 -0.00985369 -0.00261316 -0.0053258 -0.0918055 -0.0997011 -0.0888147 
0.75 1 0.937205 0.984241 0.859208 0.9375 -3.61087e-37 -5.5109e-37 -0.000844922 -0.000731006 -0.000550348 -1.06929e-36 -0.0276119 -0.0283764 -0.0380074 
4.08651e-34 0.350335 0.578806 0.47247 0.241476 0.137567 -4.01385e-34 -0.0370409 -0.0910408 -0.0594279 -0.024553 -0.0109178 -0.0717699 -0.0755464 -0.0716327 
0.829949 0.826527 0.997052 0.966959 0.966613 0.828723 -0.0151787 -0.0273963 -0.0230208 -0.0332078 -0.0233681 -0.0200839 -0.0997011 -0.117818 -0.0932464 
0.365128 0.432172 0.29869 0.374326 0.333391 0.401545 -0.00535386 -0.00580067 -0.00291277 -0.00442019 -0.00409386 -0.0057375 0.00639068 0.00445177 0.00445839 
0.129265 -0.124724 -0.253793 -0.20187 -0.0860235 -0.0158949 -0.102811 -0.00993398 -0.0188184 -0.0147373 -0.0433024 -0.0400689 -0.124635 -0.146408 -0.11982 
2.02862e-34 0.169843 0.271973 0.223392 0.149376 0.0893002 -8.3726e-36 -0.00039629 -0.00123601 -0.000741397 -0.000418205 -0.000211912 0.00154344 0.00102765 0.00185356 
6.58721e-34 0.706024 0.843775 0.780401 0.512603 0.40476 -2.49497e-34 -0.00101894 -0.002699 -0.00166734 -0.00099945 -0.00042206 -0.0506305 -0.0444592 -0.0566702 
3.52312e-34 3.85316e-34 0.686995 0.372361 0.34584 -4.06068e-34 -4.43878e-34 -4.67574e-34 -0.0415886 -0.010993 -0.0135376 -8.74011e-34 -0.0873759 -0.0925436 -0.0902949 
0.129265 0.247746 -0.124724 0.0498183 -0.0158949 0.186274 -0.102811 -0.105955 -0.00993398 -0.0379146 -0.0400689 -0.101014 -0.124635 -0.148061 -0.146408 
0.993237 0.826527 0.987657 0.958206 0.990327 0.963416 -0.0368227 -0.0273963 -0.0489226 -0.0482506 -0.0436076 -0.0414979 -0.100563 -0.117818 -0.10325 
-3.18914e-34 -0.124724 -0.265067 -0.219489 -0.217123 -0.276669 6.68041e-34 -0.00993398 0.0388102 0.0246255 0.0268776 0.0193407 -0.132097 -0.146408 -0.146678 
0.852619 0.764025 0.987657 0.922832 0.94506 0.813761 -0.0425687 -0.0230951 -0.0489226 -0.0381337 -0.0475506 -0.033019 -0.0959686 -0.0911816 -0.10325 
0.455396 0.497875 0.472419 0.488892 0.464482 0.483506 -0.00456201 -0.00448921 -0.00758431 -0.00680826 -0.00635277 -0.00487806 0.0101657 0.00851523 0.00774507 
0.497806 0.472419 0.497875 0.488892 0.500317 0.496839 -0.00742188 -0.00758431 -0.00448921 -0.00680826 -0.00612385 -0.00778678 0.00648082 0.00774507 0.00851523 
0.803779 0.578806 0.350335 0.47247 0.599662 0.698485 -0.107093 -0.0910408 -0.0370409 -0.0594279 -0.0733196 -0.102861 -0.0846374 -0.0716327 -0.0755464 
0.848795 0.592358 0.578806 0.590227 0.743124 0.741097 -0.185117 -0.120645 -0.0910408 -0.106498 -0.143064 -0.158151 -0.0860253 -0.0691406 -0.0716327 
0.852619 0.978332 0.686995 0.895526 0.773899 0.944146 -0.0425687 -0.0637104 -0.0415886 -0.0585603 -0.043884 -0.0545458 -0.0959686 -0.104851 -0.0902949 
4.54809e-34 4.87068e-34 0.775302 0.458806 0.45721 -4.05813e-34 2.4873e-34 3.06322e-34 -0.00228416 -0.000908339 -0.000714644 5.57189e-34 -0.0523894 -0.0645969 -0.0579158 
4.08651e-34 0.578806 0.223582 0.390589 0.104344 0.241476 -4.01385e-34 -0.0910408 -0.0307881 -0.0553769 -0.00796961 -0.024553 -0.0717699 -0.0716327 -0.065583 
0.998704 0.937205 0.986682 0.995417 0.994231 0.988577 -0.00183173 -0.000844922 -0.000640236 -0.000886695 -0.00134436 -0.00155154 -0.0479637 -0.0380074 -0.0360396 
0.346566 0.177882 0.197709 0.187774 0.278402 0.269541 -0.00531047 -0.00183034 -0.00181953 -0.00183468 -0.00365087 -0.00356161 0.00470891 0.00455138 0.00434749 
0.998704 0.986682 0.750082 0.905363 0.928085 0.994231 -0.00183173 -0.000640236 -0.000739457 -0.000827796 -0.00139796 -0.00134436 -0.0479637 -0.0360396 -0.0396337 
0.499187 0.473346 0.438431 0.457552 0.480519 0.490676 -0.00809205 -0.00817427 -0.00636574 -0.00745486 -0.0074845 -0.00834064 0.00475141 0.00528795 0.00422164 
0.581798 0.17618 0.407182 0.295485 0.495451 0.387521 -0.253439 -0.137234 -0.172673 -0.162486 -0.216006 -0.199643 -0.0357943 -0.0291165 0.0083886 
0.680716 0.18811 0.532828 0.346696 0.604583 0.400791 -0.131548 0.00887302 -0.124577 -0.0570004 -0.127272 -0.0632737 -0.137609 -0.15193 -0.14646 
0.346566 0.438431 0.473346 0.457552 0.422575 0.397595 -0.00531047 -0.00636574 -0.00817427 -0.00745486 -0.00704074 -0.00606173 0.00470891 0.00422164 0.00528795 
0.407182 0.17618 0.0814544 0.119582 0.239173 0.295485 -0.172673 -0.137234 -0.0792564 -0.110272 -0.129288 -0.162486 0.0083886 -0.0291165 0.0147876 
0.248596 0.532828 0.18811 0.346696 0.223325 0.381997 -0.0546757 -0.124577 0.00887302 -0.0570004 -0.0206664 -0.087953 -0.156452 -0.14646 -0.15193 
2.12947e-34 0.27608 0.181403 0.230333 0.0941777 0.148825 -2.45952e-35 -0.00364838 -0.0015998 -0.00252502 -0.000826721 -0.00151491 0.00454315 0.00469889 0.00429325 
5.06996e-34 -0.0216478 -0.00955298 -0.0212575 -0.00981109 -0.00953721 3.85168e-35 0.030034 0.0427554 0.0414247 0.0387777 0.028511 -0.123295 -0.12227 -0.122592 
0.346566 0.425216 0.27608 0.359919 0.312857 0.388926 -0.00531047 -0.00687405 -0.00364838 -0.00562077 -0.00469624 -0.00641815 0.00470891 0.00528449 0.00469889 
7.31362e-34 0.826527 0.829949 0.828723 0.515929 0.522797 5.07059e-34 -0.0273963 -0.0151787 -0.0200839 -0.00812984 -0.0154822 -0.110819 -0.117818 -0.0997011 
1.93176e-35 0.109484 0.0814544 0.0955822 -0.00623552 0.0257775 -1.94791e-34 -0.033805 -0.0792564 -0.0566411 -0.0267916 -0.0116285 0.0337817 0.03971 0.0147876 
3.85316e-34 0.417785 0.686995 0.566103 0.372361 0.210356 -4.67574e-34 -0.0142764 -0.0415886 -0.023915 -0.010993 -0.00404096 -0.0925436 -0.0913465 -0.0902949 
0.852619 0.686995 0.417785 0.566103 0.66802 0.773899 -0.0425687 -0.0415886 -0.0142764 -0.023915 -0.0277106 -0.043884 -0.0959686 -0.0902949 -0.0913465 
0.998704 0.843775 0.706024 0.780401 0.935763 0.967469 -0.00183173 -0.002699 -0.00101894 -0.00166734 -0.00178495 -0.00278536 -0.0479637 -0.0566702 -0.0444592 
-2.41743e-34 -1.81421e-34 -0.0991002 -0.219363 -0.251051 1.73109e-34 4.98641e-34 2.28057e-34 -0.0693261 -0.0153116 -0.0101119 7.91088e-34 -0.103828 -0.0506799 -0.0771028 
0.346566 0.197709 0.290445 0.245986 0.319761 0.278402 -0.00531047 -0.00181953 -0.0029661 -0.00251524 -0.00414553 -0.00365087 0.00470891 0.00434749 0.0039176 
0.365128 0.20547 0.201883 0.203682 0.291919 0.293033 -0.00535386 -0.00165534 -0.00189622 -0.00177133 -0.00355958 -0.00354328 0.00639068 0.00620087 0.00784879 
0.489778 0.467533 0.500006 0.492115 0.497569 0.480209 -0.00215411 -0.00302485 -0.00305616 -0.0031186 -0.00255317 -0.00251378 -1.33294e-05 0.00125542 0.000955207 
2.12947e-34 0.177882 0.27608 0.229143 0.148825 0.0918809 -2.45952e-35 -0.00183034 -0.00364838 -0.00271355 -0.00151491 -0.000870467 0.00454315 0.00455138 0.00469889 
0.489835 0.500006 0.462189 0.490317 0.478222 0.497357 -0.00215063 -0.00305616 -0.0030495 -0.00314182 -0.00252854 -0.00255153 1.11836e-05 0.000955207 0.00156608 
2.73678e-34 0.20547 0.29869 0.254529 0.166796 0.109643 2.22497e-35 -0.00165534 -0.00291277 -0.00242077 -0.00109603 -0.000462948 0.00491529 0.00620087 0.00445839 
-3.18914e-34 -2.41743e-34 -0.253793 -0.245908 -0.245764 1.48503e-34 6.68041e-34 4.98641e-34 -0.0188184 0.000429721 0.0149472 1.17748e-33 -0.132097 -0.103828 -0.11982 
-1.23001e-36 -0.0161531 -0.00014664 -0.00487836 0.00245015 0.00170969 6.13132e-34 0.0102453 -0.000792056 0.00422775 -0.000368472 0.00187354 -0.123828 -0.124649 -0.123376 
-0.0292562 -0.0112832 0.171817 0.0654239 0.0332116 -0.0236455 0.0601226 0.0751129 0.000243704 0.0482283 0.0431672 0.0707064 -0.121994 -0.126551 -0.119755 
-7.51632e-35 1.93176e-35 0.0814544 -0.00623552 -0.0673663 -1.0001e-35 -2.85062e-35 -1.94791e-34 -0.0792564 -0.0267916 -0.0293712 -1.44025e-34 -0.000409779 0.0337817 0.0147876 
-0.106962 -0.127933 -0.201109 -0.163392 -0.175729 -0.160651 0.0807605 0.0363861 0.0383777 0.0381478 0.0739902 0.073344 -0.138456 -0.133251 -0.13983 
0.852619 0.417785 0.764025 0.603455 0.813761 0.66802 -0.0425687 -0.0142764 -0.0230951 -0.0182825 -0.033019 -0.0277106 -0.0959686 -0.0913465 -0.0911816 
0.754295 0.686995 0.951683 0.86809 0.883319 0.724799 -0.0658218 -0.0415886 -0.084936 -0.0683525 -0.0798671 -0.0536253 -0.0890407 -0.0902949 -0.100717 
7.52602e-34 0.826527 7.31362e-34 0.522797 -4.81951e-34 0.542495 3.10401e-34 -0.0273963 5.07059e-34 -0.0154822 1.18599e-33 -0.0353561 -0.137607 -0.117818 -0.110819 
0.371212 0.0814544 0.109484 0.0955822 0.232548 0.22814 -0.114753 -0.0792564 -0.033805 -0.0566411 -0.0828252 -0.110548 0.0315101 0.0147876 0.03971 
0.500021 0.500006 0.467533 0.492115 0.492279 0.500009 -0.00443864 -0.00305616 -0.00302485 -0.0031186 -0.00378905 -0.00368689 0.0021043 0.000955207 0.00125542 
0.500021 0.462189 0.500006 0.490317 0.500009 0.49015 -0.00443864 -0.0030495 -0.00305616 -0.00314182 -0.00368689 -0.00382506 0.0021043 0.00156608 0.000955207 
6.63173e-34 5.21729e-34 0.703053 0.407775 0.404006 -2.40507e-34 3.65073e-34 4.31338e-34 -0.00713122 -0.00261316 -0.00202969 8.06719e-34 -0.077528 -0.0918055 -0.0888147 
-1.97978e-34 -0.265067 -0.201109 -0.236067 -0.136231 -0.198272 7.54632e-34 0.0388102 0.0383777 0.0401864 0.0122981 0.0218548 -0.147497 -0.146678 -0.13983 
0.999441 0.997052 0.711157 0.914661 0.921555 0.998704 -0.0122447 -0.0230208 -0.0117991 -0.0192071 -0.0146561 -0.0176913 -0.0825894 -0.0932464 -0.0840019 
6.63173e-34 0.703053 0.835315 0.774133 0.509408 0.404006 3.65073e-34 -0.00713122 -0.00654541 -0.00708826 -0.00235035 -0.00202969 -0.077528 -0.0888147 -0.0779598 
0.910616 0.859896 0.910895 0.939895 0.949408 0.884688 -0.100947 -0.120605 -0.0997675 -0.123319 -0.107379 -0.110393 -0.112133 -0.11965 -0.0949588 
0.365128 0.29869 0.20547 0.254529 0.293033 0.333391 -0.00535386 -0.00291277 -0.00165534 -0.00242077 -0.00354328 -0.00409386 0.00639068 0.00445839 0.00620087 
0.225167 0.171817 0.734708 0.423824 0.496828 0.191454 -0.0153075 0.000243704 -0.0719017 -0.039942 -0.0479526 -0.00730761 -0.119456 -0.119755 -0.117206 
0.993237 0.987657 0.764025 0.922832 0.924688 0.990327 -0.0368227 -0.0489226 -0.0230951 -0.0381337 -0.0324197 -0.0436076 -0.100563 -0.10325 -0.0911816 
5.06996e-34 5.00681e-34 -0.0216478 -0.00749839 -0.00953721 1.02649e-33 3.85168e-35 1.11129e-35 0.030034 0.017124 0.028511 -1.50938e-35 -0.123295 -0.121549 -0.12227 
0.999441 0.711157 0.646891 0.680162 0.904962 0.921555 -0.0122447 -0.0117991 -0.00598709 -0.00813289 -0.0113082 -0.0146561 -0.0825894 -0.0840019 -0.0769515 
0.999441 0.829949 0.997052 0.966613 0.998704 0.962085 -0.0122447 -0.0151787 -0.0230208 -0.0233681 -0.0176913 -0.0168778 -0.0825894 -0.0997011 -0.0932464 
0.244254 0.180686 0.380425 0.292464 0.318522 0.213356 -0.00051102 -0.000431901 -0.00176519 -0.00105356 -0.00103681 -0.000458831 -1.34985e-05 0.000841827 0.000904938 
0.245559 0.37973 0.169843 0.28788 0.208918 0.319062 -0.000515759 -0.00177648 -0.00039629 -0.001037 -0.000446041 -0.00104015 1.63588e-05 0.00115449 0.00102765 
0.387979 0.485938 0.438431 0.466375 0.41527 0.448578 -0.00331014 -0.0057797 -0.00636574 -0.00621487 -0.00476298 -0.00459106 0.00283426 0.00321049 0.00422164 
4.56466e-34 0.646891 0.711157 0.680162 0.404208 0.359232 -4.00723e-34 -0.00598709 -0.0117991 -0.00813289 -0.00340454 -0.00219972 -0.0808667 -0.0769515 -0.0840019 
0.591779 0.696845 0.71714 0.706013 0.67799 0.672847 -0.0870971 -0.00702103 -0.0940554 -0.0444145 -0.0905746 -0.0488751 0.0235204 -0.0115651 -0.0182949 
0.481416 0.521397 0.569342 0.54474 0.533771 0.507859 0.0623302 0.0794488 0.0982103 0.0915597 0.0792436 0.0728952 0.00666974 0.00543693 0.00240443 
4.87068e-34 0.646411 0.775302 0.714401 0.458806 0.365202 3.06322e-34 -0.00269149 -0.00228416 -0.00255106 -0.000908339 -0.000777552 -0.0645969 -0.0691585 -0.0579158 
0.998704 0.750082 0.62507 0.690673 0.895136 0.928085 -0.00183173 -0.000739457 -0.000994613 -0.000881009 -0.00181123 -0.00139796 -0.0479637 -0.0396337 -0.0485853 
-0.106962 0.18811 0.142812 0.173878 0.0206688 0.0342719 0.0807605 0.00887302 0.0377723 0.0268199 0.0648727 0.0570203 -0.138456 -0.15193 -0.134154 
5.7356e-34 0.842514 0.646891 0.754384 0.36309 0.507234 -3.55387e-34 -0.00533099 -0.00598709 -0.00589422 -0.00191507 -0.00258221 -0.071809 -0.0695689 -0.0769515 
0.388344 0.456464 0.470661 0.46467 0.435537 0.426523 0.00995978 0.0366598 0.0154476 0.0249444 0.0130985 0.0218617 0.0177357 0.0175121 0.0145194 
2.44644e-34 2.34911e-34 0.480153 0.232375 0.205259 -1.91424e-34 -3.97251e-34 -4.29487e-34 -0.0428492 -0.00986269 -0.0101391 -7.89638e-34 -0.0775014 -0.0850748 -0.0808957 
0.999441 0.703053 0.829949 0.771057 0.962085 0.932658 -0.0122447 -0.00713122 -0.0151787 -0.00985369 -0.0168778 -0.012503 -0.0825894 -0.0888147 -0.0997011 
-1.23001e-36 -3.47005e-35 -0.0161531 -0.00587123 0.00170969 4.06731e-36 6.13132e-34 6.40173e-34 0.0102453 0.00341841 0.00187354 1.23289e-33 -0.123828 -0.126322 -0.124649 
1.08471e-34 2.716e-34 0.197709 0.104872 0.103559 -7.52647e-35 -2.34625e-35 -2.13156e-35 -0.00181953 -0.000544795 -0.000474585 -4.17877e-35 0.00459807 0.00391179 0.00434749 
0.75 0.750082 0.986682 0.905363 0.905353 0.749971 -4.14031e-37 -0.000739457 -0.000640236 -0.000827796 -0.00055728 -0.000388937 -0.029095 -0.0396337 -0.0360396 
0.425477 0.745582 0.553042 0.653859 0.49436 0.604951 -0.117947 -0.234244 -0.180934 -0.211446 -0.153216 -0.17801 -0.0568682 -0.0688889 -0.0574117 
0.127338 0.348033 0.352018 0.347498 0.231921 0.232125 -0.0359507 -0.0917853 -0.0424893 -0.0687237 -0.0458369 -0.0675648 -0.0777739 -0.0720392 -0.0774756 
0.259964 0.386241 0.423003 0.403774 0.342935 0.314791 0.0976135 0.128926 0.128118 0.131005 0.115864 0.11603 0.000844481 -0.0236609 -0.000155917 
0.680716 0.91878 0.859896 0.913053 0.771223 0.866079 -0.131548 -0.16601 -0.120605 -0.150309 -0.12834 -0.169038 -0.137609 -0.102503 -0.11965 
0.375851 0.455143 0.467969 0.461256 0.429342 0.42003 0.00698638 0.00262328 0.0136394 0.0070612 0.0106474 0.00531103 0.00397402 0.00589729 0.00656573 
0.27608 0.425216 0.328456 0.38156 0.302609 0.359919 -0.00364838 -0.00687405 -0.00438734 -0.00554451 -0.00411112 -0.00562077 0.00469889 0.00528449 0.0045321 
0.500021 0.490005 0.485938 0.499963 0.496287 0.497726 -0.00443864 -0.0063432 -0.0057797 -0.00619041 -0.00513812 -0.0053883 0.0021043 0.00355091 0.00321049 
0.680716 0.421823 0.18811 0.290994 0.400791 0.556556 -0.131548 -0.0567597 0.00887302 -0.0215155 -0.0632737 -0.0924177 -0.137609 -0.136626 -0.15193 
0.500452 0.459607 0.496595 0.483076 0.500018 0.491264 0.000908368 0.00197164 0.00773319 0.00482631 0.00407571 0.00156536 0.00879365 0.0127342 0.011175 
2.57579e-34 -1.23001e-36 -0.00014664 0.00245015 0.00176165 -1.00916e-36 3.0394e-34 6.13132e-34 -0.000792056 -0.000368472 -0.00173422 1.22044e-33 -0.12333 -0.123828 -0.123376 
0.388344 0.470661 0.459607 0.465534 0.42897 0.435537 0.00995978 0.0154476 0.00197164 0.0073616 0.00579712 0.0130985 0.0177357 0.0145194 0.0127342 
0.225167 0.0312467 -0.00955298 0.000779187 0.0379309 0.114377 -0.0153075 0.0361323 0.0427554 0.0419719 0.0259367 0.0110888 -0.119456 -0.124835 -0.122592 
2.57579e-34 -0.00014664 5.11935e-34 0.000240623 1.02643e-33 0.00176165 3.0394e-34 -0.000792056 -7.01502e-37 -0.0019653 6.35043e-37 -0.00173422 -0.12333 -0.123376 -0.122977 
0.431848 0.328456 0.425216 0.38156 0.428352 0.385898 -0.00416729 -0.00438734 -0.00687405 -0.00554451 -0.00603055 -0.00444199 0.00555942 0.0045321 0.00528449 
0.754295 0.335364 0.686995 0.514102 0.724799 0.561549 -0.0658218 -0.0195586 -0.0415886 -0.0284755 -0.0536253 -0.0398257 -0.0890407 -0.0858549 -0.0902949 
0.680716 0.859896 0.421823 0.660698 0.556556 0.771223 -0.131548 -0.120605 -0.0567597 -0.0968136 -0.0924177 -0.12834 -0.137609 -0.11965 -0.136626 
0.40685 0.432172 0.490005 0.467595 0.458954 0.419881 -0.00358596 -0.00580067 -0.0063432 -0.00616079 -0.00500129 -0.00467306 0.00261272 0.00445177 0.00355091 
6.58721e-34 4.01992e-34 0.706024 0.405342 0.40476 -2.80279e-34 -2.49497e-34 -1.92812e-34 -0.00101894 -0.000266177 -0.00042206 -4.40785e-34 -0.0506305 -0.0392746 -0.0444592 
0.259964 0.423003 0.429974 0.426982 0.354308 0.342935 0.0976135 0.128118 0.103759 0.117753 0.106824 0.115864 0.000844481 -0.000155917 0.0127708 
0.998704 0.997089 0.843775 0.97095 0.967469 0.997891 -0.00183173 -0.00332384 -0.002699 -0.00346255 -0.00278536 -0.00273483 -0.0479637 -0.0571274 -0.0566702 
0.127338 0.352018 0.33346 0.340611 0.220083 0.231921 -0.0359507 -0.0424893 0.0153326 -0.0154044 -0.0197229 -0.0458369 -0.0777739 -0.0774756 -0.0744815 
0.999441 0.646891 0.842514 0.754384 0.957354 0.904962 -0.0122447 -0.00598709 -0.00533099 -0.00589422 -0.00954019 -0.0113082 -0.0825894 -0.0769515 -0.0695689 
0.524645 0.429974 0.511176 0.472266 0.520962 0.493187 0.090171 0.103759 0.117256 0.111407 0.103975 0.100571 0.00977511 0.0127708 0.0064465 
4.08651e-34 2.44644e-34 0.350335 0.15991 0.137567 -1.00546e-34 -4.01385e-34 -3.97251e-34 -0.0370409 -0.00916231 -0.0109178 -7.26626e-34 -0.0717699 -0.0775014 -0.0755464 
-0.0193966 -0.00014664 -0.0161531 -0.00487836 -0.0189396 -0.00753498 0.0144659 -0.000792056 0.0102453 0.00422775 0.0121444 0.00399668 -0.122983 -0.123376 -0.124649 
0.225167 0.0258774 0.171817 0.0862349 0.191454 0.0936936 -0.0153075 0.0326288 0.000243704 0.0212295 -0.00730761 0.0120142 -0.119456 -0.120492 -0.119755 
0.425477 0.793336 0.745582 0.772249 0.604951 0.628426 -0.117947 -0.210004 -0.234244 -0.224731 -0.17801 -0.168465 -0.0568682 -0.0761284 -0.0688889 
0.5918 0.33346 0.511498 0.42534 0.553654 0.472143 0.0459173 0.0153326 -0.00678734 0.00844668 0.0212179 0.034492 -0.0474714 -0.0744815 -0.0665627 
0.754905 0.553042 0.765343 0.678956 0.759945 0.68732 -0.273031 -0.180934 -0.271288 -0.228537 -0.277211 -0.236346 -0.0559751 -0.0574117 -0.0663853 
0.989724 0.843775 0.997089 0.97095 0.99405 0.978137 -0.00495341 -0.002699 -0.00332384 -0.00346255 -0.004052 -0.0046374 -0.0661024 -0.0566702 -0.0571274 
0.998704 0.62507 0.775302 0.704933 0.93511 0.895136 -0.00183173 -0.000994613 -0.00228416 -0.00147674 -0.00247183 -0.00181123 -0.0479637 -0.0485853 -0.0579158 
0.960319 0.734708 0.951683 0.921217 0.962878 0.8814 -0.0776999 -0.0719017 -0.084936 -0.0889621 -0.0813473 -0.0810261 -0.106963 -0.117206 -0.100717 
-0.130697 -0.201109 -0.265067 -0.236067 -0.207733 -0.20489 0.0602099 0.0383777 0.0388102 0.0401864 0.0568549 0.0664813 -0.151135 -0.13983 -0.146678 
5.06996e-34 -0.00955298 0.0312467 0.000779187 -0.0131245 -0.00981109 3.85168e-35 0.0427554 0.0361323 0.0419719 0.0436291 0.0387777 -0.123295 -0.122592 -0.124835 
0.758653 0.840659 0.793336 0.836224 0.862851 0.819576 -0.224037 -0.274278 -0.210004 -0.252472 -0.255357 -0.261563 -0.128734 -0.0922965 -0.0761284 
3.52312e-34 0.686995 0.335364 0.514102 0.171222 0.34584 -4.43878e-34 -0.0415886 -0.0195586 -0.0284755 -0.00740097 -0.0135376 -0.0873759 -0.0902949 -0.0858549 
0.848795 0.91878 0.84436 0.897742 0.894744 0.891769 -0.185117 -0.16601 -0.20524 -0.192059 -0.21221 -0.178757 -0.0860253 -0.102503 -0.122749 
0.680716 0.84436 0.91878 0.897742 0.866079 0.775355 -0.131548 -0.20524 -0.16601 -0.192059 -0.169038 -0.173112 -0.137609 -0.122749 -0.102503 
0.431848 0.425216 0.488612 0.46341 0.465835 0.428352 -0.00416729 -0.00687405 -0.00524614 -0.00636392 -0.00468317 -0.00603055 0.00555942 0.00528449 0.00694562 
-2.41743e-34 -0.0991002 -0.253793 -0.193561 -0.245908 -0.251051 4.98641e-34 -0.0693261 -0.0188184 -0.0412077 0.000429721 -0.0101119 -0.103828 -0.0771028 -0.11982 
-0.0292562 0.171817 0.0258774 0.0862349 -0.00877478 0.0332116 0.0601226 0.000243704 0.0326288 0.0212295 0.0486254 0.0431672 -0.121994 -0.119755 -0.120492 
0.375851 0.467969 0.470892 0.468544 0.428976 0.429342 0.00698638 0.0136394 0.028846 0.0206564 0.0164128 0.0106474 0.00397402 0.00656573 0.00611888 
0.271973 0.169843 0.37973 0.28788 0.330121 0.223392 -0.00123601 -0.00039629 -0.00177648 -0.001037 -0.00154575 -0.000741397 0.00185356 0.00102765 0.00115449 
0.274144 0.380425 0.180686 0.292464 0.229307 0.33148 -0.00121425 -0.00176519 -0.000431901 -0.00105356 -0.00075735 -0.00153833 0.00163088 0.000904938 0.000841827 
4.16333e-34 6.26379e-34 0.764025 0.440085 0.423142 -4.65971e-34 -4.5532e-34 -4.38439e-34 -0.0230951 -0.00768483 -0.0100476 -8.68752e-34 -0.0908488 -0.0870013 -0.0911816 
0.75 0.43769 0.750082 0.609375 0.749971 0.609492 -4.14031e-37 -0.000170663 -0.000739457 -0.000311737 -0.000388937 -0.000137037 -0.029095 -0.0349187 -0.0396337 
0.407846 0.380425 0.467533 0.430799 0.441398 0.39457 -0.00140501 -0.00176519 -0.00302485 -0.00238811 -0.0020847 -0.00153802 -2.9028e-05 0.000904938 0.00125542 
0.408493 0.462189 0.37973 0.426813 0.394612 0.438376 -0.00142466 -0.0030495 -0.00177648 -0.00240651 -0.00155481 -0.00210258 2.77095e-05 0.00156608 0.00115449 
0.910616 0.951683 0.734708 0.921217 0.839547 0.951633 -0.100947 -0.084936 -0.0719017 -0.0889621 -0.0883988 -0.0962442 -0.112133 -0.100717 -0.117206 
0.481416 0.569342 0.608559 0.589471 0.552376 0.533771 0.0623302 0.0982103 0.0928348 0.0974438 0.0784243 0.0792436 0.00666974 0.00240443 -4.90907e-05 
0.998704 0.706024 0.937205 0.842881 0.988577 0.935763 -0.00183173 -0.00101894 -0.000844922 -0.00113727 -0.00155154 -0.00178495 -0.0479637 -0.0444592 -0.0380074 
2.73678e-34 1.20185e-34 0.20547 0.110844 0.109643 -7.15148e-35 2.22497e-35 3.41453e-35 -0.00165534 -0.000416376 -0.000462948 5.91912e-35 0.00491529 0.00711838 0.00620087 
0.50883 0.470892 0.501361 0.490306 0.506532 0.50127 0.0471892 0.028846 0.0277679 0.0282354 0.0367458 0.0374433 0.0116143 0.00611888 0.00934412 
0.989724 0.999367 0.842514 0.965098 0.977856 0.99619 -0.00495341 -0.00822299 -0.00533099 -0.00770115 -0.006598 -0.00686674 -0.0661024 -0.0740409 -0.0695689 
0.591779 0.71714 0.697576 0.715364 0.651631 0.67799 -0.0870971 -0.0940554 -0.192195 -0.142078 -0.136357 -0.0905746 0.0235204 -0.0182949 -0.00680753 
4.56466e-34 5.7356e-34 0.646891 0.36309 0.359232 -2.00737e-34 -4.00723e-34 -3.55387e-34 -0.00598709 -0.00191507 -0.00219972 -7.4811e-34 -0.0808667 -0.071809 -0.0769515 
0.407846 0.244254 0.380425 0.318522 0.39457 0.336178 -0.00140501 -0.00051102 -0.00176519 -0.00103681 -0.00153802 -0.000989062 -2.9028e-05 -1.34985e-05 0.000904938 
0.245559 0.408493 0.37973 0.394612 0.319062 0.337306 -0.000515759 -0.00142466 -0.00177648 -0.00155481 -0.00104015 -0.000990757 1.63588e-05 2.77095e-05 0.00115449 
0.803779 0.350335 0.480153 0.415862 0.665476 0.599662 -0.107093 -0.0370409 -0.0428492 -0.0399555 -0.0750856 -0.0733196 -0.0846374 -0.0755464 -0.0808957 
3.09834e-34 0.586376 4.01992e-34 0.324921 -9.7736e-35 0.325097 -6.75079e-35 -0.000308752 -1.92812e-34 -0.000136027 -3.27481e-34 -9.61667e-05 -0.027515 -0.0352594 -0.0392746 
4.01992e-34 0.586376 0.706024 0.648815 0.405342 0.324921 -1.92812e-34 -0.000308752 -0.00101894 -0.000557436 -0.000266177 -0.000136027 -0.0392746 -0.0352594 -0.0444592 
0.500021 0.467533 0.47928 0.473696 0.495165 0.492279 -0.00443864 -0.00302485 -0.0045151 -0.00371014 -0.00456712 -0.00378905 0.0021043 0.00125542 0.00240454 
0.40685 0.47928 0.467533 0.473696 0.441078 0.449571 -0.00358596 -0.0045151 -0.00302485 -0.00371014 -0.00334553 -0.00411984 0.00261272 0.00240454 0.00125542 
4.41913e-34 0.62507 0.750082 0.690673 0.437675 0.350035 1.93123e-34 -0.000994613 -0.000739457 -0.000881009 -0.000231818 -0.000227672 -0.0406361 -0.0485853 -0.0396337 
1 0.75 0.986682 0.905353 0.996679 0.9375 -5.5109e-37 -4.14031e-37 -0.000640236 -0.00055728 -0.000603492 -8.53141e-37 -0.0283764 -0.029095 -0.0360396 
0.999441 0.842514 0.999367 0.965098 0.99979 0.957354 -0.0122447 -0.00533099 -0.00822299 -0.00770115 -0.00992291 -0.00954019 -0.0825894 -0.0695689 -0.0740409 
2.01694e-34 1.90477e-34 0.332996 0.190689 0.198368 -1.20939e-34 -1.35641e-34 -8.24063e-35 0.010789 0.00416936 0.00249676 -2.24112e-34 0.027714 0.0176087 0.0224901 
0.578587 0.608559 0.594735 0.609994 0.592222 0.619405 0.118575 0.0928348 0.122337 0.112671 0.122886 0.112298 -0.0214534 -4.90907e-05 -0.00642112 
1.16627e-34 1.06828e-34 0.205258 0.10313 0.109243 -7.00507e-35 -1.45164e-35 -1.15697e-35 0.00830815 0.00221894 0.00282082 -3.32564e-35 0.00365828 0.002826 0.00333481 
0.989724 0.775302 0.646411 0.714401 0.879462 0.917091 -0.00495341 -0.00228416 -0.00269149 -0.00255106 -0.00472675 -0.00393443 -0.0661024 -0.0579158 -0.0691585 
1.00991e-34 8.24499e-35 0.177665 0.085675 0.098024 -6.49598e-35 1.10696e-34 1.02967e-34 0.0152761 0.0055949 0.00494407 2.00998e-34 0.0216701 0.0195362 0.0213231 
-5.13009e-35 -7.14608e-35 -0.0405215 -0.0768475 -0.0650762 2.10386e-35 -1.40543e-34 -2.59663e-34 0.0181445 0.0052079 0.00442024 -4.19869e-34 -0.0302161 -0.053554 -0.0441006 
-1.04439e-36 2.13168e-35 0.0285868 0.0181767 0.00477078 3.24715e-36 -3.2163e-34 -2.94089e-34 -0.0212837 -0.00462119 -0.00447595 -5.97853e-34 -0.0641182 -0.0590255 -0.0597062 
-1.02705e-34 -1.97978e-34 -0.201109 -0.136231 -0.0994466 9.03264e-35 6.98481e-34 7.54632e-34 0.0383777 0.0122981 0.0132701 1.40258e-33 -0.138111 -0.147497 -0.13983 
0.452884 0.570545 0.171817 0.359427 0.308803 0.507227 -0.0522666 -0.063369 0.000243704 -0.0290321 -0.021319 -0.0569716 -0.127579 -0.121371 -0.119755 
7.86773e-35 4.08651e-34 0.223582 0.104344 0.0843061 -6.49873e-35 -3.29626e-34 -4.01385e-34 -0.0307881 -0.00796961 -0.00607788 -6.69356e-34 -0.0659041 -0.0717699 -0.065583 
8.85192e-35 2.12947e-34 0.181403 0.0941777 0.0929219 -6.16707e-35 -2.10017e-35 -2.45952e-35 -0.0015998 -0.000826721 -0.000558151 -4.26517e-35 0.00415515 0.00454315 0.00429325 
0.365128 0.472419 0.477193 0.475009 0.432927 0.429366 -0.00535386 -0.00758431 -0.0077953 -0.00788578 -0.00677775 -0.00694286 0.00639068 0.00774507 0.00559743 
0.937205 0.706024 0.586376 0.648815 0.80029 0.842881 -0.000844922 -0.00101894 -0.000308752 -0.000557436 -0.00063108 -0.00113727 -0.0380074 -0.0444592 -0.0352594 
0.660588 0.697576 0.671412 0.725341 0.665889 0.725542 -0.174842 -0.192195 -0.134344 -0.159851 -0.155929 -0.184941 -0.0532324 -0.00680753 -0.0497214 
1 0.986682 0.937205 0.995417 0.984241 0.996679 -5.5109e-37 -0.000640236 -0.000844922 -0.000886695 -0.000731006 -0.000603492 -0.0283764 -0.0360396 -0.0380074 
-7.33706e-35 -1.02705e-34 -0.127933 -0.074459 -0.0501849 4.73487e-35 6.74766e-34 6.98481e-34 0.0363861 0.0125177 0.00859503 1.32473e-33 -0.131682 -0.138111 -0.133251 
4.16333e-34 0.764025 0.417785 0.603455 0.220232 0.423142 -4.5532e-34 -0.0230951 -0.0142764 -0.0182825 -0.00508776 -0.0100476 -0.0908488 -0.0911816 -0.0913465 
3.09834e-34 0.75 0.586376 0.673359 0.325097 0.4375 -6.75079e-35 -3.61087e-37 -0.000308752 -0.000185659 -9.61667e-05 -9.88305e-38 -0.027515 -0.0276119 -0.0352594 
1.22899e-34 1.18798e-34 0.21667 0.118342 0.120099 -7.97772e-35 8.29737e-35 1.00384e-34 0.00212587 0.000797598 0.00048313 1.81352e-34 0.0168432 0.0201729 0.0185706 
2.76365e-34 1.19782e-34 0.217029 0.119023 0.117725 -7.90383e-35 4.67847e-35 6.51078e-35 -0.00187184 -0.000585773 -0.000916921 1.15479e-34 0.010103 0.0133893 0.0123175 
3.73447e-35 -3.16143e-36 0.0745283 0.000531131 0.0267997 -3.30731e-35 6.31078e-35 -2.31197e-35 0.0310188 0.0123248 0.0111046 1.27906e-35 0.0106379 -0.00708608 0.00242099 
-6.61936e-35 -4.07736e-35 -0.0620944 -0.0498975 -0.0682448 4.52195e-35 -3.32131e-34 -3.42788e-34 -0.0168348 -0.010212 -0.00656468 -6.61384e-34 -0.0665328 -0.0682063 -0.0699421 
4.1988e-35 5.42232e-35 0.113095 0.0474414 0.0409332 -2.95651e-35 -2.89068e-34 -3.04963e-34 -0.0130281 -0.00211668 -0.00163014 -5.85072e-34 -0.0584143 -0.0614146 -0.058773 
1.2648e-34 1.84403e-34 0.277772 0.173997 0.143813 -1.05375e-34 -2.35214e-34 -1.99408e-34 -0.0331786 -0.0125601 -0.0163254 -3.96253e-34 0.0439616 0.0381746 0.0410071 
1.60663e-34 1.40501e-34 0.265491 0.138211 0.151282 -9.09622e-35 -4.64954e-35 -2.46473e-35 0.0191597 0.00505807 0.00539004 -8.54435e-35 0.01067 0.00613081 0.00866167 
9.81892e-35 9.49512e-35 0.181899 0.0920791 0.0929439 -6.23731e-35 -1.33793e-35 -1.73729e-35 0.00062811 0.000229178 0.00047082 -3.18191e-35 0.00286846 0.00354539 0.00316787 
0.754295 0.910895 0.480153 0.74573 0.623969 0.850246 -0.0658218 -0.0997675 -0.0428492 -0.077523 -0.0558716 -0.0841719 -0.0890407 -0.0949588 -0.0808957 
0.758653 0.575413 0.840659 0.763823 0.819576 0.665191 -0.224037 -0.218043 -0.274278 -0.270118 -0.261563 -0.223774 -0.128734 -0.121726 -0.0922965 
0.803953 0.840659 0.575413 0.763823 0.729567 0.823138 -0.293345 -0.274278 -0.218043 -0.270118 -0.278745 -0.286374 -0.0845118 -0.0922965 -0.121726 
0.803779 0.910895 0.859896 0.939895 0.930755 0.86383 -0.107093 -0.0997675 -0.120605 -0.123319 -0.135561 -0.105366 -0.0846374 -0.0949588 -0.11965 
0.225167 -0.00955298 0.0258774 -0.000326816 0.0936936 0.0379309 -0.0153075 0.0427554 0.0326288 0.0372337 0.0120142 0.0259367 -0.119456 -0.122592 -0.120492 
0.500021 0.47928 0.490005 0.485086 0.497726 0.495165 -0.00443864 -0.0045151 -0.0063432 -0.00538035 -0.0053883 -0.00456712 0.0021043 0.00240454 0.00355091 
2.32563e-34 4.41913e-34 0.43769 0.234543 0.234484 4.7867e-35 6.95272e-35 1.93123e-34 -0.000170663 -0.000152342 -7.44951e-05 3.32618e-34 -0.0292215 -0.0406361 -0.0349187 
0.999441 0.835315 0.703053 0.774133 0.932658 0.962373 -0.0122447 -0.00654541 -0.00713122 -0.00708826 -0.012503 -0.0106073 -0.0825894 -0.0779598 -0.0888147 
0.129265 -0.253793 -0.0991002 -0.193561 -0.00662595 -0.0860235 -0.102811 -0.0188184 -0.0693261 -0.0412077 -0.0795624 -0.0433024 -0.124635 -0.11982 -0.0771028 
0.803779 0.480153 0.910895 0.74573 0.86383 0.665476 -0.107093 -0.0428492 -0.0997675 -0.077523 -0.105366 -0.0750856 -0.0846374 -0.0808957 -0.0949588 
0.40685 0.490005 0.47928 0.485086 0.449571 0.458954 -0.00358596 -0.0063432 -0.0045151 -0.00538035 -0.00411984 -0.00500129 0.00261272 0.00355091 0.00240454 
-1.97978e-34 -3.18914e-34 -0.265067 -0.217123 -0.198272 1.63586e-34 7.54632e-34 6.68041e-34 0.0388102 0.0268776 0.0218548 1.36626e-33 -0.147497 -0.132097 -0.146678 
4.41913e-34 0.750082 0.43769 0.609375 0.234543 0.437675 1.93123e-34 -0.000739457 -0.000170663 -0.000311737 -0.000152342 -0.000231818 -0.0406361 -0.0396337 -0.0349187 
2.01694e-34 0.332996 0.264326 0.303387 0.153261 0.198368 -1.35641e-34 0.010789 -0.00507951 0.000733145 -0.000318581 0.00249676 0.027714 0.0224901 0.0324285 
0.75 0.937205 0.586376 0.80029 0.673359 0.859208 -3.61087e-37 -0.000844922 -0.000308752 -0.00063108 -0.000185659 -0.000550348 -0.0276119 -0.0380074 -0.0352594 
0.478013 0.264326 0.332996 0.303387 0.412282 0.37815 -0.0213283 -0.00507951 0.010789 0.000733145 -0.00338994 -0.0156936 0.0277492 0.0324285 0.0224901 
1.16627e-34 0.205258 0.173245 0.189451 0.0866675 0.109243 -1.45164e-35 0.00830815 0.00757381 0.00855983 0.00215213 0.00282082 0.00365828 0.00333481 0.00493952 
-0.0292562 0.0258774 -0.00955298 -0.000326816 -0.021965 -0.00877478 0.0601226 0.0326288 0.0427554 0.0372337 0.0484146 0.0486254 -0.121994 -0.120492 -0.122592 
4.41913e-34 4.54809e-34 0.62507 0.350606 0.350035 -1.4235e-34 1.93123e-34 2.4873e-34 -0.000994613 -0.000334805 -0.000227672 4.42948e-34 -0.0406361 -0.0523894 -0.0485853 
0.359045 0.173245 0.205258 0.189451 0.282488 0.273434 0.0323433 0.00757381 0.00830815 0.00855983 0.0189111 0.0193203 0.00486651 0.00493952 0.00333481 
1.20185e-34 2.76365e-34 0.201883 0.109283 0.10841 -6.31845e-35 3.41453e-35 4.67847e-35 -0.00189622 -0.000926193 -0.000562869 8.48027e-35 0.00711838 0.010103 0.00784879 
4.87068e-34 6.63173e-34 0.646411 0.367218 0.365202 -1.65689e-34 3.06322e-34 3.65073e-34 -0.00269149 -0.00142456 -0.000777552 6.76789e-34 -0.0645969 -0.077528 -0.0691585 
-0.124724 0.247746 -0.0221019 0.103369 -0.077325 0.0498183 -0.00993398 -0.105955 0.0115471 -0.0360203 0.00478201 -0.0379146 -0.146408 -0.148061 -0.157824 
0.803779 0.859896 0.91878 0.913053 0.888994 0.930755 -0.107093 -0.120605 -0.16601 -0.150309 -0.142009 -0.135561 -0.0846374 -0.11965 -0.102503 
0.754295 0.480153 0.335364 0.413162 0.561549 0.623969 -0.0658218 -0.0428492 -0.0195586 -0.0279662 -0.0398257 -0.0558716 -0.0890407 -0.0808957 -0.0858549 
8.24499e-35 0.0915151 0.177665 0.136652 0.085675 0.0473303 1.02967e-34 0.014207 0.0152761 0.0164292 0.0055949 0.00444021 0.0195362 0.015636 0.0213231 
1.00991e-34 0.177665 0.150782 0.167725 0.0778461 0.098024 1.10696e-34 0.0152761 0.00420818 0.00828059 0.00183269 0.00494407 0.0216701 0.0213231 0.0211433 
-7.14608e-35 -0.0838434 -0.0405215 -0.076052 -0.0768475 -0.0684124 -2.59663e-34 -0.00521699 0.0181445 0.00451656 0.0052079 -0.000125294 -0.053554 -0.0622237 -0.0441006 
-5.13009e-35 -0.0405215 -0.018059 -0.0344126 -0.043346 -0.0650762 -1.40543e-34 0.0181445 0.0173922 0.0202781 0.00476432 0.00442024 -0.0302161 -0.0441006 -0.0194981 
2.13168e-35 0.0458216 0.0285868 0.0414254 0.0181767 0.0194933 -2.94089e-34 -0.0068692 -0.0212837 -0.0116752 -0.00462119 -0.0012703 -0.0590255 -0.0572679 -0.0597062 
-1.04439e-36 0.0285868 -0.0274781 0.000623379 -0.0108492 0.00477078 -3.2163e-34 -0.0212837 -0.0160028 -0.0200941 -0.00433192 -0.00447595 -0.0641182 -0.0597062 -0.0657216 
0.303828 0.150782 0.177665 0.167725 0.245338 0.23447 0.0165492 0.00420818 0.0152761 0.00828059 0.0184488 0.0107673 0.0211966 0.0211433 0.0213231 
0.105462 -0.018059 -0.0405215 -0.0344126 0.022064 0.036765 0.0670184 0.0173922 0.0181445 0.0202781 0.0404071 0.0413297 -0.0213426 -0.0194981 -0.0441006 
0.257784 0.177665 0.0915151 0.136652 0.177742 0.224665 0.0591947 0.0152761 0.014207 0.0164292 0.0384544 0.0362161 0.0175856 0.0213231 0.015636 
0.0469391 -0.0274781 0.0285868 0.000623379 0.0334062 -0.0088803 -0.0446974 -0.0160028 -0.0212837 -0.0200941 -0.0387294 -0.0332924 -0.0680281 -0.0657216 -0.0597062 
0.055547 -0.0405215 -0.0838434 -0.076052 -0.036786 -0.0113315 0.019148 0.0181445 -0.00521699 0.00451656 -0.00362137 0.0185703 -0.069234 -0.0441006 -0.0622237 
0.190006 0.0285868 0.0458216 0.0414254 0.100238 0.0926384 -0.046827 -0.0212837 -0.0068692 -0.0116752 -0.0216271 -0.0309731 -0.0554358 -0.0597062 -0.0572679 
6.63173e-34 0.835315 0.646411 0.749449 0.367218 0.509408 3.65073e-34 -0.00654541 -0.00269149 -0.00415146 -0.00142456 -0.00235035 -0.077528 -0.0779598 -0.0691585 
0.452884 0.421823 0.859896 0.660698 0.681572 0.436154 -0.0522666 -0.0567597 -0.120605 -0.0968136 -0.0930631 -0.053725 -0.127579 -0.136626 -0.11965 
0.333238 0.205258 0.137781 0.169788 0.241492 0.273849 0.0144191 0.00830815 0.00221879 0.00456704 0.00762518 0.0130504 0.00311625 0.00333481 0.0027824 
1.06828e-34 0.137781 0.205258 0.169788 0.10313 0.0709346 -1.15697e-35 0.00221879 0.00830815 0.00456704 0.00221894 0.000958557 0.002826 0.0027824 0.00333481 
0.17618 -0.117218 0.0814544 -0.0297281 0.119582 0.00868162 -0.137234 -0.0458457 -0.0792564 -0.0631046 -0.110272 -0.0941389 -0.0291165 -0.0284873 0.0147876 
8.01703e-35 0.169843 2.02862e-34 0.0893002 -3.44358e-35 0.0895214 -2.44673e-37 -0.00039629 -8.3726e-36 -0.000211912 -7.78261e-36 -0.000132477 3.54418e-05 0.00102765 0.00154344 
2.34911e-34 0.335364 0.480153 0.413162 0.232375 0.15593 -4.29487e-34 -0.0195586 -0.0428492 -0.0279662 -0.00986269 -0.00599201 -0.0850748 -0.0858549 -0.0808957 
0.225167 0.426189 0.0312467 0.161388 0.114377 0.310731 -0.0153075 -0.0494416 0.0361323 -0.00194014 0.0110888 -0.029026 -0.119456 -0.125258 -0.124835 
-7.51632e-35 0.0814544 -0.117218 -0.0297281 -0.118557 -0.0673663 -2.85062e-35 -0.0792564 -0.0458457 -0.0631046 -0.0138922 -0.0293712 -0.000409779 0.0147876 -0.0284873 
8.16071e-35 2.04176e-34 0.180686 0.095392 0.0951631 -4.67196e-35 -2.52123e-37 6.21051e-36 -0.000431901 -0.000232439 -0.000145977 6.78413e-36 -3.58153e-05 0.00141324 0.000841827 
0.473324 0.332996 0.233551 0.287586 0.37226 0.415493 0.0435566 0.010789 0.0110087 0.0119727 0.0259625 0.0212697 0.0118716 0.0224901 0.014644 
0.248596 -0.0221019 0.247746 0.103369 0.247284 0.11873 -0.0546757 0.0115471 -0.105955 -0.0360203 -0.0815664 -0.0150576 -0.156452 -0.157824 -0.148061 
1.22899e-34 0.21667 0.168133 0.194083 0.090346 0.120099 8.29737e-35 0.00212587 -0.000398648 0.000448129 0.000102813 0.00048313 0.0168432 0.0185706 0.0153273 
1.90477e-34 0.233551 0.332996 0.287586 0.190689 0.131326 -8.24063e-35 0.0110087 0.010789 0.0119727 0.00416936 0.00226294 0.0176087 0.014644 0.0224901 
1.84403e-34 0.264326 0.277772 0.280442 0.173997 0.148004 -1.99408e-34 -0.00507951 -0.0331786 -0.0183489 -0.0125601 -0.00341472 0.0381746 0.0324285 0.0410071 
1.18798e-34 0.150782 0.21667 0.185493 0.118342 0.0817551 1.00384e-34 0.00420818 0.00212587 0.00371549 0.000797598 0.00117609 0.0201729 0.0211433 0.0185706 
1.2648e-34 0.277772 0.109484 0.20252 0.0640834 0.143813 -2.35214e-34 -0.0331786 -0.033805 -0.0389658 -0.0125435 -0.0163254 0.0439616 0.0410071 0.03971 
1.40501e-34 0.173245 0.265491 0.217841 0.138211 0.0939537 -2.46473e-35 0.00757381 0.0191597 0.0121274 0.00505807 0.00246405 0.00613081 0.00493952 0.00866167 
3.73447e-35 0.0745283 0.0915151 0.0855257 0.0330186 0.0267997 6.31078e-35 0.0310188 0.014207 0.021282 0.00512946 0.0111046 0.0106379 0.00242099 0.015636 
-3.16143e-36 -0.018059 0.0745283 0.0225281 0.000531131 -0.0263868 -2.31197e-35 0.0173922 0.0310188 0.0239489 0.0123248 0.00573393 -0.00708608 -0.0194981 0.00242099 
-6.61936e-35 -0.0620944 -0.0838434 -0.0742538 -0.0655472 -0.0682448 -3.32131e-34 -0.0168348 -0.00521699 -0.00847121 -0.00291297 -0.00656468 -0.0665328 -0.0699421 -0.0622237 
-4.07736e-35 -0.0274781 -0.0620944 -0.0451784 -0.0498975 -0.0240626 -3.42788e-34 -0.0160028 -0.0168348 -0.0163893 -0.010212 -0.00501569 -0.0682063 -0.0657216 -0.0699421 
4.1988e-35 0.113095 0.0458216 0.0731758 0.0239495 0.0409332 -2.89068e-34 -0.0130281 -0.0068692 -0.00907246 -0.000241889 -0.00163014 -0.0584143 -0.058773 -0.0572679 
1.60663e-34 0.265491 0.233551 0.251769 0.122227 0.151282 -4.64954e-35 0.0191597 0.0110087 0.0159665 0.00239298 0.00539004 0.01067 0.00866167 0.014644 
5.42232e-35 0.101836 0.113095 0.108685 0.0474414 0.0362348 -3.04963e-34 -0.00989778 -0.0130281 -0.0116719 -0.00211668 -0.00232336 -0.0614146 -0.0631191 -0.058773 
9.49512e-35 0.129379 0.181899 0.155101 0.0920791 0.0650731 -1.73729e-35 -0.000469195 0.00062811 -5.22714e-05 0.000229178 2.01661e-05 0.00354539 0.00381989 0.00316787 
9.81892e-35 0.181899 0.137781 0.159588 0.0686244 0.0929439 -1.33793e-35 0.00062811 0.00221879 0.0018242 0.000699143 0.00047082 0.00286846 0.00316787 0.0027824 
0.129265 0.575413 0.247746 0.413598 0.186274 0.353869 -0.102811 -0.218043 -0.105955 -0.16645 -0.101014 -0.167317 -0.124635 -0.121726 -0.148061 
0.497806 0.498882 0.472419 0.490043 0.496839 0.500099 -0.00742188 -0.00845558 -0.00758431 -0.00835472 -0.00778678 -0.00809519 0.00648082 0.00616418 0.00774507 
8.16071e-35 0.180686 0.244254 0.213356 0.131943 0.0951631 -2.52123e-37 -0.000431901 -0.00051102 -0.000458831 -0.000148599 -0.000145977 -3.58153e-05 0.000841827 -1.34985e-05 
-0.106962 0.142812 -0.0112832 0.0548672 -0.0514179 0.0206688 0.0807605 0.0377723 0.0751129 0.0638186 0.0757752 0.0648727 -0.138456 -0.134154 -0.126551 
8.01703e-35 0.245559 0.169843 0.208918 0.0895214 0.133373 -2.44673e-37 -0.000515759 -0.00039629 -0.000446041 -0.000132477 -0.00015029 3.54418e-05 1.63588e-05 0.00102765 
0.346566 0.473346 0.425216 0.452195 0.388926 0.422575 -0.00531047 -0.00817427 -0.00687405 -0.00770172 -0.00641815 -0.00704074 0.00470891 0.00528795 0.00528449 
2.44644e-34 0.480153 0.350335 0.415862 0.15991 0.205259 -3.97251e-34 -0.0428492 -0.0370409 -0.0399555 -0.00916231 -0.0101391 -0.0775014 -0.0808957 -0.0755464 
0.129265 -0.0991002 0.323873 0.0933841 0.223031 -0.00662595 -0.102811 -0.0693261 -0.18775 -0.120828 -0.152778 -0.0795624 -0.124635 -0.0771028 -0.0818341 
0.17618 0.323873 -0.0991002 0.0933841 0.0153927 0.244602 -0.137234 -0.18775 -0.0693261 -0.120828 -0.101898 -0.162129 -0.0291165 -0.0818341 -0.0771028 
0.758653 0.84436 0.532828 0.712171 0.652394 0.802545 -0.224037 -0.20524 -0.124577 -0.175158 -0.17717 -0.21795 -0.128734 -0.122749 -0.14646 
2.12947e-34 1.08471e-34 0.177882 0.092727 0.0918809 -5.29309e-35 -2.45952e-35 -2.34625e-35 -0.00183034 -0.000512907 -0.000870467 -4.47914e-35 0.00454315 0.00459807 0.00455138 
0.499187 0.498882 0.473346 0.49605 0.490676 0.500128 -0.00809205 -0.00845558 -0.00817427 -0.00844216 -0.00834064 -0.00848823 0.00475141 0.00616418 0.00528795 
0.497806 0.473346 0.498882 0.49605 0.500099 0.488641 -0.00742188 -0.00817427 -0.00845558 -0.00844216 -0.00809519 -0.00815643 0.00648082 0.00528795 0.00616418 
0.489835 0.489778 0.500006 0.497569 0.497357 0.50001 -0.00215063 -0.00215411 -0.00305616 -0.00255317 -0.00255153 -0.00233811 1.11836e-05 -1.33294e-05 0.000955207 
0.17618 -0.0991002 -0.117218 -0.127666 0.00868162 0.0153927 -0.137234 -0.0693261 -0.0458457 -0.0590626 -0.0941389 -0.101898 -0.0291165 -0.0771028 -0.0284873 
-1.81421e-34 -0.117218 -0.0991002 -0.127666 -0.219363 -0.159568 2.28057e-34 -0.0458457 -0.0693261 -0.0590626 -0.0153116 -0.0118955 -0.0506799 -0.0284873 -0.0771028 
0.365128 0.477193 0.432172 0.457599 0.401545 0.432927 -0.00535386 -0.0077953 -0.00580067 -0.00690038 -0.0057375 -0.00677775 0.00639068 0.00559743 0.00445177 
4.54809e-34 0.775302 0.62507 0.704933 0.350606 0.45721 2.4873e-34 -0.00228416 -0.000994613 -0.00147674 -0.000334805 -0.000714644 -0.0523894 -0.0579158 -0.0485853 
0.998704 0.775302 0.997089 0.930317 0.997891 0.93511 -0.00183173 -0.00228416 -0.00332384 -0.00313604 -0.00273483 -0.00247183 -0.0479637 -0.0579158 -0.0571274 
0.989724 0.997089 0.775302 0.930317 0.917091 0.99405 -0.00495341 -0.00332384 -0.00228416 -0.00313604 -0.00393443 -0.004052 -0.0661024 -0.0571274 -0.0579158 
0.691055 0.323873 0.581798 0.458044 0.635595 0.520508 -0.287291 -0.18775 -0.253439 -0.227716 -0.273691 -0.240311 -0.0722182 -0.0818341 -0.0357943 
0.17618 0.581798 0.323873 0.458044 0.244602 0.387521 -0.137234 -0.253439 -0.18775 -0.227716 -0.162129 -0.199643 -0.0291165 -0.0357943 -0.0818341 
7.52602e-34 5.06996e-34 0.0312467 -0.0131245 0.0306168 1.0667e-33 3.10401e-34 3.85168e-35 0.0361323 0.0436291 0.0268204 8.30654e-36 -0.137607 -0.123295 -0.124835 
0.333238 0.391196 0.205258 0.306362 0.273849 0.360818 0.0144191 0.0322731 0.00830815 0.0197112 0.0130504 0.0227346 0.00311625 0.00387172 0.00333481 
0.473324 0.547161 0.332996 0.449696 0.415493 0.513813 0.0435566 0.0244275 0.010789 0.00983718 0.0212697 0.0376605 0.0118716 0.016598 0.0224901 
0.225167 0.734708 0.782015 0.755129 0.529435 0.496828 -0.0153075 -0.0719017 -0.0616117 -0.0665239 -0.050924 -0.0479526 -0.119456 -0.117206 -0.11795 
-1.81421e-34 -7.51632e-35 -0.117218 -0.118557 -0.159568 -1.23542e-35 2.28057e-34 -2.85062e-35 -0.0458457 -0.0138922 -0.0118955 2.60128e-34 -0.0506799 -0.000409779 -0.0284873 
0.989724 0.646411 0.835315 0.749449 0.936091 0.879462 -0.00495341 -0.00269149 -0.00654541 -0.00415146 -0.0063908 -0.00472675 -0.0661024 -0.0691585 -0.0779598 
0.190006 0.158322 0.0285868 0.0786621 0.0926384 0.172806 -0.046827 -0.0639077 -0.0212837 -0.0430036 -0.0309731 -0.0580319 -0.0554358 -0.0611511 -0.0597062 
0.055547 0.129479 -0.0405215 0.0312034 -0.0113315 0.0858709 0.019148 0.0650443 0.0181445 0.0405949 0.0185703 0.043099 -0.069234 -0.046308 -0.0441006 
0.257784 0.332908 0.177665 0.261547 0.224665 0.299292 0.0591947 0.0414233 0.0152761 0.029481 0.0362161 0.0508004 0.0175856 0.021051 0.0213231 
1.19782e-34 0.168133 0.217029 0.193503 0.119023 0.0900149 6.51078e-35 -0.000398648 -0.00187184 -0.00105816 -0.000585773 -0.000121315 0.0133893 0.0153273 0.0123175 
1.19782e-34 1.22899e-34 0.168133 0.090346 0.0900149 -1.76474e-35 6.51078e-35 8.29737e-35 -0.000398648 0.000102813 -0.000121315 1.483e-34 0.0133893 0.0168432 0.0153273 
0.322573 0.217029 0.168133 0.193503 0.252401 0.273977 -0.000381699 -0.00187184 -0.000398648 -0.00105816 -0.000582516 -0.00167462 0.0150329 0.0123175 0.0153273 
1.84403e-34 2.01694e-34 0.264326 0.153261 0.148004 -2.27459e-35 -1.99408e-34 -1.35641e-34 -0.00507951 -0.000318581 -0.00341472 -3.23887e-34 0.0381746 0.027714 0.0324285 
3.85316e-34 4.16333e-34 0.417785 0.220232 0.210356 -1.73086e-35 -4.67574e-34 -4.5532e-34 -0.0142764 -0.00508776 -0.00404096 -8.98378e-34 -0.0925436 -0.0908488 -0.0913465 
2.34911e-34 3.52312e-34 0.335364 0.171222 0.15593 -2.51301e-35 -4.29487e-34 -4.43878e-34 -0.0195586 -0.00740097 -0.00599201 -8.44279e-34 -0.0850748 -0.0873759 -0.0858549 
1.40501e-34 1.16627e-34 0.173245 0.0866675 0.0939537 -1.52893e-35 -2.46473e-35 -1.45164e-35 0.00757381 0.00215213 0.00246405 -4.85076e-35 0.00613081 0.00365828 0.00493952 
8.24499e-35 3.73447e-35 0.0915151 0.0330186 0.0473303 -1.6767e-35 1.02967e-34 6.31078e-35 0.014207 0.00512946 0.00444021 1.49091e-34 0.0195362 0.0106379 0.015636 
1.18798e-34 1.00991e-34 0.150782 0.0778461 0.0817551 -1.19635e-35 1.00384e-34 1.10696e-34 0.00420818 0.00183269 0.00117609 2.05571e-34 0.0201729 0.0216701 0.0211433 
-7.14608e-35 -6.61936e-35 -0.0838434 -0.0655472 -0.0684124 5.35523e-38 -2.59663e-34 -3.32131e-34 -0.00521699 -0.00291297 -0.000125294 -5.94044e-34 -0.053554 -0.0665328 -0.0622237 
-3.16143e-36 -5.13009e-35 -0.018059 -0.043346 -0.0263868 -1.83078e-35 -2.31197e-35 -1.40543e-34 0.0173922 0.00476432 0.00573393 -1.84876e-34 -0.00708608 -0.0302161 -0.0194981 
2.13168e-35 4.1988e-35 0.0458216 0.0239495 0.0194933 -2.35191e-36 -2.94089e-34 -2.89068e-34 -0.0068692 -0.000241889 -0.0012703 -5.727e-34 -0.0590255 -0.0584143 -0.0572679 
-4.07736e-35 -1.04439e-36 -0.0274781 -0.0108492 -0.0240626 9.15474e-36 -3.42788e-34 -3.2163e-34 -0.0160028 -0.00433192 -0.00501569 -6.47686e-34 -0.0682063 -0.0641182 -0.0657216 
0.960319 0.782015 0.734708 0.755129 0.8814 0.899312 -0.0776999 -0.0616117 -0.0719017 -0.0665239 -0.0810261 -0.0745561 -0.106963 -0.11795 -0.117206 
9.49512e-35 8.85192e-35 0.129379 0.0655351 0.0650731 -1.02495e-35 -1.73729e-35 -2.10017e-35 -0.000469195 -0.000182112 2.01661e-05 -3.79804e-35 0.00354539 0.00415515 0.00381989 
1.06828e-34 9.81892e-35 0.137781 0.0686244 0.0709346 -1.23174e-35 -1.15697e-35 -1.33793e-35 0.00221879 0.000699143 0.000958557 -2.80317e-35 0.002826 0.00286846 0.0027824 
5.42232e-35 7.86773e-35 0.101836 0.0461858 0.0362348 -8.63686e-36 -3.04963e-34 -3.29626e-34 -0.00989778 -0.00254187 -0.00232336 -6.23112e-34 -0.0614146 -0.0659041 -0.0631191 
1.90477e-34 1.60663e-34 0.233551 0.122227 0.131326 -1.42113e-35 -8.24063e-35 -4.64954e-35 0.0110087 0.00239298 0.00226294 -1.40318e-34 0.0176087 0.01067 0.014644 
1.93176e-35 1.2648e-34 0.109484 0.0640834 0.0257775 -1.52305e-35 -1.94791e-34 -2.35214e-34 -0.033805 -0.0125435 -0.0116285 -3.85918e-34 0.0337817 0.0439616 0.03971 
0.553042 0.745582 0.765343 0.761209 0.678956 0.653859 -0.180934 -0.234244 -0.271288 -0.256875 -0.228537 -0.211446 -0.0574117 -0.0688889 -0.0663853 
0.883422 0.782015 0.978332 0.930539 0.959292 0.835639 -0.0528433 -0.0616117 -0.0637104 -0.069074 -0.0642739 -0.058828 -0.115902 -0.11795 -0.104851 
5.00681e-34 5.11935e-34 -0.00631309 -0.000870854 -0.00231174 1.01971e-33 1.11129e-35 -7.01502e-37 0.0043624 -0.00156418 0.00291142 -1.55919e-36 -0.121549 -0.122977 -0.122777 
0.999441 0.999367 0.835315 0.953933 0.962373 0.99979 -0.0122447 -0.00822299 -0.00654541 -0.00815893 -0.0106073 -0.00992291 -0.0825894 -0.0740409 -0.0779598 
0.989724 0.835315 0.999367 0.953933 0.99619 0.936091 -0.00495341 -0.00654541 -0.00822299 -0.00815893 -0.00686674 -0.0063908 -0.0661024 -0.0779598 -0.0740409 
2.32563e-34 0.43769 0.75 0.609492 0.4375 0.234484 6.95272e-35 -0.000170663 -4.14031e-37 -0.000137037 -1.45289e-37 -7.44951e-05 -0.0292215 -0.0349187 -0.029095 
0.371212 0.407182 0.0814544 0.239173 0.22814 0.38948 -0.114753 -0.172673 -0.0792564 -0.129288 -0.110548 -0.14379 0.0315101 0.0083886 0.0147876 
7.86773e-35 0.223582 0.101836 0.155511 0.0461858 0.0843061 -3.29626e-34 -0.0307881 -0.00989778 -0.0183799 -0.00254187 -0.00607788 -0.0659041 -0.065583 -0.0631191 
0.357345 0.101836 0.223582 0.155511 0.296658 0.217725 -0.0742767 -0.00989778 -0.0307881 -0.0183799 -0.0493142 -0.0323337 -0.0615744 -0.0631191 -0.065583 
0.960319 0.978332 0.782015 0.930539 0.899312 0.972686 -0.0776999 -0.0637104 -0.0616117 -0.069074 -0.0745561 -0.0712549 -0.106963 -0.104851 -0.11795 
0.803953 0.765343 0.745582 0.761209 0.805499 0.79823 -0.293345 -0.271288 -0.234244 -0.256875 -0.277658 -0.287917 -0.0845118 -0.0663853 -0.0688889 
0.288739 0.129379 0.181403 0.155505 0.236801 0.213402 -0.00105259 -0.000469195 -0.0015998 -0.000982102 -0.00164625 -0.000865705 0.00395331 0.00381989 0.00429325 
8.85192e-35 0.181403 0.129379 0.155505 0.0655351 0.0929219 -2.10017e-35 -0.0015998 -0.000469195 -0.000982102 -0.000182112 -0.000558151 0.00415515 0.00429325 0.00381989 
-0.0816409 -0.0464723 -0.0161531 -0.033976 -0.0456726 -0.0639483 0.0491658 0.0354138 0.0102453 0.0216119 0.0250955 0.0426174 -0.125905 -0.123538 -0.124649 
0.883422 0.426189 0.782015 0.628442 0.835639 0.707217 -0.0528433 -0.0494416 -0.0616117 -0.05727 -0.058828 -0.0521398 -0.115902 -0.125258 -0.11795 
-1.02705e-34 -0.201109 -0.127933 -0.163392 -0.074459 -0.0994466 6.98481e-34 0.0383777 0.0363861 0.0381478 0.0125177 0.0132701 -0.138111 -0.13983 -0.133251 
7.52602e-34 0.0312467 0.426189 0.161388 0.236488 0.0306168 3.10401e-34 0.0361323 -0.0494416 -0.00194014 -0.030683 0.0268204 -0.137607 -0.124835 -0.125258 
-0.130697 -0.265067 -0.0221019 -0.172297 -0.0801788 -0.207733 0.0602099 0.0388102 0.0115471 0.0394978 0.0402314 0.0568549 -0.151135 -0.146678 -0.157824 
0.303828 0.177665 0.332908 0.261547 0.320543 0.245338 0.0165492 0.0152761 0.0414233 0.029481 0.0276787 0.0184488 0.0211966 0.0213231 0.021051 
-0.124724 -0.0221019 -0.265067 -0.172297 -0.219489 -0.077325 -0.00993398 0.0115471 0.0388102 0.0394978 0.0246255 0.00478201 -0.146408 -0.157824 -0.146678 
0.105462 -0.0405215 0.129479 0.0312034 0.110481 0.022064 0.0670184 0.0181445 0.0650443 0.0405949 0.068126 0.0404071 -0.0213426 -0.0441006 -0.046308 
0.0469391 0.0285868 0.158322 0.0786621 0.101724 0.0334062 -0.0446974 -0.0212837 -0.0639077 -0.0430036 -0.0543659 -0.0387294 -0.0680281 -0.0597062 -0.0611511 
0.478013 0.332996 0.547161 0.449696 0.519691 0.412282 -0.0213283 0.010789 0.0244275 0.00983718 0.00281162 -0.00338994 0.0277492 0.0224901 0.016598 
0.359045 0.205258 0.391196 0.306362 0.375805 0.282488 0.0323433 0.00830815 0.0322731 0.0197112 0.0330221 0.0189111 0.00486651 0.00333481 0.00387172 
0.429974 0.423003 0.511176 0.475621 0.472266 0.426982 0.103759 0.128118 0.117256 0.126095 0.111407 0.117753 0.0127708 -0.000155917 0.0064465 
0.648165 0.581798 0.407182 0.495451 0.541757 0.616715 -0.233622 -0.253439 -0.172673 -0.216006 -0.206588 -0.243366 -0.0163613 -0.0357943 0.0083886 
0.551338 0.511176 0.423003 0.475621 0.497328 0.531564 0.127997 0.117256 0.128118 0.126095 0.132928 0.12378 0.000230846 0.0064465 -0.000155917 
0.793336 0.840659 0.745582 0.813885 0.772249 0.836224 -0.210004 -0.274278 -0.234244 -0.265323 -0.224731 -0.252472 -0.0761284 -0.0922965 -0.0688889 
1.20185e-34 0.201883 0.20547 0.203682 0.110844 0.10841 3.41453e-35 -0.00189622 -0.00165534 -0.00177133 -0.000416376 -0.000562869 0.00711838 0.00784879 0.00620087 
0.33346 0.352018 0.511498 0.439237 0.42534 0.340611 0.0153326 -0.0424893 -0.00678734 -0.0260216 0.00844668 -0.0154044 -0.0744815 -0.0774756 -0.0665627 
0.803953 0.745582 0.840659 0.813885 0.823138 0.805499 -0.293345 -0.234244 -0.274278 -0.265323 -0.286374 -0.277658 -0.0845118 -0.0688889 -0.0922965 
0.606132 0.511498 0.352018 0.439237 0.490433 0.557154 -0.0721097 -0.00678734 -0.0424893 -0.0260216 -0.0534014 -0.0384358 -0.0600413 -0.0665627 -0.0774756 
1.08471e-34 0.197709 0.177882 0.187774 0.092727 0.103559 -2.34625e-35 -0.00181953 -0.00183034 -0.00183468 -0.000512907 -0.000474585 0.00459807 0.00434749 0.00455138 
0.500452 0.488612 0.497875 0.499425 0.500015 0.49663 0.000908368 -0.00524614 -0.00448921 -0.00449628 -0.00214051 -0.00264439 0.00879365 0.00694562 0.00851523 
0.459607 0.470661 0.496595 0.487021 0.483076 0.465534 0.00197164 0.0154476 0.00773319 0.0110511 0.00482631 0.0073616 0.0127342 0.0145194 0.011175 
0.502162 0.496595 0.470661 0.487021 0.493977 0.500086 0.0169667 0.00773319 0.0154476 0.0110511 0.016203 0.0121116 0.0104424 0.011175 0.0145194 
0.883422 0.978332 0.987657 0.983207 0.967833 0.959292 -0.0528433 -0.0637104 -0.0489226 -0.0571551 -0.057501 -0.0642739 -0.115902 -0.104851 -0.10325 
0.502162 0.501361 0.467969 0.488208 0.493753 0.502388 0.0169667 0.0277679 0.0136394 0.0199534 0.0157739 0.0220511 0.0104424 0.00934412 0.00656573 
0.470892 0.467969 0.501361 0.488208 0.490306 0.468544 0.028846 0.0136394 0.0277679 0.0199534 0.0282354 0.0206564 0.00611888 0.00656573 0.00934412 
0.32734 0.217029 0.371839 0.302844 0.351048 0.276166 -0.00467435 -0.00187184 -0.00392589 -0.002825 -0.00473025 -0.00296809 0.00949219 0.0123175 0.0120328 
0.322573 0.371839 0.217029 0.302844 0.273977 0.348467 -0.000381699 -0.00392589 -0.00187184 -0.002825 -0.00167462 -0.00233926 0.0150329 0.0120328 0.0123175 
0.754295 0.951683 0.910895 0.932835 0.850246 0.883319 -0.0658218 -0.084936 -0.0997675 -0.0933837 -0.0841719 -0.0798671 -0.0890407 -0.100717 -0.0949588 
0.171817 0.570545 0.734708 0.651937 0.423824 0.359427 0.000243704 -0.063369 -0.0719017 -0.0678962 -0.039942 -0.0290321 -0.119755 -0.121371 -0.117206 
0.551338 0.594735 0.569342 0.589983 0.576237 0.572666 0.127997 0.122337 0.0982103 0.113497 0.115152 0.127616 0.000230846 -0.00642112 0.00240443 
0.608559 0.569342 0.594735 0.589983 0.609994 0.589471 0.0928348 0.0982103 0.122337 0.113497 0.112671 0.0974438 -4.90907e-05 0.00240443 -0.00642112 
0.910616 0.910895 0.951683 0.932835 0.951633 0.949408 -0.100947 -0.0997675 -0.084936 -0.0933837 -0.0962442 -0.107379 -0.112133 -0.0949588 -0.100717 
0.225167 0.782015 0.426189 0.628442 0.310731 0.529435 -0.0153075 -0.0616117 -0.0494416 -0.05727 -0.029026 -0.050924 -0.119456 -0.11795 -0.125258 
0.606132 0.671412 0.71714 0.708286 0.690658 0.639359 -0.0721097 -0.134344 -0.0940554 -0.111436 -0.0768339 -0.10267 -0.0600413 -0.0497214 -0.0182949 
0.910616 0.734708 0.570545 0.651937 0.784023 0.839547 -0.100947 -0.0719017 -0.063369 -0.0678962 -0.0881871 -0.0883988 -0.112133 -0.117206 -0.121371 
0.578806 0.592358 0.223582 0.405059 0.390589 0.590227 -0.0910408 -0.120645 -0.0307881 -0.0675107 -0.0553769 -0.106498 -0.0716327 -0.0691406 -0.065583 
0.697576 0.71714 0.671412 0.708286 0.725341 0.715364 -0.192195 -0.0940554 -0.134344 -0.111436 -0.159851 -0.142078 -0.00680753 -0.0182949 -0.0497214 
0.852619 0.987657 0.978332 0.983207 0.944146 0.94506 -0.0425687 -0.0489226 -0.0637104 -0.0571551 -0.0545458 -0.0475506 -0.0959686 -0.10325 -0.104851 
0.18811 0.421823 0.142812 0.265266 0.173878 0.290994 0.00887302 -0.0567597 0.0377723 -0.00437682 0.0268199 -0.0215155 -0.15193 -0.136626 -0.134154 
0.452884 0.142812 0.421823 0.265266 0.436154 0.266557 -0.0522666 0.0377723 -0.0567597 -0.00437682 -0.053725 -0.00764895 -0.127579 -0.134154 -0.136626 
0.27608 0.328456 0.181403 0.259801 0.230333 0.302609 -0.00364838 -0.00438734 -0.0015998 -0.00268868 -0.00252502 -0.00411112 0.00469889 0.0045321 0.00429325 
-0.0193966 -0.0161531 -0.0464723 -0.033976 -0.0318738 -0.0189396 0.0144659 0.0102453 0.0354138 0.0216119 0.0245039 0.0121444 -0.122983 -0.124649 -0.123538 
0.357345 0.223582 0.592358 0.405059 0.475149 0.296658 -0.0742767 -0.0307881 -0.120645 -0.0675107 -0.097607 -0.0493142 -0.0615744 -0.065583 -0.0691406 
0.288739 0.181403 0.328456 0.259801 0.308815 0.236801 -0.00105259 -0.0015998 -0.00438734 -0.00268868 -0.00291979 -0.00164625 0.00395331 0.00429325 0.0045321 
0.472419 0.498882 0.477193 0.491566 0.475009 0.490043 -0.00758431 -0.00845558 -0.0077953 -0.00836369 -0.00788578 -0.00835472 0.00774507 0.00616418 0.00559743 
0.680716 0.532828 0.84436 0.712171 0.775355 0.604583 -0.131548 -0.124577 -0.20524 -0.175158 -0.173112 -0.127272 -0.137609 -0.14646 -0.122749 
0.754905 0.740042 0.613304 0.705461 0.699182 0.747983 -0.273031 -0.245988 -0.193195 -0.22429 -0.235422 -0.261989 -0.0559751 -0.0389805 -0.0588139 
0.5918 0.64473 0.505994 0.587114 0.549062 0.624927 0.0459173 0.0865048 0.0887562 0.0922198 0.0695834 0.07193 -0.0474714 -0.0256765 -0.0455676 
0.524645 0.516435 0.498154 0.515287 0.511396 0.523829 0.090171 0.0618209 0.0715176 0.0668578 0.0813289 0.0755361 0.00977511 0.00894343 0.0140465 
0.499187 0.477193 0.498882 0.491566 0.500128 0.496515 -0.00809205 -0.0077953 -0.00845558 -0.00836369 -0.00848823 -0.00814869 0.00475141 0.00559743 0.00616418 
0.497806 0.497875 0.488612 0.499425 0.494082 0.500317 -0.00742188 -0.00448921 -0.00524614 -0.00449628 -0.00651515 -0.00612385 0.00648082 0.00851523 0.00694562 
0.50883 0.498154 0.516435 0.515287 0.513255 0.50667 0.0471892 0.0715176 0.0618209 0.0668578 0.0544464 0.058732 0.0116143 0.0140465 0.00894343 
0.578587 0.505994 0.64473 0.587114 0.612109 0.545372 0.118575 0.0887562 0.0865048 0.0922198 0.10389 0.109008 -0.0214534 -0.0455676 -0.0256765 
0.660588 0.613304 0.740042 0.705461 0.714782 0.638396 -0.174842 -0.193195 -0.245988 -0.22429 -0.210492 -0.186512 -0.0532324 -0.0588139 -0.0389805 
5.11935e-34 -0.00014664 -0.00631309 -0.00426622 -0.000870854 0.000240623 -7.01502e-37 -0.000792056 0.0043624 0.000963184 -0.00156418 -0.0019653 -0.122977 -0.123376 -0.122777 
-0.0193966 -0.00631309 -0.00014664 -0.00426622 -0.00753498 -0.0127838 0.0144659 0.0043624 -0.000792056 0.000963184 0.00399668 0.00940487 -0.122983 -0.122777 -0.123376 
5.00681e-34 -0.00631309 -0.0216478 -0.0136633 -0.00749839 -0.00231174 1.11129e-35 0.0043624 0.030034 0.0153936 0.017124 0.00291142 -0.121549 -0.122777 -0.12227 
-0.0193966 -0.0216478 -0.00631309 -0.0136633 -0.0127838 -0.0225741 0.0144659 0.030034 0.0043624 0.0153936 0.00940487 0.0222807 -0.122983 -0.12227 -0.122777 
