0.600791 0.853668 9.01196e-34 0.628069 0.344352 0.750366 -0.127926 -0.0616665 3.5712e-34 -0.0705293 -0.0596821 -0.104339 -0.156618 -0.124238 -0.161193 
0.177731 0.241013 0.386469 0.314354 0.291661 0.214967 -0.116952 -0.0694545 -0.143286 -0.109778 -0.144182 -0.0926178 0.0274119 0.0427529 0.041349 
0.499999 0.461536 0.495374 0.495894 0.498869 0.49031 1.44126e-05 3.81952e-05 3.13738e-05 3.55185e-05 2.12174e-05 2.38763e-05 0.0110306 0.0124129 0.0120041 
0.5 0.461074 0.495526 0.495751 0.498936 0.490119 0.00050757 0.000827555 0.000755638 0.000820045 0.000620987 0.00065833 0.016914 0.0182923 0.0178888 
0.499975 0.458293 0.499163 0.49268 0.499917 0.488943 0.00404286 0.00489247 0.004766 0.00492923 0.00446597 0.00457295 0.0228302 0.0231125 0.0240202 
0.419491 0.412175 0.50573 0.472713 0.477938 0.417616 -0.0804483 -0.0358631 -0.0551107 -0.0483759 -0.0714315 -0.0551652 0.0431864 0.0424335 0.0319444 
0.382974 0.30661 0.202069 0.257153 0.302901 0.347178 8.68605e-06 1.28766e-06 2.98722e-06 2.34798e-06 6.70329e-06 4.58869e-06 0.0110227 0.0096165 0.0110448 
0.50062 0.443916 0.493513 0.474792 0.498517 0.485942 0.00281472 0.00310922 0.00471116 0.00415461 0.00402685 0.00260691 0.0270093 0.0304551 0.0266933 
0.912124 0.853668 0.600791 0.750366 0.798065 0.892854 -0.143946 -0.0616665 -0.127926 -0.104339 -0.147765 -0.105743 -0.112686 -0.124238 -0.156618 
0.386974 0.204741 0.310518 0.260538 0.351083 0.306678 0.00277276 0.000990625 0.00132159 0.00127236 0.00193831 0.00186739 0.0237836 0.024203 0.0220043 
0.50062 0.483834 0.443916 0.46686 0.485942 0.4963 0.00281472 -0.00321942 0.00310922 0.000802346 0.00260691 0.000223604 0.0270093 0.0310828 0.0304551 
0.356819 0.314714 0.466276 0.405724 0.42103 0.336444 -9.54284e-07 -7.02099e-07 -1.71668e-06 -1.14648e-06 -1.32469e-06 -9.83553e-07 0.00553196 0.00715096 0.0066945 
0.44704 0.466276 0.314714 0.405724 0.39091 0.457198 -5.47838e-07 -1.71668e-06 -7.02099e-07 -1.14648e-06 -9.43745e-07 -1.38324e-06 0.00800787 0.0066945 0.00715096 
0.5 0.464747 0.495214 0.496484 0.498747 0.491335 0.00050757 0.000234958 0.000319273 0.000283262 0.000405032 0.000352738 0.016914 0.0155381 0.0159481 
0.499999 0.4596 0.495089 0.495713 0.498745 0.489973 1.44126e-05 3.15876e-06 5.62846e-06 4.49861e-06 9.37248e-06 7.93808e-06 0.0110306 0.00973529 0.0100553 
0.499999 0.4596 0.491753 0.478712 0.497913 0.489845 1.28037e-06 3.15876e-06 -1.78517e-06 -1.59405e-07 -8.7811e-07 1.32598e-06 0.0090778 0.00973529 0.00794145 
0.491753 0.4596 0.440921 0.450702 0.472132 0.478712 -1.78517e-06 3.15876e-06 -3.62079e-07 1.55435e-06 -9.71106e-07 -1.59405e-07 0.00794145 0.00973529 0.00823367 
0.383378 0.198175 0.307602 0.255949 0.347824 0.301576 0.000324736 0.000113514 0.000116457 0.000126828 0.000199874 0.000220388 0.0169804 0.0170284 0.0155594 
0.386974 0.310518 0.46638 0.40442 0.432494 0.351083 0.00277276 0.00132159 0.00258756 0.00194234 0.00270526 0.00193831 0.0237836 0.0220043 0.0216782 
-0.00075816 -0.0506232 0.0212002 -0.0514922 -0.00522495 -0.0457272 0.021786 0.0664076 -0.114564 -0.00251248 -0.0408815 0.0746277 -0.133712 -0.0928075 -0.0693914 
0.477293 0.523514 0.465259 0.501105 0.468958 0.511781 -0.0533579 -0.0872341 -0.0245789 -0.0497221 -0.0370747 -0.070456 0.0170881 0.0268975 0.0201277 
0.483834 0.476554 0.399721 0.446183 0.450123 0.481456 -0.00321942 -0.0232578 -0.0025965 -0.0110252 -0.00331904 -0.0113653 0.0310828 0.035776 0.0357074 
0.50573 0.465259 0.523514 0.501105 0.513755 0.503286 -0.0551107 -0.0245789 -0.0872341 -0.0497221 -0.0701384 -0.0398019 0.0319444 0.0201277 0.0268975 
0.383378 0.307602 0.464747 0.401909 0.429964 0.347824 0.000324736 0.000116457 0.000234958 0.000176983 0.000285409 0.000199874 0.0169804 0.0155594 0.0155381 
0.382974 0.453631 0.30661 0.392713 0.347178 0.42232 8.68605e-06 2.05621e-06 1.28766e-06 1.9183e-06 4.58869e-06 4.90787e-06 0.0110227 0.00946534 0.0096165 
0.502027 0.476554 0.483834 0.481456 0.497399 0.495742 -0.010761 -0.0232578 -0.00321942 -0.0113653 -0.00620664 -0.0161107 0.0287768 0.035776 0.0310828 
0.382539 0.305106 0.4596 0.396808 0.426091 0.346259 9.3e-06 1.50286e-06 3.15876e-06 2.61814e-06 6.53415e-06 4.60217e-06 0.0110886 0.00970612 0.00973529 
0.382974 0.306329 0.461536 0.398813 0.427584 0.347054 8.68605e-06 1.81693e-05 3.81952e-05 2.79941e-05 2.01638e-05 1.27595e-05 0.0110227 0.0124698 0.0124129 
0.499975 0.46638 0.49464 0.497024 0.498452 0.492333 0.00404286 0.00258756 0.00315858 0.0029002 0.00359649 0.0032651 0.0228302 0.0216782 0.0217056 
0.382035 0.305579 0.461074 0.398149 0.426924 0.346195 0.000311022 0.000405977 0.000827555 0.000605084 0.000523779 0.000362138 0.0169347 0.0183089 0.0182923 
0.379003 0.300716 0.458293 0.393856 0.423784 0.342285 0.00271661 0.00274149 0.00489247 0.00373505 0.00372423 0.00282297 0.0219471 0.0222226 0.0231125 
0.382035 0.330353 0.197133 0.268544 0.300291 0.357392 0.000311022 0.000108076 0.000102067 0.0001198 0.000209866 0.000189562 0.0169347 0.0152751 0.01693 
0.382974 0.202069 0.306329 0.256998 0.347054 0.302901 8.68605e-06 2.98722e-06 1.81693e-05 9.73986e-06 1.27595e-05 6.70329e-06 0.0110227 0.0110448 0.0124698 
0.382035 0.461164 0.330353 0.407297 0.357392 0.426965 0.000311022 0.000219988 0.000108076 0.000162248 0.000189562 0.000270076 0.0169347 0.0154951 0.0152751 
0.379003 0.328419 0.193917 0.26603 0.296935 0.354941 0.00271661 0.00128256 0.00094655 0.00123124 0.00182494 0.00190509 0.0219471 0.0207748 0.0216554 
0.382035 0.197133 0.305579 0.25439 0.346195 0.300291 0.000311022 0.000102067 0.000405977 0.000229489 0.000362138 0.000209866 0.0169347 0.01693 0.0183089 
0.376238 0.320721 0.184282 0.257241 0.289617 0.348244 -0.000905763 0.00326497 0.00162787 0.0022152 0.000592853 0.00195363 0.019551 0.0212591 0.0179067 
0.379003 0.193917 0.300716 0.250213 0.342285 0.296935 0.00271661 0.00094655 0.00274149 0.00172008 0.00282297 0.00182494 0.0219471 0.0216554 0.0222226 
0.442727 0.330353 0.461164 0.407297 0.4524 0.393987 9.17038e-05 0.000108076 0.000219988 0.000162248 0.000145005 0.000101622 0.0139966 0.0152751 0.0154951 
0.379003 0.459804 0.328419 0.405498 0.354941 0.424859 0.00271661 0.00242584 0.00128256 0.00188848 0.00190509 0.0026625 0.0219471 0.0211563 0.0207748 
0.441867 0.328419 0.459804 0.405498 0.451325 0.392666 0.0013631 0.00128256 0.00242584 0.00188848 0.00182349 0.00140372 0.0197819 0.0207748 0.0211563 
0.390394 0.462972 0.487443 0.476823 0.45091 0.431489 -4.76895e-07 -2.77011e-07 -8.02265e-07 -4.56904e-07 -5.582e-07 -3.74512e-07 0.0027131 0.00144406 0.00318583 
0.499998 0.487443 0.462972 0.476823 0.490742 0.49686 -5.0552e-07 -8.02265e-07 -2.77011e-07 -4.56904e-07 -3.27683e-07 -6.54338e-07 0.00211258 0.00318583 0.00144406 
0.376238 0.458122 0.320721 0.400486 0.348244 0.422368 -0.000905763 0.00252344 0.00326497 0.00333697 0.00195363 0.000873082 0.019551 0.0235102 0.0212591 
0.437702 0.320721 0.458122 0.400486 0.448157 0.3869 0.00466102 0.00326497 0.00252344 0.00333697 0.00390166 0.00437561 0.0232707 0.0212591 0.0235102 
0.386974 0.456799 0.309165 0.396295 0.350579 0.425962 0.00277276 0.00463933 0.00258962 0.00365519 0.00279773 0.0036641 0.0237836 0.0258134 0.0267518 
0.444251 0.332135 0.462338 0.408852 0.45371 0.395684 0.00134089 0.000542958 0.00084256 0.000697231 0.0010677 0.000911596 0.0199532 0.0187197 0.0184011 
0.383378 0.462338 0.332135 0.408852 0.358891 0.428256 0.000324736 0.00084256 0.000542958 0.000697231 0.00042296 0.000541274 0.0169804 0.0184011 0.0187197 
0.443162 0.33111 0.46168 0.407973 0.452874 0.394575 9.15804e-05 2.65919e-05 3.88231e-05 3.44566e-05 6.06688e-05 5.21377e-05 0.0139686 0.0127505 0.0124931 
0.382539 0.46168 0.33111 0.407973 0.357987 0.427507 9.3e-06 3.88231e-05 2.65919e-05 3.44566e-05 1.63736e-05 2.07916e-05 0.0110886 0.0124931 0.0127505 
0.499998 0.495374 0.461536 0.495894 0.490418 0.49883 6.33471e-05 3.13738e-05 3.81952e-05 3.55185e-05 5.00191e-05 4.54807e-05 0.0129904 0.0120041 0.0124129 
0.376238 0.300265 0.465259 0.396034 0.422598 0.340271 -0.000905763 -0.00363872 -0.0245789 -0.013373 -0.00994314 -0.00247058 0.019551 0.0151593 0.0201277 
0.499993 0.495526 0.461074 0.495751 0.490157 0.498916 0.00113977 0.000755638 0.000827555 0.000820045 0.000988873 0.000932792 0.0188761 0.0178888 0.0182923 
0.44704 0.453631 0.495766 0.480344 0.478215 0.450391 -5.47838e-07 2.05621e-06 -1.31069e-06 -3.31317e-07 -1.35958e-06 7.8674e-07 0.00800787 0.00946534 0.00800789 
0.500218 0.499163 0.458293 0.49268 0.488733 0.500022 0.00520948 0.004766 0.00489247 0.00492923 0.00506853 0.0050362 0.0246764 0.0240202 0.0231125 
2.77663e-34 0.215494 0.295452 0.257119 0.163963 0.115292 -2.19398e-35 -1.57975e-07 -3.89668e-07 -2.10508e-07 -1.97393e-07 -1.64015e-07 0.00444273 0.00293667 0.00425521 
0.499999 0.495766 0.453631 0.480344 0.488464 0.498958 1.28037e-06 -1.31069e-06 2.05621e-06 -3.31317e-07 1.38103e-06 -4.44756e-07 0.0090778 0.00800789 0.00946534 
9.19614e-35 2.68098e-34 0.214842 0.114914 0.114914 -9.18716e-35 1.44266e-35 2.16423e-35 -1.20626e-07 -1.33326e-07 3.94677e-08 3.60692e-35 0.00294303 0.00441508 0.00283186 
0.214842 2.68098e-34 0.293857 0.162943 0.255948 0.114914 -1.20626e-07 2.16423e-35 -3.62456e-07 -1.95128e-07 -2.21548e-07 -1.33326e-07 0.00283186 0.00441508 0.0041712 
0.444251 0.494031 0.46638 0.482994 0.455951 0.47547 0.00134089 0.00165108 0.00258756 0.00208211 0.00185668 0.00153388 0.0199532 0.0198549 0.0216782 
0.382539 0.197707 0.305106 0.254341 0.346259 0.300844 9.3e-06 3.01348e-06 1.50286e-06 2.3834e-06 4.60217e-06 6.97797e-06 0.0110886 0.011094 0.00970612 
0.499987 0.46638 0.494031 0.482994 0.498694 0.491994 0.00235007 0.00258756 0.00165108 0.00208211 0.0019891 0.00250894 0.0208442 0.0216782 0.0198549 
0.499999 0.495214 0.464747 0.496484 0.491311 0.498759 0.000196682 0.000319273 0.000234958 0.000283262 0.000215357 0.000252173 0.0149613 0.0159481 0.0155381 
0.499999 0.495089 0.4596 0.495713 0.489845 0.49879 1.28037e-06 5.62846e-06 3.15876e-06 4.49861e-06 1.32598e-06 3.19894e-06 0.0090778 0.0100553 0.00973529 
0.0212002 -0.0506232 -0.0416014 -0.0601256 -0.011921 -0.0514922 -0.114564 0.0664076 -0.018608 0.0135314 -0.0596781 -0.00251248 -0.0693914 -0.0928075 -0.0573062 
8.28987e-34 0.842992 0.839878 0.841589 0.507593 0.508616 -2.44301e-34 -0.00371926 -0.00808919 -0.00536767 -0.00313896 -0.0021652 -0.0488065 -0.0452203 -0.0564549 
0.376238 0.184282 0.300265 0.242183 0.340271 0.289617 -0.000905763 0.00162787 -0.00363872 -0.000251633 -0.00247058 0.000592853 0.019551 0.0179067 0.0151593 
0.30661 0.152941 0.202069 0.177975 0.257153 0.235353 1.28766e-06 3.7628e-07 2.98722e-06 1.74321e-06 2.34798e-06 1.00141e-06 0.0096165 0.00963622 0.0110448 
0.382539 0.33111 0.197707 0.269224 0.300844 0.357987 9.3e-06 2.65919e-05 3.01348e-06 1.21805e-05 6.97797e-06 1.63736e-05 0.0110886 0.0127505 0.011094 
0.5 0.466908 0.461074 0.464065 0.490119 0.491577 0.00050757 0.000437726 0.000827555 0.000604231 0.00065833 0.000482065 0.016914 0.0168933 0.0182923 
0.499975 0.464967 0.458293 0.461658 0.488943 0.490513 0.00404286 0.00353395 0.00489247 0.0041162 0.00457295 0.00395543 0.0228302 0.0223063 0.0231125 
0.499999 0.468698 0.461536 0.465211 0.49031 0.492108 1.44126e-05 1.3019e-05 3.81952e-05 2.42235e-05 2.38763e-05 1.27263e-05 0.0110306 0.0109281 0.0124129 
0.383378 0.332135 0.198175 0.269956 0.301576 0.358891 0.000324736 0.000542958 0.000113514 0.000279032 0.000220388 0.00042296 0.0169804 0.0187197 0.0170284 
2.03713e-34 0.272718 0.215494 0.244908 0.115292 0.149628 -7.31434e-36 -1.18752e-07 -1.57975e-07 -1.93597e-07 -6.68659e-08 -1.29247e-09 0.00148114 0.00174453 0.00293667 
0.499987 0.49464 0.46638 0.497024 0.491994 0.498505 0.00235007 0.00315858 0.00258756 0.0029002 0.00250894 0.00273378 0.0208442 0.0217056 0.0216782 
0.44704 0.35789 0.453631 0.412292 0.450391 0.407856 -5.47838e-07 -6.57882e-07 2.05621e-06 3.13763e-07 7.8674e-07 -7.46745e-07 0.00800787 0.00841439 0.00946534 
0.30661 0.453631 0.35789 0.412292 0.333236 0.392713 1.28766e-06 2.05621e-06 -6.57882e-07 3.13763e-07 -7.41556e-08 1.9183e-06 0.0096165 0.00946534 0.00841439 
0.390394 0.443078 0.295452 0.380681 0.346596 0.418874 -4.76895e-07 -1.06523e-06 -3.89668e-07 -7.59952e-07 -5.32519e-07 -6.88266e-07 0.0027131 0.0044656 0.00425521 
0.386974 0.309165 0.204741 0.25966 0.306678 0.350579 0.00277276 0.00258962 0.000990625 0.00170554 0.00186739 0.00279773 0.0237836 0.0267518 0.024203 
0.419491 0.50573 0.490075 0.501949 0.457514 0.477938 -0.0804483 -0.0551107 -0.11057 -0.0790268 -0.0971659 -0.0714315 0.0431864 0.0319444 0.0365612 
2.77663e-34 9.31012e-35 0.215494 0.115292 0.115292 -9.35391e-35 -2.19398e-35 -1.46281e-35 -1.57975e-07 -7.36805e-08 -1.64015e-07 -3.65674e-35 0.00444273 0.00296217 0.00293667 
0.0212002 0.0147784 0.147119 0.0568334 0.0779579 0.00620727 -0.114564 -0.0482427 -0.188151 -0.116543 -0.17337 -0.0863633 -0.0693914 -0.0132687 -0.0108482 
0.310518 0.204741 0.153029 0.179312 0.237736 0.260538 0.00132159 0.000990625 0.000383787 0.00056411 0.000863473 0.00127236 0.0220043 0.024203 0.0220744 
0.448833 0.493513 0.443916 0.474792 0.446617 0.476604 0.00425537 0.00471116 0.00310922 0.00415461 0.00371517 0.00468547 0.0281168 0.0266933 0.0304551 
0.355545 0.295452 0.443078 0.380681 0.404316 0.326802 -1.04016e-06 -3.89668e-07 -1.06523e-06 -7.59952e-07 -1.11699e-06 -6.13018e-07 0.00579689 0.00425521 0.0044656 
0.329367 0.414851 0.147119 0.242279 0.236984 0.352279 -0.230327 -0.290956 -0.188151 -0.242336 -0.215475 -0.277899 0.0240437 -0.0590738 -0.0108482 
0.443162 0.493661 0.464747 0.482124 0.454587 0.474715 9.15804e-05 0.000109131 0.000234958 0.000161451 0.000150921 0.000101321 0.0139686 0.0139555 0.0155381 
0.444251 0.46638 0.363185 0.423431 0.408201 0.455951 0.00134089 0.00258756 0.0011298 0.00175623 0.00127627 0.00185668 0.0199532 0.0216782 0.0204483 
0.499999 0.464747 0.493661 0.482124 0.498466 0.491311 0.000196682 0.000234958 0.000109131 0.000161451 0.000146978 0.000215357 0.0149613 0.0155381 0.0139555 
0.305106 0.342826 0.4596 0.410763 0.396808 0.324472 1.50286e-06 -8.5132e-07 3.15876e-06 5.93998e-07 2.61814e-06 -1.20818e-07 0.00970612 0.00831203 0.00973529 
0.241013 0.317968 0.386469 0.355014 0.314354 0.283244 -0.0694545 -0.0535011 -0.143286 -0.094825 -0.109778 -0.0624969 0.0427529 0.046126 0.041349 
0.992711 0.981066 0.726156 0.896772 0.90607 0.989922 -0.0443177 -0.0756666 -0.0443407 -0.0652699 -0.0542231 -0.0628875 -0.0809225 -0.0864591 -0.0621279 
0.306329 0.359612 0.461536 0.418547 0.398813 0.334042 1.81693e-05 5.05983e-05 3.81952e-05 4.78125e-05 2.79941e-05 3.0219e-05 0.0124698 0.0136899 0.0124129 
0.440921 0.4596 0.342826 0.410763 0.397756 0.450702 -3.62079e-07 3.15876e-06 -8.5132e-07 5.93998e-07 -6.22278e-07 1.55435e-06 0.00823367 0.00973529 0.00831203 
0.310518 0.363185 0.46638 0.423431 0.40442 0.337895 0.00132159 0.0011298 0.00258756 0.00175623 0.00194234 0.00124138 0.0220043 0.0204483 0.0216782 
0.305579 0.358603 0.461074 0.417831 0.398149 0.333179 0.000405977 0.000831555 0.000827555 0.000856018 0.000605084 0.000587163 0.0183089 0.0194453 0.0182923 
0.300716 0.352558 0.458293 0.413442 0.393856 0.327583 0.00274149 0.00383457 0.00489247 0.00428137 0.00373505 0.00333668 0.0222226 0.0224388 0.0231125 
0.404413 0.380037 0.273391 0.330919 0.345863 0.392571 -4.41647e-07 -7.69978e-08 -1.55565e-07 -1.224e-07 -2.364e-07 -1.6517e-07 0.00273673 0.00103215 0.0017391 
0.442727 0.461536 0.359612 0.418547 0.405752 0.452601 9.17038e-05 3.81952e-05 5.05983e-05 4.78125e-05 7.12499e-05 5.84365e-05 0.0139966 0.0124129 0.0136899 
0.441867 0.461074 0.358603 0.417831 0.404797 0.451996 0.0013631 0.000827555 0.000831555 0.000856018 0.00111139 0.00107299 0.0197819 0.0182923 0.0194453 
0.437702 0.458293 0.352558 0.413442 0.399613 0.448577 0.00466102 0.00489247 0.00383457 0.00428137 0.00446466 0.00512663 0.0232707 0.0231125 0.0224388 
0.307602 0.198175 0.149493 0.174272 0.234434 0.255949 0.000116457 0.000113514 3.17431e-05 5.73561e-05 7.54508e-05 0.000126828 0.0155594 0.0170284 0.0155262 
0.390394 0.272718 0.3801 0.330665 0.385305 0.336861 -4.76895e-07 -1.18752e-07 -1.03261e-07 -1.04674e-07 -1.88144e-07 -2.62185e-07 0.0027131 0.00174453 0.00103123 
0.50573 0.412175 0.476554 0.450133 0.493206 0.472713 -0.0551107 -0.0358631 -0.0232578 -0.029355 -0.0374675 -0.0483759 0.0319444 0.0424335 0.035776 
0.536901 0.414851 0.329367 0.352279 0.424495 0.492528 -0.275101 -0.290956 -0.230327 -0.277899 -0.268498 -0.305592 0.00520304 -0.0590738 0.0240437 
-5.43245e-35 -9.3836e-36 0.0147784 -0.0286928 -0.0603351 -1.44225e-35 1.41167e-34 -5.24174e-35 -0.0482427 -0.0189915 -0.0193775 1.59366e-34 -0.0318355 0.00503411 -0.0132687 
0.404413 0.466831 0.380037 0.430178 0.392571 0.439658 -4.41647e-07 -2.95862e-07 -7.69978e-08 -1.79507e-07 -1.6517e-07 -3.50486e-07 0.00273673 0.00136268 0.00103215 
0.390394 0.3801 0.462972 0.427453 0.431489 0.385305 -4.76895e-07 -1.03261e-07 -2.77011e-07 -1.84931e-07 -3.74512e-07 -1.88144e-07 0.0027131 0.00103123 0.00144406 
0.443162 0.464747 0.361405 0.421579 0.406765 0.454587 9.15804e-05 0.000234958 7.67567e-05 0.00014233 8.55207e-05 0.000150921 0.0139686 0.0155381 0.0143177 
0.5 0.469919 0.464747 0.467375 0.491335 0.492622 0.00050757 0.000483277 0.000234958 0.000338945 0.000352738 0.000501411 0.016914 0.0170294 0.0155381 
0.307602 0.361405 0.464747 0.421579 0.401909 0.335599 0.000116457 7.67567e-05 0.000234958 0.00014233 0.000176983 9.44158e-05 0.0155594 0.0143177 0.0155381 
0.177731 0.147119 0.0147784 0.0568334 0.0868434 0.162466 -0.116952 -0.188151 -0.0482427 -0.116543 -0.0939719 -0.158361 0.0274119 -0.0108482 -0.0132687 
0.419491 0.386469 0.317968 0.355014 0.371835 0.405955 -0.0804483 -0.143286 -0.0535011 -0.094825 -0.0696086 -0.109628 0.0431864 0.041349 0.046126 
9.31012e-35 2.03713e-34 0.215494 0.115292 0.115292 -9.35383e-35 -1.46281e-35 -7.31434e-36 -1.57975e-07 -6.68659e-08 -7.36805e-08 -2.19423e-35 0.00296217 0.00148114 0.00293667 
0.499999 0.467649 0.4596 0.463736 0.489973 0.491979 1.44126e-05 1.43496e-05 3.15876e-06 6.56523e-06 7.93808e-06 1.56492e-05 0.0110306 0.0111034 0.00973529 
0.300265 0.370047 0.465259 0.42538 0.396034 0.333443 -0.00363872 -0.0192468 -0.0245789 -0.0246863 -0.013373 -0.00983009 0.0151593 0.0132733 0.0201277 
5.66784e-34 8.28987e-34 0.839878 0.507593 0.501462 -6.16621e-34 -2.84735e-34 -2.44301e-34 -0.00808919 -0.00313896 -0.00430534 -5.1861e-34 -0.056929 -0.0488065 -0.0564549 
0.477293 0.465259 0.370047 0.42538 0.42991 0.468958 -0.0533579 -0.0245789 -0.0192468 -0.0246863 -0.0343051 -0.0370747 0.0170881 0.0201277 0.0132733 
0.309165 0.456799 0.35921 0.415088 0.335234 0.396295 0.00258962 0.00463933 0.00348842 0.00403463 0.00309543 0.00365519 0.0267518 0.0258134 0.0288704 
0.177731 0.109711 0.241013 0.176355 0.214967 0.150871 -0.116952 -0.0297101 -0.0694545 -0.0534319 -0.0926178 -0.0707328 0.0274119 0.0355424 0.0427529 
0.320721 0.135209 0.184282 0.15949 0.257241 0.23542 0.00326497 0.00113446 0.00162787 0.00110913 0.0022152 0.00248134 0.0212591 0.0202147 0.0179067 
0.328419 0.144267 0.193917 0.169643 0.26603 0.244572 0.00128256 0.000347236 0.00094655 0.000508656 0.00123124 0.000865499 0.0207748 0.0207777 0.0216554 
0.330353 0.146026 0.197133 0.172094 0.268544 0.246564 0.000108076 2.77897e-05 0.000102067 5.01656e-05 0.0001198 7.20882e-05 0.0152751 0.0154763 0.01693 
0.300716 0.193917 0.14088 0.167929 0.226399 0.250213 0.00274149 0.00094655 0.000790996 0.000884247 0.00178842 0.00172008 0.0222226 0.0216554 0.0219547 
0.305579 0.197133 0.145581 0.171879 0.23152 0.25439 0.000405977 0.000102067 0.000114708 0.000116424 0.000268897 0.000229489 0.0183089 0.01693 0.0183329 
0.306329 0.202069 0.146117 0.174696 0.232214 0.256998 1.81693e-05 2.98722e-06 5.00546e-06 4.87105e-06 1.26526e-05 9.73986e-06 0.0124698 0.0110448 0.0125286 
0.695133 0.992711 0.726156 0.90607 0.71305 0.901204 -0.0218524 -0.0443177 -0.0443407 -0.0542231 -0.0308117 -0.0359518 -0.0637338 -0.0809225 -0.0621279 
0.437702 0.458122 0.492214 0.478414 0.471111 0.448157 0.00466102 0.00252344 0.00526135 0.00425668 0.00504231 0.00390166 0.0232707 0.0235102 0.024858 
0.441867 0.459804 0.4934 0.480184 0.474007 0.451325 0.0013631 0.00242584 0.00165188 0.0020238 0.00151765 0.00182349 0.0197819 0.0211563 0.0198372 
0.50062 0.492214 0.458122 0.478414 0.490796 0.498644 0.00281472 0.00526135 0.00252344 0.00425668 0.00251568 0.00453583 0.0270093 0.024858 0.0235102 
0.442727 0.461164 0.493722 0.480918 0.474633 0.4524 9.17038e-05 0.000219988 0.000110875 0.000157 0.000101216 0.000145005 0.0139966 0.0154951 0.0139817 
0.499987 0.4934 0.459804 0.480184 0.489497 0.498164 0.00235007 0.00165188 0.00242584 0.0020238 0.00245769 0.00198882 0.0208442 0.0198372 0.0211563 
0.499999 0.493722 0.461164 0.480918 0.490158 0.498377 0.000196682 0.000110875 0.000219988 0.000157 0.000212085 0.00014785 0.0149613 0.0139817 0.0154951 
0.437702 0.492214 0.458293 0.478314 0.448577 0.471111 0.00466102 0.00526135 0.00489247 0.00542323 0.00512663 0.00504231 0.0232707 0.024858 0.0231125 
0.441867 0.4934 0.461074 0.480624 0.451996 0.474007 0.0013631 0.00165188 0.000827555 0.0011773 0.00107299 0.00151765 0.0197819 0.0198372 0.0182923 
0.442727 0.493722 0.461536 0.481048 0.452601 0.474633 9.17038e-05 0.000110875 3.81952e-05 6.40474e-05 5.84365e-05 0.000101216 0.0139966 0.0139817 0.0124129 
0.500218 0.458293 0.492214 0.478314 0.4978 0.488733 0.00520948 0.00489247 0.00526135 0.00542323 0.00531164 0.00506853 0.0246764 0.0231125 0.024858 
0.499993 0.461074 0.4934 0.480624 0.498301 0.490157 0.00113977 0.000827555 0.00165188 0.0011773 0.00137761 0.000988873 0.0188761 0.0182923 0.0198372 
0.499998 0.461536 0.493722 0.481048 0.498445 0.490418 6.33471e-05 3.81952e-05 0.000110875 6.40474e-05 8.46802e-05 5.00191e-05 0.0129904 0.0124129 0.0139817 
-0.0553352 -0.0416014 -0.0506232 -0.0601256 -0.0559789 -0.0548704 0.0400332 -0.018608 0.0664076 0.0135314 0.058446 0.0130474 -0.0664671 -0.0573062 -0.0928075 
2.03415e-34 0.214842 0.273391 0.244957 0.150047 0.114914 7.2132e-36 -1.20626e-07 -1.55565e-07 -1.70536e-07 -9.13621e-08 -3.38784e-08 0.00147152 0.00283186 0.0017391 
5.373e-34 7.74951e-34 0.843203 0.544305 0.528085 -5.14125e-34 4.14725e-34 5.22326e-34 -0.0291146 -0.0183501 -0.0110709 9.90572e-34 -0.089568 -0.118724 -0.0989166 
0.499975 0.473063 0.46638 0.469741 0.492333 0.493898 0.00404286 0.00385661 0.00258756 0.00325515 0.0032651 0.00391781 0.0228302 0.0234649 0.0216782 
0.485717 0.542857 0.351797 0.464841 0.412967 0.526634 -0.0763876 -0.108187 -0.0261885 -0.0617702 -0.0463014 -0.0965241 0.00441316 0.0152736 0.00776356 
0.477293 0.351797 0.542857 0.464841 0.506995 0.428219 -0.0533579 -0.0261885 -0.108187 -0.0617702 -0.0779989 -0.0413826 0.0170881 0.00776356 0.0152736 
0.990229 0.839878 0.842992 0.841589 0.97734 0.976743 -0.00739415 -0.00808919 -0.00371926 -0.00536767 -0.00685109 -0.0102432 -0.0560428 -0.0564549 -0.0452203 
0.365079 0.399721 0.476554 0.446183 0.432699 0.383989 -0.0135037 -0.0025965 -0.0232578 -0.0110252 -0.0184842 -0.00719982 0.0406171 0.0357074 0.035776 
0.442727 0.359612 0.330353 0.345337 0.393987 0.405752 9.17038e-05 5.05983e-05 0.000108076 7.4157e-05 0.000101622 7.12499e-05 0.0139966 0.0136899 0.0152751 
0.441867 0.358603 0.328419 0.34393 0.392666 0.404797 0.0013631 0.000831555 0.00128256 0.00102337 0.00140372 0.00111139 0.0197819 0.0194453 0.0207748 
0.437702 0.352558 0.320721 0.336771 0.3869 0.399613 0.00466102 0.00383457 0.00326497 0.00363413 0.00437561 0.00446466 0.0232707 0.0224388 0.0212591 
0.448833 0.35921 0.456799 0.415088 0.452854 0.409455 0.00425537 0.00348842 0.00463933 0.00403463 0.00477087 0.00390494 0.0281168 0.0288704 0.0258134 
0.305106 0.197707 0.144312 0.171551 0.230709 0.254341 1.50286e-06 3.01348e-06 1.28267e-07 1.6279e-06 9.94962e-07 2.3834e-06 0.00970612 0.011094 0.00961821 
0.44704 0.314714 0.35789 0.337017 0.407856 0.39091 -5.47838e-07 -7.02099e-07 -6.57882e-07 -9.60354e-07 -7.46745e-07 -9.43745e-07 0.00800787 0.00715096 0.00841439 
0.499654 0.443078 0.487443 0.469263 0.495733 0.483467 -1.32895e-06 -1.06523e-06 -8.02265e-07 -9.83656e-07 -1.05129e-06 -1.26725e-06 0.00481118 0.0044656 0.00318583 
0.499654 0.487443 0.488263 0.499995 0.497984 0.495733 -1.32895e-06 -8.02265e-07 -9.04833e-07 -8.33479e-07 -1.1437e-06 -1.05129e-06 0.00481118 0.00318583 0.00356879 
0.300265 0.184282 0.12994 0.157069 0.21973 0.242183 -0.00363872 0.00162787 -0.000439737 0.000360931 -0.00164316 -0.000251633 0.0151593 0.0179067 0.0140007 
0.33111 0.147156 0.197707 0.172918 0.269224 0.24751 2.65919e-05 5.45714e-06 3.01348e-06 5.14275e-06 1.21805e-05 1.57605e-05 0.0127505 0.01258 0.011094 
0.912124 0.961012 0.853668 0.967722 0.892854 0.963205 -0.143946 -0.105921 -0.0616665 -0.107247 -0.105743 -0.134161 -0.112686 -0.0835715 -0.124238 
8.28987e-34 6.5746e-34 0.842992 0.511156 0.508616 -6.15382e-34 -2.44301e-34 -1.94209e-34 -0.00371926 -0.00152697 -0.0021652 -4.32014e-34 -0.0488065 -0.0392331 -0.0452203 
2.41409e-34 0.200299 0.279814 0.245336 0.158406 0.107058 -2.35096e-34 -0.00437549 -0.0226208 -0.0113409 -0.00780244 -0.00315171 0.0443571 0.0424083 0.0449889 
0.356819 0.192703 0.314714 0.257546 0.336444 0.282501 -9.54284e-07 -2.9103e-07 -7.02099e-07 -2.05572e-07 -9.83553e-07 -3.90753e-07 0.00553196 0.0062381 0.00715096 
0.6489 0.536901 0.632383 0.600524 0.65389 0.589331 -0.282279 -0.275101 -0.22269 -0.251328 -0.262671 -0.283496 -0.0317045 0.00520304 0.0113953 
0.443162 0.361405 0.33111 0.346624 0.394575 0.406765 9.15804e-05 7.67567e-05 2.65919e-05 4.61887e-05 5.21377e-05 8.55207e-05 0.0139686 0.0143177 0.0127505 
0.747091 0.6489 0.632383 0.65389 0.686457 0.719007 -0.229902 -0.282279 -0.22269 -0.262671 -0.234476 -0.265057 -0.0191566 -0.0317045 0.0113953 
0.50062 0.496988 0.483834 0.499994 0.4963 0.499973 0.00281472 -0.00180224 -0.00321942 -0.00250144 0.000223604 0.00106766 0.0270093 0.0262846 0.0310828 
0.502027 0.483834 0.496988 0.499994 0.500621 0.497399 -0.010761 -0.00321942 -0.00180224 -0.00250144 -0.00570739 -0.00620664 0.0287768 0.0310828 0.0262846 
0.0212002 -0.0416014 0.0147784 -0.0216603 0.00620727 -0.011921 -0.114564 -0.018608 -0.0482427 -0.0329507 -0.0863633 -0.0596781 -0.0693914 -0.0573062 -0.0132687 
5.89509e-34 4.41904e-34 0.695133 0.387718 0.372671 -3.18899e-34 -3.22412e-34 -3.13415e-34 -0.0218524 -0.00642048 -0.00879945 -6.05086e-34 -0.061134 -0.0623092 -0.0637338 
0.332135 0.14687 0.198175 0.173005 0.269956 0.248023 0.000542958 0.00012869 0.000113514 0.000129771 0.000279032 0.000331511 0.0187197 0.0185968 0.0170284 
0.444251 0.363185 0.332135 0.347993 0.395684 0.408201 0.00134089 0.0011298 0.000542958 0.000803819 0.000911596 0.00127627 0.0199532 0.0204483 0.0187197 
0.499998 0.493661 0.46168 0.481041 0.490385 0.498399 6.33471e-05 0.000109131 3.88231e-05 6.63696e-05 5.12376e-05 8.39028e-05 0.0129904 0.0139555 0.0124931 
0.443162 0.46168 0.493661 0.481041 0.474715 0.452874 9.15804e-05 3.88231e-05 0.000109131 6.63696e-05 0.000101321 6.06688e-05 0.0139686 0.0124931 0.0139555 
0.309165 0.146119 0.204741 0.176117 0.25966 0.23407 0.00258962 0.000768848 0.000990625 0.000887158 0.00170554 0.00173637 0.0267518 0.0268873 0.024203 
0.355545 0.289195 0.187101 0.240661 0.27936 0.323933 -1.04016e-06 -4.49031e-07 -2.98952e-07 -2.26147e-07 -5.65555e-07 -1.01908e-06 0.00579689 0.0072668 0.00635907 
0.8733 0.54577 0.916483 0.784272 0.899611 0.774973 -0.189858 -0.0699934 -0.145356 -0.114977 -0.168948 -0.12888 -0.0583297 -0.0330243 -0.0711709 
0.498847 0.491753 0.434169 0.469831 0.478901 0.496109 -1.65074e-06 -1.78517e-06 -1.72533e-06 -1.66714e-06 -1.83025e-06 -1.66912e-06 0.0068727 0.00794145 0.00710285 
0.404413 0.273391 0.214842 0.244957 0.322265 0.345863 -4.41647e-07 -1.55565e-07 -1.20626e-07 -1.70536e-07 -2.49398e-07 -2.364e-07 0.00273673 0.0017391 0.00283186 
0.489795 0.408163 0.466831 0.441153 0.479957 0.459183 -4.86642e-08 -5.50903e-08 -2.95862e-07 -8.38857e-08 -1.05873e-07 4.51672e-08 -4.53227e-09 1.37013e-08 0.00136268 
0.408163 0.489794 0.462972 0.478472 0.438627 0.459182 -3.54312e-08 -7.38054e-08 -2.77011e-07 -1.15123e-07 -6.68302e-08 4.4564e-08 -1.2005e-08 1.04316e-08 0.00144406 
0.499993 0.494031 0.462338 0.48157 0.490691 0.498545 0.00113977 0.00165108 0.00084256 0.00120987 0.00101385 0.00137287 0.0188761 0.0198549 0.0184011 
0.444251 0.462338 0.494031 0.48157 0.47547 0.45371 0.00134089 0.00084256 0.00165108 0.00120987 0.00153388 0.0010677 0.0199532 0.0184011 0.0198549 
0.499654 0.488263 0.472722 0.481299 0.494626 0.497984 -1.32895e-06 -9.04833e-07 -1.28695e-06 -1.16155e-06 -1.48302e-06 -1.1437e-06 0.00481118 0.00356879 0.00528768 
2.03415e-34 9.19614e-35 0.214842 0.114914 0.114914 -9.18726e-35 7.2132e-36 1.44266e-35 -1.20626e-07 3.94677e-08 -3.38784e-08 2.16398e-35 0.00147152 0.00294303 0.00283186 
5.89509e-34 0.695133 0.726156 0.71305 0.404455 0.372671 -3.22412e-34 -0.0218524 -0.0443407 -0.0308117 -0.0143116 -0.00879945 -0.061134 -0.0637338 -0.0621279 
0.177731 0.0147784 0.0493867 0.03433 0.111047 0.0868434 -0.116952 -0.0482427 -0.0328061 -0.0461199 -0.0768011 -0.0939719 0.0274119 -0.0132687 0.0188422 
-9.3836e-36 0.0493867 0.0147784 0.03433 -0.0286928 -0.00814685 -5.24174e-35 -0.0328061 -0.0482427 -0.0461199 -0.0189915 -0.0100076 0.00503411 0.0188422 -0.0132687 
0.390394 0.295452 0.215494 0.257119 0.313177 0.346596 -4.76895e-07 -3.89668e-07 -1.57975e-07 -2.10508e-07 -2.92324e-07 -5.32519e-07 0.0027131 0.00425521 0.00293667 
0.498847 0.434169 0.477867 0.458923 0.491654 0.478901 -1.65074e-06 -1.72533e-06 -1.5767e-06 -1.67769e-06 -1.83982e-06 -1.83025e-06 0.0068727 0.00710285 0.0059291 
0.992711 0.853668 0.981066 0.971983 0.989922 0.97911 -0.0443177 -0.0616665 -0.0756666 -0.0883698 -0.0628875 -0.0686477 -0.0809225 -0.124238 -0.0864591 
0.390394 0.215494 0.272718 0.244908 0.336861 0.313177 -4.76895e-07 -1.57975e-07 -1.18752e-07 -1.93597e-07 -2.62185e-07 -2.92324e-07 0.0027131 0.00293667 0.00174453 
0.500218 0.493513 0.456799 0.479318 0.490322 0.499057 0.00520948 0.00471116 0.00463933 0.00501817 0.00505827 0.00513657 0.0246764 0.0266933 0.0258134 
0.448833 0.456799 0.493513 0.479318 0.476604 0.452854 0.00425537 0.00463933 0.00471116 0.00501817 0.00468547 0.00477087 0.0281168 0.0258134 0.0266933 
0.404413 0.214842 0.293857 0.255948 0.354381 0.322265 -4.41647e-07 -1.20626e-07 -3.62456e-07 -2.21548e-07 -4.36128e-07 -2.49398e-07 0.00273673 0.00283186 0.0041712 
0.488263 0.427564 0.472722 0.452846 0.481299 0.464378 -9.04833e-07 -8.40198e-07 -1.28695e-06 -1.06654e-06 -1.16155e-06 -8.00487e-07 0.00356879 0.00425907 0.00528768 
2.6063e-34 0.202115 0.314714 0.261741 0.176495 0.107566 3.60837e-35 -1.11924e-07 -7.02099e-07 -4.94473e-08 -2.74836e-07 -4.35904e-07 0.00736114 0.00837279 0.00715096 
2.03415e-34 0.273391 0.180928 0.229133 0.0955231 0.150047 7.2132e-36 -1.55565e-07 -1.01338e-07 -1.04954e-07 -1.07396e-07 -9.13621e-08 0.00147152 0.0017391 0.000915517 
2.6063e-34 0.314714 0.192703 0.257546 0.102188 0.176495 3.60837e-35 -7.02099e-07 -2.9103e-07 -2.05572e-07 -4.53817e-07 -2.74836e-07 0.00736114 0.00715096 0.0062381 
-5.43245e-35 0.0147784 -0.0612223 -0.0462282 -0.065627 -0.0603351 1.41167e-34 -0.0482427 0.00148097 -0.0223066 -0.00197399 -0.0193775 -0.0318355 -0.0132687 -0.0477232 
2.77663e-34 0.295452 0.204654 0.252132 0.109023 0.163963 -2.19398e-35 -3.89668e-07 -3.83686e-07 -3.43387e-07 -2.58551e-07 -1.97393e-07 0.00444273 0.00425521 0.00540725 
0.8733 0.762093 0.54577 0.692776 0.774973 0.822476 -0.189858 -0.164758 -0.0699934 -0.11721 -0.12888 -0.182219 -0.0583297 -0.024608 -0.0330243 
0.404413 0.293857 0.427564 0.369257 0.416389 0.354381 -4.41647e-07 -3.62456e-07 -8.40198e-07 -6.07279e-07 -7.24339e-07 -4.36128e-07 0.00273673 0.0041712 0.00425907 
5.373e-34 0.843203 0.712647 0.78349 0.418847 0.528085 4.14725e-34 -0.0291146 -0.0128583 -0.0180846 -0.00522073 -0.0110709 -0.089568 -0.0989166 -0.085019 
0.75 1 0.937093 0.984187 0.859146 0.9375 -5.39193e-37 -8.13078e-37 -0.00122586 -0.00107963 -0.000822169 -1.58523e-36 -0.0167553 -0.0178914 -0.0272945 
2.83878e-34 0.229495 0.351797 0.296767 0.17555 0.10092 1.50986e-35 -0.0118761 -0.0261885 -0.0204473 -0.0054227 -0.00106326 0.00570945 0.000842249 0.00776356 
0.843203 0.853668 0.992711 0.97911 0.975107 0.849853 -0.0291146 -0.0616665 -0.0443177 -0.0686477 -0.0461524 -0.0409227 -0.0989166 -0.124238 -0.0809225 
0.356819 0.427564 0.293857 0.369257 0.326768 0.395175 -9.54284e-07 -8.40198e-07 -3.62456e-07 -6.07279e-07 -6.068e-07 -9.52069e-07 0.00553196 0.00425907 0.0041712 
0.365079 0.279814 0.200299 0.245336 0.291091 0.326076 -0.0135037 -0.0226208 -0.00437549 -0.0113409 -0.00895947 -0.0185784 0.0406171 0.0449889 0.0424083 
2.03713e-34 0.169609 0.272718 0.223567 0.149628 0.0891812 -7.31434e-36 4.75845e-08 -1.18752e-07 1.74164e-09 -1.29247e-09 3.27466e-08 0.00148114 0.000953901 0.00174453 
6.5746e-34 0.70558 0.842992 0.779754 0.511156 0.404076 -1.94209e-34 -0.00146078 -0.00371926 -0.00223441 -0.00152697 -0.000636218 -0.0392331 -0.0334387 -0.0452203 
2.51651e-34 2.92127e-34 0.54577 0.276243 0.241018 -3.23005e-34 -1.42567e-34 -2.49333e-34 -0.0699934 -0.0111016 -0.0130302 -3.45488e-34 -0.0252827 -0.0467725 -0.0330243 
0.365079 0.412175 0.279814 0.353139 0.326076 0.391725 -0.0135037 -0.0358631 -0.0226208 -0.0314525 -0.0185784 -0.0234581 0.0406171 0.0424335 0.0449889 
0.981066 0.853668 0.961012 0.967722 0.971582 0.971983 -0.0756666 -0.0616665 -0.105921 -0.107247 -0.0913803 -0.0883698 -0.0864591 -0.124238 -0.0835715 
2.41409e-34 0.279814 0.177484 0.231246 0.103768 0.158406 -2.35096e-34 -0.0226208 -0.0225878 -0.0242923 -0.0063148 -0.00780244 0.0443571 0.0449889 0.0444514 
0.777971 0.726156 0.961012 0.883826 0.890653 0.76029 -0.0848669 -0.0443407 -0.105921 -0.0786216 -0.100411 -0.0652022 -0.0576838 -0.0621279 -0.0835715 
0.44704 0.495766 0.466276 0.484536 0.457198 0.478215 -5.47838e-07 -1.31069e-06 -1.71668e-06 -1.9423e-06 -1.38324e-06 -1.35958e-06 0.00800787 0.00800789 0.0066945 
0.498847 0.466276 0.495766 0.484536 0.499756 0.494395 -1.65074e-06 -1.71668e-06 -1.31069e-06 -1.9423e-06 -1.41794e-06 -1.86197e-06 0.0068727 0.0066945 0.00800789 
0.485717 0.351797 0.229495 0.296767 0.366629 0.412967 -0.0763876 -0.0261885 -0.0118761 -0.0204473 -0.036808 -0.0463014 0.00441316 0.00776356 0.000842249 
0.477293 0.370047 0.351797 0.359742 0.428219 0.42991 -0.0533579 -0.0192468 -0.0261885 -0.0230917 -0.0413826 -0.0343051 0.0170881 0.0132733 0.00776356 
0.777971 0.916483 0.54577 0.784272 0.665436 0.872627 -0.0848669 -0.145356 -0.0699934 -0.114977 -0.082683 -0.115279 -0.0576838 -0.0711709 -0.0330243 
4.55887e-34 4.89537e-34 0.776236 0.460881 0.458533 -4.05532e-34 2.02373e-34 2.64575e-34 -0.00313341 -0.00138595 -0.00111233 4.69748e-34 -0.042727 -0.0559807 -0.0484118 
2.83878e-34 0.351797 0.19407 0.269248 0.0973266 0.17555 1.50986e-35 -0.0261885 -0.00273531 -0.0120021 -0.000322413 -0.0054227 0.00570945 0.00776356 0.0108587 
0.998751 0.937093 0.986712 0.995394 0.994268 0.988542 -0.00255522 -0.00122586 -0.000950364 -0.00128028 -0.00188563 -0.00218423 -0.0375195 -0.0272945 -0.0256372 
0.355545 0.187101 0.204654 0.195941 0.286773 0.27936 -1.04016e-06 -2.98952e-07 -3.83686e-07 -3.57009e-07 -7.16364e-07 -5.65555e-07 0.00579689 0.00635907 0.00540725 
0.998751 0.986712 0.750292 0.905456 0.928255 0.994268 -0.00255522 -0.000950364 -0.001087 -0.00120845 -0.00200067 -0.00188563 -0.0375195 -0.0256372 -0.0295181 
0.499654 0.477867 0.443078 0.462489 0.483467 0.492998 -1.32895e-06 -1.5767e-06 -1.06523e-06 -1.31367e-06 -1.26725e-06 -1.54729e-06 0.00481118 0.0059291 0.0044656 
0.443916 0.317329 0.35921 0.339151 0.406787 0.390151 0.00310922 0.00162758 0.00348842 0.00278178 0.00360711 0.00207032 0.0304551 0.0330505 0.0288704 
0.530584 0.386469 0.490075 0.449476 0.508825 0.468694 -0.161198 -0.143286 -0.11057 -0.129249 -0.135707 -0.160701 0.0300598 0.041349 0.0365612 
0.355545 0.443078 0.477867 0.462489 0.430081 0.404316 -1.04016e-06 -1.06523e-06 -1.5767e-06 -1.31367e-06 -1.30098e-06 -1.11699e-06 0.00579689 0.0044656 0.0059291 
0.35921 0.317329 0.21356 0.268707 0.29294 0.339151 0.00348842 0.00162758 0.00158013 0.00195904 0.00241974 0.00278178 0.0288704 0.0330505 0.0301154 
0.419491 0.490075 0.386469 0.449476 0.405955 0.457514 -0.0804483 -0.11057 -0.143286 -0.129249 -0.109628 -0.0971659 0.0431864 0.0365612 0.041349 
2.27689e-34 0.289195 0.196293 0.244858 0.104231 0.159971 -3.65523e-35 -4.49031e-07 -8.64503e-08 -1.34306e-07 -3.30887e-07 -2.1307e-07 0.00740178 0.0072668 0.00847108 
5.10766e-34 -0.0506232 -0.00075816 -0.0457272 -0.00244638 -0.0161384 1.12894e-34 0.0664076 0.021786 0.0746277 0.146469 0.142933 -0.122507 -0.0928075 -0.133712 
0.355545 0.434169 0.289195 0.37194 0.323933 0.39867 -1.04016e-06 -1.72533e-06 -4.49031e-07 -1.06321e-06 -1.01908e-06 -1.35066e-06 0.00579689 0.00710285 0.0072668 
7.74951e-34 0.853668 0.843203 0.849853 0.544305 0.572314 5.22326e-34 -0.0616665 -0.0291146 -0.0409227 -0.0183501 -0.0351704 -0.118724 -0.124238 -0.0989166 
1.16322e-34 0.146119 0.21356 0.180847 0.116079 0.0774717 -1.39868e-34 0.000768848 0.00158013 0.000991953 0.000588837 0.000232215 0.0284347 0.0268873 0.0301154 
2.92127e-34 0.338704 0.54577 0.46055 0.276243 0.154838 -2.49333e-34 -0.0275692 -0.0699934 -0.04009 -0.0111016 -0.00611393 -0.0467725 -0.0502341 -0.0330243 
0.777971 0.54577 0.338704 0.46055 0.586231 0.665436 -0.0848669 -0.0699934 -0.0275692 -0.04009 -0.0503319 -0.082683 -0.0576838 -0.0330243 -0.0502341 
0.998751 0.842992 0.70558 0.779754 0.93537 0.967002 -0.00255522 -0.00371926 -0.00146078 -0.00223441 -0.00252641 -0.00392003 -0.0375195 -0.0452203 -0.0334387 
1.551e-34 1.31528e-34 0.234308 0.13147 0.130633 -1.1308e-34 -2.06261e-34 -1.80721e-34 -0.000422805 -0.000182121 -0.000513049 -3.84998e-34 0.0414476 0.0365805 0.038057 
0.355545 0.204654 0.295452 0.252132 0.326802 0.286773 -1.04016e-06 -3.83686e-07 -3.89668e-07 -3.43387e-07 -6.13018e-07 -7.16364e-07 0.00579689 0.00540725 0.00425521 
0.356819 0.198957 0.192703 0.195838 0.282501 0.285137 -9.54284e-07 -2.97919e-07 -2.9103e-07 -2.69781e-07 -3.90753e-07 -6.52246e-07 0.00553196 0.00525899 0.0062381 
0.489795 0.466831 0.499998 0.491775 0.497485 0.479957 -4.86642e-08 -2.95862e-07 -1.44426e-07 -2.21795e-07 -5.93639e-08 -1.05873e-07 -4.53227e-09 0.00136268 0.000953133 
2.27689e-34 0.187101 0.289195 0.240661 0.159971 0.0990062 -3.65523e-35 -2.98952e-07 -4.49031e-07 -2.26147e-07 -2.1307e-07 -3.65764e-07 0.00740178 0.00635907 0.0072668 
0.489794 0.499998 0.462972 0.49067 0.478472 0.497409 -7.38054e-08 -1.44426e-07 -2.77011e-07 -2.38486e-07 -1.15123e-07 -8.01196e-08 1.04316e-08 0.000953133 0.00144406 
2.68098e-34 0.198957 0.293857 0.248647 0.162943 0.105756 2.16423e-35 -2.97919e-07 -3.62456e-07 -3.76192e-07 -1.95128e-07 -1.25636e-07 0.00441508 0.00525899 0.0041712 
2.41409e-34 1.551e-34 0.200299 0.11033 0.107058 -6.76498e-35 -2.35096e-34 -2.06261e-34 -0.00437549 -0.00139099 -0.00315171 -4.23004e-34 0.0443571 0.0414476 0.0424083 
-4.73046e-35 -0.0612223 -0.038349 -0.0578188 -0.0373189 -0.0597025 2.90788e-34 0.00148097 0.0296633 0.0170435 0.0106978 0.00570478 -0.0570892 -0.0477232 -0.0626776 
0.0212002 0.147119 0.414851 0.242279 0.163947 0.0779579 -0.114564 -0.188151 -0.290956 -0.242336 -0.207731 -0.17337 -0.0693914 -0.0108482 -0.0590738 
1.25645e-34 1.16322e-34 0.21356 0.116079 0.117359 -8.1002e-35 -1.58445e-34 -1.39868e-34 0.00158013 0.000588837 0.000608595 -2.99327e-34 0.0322042 0.0284347 0.0301154 
0.177731 0.0493867 0.109711 0.0799318 0.150871 0.111047 -0.116952 -0.0328061 -0.0297101 -0.0335275 -0.0707328 -0.0768011 0.0274119 0.0188422 0.0355424 
0.777971 0.338704 0.726156 0.540609 0.76029 0.586231 -0.0848669 -0.0275692 -0.0443407 -0.0345098 -0.0652022 -0.0503319 -0.0576838 -0.0502341 -0.0621279 
0.538564 0.54577 0.762093 0.692776 0.6682 0.548102 -0.0811227 -0.0699934 -0.164758 -0.11721 -0.122564 -0.0754336 -0.0162164 -0.0330243 -0.024608 
9.01196e-34 0.853668 7.74951e-34 0.572314 -5.34293e-34 0.628069 3.5712e-34 -0.0616665 5.22326e-34 -0.0351704 1.33767e-33 -0.0705293 -0.161193 -0.124238 -0.118724 
0.309165 0.21356 0.146119 0.180847 0.23407 0.263949 0.00258962 0.00158013 0.000768848 0.000991953 0.00173637 0.00220651 0.0267518 0.0301154 0.0268873 
0.499998 0.499998 0.466831 0.491775 0.491707 0.499998 -5.0552e-07 -1.44426e-07 -2.95862e-07 -2.21795e-07 -3.33518e-07 -2.8157e-07 0.00211258 0.000953133 0.00136268 
0.499998 0.462972 0.499998 0.49067 0.499998 0.490742 -5.0552e-07 -2.77011e-07 -1.44426e-07 -2.38486e-07 -2.8157e-07 -3.27683e-07 0.00211258 0.00144406 0.000953133 
6.70384e-34 5.373e-34 0.712647 0.418847 0.412495 -2.40714e-34 3.3104e-34 4.14725e-34 -0.0128583 -0.00522073 -0.00370432 7.64391e-34 -0.0710026 -0.089568 -0.085019 
9.88458e-35 0.177484 0.109711 0.145396 0.0606226 0.0887427 -2.25869e-34 -0.0225878 -0.0297101 -0.0280259 -0.00823942 -0.00746383 0.0429614 0.0444514 0.0355424 
0.998694 0.992711 0.695133 0.901204 0.913578 0.996711 -0.0211289 -0.0443177 -0.0218524 -0.0359518 -0.0264222 -0.0326536 -0.0717528 -0.0809225 -0.0637338 
6.70384e-34 0.712647 0.839128 0.780571 0.515171 0.412495 3.3104e-34 -0.0128583 -0.0105728 -0.0121952 -0.0039194 -0.00370432 -0.0710026 -0.085019 -0.0707206 
0.747091 0.632383 0.636507 0.660438 0.709307 0.686457 -0.229902 -0.22269 -0.133845 -0.179803 -0.181709 -0.234476 -0.0191566 0.0113953 -0.00535583 
0.356819 0.293857 0.198957 0.248647 0.285137 0.326768 -9.54284e-07 -3.62456e-07 -2.97919e-07 -3.76192e-07 -6.52246e-07 -6.068e-07 0.00553196 0.0041712 0.00525899 
0.502248 0.414851 0.763627 0.600906 0.669853 0.446974 -0.175947 -0.290956 -0.262562 -0.290117 -0.262433 -0.248683 -0.150784 -0.0590738 -0.069086 
0.981066 0.961012 0.726156 0.883826 0.896772 0.971582 -0.0756666 -0.105921 -0.0443407 -0.0786216 -0.0652699 -0.0913803 -0.0864591 -0.0835715 -0.0621279 
5.10766e-34 3.4891e-34 -0.0506232 -0.0188213 -0.0161384 8.84002e-34 1.12894e-34 7.93896e-35 0.0664076 0.115688 0.142933 -5.33249e-35 -0.122507 -0.0871734 -0.0928075 
0.998694 0.695133 0.63808 0.667712 0.898705 0.913578 -0.0211289 -0.0218524 -0.0105967 -0.0145879 -0.0196371 -0.0264222 -0.0717528 -0.0637338 -0.0605562 
0.998694 0.843203 0.992711 0.975107 0.996711 0.967729 -0.0211289 -0.0291146 -0.0443177 -0.0461524 -0.0326536 -0.0316174 -0.0717528 -0.0989166 -0.0809225 
0.2449 0.180928 0.380037 0.292419 0.318767 0.213808 -7.28242e-08 -1.01338e-07 -7.69978e-08 -8.87827e-08 -2.04907e-08 -8.32332e-08 1.27721e-08 0.000915517 0.00103215 
0.2449 0.3801 0.169609 0.287911 0.20847 0.318805 -1.35392e-08 -1.03261e-07 4.75845e-08 -5.20268e-08 -5.87764e-09 -9.94189e-09 3.83814e-09 0.00103123 0.000953901 
0.390394 0.487443 0.443078 0.469263 0.418874 0.45091 -4.76895e-07 -8.02265e-07 -1.06523e-06 -9.83656e-07 -6.88266e-07 -5.582e-07 0.0027131 0.00318583 0.0044656 
4.41904e-34 0.63808 0.695133 0.667712 0.387718 0.348899 -3.13415e-34 -0.0105967 -0.0218524 -0.0145879 -0.00642048 -0.00407038 -0.0623092 -0.0605562 -0.0637338 
0.386974 0.46638 0.473063 0.469741 0.437353 0.432494 0.00277276 0.00258756 0.00385661 0.00325515 0.00328194 0.00270526 0.0237836 0.0216782 0.0234649 
0.383378 0.464747 0.469919 0.467375 0.433706 0.429964 0.000324736 0.000234958 0.000483277 0.000338945 0.000408575 0.000285409 0.0169804 0.0155381 0.0170294 
4.89537e-34 0.649182 0.776236 0.716104 0.460881 0.368258 2.64575e-34 -0.00411178 -0.00313341 -0.0037467 -0.00138595 -0.00123493 -0.0559807 -0.0609791 -0.0484118 
0.998751 0.750292 0.625672 0.691034 0.895629 0.928255 -0.00255522 -0.001087 -0.00142216 -0.00127687 -0.00255108 -0.00200067 -0.0375195 -0.0295181 -0.0387138 
0.177731 0.386469 0.329367 0.368533 0.246592 0.291661 -0.116952 -0.143286 -0.230327 -0.188031 -0.180669 -0.144182 0.0274119 0.041349 0.0240437 
5.66784e-34 0.839878 0.63808 0.749214 0.355313 0.501462 -2.84735e-34 -0.00808919 -0.0105967 -0.00978982 -0.00340206 -0.00430534 -0.056929 -0.0564549 -0.0605562 
0.382974 0.461536 0.468698 0.465211 0.432655 0.427584 8.68605e-06 3.81952e-05 1.3019e-05 2.42235e-05 1.09353e-05 2.01638e-05 0.0110227 0.0124129 0.0109281 
1.59833e-34 1.4859e-34 0.307018 0.143101 0.131467 -1.33986e-34 -1.49365e-35 -7.52672e-35 -0.0251861 -0.00486352 -0.00309663 -6.71928e-35 -0.00160224 -0.0137231 -0.00613369 
0.998694 0.712647 0.843203 0.78349 0.967729 0.939266 -0.0211289 -0.0128583 -0.0291146 -0.0180846 -0.0316174 -0.022431 -0.0717528 -0.085019 -0.0989166 
-4.73046e-35 -5.43245e-35 -0.0612223 -0.065627 -0.0597025 6.28507e-36 2.90788e-34 1.41167e-34 0.00148097 -0.00197399 0.00570478 4.50733e-34 -0.0570892 -0.0318355 -0.0477232 
1.14384e-34 2.77663e-34 0.204654 0.109023 0.109023 -7.77701e-35 -2.92487e-35 -2.19398e-35 -3.83686e-07 -2.58551e-07 -2.02674e-07 -5.11882e-35 0.00592282 0.00444273 0.00540725 
0.75 0.750292 0.986712 0.905456 0.90541 0.750054 -6.1822e-37 -0.001087 -0.000950364 -0.00120845 -0.000834151 -0.000590641 -0.0189527 -0.0295181 -0.0256372 
0.376238 0.475471 0.458122 0.466694 0.422368 0.435052 -0.000905763 -0.00725725 0.00252344 -0.00082473 0.000873082 -0.00424564 0.019551 0.0238984 0.0235102 
0.379003 0.458293 0.464967 0.461658 0.428518 0.423784 0.00271661 0.00489247 0.00353395 0.0041162 0.00321327 0.00372423 0.0219471 0.0231125 0.0223063 
0.382035 0.461074 0.466908 0.464065 0.431001 0.426924 0.000311022 0.000827555 0.000437726 0.000604231 0.000383786 0.000523779 0.0169347 0.0182923 0.0168933 
0.530584 0.542857 0.632383 0.591526 0.575286 0.555459 -0.161198 -0.108187 -0.22269 -0.160394 -0.196594 -0.138262 0.0300598 0.0152736 0.0113953 
0.382539 0.4596 0.467649 0.463736 0.431726 0.426091 9.3e-06 3.15876e-06 1.43496e-05 6.56523e-06 1.24941e-05 6.53415e-06 0.0110886 0.00973529 0.0111034 
0.289195 0.434169 0.342826 0.393389 0.316993 0.37194 -4.49031e-07 -1.72533e-06 -8.5132e-07 -1.03246e-06 -5.09837e-07 -1.06321e-06 0.0072668 0.00710285 0.00831203 
0.499998 0.488263 0.487443 0.499995 0.49686 0.497065 -5.0552e-07 -9.04833e-07 -8.02265e-07 -8.33479e-07 -6.54338e-07 -7.09228e-07 0.00211258 0.00356879 0.00318583 
0.530584 0.494204 0.386469 0.433852 0.468694 0.519555 -0.161198 -0.227568 -0.143286 -0.186692 -0.160701 -0.19552 0.0300598 0.0250815 0.041349 
0.499999 0.453631 0.495089 0.479636 0.49879 0.488464 1.28037e-06 2.05621e-06 5.62846e-06 3.67833e-06 3.19894e-06 1.38103e-06 0.0090778 0.00946534 0.0100553 
1.18497e-34 -4.73046e-35 -0.038349 -0.0373189 -0.0142142 8.38045e-36 1.63376e-34 2.90788e-34 0.0296633 0.0106978 0.013402 5.94609e-34 -0.0623602 -0.0570892 -0.0626776 
0.382974 0.468698 0.453631 0.461533 0.42232 0.432655 8.68605e-06 1.3019e-05 2.05621e-06 5.1883e-06 4.90787e-06 1.09353e-05 0.0110227 0.0109281 0.00946534 
0.502248 0.0816258 -0.00075816 0.0366157 0.184163 0.292436 -0.175947 0.0875913 0.021786 0.0708173 -0.0624187 -0.0537389 -0.150784 -0.1523 -0.133712 
1.18497e-34 -0.038349 2.57203e-34 -0.0125194 5.2877e-34 -0.0142142 1.63376e-34 0.0296633 3.36289e-35 0.0331823 -1.17502e-35 0.013402 -0.0623602 -0.0626776 -0.0641938 
0.440921 0.342826 0.434169 0.393389 0.437591 0.397756 -3.62079e-07 -8.5132e-07 -1.72533e-06 -1.03246e-06 -1.67727e-06 -6.22278e-07 0.00823367 0.00831203 0.00710285 
0.538564 0.224312 0.54577 0.37169 0.548102 0.391002 -0.0811227 -0.0161445 -0.0699934 -0.0354736 -0.0754336 -0.0409529 -0.0162164 -0.0196955 -0.0330243 
0.530584 0.632383 0.494204 0.572242 0.519555 0.575286 -0.161198 -0.22269 -0.227568 -0.235369 -0.19552 -0.196594 0.0300598 0.0113953 0.0250815 
0.404413 0.427564 0.488263 0.464378 0.456422 0.416389 -4.41647e-07 -8.40198e-07 -9.04833e-07 -8.00487e-07 -6.49683e-07 -7.24339e-07 0.00273673 0.00425907 0.00356879 
6.5746e-34 4.01668e-34 0.70558 0.404834 0.404076 -2.8059e-34 -1.94209e-34 -1.39295e-34 -0.00146078 -0.000410377 -0.000636218 -3.31463e-34 -0.0392331 -0.0283284 -0.0334387 
0.382035 0.466908 0.461164 0.464101 0.426965 0.431001 0.000311022 0.000437726 0.000219988 0.00031071 0.000270076 0.000383786 0.0169347 0.0168933 0.0154951 
0.998751 0.997223 0.842992 0.970748 0.967002 0.997904 -0.00255522 -0.00477373 -0.00371926 -0.00490475 -0.00392003 -0.00396372 -0.0375195 -0.0467145 -0.0452203 
0.379003 0.464967 0.459804 0.462494 0.424859 0.428518 0.00271661 0.00353395 0.00242584 0.00298782 0.0026625 0.00321327 0.0219471 0.0223063 0.0211563 
0.998694 0.63808 0.839878 0.749214 0.955099 0.898705 -0.0211289 -0.0105967 -0.00808919 -0.00978982 -0.0158296 -0.0196371 -0.0717528 -0.0605562 -0.0564549 
0.499999 0.461164 0.495214 0.482277 0.498759 0.490158 0.000196682 0.000219988 0.000319273 0.000263727 0.000252173 0.000212085 0.0149613 0.0154951 0.0159481 
2.83878e-34 1.59833e-34 0.229495 0.109583 0.10092 -7.96091e-35 1.50986e-35 -1.49365e-35 -0.0118761 -0.00324564 -0.00106326 2.27177e-35 0.00570945 -0.00160224 0.000842249 
-0.0553352 -0.038349 -0.0612223 -0.0578188 -0.0549581 -0.0512342 0.0400332 0.0296633 0.00148097 0.0170435 0.0178148 0.0416004 -0.0664671 -0.0626776 -0.0477232 
0.502248 0.160148 0.414851 0.280902 0.446974 0.31211 -0.175947 -0.146951 -0.290956 -0.227778 -0.248683 -0.153348 -0.150784 -0.121369 -0.0590738 
0.376238 0.465259 0.475471 0.469255 0.435052 0.422598 -0.000905763 -0.0245789 -0.00725725 -0.0149267 -0.00424564 -0.00994314 0.019551 0.0201277 0.0238984 
0.499987 0.459804 0.49464 0.481196 0.498505 0.489497 0.00235007 0.00242584 0.00315858 0.00274791 0.00273378 0.00245769 0.0208442 0.0211563 0.0217056 
0.50062 0.458122 0.496988 0.482199 0.499973 0.490796 0.00281472 0.00252344 -0.00180224 0.000495658 0.00106766 0.00251568 0.0270093 0.0235102 0.0262846 
0.990229 0.842992 0.997223 0.970748 0.994416 0.97734 -0.00739415 -0.00371926 -0.00477373 -0.00490475 -0.00577293 -0.00685109 -0.0560428 -0.0452203 -0.0467145 
0.998751 0.625672 0.776236 0.705766 0.935606 0.895629 -0.00255522 -0.00142216 -0.00313341 -0.00198564 -0.00350729 -0.00255108 -0.0375195 -0.0387138 -0.0484118 
0.8733 0.763627 0.762093 0.815731 0.822476 0.841801 -0.189858 -0.262562 -0.164758 -0.229938 -0.182219 -0.235118 -0.0583297 -0.069086 -0.024608 
0.241013 0.109711 0.177484 0.145396 0.215333 0.176355 -0.0694545 -0.0297101 -0.0225878 -0.0280259 -0.0459672 -0.0534319 0.0427529 0.0355424 0.0444514 
5.10766e-34 -0.00075816 0.0816258 0.0366157 0.00576432 -0.00244638 1.12894e-34 0.021786 0.0875913 0.0708173 0.146233 0.146469 -0.122507 -0.133712 -0.1523 
0.50573 0.502178 0.465259 0.489362 0.503286 0.507257 -0.0551107 -0.0243092 -0.0245789 -0.0243721 -0.0398019 -0.0380336 0.0319444 0.0264851 0.0201277 
2.51651e-34 0.54577 0.224312 0.37169 0.11098 0.241018 -1.42567e-34 -0.0699934 -0.0161445 -0.0354736 -0.00765543 -0.0130302 -0.0252827 -0.0330243 -0.0196955 
0.477293 0.542857 0.523514 0.534868 0.511781 0.506995 -0.0533579 -0.108187 -0.0872341 -0.100552 -0.070456 -0.0779989 0.0170881 0.0152736 0.0268975 
0.530584 0.523514 0.542857 0.534868 0.555459 0.531122 -0.161198 -0.0872341 -0.108187 -0.100552 -0.138262 -0.119939 0.0300598 0.0268975 0.0152736 
0.440921 0.434169 0.491753 0.469831 0.472132 0.437591 -3.62079e-07 -1.72533e-06 -1.78517e-06 -1.66714e-06 -9.71106e-07 -1.67727e-06 0.00823367 0.00710285 0.00794145 
1.551e-34 0.234308 0.200299 0.218592 0.11033 0.130633 -2.06261e-34 -0.000422805 -0.00437549 -0.00219677 -0.00139099 -0.000513049 0.0414476 0.038057 0.0424083 
0.0212002 0.414851 0.160148 0.280902 0.0540822 0.163947 -0.114564 -0.290956 -0.146951 -0.227778 -0.125649 -0.207731 -0.0693914 -0.0590738 -0.121369 
0.382539 0.467649 0.46168 0.464726 0.427507 0.431726 9.3e-06 1.43496e-05 3.88231e-05 2.45376e-05 2.07916e-05 1.24941e-05 0.0110886 0.0111034 0.0124931 
0.272718 0.169609 0.3801 0.287911 0.330665 0.223567 -1.18752e-07 4.75845e-08 -1.03261e-07 -5.20268e-08 -1.04674e-07 1.74164e-09 0.00174453 0.000953901 0.00103123 
0.273391 0.380037 0.180928 0.292419 0.229133 0.330919 -1.55565e-07 -7.69978e-08 -1.01338e-07 -8.87827e-08 -1.04954e-07 -1.224e-07 0.0017391 0.00103215 0.000915517 
3.63879e-34 5.89509e-34 0.726156 0.404455 0.371303 -4.32088e-34 -2.88635e-34 -3.22412e-34 -0.0443407 -0.0143116 -0.0196546 -5.64355e-34 -0.0549454 -0.061134 -0.0621279 
0.75 0.437801 0.750292 0.609491 0.750054 0.609558 -6.1822e-37 -0.000269501 -0.001087 -0.000469394 -0.000590641 -0.000215035 -0.0189527 -0.0248477 -0.0295181 
0.408163 0.380037 0.466831 0.430178 0.441153 0.394569 -5.50903e-08 -7.69978e-08 -2.95862e-07 -1.79507e-07 -8.38857e-08 -5.16924e-08 1.37013e-08 0.00103215 0.00136268 
0.408163 0.462972 0.3801 0.427453 0.394599 0.438627 -3.54312e-08 -2.77011e-07 -1.03261e-07 -1.84931e-07 -4.87466e-08 -6.68302e-08 -1.2005e-08 0.00144406 0.00103123 
0.747091 0.762093 0.763627 0.815731 0.765437 0.766431 -0.229902 -0.164758 -0.262562 -0.229938 -0.254642 -0.201992 -0.0191566 -0.024608 -0.069086 
0.383378 0.469919 0.462338 0.466221 0.428256 0.433706 0.000324736 0.000483277 0.00084256 0.000640002 0.000541274 0.000408575 0.0169804 0.0170294 0.0184011 
0.998751 0.70558 0.937093 0.842656 0.988542 0.93537 -0.00255522 -0.00146078 -0.00122586 -0.00165263 -0.00218423 -0.00252641 -0.0375195 -0.0334387 -0.0272945 
2.68098e-34 1.14442e-34 0.198957 0.105756 0.105756 -6.94247e-35 2.16423e-35 2.88601e-35 -2.97919e-07 -3.25448e-08 -1.25636e-07 5.05026e-35 0.00441508 0.0058875 0.00525899 
0.499998 0.46168 0.495374 0.482607 0.49883 0.490385 6.33471e-05 3.88231e-05 3.13738e-05 3.42694e-05 4.54807e-05 5.12376e-05 0.0129904 0.0124931 0.0120041 
0.990229 0.999443 0.839878 0.963783 0.976743 0.996821 -0.00739415 -0.0133213 -0.00808919 -0.0122683 -0.0102432 -0.0109265 -0.0560428 -0.0637948 -0.0564549 
0.386974 0.473063 0.456799 0.465473 0.425962 0.437353 0.00277276 0.00385661 0.00463933 0.00428241 0.0036641 0.00328194 0.0237836 0.0234649 0.0258134 
4.41904e-34 5.66784e-34 0.63808 0.355313 0.348899 -2.00423e-34 -3.13415e-34 -2.84735e-34 -0.0105967 -0.00340206 -0.00407038 -5.84643e-34 -0.0623092 -0.056929 -0.0605562 
0.408163 0.2449 0.380037 0.318767 0.394569 0.336736 -5.50903e-08 -7.28242e-08 -7.69978e-08 -2.04907e-08 -5.16924e-08 4.65675e-08 1.37013e-08 1.27721e-08 0.00103215 
0.2449 0.408163 0.3801 0.394599 0.318805 0.336735 -1.35392e-08 -3.54312e-08 -1.03261e-07 -4.87466e-08 -9.94189e-09 6.78441e-08 3.83814e-09 -1.2005e-08 0.00103123 
0.485717 0.229495 0.307018 0.264007 0.413827 0.366629 -0.0763876 -0.0118761 -0.0251861 -0.0175927 -0.0513831 -0.036808 0.00441316 0.000842249 -0.00613369 
2.87058e-34 0.586236 4.01668e-34 0.324781 -9.77339e-35 0.325025 -4.07979e-35 -0.000470706 -1.39295e-34 -0.000202957 -2.20402e-34 -0.000161572 -0.0166016 -0.0243628 -0.0283284 
4.01668e-34 0.586236 0.70558 0.648526 0.404834 0.324781 -1.39295e-34 -0.000470706 -0.00146078 -0.000793436 -0.000410377 -0.000202957 -0.0283284 -0.0243628 -0.0334387 
0.499998 0.466831 0.477906 0.472649 0.494475 0.491707 -5.0552e-07 -2.95862e-07 -4.5275e-07 -4.2392e-07 -4.6987e-07 -3.33518e-07 0.00211258 0.00136268 0.00248636 
0.404413 0.477906 0.466831 0.472649 0.439658 0.447602 -4.41647e-07 -4.5275e-07 -2.95862e-07 -4.2392e-07 -3.50486e-07 -4.94365e-07 0.00273673 0.00248636 0.00136268 
4.4226e-34 0.625672 0.750292 0.691034 0.437923 0.350573 1.45103e-34 -0.00142216 -0.001087 -0.00127687 -0.000338435 -0.000357321 -0.0305927 -0.0387138 -0.0295181 
1 0.75 0.986712 0.90541 0.996681 0.9375 -8.13078e-37 -6.1822e-37 -0.000950364 -0.000834151 -0.000892578 -1.25811e-36 -0.0178914 -0.0189527 -0.0256372 
0.998694 0.839878 0.999443 0.963783 0.999514 0.955099 -0.0211289 -0.00808919 -0.0133213 -0.0122683 -0.016375 -0.0158296 -0.0717528 -0.0564549 -0.0637948 
1.11425e-34 1.10341e-34 0.200036 0.106497 0.106817 -7.01527e-35 -1.04136e-34 -9.56608e-35 0.000378107 0.000130947 0.000143047 -2.00084e-34 0.0211257 0.0193952 0.0202731 
0.499993 0.462338 0.495526 0.482976 0.498916 0.490691 0.00113977 0.00084256 0.000755638 0.00081175 0.000932792 0.00101385 0.0188761 0.0184011 0.0178888 
1.09067e-34 1.0988e-34 0.198503 0.105493 0.105513 -6.93013e-35 -7.29862e-35 -6.56984e-35 2.41638e-05 7.85917e-06 9.01125e-06 -1.38709e-34 0.0147825 0.0133053 0.014092 
0.990229 0.776236 0.649182 0.716104 0.88154 0.918021 -0.00739415 -0.00313341 -0.00411178 -0.0037467 -0.0071677 -0.00581312 -0.0560428 -0.0484118 -0.0609791 
1.06112e-34 1.08713e-34 0.19769 0.105012 0.10503 -6.77623e-35 6.50434e-35 7.22844e-35 2.42196e-05 7.31868e-06 6.71303e-06 1.37306e-34 0.0132676 0.0147434 0.0139474 
1.05428e-34 1.07541e-34 0.196636 0.103994 0.104281 -6.7423e-35 9.32538e-35 9.94036e-35 0.000377025 0.000118523 0.000117612 1.92397e-34 0.0190021 0.020243 0.0196024 
1.00251e-34 1.00457e-34 0.189612 0.097125 0.0985551 -6.61657e-35 1.07818e-34 1.03716e-34 0.00188917 0.000626995 0.000641178 2.10419e-34 0.0218744 0.0210129 0.0216753 
3.65868e-35 9.88458e-35 0.109711 0.0606226 0.039293 -4.79398e-35 -1.66443e-34 -2.25869e-34 -0.0297101 -0.00823942 -0.0100495 -3.64035e-34 0.0308656 0.0429614 0.0355424 
0.536901 0.6489 0.414851 0.549038 0.492528 0.589331 -0.275101 -0.282279 -0.290956 -0.302482 -0.305592 -0.283496 0.00520304 -0.0317045 -0.0590738 
8.74717e-35 2.83878e-34 0.19407 0.0973266 0.0924566 -7.36433e-35 5.83679e-35 1.50986e-35 -0.00273531 -0.000322413 -0.000837805 8.79112e-35 0.0120487 0.00570945 0.0108587 
9.92423e-35 2.27689e-34 0.196293 0.104231 0.104231 -6.6397e-35 -4.38505e-35 -3.65523e-35 -8.64503e-08 -3.30887e-07 -6.65582e-08 -8.04035e-35 0.00887973 0.00740178 0.00847108 
0.356819 0.466276 0.472722 0.469585 0.426138 0.42103 -9.54284e-07 -1.71668e-06 -1.28695e-06 -1.42268e-06 -1.12097e-06 -1.32469e-06 0.00553196 0.0066945 0.00528768 
0.937093 0.70558 0.586236 0.648526 0.800127 0.842656 -0.00122586 -0.00146078 -0.000470706 -0.000793436 -0.000931617 -0.00165263 -0.0272945 -0.0334387 -0.0243628 
0.500218 0.456799 0.499163 0.485885 0.500022 0.490322 0.00520948 0.00463933 0.004766 0.0049468 0.0050362 0.00505827 0.0246764 0.0258134 0.0240202 
1 0.986712 0.937093 0.995394 0.984187 0.996681 -8.13078e-37 -0.000950364 -0.00122586 -0.00128028 -0.00107963 -0.000892578 -0.0178914 -0.0256372 -0.0272945 
-9.3836e-36 3.65868e-35 0.0493867 0.0148984 -0.00814685 -4.03061e-35 -5.24174e-35 -1.66443e-34 -0.0328061 -0.0112417 -0.0100076 -1.75258e-34 0.00503411 0.0308656 0.0188422 
3.63879e-34 0.726156 0.338704 0.540609 0.171527 0.371303 -2.88635e-34 -0.0443407 -0.0275692 -0.0345098 -0.0110843 -0.0196546 -0.0549454 -0.0621279 -0.0502341 
2.87058e-34 0.75 0.586236 0.673326 0.325025 0.4375 -4.07979e-35 -5.39193e-37 -0.000470706 -0.000286387 -0.000161572 -1.55315e-37 -0.0166016 -0.0167553 -0.0243628 
1.10859e-34 1.10062e-34 0.202069 0.107538 0.107541 -7.36222e-35 5.05489e-35 5.77956e-35 2.98722e-06 1.08617e-06 8.12831e-07 1.08339e-34 0.0103118 0.0117899 0.0110448 
2.6063e-34 1.08469e-34 0.202115 0.107566 0.107566 -7.36878e-35 3.60837e-35 4.33122e-35 -1.11924e-07 -1.33313e-07 -4.35904e-07 7.93952e-35 0.00736114 0.0088357 0.00837279 
1.07108e-34 1.06942e-34 0.197133 0.104606 0.104693 -6.7248e-35 7.94662e-35 8.65227e-35 0.000102067 3.7728e-05 3.5878e-05 1.65905e-34 0.0162049 0.0176396 0.01693 
1.04958e-34 1.03656e-34 0.193917 0.101546 0.102351 -6.65296e-35 1.04423e-34 1.07538e-34 0.00094655 0.000362482 0.000351017 2.11309e-34 0.0212405 0.0218498 0.0216554 
9.59761e-35 9.31632e-35 0.184282 0.0912625 0.0925335 -6.53207e-35 9.46462e-35 7.80293e-35 0.00162787 0.000716789 0.000763193 1.72239e-34 0.0191775 0.0158563 0.0179067 
1.11279e-34 1.15192e-34 0.204741 0.109633 0.110461 -7.38067e-35 -1.2544e-34 -1.13771e-34 0.000990625 0.000358345 0.000369354 -2.39893e-34 0.0254865 0.0231061 0.024203 
1.09098e-34 1.09999e-34 0.198175 0.105331 0.105422 -6.86316e-35 -8.78293e-35 -8.03366e-35 0.000113514 3.63552e-05 3.78902e-05 -1.68254e-34 0.0177969 0.0162749 0.0170284 
1.0908e-34 1.07406e-34 0.197707 0.105038 0.10504 -6.82771e-35 -5.84199e-35 -5.11401e-35 3.01348e-06 7.47729e-07 1.03285e-06 -1.09565e-34 0.0118305 0.010356 0.011094 
0.538564 0.636507 0.307018 0.490562 0.418125 0.599606 -0.0811227 -0.133845 -0.0251861 -0.07254 -0.0489024 -0.106747 -0.0162164 -0.00535583 -0.00613369 
0.50573 0.476554 0.502178 0.500931 0.507257 0.493206 -0.0551107 -0.0232578 -0.0243092 -0.0254994 -0.0380336 -0.0374675 0.0319444 0.035776 0.0264851 
0.502027 0.502178 0.476554 0.500931 0.495742 0.502322 -0.010761 -0.0243092 -0.0232578 -0.0254994 -0.0161107 -0.0169745 0.0287768 0.0264851 0.035776 
0.485717 0.636507 0.632383 0.660438 0.602126 0.558142 -0.0763876 -0.133845 -0.22269 -0.179803 -0.143474 -0.103837 0.00441316 -0.00535583 0.0113953 
0.502248 -0.00075816 0.160148 0.0764027 0.31211 0.184163 -0.175947 0.021786 -0.146951 -0.0654205 -0.153348 -0.0624187 -0.150784 -0.133712 -0.121369 
0.499998 0.477906 0.488263 0.48349 0.497065 0.494475 -5.0552e-07 -4.5275e-07 -9.04833e-07 -5.85065e-07 -7.09228e-07 -4.6987e-07 0.00211258 0.00248636 0.00356879 
2.11636e-34 4.4226e-34 0.437801 0.234644 0.234562 4.78965e-35 4.55328e-35 1.45103e-34 -0.000269501 -0.000247273 -0.000130223 2.3682e-34 -0.0191575 -0.0305927 -0.0248477 
0.998694 0.839128 0.712647 0.780571 0.939266 0.964894 -0.0211289 -0.0105728 -0.0128583 -0.0121952 -0.022431 -0.0183155 -0.0717528 -0.0707206 -0.085019 
0.365079 0.200299 0.234308 0.218592 0.307583 0.291091 -0.0135037 -0.00437549 -0.000422805 -0.00219677 -0.00532459 -0.00895947 0.0406171 0.0424083 0.038057 
0.485717 0.307018 0.636507 0.490562 0.558142 0.413827 -0.0763876 -0.0251861 -0.133845 -0.07254 -0.103837 -0.0513831 0.00441316 -0.00613369 -0.00535583 
0.404413 0.488263 0.477906 0.48349 0.447602 0.456422 -4.41647e-07 -9.04833e-07 -4.5275e-07 -5.85065e-07 -4.94365e-07 -6.49683e-07 0.00273673 0.00356879 0.00248636 
9.88458e-35 2.41409e-34 0.177484 0.103768 0.0887427 -8.1503e-35 -2.25869e-34 -2.35096e-34 -0.0225878 -0.0063148 -0.00746383 -4.30216e-34 0.0429614 0.0443571 0.0444514 
4.4226e-34 0.750292 0.437801 0.609491 0.234644 0.437923 1.45103e-34 -0.001087 -0.000269501 -0.000469394 -0.000247273 -0.000338435 -0.0305927 -0.0295181 -0.0248477 
1.11425e-34 0.200036 0.153029 0.176928 0.0801858 0.106817 -1.04136e-34 0.000378107 0.000383787 0.000389644 0.000137241 0.000143047 0.0211257 0.0202731 0.0220744 
0.75 0.937093 0.586236 0.800127 0.673326 0.859146 -5.39193e-37 -0.00122586 -0.000470706 -0.000931617 -0.000286387 -0.000822169 -0.0167553 -0.0272945 -0.0243628 
0.310518 0.153029 0.200036 0.176928 0.258317 0.237736 0.00132159 0.000383787 0.000378107 0.000389644 0.000777073 0.000863473 0.0220043 0.0220744 0.0202731 
1.09067e-34 0.198503 0.149493 0.174452 0.0780575 0.105513 -7.29862e-35 2.41638e-05 3.17431e-05 2.98018e-05 1.14309e-05 9.01125e-06 0.0147825 0.014092 0.0155262 
0.0212002 0.160148 -0.00075816 0.0764027 -0.00522495 0.0540822 -0.114564 -0.146951 0.021786 -0.0654205 -0.0408815 -0.125649 -0.0693914 -0.121369 -0.133712 
4.4226e-34 4.55887e-34 0.625672 0.351346 0.350573 -1.42131e-34 1.45103e-34 2.02373e-34 -0.00142216 -0.00052888 -0.000357321 3.48963e-34 -0.0305927 -0.042727 -0.0387138 
0.307602 0.149493 0.198503 0.174452 0.256087 0.234434 0.000116457 3.17431e-05 2.41638e-05 2.98018e-05 6.11807e-05 7.54508e-05 0.0155594 0.0155262 0.014092 
1.14442e-34 2.6063e-34 0.192703 0.102188 0.102188 -6.12487e-35 2.88601e-35 3.60837e-35 -2.9103e-07 -4.53817e-07 -8.0694e-08 6.49439e-35 0.0058875 0.00736114 0.0062381 
4.89537e-34 6.70384e-34 0.649182 0.371304 0.368258 -1.64529e-34 2.64575e-34 3.3104e-34 -0.00411178 -0.00260217 -0.00123493 6.04281e-34 -0.0559807 -0.0710026 -0.0609791 
0.279814 0.412175 0.317968 0.370855 0.302768 0.353139 -0.0226208 -0.0358631 -0.0535011 -0.0468978 -0.0367493 -0.0314525 0.0449889 0.0424335 0.046126 
0.485717 0.632383 0.542857 0.591526 0.526634 0.602126 -0.0763876 -0.22269 -0.108187 -0.160394 -0.0965241 -0.143474 0.00441316 0.0113953 0.0152736 
0.538564 0.307018 0.224312 0.270909 0.391002 0.418125 -0.0811227 -0.0251861 -0.0161445 -0.0211392 -0.0409529 -0.0489024 -0.0162164 -0.00613369 -0.0196955 
1.08713e-34 0.146026 0.19769 0.172373 0.105012 0.0761577 7.22844e-35 2.77897e-05 2.42196e-05 2.96071e-05 7.31868e-06 8.99035e-06 0.0147434 0.0154763 0.0139474 
1.06112e-34 0.19769 0.146117 0.172415 0.0762056 0.10503 6.50434e-35 2.42196e-05 5.00546e-06 1.14815e-05 2.59565e-06 6.71303e-06 0.0132676 0.0139474 0.0125286 
1.07541e-34 0.144267 0.196636 0.171007 0.103994 0.075031 9.94036e-35 0.000347236 0.000377025 0.000405517 0.000118523 0.000106934 0.020243 0.0207777 0.0196024 
1.05428e-34 0.196636 0.145581 0.171638 0.0757758 0.104281 9.32538e-35 0.000377025 0.000114708 0.000188208 4.9299e-05 0.000117612 0.0190021 0.0196024 0.0183329 
1.00457e-34 0.135209 0.189612 0.162832 0.097125 0.0684019 1.03716e-34 0.00113446 0.00188917 0.00162537 0.000626995 0.000351803 0.0210129 0.0202147 0.0216753 
1.00251e-34 0.189612 0.14088 0.165639 0.071975 0.0985551 1.07818e-34 0.00188917 0.000790996 0.00106481 0.00029036 0.000641178 0.0218744 0.0216753 0.0219547 
0.306329 0.146117 0.19769 0.172415 0.255023 0.232214 1.81693e-05 5.00546e-06 2.42196e-05 1.14815e-05 2.26027e-05 1.26526e-05 0.0124698 0.0125286 0.0139474 
0.305579 0.145581 0.196636 0.171638 0.25413 0.23152 0.000405977 0.000114708 0.000377025 0.000188208 0.000425014 0.000268897 0.0183089 0.0183329 0.0196024 
0.330353 0.19769 0.146026 0.172373 0.246564 0.268793 0.000108076 2.42196e-05 2.77897e-05 2.96071e-05 7.20882e-05 6.01417e-05 0.0152751 0.0139474 0.0154763 
0.300716 0.14088 0.189612 0.165639 0.248123 0.226399 0.00274149 0.000790996 0.00188917 0.00106481 0.00244347 0.00178842 0.0222226 0.0219547 0.0216753 
0.328419 0.196636 0.144267 0.171007 0.244572 0.267334 0.00128256 0.000377025 0.000347236 0.000405517 0.000865499 0.000793608 0.0207748 0.0196024 0.0207777 
0.320721 0.189612 0.135209 0.162832 0.23542 0.259247 0.00326497 0.00188917 0.00113446 0.00162537 0.00248134 0.0028215 0.0212591 0.0216753 0.0202147 
6.70384e-34 0.839128 0.649182 0.752634 0.371304 0.515171 3.3104e-34 -0.0105728 -0.00411178 -0.00635481 -0.00260217 -0.0039194 -0.0710026 -0.0707206 -0.0609791 
0.536901 0.494204 0.632383 0.572242 0.600524 0.512513 -0.275101 -0.227568 -0.22269 -0.235369 -0.251328 -0.254026 0.00520304 0.0250815 0.0113953 
0.33111 0.198503 0.147156 0.173328 0.24751 0.269574 2.65919e-05 2.41638e-05 5.45714e-06 1.17183e-05 1.57605e-05 2.88406e-05 0.0127505 0.014092 0.01258 
1.0988e-34 0.147156 0.198503 0.173328 0.105493 0.0767793 -6.56984e-35 5.45714e-06 2.41638e-05 1.17183e-05 7.85917e-06 2.6576e-06 0.0133053 0.01258 0.014092 
0.317329 0.165936 0.21356 0.190466 0.268707 0.247641 0.00162758 0.000615314 0.00158013 0.00120911 0.00195904 0.00135189 0.0330505 0.0343205 0.0301154 
7.98757e-35 0.169609 2.03713e-34 0.0891812 -3.43689e-35 0.0891812 6.71126e-41 4.75845e-08 -7.31434e-36 3.27466e-08 -7.31423e-36 3.53569e-08 -2.15879e-08 0.000953901 0.00148114 
1.4859e-34 0.224312 0.307018 0.270909 0.143101 0.094325 -7.52672e-35 -0.0161445 -0.0251861 -0.0211392 -0.00486352 -0.00470904 -0.0137231 -0.0196955 -0.00613369 
0.502248 0.600791 0.0816258 0.291475 0.292436 0.544945 -0.175947 -0.127926 0.0875913 -0.0267519 -0.0537389 -0.145367 -0.150784 -0.156618 -0.1523 
1.25645e-34 0.21356 0.165936 0.190466 0.0890865 0.117359 -1.58445e-34 0.00158013 0.000615314 0.00120911 0.000251853 0.000608595 0.0322042 0.0301154 0.0343205 
8.19014e-35 2.03415e-34 0.180928 0.0955231 0.0955232 -4.68318e-35 -4.14135e-41 7.2132e-36 -1.01338e-07 -1.07396e-07 -6.73286e-08 7.21328e-36 2.76e-09 0.00147152 0.000915517 
0.332135 0.200036 0.14687 0.173943 0.248023 0.270846 0.000542958 0.000378107 0.00012869 0.000204433 0.000331511 0.000482881 0.0187197 0.0202731 0.0185968 
0.419491 0.317968 0.412175 0.370855 0.417616 0.371835 -0.0804483 -0.0535011 -0.0358631 -0.0468978 -0.0551652 -0.0696086 0.0431864 0.046126 0.0424335 
1.10859e-34 0.202069 0.152941 0.177975 0.0799531 0.107541 5.05489e-35 2.98722e-06 3.7628e-07 1.74321e-06 3.32477e-07 8.12831e-07 0.0103118 0.0110448 0.00963622 
1.10341e-34 0.14687 0.200036 0.173943 0.106497 0.0767633 -9.56608e-35 0.00012869 0.000378107 0.000204433 0.000130947 4.59685e-05 0.0193952 0.0185968 0.0202731 
1.15192e-34 0.153029 0.204741 0.179312 0.109633 0.0805261 -1.13771e-34 0.000383787 0.000990625 0.00056411 0.000358345 0.000147268 0.0231061 0.0220744 0.024203 
1.10062e-34 0.146117 0.202069 0.174696 0.107538 0.0762111 5.77956e-35 5.00546e-06 2.98722e-06 4.87105e-06 1.08617e-06 1.69496e-06 0.0117899 0.0125286 0.0110448 
1.11279e-34 0.204741 0.146119 0.176117 0.0768299 0.110461 -1.2544e-34 0.000990625 0.000768848 0.000887158 0.00025656 0.000369354 0.0254865 0.024203 0.0268873 
1.09999e-34 0.149493 0.198175 0.174272 0.105331 0.0780885 -8.03366e-35 3.17431e-05 0.000113514 5.73561e-05 3.63552e-05 1.40143e-05 0.0162749 0.0155262 0.0170284 
1.07108e-34 0.197133 0.146026 0.172094 0.0761302 0.104693 7.94662e-35 0.000102067 2.77897e-05 5.01656e-05 1.33663e-05 3.5878e-05 0.0162049 0.01693 0.0154763 
1.06942e-34 0.145581 0.197133 0.171879 0.104606 0.0758859 8.65227e-35 0.000114708 0.000102067 0.000116424 3.7728e-05 4.05797e-05 0.0176396 0.0183329 0.01693 
1.04958e-34 0.193917 0.144267 0.169643 0.0747088 0.102351 1.04423e-34 0.00094655 0.000347236 0.000508656 0.000135304 0.000351017 0.0212405 0.0216554 0.0207777 
1.03656e-34 0.14088 0.193917 0.167929 0.101546 0.0727235 1.07538e-34 0.000790996 0.00094655 0.000884247 0.000362482 0.000291839 0.0218498 0.0219547 0.0216554 
9.59761e-35 0.184282 0.135209 0.15949 0.0673837 0.0925335 9.46462e-35 0.00162787 0.00113446 0.00110913 0.000278905 0.000763193 0.0191775 0.0179067 0.0202147 
1.09098e-34 0.198175 0.14687 0.173005 0.0766523 0.105422 -8.78293e-35 0.000113514 0.00012869 0.000129771 3.91296e-05 3.78902e-05 0.0177969 0.0170284 0.0185968 
9.31632e-35 0.12994 0.184282 0.157069 0.0912625 0.0631194 7.80293e-35 -0.000439737 0.00162787 0.000360931 0.000716789 -4.73572e-05 0.0158563 0.0140007 0.0179067 
1.07406e-34 0.144312 0.197707 0.171551 0.105038 0.0752193 -5.11401e-35 1.28267e-07 3.01348e-06 1.6279e-06 7.47729e-07 2.40365e-07 0.010356 0.00961821 0.011094 
1.0908e-34 0.197707 0.147156 0.172918 0.0767735 0.10504 -5.84199e-35 3.01348e-06 5.45714e-06 5.14275e-06 1.70548e-06 1.03285e-06 0.0118305 0.011094 0.01258 
0.365079 0.476554 0.412175 0.450133 0.391725 0.432699 -0.0135037 -0.0232578 -0.0358631 -0.029355 -0.0234581 -0.0184842 0.0406171 0.035776 0.0424335 
0.498847 0.497478 0.466276 0.486328 0.494395 0.499932 -1.65074e-06 -1.75603e-06 -1.71668e-06 -2.04354e-06 -1.86197e-06 -1.73297e-06 0.0068727 0.00600047 0.0066945 
8.19014e-35 0.180928 0.2449 0.213808 0.132657 0.0955232 -4.14135e-41 -1.01338e-07 -7.28242e-08 -8.32332e-08 -3.44328e-08 -6.73286e-08 2.76e-09 0.000915517 1.27721e-08 
0.177731 0.329367 0.147119 0.236984 0.162466 0.246592 -0.116952 -0.230327 -0.188151 -0.215475 -0.158361 -0.180669 0.0274119 0.0240437 -0.0108482 
7.98757e-35 0.2449 0.169609 0.20847 0.0891812 0.132655 6.71126e-41 -1.35392e-08 4.75845e-08 -5.87764e-09 3.53569e-08 3.86929e-08 -2.15879e-08 3.83814e-09 0.000953901 
0.355545 0.477867 0.434169 0.458923 0.39867 0.430081 -1.04016e-06 -1.5767e-06 -1.72533e-06 -1.67769e-06 -1.35066e-06 -1.30098e-06 0.00579689 0.0059291 0.00710285 
1.59833e-34 0.307018 0.229495 0.264007 0.109583 0.131467 -1.49365e-35 -0.0251861 -0.0118761 -0.0175927 -0.00324564 -0.00309663 -0.00160224 -0.00613369 0.000842249 
0.365079 0.234308 0.399721 0.327469 0.383989 0.307583 -0.0135037 -0.000422805 -0.0025965 -0.00224558 -0.00719982 -0.00532459 0.0406171 0.038057 0.0357074 
0.317329 0.399721 0.234308 0.327469 0.278243 0.362464 0.00162758 -0.0025965 -0.000422805 -0.00224558 0.000610453 -6.39354e-05 0.0330505 0.0357074 0.038057 
0.50573 0.523514 0.490075 0.515153 0.501949 0.513755 -0.0551107 -0.0872341 -0.11057 -0.100709 -0.0790268 -0.0701384 0.0319444 0.0268975 0.0365612 
2.27689e-34 1.14384e-34 0.187101 0.0990063 0.0990062 -5.46446e-35 -3.65523e-35 -2.92487e-35 -2.98952e-07 -1.56092e-07 -3.65764e-07 -6.58009e-35 0.00740178 0.00592282 0.00635907 
0.499654 0.497478 0.477867 0.49757 0.492998 0.499748 -1.32895e-06 -1.75603e-06 -1.5767e-06 -1.76512e-06 -1.54729e-06 -1.6542e-06 0.00481118 0.00600047 0.0059291 
0.498847 0.477867 0.497478 0.49757 0.499932 0.491654 -1.65074e-06 -1.5767e-06 -1.75603e-06 -1.76512e-06 -1.73297e-06 -1.83982e-06 0.0068727 0.0059291 0.00600047 
0.489794 0.489795 0.499998 0.497485 0.497409 0.499998 -7.38054e-08 -4.86642e-08 -1.44426e-07 -5.93639e-08 -8.01196e-08 6.64184e-08 1.04316e-08 -4.53227e-09 0.000953133 
0.317329 0.234308 0.165936 0.202282 0.247641 0.278243 0.00162758 -0.000422805 0.000615314 0.00015573 0.00135189 0.000610453 0.0330505 0.038057 0.0343205 
1.31528e-34 0.165936 0.234308 0.202282 0.13147 0.0896979 -1.80721e-34 0.000615314 -0.000422805 0.00015573 -0.000182121 9.54018e-05 0.0365805 0.0343205 0.038057 
0.356819 0.472722 0.427564 0.452846 0.395175 0.426138 -9.54284e-07 -1.28695e-06 -8.40198e-07 -1.06654e-06 -9.52069e-07 -1.12097e-06 0.00553196 0.00528768 0.00425907 
4.55887e-34 0.776236 0.625672 0.705766 0.351346 0.458533 2.02373e-34 -0.00313341 -0.00142216 -0.00198564 -0.00052888 -0.00111233 -0.042727 -0.0484118 -0.0387138 
0.998751 0.776236 0.997223 0.930825 0.997904 0.935606 -0.00255522 -0.00313341 -0.00477373 -0.00446813 -0.00396372 -0.00350729 -0.0375195 -0.0484118 -0.0467145 
0.990229 0.997223 0.776236 0.930825 0.918021 0.994416 -0.00739415 -0.00477373 -0.00313341 -0.00446813 -0.00581312 -0.00577293 -0.0560428 -0.0467145 -0.0484118 
0.483834 0.399721 0.443916 0.423916 0.46686 0.450123 -0.00321942 -0.0025965 0.00310922 0.000824786 0.000802346 -0.00331904 0.0310828 0.0357074 0.0304551 
0.317329 0.443916 0.399721 0.423916 0.362464 0.390151 0.00162758 0.00310922 -0.0025965 0.000824786 -6.39354e-05 0.00207032 0.0330505 0.0304551 0.0357074 
9.01196e-34 5.10766e-34 0.0816258 0.00576432 0.0704817 1.17615e-33 3.5712e-34 1.12894e-34 0.0875913 0.146233 0.073756 1.52445e-35 -0.161193 -0.122507 -0.1523 
0.33111 0.361405 0.198503 0.287765 0.269574 0.346624 2.65919e-05 7.67567e-05 2.41638e-05 5.11446e-05 2.88406e-05 4.61887e-05 0.0127505 0.0143177 0.014092 
0.332135 0.363185 0.200036 0.289497 0.270846 0.347993 0.000542958 0.0011298 0.000378107 0.000718475 0.000482881 0.000803819 0.0187197 0.0204483 0.0202731 
0.502248 0.763627 0.838505 0.801956 0.707439 0.669853 -0.175947 -0.262562 -0.203094 -0.243671 -0.22536 -0.262433 -0.150784 -0.069086 -0.111487 
1.31528e-34 1.25645e-34 0.165936 0.0890865 0.0896979 -1.90349e-35 -1.80721e-34 -1.58445e-34 0.000615314 0.000251853 9.54018e-05 -3.39508e-34 0.0365805 0.0322042 0.0343205 
0.990229 0.649182 0.839128 0.752634 0.93828 0.88154 -0.00739415 -0.00411178 -0.0105728 -0.00635481 -0.010078 -0.0071677 -0.0560428 -0.0609791 -0.0707206 
0.320721 0.352558 0.189612 0.278373 0.259247 0.336771 0.00326497 0.00383457 0.00188917 0.00288687 0.0028215 0.00363413 0.0212591 0.0224388 0.0216753 
0.328419 0.358603 0.196636 0.28526 0.267334 0.34393 0.00128256 0.000831555 0.000377025 0.000620813 0.000793608 0.00102337 0.0207748 0.0194453 0.0196024 
0.330353 0.359612 0.19769 0.286322 0.268793 0.345337 0.000108076 5.05983e-05 2.42196e-05 3.9378e-05 6.01417e-05 7.4157e-05 0.0152751 0.0136899 0.0139474 
1.08469e-34 0.152941 0.202115 0.177998 0.107566 0.0799537 4.33122e-35 3.7628e-07 -1.11924e-07 2.98102e-07 -1.33313e-07 -2.03674e-08 0.0088357 0.00963622 0.00837279 
1.08469e-34 1.10859e-34 0.152941 0.0799531 0.0799537 -1.73159e-35 4.33122e-35 5.05489e-35 3.7628e-07 3.32477e-07 -2.03674e-08 9.38594e-35 0.0088357 0.0103118 0.00963622 
0.30661 0.202115 0.152941 0.177998 0.235353 0.257173 1.28766e-06 -1.11924e-07 3.7628e-07 2.98102e-07 1.00141e-06 6.22069e-07 0.0096165 0.00837279 0.00963622 
1.15192e-34 1.11425e-34 0.153029 0.0801858 0.0805261 -1.54438e-35 -1.13771e-34 -1.04136e-34 0.000383787 0.000137241 0.000147268 -2.18343e-34 0.0231061 0.0211257 0.0220744 
2.92127e-34 3.63879e-34 0.338704 0.171527 0.154838 -2.22479e-35 -2.49333e-34 -2.88635e-34 -0.0275692 -0.0110843 -0.00611393 -4.97645e-34 -0.0467725 -0.0549454 -0.0502341 
1.4859e-34 2.51651e-34 0.224312 0.11098 0.094325 -2.71995e-35 -7.52672e-35 -1.42567e-34 -0.0161445 -0.00765543 -0.00470904 -1.91285e-34 -0.0137231 -0.0252827 -0.0196955 
1.09999e-34 1.09067e-34 0.149493 0.0780575 0.0780885 -1.41286e-35 -8.03366e-35 -7.29862e-35 3.17431e-05 1.14309e-05 1.40143e-05 -1.53365e-34 0.0162749 0.0147825 0.0155262 
1.08713e-34 1.07108e-34 0.146026 0.0761302 0.0761577 -1.10944e-35 7.22844e-35 7.94662e-35 2.77897e-05 1.33663e-05 8.99035e-06 1.51711e-34 0.0147434 0.0162049 0.0154763 
1.10062e-34 1.06112e-34 0.146117 0.0762056 0.0762111 -1.10862e-35 5.77956e-35 6.50434e-35 5.00546e-06 2.59565e-06 1.69496e-06 1.2283e-34 0.0117899 0.0132676 0.0125286 
1.07541e-34 1.04958e-34 0.144267 0.0747088 0.075031 -1.13721e-35 9.94036e-35 1.04423e-34 0.000347236 0.000135304 0.000106934 2.03433e-34 0.020243 0.0212405 0.0207777 
1.06942e-34 1.05428e-34 0.145581 0.0757758 0.0758859 -1.11202e-35 8.65227e-35 9.32538e-35 0.000114708 4.9299e-05 4.05797e-05 1.79642e-34 0.0176396 0.0190021 0.0183329 
1.00457e-34 9.59761e-35 0.135209 0.0673837 0.0684019 -1.33416e-35 1.03716e-34 9.46462e-35 0.00113446 0.000278905 0.000351803 1.9732e-34 0.0210129 0.0191775 0.0202147 
1.03656e-34 1.00251e-34 0.14088 0.071975 0.0727235 -1.20127e-35 1.07538e-34 1.07818e-34 0.000790996 0.00029036 0.000291839 2.14542e-34 0.0218498 0.0218744 0.0219547 
0.8733 0.838505 0.763627 0.801956 0.841801 0.877057 -0.189858 -0.203094 -0.262562 -0.243671 -0.235118 -0.214848 -0.0583297 -0.111487 -0.069086 
1.07406e-34 9.92423e-35 0.144312 0.0752185 0.0752193 -9.57014e-36 -5.11401e-35 -4.38505e-35 1.28267e-07 -5.03986e-08 2.40365e-07 -9.49923e-35 0.010356 0.00887973 0.00961821 
1.0988e-34 1.0908e-34 0.147156 0.0767735 0.0767793 -1.20963e-35 -6.56984e-35 -5.84199e-35 5.45714e-06 1.70548e-06 2.6576e-06 -1.24128e-34 0.0133053 0.0118305 0.01258 
9.31632e-35 8.74717e-35 0.12994 0.0631541 0.0631194 -1.25679e-35 7.80293e-35 5.83679e-35 -0.000439737 -0.000652646 -4.73572e-05 1.36985e-34 0.0158563 0.0120487 0.0140007 
1.10341e-34 1.09098e-34 0.14687 0.0766523 0.0767633 -1.12913e-35 -9.56608e-35 -8.78293e-35 0.00012869 3.91296e-05 4.59685e-05 -1.83639e-34 0.0193952 0.0177969 0.0185968 
1.16322e-34 1.11279e-34 0.146119 0.0768299 0.0774717 -5.44244e-36 -1.39868e-34 -1.2544e-34 0.000768848 0.00025656 0.000232215 -2.66087e-34 0.0284347 0.0254865 0.0268873 
0.458122 0.475471 0.496988 0.48838 0.482199 0.466694 0.00252344 -0.00725725 -0.00180224 -0.00425121 0.000495658 -0.00082473 0.0235102 0.0238984 0.0262846 
0.912124 0.838505 0.916483 0.916781 0.945228 0.880126 -0.143946 -0.203094 -0.145356 -0.189189 -0.160351 -0.173755 -0.112686 -0.111487 -0.0711709 
3.4891e-34 2.57203e-34 -0.0256785 -0.00829604 -0.00916704 6.27854e-34 7.93896e-35 3.36289e-35 0.0727455 0.0538173 0.0703795 1.74002e-35 -0.0871734 -0.0641938 -0.0738723 
0.998694 0.999443 0.839128 0.955531 0.964894 0.999514 -0.0211289 -0.0133213 -0.0105728 -0.0133458 -0.0183155 -0.016375 -0.0717528 -0.0637948 -0.0707206 
0.990229 0.839128 0.999443 0.955531 0.996821 0.93828 -0.00739415 -0.0105728 -0.0133213 -0.0133458 -0.0109265 -0.010078 -0.0560428 -0.0707206 -0.0637948 
2.11636e-34 0.437801 0.75 0.609558 0.4375 0.234562 4.55328e-35 -0.000269501 -6.1822e-37 -0.000215035 -2.34303e-37 -0.000130223 -0.0191575 -0.0248477 -0.0189527 
0.309165 0.35921 0.21356 0.29294 0.263949 0.335234 0.00258962 0.00348842 0.00158013 0.00241974 0.00220651 0.00309543 0.0267518 0.0288704 0.0301154 
8.74717e-35 0.19407 0.12994 0.160624 0.0631541 0.0924566 5.83679e-35 -0.00273531 -0.000439737 -0.00170341 -0.000652646 -0.000837805 0.0120487 0.0108587 0.0140007 
0.300265 0.12994 0.19407 0.160624 0.250434 0.21973 -0.00363872 -0.000439737 -0.00273531 -0.00170341 -0.00427313 -0.00164316 0.0151593 0.0140007 0.0108587 
0.8733 0.916483 0.838505 0.916781 0.877057 0.899611 -0.189858 -0.145356 -0.203094 -0.189189 -0.214848 -0.168948 -0.0583297 -0.0711709 -0.111487 
0.502027 0.496988 0.475471 0.48838 0.496037 0.500621 -0.010761 -0.00180224 -0.00725725 -0.00425121 -0.00963917 -0.00570739 0.0287768 0.0262846 0.0238984 
0.305106 0.144312 0.196293 0.170815 0.253704 0.230709 1.50286e-06 1.28267e-07 -8.64503e-08 2.01618e-07 8.29942e-07 9.94962e-07 0.00970612 0.00961821 0.00847108 
9.92423e-35 0.196293 0.144312 0.170815 0.0752185 0.104231 -4.38505e-35 -8.64503e-08 1.28267e-07 2.01618e-07 -5.03986e-08 -6.65582e-08 0.00887973 0.00847108 0.00961821 
0.0147784 -0.0416014 -0.0612223 -0.0555458 -0.0462282 -0.0216603 -0.0482427 -0.018608 0.00148097 -0.00221051 -0.0223066 -0.0329507 -0.0132687 -0.0573062 -0.0477232 
0.912124 0.600791 0.838505 0.760481 0.880126 0.798065 -0.143946 -0.127926 -0.203094 -0.186731 -0.173755 -0.147765 -0.112686 -0.156618 -0.111487 
3.65868e-35 0.109711 0.0493867 0.0799318 0.0148984 0.039293 -1.66443e-34 -0.0297101 -0.0328061 -0.0335275 -0.0112417 -0.0100495 0.0308656 0.0355424 0.0188422 
9.01196e-34 0.0816258 0.600791 0.291475 0.344352 0.0704817 3.5712e-34 0.0875913 -0.127926 -0.0267519 -0.0596821 0.073756 -0.161193 -0.1523 -0.156618 
0.241013 0.177484 0.317968 0.253306 0.283244 0.215333 -0.0694545 -0.0225878 -0.0535011 -0.0398673 -0.0624969 -0.0459672 0.0427529 0.0444514 0.046126 
0.306329 0.19769 0.359612 0.286322 0.334042 0.255023 1.81693e-05 2.42196e-05 5.05983e-05 3.9378e-05 3.0219e-05 2.26027e-05 0.0124698 0.0139474 0.0136899 
0.279814 0.317968 0.177484 0.253306 0.231246 0.302768 -0.0226208 -0.0535011 -0.0225878 -0.0398673 -0.0242923 -0.0367493 0.0449889 0.046126 0.0444514 
0.305579 0.196636 0.358603 0.28526 0.333179 0.25413 0.000405977 0.000377025 0.000831555 0.000620813 0.000587163 0.000425014 0.0183089 0.0196024 0.0194453 
0.300716 0.189612 0.352558 0.278373 0.327583 0.248123 0.00274149 0.00188917 0.00383457 0.00288687 0.00333668 0.00244347 0.0222226 0.0216753 0.0224388 
0.310518 0.200036 0.363185 0.289497 0.337895 0.258317 0.00132159 0.000378107 0.0011298 0.000718475 0.00124138 0.000777073 0.0220043 0.0202731 0.0204483 
0.307602 0.198503 0.361405 0.287765 0.335599 0.256087 0.000116457 2.41638e-05 7.67567e-05 5.11446e-05 9.44158e-05 6.11807e-05 0.0155594 0.014092 0.0143177 
0.461164 0.466908 0.495214 0.484241 0.482277 0.464101 0.000219988 0.000437726 0.000319273 0.000372789 0.000263727 0.00031071 0.0154951 0.0168933 0.0159481 
0.448833 0.443916 0.35921 0.406787 0.409455 0.446617 0.00425537 0.00310922 0.00348842 0.00360711 0.00390494 0.00371517 0.0281168 0.0304551 0.0288704 
0.5 0.495214 0.466908 0.484241 0.491577 0.498747 0.00050757 0.000319273 0.000437726 0.000372789 0.000482065 0.000405032 0.016914 0.0159481 0.0168933 
0.465259 0.502178 0.475471 0.490755 0.469255 0.489362 -0.0245789 -0.0243092 -0.00725725 -0.0141633 -0.0149267 -0.0243721 0.0201277 0.0264851 0.0238984 
1.14442e-34 0.192703 0.198957 0.195838 0.105756 0.102188 2.88601e-35 -2.9103e-07 -2.97919e-07 -2.69781e-07 -3.25448e-08 -8.0694e-08 0.0058875 0.0062381 0.00525899 
0.459804 0.464967 0.49464 0.483022 0.481196 0.462494 0.00242584 0.00353395 0.00315858 0.00340831 0.00274791 0.00298782 0.0211563 0.0223063 0.0217056 
0.502027 0.475471 0.502178 0.490755 0.502322 0.496037 -0.010761 -0.00725725 -0.0243092 -0.0141633 -0.0169745 -0.00963917 0.0287768 0.0238984 0.0264851 
0.499975 0.49464 0.464967 0.483022 0.490513 0.498452 0.00404286 0.00315858 0.00353395 0.00340831 0.00395543 0.00359649 0.0228302 0.0217056 0.0223063 
1.14384e-34 0.204654 0.187101 0.195941 0.0990063 0.109023 -2.92487e-35 -3.83686e-07 -2.98952e-07 -3.57009e-07 -1.56092e-07 -2.02674e-07 0.00592282 0.00540725 0.00635907 
0.499999 0.491753 0.495766 0.499833 0.498958 0.497913 1.28037e-06 -1.78517e-06 -1.31069e-06 -1.00914e-06 -4.44756e-07 -8.7811e-07 0.0090778 0.00794145 0.00800789 
0.453631 0.468698 0.495089 0.484748 0.479636 0.461533 2.05621e-06 1.3019e-05 5.62846e-06 8.0849e-06 3.67833e-06 5.1883e-06 0.00946534 0.0109281 0.0100553 
0.499999 0.495089 0.468698 0.484748 0.492108 0.498745 1.44126e-05 5.62846e-06 1.3019e-05 8.0849e-06 1.27263e-05 9.37248e-06 0.0110306 0.0100553 0.0109281 
0.912124 0.916483 0.961012 0.94035 0.963205 0.945228 -0.143946 -0.145356 -0.105921 -0.128305 -0.134161 -0.160351 -0.112686 -0.0711709 -0.0835715 
0.499999 0.495374 0.467649 0.484638 0.491979 0.498869 1.44126e-05 3.13738e-05 1.43496e-05 2.1387e-05 1.56492e-05 2.12174e-05 0.0110306 0.0120041 0.0111034 
0.46168 0.467649 0.495374 0.484638 0.482607 0.464726 3.88231e-05 1.43496e-05 3.13738e-05 2.1387e-05 3.42694e-05 2.45376e-05 0.0124931 0.0111034 0.0120041 
0.314714 0.202115 0.35789 0.287127 0.337017 0.261741 -7.02099e-07 -1.11924e-07 -6.57882e-07 1.79204e-07 -9.60354e-07 -4.94473e-08 0.00715096 0.00837279 0.00841439 
0.30661 0.35789 0.202115 0.287127 0.257173 0.333236 1.28766e-06 -6.57882e-07 -1.11924e-07 1.79204e-07 6.22069e-07 -7.41556e-08 0.0096165 0.00841439 0.00837279 
0.538564 0.762093 0.636507 0.700976 0.599606 0.6682 -0.0811227 -0.164758 -0.133845 -0.151088 -0.106747 -0.122564 -0.0162164 -0.024608 -0.00535583 
0.414851 0.6489 0.763627 0.70536 0.600906 0.549038 -0.290956 -0.282279 -0.262562 -0.273084 -0.290117 -0.302482 -0.0590738 -0.0317045 -0.069086 
0.5 0.495526 0.469919 0.485561 0.492622 0.498936 0.00050757 0.000755638 0.000483277 0.000611814 0.000501411 0.000620987 0.016914 0.0178888 0.0170294 
0.462338 0.469919 0.495526 0.485561 0.482976 0.466221 0.00084256 0.000483277 0.000755638 0.000611814 0.00081175 0.000640002 0.0184011 0.0170294 0.0178888 
0.747091 0.636507 0.762093 0.700976 0.766431 0.709307 -0.229902 -0.133845 -0.164758 -0.151088 -0.201992 -0.181709 -0.0191566 -0.00535583 -0.024608 
0.502248 0.838505 0.600791 0.760481 0.544945 0.707439 -0.175947 -0.203094 -0.127926 -0.186731 -0.145367 -0.22536 -0.150784 -0.111487 -0.156618 
0.499975 0.499163 0.473063 0.490649 0.493898 0.499917 0.00404286 0.004766 0.00385661 0.00443162 0.00391781 0.00446597 0.0228302 0.0240202 0.0234649 
0.747091 0.763627 0.6489 0.70536 0.719007 0.765437 -0.229902 -0.262562 -0.282279 -0.273084 -0.265057 -0.254642 -0.0191566 -0.069086 -0.0317045 
0.351797 0.370047 0.19407 0.288252 0.269248 0.359742 -0.0261885 -0.0192468 -0.00273531 -0.010147 -0.0120021 -0.0230917 0.00776356 0.0132733 0.0108587 
0.456799 0.473063 0.499163 0.490649 0.485885 0.465473 0.00463933 0.00385661 0.004766 0.00443162 0.0049468 0.00428241 0.0258134 0.0234649 0.0240202 
0.777971 0.961012 0.916483 0.94035 0.872627 0.890653 -0.0848669 -0.105921 -0.145356 -0.128305 -0.115279 -0.100411 -0.0576838 -0.0835715 -0.0711709 
0.386469 0.494204 0.329367 0.423956 0.368533 0.433852 -0.143286 -0.227568 -0.230327 -0.236179 -0.188031 -0.186692 0.041349 0.0250815 0.0240437 
0.536901 0.329367 0.494204 0.423956 0.512513 0.424495 -0.275101 -0.230327 -0.227568 -0.236179 -0.254026 -0.268498 0.00520304 0.0240437 0.0250815 
0.289195 0.342826 0.196293 0.275538 0.244858 0.316993 -4.49031e-07 -8.5132e-07 -8.64503e-08 1.24663e-07 -1.34306e-07 -5.09837e-07 0.0072668 0.00831203 0.00847108 
-0.0553352 -0.0612223 -0.0416014 -0.0555458 -0.0548704 -0.0549581 0.0400332 0.00148097 -0.018608 -0.00221051 0.0130474 0.0178148 -0.0664671 -0.0477232 -0.0573062 
0.300265 0.19407 0.370047 0.288252 0.333443 0.250434 -0.00363872 -0.00273531 -0.0192468 -0.010147 -0.00983009 -0.00427313 0.0151593 0.0108587 0.0132733 
0.305106 0.196293 0.342826 0.275538 0.324472 0.253704 1.50286e-06 -8.64503e-08 -8.5132e-07 1.24663e-07 -1.20818e-07 8.29942e-07 0.00970612 0.00847108 0.00831203 
0.466276 0.497478 0.472722 0.488403 0.469585 0.486328 -1.71668e-06 -1.75603e-06 -1.28695e-06 -1.69411e-06 -1.42268e-06 -2.04354e-06 0.0066945 0.00600047 0.00528768 
0.530584 0.490075 0.523514 0.515153 0.531122 0.508825 -0.161198 -0.11057 -0.0872341 -0.100709 -0.119939 -0.135707 0.0300598 0.0365612 0.0268975 
0.50062 0.493513 0.492214 0.500394 0.498644 0.498517 0.00281472 0.00471116 0.00526135 0.00496816 0.00453583 0.00402685 0.0270093 0.0266933 0.024858 
0.499987 0.494031 0.4934 0.500001 0.498164 0.498694 0.00235007 0.00165108 0.00165188 0.00164948 0.00198882 0.0019891 0.0208442 0.0198549 0.0198372 
0.499999 0.493661 0.493722 0.499998 0.498377 0.498466 0.000196682 0.000109131 0.000110875 0.000112253 0.00014785 0.000146978 0.0149613 0.0139555 0.0139817 
0.499654 0.472722 0.497478 0.488403 0.499748 0.494626 -1.32895e-06 -1.28695e-06 -1.75603e-06 -1.69411e-06 -1.6542e-06 -1.48302e-06 0.00481118 0.00528768 0.00600047 
0.498847 0.495766 0.491753 0.499833 0.496109 0.499756 -1.65074e-06 -1.31069e-06 -1.78517e-06 -1.00914e-06 -1.66912e-06 -1.41794e-06 0.0068727 0.00800789 0.00794145 
0.499998 0.493722 0.493661 0.499998 0.498399 0.498445 6.33471e-05 0.000110875 0.000109131 0.000112253 8.39028e-05 8.46802e-05 0.0129904 0.0139817 0.0139555 
0.499993 0.4934 0.494031 0.500001 0.498545 0.498301 0.00113977 0.00165188 0.00165108 0.00164948 0.00137287 0.00137761 0.0188761 0.0198372 0.0198549 
0.500218 0.492214 0.493513 0.500394 0.499057 0.4978 0.00520948 0.00526135 0.00471116 0.00496816 0.00513657 0.00531164 0.0246764 0.024858 0.0266933 
2.57203e-34 -0.038349 -0.0256785 -0.0306033 -0.00829604 -0.0125194 3.36289e-35 0.0296633 0.0727455 0.0519462 0.0538173 0.0331823 -0.0641938 -0.0626776 -0.0738723 
-0.0553352 -0.0256785 -0.038349 -0.0306033 -0.0512342 -0.0458772 0.0400332 0.0727455 0.0296633 0.0519462 0.0416004 0.0626278 -0.0664671 -0.0738723 -0.0626776 
3.4891e-34 -0.0256785 -0.0506232 -0.0333876 -0.0188213 -0.00916704 7.93896e-35 0.0727455 0.0664076 0.0825746 0.115688 0.0703795 -0.0871734 -0.0738723 -0.0928075 
-0.0553352 -0.0506232 -0.0256785 -0.0333876 -0.0458772 -0.0559789 0.0400332 0.0664076 0.0727455 0.0825746 0.0626278 0.058446 -0.0664671 -0.0928075 -0.0738723 
