0.471945 0.845413 7.73067e-34 0.575552 0.261143 0.693757 -0.0624533 -0.0388308 2.91354e-34 -0.0451691 -0.0387526 -0.060485 -0.118868 -0.108667 -0.133061 
-0.0912476 -0.058624 0.396272 0.141473 0.108685 -0.0901736 -0.0550641 -0.132531 -0.24604 -0.176816 -0.12136 -0.0994382 -0.169349 -0.102732 -0.133192 
0.50001 0.461881 0.495282 0.495983 0.498826 0.490477 -0.00036629 -0.000180023 -0.000229935 -0.000205641 -0.000321801 -0.000312026 0.0110226 0.0126331 0.0119317 
0.500009 0.457741 0.496555 0.49471 0.499325 0.488962 0.00565304 0.00929696 0.00874773 0.009436 0.00709004 0.00744847 0.016901 0.0189686 0.0176364 
0.50102 0.43784 0.507596 0.489721 0.504131 0.481428 0.0326003 0.0360476 0.0285668 0.0323968 0.0319305 0.0345703 0.0218268 0.014997 0.0227597 
0.422413 0.382062 0.694406 0.572367 0.610074 0.400163 -0.281767 -0.225584 -0.243306 -0.249643 -0.278405 -0.258197 -0.0424422 0.0128181 -0.018378 
0.383463 0.307017 0.202655 0.257649 0.30348 0.347641 -0.000276619 -0.000180867 -0.000105545 -0.000154923 -0.00018956 -0.000223931 0.0112208 0.00974208 0.0112922 
0.552892 0.465252 0.521739 0.506118 0.536319 0.529316 -0.0228675 -0.0495702 -0.00633188 -0.0262998 -0.0150558 -0.041917 0.0191382 0.0414263 0.0268666 
0.908796 0.845413 0.471945 0.693757 0.749424 0.879999 -0.0751043 -0.0388308 -0.0624533 -0.060485 -0.0679248 -0.0578826 -0.106604 -0.108667 -0.118868 
0.416299 0.23515 0.331166 0.286505 0.376971 0.339544 0.0219704 0.00752942 0.0126064 0.0109258 0.0172088 0.0147512 0.0277179 0.0296111 0.0236568 
0.552892 0.547787 0.465252 0.504817 0.529316 0.561734 -0.0228675 -0.0923599 -0.0495702 -0.0713646 -0.041917 -0.0544715 0.0191382 0.0319255 0.0414263 
0.356916 0.314894 0.466369 0.405868 0.421133 0.336578 -8.27714e-05 -0.000111585 -0.000184606 -0.000154605 -0.000129943 -9.78733e-05 0.00553897 0.00718485 0.0067059 
0.44721 0.466369 0.314894 0.405868 0.391101 0.457323 -0.000234591 -0.000184606 -0.000111585 -0.000154605 -0.000176981 -0.000210064 0.00804101 0.0067059 0.00718485 
0.500009 0.465048 0.494967 0.496649 0.498552 0.491714 0.00565304 0.00217612 0.00321163 0.00282272 0.00433976 0.00370177 0.016901 0.0150081 0.0161575 
0.50001 0.459366 0.49518 0.495633 0.498793 0.48982 -0.00036629 -0.000347181 -0.000382578 -0.000369264 -0.000382314 -0.000369519 0.0110226 0.00966054 0.0100887 
0.500005 0.459366 0.491682 0.478571 0.497871 0.489743 -0.00034653 -0.000347181 -0.000284464 -0.000321345 -0.000321111 -0.000361246 0.00907674 0.00966054 0.00793339 
0.491682 0.459366 0.440735 0.450488 0.471992 0.478571 -0.000284464 -0.000347181 -0.000239285 -0.000283245 -0.000263631 -0.000321345 0.00793339 0.00966054 0.00819565 
0.385054 0.199225 0.307547 0.25632 0.348424 0.302973 0.00340632 0.000983771 0.000920632 0.00111877 0.00193599 0.00226105 0.0160255 0.016035 0.0147017 
0.416299 0.331166 0.478862 0.423325 0.452929 0.376971 0.0219704 0.0126064 0.0256295 0.0192259 0.0245098 0.0172088 0.0277179 0.0236568 0.0221244 
0.0530011 -0.0148247 -0.00394052 -0.0142019 0.0479682 0.016225 0.121705 0.121857 0.127611 0.139977 0.125762 0.131884 -0.124162 -0.124755 -0.148956 
0.648827 0.770219 0.573874 0.706096 0.608117 0.751476 -0.171702 -0.269118 -0.117027 -0.194392 -0.149234 -0.224043 -0.0585485 -0.0544799 -0.0402682 
0.547787 0.567158 0.385346 0.472964 0.477182 0.561446 -0.0923599 -0.189777 -0.103716 -0.147355 -0.104827 -0.137154 0.0319255 0.0219999 0.0493075 
0.694406 0.573874 0.770219 0.706096 0.732249 0.690231 -0.243306 -0.117027 -0.269118 -0.194392 -0.259928 -0.177929 -0.018378 -0.0402682 -0.0544799 
0.385054 0.307547 0.465048 0.40202 0.430733 0.348424 0.00340632 0.000920632 0.00217612 0.00158224 0.00288444 0.00193599 0.0160255 0.0147017 0.0150081 
0.383463 0.453877 0.307017 0.39307 0.347641 0.42268 -0.000276619 -0.000326182 -0.000180867 -0.000257248 -0.000223931 -0.000317536 0.0112208 0.0095315 0.00974208 
0.617885 0.567158 0.547787 0.561446 0.589762 0.614642 -0.103214 -0.189777 -0.0923599 -0.137154 -0.097839 -0.146858 0.00759083 0.0219999 0.0319255 
0.382045 0.304698 0.459366 0.396448 0.425732 0.345793 -0.000274489 -0.000186563 -0.000347181 -0.000264981 -0.000312694 -0.000228519 0.0108854 0.00957318 0.00966054 
0.383463 0.307012 0.461881 0.399387 0.428042 0.34765 -0.000276619 -0.000146713 -0.000180023 -0.000147582 -0.000254761 -0.000229984 0.0112208 0.0128541 0.0126331 
0.50102 0.478862 0.489951 0.501509 0.496435 0.500955 0.0326003 0.0256295 0.0297879 0.0279772 0.0316636 0.0295036 0.0218268 0.0221244 0.0205182 
0.380475 0.301322 0.457741 0.393923 0.424425 0.343537 0.00321518 0.00427004 0.00929696 0.00685205 0.00581623 0.00380599 0.0178896 0.0192454 0.0189686 
0.349712 0.253476 0.43784 0.355287 0.3953 0.304398 0.0247884 0.0220127 0.0360476 0.030069 0.0312365 0.0241358 0.0171754 0.0108582 0.014997 
0.380475 0.33057 0.196294 0.268389 0.299098 0.356983 0.00321518 0.000850501 0.000930265 0.0010753 0.00213343 0.00179825 0.0178896 0.0160684 0.0179176 
0.383463 0.202655 0.307012 0.257677 0.34765 0.30348 -0.000276619 -0.000105545 -0.000146713 -0.000130757 -0.000229984 -0.00018956 0.0112208 0.0112922 0.0128541 
0.380475 0.46095 0.33057 0.407287 0.356983 0.426289 0.00321518 0.00203187 0.000850501 0.00136982 0.00179825 0.00265884 0.0178896 0.0160179 0.0160684 
0.349712 0.310331 0.163723 0.241921 0.264713 0.331291 0.0247884 0.0133031 0.00832938 0.0118885 0.0169192 0.0187589 0.0171754 0.0196725 0.0158696 
0.380475 0.196294 0.301322 0.252187 0.343537 0.299098 0.00321518 0.000930265 0.00427004 0.00234618 0.00380599 0.00213343 0.0178896 0.0179176 0.0192454 
0.3439 0.248149 0.0855217 0.166977 0.206443 0.285351 0.00284578 0.0231838 0.00774709 0.0131462 0.00655333 0.0164804 -0.0306329 -0.0102983 -0.031466 
0.349712 0.163723 0.253476 0.210209 0.304398 0.264713 0.0247884 0.00832938 0.0220127 0.0147549 0.0241358 0.0169192 0.0171754 0.0158696 0.0108582 
0.443053 0.33057 0.46095 0.407287 0.452513 0.394311 0.000476034 0.000850501 0.00203187 0.00136982 0.00112135 0.000642731 0.0144138 0.0160684 0.0160179 
0.349712 0.447125 0.310331 0.38862 0.331291 0.404649 0.0247884 0.0246864 0.0133031 0.019522 0.0187589 0.0256342 0.0171754 0.0202093 0.0196725 
0.433573 0.310331 0.447125 0.38862 0.440966 0.379977 0.0150867 0.0133031 0.0246864 0.019522 0.0195388 0.0150132 0.0200562 0.0196725 0.0202093 
0.390375 0.462969 0.487435 0.476817 0.450895 0.431479 -3.28875e-05 -2.50893e-05 -5.81841e-05 -3.84394e-05 -4.50304e-05 -2.88449e-05 0.00271615 0.00144584 0.00318738 
0.500002 0.487435 0.462969 0.476817 0.490741 0.496859 -3.83665e-05 -5.81841e-05 -2.50893e-05 -3.84394e-05 -3.20981e-05 -4.75244e-05 0.00211265 0.00318738 0.00144584 
0.3439 0.469683 0.248149 0.361952 0.285351 0.412863 0.00284578 0.00736117 0.0231838 0.022434 0.0164804 0.00625712 -0.0306329 -0.00367505 -0.0102983 
0.412206 0.248149 0.469683 0.361952 0.437333 0.340182 0.0284502 0.0231838 0.00736117 0.022434 0.0196245 0.0288694 0.00602336 -0.0102983 -0.00367505 
0.416299 0.482428 0.352903 0.4332 0.387823 0.455817 0.0219704 0.0160547 0.0114532 0.0141233 0.0181155 0.0220377 0.0277179 0.0310637 0.0367985 
0.452629 0.337627 0.46585 0.413586 0.459222 0.40308 0.0150238 0.00582915 0.00962846 0.00791106 0.0122169 0.0100799 0.0195122 0.017835 0.0177372 
0.385054 0.46585 0.337627 0.413586 0.362061 0.430949 0.00340632 0.00962846 0.00582915 0.00791106 0.0045685 0.00605886 0.0160255 0.0177372 0.017835 
0.442845 0.330431 0.461338 0.40745 0.452515 0.394016 0.000500747 -0.00012089 -0.000142702 -0.000101559 0.000119568 6.47139e-05 0.0135532 0.0123406 0.0122606 
0.382045 0.461338 0.330431 0.40745 0.357387 0.427049 -0.000274489 -0.000142702 -0.00012089 -0.000101559 -0.000221329 -0.000244639 0.0108854 0.0122606 0.0123406 
0.500006 0.495282 0.461881 0.495983 0.490584 0.498783 0.000102224 -0.000229935 -0.000180023 -0.000205641 -5.94162e-05 -9.09407e-05 0.0129865 0.0119317 0.0126331 
0.3439 0.231607 0.573874 0.412067 0.448328 0.290351 0.00284578 -0.0133808 -0.117027 -0.0529014 -0.0443858 -0.0060875 -0.0306329 -0.0488013 -0.0402682 
0.499979 0.496555 0.457741 0.49471 0.488046 0.499602 0.0132051 0.00874773 0.00929696 0.009436 0.0113544 0.0108538 0.0188439 0.0176364 0.0189686 
0.44721 0.453877 0.495822 0.48048 0.478339 0.450595 -0.000234591 -0.000326182 -0.000283867 -0.000314507 -0.000268681 -0.000274885 0.00804101 0.0095315 0.00801622 
0.512331 0.507596 0.43784 0.489721 0.48478 0.509492 0.0210858 0.0285668 0.0360476 0.0323968 0.0303921 0.0254023 0.0208089 0.0227597 0.014997 
2.77588e-34 0.215467 0.295402 0.257083 0.163913 0.115262 -2.19426e-35 -1.25433e-05 -3.83539e-05 -2.36931e-05 -1.57394e-05 -8.29763e-06 0.00443797 0.00293851 0.00425405 
0.500005 0.495822 0.453877 0.48048 0.488585 0.498992 -0.00034653 -0.000283867 -0.000326182 -0.000314507 -0.000346474 -0.000318248 0.00907674 0.00801622 0.0095315 
9.19793e-35 2.68172e-34 0.214872 0.114944 0.114938 -9.18816e-35 1.44125e-35 2.16428e-35 -1.19736e-05 -7.67179e-06 -2.51561e-06 3.60874e-35 0.00294078 0.00441999 0.00283012 
0.214872 2.68172e-34 0.293912 0.162995 0.255988 0.114944 -1.19736e-05 2.16428e-35 -3.69992e-05 -1.49126e-05 -2.2902e-05 -7.67179e-06 0.00283012 0.00441999 0.00417247 
0.452629 0.497272 0.478862 0.490054 0.46651 0.481669 0.0150238 0.018295 0.0256295 0.0220728 0.0198372 0.016965 0.0195122 0.0195359 0.0221244 
0.382045 0.197121 0.304698 0.253843 0.345793 0.300259 -0.000274489 -0.000114349 -0.000186563 -0.000158279 -0.000228519 -0.000184843 0.0108854 0.0108386 0.00957318 
0.499855 0.478862 0.497272 0.490054 0.500676 0.497637 0.0243343 0.0256295 0.018295 0.0220728 0.0214015 0.02553 0.0205934 0.0221244 0.0195359 
0.500016 0.494967 0.465048 0.496649 0.491444 0.4987 0.00166938 0.00321163 0.00217612 0.00282272 0.00192551 0.00236711 0.0149607 0.0161575 0.0150081 
0.500005 0.49518 0.459366 0.495633 0.489743 0.498837 -0.00034653 -0.000382578 -0.000347181 -0.000369264 -0.000361246 -0.000367227 0.00907674 0.0100887 0.00966054 
-0.00394052 -0.0148247 -0.112725 -0.0558867 -0.0772285 -0.0142019 0.127611 0.121857 0.107401 0.125329 0.129392 0.139977 -0.148956 -0.124755 -0.136868 
8.28848e-34 0.842462 0.839158 0.841027 0.507534 0.5086 -2.31457e-34 -0.00396159 -0.00772696 -0.00551603 -0.00286398 -0.00204684 -0.0462272 -0.0417703 -0.0542751 
0.3439 0.0855217 0.231607 0.144007 0.290351 0.206443 0.00284578 0.00774709 -0.0133808 6.83213e-05 -0.0060875 0.00655333 -0.0306329 -0.031466 -0.0488013 
0.307017 0.153327 0.202655 0.178465 0.257649 0.235774 -0.000180867 -5.74883e-05 -0.000105545 -7.27359e-05 -0.000154923 -0.000125279 0.00974208 0.00978161 0.0112922 
0.382045 0.330431 0.197121 0.268536 0.300259 0.357387 -0.000274489 -0.00012089 -0.000114349 -0.000132732 -0.000184843 -0.000221329 0.0108854 0.0123406 0.0108386 
0.500009 0.465774 0.457741 0.462053 0.488962 0.490921 0.00565304 0.00481624 0.00929696 0.00679841 0.00744847 0.00529651 0.016901 0.0174748 0.0189686 
0.50102 0.448008 0.43784 0.442065 0.481428 0.482498 0.0326003 0.0317588 0.0360476 0.033847 0.0345703 0.0335849 0.0218268 0.0190154 0.014997 
0.50001 0.468995 0.461881 0.465554 0.490477 0.492274 -0.00036629 -0.000331879 -0.000180023 -0.000268076 -0.000312026 -0.000377496 0.0110226 0.0110325 0.0126331 
0.385054 0.337627 0.199225 0.272743 0.302973 0.362061 0.00340632 0.00582915 0.000983771 0.00288024 0.00226105 0.0045685 0.0160255 0.017835 0.016035 
2.03698e-34 0.272708 0.215467 0.244891 0.115282 0.14962 -7.32866e-36 -1.19526e-05 -1.25433e-05 -1.27991e-05 -2.32872e-06 -4.42008e-06 0.00148246 0.00174671 0.00293851 
0.499855 0.489951 0.478862 0.501509 0.497637 0.496313 0.0243343 0.0297879 0.0256295 0.0279772 0.02553 0.0271186 0.0205934 0.0205182 0.0221244 
0.44721 0.358157 0.453877 0.412563 0.450595 0.408077 -0.000234591 -0.00019037 -0.000326182 -0.000258254 -0.000274885 -0.000220275 0.00804101 0.0084799 0.0095315 
0.307017 0.453877 0.358157 0.412563 0.333568 0.39307 -0.000180867 -0.000326182 -0.00019037 -0.000258254 -0.000191804 -0.000257248 0.00974208 0.0095315 0.0084799 
0.390375 0.443038 0.295402 0.380632 0.346563 0.418846 -3.28875e-05 -8.01596e-05 -3.83539e-05 -5.99479e-05 -3.67082e-05 -5.2419e-05 0.00271615 0.00446616 0.00425405 
0.416299 0.352903 0.23515 0.299123 0.339544 0.387823 0.0219704 0.0114532 0.00752942 0.0105681 0.0147512 0.0181155 0.0277179 0.0367985 0.0296111 
0.422413 0.694406 0.675615 0.698088 0.559511 0.610074 -0.281767 -0.243306 -0.306067 -0.284834 -0.299612 -0.278405 -0.0424422 -0.018378 -0.0628984 
2.77588e-34 9.3084e-35 0.215467 0.11527 0.115262 -9.35295e-35 -2.19426e-35 -1.46439e-35 -1.25433e-05 -2.70372e-06 -8.29763e-06 -3.65515e-35 0.00443797 0.00296473 0.00293851 
-0.00394052 -0.224407 0.0342385 -0.12262 0.0306326 -0.103261 0.127611 0.0580413 0.0633548 0.0971638 0.111274 0.114868 -0.148956 -0.149411 -0.181568 
0.331166 0.23515 0.169247 0.202431 0.257409 0.286505 0.0126064 0.00752942 0.00340804 0.00496622 0.00804077 0.0109258 0.0236568 0.0296111 0.0241247 
0.476489 0.521739 0.465252 0.506118 0.472549 0.505506 -0.0142191 -0.00633188 -0.0495702 -0.0262998 -0.0314639 -0.0110787 0.036042 0.0268666 0.0414263 
0.355444 0.295402 0.443038 0.380632 0.404251 0.326729 -9.01463e-05 -3.83539e-05 -8.01596e-05 -5.99479e-05 -8.73103e-05 -6.05853e-05 0.00578778 0.00425405 0.00446616 
0.329486 0.309497 0.0342385 0.188672 0.173599 0.328912 -0.087997 0.0196781 0.0633548 0.0505064 -0.00166735 -0.0262227 -0.1939 -0.157943 -0.181568 
0.442845 0.493559 0.465048 0.482098 0.454502 0.474485 0.000500747 0.000588567 0.00217612 0.0012452 0.00120442 0.00052098 0.0135532 0.0138192 0.0150081 
0.452629 0.478862 0.375467 0.437365 0.418737 0.46651 0.0150238 0.0256295 0.0119477 0.018348 0.0138555 0.0198372 0.0195122 0.0221244 0.0204207 
0.500016 0.465048 0.493559 0.482098 0.498445 0.491444 0.00166938 0.00217612 0.000588567 0.0012452 0.00104294 0.00192551 0.0149607 0.0150081 0.0138192 
0.304698 0.342568 0.459366 0.410487 0.396448 0.324146 -0.000186563 -0.000180046 -0.000347181 -0.000257286 -0.000264981 -0.000189185 0.00957318 0.00824834 0.00966054 
-0.058624 0.108693 0.396272 0.228241 0.141473 0.0135931 -0.132531 -0.199878 -0.24604 -0.228539 -0.176816 -0.16935 -0.102732 -0.0379882 -0.133192 
0.995715 0.990634 0.741571 0.911253 0.916027 0.994707 -0.0323909 -0.0513307 -0.0325576 -0.0458073 -0.0388086 -0.0436112 -0.0787435 -0.0862585 -0.0728912 
0.307012 0.360233 0.461881 0.41906 0.399387 0.334734 -0.000146713 0.000127341 -0.000180023 1.67776e-05 -0.000147582 -5.47539e-05 0.0128541 0.0141947 0.0126331 
0.440735 0.459366 0.342568 0.410487 0.397534 0.450488 -0.000239285 -0.000347181 -0.000180046 -0.000257286 -0.000214263 -0.000283245 0.00819565 0.00966054 0.00824834 
0.331166 0.375467 0.478862 0.437365 0.423325 0.354049 0.0126064 0.0119477 0.0256295 0.018348 0.0192259 0.0126124 0.0236568 0.0204207 0.0221244 
0.301322 0.349939 0.457741 0.412145 0.393923 0.326934 0.00427004 0.00925083 0.00929696 0.00971289 0.00685205 0.0064733 0.0192454 0.0198985 0.0189686 
0.253476 0.299042 0.43784 0.376771 0.355287 0.275268 0.0220127 0.0287899 0.0360476 0.0316822 0.030069 0.0260089 0.0108582 0.00439023 0.014997 
0.404439 0.380048 0.273408 0.330932 0.345884 0.392588 -3.50601e-05 -1.49391e-05 -1.17716e-05 -1.38998e-05 -2.18118e-05 -2.30592e-05 0.00273388 0.0010305 0.0017371 
0.443053 0.461881 0.360233 0.41906 0.406225 0.452968 0.000476034 -0.000180023 0.000127341 1.67776e-05 0.000276612 5.25887e-05 0.0144138 0.0126331 0.0141947 
0.433573 0.457741 0.349939 0.412145 0.396014 0.446746 0.0150867 0.00929696 0.00925083 0.00971289 0.0122873 0.0120335 0.0200562 0.0189686 0.0198985 
0.412206 0.43784 0.299042 0.376771 0.357912 0.425523 0.0284502 0.0360476 0.0287899 0.0316822 0.0306881 0.0339104 0.00602336 0.014997 0.00439023 
0.307547 0.199225 0.149099 0.174361 0.234193 0.25632 0.000920632 0.000983771 0.000230233 0.000492858 0.000578587 0.00111877 0.0147017 0.016035 0.0146621 
0.390375 0.272708 0.380097 0.330659 0.385296 0.336847 -3.28875e-05 -1.19526e-05 -1.5018e-05 -1.39563e-05 -2.22871e-05 -2.10663e-05 0.00271615 0.00174671 0.00103298 
0.694406 0.382062 0.567158 0.491713 0.634342 0.572367 -0.243306 -0.225584 -0.189777 -0.213752 -0.217756 -0.249643 -0.018378 0.0128181 0.0219999 
0.685056 0.309497 0.329486 0.328912 0.499323 0.501365 -0.180191 0.0196781 -0.087997 -0.0262227 -0.135905 -0.0755981 -0.167435 -0.157943 -0.1939 
-1.67937e-34 -2.49862e-34 -0.224407 -0.224172 -0.162945 3.10374e-34 7.06296e-34 7.13733e-34 0.0580413 0.0350439 0.0482705 1.30781e-33 -0.13389 -0.136495 -0.149411 
0.404439 0.466841 0.380048 0.430188 0.392588 0.439674 -3.50601e-05 -2.44972e-05 -1.49391e-05 -1.96028e-05 -2.30592e-05 -2.94085e-05 0.00273388 0.00136126 0.0010305 
0.390375 0.380097 0.462969 0.42745 0.431479 0.385296 -3.28875e-05 -1.5018e-05 -2.50893e-05 -1.99178e-05 -2.88449e-05 -2.22871e-05 0.00271615 0.00103298 0.00144584 
0.442845 0.465048 0.360951 0.421468 0.40637 0.454502 0.000500747 0.00217612 0.000368604 0.00112137 0.000425488 0.00120442 0.0135532 0.0150081 0.0136917 
0.500009 0.471244 0.465048 0.468086 0.491714 0.493321 0.00565304 0.0053014 0.00217612 0.00344494 0.00370177 0.00559283 0.016901 0.0164363 0.0150081 
0.307547 0.360951 0.465048 0.421468 0.40202 0.335276 0.000920632 0.000368604 0.00217612 0.00112137 0.00158224 0.000610302 0.0147017 0.0136917 0.0150081 
-0.0912476 0.0342385 -0.224407 -0.12262 -0.164185 -0.0300927 -0.0550641 0.0633548 0.0580413 0.0971638 0.0564846 0.0268604 -0.169349 -0.181568 -0.149411 
0.422413 0.396272 0.108693 0.228241 0.260454 0.398989 -0.281767 -0.24604 -0.199878 -0.228539 -0.248996 -0.276652 -0.0424422 -0.133192 -0.0379882 
9.3084e-35 2.03698e-34 0.215467 0.115282 0.11527 -9.35189e-35 -1.46439e-35 -7.32866e-36 -1.25433e-05 -2.32872e-06 -2.70372e-06 -2.19592e-35 0.00296473 0.00148246 0.00293851 
0.50001 0.467351 0.459366 0.463468 0.48982 0.491829 -0.00036629 -0.000343116 -0.000347181 -0.00037602 -0.000369519 -0.000341933 0.0110226 0.0109863 0.00966054 
0.231607 0.389627 0.573874 0.492772 0.412067 0.300169 -0.0133808 -0.0728799 -0.117027 -0.0955048 -0.0529014 -0.039644 -0.0488013 -0.0582984 -0.0402682 
5.67758e-34 8.28848e-34 0.839158 0.507534 0.502118 -6.12744e-34 -2.801e-34 -2.31457e-34 -0.00772696 -0.00286398 -0.00370267 -5.0068e-34 -0.0561553 -0.0462272 -0.0542751 
0.648827 0.573874 0.389627 0.492772 0.526541 0.608117 -0.171702 -0.117027 -0.0728799 -0.0955048 -0.120328 -0.149234 -0.0585485 -0.0402682 -0.0582984 
0.352903 0.482428 0.396858 0.448318 0.378692 0.4332 0.0114532 0.0160547 -0.002518 0.00538823 0.00659599 0.0141233 0.0367985 0.0310637 0.0421001 
-0.0912476 -0.234477 -0.058624 -0.178672 -0.0901736 -0.211169 -0.0550641 -0.0205572 -0.132531 -0.0652563 -0.0994382 -0.0310189 -0.169349 -0.0997021 -0.102732 
0.248149 0.0577214 0.0855217 0.067808 0.166977 0.150622 0.0231838 0.00715237 0.00774709 0.00766617 0.0131462 0.0169392 -0.0102983 -0.0144954 -0.031466 
0.310331 0.128775 0.163723 0.147256 0.241921 0.226254 0.0133031 0.00333331 0.00832938 0.00499255 0.0118885 0.00868234 0.0196725 0.0186968 0.0158696 
0.33057 0.146463 0.196294 0.172103 0.268389 0.246905 0.000850501 0.000176603 0.000930265 0.000423787 0.0010753 0.000516755 0.0160684 0.0163317 0.0179176 
0.253476 0.163723 0.0988239 0.131502 0.178204 0.210209 0.0220127 0.00832938 0.00617939 0.00733535 0.014264 0.0147549 0.0108582 0.0158696 0.00956928 
0.301322 0.196294 0.142508 0.170123 0.227604 0.252187 0.00427004 0.000930265 0.00116656 0.00114985 0.00281935 0.00234618 0.0192454 0.0179176 0.0191371 
0.307012 0.202655 0.146829 0.17536 0.232962 0.257677 -0.000146713 -0.000105545 -4.24304e-05 -6.98399e-05 -8.73049e-05 -0.000130757 0.0128541 0.0112922 0.0129478 
0.698784 0.995715 0.741571 0.916027 0.722159 0.90599 -0.0166391 -0.0323909 -0.0325576 -0.0388086 -0.0230843 -0.0271007 -0.0671237 -0.0787435 -0.0728912 
0.412206 0.469683 0.507084 0.493909 0.466245 0.437333 0.0284502 0.00736117 0.0163204 0.0133377 0.02505 0.0196245 0.00602336 -0.00367505 0.0148748 
0.433573 0.447125 0.490213 0.473129 0.467887 0.440966 0.0150867 0.0246864 0.0183429 0.0216572 0.016878 0.0195388 0.0200562 0.0202093 0.0198989 
0.552892 0.507084 0.469683 0.493909 0.533438 0.53212 -0.0228675 0.0163204 0.00736117 0.0133377 -0.00660773 0.000264623 0.0191382 0.0148748 -0.00367505 
0.443053 0.46095 0.493811 0.480954 0.474856 0.452513 0.000476034 0.00203187 0.00061526 0.0012044 0.000532939 0.00112135 0.0144138 0.0160179 0.0141276 
0.499855 0.490213 0.447125 0.473129 0.483509 0.496173 0.0243343 0.0183429 0.0246864 0.0216572 0.0251933 0.021427 0.0205934 0.0198989 0.0202093 
0.500016 0.493811 0.46095 0.480954 0.490056 0.498396 0.00166938 0.00061526 0.00203187 0.0012044 0.00187734 0.00106118 0.0149607 0.0141276 0.0160179 
0.412206 0.507084 0.43784 0.470915 0.425523 0.466245 0.0284502 0.0163204 0.0360476 0.0311916 0.0339104 0.02505 0.00602336 0.0148748 0.014997 
0.433573 0.490213 0.457741 0.476884 0.446746 0.467887 0.0150867 0.0183429 0.00929696 0.0133144 0.0120335 0.016878 0.0200562 0.0198989 0.0189686 
0.443053 0.493811 0.461881 0.481293 0.452968 0.474856 0.000476034 0.00061526 -0.000180023 7.61233e-05 5.25887e-05 0.000532939 0.0144138 0.0141276 0.0126331 
0.512331 0.43784 0.507084 0.470915 0.510823 0.48478 0.0210858 0.0360476 0.0163204 0.0311916 0.0182321 0.0303921 0.0208089 0.014997 0.0148748 
0.499979 0.457741 0.490213 0.476884 0.497001 0.488046 0.0132051 0.00929696 0.0183429 0.0133144 0.015685 0.0113544 0.0188439 0.0189686 0.0198989 
0.500006 0.461881 0.493811 0.481293 0.498518 0.490584 0.000102224 -0.000180023 0.00061526 7.61233e-05 0.000326547 -5.94162e-05 0.0129865 0.0126331 0.0141276 
-0.0766139 -0.112725 -0.0148247 -0.0558867 -0.0463327 -0.0947177 0.0882231 0.107401 0.121857 0.125329 0.107083 0.103588 -0.126781 -0.136868 -0.124755 
2.03433e-34 0.214872 0.273408 0.244979 0.150057 0.114926 7.20012e-36 -1.19736e-05 -1.17716e-05 -1.23054e-05 -4.39507e-06 -2.49577e-06 0.00147035 0.00283012 0.0017371 
5.32095e-34 7.53548e-34 0.840639 0.531948 0.520492 -5.17768e-34 3.7164e-34 4.55007e-34 -0.0216464 -0.0115564 -0.0076571 8.63921e-34 -0.0798027 -0.101462 -0.0882774 
0.50102 0.491143 0.478862 0.485047 0.500955 0.50363 0.0326003 0.0290463 0.0256295 0.0288816 0.0295036 0.0307526 0.0218268 0.0248834 0.0221244 
0.636284 0.798544 0.37902 0.620414 0.507913 0.73859 -0.145847 -0.234685 -0.0790454 -0.158837 -0.113065 -0.195615 -0.0642894 -0.0703162 -0.0610757 
0.648827 0.37902 0.798544 0.620414 0.728074 0.533824 -0.171702 -0.0790454 -0.234685 -0.158837 -0.205587 -0.12993 -0.0585485 -0.0610757 -0.0703162 
0.990429 0.839158 0.842462 0.841027 0.977282 0.976584 -0.00723073 -0.00772696 -0.00396159 -0.00551603 -0.00676475 -0.00957051 -0.0519716 -0.0542751 -0.0417703 
0.286706 0.385346 0.567158 0.472964 0.438323 0.345022 -0.155122 -0.103716 -0.189777 -0.147355 -0.178942 -0.129945 0.0418296 0.0493075 0.0219999 
0.443053 0.360233 0.33057 0.345866 0.394311 0.406225 0.000476034 0.000127341 0.000850501 0.000428099 0.000642731 0.000276612 0.0144138 0.0141947 0.0160684 
0.433573 0.349939 0.310331 0.331164 0.379977 0.396014 0.0150867 0.00925083 0.0133031 0.011165 0.0150132 0.0122873 0.0200562 0.0198985 0.0196725 
0.412206 0.299042 0.248149 0.273382 0.340182 0.357912 0.0284502 0.0287899 0.0231838 0.0267624 0.0288694 0.0306881 0.00602336 0.00439023 -0.0102983 
0.476489 0.396858 0.482428 0.448318 0.480271 0.440134 -0.0142191 -0.002518 0.0160547 0.00538823 0.00448916 -0.00915176 0.036042 0.0421001 0.0310637 
0.304698 0.197121 0.143931 0.171064 0.230287 0.253843 -0.000186563 -0.000114349 -5.2103e-05 -7.11237e-05 -0.000121497 -0.000158279 0.00957318 0.0108386 0.00947363 
0.44721 0.314894 0.358157 0.337244 0.408077 0.391101 -0.000234591 -0.000111585 -0.00019037 -0.000152327 -0.000220275 -0.000176981 0.00804101 0.00718485 0.0084799 
0.499654 0.443038 0.487435 0.469242 0.495727 0.483443 -0.000111875 -8.01596e-05 -5.81841e-05 -6.91243e-05 -8.12329e-05 -9.81818e-05 0.00481133 0.00446616 0.00318738 
0.499654 0.487435 0.488281 0.499999 0.497996 0.495727 -0.000111875 -5.81841e-05 -6.77601e-05 -6.39211e-05 -8.80507e-05 -8.12329e-05 0.00481133 0.00318738 0.00356769 
0.231607 0.0855217 0.0374351 0.0563183 0.124428 0.144007 -0.0133808 0.00774709 -0.00293113 0.000400985 -0.00947823 6.83213e-05 -0.0488013 -0.031466 -0.0474345 
0.330431 0.146442 0.197121 0.172252 0.268536 0.24675 -0.00012089 -4.90234e-05 -0.000114349 -7.91784e-05 -0.000132732 -8.40429e-05 0.0123406 0.0121456 0.0108386 
0.908796 0.984196 0.845413 0.969537 0.879999 0.978065 -0.0751043 -0.0686415 -0.0388308 -0.0672296 -0.0578826 -0.0802952 -0.106604 -0.0888839 -0.108667 
8.28848e-34 6.57351e-34 0.842462 0.51115 0.5086 -6.1316e-34 -2.31457e-34 -1.77073e-34 -0.00396159 -0.00145106 -0.00204684 -4.01395e-34 -0.0462272 -0.0357323 -0.0417703 
-3.97443e-35 0.0767361 0.0816013 0.0747497 -0.0467822 -0.0190356 -1.78548e-34 -0.0571944 -0.150961 -0.101103 -0.054535 -0.0257973 0.0163177 0.0408126 0.00945869 
0.356916 0.192832 0.314894 0.257705 0.336578 0.28262 -8.27714e-05 -3.79101e-05 -0.000111585 -6.71413e-05 -9.78733e-05 -6.14406e-05 0.00553897 0.00626068 0.00718485 
0.734305 0.685056 0.915 0.84673 0.87429 0.708569 -0.137352 -0.180191 -0.244224 -0.24574 -0.21624 -0.157673 -0.15036 -0.167435 -0.115223 
0.442845 0.360951 0.330431 0.345972 0.394016 0.40637 0.000500747 0.000368604 -0.00012089 5.31952e-05 6.47139e-05 0.000425488 0.0135532 0.0136917 0.0123406 
0.952474 0.734305 0.915 0.87429 0.935608 0.888952 -0.18762 -0.137352 -0.244224 -0.21624 -0.217024 -0.176041 -0.113989 -0.15036 -0.115223 
0.552892 0.571337 0.547787 0.581736 0.561734 0.563499 -0.0228675 -0.0393753 -0.0923599 -0.0664639 -0.0544715 -0.0297511 0.0191382 0.00648322 0.0319255 
0.617885 0.547787 0.571337 0.581736 0.596983 0.589762 -0.103214 -0.0923599 -0.0393753 -0.0664639 -0.0687075 -0.097839 0.00759083 0.0319255 0.00648322 
-0.00394052 -0.112725 -0.224407 -0.161634 -0.103261 -0.0772285 0.127611 0.107401 0.0580413 0.0811619 0.114868 0.129392 -0.148956 -0.136868 -0.149411 
6.05211e-34 4.46617e-34 0.698784 0.393684 0.382583 -3.15449e-34 -3.55655e-34 -3.21903e-34 -0.0166391 -0.00465211 -0.00630582 -6.53904e-34 -0.0691689 -0.064436 -0.0671237 
0.337627 0.15024 0.199225 0.174991 0.272743 0.252773 0.00582915 0.00122523 0.000983771 0.00120203 0.00288024 0.00345211 0.017835 0.0178285 0.016035 
0.452629 0.375467 0.337627 0.356444 0.40308 0.418737 0.0150238 0.0119477 0.00582915 0.00865021 0.0100799 0.0138555 0.0195122 0.0204207 0.017835 
0.500006 0.493559 0.461338 0.48081 0.490231 0.498342 0.000102224 0.000588567 -0.000142702 9.37395e-05 -5.25287e-05 0.000319935 0.0129865 0.0138192 0.0122606 
0.442845 0.461338 0.493559 0.48081 0.474485 0.452515 0.000500747 -0.000142702 0.000588567 9.37395e-05 0.00052098 0.000119568 0.0135532 0.0122606 0.0138192 
0.352903 0.182704 0.23515 0.21067 0.299123 0.277883 0.0114532 0.00318576 0.00752942 0.00553594 0.0105681 0.00765521 0.0367985 0.0373121 0.0296111 
0.355444 0.289007 0.186972 0.2405 0.279238 0.323793 -9.01463e-05 -9.53627e-05 -3.7563e-05 -6.1396e-05 -6.54597e-05 -9.71716e-05 0.00578778 0.00722916 0.00633424 
0.974334 0.618732 0.9756 0.860011 0.977357 0.879835 -0.11991 -0.0611185 -0.0922972 -0.0882508 -0.105508 -0.10204 -0.0985934 -0.0689434 -0.0918226 
0.498836 0.491682 0.434041 0.469719 0.478829 0.496076 -0.000210207 -0.000284464 -0.000186347 -0.000232788 -0.000208382 -0.000245108 0.00686946 0.00793339 0.00708285 
0.404439 0.273408 0.214872 0.244979 0.322294 0.345884 -3.50601e-05 -1.17716e-05 -1.19736e-05 -1.23054e-05 -2.39923e-05 -2.18118e-05 0.00273388 0.0017371 0.00283012 
0.489799 0.408168 0.466841 0.441161 0.479964 0.459188 -1.56773e-05 -1.0863e-05 -2.44972e-05 -1.63884e-05 -1.91684e-05 -1.42308e-05 -9.19425e-08 -2.42676e-07 0.00136126 
0.408165 0.489798 0.462969 0.478473 0.438627 0.459186 -1.09732e-05 -1.56478e-05 -2.50893e-05 -1.93977e-05 -1.66431e-05 -1.42701e-05 2.29465e-07 7.26878e-08 0.00144584 
0.499979 0.497272 0.46585 0.485408 0.492834 0.499833 0.0132051 0.018295 0.00962846 0.0136191 0.011624 0.0156329 0.0188439 0.0195359 0.0177372 
0.452629 0.46585 0.497272 0.485408 0.481669 0.459222 0.0150238 0.00962846 0.018295 0.0136191 0.016965 0.0122169 0.0195122 0.0177372 0.0195359 
0.499654 0.488281 0.472774 0.481331 0.49465 0.497996 -0.000111875 -6.77601e-05 -0.000118942 -9.0285e-05 -0.000117813 -8.80507e-05 0.00481133 0.00356769 0.00528914 
2.03433e-34 9.19793e-35 0.214872 0.114938 0.114926 -9.18919e-35 7.20012e-36 1.44125e-35 -1.19736e-05 -2.51561e-06 -2.49577e-06 2.16248e-35 0.00147035 0.00294078 0.00283012 
6.05211e-34 0.698784 0.741571 0.722159 0.420439 0.382583 -3.55655e-34 -0.0166391 -0.0325576 -0.0230843 -0.0104421 -0.00630582 -0.0691689 -0.0671237 -0.0728912 
-0.0912476 -0.224407 -0.271202 -0.237851 -0.212813 -0.164185 -0.0550641 0.0580413 0.0267041 0.0492332 0.0235774 0.0564846 -0.169349 -0.149411 -0.133179 
-2.49862e-34 -0.271202 -0.224407 -0.237851 -0.224172 -0.213359 7.13733e-34 0.0267041 0.0580413 0.0492332 0.0350439 0.0170525 -0.136495 -0.133179 -0.149411 
0.390375 0.295402 0.215467 0.257083 0.313154 0.346563 -3.28875e-05 -3.83539e-05 -1.25433e-05 -2.36931e-05 -2.33772e-05 -3.67082e-05 0.00271615 0.00425405 0.00293851 
0.498836 0.434041 0.477816 0.458838 0.491617 0.478829 -0.000210207 -0.000186347 -0.000151923 -0.000169854 -0.000182266 -0.000208382 0.00686946 0.00708285 0.00592533 
0.995715 0.845413 0.990634 0.972508 0.994707 0.975582 -0.0323909 -0.0388308 -0.0513307 -0.0573556 -0.0436112 -0.0463338 -0.0787435 -0.108667 -0.0862585 
0.390375 0.215467 0.272708 0.244891 0.336847 0.313154 -3.28875e-05 -1.25433e-05 -1.19526e-05 -1.27991e-05 -2.10663e-05 -2.33772e-05 0.00271615 0.00293851 0.00174671 
0.512331 0.521739 0.482428 0.504236 0.509151 0.520297 0.0210858 -0.00633188 0.0160547 0.00589693 0.0174158 0.0093445 0.0208089 0.0268666 0.0310637 
0.476489 0.482428 0.521739 0.504236 0.505506 0.480271 -0.0142191 0.0160547 -0.00633188 0.00589693 -0.0110787 0.00448916 0.036042 0.0310637 0.0268666 
0.404439 0.214872 0.293912 0.255988 0.35442 0.322294 -3.50601e-05 -1.19736e-05 -3.69992e-05 -2.2902e-05 -3.70901e-05 -2.39923e-05 0.00273388 0.00283012 0.00417247 
0.488281 0.42761 0.472774 0.452895 0.481331 0.46441 -6.77601e-05 -6.95553e-05 -0.000118942 -9.2277e-05 -9.0285e-05 -6.95596e-05 0.00356769 0.00425898 0.00528914 
2.60893e-34 0.202391 0.314894 0.261974 0.176683 0.107757 3.62486e-35 -7.47701e-05 -0.000111585 -9.25074e-05 -4.61174e-05 -3.03712e-05 0.00740996 0.00845188 0.00718485 
2.03433e-34 0.273408 0.180935 0.229144 0.095528 0.150057 7.20012e-36 -1.17716e-05 -4.30787e-06 -7.33992e-06 -2.71844e-06 -4.39507e-06 0.00147035 0.0017371 0.000914291 
2.60893e-34 0.314894 0.192832 0.257705 0.102299 0.176683 3.62486e-35 -0.000111585 -3.79101e-05 -6.71413e-05 -2.46756e-05 -4.61174e-05 0.00740996 0.00718485 0.00626068 
-1.67937e-34 -0.224407 -0.110682 -0.168614 -0.0700532 -0.162945 7.06296e-34 0.0580413 0.0540215 0.0632822 0.0269726 0.0482705 -0.13389 -0.149411 -0.129105 
2.77588e-34 0.295402 0.204566 0.252062 0.108967 0.163913 -2.19426e-35 -3.83539e-05 -2.87061e-05 -3.66148e-05 -7.84942e-06 -1.57394e-05 0.00443797 0.00425405 0.00539558 
0.974334 0.925287 0.618732 0.810161 0.879835 0.958162 -0.11991 -0.137511 -0.0611185 -0.104842 -0.10204 -0.130504 -0.0985934 -0.0872402 -0.0689434 
0.404439 0.293912 0.42761 0.369309 0.416424 0.35442 -3.50601e-05 -3.69992e-05 -6.95553e-05 -5.34537e-05 -5.00732e-05 -3.70901e-05 0.00273388 0.00417247 0.00425898 
5.32095e-34 0.840639 0.711557 0.781076 0.415842 0.520492 3.7164e-34 -0.0216464 -0.0102717 -0.0142275 -0.00380358 -0.0076571 -0.0798027 -0.0882774 -0.0765394 
0.75 1 0.937065 0.984179 0.859129 0.9375 -5.27501e-37 -8.06139e-37 -0.00123826 -0.00106895 -0.000803929 -1.56325e-36 -0.0129132 -0.0140304 -0.0234459 
2.32935e-34 0.214283 0.37902 0.300904 0.123361 0.0668005 -3.35308e-34 -0.0364647 -0.0790454 -0.0586585 -0.0236453 -0.0117304 -0.0594502 -0.0604448 -0.0610757 
0.840639 0.845413 0.995715 0.975582 0.972924 0.843597 -0.0216464 -0.0388308 -0.0323909 -0.0463338 -0.0329438 -0.0285104 -0.0882774 -0.108667 -0.0787435 
0.356916 0.42761 0.293912 0.369309 0.326842 0.395243 -8.27714e-05 -6.95553e-05 -3.69992e-05 -5.34537e-05 -5.7178e-05 -7.70089e-05 0.00553897 0.00425898 0.00417247 
0.286706 0.0816013 0.0767361 0.0747497 0.170651 0.188799 -0.155122 -0.150961 -0.0571944 -0.101103 -0.116827 -0.161496 0.0418296 0.00945869 0.0408126 
2.03698e-34 0.169605 0.272708 0.223561 0.14962 0.089178 -7.32866e-36 -4.03227e-06 -1.19526e-05 -7.22576e-06 -4.42008e-06 -2.52297e-06 0.00148246 0.000955228 0.00174671 
6.57351e-34 0.705482 0.842462 0.779435 0.51115 0.404076 -1.77073e-34 -0.0014939 -0.00396159 -0.00245976 -0.00145106 -0.000615836 -0.0357323 -0.0296856 -0.0417703 
2.95165e-34 3.38698e-34 0.618732 0.324006 0.288165 -3.41584e-34 -3.46356e-34 -3.73557e-34 -0.0611185 -0.0144543 -0.0171222 -6.69631e-34 -0.0664709 -0.0723069 -0.0689434 
0.286706 0.382062 0.0816013 0.220161 0.188799 0.330909 -0.155122 -0.225584 -0.150961 -0.197029 -0.161496 -0.190693 0.0418296 0.0128181 0.00945869 
0.990634 0.845413 0.984196 0.969537 0.987144 0.972508 -0.0513307 -0.0388308 -0.0686415 -0.0672296 -0.0606145 -0.0573556 -0.0862585 -0.108667 -0.0888839 
-3.97443e-35 0.0816013 -0.114876 -0.0299134 -0.119076 -0.0467822 -1.78548e-34 -0.150961 -0.0844009 -0.124983 -0.031979 -0.054535 0.0163177 0.00945869 -0.0374551 
0.821313 0.741571 0.984196 0.906134 0.927869 0.786873 -0.0614378 -0.0325576 -0.0686415 -0.0539691 -0.0683586 -0.0467692 -0.0774702 -0.0728912 -0.0888839 
0.44721 0.495822 0.466369 0.48462 0.457323 0.478339 -0.000234591 -0.000283867 -0.000184606 -0.00023656 -0.000210064 -0.000268681 0.00804101 0.00801622 0.0067059 
0.498836 0.466369 0.495822 0.48462 0.499772 0.494438 -0.000210207 -0.000184606 -0.000283867 -0.00023656 -0.000242726 -0.000205108 0.00686946 0.0067059 0.00801622 
0.636284 0.37902 0.214283 0.300904 0.425054 0.507913 -0.145847 -0.0790454 -0.0364647 -0.0586585 -0.0835887 -0.113065 -0.0642894 -0.0610757 -0.0604448 
0.648827 0.389627 0.37902 0.387151 0.533824 0.526541 -0.171702 -0.0728799 -0.0790454 -0.0794251 -0.12993 -0.120328 -0.0585485 -0.0582984 -0.0610757 
0.821313 0.9756 0.618732 0.860011 0.72523 0.924024 -0.0614378 -0.0922972 -0.0611185 -0.0882508 -0.0635607 -0.0798856 -0.0774702 -0.0918226 -0.0689434 
4.55911e-34 4.89411e-34 0.776746 0.460829 0.458488 -4.07011e-34 1.82463e-34 2.41194e-34 -0.00336786 -0.00133247 -0.00104329 4.2684e-34 -0.0385465 -0.0510441 -0.0441437 
2.32935e-34 0.37902 0.106659 0.221248 0.0354454 0.123361 -3.35308e-34 -0.0790454 -0.0155854 -0.0418169 -0.00889 -0.0236453 -0.0594502 -0.0610757 -0.0556113 
0.99877 0.937065 0.986719 0.995379 0.994294 0.988488 -0.00269391 -0.00123826 -0.000935646 -0.0012997 -0.00197804 -0.00228015 -0.0336525 -0.0234459 -0.021779 
0.355444 0.186972 0.204566 0.195831 0.286676 0.279238 -9.01463e-05 -3.7563e-05 -2.87061e-05 -3.25347e-05 -6.15825e-05 -6.54597e-05 0.00578778 0.00633424 0.00539558 
0.99877 0.986719 0.750314 0.905494 0.928339 0.994294 -0.00269391 -0.000935646 -0.00108357 -0.00121293 -0.00205315 -0.00197804 -0.0336525 -0.021779 -0.0256252 
0.499654 0.477816 0.443038 0.462442 0.483443 0.492978 -0.000111875 -0.000151923 -8.01596e-05 -0.00011166 -9.81818e-05 -0.000132212 0.00481133 0.00592533 0.00446616 
0.465252 0.331796 0.396858 0.370206 0.43377 0.405271 -0.0495702 -0.0379259 -0.002518 -0.0191281 -0.0237619 -0.0476214 0.0414263 0.0515897 0.0421001 
0.793017 0.396272 0.675615 0.552211 0.73744 0.63235 -0.30947 -0.24604 -0.306067 -0.305086 -0.309638 -0.297435 -0.100294 -0.133192 -0.0628984 
0.355444 0.443038 0.477816 0.462442 0.429999 0.404251 -9.01463e-05 -8.01596e-05 -0.000151923 -0.00011166 -0.000123161 -8.73103e-05 0.00578778 0.00446616 0.00592533 
0.396858 0.331796 0.25634 0.304726 0.336193 0.370206 -0.002518 -0.0379259 -0.000764361 -0.0150268 -0.00293328 -0.0191281 0.0421001 0.0515897 0.0461879 
0.422413 0.675615 0.396272 0.552211 0.398989 0.559511 -0.281767 -0.306067 -0.24604 -0.305086 -0.276652 -0.299612 -0.0424422 -0.0628984 -0.133192 
2.27439e-34 0.289007 0.196012 0.244619 0.104038 0.159786 -3.63719e-35 -9.53627e-05 -6.88883e-05 -8.56233e-05 -2.82572e-05 -4.13674e-05 0.00735249 0.00722916 0.00838771 
5.27945e-34 -0.0148247 0.0530011 0.016225 0.0136494 0.00474261 9.24273e-35 0.121857 0.121705 0.131884 0.0854118 0.0919012 -0.122975 -0.124755 -0.124162 
0.355444 0.434041 0.289007 0.371771 0.323793 0.398551 -9.01463e-05 -0.000186347 -9.53627e-05 -0.000146804 -9.71716e-05 -0.00013364 0.00578778 0.00708285 0.00722916 
7.53548e-34 0.845413 0.840639 0.843597 0.531948 0.546374 4.55007e-34 -0.0388308 -0.0216464 -0.0285104 -0.0115564 -0.0210704 -0.101462 -0.108667 -0.0882774 
1.48875e-34 0.182704 0.25634 0.224532 0.151314 0.102522 -2.03305e-34 0.00318576 -0.000764361 0.00236111 -1.00702e-05 0.000243491 0.0412611 0.0373121 0.0461879 
3.38698e-34 0.379909 0.618732 0.513014 0.324006 0.184777 -3.73557e-34 -0.0200115 -0.0611185 -0.0336181 -0.0144543 -0.00571518 -0.0723069 -0.0712417 -0.0689434 
0.821313 0.618732 0.379909 0.513014 0.626912 0.72523 -0.0614378 -0.0611185 -0.0200115 -0.0336181 -0.0389587 -0.0635607 -0.0774702 -0.0689434 -0.0712417 
0.99877 0.842462 0.705482 0.779435 0.935329 0.966887 -0.00269391 -0.00396159 -0.0014939 -0.00245976 -0.00262041 -0.00408966 -0.0336525 -0.0417703 -0.0296856 
8.05486e-35 1.23824e-34 0.197497 0.119199 0.0849637 -1.12497e-34 -2.63407e-34 -2.86313e-34 -0.0455779 -0.016888 -0.0205838 -4.93997e-34 0.0470571 0.0548832 0.0547057 
0.355444 0.204566 0.295402 0.252062 0.326729 0.286676 -9.01463e-05 -2.87061e-05 -3.83539e-05 -3.66148e-05 -6.05853e-05 -6.15825e-05 0.00578778 0.00539558 0.00425405 
0.356916 0.199043 0.192832 0.195945 0.28262 0.285232 -8.27714e-05 -2.5056e-05 -3.79101e-05 -3.01289e-05 -6.14406e-05 -5.64078e-05 0.00553897 0.00526981 0.00626068 
0.489799 0.466841 0.500002 0.491782 0.49749 0.479964 -1.56773e-05 -2.44972e-05 -2.36563e-05 -2.45227e-05 -1.90553e-05 -1.91684e-05 -9.19425e-08 0.00136126 0.000953195 
2.27439e-34 0.186972 0.289007 0.2405 0.159786 0.0988932 -3.63719e-35 -3.7563e-05 -9.53627e-05 -6.1396e-05 -4.13674e-05 -2.37499e-05 0.00735249 0.00633424 0.00722916 
0.489798 0.500002 0.462969 0.49067 0.478473 0.497413 -1.56478e-05 -2.36563e-05 -2.50893e-05 -2.48245e-05 -1.93977e-05 -1.90317e-05 7.26878e-08 0.000953195 0.00144584 
2.68172e-34 0.199043 0.293912 0.248718 0.162995 0.10581 2.16428e-35 -2.5056e-05 -3.69992e-05 -3.43957e-05 -1.49126e-05 -6.35657e-06 0.00441999 0.00526981 0.00417247 
-3.97443e-35 8.05486e-35 0.0767361 0.0277439 -0.0190356 -5.20944e-35 -1.78548e-34 -2.63407e-34 -0.0571944 -0.0213028 -0.0257973 -3.03908e-34 0.0163177 0.0470571 0.0408126 
-4.40735e-35 -0.110682 -0.0316883 -0.0767443 -0.0200416 -0.0513666 6.54095e-34 0.0540215 0.0261031 0.0373769 0.0037672 0.0122634 -0.129142 -0.129105 -0.124064 
-0.00394052 0.0342385 0.309497 0.188672 0.145086 0.0306326 0.127611 0.0633548 0.0196781 0.0505064 0.0916289 0.111274 -0.148956 -0.181568 -0.157943 
1.54089e-34 1.48875e-34 0.25634 0.151314 0.149498 -9.95394e-35 -2.52065e-34 -2.03305e-34 -0.000764361 -1.00702e-05 -0.000295015 -4.53853e-34 0.0504801 0.0412611 0.0461879 
-0.0912476 -0.271202 -0.234477 -0.265529 -0.211169 -0.212813 -0.0550641 0.0267041 -0.0205572 0.00474584 -0.0310189 0.0235774 -0.169349 -0.133179 -0.0997021 
0.821313 0.379909 0.741571 0.570713 0.786873 0.626912 -0.0614378 -0.0200115 -0.0325576 -0.0255606 -0.0467692 -0.0389587 -0.0774702 -0.0712417 -0.0728912 
0.651389 0.618732 0.925287 0.810161 0.813154 0.640911 -0.0979899 -0.0611185 -0.137511 -0.104842 -0.124707 -0.0799934 -0.068619 -0.0689434 -0.0872402 
7.73067e-34 0.845413 7.53548e-34 0.546374 -5.05876e-34 0.575552 2.91354e-34 -0.0388308 4.55007e-34 -0.0210704 1.1207e-33 -0.0451691 -0.133061 -0.108667 -0.101462 
0.352903 0.25634 0.182704 0.224532 0.277883 0.310222 0.0114532 -0.000764361 0.00318576 0.00236111 0.00765521 0.00451876 0.0367985 0.0461879 0.0373121 
0.500002 0.500002 0.466841 0.491782 0.491715 0.500002 -3.83665e-05 -2.36563e-05 -2.44972e-05 -2.45227e-05 -3.15375e-05 -3.0047e-05 0.00211265 0.000953195 0.00136126 
0.500002 0.462969 0.500002 0.49067 0.500002 0.490741 -3.83665e-05 -2.50893e-05 -2.36563e-05 -2.48245e-05 -3.0047e-05 -3.20981e-05 0.00211265 0.00144584 0.000953195 
6.69495e-34 5.32095e-34 0.711557 0.415842 0.410282 -2.44292e-34 3.01264e-34 3.7164e-34 -0.0102717 -0.00380358 -0.00295983 6.87919e-34 -0.064518 -0.0798027 -0.0765394 
-1.93551e-34 -0.114876 -0.234477 -0.191926 -0.21064 -0.16993 1.92976e-34 -0.0844009 -0.0205572 -0.0503621 -0.0134619 -0.0289685 -0.0452038 -0.0374551 -0.0997021 
0.999135 0.995715 0.698784 0.90599 0.915394 0.998003 -0.0175558 -0.0323909 -0.0166391 -0.0271007 -0.020807 -0.0250454 -0.0682131 -0.0787435 -0.0671237 
6.69495e-34 0.711557 0.839616 0.780412 0.514715 0.410282 3.01264e-34 -0.0102717 -0.00951234 -0.0102411 -0.00343602 -0.00295983 -0.064518 -0.0765394 -0.0648041 
0.952474 0.915 0.83233 0.91886 0.926759 0.935608 -0.18762 -0.244224 -0.161481 -0.213586 -0.186419 -0.217024 -0.113989 -0.115223 -0.0770929 
0.356916 0.293912 0.199043 0.248718 0.285232 0.326842 -8.27714e-05 -3.69992e-05 -2.5056e-05 -3.43957e-05 -5.64078e-05 -5.7178e-05 0.00553897 0.00417247 0.00526981 
0.271942 0.309497 0.83367 0.561885 0.586879 0.302325 -0.00798906 0.0196781 -0.114269 -0.0714537 -0.0630582 0.00596375 -0.117341 -0.157943 -0.130502 
0.990634 0.984196 0.741571 0.906134 0.911253 0.987144 -0.0513307 -0.0686415 -0.0325576 -0.0539691 -0.0458073 -0.0606145 -0.0862585 -0.0888839 -0.0728912 
5.27945e-34 4.98841e-34 -0.0148247 -0.00702472 0.00474261 1.0243e-33 9.24273e-35 6.12843e-35 0.121857 0.0880644 0.0919012 -7.45798e-35 -0.122975 -0.121296 -0.124755 
0.999135 0.698784 0.639037 0.670025 0.89974 0.915394 -0.0175558 -0.0166391 -0.00849922 -0.0115543 -0.0161015 -0.020807 -0.0682131 -0.0671237 -0.060878 
0.999135 0.840639 0.995715 0.972924 0.998003 0.966861 -0.0175558 -0.0216464 -0.0323909 -0.0329438 -0.0250454 -0.0239491 -0.0682131 -0.0882774 -0.0787435 
0.244906 0.180935 0.380048 0.292429 0.318774 0.213814 -4.3601e-06 -4.30787e-06 -1.49391e-05 -9.40512e-06 -8.80004e-06 -4.11739e-06 -8.93805e-08 0.000914291 0.0010305 
0.2449 0.380097 0.169605 0.287908 0.208468 0.318805 -4.43574e-06 -1.5018e-05 -4.03227e-06 -9.31478e-06 -4.04308e-06 -8.8399e-06 1.14412e-07 0.00103298 0.000955228 
0.390375 0.487435 0.443038 0.469242 0.418846 0.450895 -3.28875e-05 -5.81841e-05 -8.01596e-05 -6.91243e-05 -5.2419e-05 -4.50304e-05 0.00271615 0.00318738 0.00446616 
4.46617e-34 0.639037 0.698784 0.670025 0.393684 0.351773 -3.21903e-34 -0.00849922 -0.0166391 -0.0115543 -0.00465211 -0.00307013 -0.064436 -0.060878 -0.0671237 
0.416299 0.478862 0.491143 0.485047 0.461482 0.452929 0.0219704 0.0256295 0.0290463 0.0288816 0.0253919 0.0245098 0.0277179 0.0221244 0.0248834 
0.385054 0.465048 0.471244 0.468086 0.435315 0.430733 0.00340632 0.00217612 0.0053014 0.00344494 0.00443547 0.00288444 0.0160255 0.0150081 0.0164363 
4.89411e-34 0.649724 0.776746 0.716661 0.460829 0.36779 2.41194e-34 -0.00393725 -0.00336786 -0.00374026 -0.00133247 -0.00113753 -0.0510441 -0.0557556 -0.0441437 
0.99877 0.750314 0.6258 0.691105 0.895719 0.928339 -0.00269391 -0.00108357 -0.00146225 -0.00129321 -0.00266461 -0.00205315 -0.0336525 -0.0256252 -0.0346919 
-0.0912476 0.396272 0.329486 0.350606 0.0915733 0.108685 -0.0550641 -0.24604 -0.087997 -0.176013 -0.0329859 -0.12136 -0.169349 -0.133192 -0.1939 
5.67758e-34 0.839158 0.639037 0.748948 0.357289 0.502118 -2.801e-34 -0.00772696 -0.00849922 -0.0084389 -0.00269726 -0.00370267 -0.0561553 -0.0542751 -0.060878 
0.383463 0.461881 0.468995 0.465554 0.433046 0.428042 -0.000276619 -0.000180023 -0.000331879 -0.000268076 -0.000314101 -0.000254761 0.0112208 0.0126331 0.0110325 
1.55386e-34 1.66782e-34 0.345428 0.160128 0.130283 -1.18949e-34 -3.21604e-34 -3.33645e-34 -0.0537283 -0.0112526 -0.0107396 -6.11261e-34 -0.0615809 -0.0650404 -0.0610729 
0.999135 0.711557 0.840639 0.781076 0.966861 0.937858 -0.0175558 -0.0102717 -0.0216464 -0.0142275 -0.0239491 -0.0179317 -0.0682131 -0.0765394 -0.0882774 
-4.40735e-35 -1.67937e-34 -0.110682 -0.0700532 -0.0513666 5.13932e-35 6.54095e-34 7.06296e-34 0.0540215 0.0269726 0.0122634 1.28134e-33 -0.129142 -0.13389 -0.129105 
1.14297e-34 2.77588e-34 0.204566 0.108967 0.108945 -7.77332e-35 -2.91851e-35 -2.19426e-35 -2.87061e-05 -7.84942e-06 -7.40984e-06 -5.10846e-35 0.005907 0.00443797 0.00539558 
0.75 0.750314 0.986719 0.905494 0.905418 0.750054 -6.05263e-37 -0.00108357 -0.000935646 -0.00121293 -0.000814162 -0.000567474 -0.0150822 -0.0256252 -0.021779 
0.3439 0.551547 0.469683 0.5058 0.412863 0.455264 0.00284578 -0.0540141 0.00736117 -0.0163646 0.00625712 -0.0222418 -0.0306329 -0.0148799 -0.00367505 
0.349712 0.43784 0.448008 0.442065 0.404826 0.3953 0.0247884 0.0360476 0.0317588 0.033847 0.0290375 0.0312365 0.0171754 0.014997 0.0190154 
0.380475 0.457741 0.465774 0.462053 0.429585 0.424425 0.00321518 0.00929696 0.00481624 0.00679841 0.00410011 0.00581623 0.0178896 0.0189686 0.0174748 
0.793017 0.798544 0.915 0.874059 0.855532 0.836108 -0.30947 -0.234685 -0.244224 -0.246946 -0.282093 -0.279052 -0.100294 -0.0703162 -0.115223 
0.382045 0.459366 0.467351 0.463468 0.431331 0.425732 -0.000274489 -0.000347181 -0.000343116 -0.00037602 -0.000298934 -0.000312694 0.0108854 0.00966054 0.0109863 
0.289007 0.434041 0.342568 0.393201 0.316767 0.371771 -9.53627e-05 -0.000186347 -0.000180046 -0.000186021 -0.000134028 -0.000146804 0.00722916 0.00708285 0.00824834 
0.500002 0.488281 0.487435 0.499999 0.496859 0.497074 -3.83665e-05 -6.77601e-05 -5.81841e-05 -6.39211e-05 -4.75244e-05 -5.11498e-05 0.00211265 0.00356769 0.00318738 
0.793017 0.673987 0.396272 0.532912 0.63235 0.753393 -0.30947 -0.244737 -0.24604 -0.24643 -0.297435 -0.298531 -0.100294 -0.15331 -0.133192 
0.500005 0.453877 0.49518 0.479824 0.498837 0.488585 -0.00034653 -0.000326182 -0.000382578 -0.000350305 -0.000367227 -0.000346474 0.00907674 0.0095315 0.0100887 
2.50439e-34 -4.40735e-35 -0.0316883 -0.0200416 0.000414265 1.47573e-35 3.08821e-34 6.54095e-34 0.0261031 0.0037672 0.000303953 1.24054e-33 -0.123188 -0.129142 -0.124064 
0.383463 0.468995 0.453877 0.461803 0.42268 0.433046 -0.000276619 -0.000331879 -0.000326182 -0.000355064 -0.000317536 -0.000314101 0.0112208 0.0110325 0.0095315 
0.271942 0.0533409 0.0530011 0.0456627 0.106473 0.149887 -0.00798906 0.0476759 0.121705 0.0837753 0.0742017 0.0308292 -0.117341 -0.117811 -0.124162 
2.50439e-34 -0.0316883 4.98159e-34 -0.010301 1.02449e-33 0.000414265 3.08821e-34 0.0261031 2.06485e-35 0.0197604 -8.81306e-36 0.000303953 -0.123188 -0.124064 -0.121457 
0.440735 0.342568 0.434041 0.393201 0.437436 0.397534 -0.000239285 -0.000180046 -0.000186347 -0.000186021 -0.000218647 -0.000214263 0.00819565 0.00824834 0.00708285 
0.651389 0.259778 0.618732 0.434874 0.640911 0.459956 -0.0979899 -0.0250012 -0.0611185 -0.0388682 -0.0799934 -0.0540101 -0.068619 -0.0650459 -0.0689434 
0.793017 0.915 0.673987 0.824555 0.753393 0.855532 -0.30947 -0.244224 -0.244737 -0.272563 -0.298531 -0.282093 -0.100294 -0.115223 -0.15331 
0.404439 0.42761 0.488281 0.46441 0.456447 0.416424 -3.50601e-05 -6.95553e-05 -6.77601e-05 -6.95596e-05 -5.0148e-05 -5.00732e-05 0.00273388 0.00425898 0.00356769 
6.57351e-34 4.01688e-34 0.705482 0.404941 0.404076 -2.80107e-34 -1.77073e-34 -1.20688e-34 -0.0014939 -0.000387873 -0.000615836 -2.9551e-34 -0.0357323 -0.0245341 -0.0296856 
0.380475 0.465774 0.46095 0.463504 0.426289 0.429585 0.00321518 0.00481624 0.00203187 0.00318038 0.00265884 0.00410011 0.0178896 0.0174748 0.0160179 
0.99877 0.997297 0.842462 0.970348 0.966887 0.997983 -0.00269391 -0.00487192 -0.00396159 -0.0050791 -0.00408966 -0.0040046 -0.0336525 -0.0428354 -0.0417703 
0.349712 0.448008 0.447125 0.447652 0.404649 0.404826 0.0247884 0.0317588 0.0246864 0.0286588 0.0256342 0.0290375 0.0171754 0.0190154 0.0202093 
0.999135 0.639037 0.839158 0.748948 0.954815 0.89974 -0.0175558 -0.00849922 -0.00772696 -0.0084389 -0.0136983 -0.0161015 -0.0682131 -0.060878 -0.0542751 
0.500016 0.46095 0.494967 0.482003 0.4987 0.490056 0.00166938 0.00203187 0.00321163 0.00257087 0.00236711 0.00187734 0.0149607 0.0160179 0.0161575 
2.32935e-34 1.55386e-34 0.214283 0.0897535 0.0668005 -4.7281e-35 -3.35308e-34 -3.21604e-34 -0.0364647 -0.0105472 -0.0117304 -5.87081e-34 -0.0594502 -0.0615809 -0.0604448 
-0.0766139 -0.0316883 -0.110682 -0.0767443 -0.104257 -0.0616185 0.0882231 0.0261031 0.0540215 0.0373769 0.0739968 0.0555975 -0.126781 -0.124064 -0.129105 
0.271942 0.132763 0.309497 0.218982 0.302325 0.183094 -0.00798906 0.091844 0.0196781 0.0669758 0.00596375 0.0523299 -0.117341 -0.133466 -0.157943 
0.3439 0.573874 0.551547 0.561192 0.455264 0.448328 0.00284578 -0.117027 -0.0540141 -0.0827344 -0.0222418 -0.0443858 -0.0306329 -0.0402682 -0.0148799 
0.499855 0.447125 0.489951 0.471707 0.496313 0.483509 0.0243343 0.0246864 0.0297879 0.0272864 0.0271186 0.0251933 0.0205934 0.0202093 0.0205182 
0.552892 0.469683 0.571337 0.52733 0.563499 0.533438 -0.0228675 0.00736117 -0.0393753 -0.0130497 -0.0297511 -0.00660773 0.0191382 -0.00367505 0.00648322 
0.990429 0.842462 0.997297 0.970348 0.994501 0.977282 -0.00723073 -0.00396159 -0.00487192 -0.0050791 -0.00594692 -0.00676475 -0.0519716 -0.0417703 -0.0428354 
0.99877 0.6258 0.776746 0.706065 0.935794 0.895719 -0.00269391 -0.00146225 -0.00336786 -0.00218365 -0.0036316 -0.00266461 -0.0336525 -0.0346919 -0.0441437 
0.974334 0.83367 0.925287 0.96004 0.958162 0.935429 -0.11991 -0.114269 -0.137511 -0.153359 -0.130504 -0.134501 -0.0985934 -0.130502 -0.0872402 
-0.058624 -0.234477 -0.114876 -0.191926 -0.118443 -0.178672 -0.132531 -0.0205572 -0.0844009 -0.0503621 -0.10525 -0.0652563 -0.102732 -0.0997021 -0.0374551 
5.27945e-34 0.0530011 0.0533409 0.0456627 -0.00205195 0.0136494 9.24273e-35 0.121705 0.0476759 0.0837753 0.0489189 0.0854118 -0.122975 -0.124162 -0.117811 
0.694406 0.655755 0.573874 0.633322 0.690231 0.686394 -0.243306 -0.137237 -0.117027 -0.127402 -0.177929 -0.189526 -0.018378 -0.0142293 -0.0402682 
2.95165e-34 0.618732 0.259778 0.434874 0.131831 0.288165 -3.46356e-34 -0.0611185 -0.0250012 -0.0388682 -0.00852322 -0.0171222 -0.0664709 -0.0689434 -0.0650459 
0.648827 0.798544 0.770219 0.798005 0.751476 0.728074 -0.171702 -0.234685 -0.269118 -0.261074 -0.224043 -0.205587 -0.0585485 -0.0703162 -0.0544799 
0.793017 0.770219 0.798544 0.798005 0.836108 0.786403 -0.30947 -0.269118 -0.234685 -0.261074 -0.279052 -0.296379 -0.100294 -0.0544799 -0.0703162 
0.440735 0.434041 0.491682 0.469719 0.471992 0.437436 -0.000239285 -0.000186347 -0.000284464 -0.000232788 -0.000263631 -0.000218647 0.00819565 0.00708285 0.00793339 
8.05486e-35 0.197497 0.0767361 0.144886 0.0277439 0.0849637 -2.63407e-34 -0.0455779 -0.0571944 -0.0547686 -0.0213028 -0.0205838 0.0470571 0.0547057 0.0408126 
-0.00394052 0.309497 0.132763 0.218982 0.0745227 0.145086 0.127611 0.0196781 0.091844 0.0669758 0.111799 0.0916289 -0.148956 -0.157943 -0.133466 
0.382045 0.467351 0.461338 0.464384 0.427049 0.431331 -0.000274489 -0.000343116 -0.000142702 -0.000268234 -0.000244639 -0.000298934 0.0108854 0.0109863 0.0122606 
0.272708 0.169605 0.380097 0.287908 0.330659 0.223561 -1.19526e-05 -4.03227e-06 -1.5018e-05 -9.31478e-06 -1.39563e-05 -7.22576e-06 0.00174671 0.000955228 0.00103298 
0.273408 0.380048 0.180935 0.292429 0.229144 0.330932 -1.17716e-05 -1.49391e-05 -4.30787e-06 -9.40512e-06 -7.33992e-06 -1.38998e-05 0.0017371 0.0010305 0.000914291 
3.90504e-34 6.05211e-34 0.741571 0.420439 0.397228 -4.39776e-34 -3.64995e-34 -3.55655e-34 -0.0325576 -0.0104421 -0.0135637 -6.85509e-34 -0.0716818 -0.0691689 -0.0728912 
0.75 0.437777 0.750314 0.609495 0.750054 0.609544 -6.05263e-37 -0.00024836 -0.00108357 -0.000456152 -0.000567474 -0.000199462 -0.0150822 -0.0209542 -0.0256252 
0.408168 0.380048 0.466841 0.430188 0.441161 0.394577 -1.0863e-05 -1.49391e-05 -2.44972e-05 -1.96028e-05 -1.63884e-05 -1.23492e-05 -2.42676e-07 0.0010305 0.00136126 
0.408165 0.462969 0.380097 0.42745 0.394599 0.438627 -1.09732e-05 -2.50893e-05 -1.5018e-05 -1.99178e-05 -1.24519e-05 -1.66431e-05 2.29465e-07 0.00144584 0.00103298 
0.952474 0.925287 0.83367 0.96004 0.920234 0.95589 -0.18762 -0.137511 -0.114269 -0.153359 -0.162584 -0.166753 -0.113989 -0.0872402 -0.130502 
0.385054 0.471244 0.46585 0.468438 0.430949 0.435315 0.00340632 0.0053014 0.00962846 0.00724579 0.00605886 0.00443547 0.0160255 0.0164363 0.0177372 
0.99877 0.705482 0.937065 0.842573 0.988488 0.935329 -0.00269391 -0.0014939 -0.00123826 -0.0016658 -0.00228015 -0.00262041 -0.0336525 -0.0296856 -0.0234459 
2.68172e-34 1.14528e-34 0.199043 0.105829 0.10581 -6.94557e-35 2.16428e-35 2.89212e-35 -2.5056e-05 -5.91205e-06 -6.35657e-06 5.06033e-35 0.00441999 0.00590282 0.00526981 
0.500006 0.461338 0.495282 0.482388 0.498783 0.490231 0.000102224 -0.000142702 -0.000229935 -0.00022382 -9.09407e-05 -5.25287e-05 0.0129865 0.0122606 0.0119317 
0.990429 0.999588 0.839158 0.963264 0.976584 0.996765 -0.00723073 -0.0118954 -0.00772696 -0.0111398 -0.00957051 -0.00994549 -0.0519716 -0.0597847 -0.0542751 
0.416299 0.491143 0.482428 0.488386 0.455817 0.461482 0.0219704 0.0290463 0.0160547 0.0247753 0.0220377 0.0253919 0.0277179 0.0248834 0.0310637 
4.46617e-34 5.67758e-34 0.639037 0.357289 0.351773 -1.97397e-34 -3.21903e-34 -2.801e-34 -0.00849922 -0.00269726 -0.00307013 -5.90519e-34 -0.064436 -0.0561553 -0.060878 
0.408168 0.244906 0.380048 0.318774 0.394577 0.336741 -1.0863e-05 -4.3601e-06 -1.49391e-05 -8.80004e-06 -1.23492e-05 -8.07102e-06 -2.42676e-07 -8.93805e-08 0.0010305 
0.2449 0.408165 0.380097 0.394599 0.318805 0.336737 -4.43574e-06 -1.09732e-05 -1.5018e-05 -1.24519e-05 -8.8399e-06 -8.06704e-06 1.14412e-07 2.29465e-07 0.00103298 
0.636284 0.214283 0.345428 0.279326 0.502622 0.425054 -0.145847 -0.0364647 -0.0537283 -0.0444517 -0.095915 -0.0835887 -0.0642894 -0.0604448 -0.0610729 
2.79088e-34 0.586256 4.01688e-34 0.324795 -9.76916e-35 0.325055 -3.14058e-35 -0.000450331 -1.20688e-34 -0.000199161 -1.82988e-34 -0.00013866 -0.0127725 -0.020537 -0.0245341 
4.01688e-34 0.586256 0.705482 0.648495 0.404941 0.324795 -1.20688e-34 -0.000450331 -0.0014939 -0.000819281 -0.000387873 -0.000199161 -0.0245341 -0.020537 -0.0296856 
0.500002 0.466841 0.47792 0.472661 0.494484 0.491715 -3.83665e-05 -2.44972e-05 -4.12387e-05 -3.15969e-05 -4.05466e-05 -3.15375e-05 0.00211265 0.00136126 0.00248482 
0.404439 0.47792 0.466841 0.472661 0.439674 0.447623 -3.50601e-05 -4.12387e-05 -2.44972e-05 -3.15969e-05 -2.94085e-05 -3.8478e-05 0.00273388 0.00248482 0.00136126 
4.42243e-34 0.6258 0.750314 0.691105 0.437898 0.350463 1.26436e-34 -0.00146225 -0.00108357 -0.00129321 -0.000340771 -0.000331897 -0.0266689 -0.0346919 -0.0256252 
1 0.75 0.986719 0.905418 0.996693 0.9375 -8.06139e-37 -6.05263e-37 -0.000935646 -0.000814162 -0.000882612 -1.24899e-36 -0.0140304 -0.0150822 -0.021779 
0.999135 0.839158 0.999588 0.963264 0.999773 0.954815 -0.0175558 -0.00772696 -0.0118954 -0.0111398 -0.0143366 -0.0136983 -0.0682131 -0.0542751 -0.0597847 
1.20944e-34 1.1532e-34 0.209755 0.111983 0.11503 -7.29837e-35 -1.06876e-34 -9.22642e-35 0.00380007 0.00123348 0.00141265 -2.02171e-34 0.0219871 0.0189213 0.0203335 
0.499979 0.46585 0.496555 0.485138 0.499602 0.492834 0.0132051 0.00962846 0.00874773 0.0092522 0.0108538 0.011624 0.0188439 0.0177372 0.0176364 
1.08489e-34 1.09214e-34 0.197767 0.104786 0.104832 -6.91666e-35 -6.91398e-35 -6.3086e-35 6.0892e-05 6.39153e-06 1.48864e-05 -1.3232e-34 0.0140143 0.0127756 0.0134456 
0.990429 0.776746 0.649724 0.716661 0.881878 0.918466 -0.00723073 -0.00336786 -0.00393725 -0.00374026 -0.00690633 -0.00575759 -0.0519716 -0.0441437 -0.0557556 
1.06763e-34 1.09312e-34 0.198439 0.105703 0.10574 -6.79025e-35 6.75736e-35 7.60145e-35 2.64751e-05 1.33701e-05 3.28702e-06 1.43512e-34 0.0137854 0.0154953 0.0145659 
1.00955e-34 9.85271e-35 0.18808 0.0963198 0.0992178 -6.5024e-35 9.67314e-35 9.69252e-35 0.00374028 0.00126012 0.00117531 1.90797e-34 0.019512 0.0194308 0.0196593 
5.70443e-35 4.30934e-35 0.125347 0.0415979 0.0513631 -4.68639e-35 3.06638e-35 -2.83885e-35 0.0130401 0.00439971 0.00420901 -7.12282e-36 0.00539874 -0.00671498 0.000349272 
-2.28731e-34 -1.93551e-34 -0.234477 -0.21064 -0.233148 5.99374e-35 5.36158e-34 1.92976e-34 -0.0205572 -0.0134619 -0.00663589 7.86176e-34 -0.108352 -0.0452038 -0.0997021 
0.685056 0.734305 0.309497 0.524675 0.501365 0.708569 -0.180191 -0.137352 0.0196781 -0.0668034 -0.0755981 -0.157673 -0.167435 -0.15036 -0.157943 
2.18189e-35 2.32935e-34 0.106659 0.0354454 0.0224478 -2.05023e-35 -2.65321e-34 -3.35308e-34 -0.0155854 -0.00889 -0.00493823 -5.50717e-34 -0.0531957 -0.0594502 -0.0556113 
9.89946e-35 2.27439e-34 0.196012 0.104038 0.103986 -6.63219e-35 -4.33692e-35 -3.63719e-35 -6.88883e-05 -2.82572e-05 -2.63322e-05 -7.96484e-35 0.00877664 0.00735249 0.00838771 
0.356916 0.466369 0.472774 0.469654 0.426214 0.421133 -8.27714e-05 -0.000184606 -0.000118942 -0.000148092 -0.000103591 -0.000129943 0.00553897 0.0067059 0.00528914 
0.937065 0.705482 0.586256 0.648495 0.800114 0.842573 -0.00123826 -0.0014939 -0.000450331 -0.000819281 -0.000923413 -0.0016658 -0.0234459 -0.0296856 -0.020537 
0.512331 0.482428 0.507596 0.503785 0.509492 0.509151 0.0210858 0.0160547 0.0285668 0.024053 0.0254023 0.0174158 0.0208089 0.0310637 0.0227597 
1 0.986719 0.937065 0.995379 0.984179 0.996693 -8.06139e-37 -0.000935646 -0.00123826 -0.0012997 -0.00106895 -0.000882612 -0.0140304 -0.021779 -0.0234459 
-2.49862e-34 -2.28731e-34 -0.271202 -0.227798 -0.213359 1.09146e-34 7.13733e-34 5.36158e-34 0.0267041 0.00544656 0.0170525 1.22985e-33 -0.136495 -0.108352 -0.133179 
3.90504e-34 0.741571 0.379909 0.570713 0.198701 0.397228 -3.64995e-34 -0.0325576 -0.0200115 -0.0255606 -0.00650122 -0.0135637 -0.0716818 -0.0728912 -0.0712417 
2.79088e-34 0.75 0.586256 0.673328 0.325055 0.4375 -3.14058e-35 -5.27501e-37 -0.000450331 -0.000270213 -0.00013866 -1.43594e-37 -0.0127725 -0.0129132 -0.020537 
1.11274e-34 1.1061e-34 0.202655 0.10808 0.107994 -7.37702e-35 5.14415e-35 5.93866e-35 -0.000105545 -4.24045e-05 -4.28981e-05 1.10896e-34 0.0105021 0.0121226 0.0112922 
2.60893e-34 1.08728e-34 0.202391 0.107811 0.107757 -7.37734e-35 3.62486e-35 4.37746e-35 -7.47701e-05 -2.63183e-05 -3.03712e-05 8.01306e-35 0.00740996 0.00893639 0.00845188 
1.07095e-34 1.05727e-34 0.196294 0.103861 0.104636 -6.69229e-35 8.42613e-35 9.17273e-35 0.000930265 0.000342692 0.000297031 1.75179e-34 0.0171359 0.0186097 0.0179176 
8.67734e-35 7.57841e-35 0.163723 0.0755356 0.0823909 -5.82342e-35 8.89109e-35 6.77126e-35 0.00832938 0.00315364 0.0029468 1.50148e-34 0.0175831 0.0131033 0.0158696 
2.34588e-35 1.58243e-35 0.0855217 0.0103761 0.0153982 -2.99881e-35 -1.05079e-34 -1.93439e-34 0.00774709 0.00280398 0.00238276 -3.0522e-34 -0.0220633 -0.0396504 -0.031466 
1.36721e-34 1.33787e-34 0.23515 0.12964 0.135269 -8.3567e-35 -1.61922e-34 -1.28392e-34 0.00752942 0.0025466 0.00279202 -2.95985e-34 0.033297 0.0265253 0.0296111 
1.10488e-34 1.10094e-34 0.199225 0.105482 0.106319 -6.90008e-35 -8.26422e-35 -7.54316e-35 0.000983771 0.000321459 0.000367262 -1.58933e-34 0.0168419 0.0153335 0.016035 
1.08525e-34 1.0699e-34 0.197121 0.104584 0.104495 -6.8145e-35 -5.67754e-35 -5.02172e-35 -0.000114349 -4.02523e-05 -3.90965e-05 -1.06932e-34 0.0114899 0.0101614 0.0108386 
0.651389 0.83233 0.345428 0.611885 0.50038 0.754991 -0.0979899 -0.161481 -0.0537283 -0.109122 -0.0763968 -0.128558 -0.068619 -0.0770929 -0.0610729 
0.694406 0.567158 0.655755 0.645408 0.686394 0.634342 -0.243306 -0.189777 -0.137237 -0.169963 -0.189526 -0.217756 -0.018378 0.0219999 -0.0142293 
0.617885 0.655755 0.567158 0.645408 0.614642 0.638357 -0.103214 -0.137237 -0.189777 -0.169963 -0.146858 -0.119589 0.00759083 -0.0142293 0.0219999 
0.636284 0.83233 0.915 0.91886 0.857163 0.741521 -0.145847 -0.161481 -0.244224 -0.213586 -0.217156 -0.158431 -0.0642894 -0.0770929 -0.115223 
0.271942 0.0530011 0.132763 0.0873158 0.183094 0.106473 -0.00798906 0.121705 0.091844 0.106052 0.0523299 0.0742017 -0.117341 -0.124162 -0.133466 
0.500002 0.47792 0.488281 0.483507 0.497074 0.494484 -3.83665e-05 -4.12387e-05 -6.77601e-05 -5.30075e-05 -5.11498e-05 -4.05466e-05 0.00211265 0.00248482 0.00356769 
2.03514e-34 4.42243e-34 0.437777 0.234618 0.234531 4.7862e-35 3.62772e-35 1.26436e-34 -0.00024836 -0.000221055 -0.000106807 1.99637e-34 -0.0152654 -0.0266689 -0.0209542 
0.999135 0.839616 0.711557 0.780412 0.937858 0.965156 -0.0175558 -0.00951234 -0.0102717 -0.0102411 -0.0179317 -0.0152591 -0.0682131 -0.0648041 -0.0765394 
0.286706 0.0767361 0.197497 0.144886 0.23487 0.170651 -0.155122 -0.0571944 -0.0455779 -0.0547686 -0.104618 -0.116827 0.0418296 0.0408126 0.0547057 
0.636284 0.345428 0.83233 0.611885 0.741521 0.502622 -0.145847 -0.0537283 -0.161481 -0.109122 -0.158431 -0.095915 -0.0642894 -0.0610729 -0.0770929 
0.404439 0.488281 0.47792 0.483507 0.447623 0.456447 -3.50601e-05 -6.77601e-05 -4.12387e-05 -5.30075e-05 -3.8478e-05 -5.0148e-05 0.00273388 0.00356769 0.00248482 
-1.93551e-34 -3.97443e-35 -0.114876 -0.119076 -0.16993 3.13978e-35 1.92976e-34 -1.78548e-34 -0.0844009 -0.031979 -0.0289685 1.77212e-34 -0.0452038 0.0163177 -0.0374551 
4.42243e-34 0.750314 0.437777 0.609495 0.234618 0.437898 1.26436e-34 -0.00108357 -0.00024836 -0.000456152 -0.000221055 -0.000340771 -0.0266689 -0.0256252 -0.0209542 
1.20944e-34 0.209755 0.169247 0.189747 0.0894918 0.11503 -1.06876e-34 0.00380007 0.00340804 0.00376913 0.00106624 0.00141265 0.0219871 0.0203335 0.0241247 
0.75 0.937065 0.586256 0.800114 0.673328 0.859129 -5.27501e-37 -0.00123826 -0.000450331 -0.000923413 -0.000270213 -0.000803929 -0.0129132 -0.0234459 -0.020537 
0.331166 0.169247 0.209755 0.189747 0.27324 0.257409 0.0126064 0.00340804 0.00380007 0.00376913 0.00774404 0.00804077 0.0236568 0.0241247 0.0203335 
1.08489e-34 0.197767 0.149099 0.173808 0.0775971 0.104832 -6.91398e-35 6.0892e-05 0.000230233 0.000168851 6.42789e-05 1.48864e-05 0.0140143 0.0134456 0.0146621 
-0.00394052 0.132763 0.0530011 0.0873158 0.0479682 0.0745227 0.127611 0.091844 0.121705 0.106052 0.125762 0.111799 -0.148956 -0.133466 -0.124162 
4.42243e-34 4.55911e-34 0.6258 0.351309 0.350463 -1.42478e-34 1.26436e-34 1.82463e-34 -0.00146225 -0.000487805 -0.000331897 3.10521e-34 -0.0266689 -0.0385465 -0.0346919 
0.307547 0.149099 0.197767 0.173808 0.255528 0.234193 0.000920632 0.000230233 6.0892e-05 0.000168851 0.000391774 0.000578587 0.0147017 0.0146621 0.0134456 
1.14528e-34 2.60893e-34 0.192832 0.102299 0.102286 -6.12648e-35 2.89212e-35 3.62486e-35 -3.79101e-05 -2.46756e-05 -1.10921e-05 6.52652e-35 0.00590282 0.00740996 0.00626068 
4.89411e-34 6.69495e-34 0.649724 0.370759 0.36779 -1.66624e-34 2.41194e-34 3.01264e-34 -0.00393725 -0.00204895 -0.00113753 5.50359e-34 -0.0510441 -0.064518 -0.0557556 
0.0816013 0.382062 0.108693 0.256999 0.085004 0.220161 -0.150961 -0.225584 -0.199878 -0.229226 -0.173258 -0.197029 0.00945869 0.0128181 -0.0379882 
0.636284 0.915 0.798544 0.874059 0.73859 0.857163 -0.145847 -0.244224 -0.234685 -0.246946 -0.195615 -0.217156 -0.0642894 -0.115223 -0.0703162 
0.651389 0.345428 0.259778 0.309364 0.459956 0.50038 -0.0979899 -0.0537283 -0.0250012 -0.0356137 -0.0540101 -0.0763968 -0.068619 -0.0610729 -0.0650459 
1.09312e-34 0.146463 0.198439 0.173047 0.105703 0.076634 7.60145e-35 0.000176603 2.64751e-05 0.000123039 1.33701e-05 6.20333e-05 0.0154953 0.0163317 0.0145659 
1.06763e-34 0.198439 0.146829 0.173205 0.0767548 0.10574 6.75736e-35 2.64751e-05 -4.24304e-05 -1.27962e-05 -6.11149e-06 3.28702e-06 0.0137854 0.0145659 0.0129478 
9.85271e-35 0.128775 0.18808 0.159276 0.0963198 0.0660754 9.69252e-35 0.00333331 0.00374028 0.00389323 0.00126012 0.000988481 0.0194308 0.0186968 0.0196593 
1.00955e-34 0.18808 0.142508 0.166238 0.0733476 0.0992178 9.67314e-35 0.00374028 0.00116656 0.00202705 0.000477675 0.00117531 0.019512 0.0196593 0.0191371 
4.30934e-35 0.0577214 0.125347 0.0901488 0.0415979 0.0171825 -2.83885e-35 0.00715237 0.0130401 0.0105044 0.00439971 0.00187289 -0.00671498 -0.0144954 0.000349272 
5.70443e-35 0.125347 0.0988239 0.111757 0.0405069 0.0513631 3.06638e-35 0.0130401 0.00617939 0.00839767 0.00199926 0.00420901 0.00539874 0.000349272 0.00956928 
0.307012 0.146829 0.198439 0.173205 0.255784 0.232962 -0.000146713 -4.24304e-05 2.64751e-05 -1.27962e-05 -4.21084e-05 -8.73049e-05 0.0128541 0.0129478 0.0145659 
0.301322 0.142508 0.18808 0.166238 0.247906 0.227604 0.00427004 0.00116656 0.00374028 0.00202705 0.00448848 0.00281935 0.0192454 0.0191371 0.0196593 
0.33057 0.198439 0.146463 0.173047 0.246905 0.269422 0.000850501 2.64751e-05 0.000176603 0.000123039 0.000516755 0.000332919 0.0160684 0.0145659 0.0163317 
0.253476 0.0988239 0.125347 0.111757 0.191097 0.178204 0.0220127 0.00617939 0.0130401 0.00839767 0.0180535 0.014264 0.0108582 0.00956928 0.000349272 
0.310331 0.18808 0.128775 0.159276 0.226254 0.254288 0.0133031 0.00374028 0.00333331 0.00389323 0.00868234 0.00814395 0.0196725 0.0196593 0.0186968 
0.248149 0.125347 0.0577214 0.0901488 0.150622 0.184326 0.0231838 0.0130401 0.00715237 0.0105044 0.0169392 0.0197685 -0.0102983 0.000349272 -0.0144954 
6.69495e-34 0.839616 0.649724 0.753353 0.370759 0.514715 3.01264e-34 -0.00951234 -0.00393725 -0.00607846 -0.00204895 -0.00343602 -0.064518 -0.0648041 -0.0557556 
0.685056 0.673987 0.915 0.824555 0.84673 0.677361 -0.180191 -0.244737 -0.244224 -0.272563 -0.24574 -0.216111 -0.167435 -0.15331 -0.115223 
0.330431 0.197767 0.146442 0.172537 0.24675 0.268811 -0.00012089 6.0892e-05 -4.90234e-05 -1.33909e-05 -8.40429e-05 3.85464e-05 0.0123406 0.0134456 0.0121456 
1.09214e-34 0.146442 0.197767 0.172537 0.104786 0.0762296 -6.3086e-35 -4.90234e-05 6.0892e-05 -1.33909e-05 6.39153e-06 9.27843e-07 0.0127756 0.0121456 0.0134456 
0.331796 0.188141 0.25634 0.22604 0.304726 0.268088 -0.0379259 -0.0108527 -0.000764361 -0.00690233 -0.0150268 -0.0248527 0.0515897 0.052968 0.0461879 
7.98757e-35 0.169605 2.03698e-34 0.089178 -3.43665e-35 0.0891798 -2.61602e-39 -4.03227e-06 -7.32866e-36 -2.52297e-06 -7.32289e-36 -1.40276e-06 4.29729e-07 0.000955228 0.00148246 
1.66782e-34 0.259778 0.345428 0.309364 0.160128 0.11215 -3.33645e-34 -0.0250012 -0.0537283 -0.0356137 -0.0112526 -0.00702269 -0.0650404 -0.0650459 -0.0610729 
0.271942 0.471945 0.0533409 0.183097 0.149887 0.352956 -0.00798906 -0.0624533 0.0476759 -0.0017129 0.0308292 -0.0320088 -0.117341 -0.118868 -0.117811 
1.54089e-34 0.25634 0.188141 0.22604 0.109063 0.149498 -2.52065e-34 -0.000764361 -0.0108527 -0.00690233 -0.00225966 -0.000295015 0.0504801 0.0461879 0.052968 
8.1903e-35 2.03433e-34 0.180935 0.095528 0.0955261 -4.68352e-35 -2.64483e-39 7.20012e-36 -4.30787e-06 -2.71844e-06 -1.59772e-06 7.20577e-36 -4.11527e-07 0.00147035 0.000914291 
0.337627 0.209755 0.15024 0.179985 0.252773 0.278447 0.00582915 0.00380007 0.00122523 0.00213393 0.00345211 0.00525585 0.017835 0.0203335 0.0178285 
0.422413 0.108693 0.382062 0.256999 0.400163 0.260454 -0.281767 -0.199878 -0.225584 -0.229226 -0.258197 -0.248996 -0.0424422 -0.0379882 0.0128181 
1.11274e-34 0.202655 0.153327 0.178465 0.0802564 0.107994 5.14415e-35 -0.000105545 -5.74883e-05 -7.27359e-05 -1.82356e-05 -4.28981e-05 0.0105021 0.0112922 0.00978161 
1.1532e-34 0.15024 0.209755 0.179985 0.111983 0.0793639 -9.22642e-35 0.00122523 0.00380007 0.00213393 0.00123348 0.000457906 0.0189213 0.0178285 0.0203335 
1.33787e-34 0.169247 0.23515 0.202431 0.12964 0.0926267 -1.28392e-34 0.00340804 0.00752942 0.00496622 0.0025466 0.00110414 0.0265253 0.0241247 0.0296111 
1.1061e-34 0.146829 0.202655 0.17536 0.10808 0.0767128 5.93866e-35 -4.24304e-05 -0.000105545 -6.98399e-05 -4.24045e-05 -1.91506e-05 0.0121226 0.0129478 0.0112922 
1.36721e-34 0.23515 0.182704 0.21067 0.0991173 0.135269 -1.61922e-34 0.00752942 0.00318576 0.00553594 0.00104865 0.00279202 0.033297 0.0296111 0.0373121 
1.10094e-34 0.149099 0.199225 0.174361 0.105482 0.0778024 -7.54316e-35 0.000230233 0.000983771 0.000492858 0.000321459 0.000115842 0.0153335 0.0146621 0.016035 
1.07095e-34 0.196294 0.146463 0.172103 0.0764437 0.104636 8.42613e-35 0.000930265 0.000176603 0.000423787 0.000109585 0.000297031 0.0171359 0.0179176 0.0163317 
1.05727e-34 0.142508 0.196294 0.170123 0.103861 0.0744565 9.17273e-35 0.00116656 0.000930265 0.00114985 0.000342692 0.000365311 0.0186097 0.0191371 0.0179176 
8.67734e-35 0.163723 0.128775 0.147256 0.0628893 0.0823909 8.89109e-35 0.00832938 0.00333331 0.00499255 0.00121368 0.0029468 0.0175831 0.0158696 0.0186968 
7.57841e-35 0.0988239 0.163723 0.131502 0.0755356 0.046498 6.77126e-35 0.00617939 0.00832938 0.00733535 0.00315364 0.00210181 0.0131033 0.00956928 0.0158696 
2.34588e-35 0.0855217 0.0577214 0.067808 0.0106151 0.0153982 -1.05079e-34 0.00774709 0.00715237 0.00766617 0.00141021 0.00238276 -0.0220633 -0.031466 -0.0144954 
1.10488e-34 0.199225 0.15024 0.174991 0.0782334 0.106319 -8.26422e-35 0.000983771 0.00122523 0.00120203 0.000368002 0.000367262 0.0168419 0.016035 0.0178285 
1.58243e-35 0.0374351 0.0855217 0.0563183 0.0103761 -0.000615455 -1.93439e-34 -0.00293113 0.00774709 0.000400985 0.00280398 -0.000488889 -0.0396504 -0.0474345 -0.031466 
1.0699e-34 0.143931 0.197121 0.171064 0.104584 0.0749236 -5.02172e-35 -5.2103e-05 -0.000114349 -7.11237e-05 -4.02523e-05 -1.49906e-05 0.0101614 0.00947363 0.0108386 
1.08525e-34 0.197121 0.146442 0.172252 0.0762607 0.104495 -5.67754e-35 -0.000114349 -4.90234e-05 -7.91784e-05 -1.16888e-05 -3.90965e-05 0.0114899 0.0108386 0.0121456 
0.286706 0.567158 0.382062 0.491713 0.330909 0.438323 -0.155122 -0.189777 -0.225584 -0.213752 -0.190693 -0.178942 0.0418296 0.0219999 0.0128181 
0.498836 0.497499 0.466369 0.486382 0.494438 0.499939 -0.000210207 -0.000163917 -0.000184606 -0.000178823 -0.000205108 -0.000186474 0.00686946 0.00600289 0.0067059 
8.1903e-35 0.180935 0.244906 0.213814 0.132658 0.0955261 -2.64483e-39 -4.30787e-06 -4.3601e-06 -4.11739e-06 -1.31218e-06 -1.59772e-06 -4.11527e-07 0.000914291 -8.93805e-08 
-0.0912476 0.329486 0.0342385 0.173599 -0.0300927 0.0915733 -0.0550641 -0.087997 0.0633548 -0.00166735 0.0268604 -0.0329859 -0.169349 -0.1939 -0.181568 
7.98757e-35 0.2449 0.169605 0.208468 0.0891798 0.132656 -2.61602e-39 -4.43574e-06 -4.03227e-06 -4.04308e-06 -1.40276e-06 -1.23986e-06 4.29729e-07 1.14412e-07 0.000955228 
0.355444 0.477816 0.434041 0.458838 0.398551 0.429999 -9.01463e-05 -0.000151923 -0.000186347 -0.000169854 -0.00013364 -0.000123161 0.00578778 0.00592533 0.00708285 
1.55386e-34 0.345428 0.214283 0.279326 0.0897535 0.130283 -3.21604e-34 -0.0537283 -0.0364647 -0.0444517 -0.0105472 -0.0107396 -0.0615809 -0.0610729 -0.0604448 
0.286706 0.197497 0.385346 0.291249 0.345022 0.23487 -0.155122 -0.0455779 -0.103716 -0.0872129 -0.129945 -0.104618 0.0418296 0.0547057 0.0493075 
0.331796 0.385346 0.197497 0.291249 0.272849 0.357119 -0.0379259 -0.103716 -0.0455779 -0.0872129 -0.0468867 -0.0714985 0.0515897 0.0493075 0.0547057 
0.694406 0.770219 0.675615 0.744159 0.698088 0.732249 -0.243306 -0.269118 -0.306067 -0.291281 -0.284834 -0.259928 -0.018378 -0.0544799 -0.0628984 
2.27439e-34 1.14297e-34 0.186972 0.0989079 0.0988932 -5.46311e-35 -3.63719e-35 -2.91851e-35 -3.7563e-05 -1.09627e-05 -2.37499e-05 -6.54737e-35 0.00735249 0.005907 0.00633424 
0.499654 0.497499 0.477816 0.497556 0.492978 0.499757 -0.000111875 -0.000163917 -0.000151923 -0.000161463 -0.000132212 -0.000136403 0.00481133 0.00600289 0.00592533 
0.498836 0.477816 0.497499 0.497556 0.499939 0.491617 -0.000210207 -0.000151923 -0.000163917 -0.000161463 -0.000186474 -0.000182266 0.00686946 0.00592533 0.00600289 
0.489798 0.489799 0.500002 0.49749 0.497413 0.500002 -1.56478e-05 -1.56773e-05 -2.36563e-05 -1.90553e-05 -1.90317e-05 -1.72061e-05 7.26878e-08 -9.19425e-08 0.000953195 
0.331796 0.197497 0.188141 0.202246 0.268088 0.272849 -0.0379259 -0.0455779 -0.0108527 -0.0245244 -0.0248527 -0.0468867 0.0515897 0.0547057 0.052968 
1.23824e-34 0.188141 0.197497 0.202246 0.119199 0.100775 -2.86313e-34 -0.0108527 -0.0455779 -0.0245244 -0.016888 -0.00606333 0.0548832 0.052968 0.0547057 
0.356916 0.472774 0.42761 0.452895 0.395243 0.426214 -8.27714e-05 -0.000118942 -6.95553e-05 -9.2277e-05 -7.70089e-05 -0.000103591 0.00553897 0.00528914 0.00425898 
4.55911e-34 0.776746 0.6258 0.706065 0.351309 0.458488 1.82463e-34 -0.00336786 -0.00146225 -0.00218365 -0.000487805 -0.00104329 -0.0385465 -0.0441437 -0.0346919 
0.99877 0.776746 0.997297 0.931243 0.997983 0.935794 -0.00269391 -0.00336786 -0.00487192 -0.00460436 -0.0040046 -0.0036316 -0.0336525 -0.0441437 -0.0428354 
0.990429 0.997297 0.776746 0.931243 0.918466 0.994501 -0.00723073 -0.00487192 -0.00336786 -0.00460436 -0.00575759 -0.00594692 -0.0519716 -0.0428354 -0.0441437 
0.547787 0.385346 0.465252 0.435347 0.504817 0.477182 -0.0923599 -0.103716 -0.0495702 -0.0760298 -0.0713646 -0.104827 0.0319255 0.0493075 0.0414263 
0.331796 0.465252 0.385346 0.435347 0.357119 0.405271 -0.0379259 -0.0495702 -0.103716 -0.0760298 -0.0714985 -0.0476214 0.0515897 0.0414263 0.0493075 
7.73067e-34 5.27945e-34 0.0533409 -0.00205195 0.0330916 1.03801e-33 2.91354e-34 9.24273e-35 0.0476759 0.0489189 0.02496 3.0157e-36 -0.133061 -0.122975 -0.117811 
0.330431 0.360951 0.197767 0.287105 0.268811 0.345972 -0.00012089 0.000368604 6.0892e-05 0.000251766 3.85464e-05 5.31952e-05 0.0123406 0.0136917 0.0134456 
0.337627 0.375467 0.209755 0.30101 0.278447 0.356444 0.00582915 0.0119477 0.00380007 0.00768488 0.00525585 0.00865021 0.017835 0.0204207 0.0203335 
0.271942 0.83367 0.836323 0.830989 0.596136 0.586879 -0.00798906 -0.114269 -0.0863661 -0.096293 -0.062275 -0.0630582 -0.117341 -0.130502 -0.115497 
1.23824e-34 1.54089e-34 0.188141 0.109063 0.100775 -2.4311e-35 -2.86313e-34 -2.52065e-34 -0.0108527 -0.00225966 -0.00606333 -5.20283e-34 0.0548832 0.0504801 0.052968 
0.990429 0.649724 0.839616 0.753353 0.938478 0.881878 -0.00723073 -0.00393725 -0.00951234 -0.00607846 -0.00928804 -0.00690633 -0.0519716 -0.0557556 -0.0648041 
0.248149 0.299042 0.125347 0.214232 0.184326 0.273382 0.0231838 0.0287899 0.0130401 0.0212164 0.0197685 0.0267624 -0.0102983 0.00439023 0.000349272 
0.310331 0.349939 0.18808 0.276291 0.254288 0.331164 0.0133031 0.00925083 0.00374028 0.0067007 0.00814395 0.011165 0.0196725 0.0198985 0.0196593 
0.33057 0.360233 0.198439 0.287059 0.269422 0.345866 0.000850501 0.000127341 2.64751e-05 0.000102263 0.000332919 0.000428099 0.0160684 0.0141947 0.0145659 
1.08728e-34 0.153327 0.202391 0.178331 0.107811 0.0802103 4.37746e-35 -5.74883e-05 -7.47701e-05 -6.83158e-05 -2.63183e-05 -1.91258e-05 0.00893639 0.00978161 0.00845188 
1.08728e-34 1.11274e-34 0.153327 0.0802564 0.0802103 -1.72807e-35 4.37746e-35 5.14415e-35 -5.74883e-05 -1.82356e-05 -1.91258e-05 9.52776e-35 0.00893639 0.0105021 0.00978161 
0.307017 0.202391 0.153327 0.178331 0.235774 0.25752 -0.000180867 -7.47701e-05 -5.74883e-05 -6.83158e-05 -0.000125279 -0.000126823 0.00974208 0.00845188 0.00978161 
1.33787e-34 1.20944e-34 0.169247 0.0894918 0.0926267 -1.49179e-35 -1.28392e-34 -1.06876e-34 0.00340804 0.00106624 0.00110414 -2.39306e-34 0.0265253 0.0219871 0.0241247 
3.38698e-34 3.90504e-34 0.379909 0.198701 0.184777 -1.55605e-35 -3.73557e-34 -3.64995e-34 -0.0200115 -0.00650122 -0.00571518 -7.04432e-34 -0.0723069 -0.0716818 -0.0712417 
1.66782e-34 2.95165e-34 0.259778 0.131831 0.11215 -1.71308e-35 -3.33645e-34 -3.46356e-34 -0.0250012 -0.00852322 -0.00702269 -6.43032e-34 -0.0650404 -0.0664709 -0.0650459 
1.10094e-34 1.08489e-34 0.149099 0.0775971 0.0778024 -1.42431e-35 -7.54316e-35 -6.91398e-35 0.000230233 6.42789e-05 0.000115842 -1.44909e-34 0.0153335 0.0140143 0.0146621 
1.09312e-34 1.07095e-34 0.146463 0.0764437 0.076634 -1.09665e-35 7.60145e-35 8.42613e-35 0.000176603 0.000109585 6.20333e-05 1.59983e-34 0.0154953 0.0171359 0.0163317 
1.1061e-34 1.06763e-34 0.146829 0.0767548 0.0767128 -1.09697e-35 5.93866e-35 6.75736e-35 -4.24304e-05 -6.11149e-06 -1.91506e-05 1.26985e-34 0.0121226 0.0137854 0.0129478 
9.85271e-35 8.67734e-35 0.128775 0.0628893 0.0660754 -1.27871e-35 9.69252e-35 8.89109e-35 0.00333331 0.00121368 0.000988481 1.81876e-34 0.0194308 0.0175831 0.0186968 
1.05727e-34 1.00955e-34 0.142508 0.0733476 0.0744565 -1.13187e-35 9.17273e-35 9.67314e-35 0.00116656 0.000477675 0.000365311 1.87033e-34 0.0186097 0.019512 0.0191371 
4.30934e-35 2.34588e-35 0.0577214 0.0106151 0.0171825 -1.86315e-35 -2.83885e-35 -1.05079e-34 0.00715237 0.00141021 0.00187289 -1.41091e-34 -0.00671498 -0.0220633 -0.0144954 
7.57841e-35 5.70443e-35 0.0988239 0.0405069 0.046498 -1.55988e-35 6.77126e-35 3.06638e-35 0.00617939 0.00199926 0.00210181 9.14184e-35 0.0131033 0.00539874 0.00956928 
0.974334 0.836323 0.83367 0.830989 0.935429 0.939732 -0.11991 -0.0863661 -0.114269 -0.096293 -0.134501 -0.114559 -0.0985934 -0.115497 -0.130502 
1.0699e-34 9.89946e-35 0.143931 0.0749689 0.0749236 -9.62953e-36 -5.02172e-35 -4.33692e-35 -5.2103e-05 -1.9959e-05 -1.49906e-05 -9.35324e-35 0.0101614 0.00877664 0.00947363 
1.09214e-34 1.08525e-34 0.146442 0.0762607 0.0762296 -1.22109e-35 -6.3086e-35 -5.67754e-35 -4.90234e-05 -1.16888e-05 9.27843e-07 -1.1984e-34 0.0127756 0.0114899 0.0121456 
1.58243e-35 2.18189e-35 0.0374351 0.00152527 -0.000615455 -1.29399e-35 -1.93439e-34 -2.65321e-34 -0.00293113 -0.00216344 -0.000488889 -4.57472e-34 -0.0396504 -0.0531957 -0.0474345 
1.1532e-34 1.10488e-34 0.15024 0.0782334 0.0793639 -1.11069e-35 -9.22642e-35 -8.26422e-35 0.00122523 0.000368002 0.000457906 -1.76456e-34 0.0189213 0.0168419 0.0178285 
1.48875e-34 1.36721e-34 0.182704 0.0991173 0.102522 -2.92044e-36 -2.03305e-34 -1.61922e-34 0.00318576 0.00104865 0.000243491 -3.681e-34 0.0412611 0.033297 0.0373121 
0.469683 0.551547 0.571337 0.566485 0.52733 0.5058 0.00736117 -0.0540141 -0.0393753 -0.0449009 -0.0130497 -0.0163646 -0.00367505 -0.0148799 0.00648322 
0.908796 0.836323 0.9756 0.954893 0.973785 0.87481 -0.0751043 -0.0863661 -0.0922972 -0.101642 -0.0921725 -0.0825152 -0.106604 -0.115497 -0.0918226 
4.98841e-34 4.98159e-34 -0.0246549 -0.00958215 -0.00683077 1.01322e-33 6.12843e-35 2.06485e-35 0.0654476 0.0300705 0.050252 -6.14417e-36 -0.121296 -0.121457 -0.122192 
0.999135 0.999588 0.839616 0.956259 0.965156 0.999773 -0.0175558 -0.0118954 -0.00951234 -0.011803 -0.0152591 -0.0143366 -0.0682131 -0.0597847 -0.0648041 
0.990429 0.839616 0.999588 0.956259 0.996765 0.938478 -0.00723073 -0.00951234 -0.0118954 -0.011803 -0.00994549 -0.00928804 -0.0519716 -0.0648041 -0.0597847 
2.03514e-34 0.437777 0.75 0.609544 0.4375 0.234531 3.62772e-35 -0.00024836 -6.05263e-37 -0.000199462 -2.10588e-37 -0.000106807 -0.0152654 -0.0209542 -0.0150822 
0.352903 0.396858 0.25634 0.336193 0.310222 0.378692 0.0114532 -0.002518 -0.000764361 -0.00293328 0.00451876 0.00659599 0.0367985 0.0421001 0.0461879 
2.18189e-35 0.106659 0.0374351 0.0669717 0.00152527 0.0224478 -2.65321e-34 -0.0155854 -0.00293113 -0.00695587 -0.00216344 -0.00493823 -0.0531957 -0.0556113 -0.0474345 
0.231607 0.0374351 0.106659 0.0669717 0.168675 0.124428 -0.0133808 -0.00293113 -0.0155854 -0.00695587 -0.0219921 -0.00947823 -0.0488013 -0.0474345 -0.0556113 
0.974334 0.9756 0.836323 0.954893 0.939732 0.977357 -0.11991 -0.0922972 -0.0863661 -0.101642 -0.114559 -0.105508 -0.0985934 -0.0918226 -0.115497 
0.617885 0.571337 0.551547 0.566485 0.60358 0.596983 -0.103214 -0.0393753 -0.0540141 -0.0449009 -0.0772805 -0.0687075 0.00759083 0.00648322 -0.0148799 
0.304698 0.143931 0.196012 0.170483 0.253353 0.230287 -0.000186563 -5.2103e-05 -6.88883e-05 -6.21718e-05 -0.000121683 -0.000121497 0.00957318 0.00947363 0.00838771 
9.89946e-35 0.196012 0.143931 0.170483 0.0749689 0.103986 -4.33692e-35 -6.88883e-05 -5.2103e-05 -6.21718e-05 -1.9959e-05 -2.63322e-05 0.00877664 0.00838771 0.00947363 
-0.224407 -0.112725 -0.110682 -0.125399 -0.168614 -0.161634 0.0580413 0.107401 0.0540215 0.0843671 0.0632822 0.0811619 -0.149411 -0.136868 -0.129105 
0.908796 0.471945 0.836323 0.683039 0.87481 0.749424 -0.0751043 -0.0624533 -0.0863661 -0.0730905 -0.0825152 -0.0679248 -0.106604 -0.118868 -0.115497 
-2.28731e-34 -0.234477 -0.271202 -0.265529 -0.227798 -0.233148 5.36158e-34 -0.0205572 0.0267041 0.00474584 0.00544656 -0.00663589 -0.108352 -0.0997021 -0.133179 
7.73067e-34 0.0533409 0.471945 0.183097 0.261143 0.0330916 2.91354e-34 0.0476759 -0.0624533 -0.0017129 -0.0387526 0.02496 -0.133061 -0.117811 -0.118868 
-0.058624 -0.114876 0.108693 -0.037486 0.0135931 -0.118443 -0.132531 -0.0844009 -0.199878 -0.145204 -0.16935 -0.10525 -0.102732 -0.0374551 -0.0379882 
0.307012 0.198439 0.360233 0.287059 0.334734 0.255784 -0.000146713 2.64751e-05 0.000127341 0.000102263 -5.47539e-05 -4.21084e-05 0.0128541 0.0145659 0.0141947 
0.0816013 0.108693 -0.114876 -0.037486 -0.0299134 0.085004 -0.150961 -0.199878 -0.0844009 -0.145204 -0.124983 -0.173258 0.00945869 -0.0379882 -0.0374551 
0.301322 0.18808 0.349939 0.276291 0.326934 0.247906 0.00427004 0.00374028 0.00925083 0.0067007 0.0064733 0.00448848 0.0192454 0.0196593 0.0198985 
0.253476 0.125347 0.299042 0.214232 0.275268 0.191097 0.0220127 0.0130401 0.0287899 0.0212164 0.0260089 0.0180535 0.0108582 0.000349272 0.00439023 
0.331166 0.209755 0.375467 0.30101 0.354049 0.27324 0.0126064 0.00380007 0.0119477 0.00768488 0.0126124 0.00774404 0.0236568 0.0203335 0.0204207 
0.307547 0.197767 0.360951 0.287105 0.335276 0.255528 0.000920632 6.0892e-05 0.000368604 0.000251766 0.000610302 0.000391774 0.0147017 0.0134456 0.0136917 
0.46095 0.465774 0.494967 0.483674 0.482003 0.463504 0.00203187 0.00481624 0.00321163 0.00394385 0.00257087 0.00318038 0.0160179 0.0174748 0.0161575 
0.476489 0.465252 0.396858 0.43377 0.440134 0.472549 -0.0142191 -0.0495702 -0.002518 -0.0237619 -0.00915176 -0.0314639 0.036042 0.0414263 0.0421001 
0.500009 0.494967 0.465774 0.483674 0.490921 0.498552 0.00565304 0.00321163 0.00481624 0.00394385 0.00529651 0.00433976 0.016901 0.0161575 0.0174748 
0.573874 0.655755 0.551547 0.609758 0.561192 0.633322 -0.117027 -0.137237 -0.0540141 -0.0917845 -0.0827344 -0.127402 -0.0402682 -0.0142293 -0.0148799 
1.14528e-34 0.192832 0.199043 0.195945 0.105829 0.102286 2.89212e-35 -3.79101e-05 -2.5056e-05 -3.01289e-05 -5.91205e-06 -1.10921e-05 0.00590282 0.00626068 0.00526981 
0.447125 0.448008 0.489951 0.47281 0.471707 0.447652 0.0246864 0.0317588 0.0297879 0.0314299 0.0272864 0.0286588 0.0202093 0.0190154 0.0205182 
0.617885 0.551547 0.655755 0.609758 0.638357 0.60358 -0.103214 -0.0540141 -0.137237 -0.0917845 -0.119589 -0.0772805 0.00759083 -0.0148799 -0.0142293 
0.50102 0.489951 0.448008 0.47281 0.482498 0.496435 0.0326003 0.0297879 0.0317588 0.0314299 0.0335849 0.0316636 0.0218268 0.0205182 0.0190154 
1.14297e-34 0.204566 0.186972 0.195831 0.0989079 0.108945 -2.91851e-35 -2.87061e-05 -3.7563e-05 -3.25347e-05 -1.09627e-05 -7.40984e-06 0.005907 0.00539558 0.00633424 
0.500005 0.491682 0.495822 0.499826 0.498992 0.497871 -0.00034653 -0.000284464 -0.000283867 -0.000276418 -0.000318248 -0.000321111 0.00907674 0.00793339 0.00801622 
0.453877 0.468995 0.49518 0.484939 0.479824 0.461803 -0.000326182 -0.000331879 -0.000382578 -0.000374512 -0.000350305 -0.000355064 0.0095315 0.0110325 0.0100887 
0.50001 0.49518 0.468995 0.484939 0.492274 0.498793 -0.00036629 -0.000382578 -0.000331879 -0.000374512 -0.000377496 -0.000382314 0.0110226 0.0100887 0.0110325 
0.908796 0.9756 0.984196 0.979875 0.978065 0.973785 -0.0751043 -0.0922972 -0.0686415 -0.0809457 -0.0802952 -0.0921725 -0.106604 -0.0918226 -0.0888839 
0.50001 0.495282 0.467351 0.484426 0.491829 0.498826 -0.00036629 -0.000229935 -0.000343116 -0.000316449 -0.000341933 -0.000321801 0.0110226 0.0119317 0.0109863 
0.461338 0.467351 0.495282 0.484426 0.482388 0.464384 -0.000142702 -0.000343116 -0.000229935 -0.000316449 -0.00022382 -0.000268234 0.0122606 0.0109863 0.0119317 
0.314894 0.202391 0.358157 0.28741 0.337244 0.261974 -0.000111585 -7.47701e-05 -0.00019037 -0.000129255 -0.000152327 -9.25074e-05 0.00718485 0.00845188 0.0084799 
0.307017 0.358157 0.202391 0.28741 0.25752 0.333568 -0.000180867 -0.00019037 -7.47701e-05 -0.000129255 -0.000126823 -0.000191804 0.00974208 0.0084799 0.00845188 
0.651389 0.925287 0.83233 0.88227 0.754991 0.813154 -0.0979899 -0.137511 -0.161481 -0.154835 -0.128558 -0.124707 -0.068619 -0.0872402 -0.0770929 
0.309497 0.734305 0.83367 0.782737 0.561885 0.524675 0.0196781 -0.137352 -0.114269 -0.12588 -0.0714537 -0.0668034 -0.157943 -0.15036 -0.130502 
0.500009 0.496555 0.471244 0.486913 0.493321 0.499325 0.00565304 0.00874773 0.0053014 0.006908 0.00559283 0.00709004 0.016901 0.0176364 0.0164363 
0.46585 0.471244 0.496555 0.486913 0.485138 0.468438 0.00962846 0.0053014 0.00874773 0.006908 0.0092522 0.00724579 0.0177372 0.0164363 0.0176364 
0.952474 0.83233 0.925287 0.88227 0.95589 0.926759 -0.18762 -0.161481 -0.137511 -0.154835 -0.166753 -0.186419 -0.113989 -0.0770929 -0.0872402 
0.271942 0.836323 0.471945 0.683039 0.352956 0.596136 -0.00798906 -0.0863661 -0.0624533 -0.0730905 -0.0320088 -0.062275 -0.117341 -0.115497 -0.118868 
0.50102 0.507596 0.491143 0.504011 0.50363 0.504131 0.0326003 0.0285668 0.0290463 0.0300157 0.0307526 0.0319305 0.0218268 0.0227597 0.0248834 
0.952474 0.83367 0.734305 0.782737 0.888952 0.920234 -0.18762 -0.114269 -0.137352 -0.12588 -0.176041 -0.162584 -0.113989 -0.130502 -0.15036 
0.37902 0.389627 0.106659 0.237405 0.221248 0.387151 -0.0790454 -0.0728799 -0.0155854 -0.0413414 -0.0418169 -0.0794251 -0.0610757 -0.0582984 -0.0556113 
0.482428 0.491143 0.507596 0.504011 0.503785 0.488386 0.0160547 0.0290463 0.0285668 0.0300157 0.024053 0.0247753 0.0310637 0.0248834 0.0227597 
0.821313 0.984196 0.9756 0.979875 0.924024 0.927869 -0.0614378 -0.0686415 -0.0922972 -0.0809457 -0.0798856 -0.0683586 -0.0774702 -0.0888839 -0.0918226 
0.396272 0.673987 0.329486 0.497748 0.350606 0.532912 -0.24604 -0.244737 -0.087997 -0.179213 -0.176013 -0.24643 -0.133192 -0.15331 -0.1939 
0.685056 0.329486 0.673987 0.497748 0.677361 0.499323 -0.180191 -0.087997 -0.244737 -0.179213 -0.216111 -0.135905 -0.167435 -0.1939 -0.15331 
0.289007 0.342568 0.196012 0.275257 0.244619 0.316767 -9.53627e-05 -0.000180046 -6.88883e-05 -0.000120794 -8.56233e-05 -0.000134028 0.00722916 0.00824834 0.00838771 
-0.0766139 -0.110682 -0.112725 -0.125399 -0.0947177 -0.104257 0.0882231 0.0540215 0.107401 0.0843671 0.103588 0.0739968 -0.126781 -0.129105 -0.136868 
0.231607 0.106659 0.389627 0.237405 0.300169 0.168675 -0.0133808 -0.0155854 -0.0728799 -0.0413414 -0.039644 -0.0219921 -0.0488013 -0.0556113 -0.0582984 
0.304698 0.196012 0.342568 0.275257 0.324146 0.253353 -0.000186563 -6.88883e-05 -0.000180046 -0.000120794 -0.000189185 -0.000121683 0.00957318 0.00838771 0.00824834 
0.466369 0.497499 0.472774 0.488444 0.469654 0.486382 -0.000184606 -0.000163917 -0.000118942 -0.000142271 -0.000148092 -0.000178823 0.0067059 0.00600289 0.00528914 
0.793017 0.675615 0.770219 0.744159 0.786403 0.73744 -0.30947 -0.306067 -0.269118 -0.291281 -0.296379 -0.309638 -0.100294 -0.0628984 -0.0544799 
0.552892 0.521739 0.507084 0.526068 0.53212 0.536319 -0.0228675 -0.00633188 0.0163204 0.00437884 0.000264623 -0.0150558 0.0191382 0.0268666 0.0148748 
0.499855 0.497272 0.490213 0.500018 0.496173 0.500676 0.0243343 0.018295 0.0183429 0.0183603 0.021427 0.0214015 0.0205934 0.0195359 0.0198989 
0.500016 0.493559 0.493811 0.499999 0.498396 0.498445 0.00166938 0.000588567 0.00061526 0.000648653 0.00106118 0.00104294 0.0149607 0.0138192 0.0141276 
0.499654 0.472774 0.497499 0.488444 0.499757 0.49465 -0.000111875 -0.000118942 -0.000163917 -0.000142271 -0.000136403 -0.000117813 0.00481133 0.00528914 0.00600289 
0.498836 0.495822 0.491682 0.499826 0.496076 0.499772 -0.000210207 -0.000283867 -0.000284464 -0.000276418 -0.000245108 -0.000242726 0.00686946 0.00801622 0.00793339 
0.500006 0.493811 0.493559 0.499999 0.498342 0.498518 0.000102224 0.00061526 0.000588567 0.000648653 0.000319935 0.000326547 0.0129865 0.0141276 0.0138192 
0.499979 0.490213 0.497272 0.500018 0.499833 0.497001 0.0132051 0.0183429 0.018295 0.0183603 0.0156329 0.015685 0.0188439 0.0198989 0.0195359 
0.512331 0.507084 0.521739 0.526068 0.520297 0.510823 0.0210858 0.0163204 -0.00633188 0.00437884 0.0093445 0.0182321 0.0208089 0.0148748 0.0268666 
4.98159e-34 -0.0316883 -0.0246549 -0.0322642 -0.00958215 -0.010301 2.06485e-35 0.0261031 0.0654476 0.0473348 0.0300705 0.0197604 -0.121457 -0.124064 -0.122192 
-0.0766139 -0.0246549 -0.0316883 -0.0322642 -0.0616185 -0.0488925 0.0882231 0.0654476 0.0261031 0.0473348 0.0555975 0.0776007 -0.126781 -0.122192 -0.124064 
4.98841e-34 -0.0246549 -0.0148247 -0.0292352 -0.00702472 -0.00683077 6.12843e-35 0.0654476 0.121857 0.0967065 0.0880644 0.050252 -0.121296 -0.122192 -0.124755 
-0.0766139 -0.0148247 -0.0246549 -0.0292352 -0.0488925 -0.0463327 0.0882231 0.121857 0.0654476 0.0967065 0.0776007 0.107083 -0.126781 -0.124755 -0.122192 
