0.424886 0.825979 7.51968e-34 0.54154 0.235726 0.657027 -0.0489966 -0.0270603 3.10989e-34 -0.0350657 -0.0303709 -0.0467587 -0.125419 -0.118055 -0.137698 
-0.105046 -0.13068 0.178735 0.0275384 0.0281679 -0.111829 0.0791372 0.0623709 0.0130199 0.043786 0.0588552 0.0751347 -0.135859 -0.148183 -0.148908 
0.503931 0.455498 0.504832 0.50081 0.504915 0.493076 0.0223069 0.0473599 0.0348709 0.0429287 0.0283323 0.0339752 0.0101847 0.0177393 0.00865022 
0.561927 0.376966 0.609704 0.525693 0.58544 0.493535 0.135193 0.12292 0.123955 0.132372 0.132091 0.13941 -0.0057117 -0.0345349 -0.0129431 
0.602537 0.346711 0.671805 0.524087 0.637976 0.483145 -0.0890761 -0.0968949 -0.149137 -0.12777 -0.11855 -0.0991337 -0.0611096 -0.0681481 -0.049557 
0.238855 0.236803 0.749183 0.484798 0.483126 0.237232 -0.0469728 -0.0962454 -0.214534 -0.154984 -0.13271 -0.0726994 -0.154753 -0.148379 -0.12964 
0.386567 0.323785 0.216533 0.274025 0.313606 0.359395 0.0145778 0.000931781 0.00348509 0.00290656 0.00916781 0.00656825 0.0186884 0.015976 0.0195832 
0.759574 0.572395 0.741646 0.703335 0.751001 0.727098 -0.276206 -0.25164 -0.253757 -0.266385 -0.267629 -0.280644 -0.0567976 -0.0410627 -0.0402143 
0.882728 0.825979 0.424886 0.657027 0.706033 0.857182 -0.0522114 -0.0270603 -0.0489966 -0.0467587 -0.0516217 -0.0405551 -0.116178 -0.118055 -0.125419 
0.596074 0.27054 0.485471 0.392014 0.548009 0.445035 -0.100141 -0.0369593 -0.0295439 -0.0422407 -0.0629766 -0.0773541 0.021779 0.0399768 0.0270489 
0.759574 0.683741 0.572395 0.626978 0.727098 0.758796 -0.276206 -0.281971 -0.25164 -0.270068 -0.280644 -0.290777 -0.0567976 -0.076371 -0.0410627 
0.367125 0.329745 0.473164 0.417606 0.430967 0.349229 -0.00620663 -0.00500812 -0.00768857 -0.00664074 -0.00759261 -0.00586447 0.00672369 0.0100824 0.00803177 
0.456029 0.473164 0.329745 0.417606 0.404481 0.465192 -0.00369248 -0.00768857 -0.00500812 -0.00664074 -0.00544934 -0.00598943 0.0106199 0.00803177 0.0100824 
0.561927 0.53602 0.516768 0.557438 0.539638 0.574044 0.135193 0.0898298 0.129291 0.112666 0.133499 0.115081 -0.0057117 0.00332837 0.00182932 
0.503931 0.45533 0.497317 0.495921 0.501244 0.490402 0.0223069 0.00439761 0.0110697 0.0081551 0.0164029 0.0120224 0.0101847 0.00518032 0.0112666 
0.500813 0.45533 0.48854 0.474364 0.496779 0.488438 0.00260881 0.00439761 -0.00449916 -0.000618629 -0.00148798 0.00339144 0.00869008 0.00518032 0.00669609 
0.48854 0.45533 0.431111 0.44303 0.465472 0.474364 -0.00449916 0.00439761 -0.00349749 0.000175994 -0.00396634 -0.000618629 0.00669609 0.00518032 0.00496464 
0.497733 0.275078 0.369011 0.327615 0.436518 0.404773 0.0667244 0.020836 0.0360771 0.0297936 0.0501832 0.040363 0.00508108 0.00773484 0.0035677 
0.596074 0.485471 0.707105 0.641854 0.682293 0.548009 -0.100141 -0.0295439 -0.0248352 -0.0288489 -0.0637739 -0.0629766 0.021779 0.0270489 -0.0153882 
-0.0109543 -0.0215451 -0.0302618 -0.0362604 -0.0234459 -0.0219206 0.0413944 0.0285304 0.0560131 0.0436009 0.0460043 0.0398189 -0.122659 -0.122163 -0.121692 
0.854735 0.83914 0.802958 0.881052 0.828366 0.895454 -0.181136 -0.197529 -0.206893 -0.227948 -0.197104 -0.206155 -0.0869595 -0.122924 -0.0774663 
0.683741 0.562203 0.310108 0.43233 0.507981 0.628891 -0.281971 -0.207714 -0.179472 -0.19484 -0.232837 -0.252457 -0.076371 -0.124115 -0.0870749 
0.749183 0.802958 0.83914 0.881052 0.795275 0.864111 -0.214534 -0.206893 -0.197529 -0.227948 -0.209347 -0.24906 -0.12964 -0.0774663 -0.122924 
0.497733 0.369011 0.53602 0.475417 0.524132 0.436518 0.0667244 0.0360771 0.0898298 0.0609689 0.0800381 0.0501832 0.00508108 0.0035677 0.00332837 
0.386567 0.459728 0.323785 0.404753 0.359395 0.42859 0.0145778 0.00441961 0.000931781 0.00263362 0.00656825 0.00928949 0.0186884 0.0132856 0.015976 
0.80421 0.562203 0.683741 0.628891 0.751908 0.721968 -0.288549 -0.207714 -0.281971 -0.252457 -0.291513 -0.270356 -0.0869374 -0.124115 -0.076371 
0.37642 0.287039 0.45533 0.384691 0.420307 0.332386 0.00917013 -0.000432164 0.00439761 0.00177141 0.00739333 0.0035683 0.00280973 0.00291975 0.00518032 
0.386567 0.298006 0.455498 0.387184 0.424427 0.346555 0.0145778 0.0223 0.0473599 0.0370214 0.0294837 0.018855 0.0186884 0.0218478 0.0177393 
0.602537 0.707105 0.503758 0.651305 0.551302 0.683103 -0.0890761 -0.0248352 -0.0259556 -0.0182428 -0.0564494 -0.0498537 -0.0611096 -0.0153882 -0.0696926 
0.240832 0.0818601 0.376966 0.216866 0.299331 0.15933 0.10154 0.0632097 0.12292 0.0928691 0.11489 0.0851539 -0.00714912 -0.0312888 -0.0345349 
0.124465 0.0539031 0.346711 0.185524 0.230778 0.0878427 -0.0475398 -0.0464328 -0.0968949 -0.0762977 -0.0755702 -0.0554433 -0.0760969 -0.0647469 -0.0681481 
0.240832 0.239062 0.0504976 0.145408 0.13769 0.239062 0.10154 0.068075 0.0325762 0.0548709 0.069938 0.0872738 -0.00714912 0.0143407 -0.0044244 
0.386567 0.216533 0.298006 0.263704 0.346555 0.313606 0.0145778 0.00348509 0.0223 0.0113964 0.018855 0.00916781 0.0186884 0.0195832 0.0218478 
0.240832 0.425543 0.239062 0.332107 0.239062 0.341659 0.10154 0.11696 0.068075 0.0971754 0.0872738 0.11618 -0.00714912 0.00873727 0.0143407 
0.124465 0.0453975 -0.0559695 -0.0227175 0.0136635 0.0775796 -0.0475398 0.00510951 -0.020763 -0.0228118 -0.0399486 -0.0235132 -0.0760969 -0.0736988 -0.0694137 
0.240832 0.0504976 0.0818601 0.0587672 0.15933 0.13769 0.10154 0.0325762 0.0632097 0.0506019 0.0851539 0.069938 -0.00714912 -0.0044244 -0.0312888 
0.440406 0.20163 0.117184 0.164091 0.259992 0.310222 -0.120025 -0.0448519 -0.0135994 -0.0269766 -0.0493877 -0.0739708 -0.0573388 -0.0549757 -0.0591677 
0.124465 -0.0559695 0.0539031 -0.00405656 0.0878427 0.0136635 -0.0475398 -0.020763 -0.0464328 -0.0364998 -0.0554433 -0.0399486 -0.0760969 -0.0694137 -0.0647469 
0.414663 0.239062 0.425543 0.332107 0.420097 0.336555 0.0787179 0.068075 0.11696 0.0971754 0.0977927 0.0785952 0.017592 0.0143407 0.00873727 
0.124465 0.321915 0.0453975 0.17048 0.0775796 0.213475 -0.0475398 -0.00560511 0.00510951 -0.00511087 -0.0235132 -0.0368741 -0.0760969 -0.0784052 -0.0736988 
0.282812 0.0453975 0.321915 0.17048 0.29711 0.151014 0.0591923 0.00510951 -0.00560511 -0.00511087 0.0275047 0.0246863 -0.0635837 -0.0736988 -0.0784052 
0.387073 0.461807 0.485468 0.475114 0.447768 0.429401 -0.00420191 -0.00400551 -0.00715445 -0.00545544 -0.00575905 -0.0041856 0.00279046 0.00157259 0.00317084 
0.500025 0.485468 0.461807 0.475114 0.489895 0.496084 -0.00569979 -0.00715445 -0.00400551 -0.00545544 -0.00496051 -0.00648266 0.00209909 0.00317084 0.00157259 
0.440406 0.568006 0.20163 0.375345 0.310222 0.510196 -0.120025 -0.183588 -0.0448519 -0.10745 -0.0739708 -0.154982 -0.0573388 -0.056725 -0.0549757 
0.366684 0.20163 0.568006 0.375345 0.462647 0.281373 -0.113815 -0.0448519 -0.183588 -0.10745 -0.14514 -0.0829725 -0.0579815 -0.0549757 -0.056725 
0.596074 0.697554 0.363149 0.56253 0.498561 0.653188 -0.100141 -0.20428 -0.119235 -0.167617 -0.117492 -0.149501 0.021779 -0.00921898 0.028045 
0.658218 0.488905 0.629559 0.579798 0.64609 0.587784 0.0413173 0.0420718 0.0915719 0.0644947 0.0703788 0.0481217 -0.00286084 0.0106005 -0.00436119 
0.497733 0.629559 0.488905 0.579798 0.496953 0.572463 0.0667244 0.0915719 0.0420718 0.0644947 0.0573343 0.0812377 0.00508108 -0.00436119 0.0106005 
0.478822 0.33594 0.474794 0.418709 0.475642 0.41558 0.0533551 0.0173407 0.0350734 0.0266947 0.0444063 0.0332173 0.00368645 0.00173555 0.00499083 
0.37642 0.474794 0.33594 0.418709 0.356003 0.431013 0.00917013 0.0350734 0.0173407 0.0266947 0.0133946 0.0202251 0.00280973 0.00499083 0.00173555 
0.514081 0.504832 0.455498 0.50081 0.493479 0.511041 0.0579807 0.0348709 0.0473599 0.0429287 0.0541512 0.0456606 0.0108095 0.00865022 0.0177393 
0.440406 0.368569 0.802958 0.618452 0.642328 0.408881 -0.120025 -0.075268 -0.206893 -0.145926 -0.168654 -0.0983767 -0.0573388 -0.0621691 -0.0774663 
0.584309 0.609704 0.376966 0.525693 0.485605 0.60285 0.110938 0.123955 0.12292 0.132372 0.121341 0.120169 -0.0299227 -0.0129431 -0.0345349 
0.456029 0.459728 0.498055 0.484902 0.483839 0.458276 -0.00369248 0.00441961 -0.00350911 -0.000226142 -0.00396824 -0.000119728 0.0106199 0.0132856 0.00859505 
0.663571 0.671805 0.346711 0.524087 0.513963 0.667496 -0.186149 -0.149137 -0.0968949 -0.12777 -0.138239 -0.169089 -0.0520225 -0.049557 -0.0681481 
2.69804e-34 0.212567 0.288919 0.2526 0.158773 0.112303 -2.05803e-35 -0.00141226 -0.00359576 -0.00243439 -0.00137233 -0.000729048 0.00367743 0.00284773 0.00371828 
0.500813 0.498055 0.459728 0.484902 0.491581 0.500228 0.00260881 -0.00350911 0.00441961 -0.000226142 0.00365022 -0.000834485 0.00869008 0.00859505 0.0132856 
9.35035e-35 2.75368e-34 0.217576 0.117767 0.116923 -9.25923e-35 1.41469e-35 2.29361e-35 -0.00136647 -0.000696612 -0.000317319 4.01532e-35 0.00295332 0.00513805 0.00288714 
0.217576 2.75368e-34 0.300203 0.167977 0.260246 0.117767 -0.00136647 2.29361e-35 -0.00354455 -0.00133309 -0.0023997 -0.000696612 0.00288714 0.00513805 0.00463562 
0.658218 0.653847 0.707105 0.686823 0.685778 0.677462 0.0413173 0.0737456 -0.0248352 0.0299228 0.0115756 0.0637711 -0.00286084 -0.0326597 -0.0153882 
0.37642 0.180584 0.287039 0.236033 0.332386 0.286912 0.00917013 0.00108943 -0.000432164 0.00107274 0.0035683 0.00519236 0.00280973 0.00192137 0.00291975 
0.590957 0.707105 0.653847 0.686823 0.628871 0.673432 0.0274451 -0.0248352 0.0737456 0.0299228 0.0557462 0.00908997 -0.0539449 -0.0153882 -0.0326597 
0.533542 0.516768 0.53602 0.557438 0.547917 0.528608 0.104266 0.129291 0.0898298 0.112666 0.100047 0.117557 0.00737813 0.00182932 0.00332837 
0.500813 0.497317 0.45533 0.495921 0.488438 0.500558 0.00260881 0.0110697 0.00439761 0.0081551 0.00339144 0.00644617 0.00869008 0.0112666 0.00518032 
-0.0302618 -0.0215451 -0.0443939 -0.0333131 -0.0486084 -0.0362604 0.0560131 0.0285304 0.0328677 0.0300567 0.0469027 0.0436009 -0.121692 -0.122163 -0.123193 
8.32615e-34 0.843813 0.842611 0.843357 0.511098 0.510925 -3.06598e-34 -0.00266241 -0.00526109 -0.00372071 -0.00196047 -0.00139065 -0.0618732 -0.0570765 -0.0699872 
0.440406 0.117184 0.368569 0.222501 0.408881 0.259992 -0.120025 -0.0135994 -0.075268 -0.0353427 -0.0983767 -0.0493877 -0.0573388 -0.0591677 -0.0621691 
0.323785 0.169924 0.216533 0.195256 0.274025 0.25416 0.000931781 -0.000114349 0.00348509 0.00111948 0.00290656 0.000165767 0.015976 0.0162968 0.0195832 
0.37642 0.33594 0.180584 0.258634 0.286912 0.356003 0.00917013 0.0173407 0.00108943 0.00734722 0.00519236 0.0133946 0.00280973 0.00173555 0.00192137 
0.561927 0.417144 0.376966 0.395716 0.493535 0.499697 0.135193 0.134485 0.12292 0.131656 0.13941 0.140175 -0.0057117 -0.00780527 -0.0345349 
0.602537 0.344646 0.346711 0.343057 0.483145 0.483692 -0.0890761 -0.0573735 -0.0968949 -0.078932 -0.0991337 -0.0704639 -0.0611096 -0.0762656 -0.0681481 
0.503931 0.470778 0.455498 0.4644 0.493076 0.495112 0.0223069 0.0212455 0.0473599 0.0331202 0.0339752 0.0218957 0.0101847 0.0149685 0.0177393 
0.497733 0.488905 0.275078 0.391492 0.404773 0.496953 0.0667244 0.0420718 0.020836 0.0320209 0.040363 0.0573343 0.00508108 0.0106005 0.00773484 
2.02407e-34 0.271543 0.212567 0.242923 0.114374 0.14913 -8.48755e-36 -0.00161385 -0.00141226 -0.00159404 -0.000309219 -0.000544173 0.00152271 0.00183432 0.00284773 
0.590957 0.503758 0.707105 0.651305 0.673432 0.549153 0.0274451 -0.0259556 -0.0248352 -0.0182428 0.00908997 0.00181941 -0.0539449 -0.0696926 -0.0153882 
0.456029 0.373443 0.459728 0.423623 0.458276 0.420338 -0.00369248 -0.00337674 0.00441961 -0.000321755 -0.000119728 -0.00372248 0.0106199 0.0127683 0.0132856 
0.323785 0.459728 0.373443 0.423623 0.34997 0.404753 0.000931781 0.00441961 -0.00337674 -0.000321755 -0.00144034 0.00263362 0.015976 0.0132856 0.0127683 
0.387073 0.437206 0.288919 0.373801 0.341775 0.414119 -0.00420191 -0.00753934 -0.00359576 -0.0057495 -0.00408426 -0.0058504 0.00279046 0.00405158 0.00371828 
0.596074 0.363149 0.27054 0.322009 0.445035 0.498561 -0.100141 -0.119235 -0.0369593 -0.0797893 -0.0773541 -0.117492 0.021779 0.028045 0.0399768 
0.238855 0.749183 0.520913 0.641103 0.370591 0.483126 -0.0469728 -0.214534 -0.116532 -0.167593 -0.0799013 -0.13271 -0.154753 -0.12964 -0.145043 
2.69804e-34 9.14674e-35 0.212567 0.113198 0.112303 -9.27445e-35 -2.05803e-35 -1.48543e-35 -0.00141226 -0.000336065 -0.000729048 -3.21972e-35 0.00367743 0.00293796 0.00284773 
-0.0302618 -0.0753493 -0.0138103 -0.0734993 -0.0254515 -0.063028 0.0560131 0.0453867 0.0706652 0.0701448 0.0657306 0.0590518 -0.121692 -0.12513 -0.125198 
0.485471 0.27054 0.263136 0.276194 0.380194 0.392014 -0.0295439 -0.0369593 -0.00758054 -0.0216943 -0.0212845 -0.0422407 0.0270489 0.0399768 0.0321396 
0.642765 0.741646 0.572395 0.703335 0.60891 0.712811 -0.238778 -0.253757 -0.25164 -0.266385 -0.245192 -0.252069 -0.0200037 -0.0402143 -0.0410627 
0.344498 0.288919 0.437206 0.373801 0.395936 0.31786 -0.00605099 -0.00359576 -0.00753934 -0.0057495 -0.00703938 -0.00487651 0.00431424 0.00371828 0.00405158 
0.134512 0.168187 -0.0138103 0.0600819 0.0485453 0.151558 0.0373854 -0.000882225 0.0706652 0.0453866 0.0613334 0.021704 -0.131719 -0.119336 -0.125198 
0.478822 0.525352 0.53602 0.532146 0.507051 0.509845 0.0533551 0.0739061 0.0898298 0.0834097 0.0702802 0.0635376 0.00368645 0.00739767 0.00332837 
0.658218 0.707105 0.562849 0.655916 0.62167 0.685778 0.0413173 -0.0248352 0.0178128 0.000400961 0.0305295 0.0115756 -0.00286084 -0.0153882 0.0151448 
0.533542 0.53602 0.525352 0.532146 0.533362 0.547917 0.104266 0.0898298 0.0739061 0.0834097 0.0890458 0.100047 0.00737813 0.00332837 0.00739767 
0.287039 0.326488 0.45533 0.398797 0.384691 0.306931 -0.000432164 -0.00430282 0.00439761 -0.00109497 0.00177141 -0.00257014 0.00291975 0.00372716 0.00518032 
-0.13068 -0.0279026 0.178735 0.0898316 0.0275384 -0.0831504 0.0623709 0.0173888 0.0130199 0.0176454 0.043786 0.0446798 -0.148183 -0.155846 -0.148908 
0.997088 0.993307 0.764669 0.925072 0.927678 0.996476 -0.0227448 -0.0363944 -0.0228148 -0.0320261 -0.0273048 -0.030926 -0.0936428 -0.100959 -0.0917006 
0.298006 0.322403 0.455498 0.399161 0.387184 0.312208 0.0223 0.0516909 0.0473599 0.0527129 0.0370214 0.0357853 0.0218478 0.0205805 0.0177393 
0.431111 0.45533 0.326488 0.398797 0.384596 0.44303 -0.00349749 0.00439761 -0.00430282 -0.00109497 -0.004051 0.000175994 0.00496464 0.00518032 0.00372716 
0.485471 0.562849 0.707105 0.655916 0.641854 0.531748 -0.0295439 0.0178128 -0.0248352 0.000400961 -0.0288489 -0.00482333 0.0270489 0.0151448 -0.0153882 
0.0818601 0.111546 0.376966 0.238868 0.216866 0.0888481 0.0632097 0.0519692 0.12292 0.0845975 0.0928691 0.0594686 -0.0312888 -0.0559412 -0.0345349 
0.0539031 0.164463 0.346711 0.249208 0.185524 0.108169 -0.0464328 -0.0601078 -0.0968949 -0.0903253 -0.0762977 -0.0527213 -0.0647469 -0.0580362 -0.0681481 
0.407751 0.380747 0.274572 0.331861 0.348113 0.394423 -0.00455756 -0.00234135 -0.00158818 -0.00202501 -0.00292201 -0.00331965 0.00265208 0.000894113 0.00164944 
0.414663 0.455498 0.322403 0.399161 0.369705 0.438972 0.0787179 0.0473599 0.0516909 0.0527129 0.0665768 0.0621395 0.017592 0.0177393 0.0205805 
0.282812 0.376966 0.111546 0.238868 0.191646 0.32827 0.0591923 0.12292 0.0519692 0.0845975 0.0537098 0.0951003 -0.0635837 -0.0345349 -0.0559412 
0.366684 0.346711 0.164463 0.249208 0.257227 0.355616 -0.113815 -0.0968949 -0.0601078 -0.0903253 -0.0838997 -0.112794 -0.0579815 -0.0681481 -0.0580362 
0.369011 0.275078 0.178309 0.225308 0.281293 0.327615 0.0360771 0.020836 0.0084727 0.0133545 0.0215339 0.0297936 0.0035677 0.00773484 0.00371145 
0.387073 0.271543 0.379407 0.329739 0.383492 0.334667 -0.00420191 -0.00161385 -0.00235676 -0.00203382 -0.00318701 -0.00279037 0.00279046 0.00183432 0.00116386 
0.749183 0.236803 0.562203 0.400715 0.653832 0.484798 -0.214534 -0.0962454 -0.207714 -0.155559 -0.213522 -0.154984 -0.12964 -0.148379 -0.124115 
0.446324 0.168187 0.134512 0.151558 0.258275 0.303424 -0.0509131 -0.000882225 0.0373854 0.021704 -0.00704283 -0.0216498 -0.125874 -0.119336 -0.131719 
-3.18002e-35 -6.7084e-35 -0.0753493 -0.0416753 -0.0232294 5.38774e-35 6.35532e-34 6.66793e-34 0.0453867 0.0122405 0.00736057 1.25104e-33 -0.125691 -0.130478 -0.12513 
0.407751 0.467882 0.380747 0.431176 0.394423 0.441675 -0.00455756 -0.00398399 -0.00234135 -0.0031607 -0.00331965 -0.00433219 0.00265208 0.00124826 0.000894113 
0.387073 0.379407 0.461807 0.426426 0.429401 0.383492 -0.00420191 -0.00235676 -0.00400551 -0.00318065 -0.0041856 -0.00318701 0.00279046 0.00116386 0.00157259 
0.478822 0.53602 0.398751 0.479131 0.44451 0.507051 0.0533551 0.0898298 0.0372326 0.0609302 0.0459948 0.0702802 0.00368645 0.00332837 0.00247141 
0.561927 0.588738 0.53602 0.562129 0.574044 0.592965 0.135193 0.104291 0.0898298 0.100775 0.115081 0.122845 -0.0057117 -0.00107975 0.00332837 
0.369011 0.398751 0.53602 0.479131 0.475417 0.384728 0.0360771 0.0372326 0.0898298 0.0609302 0.0609689 0.0375237 0.0035677 0.00247141 0.00332837 
-0.105046 -0.0138103 -0.0753493 -0.0734993 -0.113872 -0.0527623 0.0791372 0.0706652 0.0453867 0.0701448 0.0728239 0.0728377 -0.135859 -0.125198 -0.12513 
0.238855 0.178735 -0.0279026 0.0898316 0.110601 0.214046 -0.0469728 0.0130199 0.0173888 0.0176454 -0.00829622 -0.0145667 -0.154753 -0.148908 -0.155846 
9.14674e-35 2.02407e-34 0.212567 0.114374 0.113198 -9.22056e-35 -1.48543e-35 -8.48755e-36 -0.00141226 -0.000309219 -0.000336065 -2.17536e-35 0.00293796 0.00152271 0.00284773 
0.503931 0.469347 0.45533 0.46188 0.490402 0.495432 0.0223069 0.0173335 0.00439761 0.00957587 0.0120224 0.0202582 0.0101847 0.00570541 0.00518032 
0.368569 0.603394 0.802958 0.724468 0.618452 0.486824 -0.075268 -0.119827 -0.206893 -0.163807 -0.145926 -0.0978673 -0.0621691 -0.0698969 -0.0774663 
5.73729e-34 8.32615e-34 0.842611 0.511098 0.507383 -6.18297e-34 -3.57451e-34 -3.06598e-34 -0.00526109 -0.00196047 -0.00254948 -6.56744e-34 -0.0722385 -0.0618732 -0.0699872 
0.854735 0.802958 0.603394 0.724468 0.750266 0.828366 -0.181136 -0.206893 -0.119827 -0.163807 -0.155963 -0.197104 -0.0869595 -0.0774663 -0.0698969 
0.363149 0.697554 0.397077 0.584236 0.379827 0.56253 -0.119235 -0.20428 -0.174768 -0.197663 -0.147233 -0.167617 0.028045 -0.00921898 0.00298041 
-0.105046 -0.188319 -0.13068 -0.197667 -0.111829 -0.168103 0.0791372 0.0374773 0.0623709 0.0659997 0.0751347 0.0717579 -0.135859 -0.137863 -0.148183 
0.20163 0.0487897 0.117184 0.075766 0.164091 0.10819 -0.0448519 -0.00525203 -0.0135994 -0.00826511 -0.0269766 -0.0189254 -0.0549757 -0.0568437 -0.0591677 
0.0453975 -0.0864743 -0.0559695 -0.070889 -0.0227175 -0.0458557 0.00510951 -0.00947542 -0.020763 -0.0136129 -0.0228118 -0.0137782 -0.0736988 -0.0661483 -0.0694137 
0.239062 0.0745729 0.0504976 0.0638114 0.145408 0.157834 0.068075 0.0165579 0.0325762 0.023659 0.0548709 0.0444161 0.0143407 0.0122214 -0.0044244 
0.0539031 -0.0559695 -0.0149671 -0.0338485 0.00193778 -0.00405656 -0.0464328 -0.020763 -0.0151626 -0.0177081 -0.0323877 -0.0364998 -0.0647469 -0.0694137 -0.0636356 
0.0818601 0.0504976 -0.0391271 -0.00232759 0.0121752 0.0587672 0.0632097 0.0325762 0.0152521 0.0233346 0.0372483 0.0506019 -0.0312888 -0.0044244 -0.028227 
0.298006 0.216533 0.147198 0.183852 0.229566 0.263704 0.0223 0.00348509 0.00571884 0.00530066 0.0145279 0.0113964 0.0218478 0.0195832 0.0216864 
0.711515 0.997088 0.764669 0.927678 0.739904 0.914912 -0.0116562 -0.0227448 -0.0228148 -0.0273048 -0.0162093 -0.0189742 -0.0844704 -0.0936428 -0.0917006 
0.366684 0.568006 0.62098 0.595249 0.498819 0.462647 -0.113815 -0.183588 -0.199841 -0.196464 -0.157291 -0.14514 -0.0579815 -0.056725 -0.0568063 
0.282812 0.321915 0.501525 0.415738 0.395949 0.29711 0.0591923 -0.00560511 0.0716934 0.0384139 0.0715525 0.0275047 -0.0635837 -0.0784052 -0.0545957 
0.759574 0.62098 0.568006 0.595249 0.697796 0.706244 -0.276206 -0.199841 -0.183588 -0.196464 -0.239502 -0.241002 -0.0567976 -0.0568063 -0.056725 
0.414663 0.425543 0.502204 0.474415 0.464836 0.420097 0.0787179 0.11696 0.0858576 0.103612 0.0839581 0.0977927 0.017592 0.00873727 0.0127663 
0.590957 0.501525 0.321915 0.415738 0.463747 0.546427 0.0274451 0.0716934 -0.00560511 0.0384139 0.0133477 0.0512018 -0.0539449 -0.0545957 -0.0784052 
0.533542 0.502204 0.425543 0.474415 0.496625 0.517747 0.104266 0.0858576 0.11696 0.103612 0.115106 0.0959752 0.00737813 0.0127663 0.00873727 
0.366684 0.62098 0.346711 0.482174 0.355616 0.498819 -0.113815 -0.199841 -0.0968949 -0.141804 -0.112794 -0.157291 -0.0579815 -0.0568063 -0.0681481 
0.282812 0.501525 0.376966 0.432395 0.32827 0.395949 0.0591923 0.0716934 0.12292 0.104955 0.0951003 0.0715525 -0.0635837 -0.0545957 -0.0345349 
0.414663 0.502204 0.455498 0.479055 0.438972 0.464836 0.0787179 0.0858576 0.0473599 0.0655004 0.0621395 0.0839581 0.017592 0.0127663 0.0177393 
0.663571 0.346711 0.62098 0.482174 0.643577 0.513963 -0.186149 -0.0968949 -0.199841 -0.141804 -0.195497 -0.138239 -0.0520225 -0.0681481 -0.0568063 
0.584309 0.376966 0.501525 0.432395 0.545714 0.485605 0.110938 0.12292 0.0716934 0.104955 0.0966036 0.121341 -0.0299227 -0.0345349 -0.0545957 
0.514081 0.455498 0.502204 0.479055 0.511797 0.493479 0.0579807 0.0473599 0.0858576 0.0655004 0.0713842 0.0541512 0.0108095 0.0177393 0.0127663 
-0.0183128 -0.0443939 -0.0215451 -0.0333131 -0.0218191 -0.0302757 0.0133834 0.0328677 0.0285304 0.0300567 0.0209411 0.0227399 -0.122699 -0.123193 -0.122163 
2.04599e-34 0.217576 0.274572 0.246856 0.150507 0.11575 6.1044e-36 -0.00136647 -0.00158818 -0.00154173 -0.000543926 -0.000319501 0.00143451 0.00288714 0.00164944 
5.2143e-34 7.30718e-34 0.829636 0.515469 0.508013 -5.05727e-34 4.32937e-34 5.08425e-34 -0.0149908 -0.00803126 -0.0052588 9.67679e-34 -0.092126 -0.11106 -0.100005 
0.602537 0.720835 0.707105 0.712796 0.683103 0.691364 -0.0890761 -0.111348 -0.0248352 -0.0629155 -0.0498537 -0.0949839 -0.0611096 -0.0202542 -0.0153882 
0.808257 0.919701 0.587418 0.818045 0.704896 0.8921 -0.104641 -0.161164 -0.0898057 -0.139098 -0.100963 -0.138374 -0.0853025 -0.102791 -0.0723761 
0.854735 0.587418 0.919701 0.818045 0.895058 0.75122 -0.181136 -0.0898057 -0.161164 -0.139098 -0.17424 -0.140657 -0.0869595 -0.0723761 -0.102791 
0.989703 0.842611 0.843813 0.843357 0.978161 0.977893 -0.0048874 -0.00526109 -0.00266241 -0.00372071 -0.00457565 -0.00651153 -0.0664862 -0.0699872 -0.0570765 
0.118062 0.310108 0.562203 0.43233 0.341137 0.210387 -0.093507 -0.179472 -0.207714 -0.19484 -0.156645 -0.143155 -0.127457 -0.0870749 -0.124115 
0.414663 0.322403 0.239062 0.284777 0.336555 0.369705 0.0787179 0.0516909 0.068075 0.0610033 0.0785952 0.0665768 0.017592 0.0205805 0.0143407 
0.282812 0.111546 0.0453975 0.0725028 0.151014 0.191646 0.0591923 0.0519692 0.00510951 0.02771 0.0246863 0.0537098 -0.0635837 -0.0559412 -0.0736988 
0.366684 0.164463 0.20163 0.180756 0.281373 0.257227 -0.113815 -0.0601078 -0.0448519 -0.0536029 -0.0829725 -0.0838997 -0.0579815 -0.0580362 -0.0549757 
0.642765 0.397077 0.697554 0.584236 0.675468 0.533656 -0.238778 -0.174768 -0.20428 -0.197663 -0.2249 -0.210139 -0.0200037 0.00298041 -0.00921898 
0.287039 0.180584 0.127334 0.153228 0.211212 0.236033 -0.000432164 0.00108943 -0.000359259 0.000199592 -0.000533713 0.00107274 0.00291975 0.00192137 0.00277511 
0.456029 0.329745 0.373443 0.353227 0.420338 0.404481 -0.00369248 -0.00500812 -0.00337674 -0.00471354 -0.00372248 -0.00544934 0.0106199 0.0100824 0.0127683 
0.499075 0.437206 0.485468 0.465541 0.49416 0.479812 -0.00924734 -0.00753934 -0.00715445 -0.00753398 -0.00835437 -0.00870482 0.00471553 0.00405158 0.00317084 
0.499075 0.485468 0.490502 0.499944 0.499139 0.49416 -0.00924734 -0.00715445 -0.00773504 -0.00758946 -0.00868658 -0.00835437 0.00471553 0.00317084 0.00358458 
0.368569 0.117184 0.105281 0.11266 0.225167 0.222501 -0.075268 -0.0135994 -0.0104243 -0.0124728 -0.0333281 -0.0353427 -0.0621691 -0.0591677 -0.0635957 
0.33594 0.137831 0.180584 0.15892 0.258634 0.242731 0.0173407 0.00269582 0.00108943 0.00237023 0.00734722 0.00914899 0.00173555 0.00141217 0.00192137 
0.882728 0.987748 0.825979 0.957883 0.857182 0.967537 -0.0522114 -0.0483474 -0.0270603 -0.0476989 -0.0405551 -0.056846 -0.116178 -0.103658 -0.118055 
8.32615e-34 6.58761e-34 0.843813 0.512645 0.510925 -6.15143e-34 -3.06598e-34 -2.51471e-34 -0.00266241 -0.00098634 -0.00139065 -5.53297e-34 -0.0618732 -0.0510367 -0.0570765 
-3.1341e-34 -0.255842 -0.130457 -0.205185 -0.269844 -0.239314 6.7481e-34 -0.0146507 -0.00386555 -0.00940521 0.0216165 0.0160617 -0.1327 -0.122303 -0.146198 
0.367125 0.204059 0.329745 0.271589 0.349229 0.2942 -0.00620663 -0.00214914 -0.00500812 -0.0034087 -0.00586447 -0.00406407 0.00672369 0.00830981 0.0100824 
0.566432 0.446324 0.855596 0.675252 0.733053 0.501918 -0.0624596 -0.0509131 -0.117148 -0.0899108 -0.089284 -0.0558859 -0.120557 -0.125874 -0.118737 
0.478822 0.398751 0.33594 0.365777 0.41558 0.44451 0.0533551 0.0372326 0.0173407 0.0267062 0.0332173 0.0459948 0.00368645 0.00247141 0.00173555 
0.90852 0.566432 0.855596 0.733053 0.881522 0.780503 -0.0988264 -0.0624596 -0.117148 -0.089284 -0.107712 -0.0864718 -0.111817 -0.120557 -0.118737 
0.759574 0.773138 0.683741 0.783136 0.758796 0.766138 -0.276206 -0.27182 -0.281971 -0.294186 -0.290777 -0.278844 -0.0567976 -0.0674584 -0.076371 
0.80421 0.683741 0.773138 0.783136 0.802422 0.751908 -0.288549 -0.281971 -0.27182 -0.294186 -0.286177 -0.291513 -0.0869374 -0.076371 -0.0674584 
-0.0302618 -0.0443939 -0.0753493 -0.0600109 -0.063028 -0.0486084 0.0560131 0.0328677 0.0453867 0.0394922 0.0590518 0.0469027 -0.121692 -0.123193 -0.12513 
6.27001e-34 4.56754e-34 0.711515 0.404518 0.396706 -3.24723e-34 -4.40764e-34 -4.029e-34 -0.0116562 -0.0033663 -0.00450669 -8.27145e-34 -0.0875041 -0.0813214 -0.0844704 
0.488905 0.241987 0.275078 0.261192 0.391492 0.384441 0.0420718 0.0111556 0.020836 0.0167501 0.0320209 0.0251188 0.0106005 0.0140004 0.00773484 
0.658218 0.562849 0.488905 0.529961 0.587784 0.62167 0.0413173 0.0178128 0.0420718 0.0338048 0.0481217 0.0305295 -0.00286084 0.0151448 0.0106005 
0.514081 0.525352 0.474794 0.503898 0.506421 0.52024 0.0579807 0.0739061 0.0350734 0.0517809 0.0459632 0.0659485 0.0108095 0.00739767 0.00499083 
0.478822 0.474794 0.525352 0.503898 0.509845 0.475642 0.0533551 0.0350734 0.0739061 0.0517809 0.0635376 0.0444063 0.00368645 0.00499083 0.00739767 
0.363149 0.0954044 0.27054 0.191239 0.322009 0.220742 -0.119235 -0.0353906 -0.0369593 -0.0418154 -0.0797893 -0.0858904 0.028045 0.0364387 0.0399768 
0.344498 0.273535 0.175759 0.226673 0.267252 0.310524 -0.00605099 -0.00388399 -0.00207104 -0.00298267 -0.00402868 -0.00518379 0.00431424 0.00405795 0.004041 
0.959806 0.688891 0.978374 0.896482 0.972486 0.917733 -0.0766295 -0.0409825 -0.06291 -0.0576935 -0.0703307 -0.0657922 -0.107222 -0.0909537 -0.105238 
0.497752 0.48854 0.423995 0.462863 0.473402 0.494012 -0.00724072 -0.00449916 -0.00700607 -0.00605087 -0.00742442 -0.00602965 0.00636083 0.00669609 0.00479531 
0.407751 0.274572 0.217576 0.246856 0.32552 0.348113 -0.00455756 -0.00158818 -0.00136647 -0.00154173 -0.00298983 -0.00292201 0.00265208 0.00164944 0.00288714 
0.489844 0.407917 0.467882 0.441638 0.480392 0.459151 -0.00290878 -0.00190103 -0.00398399 -0.00278583 -0.0033578 -0.00255048 -1.79062e-05 -3.74469e-05 0.00124826 
0.408421 0.489773 0.461807 0.478032 0.438127 0.459233 -0.00192754 -0.0029068 -0.00400551 -0.00337517 -0.00280574 -0.00255598 3.60217e-05 1.55188e-05 0.00157259 
0.584309 0.653847 0.629559 0.6562 0.634626 0.619587 0.110938 0.0737456 0.0915719 0.093415 0.109312 0.0935727 -0.0299227 -0.0326597 -0.00436119 
0.658218 0.629559 0.653847 0.6562 0.677462 0.64609 0.0413173 0.0915719 0.0737456 0.093415 0.0637711 0.0703788 -0.00286084 -0.00436119 -0.0326597 
0.499075 0.490502 0.478094 0.484926 0.496883 0.499139 -0.00924734 -0.00773504 -0.00875175 -0.0085089 -0.00923732 -0.00868658 0.00471553 0.00358458 0.00574172 
2.04599e-34 9.35035e-35 0.217576 0.116923 0.11575 -9.31348e-35 6.1044e-36 1.41469e-35 -0.00136647 -0.000317319 -0.000319501 2.17362e-35 0.00143451 0.00295332 0.00288714 
6.27001e-34 0.711515 0.764669 0.739904 0.440667 0.396706 -4.40764e-34 -0.0116562 -0.0228148 -0.0162093 -0.00759855 -0.00450669 -0.0875041 -0.0844704 -0.0917006 
-0.105046 -0.0753493 -0.117969 -0.0980377 -0.152335 -0.113872 0.0791372 0.0453867 0.0341469 0.0449545 0.0696087 0.0728239 -0.135859 -0.12513 -0.131814 
-6.7084e-35 -0.117969 -0.0753493 -0.0980377 -0.0416753 -0.0451573 6.66793e-34 0.0341469 0.0453867 0.0449545 0.0122405 0.00785308 -0.130478 -0.131814 -0.12513 
0.387073 0.288919 0.212567 0.2526 0.309884 0.341775 -0.00420191 -0.00359576 -0.00141226 -0.00243439 -0.00286696 -0.00408426 0.00279046 0.00371828 0.00284773 
0.497752 0.423995 0.472621 0.451201 0.488285 0.473402 -0.00724072 -0.00700607 -0.00882723 -0.00809383 -0.00843865 -0.00742442 0.00636083 0.00479531 0.00504684 
0.997088 0.825979 0.993307 0.963147 0.996476 0.966703 -0.0227448 -0.0270603 -0.0363944 -0.0410303 -0.030926 -0.0328229 -0.0936428 -0.118055 -0.100959 
0.387073 0.212567 0.271543 0.242923 0.334667 0.309884 -0.00420191 -0.00141226 -0.00161385 -0.00159404 -0.00279037 -0.00286696 0.00279046 0.00284773 0.00183432 
0.663571 0.741646 0.697554 0.7232 0.727095 0.717733 -0.186149 -0.253757 -0.20428 -0.229538 -0.197835 -0.220652 -0.0520225 -0.0402143 -0.00921898 
0.642765 0.697554 0.741646 0.7232 0.712811 0.675468 -0.238778 -0.20428 -0.253757 -0.229538 -0.252069 -0.2249 -0.0200037 -0.00921898 -0.0402143 
0.407751 0.217576 0.300203 0.260246 0.359182 0.32552 -0.00455756 -0.00136647 -0.00354455 -0.0023997 -0.00422444 -0.00298983 0.00265208 0.00288714 0.00463562 
0.490502 0.433463 0.478094 0.458757 0.484926 0.468512 -0.00773504 -0.00697153 -0.00875175 -0.00803758 -0.0085089 -0.00744857 0.00358458 0.0045967 0.00574172 
2.79394e-34 0.2195 0.329745 0.27874 0.190442 0.119575 4.97738e-35 -0.0018364 -0.00500812 -0.00301156 -0.00185997 -0.000977026 0.0107472 0.0131226 0.0100824 
2.04599e-34 0.274572 0.180781 0.229553 0.0954777 0.150507 6.1044e-36 -0.00158818 -0.000572287 -0.000997877 -0.000300192 -0.000543926 0.00143451 0.00164944 0.000846422 
2.79394e-34 0.329745 0.204059 0.271589 0.110838 0.190442 4.97738e-35 -0.00500812 -0.00214914 -0.0034087 -0.00102345 -0.00185997 0.0107472 0.0100824 0.00830981 
-3.18002e-35 -0.0753493 -0.0151549 -0.0425206 -0.00551875 -0.0232294 6.35532e-34 0.0453867 0.00921396 0.0229333 0.00286008 0.00736057 -0.125691 -0.12513 -0.124199 
2.69804e-34 0.288919 0.195894 0.244257 0.103726 0.158773 -2.05803e-35 -0.00359576 -0.00212873 -0.00298757 -0.000650337 -0.00137233 0.00367743 0.00371828 0.00398161 
0.959806 0.95199 0.688891 0.869527 0.917733 0.962739 -0.0766295 -0.0834366 -0.0409825 -0.0672043 -0.0657922 -0.080094 -0.107222 -0.101033 -0.0909537 
0.407751 0.300203 0.433463 0.375851 0.421014 0.359182 -0.00455756 -0.00354455 -0.00697153 -0.00535875 -0.00578834 -0.00422444 0.00265208 0.00463562 0.0045967 
5.2143e-34 0.829636 0.702806 0.770765 0.407543 0.508013 4.32937e-34 -0.0149908 -0.00704044 -0.00972763 -0.00257905 -0.0052588 -0.092126 -0.100005 -0.0891436 
0.75 1 0.937209 0.984243 0.85921 0.9375 -3.56274e-37 -5.43716e-37 -0.000833556 -0.000721232 -0.000543014 -1.055e-36 -0.0280123 -0.0287665 -0.0384037 
4.1655e-34 0.355853 0.587418 0.479681 0.24687 0.140713 -4.04195e-34 -0.0365332 -0.0898057 -0.0586926 -0.0246068 -0.0109419 -0.0724045 -0.0762747 -0.0723761 
0.829636 0.825979 0.997088 0.966703 0.966426 0.828287 -0.0149908 -0.0270603 -0.0227448 -0.0328229 -0.0230883 -0.0198405 -0.100005 -0.118055 -0.0936428 
0.367125 0.433463 0.300203 0.375851 0.335242 0.403202 -0.00620663 -0.00697153 -0.00354455 -0.00535875 -0.00486216 -0.00677434 0.00672369 0.0045967 0.00463562 
0.118062 -0.130457 -0.255842 -0.205185 -0.092949 -0.0228335 -0.093507 -0.00386555 -0.0146507 -0.00940521 -0.0362701 -0.0323984 -0.127457 -0.146198 -0.122303 
2.02407e-34 0.169746 0.271543 0.223142 0.14913 0.0892146 -8.48755e-36 -0.000524971 -0.00161385 -0.000976045 -0.000544173 -0.000273794 0.00152271 0.00102205 0.00183432 
6.58761e-34 0.70604 0.843813 0.780429 0.512645 0.40478 -2.51471e-34 -0.00100521 -0.00266241 -0.00164446 -0.00098634 -0.000416457 -0.0510367 -0.0448617 -0.0570765 
3.5416e-34 3.86736e-34 0.688891 0.373845 0.347684 -4.08021e-34 -4.47078e-34 -4.70426e-34 -0.0409825 -0.0108498 -0.0133654 -8.80552e-34 -0.0880707 -0.0931631 -0.0909537 
0.118062 0.236803 -0.130457 0.0420536 -0.0228335 0.175868 -0.093507 -0.0962454 -0.00386555 -0.0299889 -0.0323984 -0.0914415 -0.127457 -0.148379 -0.146198 
0.993307 0.825979 0.987748 0.957883 0.990411 0.963147 -0.0363944 -0.0270603 -0.0483474 -0.0476989 -0.0431055 -0.0410303 -0.100959 -0.118055 -0.103658 
-3.1341e-34 -0.130457 -0.256672 -0.217626 -0.20734 -0.269844 6.7481e-34 -0.00386555 0.0410388 0.0287149 0.0273921 0.0216165 -0.1327 -0.146198 -0.144943 
0.853497 0.764669 0.987748 0.923308 0.945536 0.814526 -0.0420128 -0.0228148 -0.0483474 -0.0376694 -0.0469468 -0.0326106 -0.0965067 -0.0917006 -0.103658 
0.456029 0.498055 0.473164 0.489235 0.465192 0.483839 -0.00369248 -0.00350911 -0.00768857 -0.00640326 -0.00598943 -0.00396824 0.0106199 0.00859505 0.00803177 
0.497752 0.473164 0.498055 0.489235 0.500417 0.497078 -0.00724072 -0.00768857 -0.00350911 -0.00640326 -0.0055254 -0.0077613 0.00636083 0.00803177 0.00859505 
0.808257 0.587418 0.355853 0.479681 0.605692 0.704896 -0.104641 -0.0898057 -0.0365332 -0.0586926 -0.0721162 -0.100963 -0.0853025 -0.0723761 -0.0762747 
0.854735 0.603394 0.587418 0.599965 0.75122 0.750266 -0.181136 -0.119827 -0.0898057 -0.105435 -0.140657 -0.155963 -0.0869595 -0.0698969 -0.0723761 
0.853497 0.978374 0.688891 0.896482 0.775267 0.944694 -0.0420128 -0.06291 -0.0409825 -0.0576935 -0.0432918 -0.0538169 -0.0965067 -0.105238 -0.0909537 
4.54777e-34 4.87001e-34 0.77526 0.458748 0.457173 -4.05779e-34 2.50528e-34 3.08086e-34 -0.00225289 -0.000896168 -0.000705177 5.60721e-34 -0.0527649 -0.0649637 -0.0582892 
4.1655e-34 0.587418 0.229921 0.398798 0.10743 0.24687 -4.04195e-34 -0.0898057 -0.0311784 -0.0552373 -0.00814523 -0.0246068 -0.0724045 -0.0723761 -0.0661071 
0.998703 0.937209 0.986681 0.995418 0.994229 0.98858 -0.00180682 -0.000833556 -0.00063169 -0.000874757 -0.00132608 -0.0015305 -0.0483528 -0.0384037 -0.0364272 
0.344498 0.175759 0.195894 0.185779 0.276301 0.267252 -0.00605099 -0.00207104 -0.00212873 -0.00210898 -0.00420032 -0.00402868 0.00431424 0.004041 0.00398161 
0.998703 0.986681 0.750075 0.905359 0.928078 0.994229 -0.00180682 -0.00063169 -0.000729525 -0.000816672 -0.00137905 -0.00132608 -0.0483528 -0.0364272 -0.0400141 
0.499075 0.472621 0.437206 0.456474 0.479812 0.490237 -0.00924734 -0.00882723 -0.00753934 -0.00846721 -0.00870482 -0.00926956 0.00471553 0.00504684 0.00405158 
0.572395 0.162965 0.397077 0.282687 0.48518 0.374916 -0.25164 -0.132979 -0.174768 -0.160943 -0.21633 -0.196092 -0.0410627 -0.036065 0.00298041 
0.670988 0.178735 0.520913 0.335956 0.593464 0.390101 -0.125274 0.0130199 -0.116532 -0.0504071 -0.120083 -0.0576366 -0.135967 -0.148908 -0.145043 
0.344498 0.437206 0.472621 0.456474 0.421057 0.395936 -0.00605099 -0.00753934 -0.00882723 -0.00846721 -0.00780816 -0.00703938 0.00431424 0.00405158 0.00504684 
0.397077 0.162965 0.0680632 0.105228 0.226545 0.282687 -0.174768 -0.132979 -0.0783744 -0.107318 -0.129301 -0.160943 0.00298041 -0.036065 0.00872217 
0.238855 0.520913 0.178735 0.335956 0.214046 0.370591 -0.0469728 -0.116532 0.0130199 -0.0504071 -0.0145667 -0.0799013 -0.154753 -0.145043 -0.148908 
2.1012e-34 0.273535 0.178908 0.227719 0.0923706 0.146611 -2.13742e-35 -0.00388399 -0.00159223 -0.00258057 -0.00088626 -0.00164018 0.00386261 0.00405795 0.0034357 
5.06645e-34 -0.0215451 -0.0109543 -0.0219206 -0.0100964 -0.00963993 3.78881e-35 0.0285304 0.0413944 0.0398189 0.0384125 0.0279384 -0.123278 -0.122163 -0.122659 
0.344498 0.423995 0.273535 0.357868 0.310524 0.38708 -0.00605099 -0.00700607 -0.00388399 -0.00587935 -0.00518379 -0.00695847 0.00431424 0.00479531 0.00405795 
7.30718e-34 0.825979 0.829636 0.828287 0.515469 0.52211 5.08425e-34 -0.0270603 -0.0149908 -0.0198405 -0.00803126 -0.0153161 -0.11106 -0.118055 -0.100005 
5.5411e-36 0.0954044 0.0680632 0.0802968 -0.0212781 0.0137795 -1.72126e-34 -0.0353906 -0.0783744 -0.0572259 -0.0259009 -0.0118245 0.0292192 0.0364387 0.00872217 
3.86736e-34 0.418916 0.688891 0.56765 0.373845 0.211141 -4.70426e-34 -0.0140968 -0.0409825 -0.0236035 -0.0108498 -0.00398331 -0.0931631 -0.0919439 -0.0909537 
0.853497 0.688891 0.418916 0.56765 0.669207 0.775267 -0.0420128 -0.0409825 -0.0140968 -0.0236035 -0.0273606 -0.0432918 -0.0965067 -0.0909537 -0.0919439 
0.998703 0.843813 0.70604 0.780429 0.935776 0.967485 -0.00180682 -0.00266241 -0.00100521 -0.00164446 -0.0017608 -0.00274763 -0.0483528 -0.0570765 -0.0448617 
-2.42333e-34 -1.87597e-34 -0.11016 -0.223972 -0.25179 1.80831e-34 5.19673e-34 2.63004e-34 -0.0638465 -0.0131955 -0.00781974 8.39827e-34 -0.10754 -0.0572871 -0.0826403 
0.344498 0.195894 0.288919 0.244257 0.31786 0.276301 -0.00605099 -0.00212873 -0.00359576 -0.00298757 -0.00487651 -0.00420032 0.00431424 0.00398161 0.00371828 
0.367125 0.207225 0.204059 0.205657 0.2942 0.295096 -0.00620663 -0.00195118 -0.00214914 -0.00204863 -0.00406407 -0.00411999 0.00672369 0.00653261 0.00830981 
0.489844 0.467882 0.500005 0.492286 0.497633 0.480392 -0.00290878 -0.00398399 -0.00404646 -0.00411958 -0.00341724 -0.0033578 -1.79062e-05 0.00124826 0.000956134 
2.1012e-34 0.175759 0.273535 0.226673 0.146611 0.0903524 -2.13742e-35 -0.00207104 -0.00388399 -0.00298267 -0.00164018 -0.000963168 0.00386261 0.004041 0.00405795 
0.489773 0.500005 0.461807 0.490134 0.478032 0.497297 -0.0029068 -0.00404646 -0.00400551 -0.00414567 -0.00337517 -0.00341729 1.55188e-05 0.000956134 0.00157259 
2.75368e-34 0.207225 0.300203 0.256233 0.167977 0.110732 2.29361e-35 -0.00195118 -0.00354455 -0.00289195 -0.00133309 -0.000556683 0.00513805 0.00653261 0.00463562 
-3.1341e-34 -2.42333e-34 -0.255842 -0.242534 -0.239314 1.49261e-34 6.7481e-34 5.19673e-34 -0.0146507 0.00198821 0.0160617 1.19706e-33 -0.1327 -0.10754 -0.122303 
-1.12452e-36 -0.0151549 -8.14378e-05 -0.00436543 0.00230039 0.0017174 6.10995e-34 0.00921396 -0.000752614 0.00380889 -0.000262232 0.0017489 -0.123431 -0.124199 -0.123061 
-0.0302618 -0.0138103 0.168187 0.0600819 0.0291423 -0.0254515 0.0560131 0.0706652 -0.000882225 0.0453866 0.0403014 0.0657306 -0.121692 -0.125198 -0.119336 
-8.74781e-35 5.5411e-36 0.0680632 -0.0212781 -0.081031 -1.35333e-36 7.12654e-36 -1.72126e-34 -0.0783744 -0.0259009 -0.0287253 -8.69842e-35 -0.00738549 0.0292192 0.00872217 
-0.105046 -0.117969 -0.188319 -0.151831 -0.168103 -0.152335 0.0791372 0.0341469 0.0374773 0.0363479 0.0717579 0.0696087 -0.135859 -0.131814 -0.137863 
0.853497 0.418916 0.764669 0.604417 0.814526 0.669207 -0.0420128 -0.0140968 -0.0228148 -0.0180594 -0.0326106 -0.0273606 -0.0965067 -0.0919439 -0.0917006 
0.757028 0.688891 0.95199 0.869527 0.884946 0.727081 -0.0646039 -0.0409825 -0.0834366 -0.0672043 -0.0783807 -0.0527161 -0.089694 -0.0909537 -0.101033 
7.51968e-34 0.825979 7.30718e-34 0.52211 -4.81281e-34 0.54154 3.10989e-34 -0.0270603 5.08425e-34 -0.0153161 1.18756e-33 -0.0350657 -0.137698 -0.118055 -0.11106 
0.363149 0.0680632 0.0954044 0.0802968 0.220742 0.215447 -0.119235 -0.0783744 -0.0353906 -0.0572259 -0.0858904 -0.111972 0.028045 0.00872217 0.0364387 
0.500025 0.500005 0.467882 0.492286 0.492523 0.500009 -0.00569979 -0.00404646 -0.00398399 -0.00411958 -0.0049249 -0.00481089 0.00209909 0.000956134 0.00124826 
0.500025 0.461807 0.500005 0.490134 0.500009 0.489895 -0.00569979 -0.00400551 -0.00404646 -0.00414567 -0.00481089 -0.00496051 0.00209909 0.00157259 0.000956134 
6.6299e-34 5.2143e-34 0.702806 0.407543 0.403825 -2.404e-34 3.66796e-34 4.32937e-34 -0.00704044 -0.00257905 -0.00200303 8.09908e-34 -0.0778787 -0.092126 -0.0891436 
-1.87e-34 -0.256672 -0.188319 -0.225266 -0.126179 -0.187075 7.46306e-34 0.0410388 0.0374773 0.0405267 0.0116697 0.0217176 -0.145839 -0.144943 -0.137863 
0.999449 0.997088 0.711515 0.914912 0.921732 0.998722 -0.0120898 -0.0227448 -0.0116562 -0.0189742 -0.0144752 -0.0174756 -0.0829807 -0.0936428 -0.0844704 
6.6299e-34 0.702806 0.83519 0.773951 0.509255 0.403825 3.66796e-34 -0.00704044 -0.00645953 -0.00699701 -0.00231921 -0.00200303 -0.0778787 -0.0891436 -0.0783149 
0.90852 0.855596 0.912394 0.938817 0.948964 0.881522 -0.0988264 -0.117148 -0.097539 -0.120086 -0.104921 -0.107712 -0.111817 -0.118737 -0.0953514 
0.367125 0.300203 0.207225 0.256233 0.295096 0.335242 -0.00620663 -0.00354455 -0.00195118 -0.00289195 -0.00411999 -0.00486216 0.00672369 0.00463562 0.00653261 
0.224167 0.168187 0.73208 0.420929 0.494782 0.189322 -0.0152035 -0.000882225 -0.0710578 -0.0399578 -0.0476988 -0.00798585 -0.119736 -0.119336 -0.11705 
0.993307 0.987748 0.764669 0.923308 0.925072 0.990411 -0.0363944 -0.0483474 -0.0228148 -0.0376694 -0.0320261 -0.0431055 -0.100959 -0.103658 -0.0917006 
5.06645e-34 5.003e-34 -0.0215451 -0.00736176 -0.00963993 1.0259e-33 3.78881e-35 1.07767e-35 0.0285304 0.0165512 0.0279384 -1.45129e-35 -0.123278 -0.121434 -0.122163 
0.999449 0.711515 0.647119 0.680456 0.905114 0.921732 -0.0120898 -0.0116562 -0.0059132 -0.00803251 -0.0111674 -0.0144752 -0.0829807 -0.0844704 -0.077394 
0.999449 0.829636 0.997088 0.966426 0.998722 0.961944 -0.0120898 -0.0149908 -0.0227448 -0.0230883 -0.0174756 -0.0166715 -0.0829807 -0.100005 -0.0936428 
0.244214 0.180781 0.380747 0.292676 0.318634 0.213383 -0.000693145 -0.000572287 -0.00234135 -0.00140044 -0.00138789 -0.000618432 -1.80279e-05 0.000846422 0.000894113 
0.245598 0.379407 0.169746 0.287667 0.208887 0.318947 -0.000700015 -0.00235676 -0.000524971 -0.00137801 -0.000601571 -0.00139355 2.16967e-05 0.00116386 0.00102205 
0.387073 0.485468 0.437206 0.465541 0.414119 0.447768 -0.00420191 -0.00715445 -0.00753934 -0.00753398 -0.0058504 -0.00575905 0.00279046 0.00317084 0.00405158 
4.56754e-34 0.647119 0.711515 0.680456 0.404518 0.35945 -4.029e-34 -0.0059132 -0.0116562 -0.00803251 -0.0033663 -0.00217367 -0.0813214 -0.077394 -0.0844704 
0.596074 0.707105 0.720835 0.712796 0.683535 0.682293 -0.100141 -0.0248352 -0.111348 -0.0629155 -0.105417 -0.0637739 0.021779 -0.0153882 -0.0202542 
0.497733 0.53602 0.588738 0.562129 0.552314 0.524132 0.0667244 0.0898298 0.104291 0.100775 0.0845136 0.0800381 0.00508108 0.00332837 -0.00107975 
4.87001e-34 0.646316 0.77526 0.714335 0.458748 0.365127 3.08086e-34 -0.00265555 -0.00225289 -0.00251673 -0.000896168 -0.000767232 -0.0649637 -0.069521 -0.0582892 
0.998703 0.750075 0.625049 0.69066 0.895119 0.928078 -0.00180682 -0.000729525 -0.000981135 -0.00086912 -0.00178661 -0.00137905 -0.0483528 -0.0400141 -0.0489622 
-0.105046 0.178735 0.134512 0.165147 0.015788 0.0281679 0.0791372 0.0130199 0.0373854 0.0287295 0.0643108 0.0588552 -0.135859 -0.148908 -0.131719 
5.73729e-34 0.842611 0.647119 0.754542 0.36326 0.507383 -3.57451e-34 -0.00526109 -0.0059132 -0.00581961 -0.00189192 -0.00254948 -0.0722385 -0.0699872 -0.077394 
0.386567 0.455498 0.470778 0.4644 0.434565 0.424427 0.0145778 0.0473599 0.0212455 0.0331202 0.0185247 0.0294837 0.0186884 0.0177393 0.0149685 
2.4813e-34 2.37401e-34 0.484616 0.235044 0.208288 -1.94076e-34 -4.00545e-34 -4.32907e-34 -0.0420715 -0.00974169 -0.0100466 -7.96797e-34 -0.0782149 -0.0858076 -0.0816599 
0.999449 0.702806 0.829636 0.770765 0.961944 0.932506 -0.0120898 -0.00704044 -0.0149908 -0.00972763 -0.0166715 -0.0123453 -0.0829807 -0.0891436 -0.100005 
-1.12452e-36 -3.18002e-35 -0.0151549 -0.00551875 0.0017174 3.62006e-36 6.10995e-34 6.35532e-34 0.00921396 0.00286008 0.0017489 1.22819e-33 -0.123431 -0.125691 -0.124199 
1.07054e-34 2.69804e-34 0.195894 0.103726 0.102188 -7.45786e-35 -2.14854e-35 -2.05803e-35 -0.00212873 -0.000650337 -0.000547146 -3.84853e-35 0.00417561 0.00367743 0.00398161 
0.75 0.750075 0.986681 0.905359 0.905351 0.749969 -4.08505e-37 -0.000729525 -0.00063169 -0.000816672 -0.000549852 -0.000383774 -0.0294755 -0.0400141 -0.0364272 
0.440406 0.757192 0.568006 0.667551 0.510196 0.619767 -0.120025 -0.23338 -0.183588 -0.212716 -0.154982 -0.178875 -0.0573388 -0.0699553 -0.056725 
0.124465 0.346711 0.344646 0.343057 0.227574 0.230778 -0.0475398 -0.0968949 -0.0573735 -0.078932 -0.0588353 -0.0755702 -0.0760969 -0.0681481 -0.0762656 
0.240832 0.376966 0.417144 0.395716 0.329515 0.299331 0.10154 0.12292 0.134485 0.131656 0.120758 0.11489 -0.00714912 -0.0345349 -0.00780527 
0.670988 0.919701 0.855596 0.910894 0.764199 0.861571 -0.125274 -0.161164 -0.117148 -0.14566 -0.123362 -0.162797 -0.135967 -0.102791 -0.118737 
0.37642 0.45533 0.469347 0.46188 0.430374 0.420307 0.00917013 0.00439761 0.0173335 0.00957587 0.0135765 0.00739333 0.00280973 0.00518032 0.00570541 
0.273535 0.423995 0.326488 0.379944 0.300203 0.357868 -0.00388399 -0.00700607 -0.00430282 -0.00549932 -0.00420817 -0.00587935 0.00405795 0.00479531 0.00372716 
0.500025 0.490502 0.485468 0.499944 0.496084 0.497938 -0.00569979 -0.00773504 -0.00715445 -0.00758946 -0.00648266 -0.00675512 0.00209909 0.00358458 0.00317084 
0.670988 0.412909 0.178735 0.281181 0.390101 0.546889 -0.125274 -0.053663 0.0130199 -0.0178768 -0.0576366 -0.0874925 -0.135967 -0.134425 -0.148908 
0.500813 0.459728 0.497317 0.483438 0.500558 0.491581 0.00260881 0.00441961 0.0110697 0.00772451 0.00644617 0.00365022 0.00869008 0.0132856 0.0112666 
2.56923e-34 -1.12452e-36 -8.14378e-05 0.00230039 0.00153522 -1.02777e-36 3.03283e-34 6.10995e-34 -0.000752614 -0.000262232 -0.00157555 1.21706e-33 -0.12304 -0.123431 -0.123061 
0.386567 0.470778 0.459728 0.465627 0.42859 0.434565 0.0145778 0.0212455 0.00441961 0.0111225 0.00928949 0.0185247 0.0186884 0.0149685 0.0132856 
0.224167 0.031034 -0.0109543 9.1922e-05 0.0368641 0.113908 -0.0152035 0.0362384 0.0413944 0.0414722 0.0252548 0.0110687 -0.119736 -0.124998 -0.122659 
2.56923e-34 -8.14378e-05 5.10845e-34 0.000217871 1.02409e-33 0.00153522 3.03283e-34 -0.000752614 -6.21145e-37 -0.00181257 5.70716e-37 -0.00157555 -0.12304 -0.123061 -0.122711 
0.431111 0.326488 0.423995 0.379944 0.427353 0.384596 -0.00349749 -0.00430282 -0.00700607 -0.00549932 -0.00580613 -0.004051 0.00496464 0.00372716 0.00479531 
0.757028 0.337901 0.688891 0.516505 0.727081 0.564616 -0.0646039 -0.0192536 -0.0409825 -0.0280669 -0.0527161 -0.0391931 -0.089694 -0.0865835 -0.0909537 
0.670988 0.855596 0.412909 0.653344 0.546889 0.764199 -0.125274 -0.117148 -0.053663 -0.0930306 -0.0874925 -0.123362 -0.135967 -0.118737 -0.134425 
0.407751 0.433463 0.490502 0.468512 0.45979 0.421014 -0.00455756 -0.00697153 -0.00773504 -0.00744857 -0.00623798 -0.00578834 0.00265208 0.0045967 0.00358458 
6.58761e-34 4.02001e-34 0.70604 0.405354 0.40478 -2.80284e-34 -2.51471e-34 -1.94776e-34 -0.00100521 -0.00026266 -0.000416457 -4.44744e-34 -0.0510367 -0.0396761 -0.0448617 
0.240832 0.417144 0.425543 0.421612 0.341659 0.329515 0.10154 0.134485 0.11696 0.128401 0.11618 0.120758 -0.00714912 -0.00780527 0.00873727 
0.998703 0.997083 0.843813 0.970967 0.967485 0.997888 -0.00180682 -0.00327905 -0.00266241 -0.00341576 -0.00274763 -0.00269808 -0.0483528 -0.0575159 -0.0570765 
0.124465 0.344646 0.321915 0.332027 0.213475 0.227574 -0.0475398 -0.0573735 -0.00560511 -0.0341378 -0.0368741 -0.0588353 -0.0760969 -0.0762656 -0.0784052 
0.999449 0.647119 0.842611 0.754542 0.957428 0.905114 -0.0120898 -0.0059132 -0.00526109 -0.00581961 -0.00941861 -0.0111674 -0.0829807 -0.077394 -0.0699872 
0.533542 0.425543 0.516768 0.472521 0.528608 0.496625 0.104266 0.11696 0.129291 0.124463 0.117557 0.115106 0.00737813 0.00873727 0.00182932 
4.1655e-34 2.4813e-34 0.355853 0.162834 0.140713 -1.02736e-34 -4.04195e-34 -4.00545e-34 -0.0365332 -0.0091001 -0.0109419 -7.33249e-34 -0.0724045 -0.0782149 -0.0762747 
-0.0183128 -8.14378e-05 -0.0151549 -0.00436543 -0.0176729 -0.0069821 0.0133834 -0.000752614 0.00921396 0.00380889 0.0110627 0.00359224 -0.122699 -0.123061 -0.124199 
0.224167 0.0232879 0.168187 0.0828185 0.189322 0.0920068 -0.0152035 0.0308535 -0.000882225 0.0193295 -0.00798585 0.0112358 -0.119736 -0.12056 -0.119336 
0.440406 0.802958 0.757192 0.782967 0.619767 0.642328 -0.120025 -0.206893 -0.23338 -0.222673 -0.178875 -0.168654 -0.0573388 -0.0774663 -0.0699553 
0.590957 0.321915 0.503758 0.415715 0.549153 0.463747 0.0274451 -0.00560511 -0.0259556 -0.0123875 0.00181941 0.0133477 -0.0539449 -0.0784052 -0.0696926 
0.759574 0.568006 0.773138 0.691346 0.766138 0.697796 -0.276206 -0.183588 -0.27182 -0.230608 -0.278844 -0.239502 -0.0567976 -0.056725 -0.0674584 
0.989703 0.843813 0.997083 0.970967 0.994037 0.978161 -0.0048874 -0.00266241 -0.00327905 -0.00341576 -0.0039972 -0.00457565 -0.0664862 -0.0570765 -0.0575159 
0.998703 0.625049 0.77526 0.704901 0.93509 0.895119 -0.00180682 -0.000981135 -0.00225289 -0.00145639 -0.00243834 -0.00178661 -0.0483528 -0.0489622 -0.0582892 
0.959806 0.73208 0.95199 0.919767 0.962739 0.879915 -0.0766295 -0.0710578 -0.0834366 -0.0874864 -0.080094 -0.0798416 -0.107222 -0.11705 -0.101033 
-0.13068 -0.188319 -0.256672 -0.225266 -0.203624 -0.197667 0.0623709 0.0374773 0.0410388 0.0405267 0.0589482 0.0659997 -0.148183 -0.137863 -0.144943 
5.06645e-34 -0.0109543 0.031034 9.1922e-05 -0.013094 -0.0100964 3.78881e-35 0.0413944 0.0362384 0.0414722 0.0437625 0.0384125 -0.123278 -0.122659 -0.124998 
0.749183 0.843142 0.802958 0.842596 0.864111 0.816238 -0.214534 -0.268747 -0.206893 -0.248161 -0.24906 -0.253838 -0.12964 -0.0942904 -0.0774663 
3.5416e-34 0.688891 0.337901 0.516505 0.172626 0.347684 -4.47078e-34 -0.0409825 -0.0192536 -0.0280669 -0.00732405 -0.0133654 -0.0880707 -0.0909537 -0.0865835 
0.854735 0.919701 0.83914 0.896028 0.895454 0.895058 -0.181136 -0.161164 -0.197529 -0.185715 -0.206155 -0.17424 -0.0869595 -0.102791 -0.122924 
0.670988 0.83914 0.919701 0.896028 0.861571 0.767595 -0.125274 -0.197529 -0.161164 -0.185715 -0.162797 -0.165463 -0.135967 -0.122924 -0.102791 
0.431111 0.423995 0.48854 0.462863 0.465472 0.427353 -0.00349749 -0.00700607 -0.00449916 -0.00605087 -0.00396634 -0.00580613 0.00496464 0.00479531 0.00669609 
-2.42333e-34 -0.11016 -0.255842 -0.199215 -0.242534 -0.25179 5.19673e-34 -0.0638465 -0.0146507 -0.0363688 0.00198821 -0.00781974 -0.10754 -0.0826403 -0.122303 
-0.0302618 0.168187 0.0232879 0.0828185 -0.0112073 0.0291423 0.0560131 -0.000882225 0.0308535 0.0193295 0.045764 0.0403014 -0.121692 -0.119336 -0.12056 
0.37642 0.469347 0.474794 0.47102 0.431013 0.430374 0.00917013 0.0173335 0.0350734 0.0255749 0.0202251 0.0135765 0.00280973 0.00570541 0.00499083 
0.271543 0.169746 0.379407 0.287667 0.329739 0.223142 -0.00161385 -0.000524971 -0.00235676 -0.00137801 -0.00203382 -0.000976045 0.00183432 0.00102205 0.00116386 
0.274572 0.380747 0.180781 0.292676 0.229553 0.331861 -0.00158818 -0.00234135 -0.000572287 -0.00140044 -0.000997877 -0.00202501 0.00164944 0.000894113 0.000846422 
4.17109e-34 6.27001e-34 0.764669 0.440667 0.423917 -4.66722e-34 -4.57939e-34 -4.40764e-34 -0.0228148 -0.00759855 -0.00993697 -8.73999e-34 -0.0914061 -0.0875041 -0.0917006 
0.75 0.437688 0.750075 0.609371 0.749969 0.60949 -4.08505e-37 -0.000168418 -0.000729525 -0.000307572 -0.000383774 -0.000135233 -0.0294755 -0.0352978 -0.0400141 
0.407917 0.380747 0.467882 0.431176 0.441638 0.394755 -0.00190103 -0.00234135 -0.00398399 -0.0031607 -0.00278583 -0.00206443 -3.74469e-05 0.000894113 0.00124826 
0.408421 0.461807 0.379407 0.426426 0.394425 0.438127 -0.00192754 -0.00400551 -0.00235676 -0.00318065 -0.00208689 -0.00280574 3.60217e-05 0.00157259 0.00116386 
0.90852 0.95199 0.73208 0.919767 0.836911 0.950841 -0.0988264 -0.0834366 -0.0710578 -0.0874864 -0.0868219 -0.094376 -0.111817 -0.101033 -0.11705 
0.497733 0.588738 0.629559 0.610021 0.572463 0.552314 0.0667244 0.104291 0.0915719 0.100106 0.0812377 0.0845136 0.00508108 -0.00107975 -0.00436119 
0.998703 0.70604 0.937209 0.84289 0.98858 0.935776 -0.00180682 -0.00100521 -0.000833556 -0.001122 -0.0015305 -0.0017608 -0.0483528 -0.0448617 -0.0384037 
2.75368e-34 1.21582e-34 0.207225 0.112141 0.110732 -7.21048e-35 2.29361e-35 3.59667e-35 -0.00195118 -0.000486232 -0.000556683 6.22717e-35 0.00513805 0.00751283 0.00653261 
0.514081 0.474794 0.504832 0.494135 0.511041 0.506421 0.0579807 0.0350734 0.0348709 0.0350169 0.0456606 0.0459632 0.0108095 0.00499083 0.00865022 
0.989703 0.99936 0.842611 0.965151 0.977893 0.996172 -0.0048874 -0.00811622 -0.00526109 -0.00760103 -0.00651153 -0.00677722 -0.0664862 -0.0744284 -0.0699872 
0.596074 0.720835 0.697554 0.717312 0.653188 0.683535 -0.100141 -0.111348 -0.20428 -0.157069 -0.149501 -0.105417 0.021779 -0.0202542 -0.00921898 
4.56754e-34 5.73729e-34 0.647119 0.36326 0.35945 -2.00831e-34 -4.029e-34 -3.57451e-34 -0.0059132 -0.00189192 -0.00217367 -7.52452e-34 -0.0813214 -0.0722385 -0.077394 
0.407917 0.244214 0.380747 0.318634 0.394755 0.336183 -0.00190103 -0.000693145 -0.00234135 -0.00138789 -0.00206443 -0.00133004 -3.74469e-05 -1.80279e-05 0.000894113 
0.245598 0.408421 0.379407 0.394425 0.318947 0.337299 -0.000700015 -0.00192754 -0.00235676 -0.00208689 -0.00139355 -0.0013345 2.16967e-05 3.60217e-05 0.00116386 
0.808257 0.355853 0.484616 0.420838 0.67039 0.605692 -0.104641 -0.0365332 -0.0420715 -0.039322 -0.073708 -0.0721162 -0.0853025 -0.0762747 -0.0816599 
3.10672e-34 0.58638 4.02001e-34 0.324925 -9.77372e-35 0.325098 -6.84913e-35 -0.000304657 -1.94776e-34 -0.000134206 -3.31417e-34 -9.49329e-05 -0.0279166 -0.0356604 -0.0396761 
4.02001e-34 0.58638 0.70604 0.648824 0.405354 0.324925 -1.94776e-34 -0.000304657 -0.00100521 -0.000549884 -0.00026266 -0.000134206 -0.0396761 -0.0356604 -0.0448617 
0.500025 0.467882 0.479778 0.474133 0.495423 0.492523 -0.00569979 -0.00398399 -0.00573605 -0.0048097 -0.00583091 -0.0049249 0.00209909 0.00124826 0.00242037 
0.407751 0.479778 0.467882 0.474133 0.441675 0.45029 -0.00455756 -0.00573605 -0.00398399 -0.0048097 -0.00433219 -0.00524016 0.00265208 0.00242037 0.00124826 
4.41904e-34 0.625049 0.750075 0.69066 0.437668 0.350022 1.94933e-34 -0.000981135 -0.000729525 -0.00086912 -0.000228686 -0.00022467 -0.0410152 -0.0489622 -0.0400141 
1 0.75 0.986681 0.905351 0.996678 0.9375 -5.43716e-37 -4.08505e-37 -0.00063169 -0.000549852 -0.000595422 -8.41707e-37 -0.0287665 -0.0294755 -0.0364272 
0.999449 0.842611 0.99936 0.965151 0.999789 0.957428 -0.0120898 -0.00526109 -0.00811622 -0.00760103 -0.00979465 -0.00941861 -0.0829807 -0.0699872 -0.0744284 
2.03845e-34 1.95867e-34 0.339378 0.195952 0.201755 -1.23515e-34 -1.36299e-34 -8.06204e-35 0.00828328 0.00353352 0.00152319 -2.20455e-34 0.0275998 0.0171219 0.022073 
0.584309 0.629559 0.609704 0.628501 0.60285 0.634626 0.110938 0.0915719 0.123955 0.113555 0.120169 0.109312 -0.0299227 -0.00436119 -0.0129431 
1.1904e-34 1.07676e-34 0.208456 0.104113 0.111141 -7.08399e-35 -7.40433e-36 -4.23836e-36 0.00964969 0.00256064 0.00323588 -1.98795e-35 0.00231617 0.00142009 0.00198312 
0.989703 0.77526 0.646316 0.714335 0.879392 0.917051 -0.0048874 -0.00225289 -0.00265555 -0.00251673 -0.00466372 -0.00388169 -0.0664862 -0.0582892 -0.069521 
9.53215e-35 7.16345e-35 0.16664 0.0759541 0.091448 -6.23841e-35 1.12331e-34 9.52563e-35 0.0191508 0.00706288 0.00629328 1.91701e-34 0.0217442 0.0176558 0.0206105 
-6.43314e-35 -7.64747e-35 -0.0575615 -0.083326 -0.0774852 3.22746e-35 -1.85182e-34 -2.92415e-34 0.0126679 0.00203741 0.00203629 -4.92469e-34 -0.0388974 -0.0597165 -0.0522904 
7.26641e-36 2.54408e-35 0.0387757 0.0229768 0.0127906 -3.17677e-36 -3.10223e-34 -2.8723e-34 -0.0184229 -0.00293407 -0.00328986 -5.82457e-34 -0.0620327 -0.0578763 -0.0578629 
-9.44291e-35 -1.87e-34 -0.188319 -0.126179 -0.0908257 8.38359e-35 6.89144e-34 7.46306e-34 0.0374773 0.0116697 0.0122297 1.38606e-33 -0.136431 -0.145839 -0.137863 
0.446324 0.566432 0.168187 0.355551 0.303424 0.501918 -0.0509131 -0.0624596 -0.000882225 -0.0294526 -0.0216498 -0.0558859 -0.125874 -0.120557 -0.119336 
8.12197e-35 4.1655e-34 0.229921 0.10743 0.0871668 -6.70199e-35 -3.32502e-34 -4.04195e-34 -0.0311784 -0.00814523 -0.00618318 -6.74994e-34 -0.0664569 -0.0724045 -0.0661071 
8.68586e-35 2.1012e-34 0.178908 0.0923706 0.0910921 -6.0753e-35 -1.63943e-35 -2.13742e-35 -0.00159223 -0.00088626 -0.000556693 -3.46816e-35 0.00322491 0.00386261 0.0034357 
0.367125 0.473164 0.478094 0.475894 0.434445 0.430967 -0.00620663 -0.00768857 -0.00875175 -0.00846247 -0.0077186 -0.00759261 0.00672369 0.00803177 0.00574172 
0.937209 0.70604 0.58638 0.648824 0.800295 0.84289 -0.000833556 -0.00100521 -0.000304657 -0.000549884 -0.000622632 -0.001122 -0.0384037 -0.0448617 -0.0356604 
0.663571 0.697554 0.671805 0.727088 0.667496 0.727095 -0.186149 -0.20428 -0.149137 -0.174757 -0.169089 -0.197835 -0.0520225 -0.00921898 -0.049557 
1 0.986681 0.937209 0.995418 0.984243 0.996678 -5.43716e-37 -0.00063169 -0.000833556 -0.000874757 -0.000721232 -0.000595422 -0.0287665 -0.0364272 -0.0384037 
-6.7084e-35 -9.44291e-35 -0.117969 -0.0679901 -0.0451573 4.28679e-35 6.66793e-34 6.89144e-34 0.0341469 0.0115055 0.00785308 1.31093e-33 -0.130478 -0.136431 -0.131814 
4.17109e-34 0.764669 0.418916 0.604417 0.220895 0.423917 -4.57939e-34 -0.0228148 -0.0140968 -0.0180594 -0.00504071 -0.00993697 -0.0914061 -0.0917006 -0.0919439 
3.10672e-34 0.75 0.58638 0.67336 0.325098 0.4375 -6.84913e-35 -3.56274e-37 -0.000304657 -0.000183211 -9.49329e-05 -9.7534e-38 -0.0279166 -0.0280123 -0.0356604 
1.23655e-34 1.17712e-34 0.216533 0.117946 0.120786 -8.02099e-35 8.83182e-35 1.05386e-34 0.00348509 0.00131593 0.000900771 1.90541e-34 0.0178548 0.0210522 0.0195832 
2.79394e-34 1.21445e-34 0.2195 0.120842 0.119575 -8.00777e-35 4.97738e-35 6.94793e-35 -0.0018364 -0.000559972 -0.000977026 1.2296e-34 0.0107472 0.0142674 0.0131226 
2.05669e-35 -2.12026e-35 0.0504976 -0.0185933 0.00857816 -2.41874e-35 4.03304e-35 -6.17525e-35 0.0325762 0.0127959 0.0114034 -5.06432e-35 0.00582278 -0.0149325 -0.0044244 
-6.04064e-35 -3.11694e-35 -0.0559695 -0.0393756 -0.0597058 4.29983e-35 -3.44312e-34 -3.37081e-34 -0.020763 -0.0106375 -0.0071606 -6.63631e-34 -0.0686857 -0.0669633 -0.0694137 
4.28084e-35 5.56689e-35 0.117184 0.0482682 0.0409287 -3.02605e-35 -2.88532e-34 -3.07587e-34 -0.0135994 -0.00271107 -0.00198466 -5.86984e-34 -0.0583172 -0.0618705 -0.0591677 
1.16323e-34 1.79625e-34 0.27054 0.167584 0.133821 -1.00771e-34 -2.2773e-34 -1.99422e-34 -0.0369593 -0.0144133 -0.0179416 -3.84609e-34 0.0421573 0.0378205 0.0399768 
1.66862e-34 1.45454e-34 0.275078 0.143404 0.157341 -9.44167e-35 -4.20176e-35 -1.85098e-35 0.020836 0.00539882 0.00561497 -7.57188e-35 0.00981481 0.00498305 0.00773484 
9.74475e-35 9.35531e-35 0.180584 0.0906867 0.0919433 -6.17296e-35 -6.55382e-36 -1.15334e-35 0.00108943 0.000366685 0.000650205 -1.95908e-35 0.00153184 0.00239052 0.00192137 
0.757028 0.912394 0.484616 0.74941 0.627629 0.85248 -0.0646039 -0.097539 -0.0420715 -0.0760149 -0.0548493 -0.0824906 -0.089694 -0.0953514 -0.0816599 
0.749183 0.562203 0.843142 0.75681 0.816238 0.653832 -0.214534 -0.207714 -0.268747 -0.26152 -0.253838 -0.213522 -0.12964 -0.124115 -0.0942904 
0.80421 0.843142 0.562203 0.75681 0.721968 0.824485 -0.288549 -0.268747 -0.207714 -0.26152 -0.270356 -0.281017 -0.0869374 -0.0942904 -0.124115 
0.808257 0.912394 0.855596 0.938817 0.931227 0.866636 -0.104641 -0.097539 -0.117148 -0.120086 -0.131825 -0.102854 -0.0853025 -0.0953514 -0.118737 
0.224167 -0.0109543 0.0232879 -0.00213996 0.0920068 0.0368641 -0.0152035 0.0413944 0.0308535 0.0357556 0.0112358 0.0252548 -0.119736 -0.122659 -0.12056 
0.500025 0.479778 0.490502 0.4856 0.497938 0.495423 -0.00569979 -0.00573605 -0.00773504 -0.00669762 -0.00675512 -0.00583091 0.00209909 0.00242037 0.00358458 
2.33352e-34 4.41904e-34 0.437688 0.23454 0.234482 4.78671e-35 7.04298e-35 1.94933e-34 -0.000168418 -0.000150355 -7.35545e-05 3.36228e-34 -0.0296004 -0.0410152 -0.0352978 
0.999449 0.83519 0.702806 0.773951 0.932506 0.962291 -0.0120898 -0.00645953 -0.00704044 -0.00699701 -0.0123453 -0.010472 -0.0829807 -0.0783149 -0.0891436 
0.118062 -0.255842 -0.11016 -0.199215 -0.0161956 -0.092949 -0.093507 -0.0146507 -0.0638465 -0.0363688 -0.0720336 -0.0362701 -0.127457 -0.122303 -0.0826403 
0.808257 0.484616 0.912394 0.74941 0.866636 0.67039 -0.104641 -0.0420715 -0.097539 -0.0760149 -0.102854 -0.073708 -0.0853025 -0.0816599 -0.0953514 
0.407751 0.490502 0.479778 0.4856 0.45029 0.45979 -0.00455756 -0.00773504 -0.00573605 -0.00669762 -0.00524016 -0.00623798 0.00265208 0.00358458 0.00242037 
-1.87e-34 -3.1341e-34 -0.256672 -0.20734 -0.187075 1.57078e-34 7.46306e-34 6.7481e-34 0.0410388 0.0273921 0.0217176 1.35989e-33 -0.145839 -0.1327 -0.144943 
4.41904e-34 0.750075 0.437688 0.609371 0.23454 0.437668 1.94933e-34 -0.000729525 -0.000168418 -0.000307572 -0.000150355 -0.000228686 -0.0410152 -0.0400141 -0.0352978 
2.03845e-34 0.339378 0.263136 0.306307 0.153553 0.201755 -1.36299e-34 0.00828328 -0.00758054 -0.00220559 -0.00108821 0.00152319 0.0275998 0.022073 0.0321396 
0.75 0.937209 0.58638 0.800295 0.67336 0.85921 -3.56274e-37 -0.000833556 -0.000304657 -0.000622632 -0.000183211 -0.000543014 -0.0280123 -0.0384037 -0.0356604 
0.485471 0.263136 0.339378 0.306307 0.419087 0.380194 -0.0295439 -0.00758054 0.00828328 -0.00220559 -0.00890645 -0.0212845 0.0270489 0.0321396 0.022073 
1.1904e-34 0.208456 0.178309 0.193658 0.0888811 0.111141 -7.40433e-36 0.00964969 0.0084727 0.00972891 0.00241889 0.00323588 0.00231617 0.00198312 0.00371145 
-0.0302618 0.0232879 -0.0109543 -0.00213996 -0.0234459 -0.0112073 0.0560131 0.0308535 0.0413944 0.0357556 0.0460043 0.045764 -0.121692 -0.12056 -0.122659 
4.41904e-34 4.54777e-34 0.625049 0.350586 0.350022 -1.42347e-34 1.94933e-34 2.50528e-34 -0.000981135 -0.000330396 -0.00022467 4.46541e-34 -0.0410152 -0.0527649 -0.0489622 
0.369011 0.178309 0.208456 0.193658 0.288963 0.281293 0.0360771 0.0084727 0.00964969 0.00972891 0.0213814 0.0215339 0.0035677 0.00371145 0.00198312 
1.21582e-34 2.79394e-34 0.204059 0.110838 0.109853 -6.37736e-35 3.59667e-35 4.97738e-35 -0.00214914 -0.00102345 -0.000642694 8.99499e-35 0.00751283 0.0107472 0.00830981 
4.87001e-34 6.6299e-34 0.646316 0.367116 0.365127 -1.65663e-34 3.08086e-34 3.66796e-34 -0.00265555 -0.00140652 -0.000767232 6.80205e-34 -0.0649637 -0.0778787 -0.069521 
-0.130457 0.236803 -0.0279026 0.0951595 -0.0823055 0.0420536 -0.00386555 -0.0962454 0.0173888 -0.0282127 0.0105806 -0.0299889 -0.146198 -0.148379 -0.155846 
0.808257 0.855596 0.919701 0.910894 0.8921 0.931227 -0.104641 -0.117148 -0.161164 -0.14566 -0.138374 -0.131825 -0.0853025 -0.118737 -0.102791 
0.757028 0.484616 0.337901 0.416613 0.564616 0.627629 -0.0646039 -0.0420715 -0.0192536 -0.0275203 -0.0391931 -0.0548493 -0.089694 -0.0816599 -0.0865835 
7.16345e-35 0.0745729 0.16664 0.122321 0.0759541 0.036906 9.52563e-35 0.0165579 0.0191508 0.0197445 0.00706288 0.00517885 0.0176558 0.0122214 0.0206105 
9.53215e-35 0.16664 0.147198 0.160842 0.0748163 0.091448 1.12331e-34 0.0191508 0.00571884 0.0107949 0.00238916 0.00629328 0.0217442 0.0206105 0.0216864 
-7.64747e-35 -0.0864743 -0.0575615 -0.0853325 -0.083326 -0.0681576 -2.92415e-34 -0.00947542 0.0126679 -0.000181666 0.00203741 -0.00137177 -0.0597165 -0.0661483 -0.0522904 
-6.43314e-35 -0.0575615 -0.0391271 -0.054422 -0.0559877 -0.0774852 -1.85182e-34 0.0126679 0.0152521 0.0169606 0.00387504 0.00203629 -0.0388974 -0.0522904 -0.028227 
2.54408e-35 0.0487897 0.0387757 0.0474477 0.0229768 0.0206901 -2.8723e-34 -0.00525203 -0.0184229 -0.00946167 -0.00293407 -0.000664977 -0.0578763 -0.0568437 -0.0578629 
7.26641e-36 0.0387757 -0.0149671 0.0120576 -0.0025227 0.0127906 -3.10223e-34 -0.0184229 -0.0151626 -0.0182089 -0.00356705 -0.00328986 -0.0620327 -0.0578629 -0.0636356 
0.298006 0.147198 0.16664 0.160842 0.236933 0.229566 0.0223 0.00571884 0.0191508 0.0107949 0.0238935 0.0145279 0.0218478 0.0216864 0.0206105 
0.0818601 -0.0391271 -0.0575615 -0.054422 -0.000431667 0.0121752 0.0632097 0.0152521 0.0126679 0.0169606 0.0333423 0.0372483 -0.0312888 -0.028227 -0.0522904 
0.239062 0.16664 0.0745729 0.122321 0.157834 0.208582 0.068075 0.0191508 0.0165579 0.0197445 0.0444161 0.0432262 0.0143407 0.0206105 0.0122214 
0.0539031 -0.0149671 0.0387757 0.0120576 0.0435059 0.00193778 -0.0464328 -0.0151626 -0.0184229 -0.0182089 -0.0354747 -0.0323877 -0.0647469 -0.0636356 -0.0578629 
0.0453975 -0.0575615 -0.0864743 -0.0853325 -0.0458557 -0.0247332 0.00510951 0.0126679 -0.00947542 -0.000181666 -0.0137782 0.00817712 -0.0736988 -0.0522904 -0.0661483 
0.20163 0.0387757 0.0487897 0.0474477 0.10819 0.100731 -0.0448519 -0.0184229 -0.00525203 -0.00946167 -0.0189254 -0.0268423 -0.0549757 -0.0578629 -0.0568437 
6.6299e-34 0.83519 0.646316 0.749336 0.367116 0.509255 3.66796e-34 -0.00645953 -0.00265555 -0.00409588 -0.00140652 -0.00231921 -0.0778787 -0.0783149 -0.069521 
0.446324 0.412909 0.855596 0.653344 0.675252 0.428351 -0.0509131 -0.053663 -0.117148 -0.0930306 -0.0899108 -0.0515583 -0.125874 -0.134425 -0.118737 
0.33594 0.208456 0.137831 0.171158 0.242731 0.277005 0.0173407 0.00964969 0.00269582 0.00538242 0.00914899 0.0152442 0.00173555 0.00198312 0.00141217 
1.07676e-34 0.137831 0.208456 0.171158 0.104113 0.070998 -4.23836e-36 0.00269582 0.00964969 0.00538242 0.00256064 0.0011135 0.00142009 0.00141217 0.00198312 
0.162965 -0.129688 0.0680632 -0.0447228 0.105228 -0.00469511 -0.132979 -0.0425746 -0.0783744 -0.0607229 -0.107318 -0.0891156 -0.036065 -0.0354987 0.00872217 
8.0176e-35 0.169746 2.02407e-34 0.0892146 -3.44583e-35 0.0895071 -3.22024e-37 -0.000524971 -8.48755e-36 -0.000273794 -7.72198e-36 -0.00017531 4.55725e-05 0.00102205 0.00152271 
2.37401e-34 0.337901 0.484616 0.416613 0.235044 0.157552 -4.32907e-34 -0.0192536 -0.0420715 -0.0275203 -0.00974169 -0.0059103 -0.0858076 -0.0865835 -0.0816599 
0.224167 0.424886 0.031034 0.160831 0.113908 0.309781 -0.0152035 -0.0489966 0.0362384 -0.00167931 0.0110687 -0.0287757 -0.119736 -0.125419 -0.124998 
-8.74781e-35 0.0680632 -0.129688 -0.0447228 -0.127736 -0.081031 7.12654e-36 -0.0783744 -0.0425746 -0.0607229 -0.0131101 -0.0287253 -0.00738549 0.00872217 -0.0354987 
8.16011e-35 2.04599e-34 0.180781 0.0954777 0.0951746 -4.66959e-35 -3.31383e-37 6.1044e-36 -0.000572287 -0.000300192 -0.000192693 6.85212e-36 -4.60315e-05 0.00143451 0.000846422 
0.488905 0.339378 0.241987 0.295784 0.384441 0.427242 0.0420718 0.00828328 0.0111556 0.0109847 0.0251188 0.0182412 0.0106005 0.022073 0.0140004 
0.238855 -0.0279026 0.236803 0.0951595 0.237232 0.110601 -0.0469728 0.0173888 -0.0962454 -0.0282127 -0.0726994 -0.00829622 -0.154753 -0.155846 -0.148379 
1.23655e-34 0.216533 0.169924 0.195256 0.0914434 0.120786 8.83182e-35 0.00348509 -0.000114349 0.00111948 0.000249265 0.000900771 0.0178548 0.0195832 0.0162968 
1.95867e-34 0.241987 0.339378 0.295784 0.195952 0.136114 -8.06204e-35 0.0111556 0.00828328 0.0109847 0.00353352 0.00209346 0.0171219 0.0140004 0.022073 
1.79625e-34 0.263136 0.27054 0.276194 0.167584 0.145812 -1.99422e-34 -0.00758054 -0.0369593 -0.0216943 -0.0144133 -0.00439434 0.0378205 0.0321396 0.0399768 
1.17712e-34 0.147198 0.216533 0.183852 0.117946 0.080194 1.05386e-34 0.00571884 0.00348509 0.00530066 0.00131593 0.00163987 0.0210522 0.0216864 0.0195832 
1.16323e-34 0.27054 0.0954044 0.191239 0.0535004 0.133821 -2.2773e-34 -0.0369593 -0.0353906 -0.0418154 -0.0130582 -0.0179416 0.0421573 0.0399768 0.0364387 
1.45454e-34 0.178309 0.275078 0.225308 0.143404 0.0970501 -1.85098e-35 0.0084727 0.020836 0.0133545 0.00539882 0.00270639 0.00498305 0.00371145 0.00773484 
2.05669e-35 0.0504976 0.0745729 0.0638114 0.0201934 0.00857816 4.03304e-35 0.0325762 0.0165579 0.023659 0.00570225 0.0114034 0.00582278 -0.0044244 0.0122214 
-2.12026e-35 -0.0391271 0.0504976 -0.00232759 -0.0185933 -0.0407618 -6.17525e-35 0.0152521 0.0325762 0.0233346 0.0127959 0.00517117 -0.0149325 -0.028227 -0.0044244 
-6.04064e-35 -0.0559695 -0.0864743 -0.070889 -0.0615034 -0.0597058 -3.44312e-34 -0.020763 -0.00947542 -0.0136129 -0.00408769 -0.0071606 -0.0686857 -0.0694137 -0.0661483 
-3.11694e-35 -0.0149671 -0.0559695 -0.0338485 -0.0393756 -0.0150104 -3.37081e-34 -0.0151626 -0.020763 -0.0177081 -0.0106375 -0.00486047 -0.0669633 -0.0636356 -0.0694137 
4.28084e-35 0.117184 0.0487897 0.075766 0.0239923 0.0409287 -2.88532e-34 -0.0135994 -0.00525203 -0.00826511 -2.07743e-05 -0.00198466 -0.0583172 -0.0591677 -0.0568437 
1.66862e-34 0.275078 0.241987 0.261192 0.127184 0.157341 -4.20176e-35 0.020836 0.0111556 0.0167501 0.0023606 0.00561497 0.00981481 0.00773484 0.0140004 
5.56689e-35 0.105281 0.117184 0.11266 0.0482682 0.0373679 -3.07587e-34 -0.0104243 -0.0135994 -0.0124728 -0.00271107 -0.00248116 -0.0618705 -0.0635957 -0.0591677 
9.35531e-35 0.127334 0.180584 0.153228 0.0906867 0.0637733 -1.15334e-35 -0.000359259 0.00108943 0.000199592 0.000366685 7.50566e-05 0.00239052 0.00277511 0.00192137 
9.74475e-35 0.180584 0.137831 0.15892 0.0682103 0.0919433 -6.55382e-36 0.00108943 0.00269582 0.00237023 0.000833629 0.000650205 0.00153184 0.00192137 0.00141217 
0.118062 0.562203 0.236803 0.400715 0.175868 0.341137 -0.093507 -0.207714 -0.0962454 -0.155559 -0.0914415 -0.156645 -0.127457 -0.124115 -0.148379 
0.497752 0.499065 0.473164 0.490521 0.497078 0.500117 -0.00724072 -0.00897565 -0.00768857 -0.00871637 -0.0077613 -0.00826574 0.00636083 0.00620286 0.00803177 
8.16011e-35 0.180781 0.244214 0.213383 0.131866 0.0951746 -3.31383e-37 -0.000572287 -0.000693145 -0.000618432 -0.000202964 -0.000192693 -4.60315e-05 0.000846422 -1.80279e-05 
-0.105046 0.134512 -0.0138103 0.0485453 -0.0527623 0.015788 0.0791372 0.0373854 0.0706652 0.0613334 0.0728377 0.0643108 -0.135859 -0.131719 -0.125198 
8.0176e-35 0.245598 0.169746 0.208887 0.0895071 0.133449 -3.22024e-37 -0.000700015 -0.000524971 -0.000601571 -0.00017531 -0.00020601 4.55725e-05 2.16967e-05 0.00102205 
0.344498 0.472621 0.423995 0.451201 0.38708 0.421057 -0.00605099 -0.00882723 -0.00700607 -0.00809383 -0.00695847 -0.00780816 0.00431424 0.00504684 0.00479531 
2.4813e-34 0.484616 0.355853 0.420838 0.162834 0.208288 -4.00545e-34 -0.0420715 -0.0365332 -0.039322 -0.0091001 -0.0100466 -0.0782149 -0.0816599 -0.0762747 
0.118062 -0.11016 0.310108 0.0812021 0.210387 -0.0161956 -0.093507 -0.0638465 -0.179472 -0.112777 -0.143155 -0.0720336 -0.127457 -0.0826403 -0.0870749 
0.162965 0.310108 -0.11016 0.0812021 0.00288108 0.230856 -0.132979 -0.179472 -0.0638465 -0.112777 -0.0955727 -0.155618 -0.036065 -0.0870749 -0.0826403 
0.749183 0.83914 0.520913 0.702262 0.641103 0.795275 -0.214534 -0.197529 -0.116532 -0.166439 -0.167593 -0.209347 -0.12964 -0.122924 -0.145043 
2.1012e-34 1.07054e-34 0.175759 0.0912899 0.0903524 -5.24154e-35 -2.13742e-35 -2.14854e-35 -0.00207104 -0.000576809 -0.000963168 -3.92888e-35 0.00386261 0.00417561 0.004041 
0.499075 0.499065 0.472621 0.49583 0.490237 0.500179 -0.00924734 -0.00897565 -0.00882723 -0.00899269 -0.00926956 -0.00938534 0.00471553 0.00620286 0.00504684 
0.497752 0.472621 0.499065 0.49583 0.500117 0.488285 -0.00724072 -0.00882723 -0.00897565 -0.00899269 -0.00826574 -0.00843865 0.00636083 0.00504684 0.00620286 
0.489773 0.489844 0.500005 0.497633 0.497297 0.500013 -0.0029068 -0.00290878 -0.00404646 -0.00341724 -0.00341729 -0.00313704 1.55188e-05 -1.79062e-05 0.000956134 
0.162965 -0.11016 -0.129688 -0.138359 -0.00469511 0.00288108 -0.132979 -0.0638465 -0.0425746 -0.0547662 -0.0891156 -0.0955727 -0.036065 -0.0826403 -0.0354987 
-1.87597e-34 -0.129688 -0.11016 -0.138359 -0.223972 -0.165785 2.63004e-34 -0.0425746 -0.0638465 -0.0547662 -0.0131955 -0.0103589 -0.0572871 -0.0354987 -0.0826403 
0.367125 0.478094 0.433463 0.458757 0.403202 0.434445 -0.00620663 -0.00875175 -0.00697153 -0.00803758 -0.00677434 -0.0077186 0.00672369 0.00574172 0.0045967 
4.54777e-34 0.77526 0.625049 0.704901 0.350586 0.457173 2.50528e-34 -0.00225289 -0.000981135 -0.00145639 -0.000330396 -0.000705177 -0.0527649 -0.0582892 -0.0489622 
0.998703 0.77526 0.997083 0.93029 0.997888 0.93509 -0.00180682 -0.00225289 -0.00327905 -0.00309361 -0.00269808 -0.00243834 -0.0483528 -0.0582892 -0.0575159 
0.989703 0.997083 0.77526 0.93029 0.917051 0.994037 -0.0048874 -0.00327905 -0.00225289 -0.00309361 -0.00388169 -0.0039972 -0.0664862 -0.0575159 -0.0582892 
0.683741 0.310108 0.572395 0.445387 0.626978 0.507981 -0.281971 -0.179472 -0.25164 -0.221936 -0.270068 -0.232837 -0.076371 -0.0870749 -0.0410627 
0.162965 0.572395 0.310108 0.445387 0.230856 0.374916 -0.132979 -0.25164 -0.179472 -0.221936 -0.155618 -0.196092 -0.036065 -0.0410627 -0.0870749 
7.51968e-34 5.06645e-34 0.031034 -0.013094 0.030584 1.06722e-33 3.10989e-34 3.78881e-35 0.0362384 0.0437625 0.027074 8.36963e-36 -0.137698 -0.123278 -0.124998 
0.33594 0.398751 0.208456 0.311878 0.277005 0.365777 0.0173407 0.0372326 0.00964969 0.0225823 0.0152442 0.0267062 0.00173555 0.00247141 0.00198312 
0.488905 0.562849 0.339378 0.460691 0.427242 0.529961 0.0420718 0.0178128 0.00828328 0.00474144 0.0182412 0.0338048 0.0106005 0.0151448 0.022073 
0.224167 0.73208 0.780595 0.7532 0.527835 0.494782 -0.0152035 -0.0710578 -0.0609422 -0.065836 -0.0506223 -0.0476988 -0.119736 -0.11705 -0.118136 
-1.87597e-34 -8.74781e-35 -0.129688 -0.127736 -0.165785 -9.40053e-36 2.63004e-34 7.12654e-36 -0.0425746 -0.0131101 -0.0103589 3.27577e-34 -0.0572871 -0.00738549 -0.0354987 
0.989703 0.646316 0.83519 0.749336 0.936021 0.879392 -0.0048874 -0.00265555 -0.00645953 -0.00409588 -0.0063068 -0.00466372 -0.0664862 -0.069521 -0.0783149 
0.20163 0.164463 0.0387757 0.0870246 0.100731 0.180756 -0.0448519 -0.0601078 -0.0184229 -0.0380484 -0.0268423 -0.0536029 -0.0549757 -0.0580362 -0.0578629 
0.0453975 0.111546 -0.0575615 0.0128611 -0.0247332 0.0725028 0.00510951 0.0519692 0.0126679 0.0304103 0.00817712 0.02771 -0.0736988 -0.0559412 -0.0522904 
0.239062 0.322403 0.16664 0.2495 0.208582 0.284777 0.068075 0.0516909 0.0191508 0.036773 0.0432262 0.0610033 0.0143407 0.0205805 0.0206105 
1.21445e-34 0.169924 0.2195 0.195719 0.120842 0.0913571 6.94793e-35 -0.000114349 -0.0018364 -0.000862538 -0.000559972 -3.84897e-05 0.0142674 0.0162968 0.0131226 
1.21445e-34 1.23655e-34 0.169924 0.0914434 0.0913571 -1.78252e-35 6.94793e-35 8.83182e-35 -0.000114349 0.000249265 -3.84897e-05 1.5759e-34 0.0142674 0.0178548 0.0162968 
0.323785 0.2195 0.169924 0.195719 0.25416 0.276165 0.000931781 -0.0018364 -0.000114349 -0.000862538 0.000165767 -0.00115884 0.015976 0.0131226 0.0162968 
1.79625e-34 2.03845e-34 0.263136 0.153553 0.145812 -2.27765e-35 -1.99422e-34 -1.36299e-34 -0.00758054 -0.00108821 -0.00439434 -3.21355e-34 0.0378205 0.0275998 0.0321396 
3.86736e-34 4.17109e-34 0.418916 0.220895 0.211141 -1.73299e-35 -4.70426e-34 -4.57939e-34 -0.0140968 -0.00504071 -0.00398331 -9.04164e-34 -0.0931631 -0.0914061 -0.0919439 
2.37401e-34 3.5416e-34 0.337901 0.172626 0.157552 -2.53571e-35 -4.32907e-34 -4.47078e-34 -0.0192536 -0.00732405 -0.0059103 -8.51305e-34 -0.0858076 -0.0880707 -0.0865835 
1.45454e-34 1.1904e-34 0.178309 0.0888811 0.0970501 -1.55779e-35 -1.85098e-35 -7.40433e-36 0.0084727 0.00241889 0.00270639 -3.62512e-35 0.00498305 0.00231617 0.00371145 
7.16345e-35 2.05669e-35 0.0745729 0.0201934 0.036906 -1.7966e-35 9.52563e-35 4.03304e-35 0.0165579 0.00570225 0.00517885 1.16136e-34 0.0176558 0.00582278 0.0122214 
1.17712e-34 9.53215e-35 0.147198 0.0748163 0.080194 -1.25297e-35 1.05386e-34 1.12331e-34 0.00571884 0.00238916 0.00163987 2.10389e-34 0.0210522 0.0217442 0.0216864 
-7.64747e-35 -6.04064e-35 -0.0864743 -0.0615034 -0.0681576 4.11325e-36 -2.92415e-34 -3.44312e-34 -0.00947542 -0.00408769 -0.00137177 -6.34279e-34 -0.0597165 -0.0686857 -0.0661483 
-2.12026e-35 -6.43314e-35 -0.0391271 -0.0559877 -0.0407618 -1.6479e-35 -6.17525e-35 -1.85182e-34 0.0152521 0.00387504 0.00517117 -2.67007e-34 -0.0149325 -0.0388974 -0.028227 
2.54408e-35 4.28084e-35 0.0487897 0.0239923 0.0206901 -3.61766e-36 -2.8723e-34 -2.88532e-34 -0.00525203 -2.07743e-05 -0.000664977 -5.67042e-34 -0.0578763 -0.0583172 -0.0568437 
-3.11694e-35 7.26641e-36 -0.0149671 -0.0025227 -0.0150104 8.25043e-36 -3.37081e-34 -3.10223e-34 -0.0151626 -0.00356705 -0.00486047 -6.3042e-34 -0.0669633 -0.0620327 -0.0636356 
0.959806 0.780595 0.73208 0.7532 0.879915 0.898191 -0.0766295 -0.0609422 -0.0710578 -0.065836 -0.0798416 -0.0735947 -0.107222 -0.118136 -0.11705 
9.35531e-35 8.68586e-35 0.127334 0.064137 0.0637733 -1.02665e-35 -1.15334e-35 -1.63943e-35 -0.000359259 -0.000154168 7.50566e-05 -2.76804e-35 0.00239052 0.00322491 0.00277511 
1.07676e-34 9.74475e-35 0.137831 0.0682103 0.070998 -1.23291e-35 -4.23836e-36 -6.55382e-36 0.00269582 0.000833629 0.0011135 -1.44926e-35 0.00142009 0.00153184 0.00141217 
5.56689e-35 8.12197e-35 0.105281 0.0477706 0.0373679 -8.84462e-36 -3.07587e-34 -3.32502e-34 -0.0104243 -0.00264497 -0.00248116 -6.28006e-34 -0.0618705 -0.0664569 -0.0635957 
1.95867e-34 1.66862e-34 0.241987 0.127184 0.136114 -1.4691e-35 -8.06204e-35 -4.20176e-35 0.0111556 0.0023606 0.00209346 -1.33689e-34 0.0171219 0.00981481 0.0140004 
5.5411e-36 1.16323e-34 0.0954044 0.0535004 0.0137795 -1.64747e-35 -1.72126e-34 -2.2773e-34 -0.0353906 -0.0130582 -0.0118245 -3.54332e-34 0.0292192 0.0421573 0.0364387 
0.568006 0.757192 0.773138 0.770929 0.691346 0.667551 -0.183588 -0.23338 -0.27182 -0.25661 -0.230608 -0.212716 -0.056725 -0.0699553 -0.0674584 
0.882728 0.780595 0.978374 0.929854 0.958898 0.834606 -0.0522114 -0.0609422 -0.06291 -0.0682419 -0.0635139 -0.058149 -0.116178 -0.118136 -0.105238 
5.003e-34 5.10845e-34 -0.00597431 -0.000775867 -0.00217567 1.01807e-33 1.07767e-35 -6.21145e-37 0.00411269 -0.00140729 0.00283126 -1.40426e-36 -0.121434 -0.122711 -0.122564 
0.999449 0.99936 0.83519 0.953865 0.962291 0.999789 -0.0120898 -0.00811622 -0.00645953 -0.00805308 -0.010472 -0.00979465 -0.0829807 -0.0744284 -0.0783149 
0.989703 0.83519 0.99936 0.953865 0.996172 0.936021 -0.0048874 -0.00645953 -0.00811622 -0.00805308 -0.00677722 -0.0063068 -0.0664862 -0.0783149 -0.0744284 
2.33352e-34 0.437688 0.75 0.60949 0.4375 0.234482 7.04298e-35 -0.000168418 -4.08505e-37 -0.000135233 -1.43398e-37 -7.35545e-05 -0.0296004 -0.0352978 -0.0294755 
0.363149 0.397077 0.0680632 0.226545 0.215447 0.379827 -0.119235 -0.174768 -0.0783744 -0.129301 -0.111972 -0.147233 0.028045 0.00298041 0.00872217 
8.12197e-35 0.229921 0.105281 0.160636 0.0477706 0.0871668 -3.32502e-34 -0.0311784 -0.0104243 -0.0188528 -0.00264497 -0.00618318 -0.0664569 -0.0661071 -0.0635957 
0.368569 0.105281 0.229921 0.160636 0.305492 0.225167 -0.075268 -0.0104243 -0.0311784 -0.0188528 -0.0499942 -0.0333281 -0.0621691 -0.0635957 -0.0661071 
0.959806 0.978374 0.780595 0.929854 0.898191 0.972486 -0.0766295 -0.06291 -0.0609422 -0.0682419 -0.0735947 -0.0703307 -0.107222 -0.105238 -0.118136 
0.80421 0.773138 0.757192 0.770929 0.811788 0.802422 -0.288549 -0.27182 -0.23338 -0.25661 -0.275297 -0.286177 -0.0869374 -0.0674584 -0.0699553 
0.287039 0.127334 0.178908 0.153182 0.234424 0.211212 -0.000432164 -0.000359259 -0.00159223 -0.000904928 -0.00138931 -0.000533713 0.00291975 0.00277511 0.0034357 
8.68586e-35 0.178908 0.127334 0.153182 0.064137 0.0910921 -1.63943e-35 -0.00159223 -0.000359259 -0.000904928 -0.000154168 -0.000556693 0.00322491 0.0034357 0.00277511 
-0.0753493 -0.0443939 -0.0151549 -0.032036 -0.0425206 -0.0600109 0.0453867 0.0328677 0.00921396 0.0199013 0.0229333 0.0394922 -0.12513 -0.123193 -0.124199 
0.882728 0.424886 0.780595 0.627032 0.834606 0.706033 -0.0522114 -0.0489966 -0.0609422 -0.0567737 -0.058149 -0.0516217 -0.116178 -0.125419 -0.118136 
-9.44291e-35 -0.188319 -0.117969 -0.151831 -0.0679901 -0.0908257 6.89144e-34 0.0374773 0.0341469 0.0363479 0.0115055 0.0122297 -0.136431 -0.137863 -0.131814 
7.51968e-34 0.031034 0.424886 0.160831 0.235726 0.030584 3.10989e-34 0.0362384 -0.0489966 -0.00167931 -0.0303709 0.027074 -0.137698 -0.124998 -0.125419 
-0.13068 -0.256672 -0.0279026 -0.172064 -0.0831504 -0.203624 0.0623709 0.0410388 0.0173888 0.0435359 0.0446798 0.0589482 -0.148183 -0.144943 -0.155846 
0.298006 0.16664 0.322403 0.2495 0.312208 0.236933 0.0223 0.0191508 0.0516909 0.036773 0.0357853 0.0238935 0.0218478 0.0206105 0.0205805 
-0.130457 -0.0279026 -0.256672 -0.172064 -0.217626 -0.0823055 -0.00386555 0.0173888 0.0410388 0.0435359 0.0287149 0.0105806 -0.146198 -0.155846 -0.144943 
0.0818601 -0.0575615 0.111546 0.0128611 0.0888481 -0.000431667 0.0632097 0.0126679 0.0519692 0.0304103 0.0594686 0.0333423 -0.0312888 -0.0522904 -0.0559412 
0.0539031 0.0387757 0.164463 0.0870246 0.108169 0.0435059 -0.0464328 -0.0184229 -0.0601078 -0.0380484 -0.0527213 -0.0354747 -0.0647469 -0.0578629 -0.0580362 
0.485471 0.339378 0.562849 0.460691 0.531748 0.419087 -0.0295439 0.00828328 0.0178128 0.00474144 -0.00482333 -0.00890645 0.0270489 0.022073 0.0151448 
0.369011 0.208456 0.398751 0.311878 0.384728 0.288963 0.0360771 0.00964969 0.0372326 0.0225823 0.0375237 0.0213814 0.0035677 0.00198312 0.00247141 
0.425543 0.417144 0.516768 0.475652 0.472521 0.421612 0.11696 0.134485 0.129291 0.136257 0.124463 0.128401 0.00873727 -0.00780527 0.00182932 
0.642765 0.572395 0.397077 0.48518 0.533656 0.60891 -0.238778 -0.25164 -0.174768 -0.21633 -0.210139 -0.245192 -0.0200037 -0.0410627 0.00298041 
0.561927 0.516768 0.417144 0.475652 0.499697 0.539638 0.135193 0.129291 0.134485 0.136257 0.140175 0.133499 -0.0057117 0.00182932 -0.00780527 
0.802958 0.843142 0.757192 0.820981 0.782967 0.842596 -0.206893 -0.268747 -0.23338 -0.262436 -0.222673 -0.248161 -0.0774663 -0.0942904 -0.0699553 
1.21582e-34 0.204059 0.207225 0.205657 0.112141 0.109853 3.59667e-35 -0.00214914 -0.00195118 -0.00204863 -0.000486232 -0.000642694 0.00751283 0.00830981 0.00653261 
0.321915 0.344646 0.503758 0.43109 0.415715 0.332027 -0.00560511 -0.0573735 -0.0259556 -0.0449518 -0.0123875 -0.0341378 -0.0784052 -0.0762656 -0.0696926 
0.80421 0.757192 0.843142 0.820981 0.824485 0.811788 -0.288549 -0.23338 -0.268747 -0.262436 -0.281017 -0.275297 -0.0869374 -0.0699553 -0.0942904 
0.602537 0.503758 0.344646 0.43109 0.483692 0.551302 -0.0890761 -0.0259556 -0.0573735 -0.0449518 -0.0704639 -0.0564494 -0.0611096 -0.0696926 -0.0762656 
1.07054e-34 0.195894 0.175759 0.185779 0.0912899 0.102188 -2.14854e-35 -0.00212873 -0.00207104 -0.00210898 -0.000576809 -0.000547146 0.00417561 0.00398161 0.004041 
0.500813 0.48854 0.498055 0.49952 0.500228 0.496779 0.00260881 -0.00449916 -0.00350911 -0.00357998 -0.000834485 -0.00148798 0.00869008 0.00669609 0.00859505 
0.459728 0.470778 0.497317 0.487687 0.483438 0.465627 0.00441961 0.0212455 0.0110697 0.0154996 0.00772451 0.0111225 0.0132856 0.0149685 0.0112666 
0.503931 0.497317 0.470778 0.487687 0.495112 0.501244 0.0223069 0.0110697 0.0212455 0.0154996 0.0218957 0.0164029 0.0101847 0.0112666 0.0149685 
0.882728 0.978374 0.987748 0.98328 0.967537 0.958898 -0.0522114 -0.06291 -0.0483474 -0.0564692 -0.056846 -0.0635139 -0.116178 -0.105238 -0.103658 
0.503931 0.504832 0.469347 0.490612 0.495432 0.504915 0.0223069 0.0348709 0.0173335 0.0251915 0.0202582 0.0283323 0.0101847 0.00865022 0.00570541 
0.474794 0.469347 0.504832 0.490612 0.494135 0.47102 0.0350734 0.0173335 0.0348709 0.0251915 0.0350169 0.0255749 0.00499083 0.00570541 0.00865022 
0.329745 0.2195 0.373443 0.305164 0.353227 0.27874 -0.00500812 -0.0018364 -0.00337674 -0.00253317 -0.00471354 -0.00301156 0.0100824 0.0131226 0.0127683 
0.323785 0.373443 0.2195 0.305164 0.276165 0.34997 0.000931781 -0.00337674 -0.0018364 -0.00253317 -0.00115884 -0.00144034 0.015976 0.0127683 0.0131226 
0.757028 0.95199 0.912394 0.933682 0.85248 0.884946 -0.0646039 -0.0834366 -0.097539 -0.0914592 -0.0824906 -0.0783807 -0.089694 -0.101033 -0.0953514 
0.168187 0.566432 0.73208 0.648558 0.420929 0.355551 -0.000882225 -0.0624596 -0.0710578 -0.0670383 -0.0399578 -0.0294526 -0.119336 -0.120557 -0.11705 
0.561927 0.609704 0.588738 0.608108 0.592965 0.58544 0.135193 0.123955 0.104291 0.118527 0.122845 0.132091 -0.0057117 -0.0129431 -0.00107975 
0.629559 0.588738 0.609704 0.608108 0.628501 0.610021 0.0915719 0.104291 0.123955 0.118527 0.113555 0.100106 -0.00436119 -0.00107975 -0.0129431 
0.90852 0.912394 0.95199 0.933682 0.950841 0.948964 -0.0988264 -0.097539 -0.0834366 -0.0914592 -0.094376 -0.104921 -0.111817 -0.0953514 -0.101033 
0.224167 0.780595 0.424886 0.627032 0.309781 0.527835 -0.0152035 -0.0609422 -0.0489966 -0.0567737 -0.0287757 -0.0506223 -0.119736 -0.118136 -0.125419 
0.602537 0.671805 0.720835 0.709869 0.691364 0.637976 -0.0890761 -0.149137 -0.111348 -0.128668 -0.0949839 -0.11855 -0.0611096 -0.049557 -0.0202542 
0.90852 0.73208 0.566432 0.648558 0.780503 0.836911 -0.0988264 -0.0710578 -0.0624596 -0.0670383 -0.0864718 -0.0868219 -0.111817 -0.11705 -0.120557 
0.587418 0.603394 0.229921 0.414635 0.398798 0.599965 -0.0898057 -0.119827 -0.0311784 -0.0676332 -0.0552373 -0.105435 -0.0723761 -0.0698969 -0.0661071 
0.697554 0.720835 0.671805 0.709869 0.727088 0.717312 -0.20428 -0.111348 -0.149137 -0.128668 -0.174757 -0.157069 -0.00921898 -0.0202542 -0.049557 
0.853497 0.987748 0.978374 0.98328 0.944694 0.945536 -0.0420128 -0.0483474 -0.06291 -0.0564692 -0.0538169 -0.0469468 -0.0965067 -0.103658 -0.105238 
0.178735 0.412909 0.134512 0.256421 0.165147 0.281181 0.0130199 -0.053663 0.0373854 -0.00295892 0.0287295 -0.0178768 -0.148908 -0.134425 -0.131719 
0.446324 0.134512 0.412909 0.256421 0.428351 0.258275 -0.0509131 0.0373854 -0.053663 -0.00295892 -0.0515583 -0.00704283 -0.125874 -0.131719 -0.134425 
0.273535 0.326488 0.178908 0.257319 0.227719 0.300203 -0.00388399 -0.00430282 -0.00159223 -0.00258607 -0.00258057 -0.00420817 0.00405795 0.00372716 0.0034357 
-0.0183128 -0.0151549 -0.0443939 -0.032036 -0.0302757 -0.0176729 0.0133834 0.00921396 0.0328677 0.0199013 0.0227399 0.0110627 -0.122699 -0.124199 -0.123193 
0.368569 0.229921 0.603394 0.414635 0.486824 0.305492 -0.075268 -0.0311784 -0.119827 -0.0676332 -0.0978673 -0.0499942 -0.0621691 -0.0661071 -0.0698969 
0.287039 0.178908 0.326488 0.257319 0.306931 0.234424 -0.000432164 -0.00159223 -0.00430282 -0.00258607 -0.00257014 -0.00138931 0.00291975 0.0034357 0.00372716 
0.473164 0.499065 0.478094 0.492092 0.475894 0.490521 -0.00768857 -0.00897565 -0.00875175 -0.00915505 -0.00846247 -0.00871637 0.00803177 0.00620286 0.00574172 
0.670988 0.520913 0.83914 0.702262 0.767595 0.593464 -0.125274 -0.116532 -0.197529 -0.166439 -0.165463 -0.120083 -0.135967 -0.145043 -0.122924 
0.759574 0.741646 0.62098 0.710538 0.706244 0.751001 -0.276206 -0.253757 -0.199841 -0.23235 -0.241002 -0.267629 -0.0567976 -0.0402143 -0.0568063 
0.590957 0.653847 0.501525 0.589433 0.546427 0.628871 0.0274451 0.0737456 0.0716934 0.0779191 0.0512018 0.0557462 -0.0539449 -0.0326597 -0.0545957 
0.533542 0.525352 0.502204 0.522477 0.517747 0.533362 0.104266 0.0739061 0.0858576 0.0799966 0.0959752 0.0890458 0.00737813 0.00739767 0.0127663 
0.499075 0.478094 0.499065 0.492092 0.500179 0.496883 -0.00924734 -0.00875175 -0.00897565 -0.00915505 -0.00938534 -0.00923732 0.00471553 0.00574172 0.00620286 
0.497752 0.498055 0.48854 0.49952 0.494012 0.500417 -0.00724072 -0.00350911 -0.00449916 -0.00357998 -0.00602965 -0.0055254 0.00636083 0.00859505 0.00669609 
0.514081 0.502204 0.525352 0.522477 0.52024 0.511797 0.0579807 0.0858576 0.0739061 0.0799966 0.0659485 0.0713842 0.0108095 0.0127663 0.00739767 
0.584309 0.501525 0.653847 0.589433 0.619587 0.545714 0.110938 0.0716934 0.0737456 0.0779191 0.0935727 0.0966036 -0.0299227 -0.0545957 -0.0326597 
0.663571 0.62098 0.741646 0.710538 0.717733 0.643577 -0.186149 -0.199841 -0.253757 -0.23235 -0.220652 -0.195497 -0.0520225 -0.0568063 -0.0402143 
5.10845e-34 -8.14378e-05 -0.00597431 -0.00397966 -0.000775867 0.000217871 -6.21145e-37 -0.000752614 0.00411269 0.000880273 -0.00140729 -0.00181257 -0.122711 -0.123061 -0.122564 
-0.0183128 -0.00597431 -8.14378e-05 -0.00397966 -0.0069821 -0.0121496 0.0133834 0.00411269 -0.000752614 0.000880273 0.00359224 0.00876572 -0.122699 -0.122564 -0.123061 
5.003e-34 -0.00597431 -0.0215451 -0.0132254 -0.00736176 -0.00217567 1.07767e-35 0.00411269 0.0285304 0.0145727 0.0165512 0.00283126 -0.121434 -0.122564 -0.122163 
-0.0183128 -0.0215451 -0.00597431 -0.0132254 -0.0121496 -0.0218191 0.0133834 0.0285304 0.00411269 0.0145727 0.00876572 0.0209411 -0.122699 -0.122163 -0.122564 
