0.443782 0.833975 7.60264e-34 0.555135 0.246322 0.671972 -0.0544296 -0.0317846 3.02826e-34 -0.038958 -0.0338491 -0.0522124 -0.12297 -0.114447 -0.135909 
-0.0925207 -0.113812 0.279174 0.0910535 0.0953492 -0.0988049 0.063222 0.0156005 -0.045567 -0.0106806 0.0190119 0.0452102 -0.168977 -0.174954 -0.178585 
0.500052 0.463214 0.494895 0.496326 0.4986 0.491274 -0.00142671 0.000891752 0.000375576 0.000772216 -0.000704935 -0.000507842 0.0109692 0.013754 0.0115378 
0.500231 0.437896 0.50389 0.489872 0.502601 0.481279 0.0358999 0.0480612 0.0442502 0.0475409 0.0404418 0.0422499 0.0166401 0.0184676 0.0165895 
0.557105 0.409902 0.600801 0.534992 0.577883 0.507016 0.0628248 0.0538042 0.0261948 0.0458867 0.0476231 0.0663339 0.00334878 -0.0340218 -0.00102264 
0.360363 0.361016 0.81373 0.616844 0.623817 0.356472 -0.154281 -0.222729 -0.309008 -0.281603 -0.255777 -0.193897 -0.162911 -0.116912 -0.10418 
0.386458 0.309774 0.206175 0.260858 0.307077 0.350696 -0.00138136 -0.00118763 -0.000537161 -0.00090881 -0.000962096 -0.0013335 0.0122734 0.0104112 0.0125269 
0.691807 0.576876 0.665866 0.650858 0.68091 0.681445 -0.146031 -0.173537 -0.0847943 -0.129521 -0.112913 -0.162472 -0.0308654 0.0245673 -0.00228945 
0.893168 0.833975 0.443782 0.671972 0.723484 0.86652 -0.0612136 -0.0317846 -0.0544296 -0.0522124 -0.0584451 -0.0475097 -0.112327 -0.114447 -0.12297 
0.471814 0.292898 0.39137 0.348918 0.434627 0.395447 0.00719917 0.00563647 0.02263 0.01322 0.0155076 0.00238888 0.0336944 0.0402513 0.0293939 
0.691807 0.688048 0.576876 0.635111 0.681445 0.716292 -0.146031 -0.249421 -0.173537 -0.211636 -0.162472 -0.197305 -0.0308654 -0.0154208 0.0245673 
0.357584 0.316174 0.467054 0.406922 0.421885 0.337522 -0.000676585 -0.000872541 -0.00151638 -0.00124746 -0.00107633 -0.000786629 0.00554544 0.00734639 0.00675396 
0.448465 0.467054 0.316174 0.406922 0.392499 0.458254 -0.00180494 -0.00151638 -0.000872541 -0.00124746 -0.00137878 -0.00167821 0.00821472 0.00675396 0.00734639 
0.500231 0.470746 0.492093 0.499077 0.49682 0.496687 0.0358999 0.0187633 0.025138 0.0228413 0.0305253 0.0272014 0.0166401 0.0131468 0.0166874 
0.500052 0.457745 0.495752 0.495076 0.499073 0.488847 -0.00142671 -0.00222455 -0.00223037 -0.00224149 -0.00191847 -0.00200635 0.0109692 0.0092214 0.0102673 
0.500018 0.457745 0.491123 0.477526 0.497542 0.488999 -0.00238125 -0.00222455 -0.00217294 -0.00229127 -0.00234771 -0.00239844 0.00906182 0.0092214 0.00788442 
0.491123 0.457745 0.439327 0.448919 0.470939 0.477526 -0.00217294 -0.00222455 -0.00181049 -0.00200566 -0.002007 -0.00229127 0.00788442 0.0092214 0.00798559 
0.401502 0.209541 0.311544 0.263331 0.35801 0.317319 0.0219624 0.00586421 0.00747236 0.0077179 0.013738 0.0139298 0.0138023 0.0138956 0.0118904 
0.471814 0.39137 0.527241 0.477203 0.510444 0.434627 0.00719917 0.02263 0.0500589 0.0311286 0.0291204 0.0155076 0.0336944 0.0293939 0.0205813 
0.0172439 -0.0223323 -0.013236 -0.0329648 0.00451967 -0.00762918 0.0702563 0.0628332 0.101322 0.0872971 0.0818155 0.0739531 -0.121834 -0.122856 -0.128039 
0.76373 0.873371 0.674797 0.829383 0.719867 0.863452 -0.215515 -0.282152 -0.221343 -0.274112 -0.225255 -0.264787 -0.076558 -0.112494 -0.0702348 
0.688048 0.667846 0.409301 0.537617 0.574289 0.683557 -0.249421 -0.300747 -0.22389 -0.267435 -0.242371 -0.282597 -0.0154208 -0.0703062 0.00225332 
0.81373 0.674797 0.873371 0.829383 0.844769 0.819927 -0.309008 -0.221343 -0.282152 -0.274112 -0.298137 -0.289149 -0.10418 -0.0702348 -0.112494 
0.401502 0.311544 0.470746 0.407897 0.441064 0.35801 0.0219624 0.00747236 0.0187633 0.0132424 0.0212306 0.013738 0.0138023 0.0118904 0.0131468 
0.386458 0.455554 0.309774 0.395511 0.350696 0.425041 -0.00138136 -0.00216718 -0.00118763 -0.00172563 -0.0013335 -0.00189021 0.0122734 0.00990495 0.0104112 
0.761443 0.667846 0.688048 0.683557 0.733442 0.751102 -0.268459 -0.300747 -0.249421 -0.282597 -0.262713 -0.302316 -0.0546802 -0.0703062 -0.0154208 
0.379016 0.301899 0.457745 0.393957 0.423369 0.342695 -0.00133008 -0.0012036 -0.00222455 -0.00172742 -0.0017845 -0.00133222 0.00978761 0.00885592 0.0092214 
0.386458 0.310599 0.463214 0.402097 0.430504 0.351081 -0.00138136 -0.000136067 0.000891752 0.000408486 -0.000600539 -0.000847626 0.0122734 0.0146918 0.013754 
0.557105 0.527241 0.507467 0.544826 0.532725 0.561659 0.0628248 0.0500589 0.082727 0.06683 0.0750351 0.0586693 0.00334878 0.0205813 0.00503782 
0.364881 0.271412 0.437896 0.365058 0.404542 0.321518 0.0219459 0.0236913 0.0480612 0.0369735 0.034385 0.0234247 0.0199665 0.0189781 0.0184676 
0.252164 0.119289 0.409902 0.252627 0.318322 0.184001 0.0676614 0.0380852 0.0538042 0.047137 0.065365 0.0544495 -0.0148112 -0.0381155 -0.0340218 
0.364881 0.327611 0.186065 0.262385 0.285661 0.348805 0.0219459 0.00769862 0.00629764 0.00823412 0.0144108 0.0138736 0.0199665 0.0188787 0.0198639 
0.386458 0.206175 0.310599 0.261611 0.351081 0.307077 -0.00138136 -0.000537161 -0.000136067 -0.000453192 -0.000847626 -0.000962096 0.0122734 0.0125269 0.0146918 
0.364881 0.455811 0.327611 0.402521 0.348805 0.416787 0.0219459 0.0176673 0.00769862 0.0124845 0.0138736 0.0204671 0.0199665 0.0178378 0.0188787 
0.252164 0.230996 0.056512 0.143903 0.149587 0.23931 0.0676614 0.0499192 0.0222513 0.0378932 0.0462293 0.0609203 -0.0148112 0.00559844 -0.0148484 
0.364881 0.186065 0.271412 0.23308 0.321518 0.285661 0.0219459 0.00629764 0.0236913 0.0140974 0.0234247 0.0144108 0.0199665 0.0198639 0.0189781 
0.324021 0.148961 0.0421779 0.0852372 0.160318 0.223539 -0.0970115 -0.024344 -0.0232619 -0.0373509 -0.058268 -0.0597144 -0.0704789 -0.0710042 -0.0662425 
0.252164 0.056512 0.119289 0.0802133 0.184001 0.149587 0.0676614 0.0222513 0.0380852 0.0315681 0.0544495 0.0462293 -0.0148112 -0.0148484 -0.0381155 
0.442656 0.327611 0.455811 0.402521 0.450073 0.392926 0.00653736 0.00769862 0.0176673 0.0124845 0.011426 0.00735647 0.016244 0.0188787 0.0178378 
0.252164 0.414251 0.230996 0.323141 0.23931 0.339088 0.0676614 0.0836801 0.0499192 0.071065 0.0609203 0.0807149 -0.0148112 0.0057972 0.00559844 
0.397505 0.230996 0.414251 0.323141 0.405255 0.322894 0.0625787 0.0499192 0.0836801 0.071065 0.073015 0.0604677 0.0147126 0.00559844 0.0057972 
0.390266 0.462957 0.487355 0.47677 0.450785 0.431432 -0.000270388 -0.000209665 -0.000500718 -0.000327644 -0.000383606 -0.000239348 0.00275213 0.00146313 0.00320466 
0.500006 0.487355 0.462957 0.47677 0.490726 0.496835 -0.000328344 -0.000500718 -0.000209665 -0.000327644 -0.000274248 -0.000409026 0.00211266 0.00320466 0.00146313 
0.324021 0.485021 0.148961 0.313104 0.223539 0.408967 -0.0970115 -0.105747 -0.024344 -0.0608102 -0.0597144 -0.110003 -0.0704789 -0.0689192 -0.0710042 
0.366544 0.148961 0.485021 0.313104 0.418047 0.257492 -0.0141773 -0.024344 -0.105747 -0.0608102 -0.0579322 -0.0235047 -0.0593112 -0.0710042 -0.0689192 
0.471814 0.588725 0.378072 0.496812 0.43566 0.530824 0.00719917 -0.0361058 -0.0369418 -0.0434713 -0.0144827 -0.0118725 0.0336944 0.0263839 0.0475333 
0.487353 0.372177 0.487001 0.443534 0.486893 0.441418 0.0447737 0.0267731 0.0438027 0.0359498 0.0454866 0.0378479 0.0193081 0.0174864 0.0167033 
0.401502 0.487001 0.372177 0.443534 0.386879 0.45227 0.0219624 0.0438027 0.0267731 0.0359498 0.025115 0.0330534 0.0138023 0.0167033 0.0174864 
0.443284 0.327152 0.460034 0.405099 0.451747 0.39226 0.00654961 0.00032977 0.00116652 0.000918891 0.003523 0.0025549 0.0116956 0.0103915 0.0110675 
0.379016 0.460034 0.327152 0.405099 0.354039 0.424587 -0.00133008 0.00116652 0.00032977 0.000918891 -0.000651071 -0.000487433 0.00978761 0.0110675 0.0103915 
0.500053 0.494895 0.463214 0.496326 0.49106 0.498656 0.00382876 0.000375576 0.000891752 0.000772216 0.00227622 0.00189954 0.0129535 0.0115378 0.013754 
0.324021 0.243273 0.674797 0.47256 0.501205 0.285693 -0.0970115 -0.0692922 -0.221343 -0.138276 -0.152787 -0.0905822 -0.0704789 -0.0623988 -0.0702348 
0.503732 0.50389 0.437896 0.489872 0.478803 0.505375 0.0542046 0.0442502 0.0480612 0.0475409 0.0527138 0.0490692 0.0170285 0.0165895 0.0184676 
0.448465 0.455554 0.496215 0.481446 0.479229 0.452069 -0.00180494 -0.00216718 -0.00217043 -0.0022693 -0.00205633 -0.00199126 0.00821472 0.00990495 0.00805691 
0.613257 0.600801 0.409902 0.534992 0.523158 0.607097 -0.00409942 0.0261948 0.0538042 0.0458867 0.0301406 0.0128932 -0.015388 -0.00102264 -0.0340218 
2.77168e-34 0.215358 0.295078 0.256891 0.163644 0.115132 -2.21438e-35 -9.72605e-05 -0.000310513 -0.00018896 -0.000121525 -6.09665e-05 0.00444094 0.00297086 0.00427549 
0.500018 0.496215 0.455554 0.481446 0.489402 0.499212 -0.00238125 -0.00217043 -0.00216718 -0.0022693 -0.00234752 -0.00232471 0.00906182 0.00805691 0.00990495 
9.20304e-35 2.68551e-34 0.214973 0.115068 0.115005 -9.18983e-35 1.42105e-35 2.14512e-35 -9.15643e-05 -5.63882e-05 -2.16055e-05 3.59143e-35 0.00290382 0.004415 0.00279676 
0.214973 2.68551e-34 0.294218 0.163252 0.256168 0.115068 -9.15643e-05 2.14512e-35 -0.000301119 -0.00011502 -0.000181841 -5.63882e-05 0.00279676 0.004415 0.0041494 
0.487353 0.51763 0.527241 0.524725 0.506272 0.509841 0.0447737 0.0592594 0.0500589 0.0575208 0.0465544 0.0522744 0.0193081 0.0165124 0.0205813 
0.379016 0.193613 0.301899 0.250608 0.342695 0.296637 -0.00133008 -0.000572708 -0.0012036 -0.000905405 -0.00133222 -0.000908862 0.00978761 0.00955735 0.00885592 
0.519491 0.527241 0.51763 0.524725 0.521354 0.535882 0.0725174 0.0500589 0.0592594 0.0575208 0.0660986 0.0645493 0.0137362 0.0205813 0.0165124 
0.500121 0.492093 0.470746 0.499077 0.49405 0.497701 0.0161503 0.025138 0.0187633 0.0228413 0.0177689 0.0204741 0.0149391 0.0166874 0.0131468 
0.500018 0.495752 0.457745 0.495076 0.488999 0.499122 -0.00238125 -0.00223037 -0.00222455 -0.00224149 -0.00239844 -0.00235414 0.00906182 0.0102673 0.0092214 
-0.013236 -0.0223323 -0.0740434 -0.0493401 -0.0625544 -0.0329648 0.101322 0.0628332 0.0689643 0.0688684 0.0923481 0.0872971 -0.128039 -0.122856 -0.126814 
8.3107e-34 0.843256 0.84119 0.842398 0.509637 0.509972 -2.77414e-34 -0.00319647 -0.00627369 -0.00445853 -0.00233016 -0.00165905 -0.0557895 -0.0511294 -0.0638772 
0.324021 0.0421779 0.243273 0.130645 0.285693 0.160318 -0.0970115 -0.0232619 -0.0692922 -0.0419703 -0.0905822 -0.058268 -0.0704789 -0.0662425 -0.0623988 
0.309774 0.155725 0.206175 0.181481 0.260858 0.238517 -0.00118763 -0.000365227 -0.000537161 -0.000440334 -0.00090881 -0.000809665 0.0104112 0.0105304 0.0125269 
0.379016 0.327152 0.193613 0.264596 0.296637 0.354039 -0.00133008 0.00032977 -0.000572708 -0.000378598 -0.000908862 -0.000651071 0.00978761 0.0103915 0.00955735 
0.500231 0.454633 0.437896 0.446709 0.481279 0.484928 0.0358999 0.0317646 0.0480612 0.0394301 0.0422499 0.0345825 0.0166401 0.0186445 0.0184676 
0.557105 0.419842 0.409902 0.411265 0.507016 0.500782 0.0628248 0.0834964 0.0538042 0.0715418 0.0663339 0.079428 0.00334878 -0.00926094 -0.0340218 
0.500052 0.470711 0.463214 0.467275 0.491274 0.49317 -0.00142671 -0.00148565 0.000891752 -0.000487501 -0.000507842 -0.00161321 0.0109692 0.0116026 0.013754 
0.401502 0.372177 0.209541 0.29435 0.317319 0.386879 0.0219624 0.0267731 0.00586421 0.0147656 0.0139298 0.025115 0.0138023 0.0174864 0.0138956 
2.03688e-34 0.272703 0.215358 0.244842 0.115282 0.149644 -7.47678e-36 -9.19879e-05 -9.72605e-05 -9.84878e-05 -1.81831e-05 -3.22036e-05 0.00150197 0.00177281 0.00297086 
0.519491 0.507467 0.527241 0.544826 0.535882 0.515459 0.0725174 0.082727 0.0500589 0.06683 0.0645493 0.0783274 0.0137362 0.00503782 0.0205813 
0.448465 0.360073 0.455554 0.414496 0.452069 0.409696 -0.00180494 -0.00140337 -0.00216718 -0.00183092 -0.00199126 -0.00165796 0.00821472 0.00882674 0.00990495 
0.309774 0.455554 0.360073 0.414496 0.335895 0.395511 -0.00118763 -0.00216718 -0.00140337 -0.00183092 -0.00134625 -0.00172563 0.0104112 0.00990495 0.00882674 
0.390266 0.442726 0.295078 0.38029 0.346366 0.418647 -0.000270388 -0.000685059 -0.000310513 -0.000500953 -0.000300559 -0.000443703 0.00275213 0.0044901 0.00427549 
0.471814 0.378072 0.292898 0.343679 0.395447 0.43566 0.00719917 -0.0369418 0.00563647 -0.0120447 0.00238888 -0.0144827 0.0336944 0.0475333 0.0402513 
0.360363 0.81373 0.663694 0.75572 0.514837 0.623817 -0.154281 -0.309008 -0.223306 -0.284145 -0.192246 -0.255777 -0.162911 -0.10418 -0.150977 
2.77168e-34 9.30294e-35 0.215358 0.115199 0.115132 -9.35109e-35 -2.21438e-35 -1.48473e-35 -9.72605e-05 -2.2378e-05 -6.09665e-05 -3.67154e-35 0.00444094 0.00300151 0.00297086 
-0.013236 -0.171123 0.0224604 -0.0944581 0.00592472 -0.0904858 0.101322 0.0828058 0.108301 0.118065 0.112419 0.10784 -0.128039 -0.137186 -0.147373 
0.39137 0.292898 0.220541 0.261563 0.319221 0.348918 0.02263 0.00563647 0.00709908 0.0070418 0.0155446 0.01322 0.0293939 0.0402513 0.0305907 
0.593596 0.665866 0.576876 0.650858 0.590304 0.646026 -0.10682 -0.0847943 -0.173537 -0.129521 -0.139879 -0.0959379 0.0257599 -0.00228945 0.0245673 
0.354696 0.295078 0.442726 0.38029 0.403752 0.326221 -0.000733529 -0.000310513 -0.000685059 -0.000500953 -0.000731043 -0.000494934 0.00576462 0.00427549 0.0044901 
0.230437 0.22599 0.0224604 0.133348 0.121805 0.240562 0.0221066 0.00768499 0.108301 0.0626792 0.0690622 0.0181253 -0.161201 -0.128614 -0.147373 
0.443284 0.494068 0.470746 0.484325 0.457254 0.475123 0.00654961 0.00834617 0.0187633 0.0130814 0.0118845 0.00742239 0.0116956 0.0131579 0.0131468 
0.487353 0.527241 0.424877 0.484092 0.461347 0.506272 0.0447737 0.0500589 0.034878 0.0398263 0.0406781 0.0465544 0.0193081 0.0205813 0.0228434 
0.500121 0.470746 0.494068 0.484325 0.499064 0.49405 0.0161503 0.0187633 0.00834617 0.0130814 0.0119065 0.0177689 0.0149391 0.0131468 0.0131579 
0.301899 0.340679 0.457745 0.408484 0.393957 0.32182 -0.0012036 -0.00131653 -0.00222455 -0.00180629 -0.00172742 -0.00131374 0.00885592 0.00790531 0.0092214 
-0.113812 0.0395631 0.279174 0.166214 0.0910535 -0.0391801 0.0156005 -0.0747358 -0.045567 -0.0538474 -0.0106806 -0.0248346 -0.174954 -0.165792 -0.178585 
0.996568 0.992305 0.755333 0.919516 0.922972 0.995815 -0.0266581 -0.0424246 -0.0267808 -0.0376007 -0.0319747 -0.03606 -0.0878574 -0.0952291 -0.0843113 
0.310599 0.362027 0.463214 0.420861 0.402097 0.337771 -0.000136067 0.00277787 0.000891752 0.00220679 0.000408486 0.000972703 0.0146918 0.0164049 0.013754 
0.439327 0.457745 0.340679 0.408484 0.395861 0.448919 -0.00181049 -0.00222455 -0.00131653 -0.00180629 -0.00160159 -0.00200566 0.00798559 0.0092214 0.00790531 
0.39137 0.424877 0.527241 0.484092 0.477203 0.41006 0.02263 0.034878 0.0500589 0.0398263 0.0311286 0.0299569 0.0293939 0.0228434 0.0205813 
0.271412 0.302322 0.437896 0.37901 0.365058 0.28794 0.0236913 0.043246 0.0480612 0.0470102 0.0369735 0.0329791 0.0189781 0.0155537 0.0184676 
0.119289 0.180495 0.409902 0.290159 0.252627 0.140906 0.0380852 0.0157021 0.0538042 0.0285454 0.047137 0.0294602 -0.0381155 -0.0571241 -0.0340218 
0.404554 0.380029 0.273416 0.330924 0.345939 0.392622 -0.000290863 -0.000121656 -8.99936e-05 -0.000110279 -0.000176806 -0.00019019 0.00269798 0.00101281 0.00171098 
0.442656 0.463214 0.362027 0.420861 0.40685 0.453839 0.00653736 0.000891752 0.00277787 0.00220679 0.00452408 0.00318524 0.016244 0.013754 0.0164049 
0.397505 0.437896 0.302322 0.37901 0.351851 0.420449 0.0625787 0.0480612 0.043246 0.0470102 0.0541539 0.0551717 0.0147126 0.0184676 0.0155537 
0.366544 0.409902 0.180495 0.290159 0.269348 0.384485 -0.0141773 0.0538042 0.0157021 0.0285454 0.00137468 0.0221751 -0.0593112 -0.0340218 -0.0571241 
0.311544 0.209541 0.149997 0.178986 0.23648 0.263331 0.00747236 0.00586421 0.00183215 0.00335276 0.00462444 0.0077179 0.0118904 0.0138956 0.0119466 
0.390266 0.272703 0.380121 0.330672 0.385268 0.336798 -0.000270388 -9.19879e-05 -0.000122081 -0.000110844 -0.000182469 -0.00016929 0.00275213 0.00177281 0.0010503 
0.81373 0.361016 0.667846 0.527626 0.742252 0.616844 -0.309008 -0.222729 -0.300747 -0.279352 -0.310632 -0.281603 -0.10418 -0.116912 -0.0703062 
0.536141 0.22599 0.230437 0.240562 0.359935 0.378551 -0.0806279 0.00768499 0.0221066 0.0181253 -0.0302555 -0.0280711 -0.146174 -0.128614 -0.161201 
-8.73878e-35 -1.66661e-34 -0.171123 -0.124639 -0.0745143 1.74498e-34 6.91289e-34 7.60448e-34 0.0828058 0.0315875 0.0293997 1.32975e-33 -0.132614 -0.144738 -0.137186 
0.404554 0.466854 0.380029 0.430185 0.392622 0.439724 -0.000290863 -0.000205266 -0.000121656 -0.000161826 -0.00019019 -0.000246104 0.00269798 0.0013461 0.00101281 
0.390266 0.380121 0.462957 0.427456 0.431432 0.385268 -0.000270388 -0.000122081 -0.000209665 -0.000163791 -0.000239348 -0.000182469 0.00275213 0.0010503 0.00146313 
0.443284 0.470746 0.361019 0.424689 0.406678 0.457254 0.00654961 0.0187633 0.00472969 0.0107757 0.00569479 0.0118845 0.0116956 0.0131468 0.0111509 
0.500231 0.483497 0.470746 0.476875 0.496687 0.499905 0.0358999 0.0331481 0.0187633 0.0255918 0.0272014 0.0350506 0.0166401 0.0148661 0.0131468 
0.311544 0.361019 0.470746 0.424689 0.407897 0.336947 0.00747236 0.00472969 0.0187633 0.0107757 0.0132424 0.00612197 0.0118904 0.0111509 0.0131468 
-0.0925207 0.0224604 -0.171123 -0.0944581 -0.157529 -0.0177073 0.063222 0.108301 0.0828058 0.118065 0.107167 0.0851952 -0.168977 -0.147373 -0.137186 
0.360363 0.279174 0.0395631 0.166214 0.200503 0.321866 -0.154281 -0.045567 -0.0747358 -0.0538474 -0.105294 -0.0985326 -0.162911 -0.178585 -0.165792 
9.30294e-35 2.03688e-34 0.215358 0.115282 0.115199 -9.3449e-35 -1.48473e-35 -7.47678e-36 -9.72605e-05 -1.81831e-05 -2.2378e-05 -2.22217e-35 0.00300151 0.00150197 0.00297086 
0.500052 0.465637 0.457745 0.461741 0.488847 0.490981 -0.00142671 -0.00142533 -0.00222455 -0.00209161 -0.00200635 -0.0013412 0.0109692 0.0103232 0.0092214 
0.243273 0.467612 0.674797 0.584706 0.47256 0.351218 -0.0692922 -0.120698 -0.221343 -0.169809 -0.138276 -0.092391 -0.0623988 -0.0642515 -0.0702348 
5.71282e-34 8.3107e-34 0.84119 0.509637 0.505226 -6.16014e-34 -3.27378e-34 -2.77414e-34 -0.00627369 -0.00233016 -0.00302068 -5.9602e-34 -0.0659793 -0.0557895 -0.0638772 
0.76373 0.674797 0.467612 0.584706 0.627278 0.719867 -0.215515 -0.221343 -0.120698 -0.169809 -0.170139 -0.225255 -0.076558 -0.0702348 -0.0642515 
0.378072 0.588725 0.420176 0.526407 0.401128 0.496812 -0.0369418 -0.0361058 -0.0860995 -0.0688488 -0.0600037 -0.0434713 0.0475333 0.0263839 0.048073 
-0.0925207 -0.306718 -0.113812 -0.244986 -0.0988049 -0.222397 0.063222 0.0314962 0.0156005 0.0473118 0.0452102 0.0700306 -0.168977 -0.15774 -0.174954 
0.148961 -0.0222035 0.0421779 0.0066209 0.0852372 0.0424873 -0.024344 -0.0109373 -0.0232619 -0.0156962 -0.0373509 -0.0242045 -0.0710042 -0.0654787 -0.0662425 
0.230996 0.0606658 0.056512 0.0581603 0.143903 0.145712 0.0499192 0.0125405 0.0222513 0.0165652 0.0378932 0.0326236 0.00559844 0.00214678 -0.0148484 
0.327611 0.145618 0.186065 0.167593 0.262385 0.245078 0.00769862 0.00166826 0.00629764 0.00326623 0.00823412 0.00474858 0.0188787 0.0190184 0.0198639 
0.119289 0.056512 -0.0143705 0.0141719 0.0449821 0.0802133 0.0380852 0.0222513 0.00809161 0.0141159 0.0203192 0.0315681 -0.0381155 -0.0148484 -0.0362059 
0.271412 0.186065 0.120602 0.154473 0.200274 0.23308 0.0236913 0.00629764 0.00641468 0.00682503 0.0154369 0.0140974 0.0189781 0.0198639 0.0182848 
0.310599 0.206175 0.150372 0.179056 0.236848 0.261611 -0.000136067 -0.000537161 -3.93508e-05 -0.000245819 -2.39966e-05 -0.000453192 0.0146918 0.0125269 0.0148515 
0.706314 0.996568 0.755333 0.922972 0.732692 0.911282 -0.0136887 -0.0266581 -0.0267808 -0.0319747 -0.0190124 -0.0222853 -0.0776967 -0.0878574 -0.0843113 
0.366544 0.485021 0.580251 0.537116 0.480474 0.418047 -0.0141773 -0.105747 -0.0450248 -0.0740178 -0.0237816 -0.0579322 -0.0593112 -0.0689192 -0.0410435 
0.397505 0.414251 0.486713 0.459082 0.447583 0.405255 0.0625787 0.0836801 0.0681406 0.0777409 0.0672877 0.073015 0.0147126 0.0057972 0.0154922 
0.691807 0.580251 0.485021 0.537116 0.616786 0.642112 -0.146031 -0.0450248 -0.105747 -0.0740178 -0.124227 -0.0918753 -0.0308654 -0.0410435 -0.0689192 
0.442656 0.455811 0.493318 0.478917 0.47426 0.450073 0.00653736 0.0176673 0.00853987 0.0127469 0.00751809 0.011426 0.016244 0.0178378 0.0147861 
0.519491 0.486713 0.414251 0.459082 0.483021 0.503128 0.0725174 0.0681406 0.0836801 0.0777409 0.0816059 0.071898 0.0137362 0.0154922 0.0057972 
0.500121 0.493318 0.455811 0.478917 0.487576 0.497889 0.0161503 0.00853987 0.0176673 0.0127469 0.0173969 0.0120282 0.0149391 0.0147861 0.0178378 
0.366544 0.580251 0.409902 0.488587 0.384485 0.480474 -0.0141773 -0.0450248 0.0538042 0.0153259 0.0221751 -0.0237816 -0.0593112 -0.0410435 -0.0340218 
0.397505 0.486713 0.437896 0.461902 0.420449 0.447583 0.0625787 0.0681406 0.0480612 0.058672 0.0551717 0.0672877 0.0147126 0.0154922 0.0184676 
0.442656 0.493318 0.463214 0.481695 0.453839 0.47426 0.00653736 0.00853987 0.000891752 0.00376107 0.00318524 0.00751809 0.016244 0.0147861 0.013754 
0.613257 0.409902 0.580251 0.488587 0.599162 0.523158 -0.00409942 0.0538042 -0.0450248 0.0153259 -0.021755 0.0301406 -0.015388 -0.0340218 -0.0410435 
0.503732 0.437896 0.486713 0.461902 0.497568 0.478803 0.0542046 0.0480612 0.0681406 0.058672 0.0607071 0.0527138 0.0170285 0.0184676 0.0154922 
0.500053 0.463214 0.493318 0.481695 0.498552 0.49106 0.00382876 0.000891752 0.00853987 0.00376107 0.00598023 0.00227622 0.0129535 0.013754 0.0147861 
-0.0428089 -0.0740434 -0.0223323 -0.0493401 -0.0367651 -0.0599485 0.0392251 0.0689643 0.0628332 0.0688684 0.0514703 0.0540585 -0.125374 -0.126814 -0.122856 
2.03439e-34 0.214973 0.273416 0.245026 0.150032 0.114921 7.05662e-36 -9.15643e-05 -8.99936e-05 -9.37159e-05 -3.23516e-05 -1.98464e-05 0.00145106 0.00279676 0.00171098 
5.25766e-34 7.39955e-34 0.834159 0.522139 0.513071 -5.10681e-34 4.09245e-34 4.87797e-34 -0.0176757 -0.00943351 -0.00621726 9.27728e-34 -0.0873713 -0.107369 -0.0954846 
0.557105 0.574236 0.527241 0.549887 0.561659 0.581605 0.0628248 0.028773 0.0500589 0.0457527 0.0586693 0.0468666 0.00334878 0.0188215 0.0205813 
0.740996 0.890348 0.475978 0.732002 0.61557 0.837779 -0.131314 -0.216809 -0.0967433 -0.16764 -0.117261 -0.178845 -0.0757106 -0.094766 -0.064293 
0.76373 0.475978 0.890348 0.732002 0.83494 0.640024 -0.215515 -0.0967433 -0.216809 -0.16764 -0.21949 -0.159437 -0.076558 -0.064293 -0.094766 
0.990003 0.84119 0.843256 0.842398 0.977801 0.977356 -0.00584745 -0.00627369 -0.00319647 -0.00445853 -0.00547351 -0.00776464 -0.0608614 -0.0638772 -0.0511294 
0.230663 0.409301 0.667846 0.537617 0.459168 0.321543 -0.202743 -0.22389 -0.300747 -0.267435 -0.266006 -0.226974 -0.0541374 0.00225332 -0.0703062 
0.442656 0.362027 0.327611 0.345962 0.392926 0.40685 0.00653736 0.00277787 0.00769862 0.00497506 0.00735647 0.00452408 0.016244 0.0164049 0.0188787 
0.397505 0.302322 0.230996 0.26884 0.322894 0.351851 0.0625787 0.043246 0.0499192 0.0473089 0.0604677 0.0541539 0.0147126 0.0155537 0.00559844 
0.366544 0.180495 0.148961 0.160636 0.257492 0.269348 -0.0141773 0.0157021 -0.024344 -0.00537694 -0.0235047 0.00137468 -0.0593112 -0.0571241 -0.0710042 
0.593596 0.420176 0.588725 0.526407 0.593003 0.512559 -0.10682 -0.0860995 -0.0361058 -0.0688488 -0.0665062 -0.101005 0.0257599 0.048073 0.0263839 
0.301899 0.193613 0.141584 0.168074 0.227526 0.250608 -0.0012036 -0.000572708 -0.000327003 -0.000424569 -0.00077725 -0.000905405 0.00885592 0.00955735 0.00871964 
0.448465 0.316174 0.360073 0.338866 0.409696 0.392499 -0.00180494 -0.000872541 -0.00140337 -0.00115535 -0.00165796 -0.00137878 0.00821472 0.00734639 0.00882674 
0.499624 0.442726 0.487355 0.46907 0.495651 0.483238 -0.000967736 -0.000685059 -0.000500718 -0.000593702 -0.000704988 -0.000845536 0.00481224 0.0044901 0.00320466 
0.499624 0.487355 0.488386 0.5 0.498062 0.495651 -0.000967736 -0.000500718 -0.000586142 -0.00055595 -0.000764416 -0.000704988 0.00481224 0.00320466 0.00355053 
0.243273 0.0421779 0.0628974 0.0562168 0.138063 0.130645 -0.0692922 -0.0232619 -0.0136134 -0.0186193 -0.0355769 -0.0419703 -0.0623988 -0.0662425 -0.06296 
0.327152 0.142925 0.193613 0.16856 0.264596 0.242899 0.00032977 -5.54947e-05 -0.000572708 -0.000285095 -0.000378598 0.000125704 0.0103915 0.0101806 0.00955735 
0.893168 0.986474 0.833975 0.962679 0.86652 0.971942 -0.0612136 -0.0564805 -0.0317846 -0.0554866 -0.0475097 -0.0661539 -0.112327 -0.0978551 -0.114447 
8.3107e-34 6.58183e-34 0.843256 0.512033 0.509972 -6.14325e-34 -2.77414e-34 -2.22577e-34 -0.00319647 -0.0011765 -0.00165905 -4.94248e-34 -0.0557895 -0.0450903 -0.0511294 
-3.05733e-34 -0.144749 -0.0561907 -0.129059 -0.283412 -0.243341 4.02503e-34 -0.0759472 -0.109337 -0.0960875 -0.0233051 -0.00735584 -0.0918237 -0.0505206 -0.118246 
0.357584 0.193645 0.316174 0.258775 0.337522 0.283407 -0.000676585 -0.000291436 -0.000872541 -0.000529394 -0.000786629 -0.000497854 0.00554544 0.00635248 0.00734639 
0.627482 0.536141 0.903873 0.757209 0.797605 0.577836 -0.0824064 -0.0806279 -0.166054 -0.139834 -0.128895 -0.0806966 -0.131625 -0.146174 -0.12576 
0.443284 0.361019 0.327152 0.343717 0.39226 0.406678 0.00654961 0.00472969 0.00032977 0.00210132 0.0025549 0.00569479 0.0116956 0.0111509 0.0103915 
0.933498 0.627482 0.903873 0.797605 0.917752 0.827736 -0.130708 -0.0824064 -0.166054 -0.128895 -0.147271 -0.114924 -0.114525 -0.131625 -0.12576 
0.691807 0.687895 0.688048 0.734269 0.716292 0.691563 -0.146031 -0.187961 -0.249421 -0.222482 -0.197305 -0.168871 -0.0308654 -0.0529055 -0.0154208 
0.761443 0.688048 0.687895 0.734269 0.733955 0.733442 -0.268459 -0.249421 -0.187961 -0.222482 -0.22833 -0.262713 -0.0546802 -0.0154208 -0.0529055 
-0.013236 -0.0740434 -0.171123 -0.117092 -0.0904858 -0.0625544 0.101322 0.0689643 0.0828058 0.0755693 0.10784 0.0923481 -0.128039 -0.126814 -0.137186 
6.18091e-34 4.52603e-34 0.706314 0.400074 0.390922 -3.2094e-34 -4.07473e-34 -3.71341e-34 -0.0136887 -0.00389875 -0.00524712 -7.59374e-34 -0.0803132 -0.074735 -0.0776967 
0.372177 0.170296 0.209541 0.190151 0.29435 0.282142 0.0267731 0.00530399 0.00586421 0.00610913 0.0147656 0.015308 0.0174864 0.0175942 0.0138956 
0.487353 0.424877 0.372177 0.400227 0.441418 0.461347 0.0447737 0.034878 0.0267731 0.032142 0.0378479 0.0406781 0.0193081 0.0228434 0.0174864 
0.500053 0.494068 0.460034 0.480517 0.489841 0.498427 0.00382876 0.00834617 0.00116652 0.00390437 0.00237595 0.00591766 0.0129535 0.0131579 0.0110675 
0.443284 0.460034 0.494068 0.480517 0.475123 0.451747 0.00654961 0.00116652 0.00834617 0.00390437 0.00742239 0.003523 0.0116956 0.0110675 0.0131579 
0.378072 0.211146 0.292898 0.257127 0.343679 0.303163 -0.0369418 -0.00729463 0.00563647 -0.0024302 -0.0120447 -0.0232557 0.0475333 0.0505939 0.0402513 
0.354696 0.287658 0.186131 0.239398 0.278385 0.322769 -0.000733529 -0.000743968 -0.000285595 -0.000479651 -0.000524557 -0.000774837 0.00576462 0.00704133 0.00622521 
0.96665 0.661308 0.977659 0.882438 0.975102 0.904024 -0.0927205 -0.0492788 -0.0744375 -0.0699065 -0.083872 -0.0803469 -0.103722 -0.0820272 -0.0998948 
0.498713 0.491123 0.433034 0.468844 0.478236 0.495784 -0.00172482 -0.00217294 -0.00149046 -0.00183052 -0.00168532 -0.0019486 0.00685025 0.00788442 0.00698226 
0.404554 0.273416 0.214973 0.245026 0.322405 0.345939 -0.000290863 -8.99936e-05 -9.15643e-05 -9.37159e-05 -0.000195289 -0.000176806 0.00269798 0.00171098 0.00279676 
0.489784 0.408113 0.466854 0.441141 0.479957 0.459152 -0.000134163 -8.97373e-05 -0.000205266 -0.000136802 -0.000162431 -0.000122669 -6.75007e-07 -2.28192e-06 0.0013461 
0.408226 0.489819 0.462957 0.478486 0.438651 0.459227 -9.10035e-05 -0.000133137 -0.000209665 -0.000163798 -0.000138918 -0.000123156 2.12062e-06 4.07304e-07 0.00146313 
0.503732 0.51763 0.487001 0.505734 0.50591 0.51115 0.0542046 0.0592594 0.0438027 0.0511374 0.0493267 0.056948 0.0170285 0.0165124 0.0167033 
0.487353 0.487001 0.51763 0.505734 0.509841 0.486893 0.0447737 0.0438027 0.0592594 0.0511374 0.0522744 0.0454866 0.0193081 0.0167033 0.0165124 
0.499624 0.488386 0.473137 0.481533 0.494803 0.498062 -0.000967736 -0.000586142 -0.00102103 -0.000780216 -0.00101341 -0.000764416 0.00481224 0.00355053 0.00527877 
2.03439e-34 9.20304e-35 0.214973 0.115005 0.114921 -9.19582e-35 7.05662e-36 1.42105e-35 -9.15643e-05 -2.16055e-05 -1.98464e-05 2.13608e-35 0.00145106 0.00290382 0.00279676 
6.18091e-34 0.706314 0.755333 0.732692 0.432375 0.390922 -4.07473e-34 -0.0136887 -0.0267808 -0.0190124 -0.0087858 -0.00524712 -0.0803132 -0.0776967 -0.0843113 
-0.0925207 -0.171123 -0.244447 -0.203233 -0.220536 -0.157529 0.063222 0.0828058 0.0491533 0.0743891 0.0876082 0.107167 -0.168977 -0.137186 -0.149966 
-1.66661e-34 -0.244447 -0.171123 -0.203233 -0.124639 -0.129545 7.60448e-34 0.0491533 0.0828058 0.0743891 0.0315875 0.0186777 -0.144738 -0.149966 -0.137186 
0.390266 0.295078 0.215358 0.256891 0.313044 0.346366 -0.000270388 -0.000310513 -9.72605e-05 -0.00018896 -0.00018892 -0.000300559 0.00275213 0.00427549 0.00297086 
0.498713 0.433034 0.477393 0.458151 0.491298 0.478236 -0.00172482 -0.00149046 -0.00127846 -0.00139902 -0.0015152 -0.00168532 0.00685025 0.00698226 0.00591617 
0.996568 0.833975 0.992305 0.967052 0.995815 0.970378 -0.0266581 -0.0317846 -0.0424246 -0.0475892 -0.03606 -0.0382548 -0.0878574 -0.114447 -0.0952291 
0.390266 0.215358 0.272703 0.244842 0.336798 0.313044 -0.000270388 -9.72605e-05 -9.19879e-05 -9.84878e-05 -0.00016929 -0.00018892 0.00275213 0.00297086 0.00177281 
0.613257 0.665866 0.588725 0.635747 0.631022 0.647801 -0.00409942 -0.0847943 -0.0361058 -0.0557362 -0.0189677 -0.0410025 -0.015388 -0.00228945 0.0263839 
0.593596 0.588725 0.665866 0.635747 0.646026 0.593003 -0.10682 -0.0361058 -0.0847943 -0.0557362 -0.0959379 -0.0665062 0.0257599 0.0263839 -0.00228945 
0.404554 0.214973 0.294218 0.256168 0.354617 0.322405 -0.000290863 -9.15643e-05 -0.000301119 -0.000181841 -0.000308013 -0.000195289 0.00269798 0.00279676 0.0041494 
0.488386 0.427908 0.473137 0.453237 0.481533 0.464606 -0.000586142 -0.000591967 -0.00102103 -0.000791408 -0.000780216 -0.00060014 0.00355053 0.00423314 0.00527877 
2.62598e-34 0.204225 0.316174 0.263581 0.177892 0.108948 3.69113e-35 -0.000531347 -0.000872541 -0.000702997 -0.0003453 -0.000207448 0.00764465 0.00885806 0.00734639 
2.03439e-34 0.273416 0.180883 0.229115 0.0954879 0.150032 7.05662e-36 -8.99936e-05 -3.09939e-05 -5.49894e-05 -1.86386e-05 -3.23516e-05 0.00145106 0.00171098 0.000899369 
2.62598e-34 0.316174 0.193645 0.258775 0.102987 0.177892 3.69113e-35 -0.000872541 -0.000291436 -0.000529394 -0.000173323 -0.0003453 0.00764465 0.00734639 0.00635248 
-8.73878e-35 -0.171123 -0.0403888 -0.0974267 -0.0200031 -0.0745143 6.91289e-34 0.0828058 0.0286466 0.0527312 0.0135954 0.0293997 -0.132614 -0.137186 -0.128339 
2.77168e-34 0.295078 0.204011 0.251618 0.108658 0.163644 -2.21438e-35 -0.000310513 -0.000228639 -0.000293477 -6.08686e-05 -0.000121525 0.00444094 0.00427549 0.00536079 
0.96665 0.945004 0.661308 0.847623 0.904024 0.963188 -0.0927205 -0.104654 -0.0492788 -0.0828191 -0.0803469 -0.0988094 -0.103722 -0.0960907 -0.0820272 
0.404554 0.294218 0.427908 0.369626 0.416617 0.354617 -0.000290863 -0.000301119 -0.000591967 -0.000447117 -0.000420783 -0.000308013 0.00269798 0.0041494 0.00423314 
5.25766e-34 0.834159 0.70639 0.774993 0.410916 0.513071 4.09245e-34 -0.0176757 -0.00834886 -0.0115482 -0.00307235 -0.00621726 -0.0873713 -0.0954846 -0.0842789 
0.75 1 0.93715 0.984217 0.859177 0.9375 -4.26338e-37 -6.51134e-37 -0.000999325 -0.000863576 -0.000649773 -1.26303e-36 -0.0221488 -0.0230516 -0.0325981 
3.24445e-34 0.288694 0.475978 0.388805 0.185796 0.107158 -3.71919e-34 -0.0392888 -0.0967433 -0.0624833 -0.0221935 -0.00923396 -0.0658091 -0.0678389 -0.064293 
0.834159 0.833975 0.996568 0.970378 0.96911 0.834591 -0.0176757 -0.0317846 -0.0266581 -0.0382548 -0.0270642 -0.0233189 -0.0954846 -0.114447 -0.0878574 
0.357584 0.427908 0.294218 0.369626 0.327306 0.395699 -0.000676585 -0.000591967 -0.000301119 -0.000447117 -0.000468258 -0.000644493 0.00554544 0.00423314 0.0041494 
0.230663 -0.0561907 -0.144749 -0.129059 0.00840837 0.0573827 -0.202743 -0.109337 -0.0759472 -0.0960875 -0.137739 -0.148292 -0.0541374 -0.118246 -0.0505206 
2.03688e-34 0.169658 0.272703 0.223593 0.149644 0.0892166 -7.47678e-36 -2.85404e-05 -9.19879e-05 -5.40216e-05 -3.22036e-05 -1.70467e-05 0.00150197 0.000970427 0.00177281 
6.58183e-34 0.705811 0.843256 0.78002 0.512033 0.404492 -2.22577e-34 -0.0012055 -0.00319647 -0.00197946 -0.0011765 -0.000497987 -0.0450903 -0.038967 -0.0511294 
3.29076e-34 3.66911e-34 0.661308 0.353164 0.322521 -3.80623e-34 -4.04795e-34 -4.31384e-34 -0.0492788 -0.012621 -0.0153676 -7.93105e-34 -0.0789362 -0.08471 -0.0820272 
0.230663 0.361016 -0.0561907 0.125037 0.0573827 0.285335 -0.202743 -0.222729 -0.109337 -0.150156 -0.148292 -0.211723 -0.0541374 -0.116912 -0.118246 
0.992305 0.833975 0.986474 0.962679 0.989215 0.967052 -0.0424246 -0.0317846 -0.0564805 -0.0554866 -0.0501651 -0.0475892 -0.0952291 -0.114447 -0.0978551 
-3.05733e-34 -0.0561907 -0.2932 -0.1998 -0.281539 -0.283412 4.02503e-34 -0.109337 -0.00747228 -0.0466406 0.00883992 -0.0233051 -0.0918237 -0.118246 -0.146899 
0.840758 0.755333 0.986474 0.916452 0.938623 0.803456 -0.0498556 -0.0267808 -0.0564805 -0.0442433 -0.055518 -0.0383602 -0.0889823 -0.0843113 -0.0978551 
0.448465 0.496215 0.467054 0.48523 0.458254 0.479229 -0.00180494 -0.00217043 -0.00151638 -0.0018784 -0.00167821 -0.00205633 0.00821472 0.00805691 0.00675396 
0.498713 0.467054 0.496215 0.48523 0.499859 0.494737 -0.00172482 -0.00151638 -0.00217043 -0.0018784 -0.00193633 -0.00167988 0.00685025 0.00675396 0.00805691 
0.740996 0.475978 0.288694 0.388805 0.524557 0.61557 -0.131314 -0.0967433 -0.0392888 -0.0624833 -0.0821509 -0.117261 -0.0757106 -0.064293 -0.0678389 
0.76373 0.467612 0.475978 0.476153 0.640024 0.627278 -0.215515 -0.120698 -0.0967433 -0.109595 -0.159437 -0.170139 -0.076558 -0.0642515 -0.064293 
0.840758 0.977659 0.661308 0.882438 0.75548 0.936702 -0.0498556 -0.0744375 -0.0492788 -0.0699065 -0.0515472 -0.0641948 -0.0889823 -0.0998948 -0.0820272 
4.55241e-34 4.87985e-34 0.775872 0.459598 0.45771 -4.06288e-34 2.24172e-34 2.82196e-34 -0.00271022 -0.00107376 -0.000842856 5.08915e-34 -0.0472608 -0.0595789 -0.0528147 
3.24445e-34 0.475978 0.160338 0.300851 0.077474 0.185796 -3.71919e-34 -0.0967433 -0.0277842 -0.0539126 -0.00567669 -0.0221935 -0.0658091 -0.064293 -0.0619523 
0.99873 0.93715 0.986697 0.995402 0.994256 0.988542 -0.00217073 -0.000999325 -0.000756093 -0.00104886 -0.00159335 -0.00183793 -0.0426527 -0.0325981 -0.0307484 
0.354696 0.186131 0.204011 0.195131 0.286003 0.278385 -0.000733529 -0.000285595 -0.000228639 -0.000255026 -0.000493066 -0.000524557 0.00576462 0.00622521 0.00536079 
0.99873 0.986697 0.750173 0.905415 0.928185 0.994256 -0.00217073 -0.000756093 -0.000874369 -0.000978883 -0.00165517 -0.00159335 -0.0426527 -0.0307484 -0.0344412 
0.499624 0.477393 0.442726 0.462061 0.483238 0.492788 -0.000967736 -0.00127846 -0.000685059 -0.000951362 -0.000845536 -0.00113022 0.00481224 0.00591617 0.0044901 
0.576876 0.27645 0.420176 0.361201 0.499162 0.438031 -0.173537 -0.132463 -0.0860995 -0.113285 -0.129433 -0.159932 0.0245673 0.0432704 0.048073 
0.784599 0.279174 0.663694 0.467367 0.724725 0.520606 -0.210115 -0.045567 -0.223306 -0.144434 -0.216867 -0.140358 -0.14729 -0.178585 -0.150977 
0.354696 0.442726 0.477393 0.462061 0.429357 0.403752 -0.000733529 -0.000685059 -0.00127846 -0.000951362 -0.00102861 -0.000731043 0.00576462 0.0044901 0.00591617 
0.420176 0.27645 0.213356 0.245046 0.317889 0.361201 -0.0860995 -0.132463 -0.0484859 -0.0925657 -0.075508 -0.113285 0.048073 0.0432704 0.0559174 
0.360363 0.663694 0.279174 0.467367 0.321866 0.514837 -0.154281 -0.223306 -0.045567 -0.144434 -0.0985326 -0.192246 -0.162911 -0.150977 -0.178585 
2.25806e-34 0.287658 0.194134 0.242964 0.102835 0.158592 -3.55791e-35 -0.000743968 -0.000489843 -0.000642796 -0.000193017 -0.00030414 0.00710936 0.00704133 0.00795142 
5.13658e-34 -0.0223323 0.0172439 -0.00762918 -0.00242915 -0.00553614 5.60848e-35 0.0628332 0.0702563 0.0739531 0.0525121 0.0478258 -0.12324 -0.122856 -0.121834 
0.354696 0.433034 0.287658 0.370501 0.322769 0.397637 -0.000733529 -0.00149046 -0.000743968 -0.00115863 -0.000774837 -0.00108534 0.00576462 0.00698226 0.00704133 
7.39955e-34 0.833975 0.834159 0.834591 0.522139 0.531862 4.87797e-34 -0.0317846 -0.0176757 -0.0233189 -0.00943351 -0.0175867 -0.107369 -0.114447 -0.0954846 
1.43e-34 0.211146 0.213356 0.223912 0.139312 0.116364 -2.85675e-34 -0.00729463 -0.0484859 -0.0243054 -0.0161014 -0.0042368 0.0550113 0.0505939 0.0559174 
3.66911e-34 0.402952 0.661308 0.545579 0.353164 0.200219 -4.31384e-34 -0.0165484 -0.0492788 -0.0278271 -0.012621 -0.00473744 -0.08471 -0.0836719 -0.0820272 
0.840758 0.661308 0.402952 0.545579 0.652162 0.75548 -0.0498556 -0.0492788 -0.0165484 -0.0278271 -0.0321812 -0.0515472 -0.0889823 -0.0820272 -0.0836719 
0.99873 0.843256 0.705811 0.78002 0.935593 0.96724 -0.00217073 -0.00319647 -0.0012055 -0.00197946 -0.00211335 -0.00329836 -0.0426527 -0.0511294 -0.038967 
-1.47499e-34 -3.57858e-35 0.0291122 -0.0675742 -0.139177 1.674e-35 7.594e-35 -1.93909e-34 -0.104399 -0.0378762 -0.0403045 4.47062e-36 -0.0246279 0.0313881 0.0110226 
0.354696 0.204011 0.295078 0.251618 0.326221 0.286003 -0.000733529 -0.000228639 -0.000310513 -0.000293477 -0.000494934 -0.000493066 0.00576462 0.00536079 0.00427549 
0.357584 0.19955 0.193645 0.196599 0.283407 0.285845 -0.000676585 -0.000201196 -0.000291436 -0.000238999 -0.000497854 -0.000454836 0.00554544 0.00529627 0.00635248 
0.489784 0.466854 0.500005 0.491789 0.497488 0.479957 -0.000134163 -0.000205266 -0.000202075 -0.00020783 -0.000163407 -0.000162431 -6.75007e-07 0.0013461 0.000953037 
2.25806e-34 0.186131 0.287658 0.239398 0.158592 0.0981883 -3.55791e-35 -0.000285595 -0.000743968 -0.000479651 -0.00030414 -0.000164884 0.00710936 0.00622521 0.00704133 
0.489819 0.500005 0.462957 0.490668 0.478486 0.497421 -0.000133137 -0.000202075 -0.000209665 -0.000210125 -0.000163798 -0.000162503 4.07304e-07 0.000953037 0.00146313 
2.68551e-34 0.19955 0.294218 0.249134 0.163252 0.106095 2.14512e-35 -0.000201196 -0.000301119 -0.000276274 -0.00011502 -4.99076e-05 0.004415 0.00529627 0.0041494 
-3.05733e-34 -1.47499e-34 -0.144749 -0.189204 -0.243341 6.11331e-35 4.02503e-34 7.594e-35 -0.0759472 -0.0239041 -0.00735584 6.00992e-34 -0.0918237 -0.0246279 -0.0505206 
-1.0393e-35 -0.0403888 -0.00775941 -0.0245887 -0.00118864 -0.00908294 6.37392e-34 0.0286466 0.00433302 0.0151682 -0.000858433 0.00405998 -0.127847 -0.128339 -0.125808 
-0.013236 0.0224604 0.22599 0.133348 0.0903155 0.00592472 0.101322 0.108301 0.00768499 0.0626792 0.0670057 0.112419 -0.128039 -0.147373 -0.128614 
8.64464e-35 1.43e-34 0.213356 0.139312 0.100944 -9.19728e-35 -2.97054e-34 -2.85675e-34 -0.0484859 -0.0161014 -0.0186184 -5.3598e-34 0.0551061 0.0550113 0.0559174 
-0.0925207 -0.244447 -0.306718 -0.275615 -0.222397 -0.220536 0.063222 0.0491533 0.0314962 0.042452 0.0700306 0.0876082 -0.168977 -0.149966 -0.15774 
0.840758 0.402952 0.755333 0.590684 0.803456 0.652162 -0.0498556 -0.0165484 -0.0267808 -0.0211568 -0.0383602 -0.0321812 -0.0889823 -0.0836719 -0.0843113 
0.716677 0.661308 0.945004 0.847623 0.859415 0.693692 -0.0798305 -0.0492788 -0.104654 -0.0828191 -0.0980962 -0.064552 -0.0808327 -0.0820272 -0.0960907 
7.60264e-34 0.833975 7.39955e-34 0.531862 -4.91278e-34 0.555135 3.02826e-34 -0.0317846 4.87797e-34 -0.0175867 1.16183e-33 -0.038958 -0.135909 -0.114447 -0.107369 
0.378072 0.213356 0.211146 0.223912 0.303163 0.307612 -0.0369418 -0.0484859 -0.00729463 -0.0243054 -0.0232557 -0.0500231 0.0475333 0.0559174 0.0505939 
0.500006 0.500005 0.466854 0.491789 0.491733 0.500006 -0.000328344 -0.000202075 -0.000205266 -0.00020783 -0.000268951 -0.000256908 0.00211266 0.000953037 0.0013461 
0.500006 0.462957 0.500005 0.490668 0.500006 0.490726 -0.000328344 -0.000209665 -0.000202075 -0.000210125 -0.000256908 -0.000274248 0.00211266 0.00146313 0.000953037 
6.65648e-34 5.25766e-34 0.70639 0.410916 0.406451 -2.42003e-34 3.41437e-34 4.09245e-34 -0.00834886 -0.00307235 -0.00238947 7.62811e-34 -0.0727159 -0.0873713 -0.0842789 
-2.91771e-34 -0.2932 -0.306718 -0.30608 -0.243522 -0.294446 7.42255e-34 -0.00747228 0.0314962 0.0159641 0.0128152 0.0115387 -0.14725 -0.146899 -0.15774 
0.999329 0.996568 0.706314 0.911282 0.919146 0.998453 -0.0143176 -0.0266581 -0.0136887 -0.0222853 -0.0170586 -0.0205509 -0.0772521 -0.0878574 -0.0776967 
6.65648e-34 0.70639 0.837013 0.776604 0.511485 0.406451 3.41437e-34 -0.00834886 -0.00770452 -0.00831465 -0.00277227 -0.00238947 -0.0727159 -0.0842789 -0.0730929 
0.933498 0.903873 0.886176 0.945025 0.94919 0.917752 -0.130708 -0.166054 -0.126167 -0.16251 -0.138503 -0.147271 -0.114525 -0.12576 -0.0887924 
0.357584 0.294218 0.19955 0.249134 0.285845 0.327306 -0.000676585 -0.000301119 -0.000201196 -0.000276274 -0.000454836 -0.000468258 0.00554544 0.0041494 0.00529627 
0.241529 0.22599 0.771209 0.468882 0.528082 0.227833 -0.0146713 0.00768499 -0.0853816 -0.0457741 -0.0528049 -0.0014755 -0.117286 -0.128614 -0.120534 
0.992305 0.986474 0.755333 0.916452 0.919516 0.989215 -0.0424246 -0.0564805 -0.0267808 -0.0442433 -0.0376007 -0.0501651 -0.0952291 -0.0978551 -0.0843113 
5.13658e-34 5.00293e-34 -0.0223323 -0.00886026 -0.00553614 1.02705e-33 5.60848e-35 2.49936e-35 0.0628332 0.0381306 0.0478258 -3.25267e-35 -0.12324 -0.121783 -0.122856 
0.999329 0.706314 0.643808 0.67619 0.902913 0.919146 -0.0143176 -0.0136887 -0.00696938 -0.00946923 -0.0131843 -0.0170586 -0.0772521 -0.0776967 -0.0709592 
0.999329 0.834159 0.996568 0.96911 0.998453 0.963978 -0.0143176 -0.0176757 -0.0266581 -0.0270642 -0.0205509 -0.0196187 -0.0772521 -0.0954846 -0.0878574 
0.24483 0.180883 0.380029 0.292391 0.31872 0.213749 -3.30892e-05 -3.09939e-05 -0.000121656 -7.29763e-05 -7.0506e-05 -3.03736e-05 -9.5694e-07 0.000899369 0.00101281 
0.244979 0.380121 0.169658 0.28795 0.208535 0.318863 -3.34582e-05 -0.000122081 -2.85404e-05 -7.20096e-05 -2.95166e-05 -7.05806e-05 1.17388e-06 0.0010503 0.000970427 
0.390266 0.487355 0.442726 0.46907 0.418647 0.450785 -0.000270388 -0.000500718 -0.000685059 -0.000593702 -0.000443703 -0.000383606 0.00275213 0.00320466 0.0044901 
4.52603e-34 0.643808 0.706314 0.67619 0.400074 0.356306 -3.71341e-34 -0.00696938 -0.0136887 -0.00946923 -0.00389875 -0.00254157 -0.074735 -0.0709592 -0.0776967 
0.471814 0.527241 0.574236 0.549887 0.530888 0.510444 0.00719917 0.0500589 0.028773 0.0457527 0.0140776 0.0291204 0.0336944 0.0205813 0.0188215 
0.401502 0.470746 0.483497 0.476875 0.450683 0.441064 0.0219624 0.0187633 0.0331481 0.0255918 0.0279672 0.0212306 0.0138023 0.0131468 0.0148661 
4.87985e-34 0.647714 0.775872 0.715291 0.459598 0.366212 2.82196e-34 -0.00317865 -0.00271022 -0.00301717 -0.00107376 -0.000917414 -0.0595789 -0.0641979 -0.0528147 
0.99873 0.750173 0.625357 0.690843 0.895365 0.928185 -0.00217073 -0.000874369 -0.00117804 -0.00104266 -0.00214641 -0.00165517 -0.0426527 -0.0344412 -0.0434375 
-0.0925207 0.279174 0.230437 0.263508 0.0811706 0.0953492 0.063222 -0.045567 0.0221066 -0.0101518 0.0476423 0.0190119 -0.168977 -0.178585 -0.161201 
5.71282e-34 0.84119 0.643808 0.752247 0.360815 0.505226 -3.27378e-34 -0.00627369 -0.00696938 -0.00689207 -0.00222165 -0.00302068 -0.0659793 -0.0638772 -0.0709592 
0.386458 0.463214 0.470711 0.467275 0.435411 0.430504 -0.00138136 0.000891752 -0.00148565 -0.000487501 -0.00148235 -0.000600539 0.0122734 0.013754 0.0116026 
2.06366e-34 2.05678e-34 0.424708 0.201255 0.171874 -1.60971e-34 -3.60564e-34 -3.89051e-34 -0.0498795 -0.0106335 -0.0102916 -7.09808e-34 -0.0698307 -0.0765479 -0.0721598 
0.999329 0.70639 0.834159 0.774993 0.963978 0.934707 -0.0143176 -0.00834886 -0.0176757 -0.0115482 -0.0196187 -0.0146129 -0.0772521 -0.0842789 -0.0954846 
-1.0393e-35 -8.73878e-35 -0.0403888 -0.0200031 -0.00908294 1.67346e-35 6.37392e-34 6.91289e-34 0.0286466 0.0135954 0.00405998 1.2765e-33 -0.127847 -0.132614 -0.128339 
1.13773e-34 2.77168e-34 0.204011 0.108658 0.108488 -7.7525e-35 -2.90002e-35 -2.21438e-35 -0.000228639 -6.08686e-05 -6.18533e-05 -5.07999e-35 0.00584995 0.00444094 0.00536079 
0.75 0.750173 0.986697 0.905415 0.905378 0.750004 -4.88981e-37 -0.000874369 -0.000756093 -0.000978883 -0.000657962 -0.00045886 -0.0239009 -0.0344412 -0.0307484 
0.324021 0.63582 0.485021 0.557142 0.408967 0.489242 -0.0970115 -0.199343 -0.105747 -0.152541 -0.110003 -0.146646 -0.0704789 -0.0697086 -0.0689192 
0.252164 0.409902 0.419842 0.411265 0.335773 0.318322 0.0676614 0.0538042 0.0834964 0.0715418 0.0778144 0.065365 -0.0148112 -0.0340218 -0.00926094 
0.364881 0.437896 0.454633 0.446709 0.415446 0.404542 0.0219459 0.0480612 0.0317646 0.0394301 0.0274925 0.034385 0.0199665 0.0184676 0.0186445 
0.784599 0.890348 0.903873 0.92442 0.84517 0.898967 -0.210115 -0.216809 -0.166054 -0.203758 -0.191765 -0.238564 -0.14729 -0.094766 -0.12576 
0.379016 0.457745 0.465637 0.461741 0.428944 0.423369 -0.00133008 -0.00222455 -0.00142533 -0.00209161 -0.00131945 -0.0017845 0.00978761 0.0092214 0.0103232 
0.287658 0.433034 0.340679 0.391771 0.315125 0.370501 -0.000743968 -0.00149046 -0.00131653 -0.00143725 -0.00101286 -0.00115863 0.00704133 0.00698226 0.00790531 
0.500006 0.488386 0.487355 0.5 0.496835 0.497108 -0.000328344 -0.000586142 -0.000500718 -0.00055595 -0.000409026 -0.000441253 0.00211266 0.00355053 0.00320466 
0.784599 0.525545 0.279174 0.397151 0.520606 0.665905 -0.210115 -0.105757 -0.045567 -0.0758876 -0.140358 -0.160981 -0.14729 -0.157292 -0.178585 
0.500018 0.455554 0.495752 0.48105 0.499122 0.489402 -0.00238125 -0.00216718 -0.00223037 -0.00221185 -0.00235414 -0.00234752 0.00906182 0.00990495 0.0102673 
2.60623e-34 -1.0393e-35 -0.00775941 -0.00118864 0.00430186 2.30982e-36 3.0901e-34 6.37392e-34 0.00433302 -0.000858433 -0.00275355 1.24881e-33 -0.12522 -0.127847 -0.125808 
0.386458 0.470711 0.455554 0.463541 0.425041 0.435411 -0.00138136 -0.00148565 -0.00216718 -0.00207166 -0.00189021 -0.00148235 0.0122734 0.0116026 0.00990495 
0.241529 0.0367303 0.0172439 0.0161554 0.06131 0.124999 -0.0146713 0.0388997 0.0702563 0.0558741 0.0412808 0.0158152 -0.117286 -0.122239 -0.121834 
2.60623e-34 -0.00775941 5.16229e-34 -0.00142935 1.04137e-33 0.00430186 3.0901e-34 0.00433302 2.74544e-36 0.000647577 -4.11739e-37 -0.00275355 -0.12522 -0.125808 -0.124426 
0.439327 0.340679 0.433034 0.391771 0.436238 0.395861 -0.00181049 -0.00131653 -0.00149046 -0.00143725 -0.00169943 -0.00160159 0.00798559 0.00790531 0.00698226 
0.716677 0.304086 0.661308 0.482974 0.693692 0.521837 -0.0798305 -0.0225552 -0.0492788 -0.0330713 -0.064552 -0.0465255 -0.0808327 -0.0772028 -0.0820272 
0.784599 0.903873 0.525545 0.746161 0.665905 0.84517 -0.210115 -0.166054 -0.105757 -0.151697 -0.160981 -0.191765 -0.14729 -0.12576 -0.157292 
0.404554 0.427908 0.488386 0.464606 0.456579 0.416617 -0.000290863 -0.000591967 -0.000586142 -0.00060014 -0.000428199 -0.000420783 0.00269798 0.00423314 0.00355053 
6.58183e-34 4.01873e-34 0.705811 0.405185 0.404492 -2.8021e-34 -2.22577e-34 -1.66005e-34 -0.0012055 -0.00031381 -0.000497987 -3.86772e-34 -0.0450903 -0.0337952 -0.038967 
0.364881 0.454633 0.455811 0.455618 0.416787 0.415446 0.0219459 0.0317646 0.0176673 0.0241118 0.0204671 0.0274925 0.0199665 0.0186445 0.0178378 
0.99873 0.997172 0.843256 0.970712 0.96724 0.997928 -0.00217073 -0.00393225 -0.00319647 -0.00409843 -0.00329836 -0.0032336 -0.0426527 -0.0518238 -0.0511294 
0.252164 0.419842 0.414251 0.416014 0.339088 0.335773 0.0676614 0.0834964 0.0836801 0.0871134 0.0807149 0.0778144 -0.0148112 -0.00926094 0.0057972 
0.999329 0.643808 0.84119 0.752247 0.956357 0.902913 -0.0143176 -0.00696938 -0.00627369 -0.00689207 -0.0111695 -0.0131843 -0.0772521 -0.0709592 -0.0638772 
0.500121 0.455811 0.492093 0.477405 0.497701 0.487576 0.0161503 0.0176673 0.025138 0.0212623 0.0204741 0.0173969 0.0149391 0.0178378 0.0166874 
3.24445e-34 2.06366e-34 0.288694 0.130099 0.107158 -7.81475e-35 -3.71919e-34 -3.60564e-34 -0.0392888 -0.00878061 -0.00923396 -6.60134e-34 -0.0658091 -0.0698307 -0.0678389 
-0.0428089 -0.00775941 -0.0403888 -0.0245887 -0.0473999 -0.0246478 0.0392251 0.00433302 0.0286466 0.0151682 0.0343211 0.0189692 -0.125374 -0.125808 -0.128339 
0.241529 0.068769 0.22599 0.138754 0.227833 0.124756 -0.0146713 0.0548212 0.00768499 0.0394168 -0.0014755 0.0247544 -0.117286 -0.121932 -0.128614 
0.324021 0.674797 0.63582 0.656199 0.489242 0.501205 -0.0970115 -0.221343 -0.199343 -0.214163 -0.146646 -0.152787 -0.0704789 -0.0702348 -0.0697086 
0.519491 0.414251 0.507467 0.462105 0.515459 0.483021 0.0725174 0.0836801 0.082727 0.085454 0.0783274 0.0816059 0.0137362 0.0057972 0.00503782 
0.691807 0.485021 0.687895 0.597055 0.691563 0.616786 -0.146031 -0.105747 -0.187961 -0.141625 -0.168871 -0.124227 -0.0308654 -0.0689192 -0.0529055 
0.990003 0.843256 0.997172 0.970712 0.994229 0.977801 -0.00584745 -0.00319647 -0.00393225 -0.00409843 -0.00479704 -0.00547351 -0.0608614 -0.0511294 -0.0518238 
0.99873 0.625357 0.775872 0.705379 0.93538 0.895365 -0.00217073 -0.00117804 -0.00271022 -0.0017547 -0.00292743 -0.00214641 -0.0426527 -0.0434375 -0.0528147 
0.96665 0.771209 0.945004 0.938602 0.963188 0.901743 -0.0927205 -0.0853816 -0.104654 -0.110597 -0.0988094 -0.0987621 -0.103722 -0.120534 -0.0960907 
-0.113812 -0.306718 -0.2932 -0.30608 -0.215153 -0.244986 0.0156005 0.0314962 -0.00747228 0.0159641 0.0180044 0.0473118 -0.174954 -0.15774 -0.146899 
5.13658e-34 0.0172439 0.0367303 0.0161554 -0.0115813 -0.00242915 5.60848e-35 0.0702563 0.0388997 0.0558741 0.0449796 0.0525121 -0.12324 -0.121834 -0.122239 
0.81373 0.785858 0.674797 0.749968 0.819927 0.814992 -0.309008 -0.28326 -0.221343 -0.261839 -0.289149 -0.304245 -0.10418 -0.0711139 -0.0702348 
3.29076e-34 0.661308 0.304086 0.482974 0.154365 0.322521 -4.04795e-34 -0.0492788 -0.0225552 -0.0330713 -0.00811921 -0.0153676 -0.0789362 -0.0820272 -0.0772028 
0.76373 0.890348 0.873371 0.893506 0.863452 0.83494 -0.215515 -0.216809 -0.282152 -0.256114 -0.264787 -0.21949 -0.076558 -0.094766 -0.112494 
0.784599 0.873371 0.890348 0.893506 0.898967 0.843705 -0.210115 -0.282152 -0.216809 -0.256114 -0.238564 -0.259269 -0.14729 -0.112494 -0.094766 
0.439327 0.433034 0.491123 0.468844 0.470939 0.436238 -0.00181049 -0.00149046 -0.00217294 -0.00183052 -0.002007 -0.00169943 0.00798559 0.00698226 0.00788442 
-1.47499e-34 0.0291122 -0.144749 -0.0729412 -0.189204 -0.139177 7.594e-35 -0.104399 -0.0759472 -0.0897843 -0.0239041 -0.0403045 -0.0246279 0.0110226 -0.0505206 
-0.013236 0.22599 0.068769 0.138754 0.0277153 0.0903155 0.101322 0.00768499 0.0548212 0.0394168 0.0796705 0.0670057 -0.128039 -0.128614 -0.121932 
0.379016 0.465637 0.460034 0.462681 0.424587 0.428944 -0.00133008 -0.00142533 0.00116652 -0.00036805 -0.000487433 -0.00131945 0.00978761 0.0103232 0.0110675 
0.272703 0.169658 0.380121 0.28795 0.330672 0.223593 -9.19879e-05 -2.85404e-05 -0.000122081 -7.20096e-05 -0.000110844 -5.40216e-05 0.00177281 0.000970427 0.0010503 
0.273416 0.380029 0.180883 0.292391 0.229115 0.330924 -8.99936e-05 -0.000121656 -3.09939e-05 -7.29763e-05 -5.49894e-05 -0.000110279 0.00171098 0.00101281 0.000899369 
4.06164e-34 6.18091e-34 0.755333 0.432375 0.412953 -4.5575e-34 -4.21203e-34 -4.07473e-34 -0.0267808 -0.0087858 -0.011445 -7.99687e-34 -0.0835939 -0.0803132 -0.0843113 
0.75 0.437724 0.750173 0.609422 0.750004 0.609512 -4.88981e-37 -0.000201029 -0.000874369 -0.000368273 -0.00045886 -0.00016144 -0.0239009 -0.0297435 -0.0344412 
0.408113 0.380029 0.466854 0.430185 0.441141 0.394538 -8.97373e-05 -0.000121656 -0.000205266 -0.000161826 -0.000136802 -0.000101221 -2.28192e-06 0.00101281 0.0013461 
0.408226 0.462957 0.380121 0.427456 0.394642 0.438651 -9.10035e-05 -0.000209665 -0.000122081 -0.000163791 -0.000102272 -0.000138918 2.12062e-06 0.00146313 0.0010503 
0.933498 0.945004 0.771209 0.938602 0.872533 0.958265 -0.130708 -0.104654 -0.0853816 -0.110597 -0.112128 -0.121669 -0.114525 -0.0960907 -0.120534 
0.401502 0.483497 0.487001 0.48511 0.45227 0.450683 0.0219624 0.0331481 0.0438027 0.0387794 0.0330534 0.0279672 0.0138023 0.0148661 0.0167033 
0.99873 0.705811 0.93715 0.84276 0.988542 0.935593 -0.00217073 -0.0012055 -0.000999325 -0.00134476 -0.00183793 -0.00211335 -0.0426527 -0.038967 -0.0325981 
2.68551e-34 1.15031e-34 0.19955 0.106249 0.106095 -6.96273e-35 2.14512e-35 2.90696e-35 -0.000201196 -5.05838e-05 -4.99076e-05 5.08348e-35 0.004415 0.00595224 0.00529627 
0.500053 0.460034 0.494895 0.481509 0.498656 0.489841 0.00382876 0.00116652 0.000375576 0.000588641 0.00189954 0.00237595 0.0129535 0.0110675 0.0115378 
0.990003 0.999459 0.84119 0.964377 0.977356 0.996418 -0.00584745 -0.00966044 -0.00627369 -0.00904957 -0.00776464 -0.00807269 -0.0608614 -0.0687497 -0.0638772 
0.471814 0.574236 0.588725 0.586328 0.530824 0.530888 0.00719917 0.028773 -0.0361058 0.000163445 -0.0118725 0.0140776 0.0336944 0.0188215 0.0263839 
4.52603e-34 5.71282e-34 0.643808 0.360815 0.356306 -1.99423e-34 -3.71341e-34 -3.27378e-34 -0.00696938 -0.00222165 -0.00254157 -6.89353e-34 -0.074735 -0.0659793 -0.0709592 
0.408113 0.24483 0.380029 0.31872 0.394538 0.336669 -8.97373e-05 -3.30892e-05 -0.000121656 -7.0506e-05 -0.000101221 -6.71332e-05 -2.28192e-06 -9.5694e-07 0.00101281 
0.244979 0.408226 0.380121 0.394642 0.318863 0.336814 -3.34582e-05 -9.10035e-05 -0.000122081 -0.000102272 -7.05806e-05 -6.69079e-05 1.17388e-06 2.12062e-06 0.0010503 
0.740996 0.288694 0.424708 0.356782 0.601061 0.524557 -0.131314 -0.0392888 -0.0498795 -0.0443423 -0.0875055 -0.0821509 -0.0757106 -0.0678389 -0.0721598 
2.98404e-34 0.586329 4.01873e-34 0.324872 -9.77185e-35 0.32508 -5.40884e-35 -0.000364211 -1.66005e-34 -0.000160773 -2.7377e-34 -0.000112748 -0.0220348 -0.029787 -0.0337952 
4.01873e-34 0.586329 0.705811 0.64869 0.405185 0.324872 -1.66005e-34 -0.000364211 -0.0012055 -0.000660252 -0.00031381 -0.000160773 -0.0337952 -0.029787 -0.038967 
0.500006 0.466854 0.477983 0.472696 0.494512 0.491733 -0.000328344 -0.000205266 -0.000354933 -0.000267464 -0.000348476 -0.000268951 0.00211266 0.0013461 0.00246521 
0.404554 0.477983 0.466854 0.472696 0.439724 0.447713 -0.000290863 -0.000354933 -0.000205266 -0.000267464 -0.000246104 -0.000325783 0.00269798 0.00246521 0.0013461 
4.42042e-34 0.625357 0.750173 0.690843 0.437762 0.350202 1.68404e-34 -0.00117804 -0.000874369 -0.00104266 -0.00027448 -0.000268322 -0.0354597 -0.0434375 -0.0344412 
1 0.75 0.986697 0.905378 0.996684 0.9375 -6.51134e-37 -4.88981e-37 -0.000756093 -0.000657962 -0.00071296 -1.00836e-36 -0.0230516 -0.0239009 -0.0307484 
0.999329 0.84119 0.999459 0.964377 0.999791 0.956357 -0.0143176 -0.00627369 -0.00966044 -0.00904957 -0.0116491 -0.0111695 -0.0772521 -0.0638772 -0.0687497 
1.54551e-34 1.38528e-34 0.252855 0.136988 0.146277 -8.74756e-35 -1.25699e-34 -9.33092e-35 0.0128142 0.0038606 0.00433973 -2.29233e-34 0.0263787 0.0197142 0.0231291 
0.503732 0.487001 0.50389 0.499356 0.505375 0.50591 0.0542046 0.0438027 0.0442502 0.0448535 0.0490692 0.0493267 0.0170285 0.0167033 0.0165895 
1.0735e-34 1.06573e-34 0.195247 0.102097 0.102967 -6.82092e-35 -5.5043e-35 -5.17632e-35 0.00106348 0.000288764 0.000391641 -1.07784e-34 0.0112821 0.0105323 0.0108924 
0.990003 0.775872 0.647714 0.715291 0.880415 0.917634 -0.00584745 -0.00271022 -0.00317865 -0.00301717 -0.00558075 -0.00464967 -0.0608614 -0.0528147 -0.0641979 
1.09404e-34 1.10538e-34 0.201191 0.107687 0.108512 -6.88999e-35 7.85702e-35 8.98547e-35 0.000911937 0.000355627 0.000273948 1.6752e-34 0.0159858 0.0181953 0.0170518 
7.40053e-35 5.40593e-35 0.141283 0.0558019 0.0690785 -5.21723e-35 8.59414e-35 4.9594e-35 0.0168292 0.00591913 0.00552456 1.22233e-34 0.0164641 0.0086992 0.0135433 
-3.42703e-35 -3.35658e-35 -0.00475583 -0.0420523 -0.0433572 1.28568e-35 -2.20012e-34 -3.02361e-34 0.00325121 -0.000777722 -0.000662295 -5.27574e-34 -0.0452399 -0.0611685 -0.0555542 
-2.02992e-34 -2.91771e-34 -0.306718 -0.243522 -0.208626 1.47112e-34 7.81813e-34 7.42255e-34 0.0314962 0.0128152 0.0209852 1.48908e-33 -0.153655 -0.14725 -0.15774 
0.536141 0.627482 0.22599 0.415696 0.378551 0.577836 -0.0806279 -0.0824064 0.00768499 -0.0331646 -0.0280711 -0.0806966 -0.146174 -0.131625 -0.128614 
5.58583e-35 3.24445e-34 0.160338 0.077474 0.0610307 -4.43856e-35 -3.1736e-34 -3.71919e-34 -0.0277842 -0.00567669 -0.00465046 -6.28782e-34 -0.0635454 -0.0658091 -0.0619523 
9.74764e-35 2.25806e-34 0.194134 0.102835 0.102469 -6.5804e-35 -4.08734e-35 -3.55791e-35 -0.000489843 -0.000193017 -0.000180338 -7.57627e-35 0.00824018 0.00710936 0.00795142 
0.357584 0.467054 0.473137 0.470163 0.426752 0.421885 -0.000676585 -0.00151638 -0.00102103 -0.00124986 -0.000874446 -0.00107633 0.00554544 0.00675396 0.00527877 
0.93715 0.705811 0.586329 0.64869 0.800221 0.84276 -0.000999325 -0.0012055 -0.000364211 -0.000660252 -0.000745739 -0.00134476 -0.0325981 -0.038967 -0.029787 
0.613257 0.588725 0.600801 0.615627 0.607097 0.631022 -0.00409942 -0.0361058 0.0261948 0.000768651 0.0128932 -0.0189677 -0.015388 0.0263839 -0.00102264 
1 0.986697 0.93715 0.995402 0.984217 0.996684 -6.51134e-37 -0.000756093 -0.000999325 -0.00104886 -0.000863576 -0.00071296 -0.0230516 -0.0307484 -0.0325981 
-1.66661e-34 -2.02992e-34 -0.244447 -0.166319 -0.129545 1.11513e-34 7.60448e-34 7.81813e-34 0.0491533 0.0213744 0.0186777 1.46529e-33 -0.144738 -0.153655 -0.149966 
4.06164e-34 0.755333 0.402952 0.590684 0.211677 0.412953 -4.21203e-34 -0.0267808 -0.0165484 -0.0211568 -0.00566541 -0.011445 -0.0835939 -0.0843113 -0.0836719 
2.98404e-34 0.75 0.586329 0.673347 0.32508 0.4375 -5.40884e-35 -4.26338e-37 -0.000364211 -0.000218769 -0.000112748 -1.16344e-37 -0.0220348 -0.0221488 -0.029787 
1.13675e-34 1.13486e-34 0.206175 0.111009 0.110591 -7.48577e-35 5.59519e-35 6.70252e-35 -0.000537161 -0.000212054 -0.000218768 1.23354e-34 0.0114578 0.0137029 0.0125269 
2.62598e-34 1.10314e-34 0.204225 0.109322 0.108948 -7.43561e-35 3.69113e-35 4.61296e-35 -0.000531347 -0.000183005 -0.000207448 8.38482e-35 0.00764465 0.00945251 0.00885806 
1.03128e-34 9.43444e-35 0.186065 0.0947032 0.0999523 -6.46466e-35 9.78916e-35 9.86898e-35 0.00629764 0.00238373 0.00209695 1.91303e-34 0.0195829 0.0195134 0.0198639 
1.65588e-35 -1.07825e-35 0.056512 -0.0115291 0.00643559 -2.40291e-35 -1.63925e-35 -1.14975e-34 0.0222513 0.00864012 0.00756814 -1.50451e-34 -0.00498685 -0.0249111 -0.0148484 
-7.70493e-36 2.2266e-35 0.0421779 0.0140717 -0.00662197 7.22841e-36 -3.35944e-34 -3.27222e-34 -0.0232619 -0.0099339 -0.00725189 -6.42843e-34 -0.0668532 -0.0650465 -0.0662425 
1.72785e-34 1.76698e-34 0.292898 0.174089 0.177022 -1.10382e-34 -2.2682e-34 -1.68992e-34 0.00563647 0.00228354 0.00097054 -3.98383e-34 0.0458105 0.0347887 0.0402513 
1.20841e-34 1.13937e-34 0.209541 0.109981 0.114744 -7.16047e-35 -7.34653e-35 -6.11727e-35 0.00586421 0.00187141 0.00220944 -1.39615e-34 0.0154033 0.0127557 0.0138956 
1.05639e-34 1.04595e-34 0.193613 0.101997 0.101576 -6.71473e-35 -4.88752e-35 -4.55049e-35 -0.000572708 -0.000197094 -0.000187814 -9.40483e-35 0.00987179 0.00917441 0.00955735 
0.716677 0.886176 0.424708 0.695772 0.576308 0.817543 -0.0798305 -0.126167 -0.0498795 -0.0931734 -0.066322 -0.103538 -0.0808327 -0.0887924 -0.0721598 
0.81373 0.667846 0.785858 0.783694 0.814992 0.742252 -0.309008 -0.300747 -0.28326 -0.308583 -0.304245 -0.310632 -0.10418 -0.0703062 -0.0711139 
0.761443 0.785858 0.667846 0.783694 0.751102 0.777088 -0.268459 -0.28326 -0.300747 -0.308583 -0.302316 -0.279325 -0.0546802 -0.0711139 -0.0703062 
0.740996 0.886176 0.903873 0.945025 0.914216 0.821864 -0.131314 -0.126167 -0.166054 -0.16251 -0.177978 -0.132632 -0.0757106 -0.0887924 -0.12576 
0.241529 0.0172439 0.068769 0.0343313 0.124756 0.06131 -0.0146713 0.0702563 0.0548212 0.0620994 0.0247544 0.0412808 -0.117286 -0.121834 -0.121932 
0.500006 0.477983 0.488386 0.483591 0.497108 0.494512 -0.000328344 -0.000354933 -0.000586142 -0.000459266 -0.000441253 -0.000348476 0.00211266 0.00246521 0.00355053 
2.21798e-34 4.42042e-34 0.437724 0.234572 0.234502 4.78649e-35 5.72047e-35 1.68404e-34 -0.000201029 -0.000179167 -8.70799e-05 2.83335e-34 -0.0240496 -0.0354597 -0.0297435 
0.999329 0.837013 0.70639 0.776604 0.934707 0.963476 -0.0143176 -0.00770452 -0.00834886 -0.00831465 -0.0146129 -0.0124203 -0.0772521 -0.0730929 -0.0842789 
0.230663 -0.144749 0.0291122 -0.0729412 0.102407 0.00840837 -0.202743 -0.0759472 -0.104399 -0.0897843 -0.157294 -0.137739 -0.0541374 -0.0505206 0.0110226 
0.740996 0.424708 0.886176 0.695772 0.821864 0.601061 -0.131314 -0.0498795 -0.126167 -0.0931734 -0.132632 -0.0875055 -0.0757106 -0.0721598 -0.0887924 
0.404554 0.488386 0.477983 0.483591 0.447713 0.456579 -0.000290863 -0.000586142 -0.000354933 -0.000459266 -0.000325783 -0.000428199 0.00269798 0.00355053 0.00246521 
-2.91771e-34 -3.05733e-34 -0.2932 -0.281539 -0.294446 1.76703e-34 7.42255e-34 4.02503e-34 -0.00747228 0.00883992 0.0115387 1.19654e-33 -0.14725 -0.0918237 -0.146899 
4.42042e-34 0.750173 0.437724 0.609422 0.234572 0.437762 1.68404e-34 -0.000874369 -0.000201029 -0.000368273 -0.000179167 -0.00027448 -0.0354597 -0.0344412 -0.0297435 
1.54551e-34 0.252855 0.220541 0.238163 0.118923 0.146277 -1.25699e-34 0.0128142 0.00709908 0.0102747 0.00233795 0.00433973 0.0263787 0.0231291 0.0305907 
0.75 0.93715 0.586329 0.800221 0.673347 0.859177 -4.26338e-37 -0.000999325 -0.000364211 -0.000745739 -0.000218769 -0.000649773 -0.0221488 -0.0325981 -0.029787 
0.39137 0.220541 0.252855 0.238163 0.330354 0.319221 0.02263 0.00709908 0.0128142 0.0102747 0.0194374 0.0155446 0.0293939 0.0305907 0.0231291 
1.0735e-34 0.195247 0.149997 0.172641 0.0772078 0.102967 -5.5043e-35 0.00106348 0.00183215 0.00161576 0.000520821 0.000391641 0.0112821 0.0108924 0.0119466 
-0.013236 0.068769 0.0172439 0.0343313 0.00451967 0.0277153 0.101322 0.0548212 0.0702563 0.0620994 0.0818155 0.0796705 -0.128039 -0.121932 -0.121834 
4.42042e-34 4.55241e-34 0.625357 0.350881 0.350202 -1.42401e-34 1.68404e-34 2.24172e-34 -0.00117804 -0.000394482 -0.000268322 3.93878e-34 -0.0354597 -0.0472608 -0.0434375 
0.311544 0.149997 0.195247 0.172641 0.255174 0.23648 0.00747236 0.00183215 0.00106348 0.00161576 0.00366712 0.00462444 0.0118904 0.0119466 0.0108924 
1.15031e-34 2.62598e-34 0.193645 0.102987 0.102863 -6.13802e-35 2.90696e-35 3.69113e-35 -0.000291436 -0.000173323 -8.43156e-05 6.67063e-35 0.00595224 0.00764465 0.00635248 
4.87985e-34 6.65648e-34 0.647714 0.368601 0.366212 -1.66062e-34 2.82196e-34 3.41437e-34 -0.00317865 -0.00166602 -0.000917414 6.30004e-34 -0.0595789 -0.0727159 -0.0641979 
-0.0561907 0.361016 0.0395631 0.18419 -0.0346901 0.125037 -0.109337 -0.222729 -0.0747358 -0.144653 -0.0831978 -0.150156 -0.118246 -0.116912 -0.165792 
0.740996 0.903873 0.890348 0.92442 0.837779 0.914216 -0.131314 -0.166054 -0.216809 -0.203758 -0.178845 -0.177978 -0.0757106 -0.12576 -0.094766 
0.716677 0.424708 0.304086 0.370547 0.521837 0.576308 -0.0798305 -0.0498795 -0.0225552 -0.0321821 -0.0465255 -0.066322 -0.0808327 -0.0721598 -0.0772028 
1.10538e-34 0.145618 0.201191 0.174451 0.107687 0.0770296 8.98547e-35 0.00166826 0.000911937 0.00151269 0.000355627 0.000532467 0.0181953 0.0190184 0.0170518 
1.09404e-34 0.201191 0.150372 0.17676 0.0792273 0.108512 7.85702e-35 0.000911937 -3.93508e-05 0.000282705 6.36381e-05 0.000273948 0.0159858 0.0170518 0.0148515 
5.40593e-35 0.0606658 0.141283 0.101215 0.0558019 0.0242559 4.9594e-35 0.0125405 0.0168292 0.0158134 0.00591913 0.00375589 0.0086992 0.00214678 0.0135433 
7.40053e-35 0.141283 0.120602 0.132869 0.0564084 0.0690785 8.59414e-35 0.0168292 0.00641468 0.010182 0.00234492 0.00552456 0.0164641 0.0135433 0.0182848 
-3.35658e-35 -0.0222035 -0.00475583 -0.0229723 -0.0420523 -0.0318407 -3.02361e-34 -0.0109373 0.00325121 -0.00617045 -0.000777722 -0.00263726 -0.0611685 -0.0654787 -0.0555542 
-3.42703e-35 -0.00475583 -0.0143705 -0.0151456 -0.0361092 -0.0433572 -2.20012e-34 0.00325121 0.00809161 0.00775372 0.00149175 -0.000662295 -0.0452399 -0.0555542 -0.0362059 
0.310599 0.150372 0.201191 0.17676 0.259282 0.236848 -0.000136067 -3.93508e-05 0.000911937 0.000282705 0.000646081 -2.39966e-05 0.0146918 0.0148515 0.0170518 
0.271412 0.120602 0.141283 0.132869 0.209343 0.200274 0.0236913 0.00641468 0.0168292 0.010182 0.0222823 0.0154369 0.0189781 0.0182848 0.0135433 
0.327611 0.201191 0.145618 0.174451 0.245078 0.270394 0.00769862 0.000911937 0.00166826 0.00151269 0.00474858 0.00362291 0.0188787 0.0170518 0.0190184 
0.119289 -0.0143705 -0.00475583 -0.0151456 0.0487134 0.0449821 0.0380852 0.00809161 0.00325121 0.00775372 0.0144346 0.0203192 -0.0381155 -0.0362059 -0.0555542 
0.230996 0.141283 0.0606658 0.101215 0.145712 0.189393 0.0499192 0.0168292 0.0125405 0.0158134 0.0326236 0.03329 0.00559844 0.0135433 0.00214678 
0.148961 -0.00475583 -0.0222035 -0.0229723 0.0424873 0.0520619 -0.024344 0.00325121 -0.0109373 -0.00617045 -0.0242045 -0.00987625 -0.0710042 -0.0555542 -0.0654787 
6.65648e-34 0.837013 0.647714 0.750989 0.368601 0.511485 3.41437e-34 -0.00770452 -0.00317865 -0.00490557 -0.00166602 -0.00277227 -0.0727159 -0.0730929 -0.0641979 
0.536141 0.525545 0.903873 0.746161 0.757209 0.529792 -0.0806279 -0.105757 -0.166054 -0.151697 -0.139834 -0.0921704 -0.146174 -0.157292 -0.12576 
0.327152 0.195247 0.142925 0.169062 0.242899 0.265552 0.00032977 0.00106348 -5.54947e-05 0.000303712 0.000125704 0.00120465 0.0103915 0.0108924 0.0101806 
1.06573e-34 0.142925 0.195247 0.169062 0.102097 0.073789 -5.17632e-35 -5.54947e-05 0.00106348 0.000303712 0.000288764 8.80415e-05 0.0105323 0.0101806 0.0108924 
0.27645 0.0585119 0.213356 0.14381 0.245046 0.15808 -0.132463 -0.0481849 -0.0484859 -0.0531849 -0.0925657 -0.100374 0.0432704 0.0443242 0.0559174 
7.99159e-35 0.169658 2.03688e-34 0.0892166 -3.43632e-35 0.0892332 -1.8782e-38 -2.85404e-05 -7.47678e-36 -1.70467e-05 -7.43187e-36 -9.79934e-06 3.11543e-06 0.000970427 0.00150197 
2.05678e-34 0.304086 0.424708 0.370547 0.201255 0.136824 -3.89051e-34 -0.0225552 -0.0498795 -0.0321821 -0.0106335 -0.00669147 -0.0765479 -0.0772028 -0.0721598 
0.241529 0.443782 0.0367303 0.169442 0.124999 0.325795 -0.0146713 -0.0544296 0.0388997 -0.00303706 0.0158152 -0.0309973 -0.117286 -0.12297 -0.122239 
8.64464e-35 0.213356 0.0585119 0.14381 0.0309802 0.100944 -2.97054e-34 -0.0484859 -0.0481849 -0.0531849 -0.0155155 -0.0186184 0.0551061 0.0559174 0.0443242 
8.18633e-35 2.03439e-34 0.180883 0.0954879 0.095471 -4.68332e-35 -1.93251e-38 7.05662e-36 -3.09939e-05 -1.86386e-05 -1.09223e-05 7.09976e-36 -3.11605e-06 0.00145106 0.000899369 
0.372177 0.252855 0.170296 0.211157 0.282142 0.319314 0.0267731 0.0128142 0.00530399 0.00841755 0.015308 0.0201269 0.0174864 0.0231291 0.0175942 
0.360363 0.0395631 0.361016 0.18419 0.356472 0.200503 -0.154281 -0.0747358 -0.222729 -0.144653 -0.193897 -0.105294 -0.162911 -0.165792 -0.116912 
1.13675e-34 0.206175 0.155725 0.181481 0.0820381 0.110591 5.59519e-35 -0.000537161 -0.000365227 -0.000440334 -0.000101713 -0.000218768 0.0114578 0.0125269 0.0105304 
1.38528e-34 0.170296 0.252855 0.211157 0.136988 0.0935082 -9.33092e-35 0.00530399 0.0128142 0.00841755 0.0038606 0.00158417 0.0197142 0.0175942 0.0231291 
1.76698e-34 0.220541 0.292898 0.261563 0.174089 0.126053 -1.68992e-34 0.00709908 0.00563647 0.0070418 0.00228354 0.00167032 0.0347887 0.0305907 0.0402513 
1.13486e-34 0.150372 0.206175 0.179056 0.111009 0.0791644 6.70252e-35 -3.93508e-05 -0.000537161 -0.000245819 -0.000212054 -3.85242e-05 0.0137029 0.0148515 0.0125269 
1.72785e-34 0.292898 0.211146 0.257127 0.124544 0.177022 -2.2682e-34 0.00563647 -0.00729463 -0.0024302 -0.00180094 0.00097054 0.0458105 0.0402513 0.0505939 
1.13937e-34 0.149997 0.209541 0.178986 0.109981 0.0788629 -6.11727e-35 0.00183215 0.00586421 0.00335276 0.00187141 0.000745566 0.0127557 0.0119466 0.0138956 
1.03128e-34 0.186065 0.145618 0.167593 0.0753435 0.0999523 9.78916e-35 0.00629764 0.00166826 0.00326623 0.000813038 0.00209695 0.0195829 0.0198639 0.0190184 
9.43444e-35 0.120602 0.186065 0.154473 0.0947032 0.0625233 9.86898e-35 0.00641468 0.00629764 0.00682503 0.00238373 0.00201341 0.0195134 0.0182848 0.0198639 
1.65588e-35 0.056512 0.0606658 0.0581603 0.0120634 0.00643559 -1.63925e-35 0.0222513 0.0125405 0.0165652 0.00386519 0.00756814 -0.00498685 -0.0148484 0.00214678 
-1.07825e-35 -0.0143705 0.056512 0.0141719 -0.0115291 -0.0276854 -1.14975e-34 0.00809161 0.0222513 0.0141159 0.00864012 0.00289734 -0.0249111 -0.0362059 -0.0148484 
-7.70493e-36 0.0421779 -0.0222035 0.0066209 -0.0225508 -0.00662197 -3.35944e-34 -0.0232619 -0.0109373 -0.0156962 -0.00462384 -0.00725189 -0.0668532 -0.0662425 -0.0654787 
1.20841e-34 0.209541 0.170296 0.190151 0.0885099 0.114744 -7.34653e-35 0.00586421 0.00530399 0.00610913 0.0014501 0.00220944 0.0154033 0.0138956 0.0175942 
2.2266e-35 0.0628974 0.0421779 0.0562168 0.0140717 0.0215363 -3.27222e-34 -0.0136134 -0.0232619 -0.0186193 -0.0099339 -0.00384961 -0.0650465 -0.06296 -0.0662425 
1.04595e-34 0.141584 0.193613 0.168074 0.101997 0.0731951 -4.55049e-35 -0.000327003 -0.000572708 -0.000424569 -0.000197094 -8.3282e-05 0.00917441 0.00871964 0.00955735 
1.05639e-34 0.193613 0.142925 0.16856 0.0737816 0.101576 -4.88752e-35 -0.000572708 -5.54947e-05 -0.000285095 6.69801e-06 -0.000187814 0.00987179 0.00955735 0.0101806 
0.230663 0.667846 0.361016 0.527626 0.285335 0.459168 -0.202743 -0.300747 -0.222729 -0.279352 -0.211723 -0.266006 -0.0541374 -0.0703062 -0.116912 
0.498713 0.497644 0.467054 0.486774 0.494737 0.499964 -0.00172482 -0.00138198 -0.00151638 -0.00148396 -0.00167988 -0.00155523 0.00685025 0.00600954 0.00675396 
8.18633e-35 0.180883 0.24483 0.213749 0.132575 0.095471 -1.93251e-38 -3.09939e-05 -3.30892e-05 -3.03736e-05 -9.72672e-06 -1.09223e-05 -3.11605e-06 0.000899369 -9.5694e-07 
-0.0925207 0.230437 0.0224604 0.121805 -0.0177073 0.0811706 0.063222 0.0221066 0.108301 0.0690622 0.0851952 0.0476423 -0.168977 -0.161201 -0.147373 
7.99159e-35 0.244979 0.169658 0.208535 0.0892332 0.13274 -1.8782e-38 -3.34582e-05 -2.85404e-05 -2.95166e-05 -9.79934e-06 -9.60774e-06 3.11543e-06 1.17388e-06 0.000970427 
0.354696 0.477393 0.433034 0.458151 0.397637 0.429357 -0.000733529 -0.00127846 -0.00149046 -0.00139902 -0.00108534 -0.00102861 0.00576462 0.00591617 0.00698226 
2.06366e-34 0.424708 0.288694 0.356782 0.130099 0.171874 -3.60564e-34 -0.0498795 -0.0392888 -0.0443423 -0.00878061 -0.0102916 -0.0698307 -0.0721598 -0.0678389 
0.230663 0.0291122 0.409301 0.201916 0.321543 0.102407 -0.202743 -0.104399 -0.22389 -0.174667 -0.226974 -0.157294 -0.0541374 0.0110226 0.00225332 
0.27645 0.409301 0.0291122 0.201916 0.154217 0.338084 -0.132463 -0.22389 -0.104399 -0.174667 -0.130328 -0.178931 0.0432704 0.00225332 0.0110226 
0.81373 0.873371 0.663694 0.801527 0.75572 0.844769 -0.309008 -0.282152 -0.223306 -0.27248 -0.284145 -0.298137 -0.10418 -0.112494 -0.150977 
2.25806e-34 1.13773e-34 0.186131 0.0983215 0.0981883 -5.45281e-35 -3.55791e-35 -2.90002e-35 -0.000285595 -8.29422e-05 -0.000164884 -6.39516e-35 0.00710936 0.00584995 0.00622521 
0.499624 0.497644 0.477393 0.497412 0.492788 0.499796 -0.000967736 -0.00138198 -0.00127846 -0.00136356 -0.00113022 -0.00116628 0.00481224 0.00600954 0.00591617 
0.498713 0.477393 0.497644 0.497412 0.499964 0.491298 -0.00172482 -0.00127846 -0.00138198 -0.00136356 -0.00155523 -0.0015152 0.00685025 0.00591617 0.00600954 
0.489819 0.489784 0.500005 0.497488 0.497421 0.500005 -0.000133137 -0.000134163 -0.000202075 -0.000163407 -0.000162503 -0.000150784 4.07304e-07 -6.75007e-07 0.000953037 
0.27645 0.0291122 0.0585119 0.039078 0.15808 0.154217 -0.132463 -0.104399 -0.0481849 -0.0741212 -0.100374 -0.130328 0.0432704 0.0110226 0.0443242 
-3.57858e-35 0.0585119 0.0291122 0.039078 -0.0675742 -0.0155191 -1.93909e-34 -0.0481849 -0.104399 -0.0741212 -0.0378762 -0.0186636 0.0313881 0.0443242 0.0110226 
0.357584 0.473137 0.427908 0.453237 0.395699 0.426752 -0.000676585 -0.00102103 -0.000591967 -0.000791408 -0.000644493 -0.000874446 0.00554544 0.00527877 0.00423314 
4.55241e-34 0.775872 0.625357 0.705379 0.350881 0.45771 2.24172e-34 -0.00271022 -0.00117804 -0.0017547 -0.000394482 -0.000842856 -0.0472608 -0.0528147 -0.0434375 
0.99873 0.775872 0.997172 0.930683 0.997928 0.93538 -0.00217073 -0.00271022 -0.00393225 -0.00371291 -0.0032336 -0.00292743 -0.0426527 -0.0528147 -0.0518238 
0.990003 0.997172 0.775872 0.930683 0.917634 0.994229 -0.00584745 -0.00393225 -0.00271022 -0.00371291 -0.00464967 -0.00479704 -0.0608614 -0.0518238 -0.0528147 
0.688048 0.409301 0.576876 0.507941 0.635111 0.574289 -0.249421 -0.22389 -0.173537 -0.205337 -0.211636 -0.242371 -0.0154208 0.00225332 0.0245673 
0.27645 0.576876 0.409301 0.507941 0.338084 0.438031 -0.132463 -0.173537 -0.22389 -0.205337 -0.178931 -0.159932 0.0432704 0.0245673 0.00225332 
7.60264e-34 5.13658e-34 0.0367303 -0.0115813 0.0312314 1.05653e-33 3.02826e-34 5.60848e-35 0.0388997 0.0449796 0.0251393 6.49919e-36 -0.135909 -0.12324 -0.122239 
0.327152 0.361019 0.195247 0.285432 0.265552 0.343717 0.00032977 0.00472969 0.00106348 0.00295966 0.00120465 0.00210132 0.0103915 0.0111509 0.0108924 
0.372177 0.424877 0.252855 0.352302 0.319314 0.400227 0.0267731 0.034878 0.0128142 0.0234929 0.0201269 0.032142 0.0174864 0.0228434 0.0231291 
0.241529 0.771209 0.802217 0.782648 0.553416 0.528082 -0.0146713 -0.0853816 -0.0707708 -0.0767999 -0.0551764 -0.0528049 -0.117286 -0.120534 -0.116296 
-3.57858e-35 8.64464e-35 0.0585119 0.0309802 -0.0155191 -2.96783e-35 -1.93909e-34 -2.97054e-34 -0.0481849 -0.0155155 -0.0186636 -4.27273e-34 0.0313881 0.0551061 0.0443242 
0.990003 0.647714 0.837013 0.750989 0.937034 0.880415 -0.00584745 -0.00317865 -0.00770452 -0.00490557 -0.00752505 -0.00558075 -0.0608614 -0.0641979 -0.0730929 
0.148961 0.180495 -0.00475583 0.0755921 0.0520619 0.160636 -0.024344 0.0157021 0.00325121 0.00730359 -0.00987625 -0.00537694 -0.0710042 -0.0571241 -0.0555542 
0.230996 0.302322 0.141283 0.225815 0.189393 0.26884 0.0499192 0.043246 0.0168292 0.0306939 0.03329 0.0473089 0.00559844 0.0155537 0.0135433 
0.327611 0.362027 0.201191 0.289678 0.270394 0.345962 0.00769862 0.00277787 0.000911937 0.00199595 0.00362291 0.00497506 0.0188787 0.0164049 0.0170518 
1.10314e-34 0.155725 0.204225 0.18048 0.109322 0.0817376 4.61296e-35 -0.000365227 -0.000531347 -0.0004619 -0.000183005 -0.000113321 0.00945251 0.0105304 0.00885806 
1.10314e-34 1.13675e-34 0.155725 0.0820381 0.0817376 -1.71812e-35 4.61296e-35 5.59519e-35 -0.000365227 -0.000101713 -0.000113321 1.02481e-34 0.00945251 0.0114578 0.0105304 
0.309774 0.204225 0.155725 0.18048 0.238517 0.259869 -0.00118763 -0.000531347 -0.000365227 -0.0004619 -0.000809665 -0.000873262 0.0104112 0.00885806 0.0105304 
1.76698e-34 1.54551e-34 0.220541 0.118923 0.126053 -1.78686e-35 -1.68992e-34 -1.25699e-34 0.00709908 0.00233795 0.00167032 -3.02087e-34 0.0347887 0.0263787 0.0305907 
3.66911e-34 4.06164e-34 0.402952 0.211677 0.200219 -1.67842e-35 -4.31384e-34 -4.21203e-34 -0.0165484 -0.00566541 -0.00473744 -8.24165e-34 -0.08471 -0.0835939 -0.0836719 
2.05678e-34 3.29076e-34 0.304086 0.154365 0.136824 -2.20964e-35 -3.89051e-34 -4.04795e-34 -0.0225552 -0.00811921 -0.00669147 -7.60797e-34 -0.0765479 -0.0789362 -0.0772028 
1.13937e-34 1.0735e-34 0.149997 0.0772078 0.0788629 -1.40691e-35 -6.11727e-35 -5.5043e-35 0.00183215 0.000520821 0.000745566 -1.18575e-34 0.0127557 0.0112821 0.0119466 
1.10538e-34 1.03128e-34 0.145618 0.0753435 0.0770296 -1.12628e-35 8.98547e-35 9.78916e-35 0.00166826 0.000813038 0.000532467 1.85438e-34 0.0181953 0.0195829 0.0190184 
1.13486e-34 1.09404e-34 0.150372 0.0792273 0.0791644 -1.07234e-35 6.70252e-35 7.85702e-35 -3.93508e-05 6.36381e-05 -3.85242e-05 1.4554e-34 0.0137029 0.0159858 0.0148515 
5.40593e-35 1.65588e-35 0.0606658 0.0120634 0.0242559 -1.78477e-35 4.9594e-35 -1.63925e-35 0.0125405 0.00386519 0.00375589 1.8938e-35 0.0086992 -0.00498685 0.00214678 
9.43444e-35 7.40053e-35 0.120602 0.0564084 0.0625233 -1.33307e-35 9.86898e-35 8.59414e-35 0.00641468 0.00234492 0.00201341 1.77004e-34 0.0195134 0.0164641 0.0182848 
-3.35658e-35 -7.70493e-36 -0.0222035 -0.0225508 -0.0318407 9.98862e-37 -3.02361e-34 -3.35944e-34 -0.0109373 -0.00462384 -0.00263726 -6.31052e-34 -0.0611685 -0.0668532 -0.0654787 
-1.07825e-35 -3.42703e-35 -0.0143705 -0.0361092 -0.0276854 -1.53766e-35 -1.14975e-34 -2.20012e-34 0.00809161 0.00149175 0.00289734 -3.46519e-34 -0.0249111 -0.0452399 -0.0362059 
0.96665 0.802217 0.771209 0.782648 0.901743 0.914696 -0.0927205 -0.0707708 -0.0853816 -0.0767999 -0.0987621 -0.0884312 -0.103722 -0.116296 -0.120534 
1.04595e-34 9.74764e-35 0.141584 0.0734877 0.0731951 -9.87775e-36 -4.55049e-35 -4.08734e-35 -0.000327003 -0.000115461 -8.3282e-05 -8.60308e-35 0.00917441 0.00824018 0.00871964 
1.06573e-34 1.05639e-34 0.142925 0.0737816 0.073789 -1.24361e-35 -5.17632e-35 -4.88752e-35 -5.54947e-05 6.69801e-06 8.80415e-05 -1.00723e-34 0.0105323 0.00987179 0.0101806 
2.2266e-35 5.58583e-35 0.0628974 0.033073 0.0215363 -5.16526e-37 -3.27222e-34 -3.1736e-34 -0.0136134 -0.00213775 -0.00384961 -6.2766e-34 -0.0650465 -0.0635454 -0.06296 
1.38528e-34 1.20841e-34 0.170296 0.0885099 0.0935082 -1.07377e-35 -9.33092e-35 -7.34653e-35 0.00530399 0.0014501 0.00158417 -1.73381e-34 0.0197142 0.0154033 0.0175942 
1.43e-34 1.72785e-34 0.211146 0.124544 0.116364 -4.78535e-36 -2.85675e-34 -2.2682e-34 -0.00729463 -0.00180094 -0.0042368 -4.98176e-34 0.0550113 0.0458105 0.0505939 
0.485021 0.63582 0.687895 0.668174 0.597055 0.557142 -0.105747 -0.199343 -0.187961 -0.196986 -0.141625 -0.152541 -0.0689192 -0.0697086 -0.0529055 
0.893168 0.802217 0.977659 0.940024 0.964897 0.850365 -0.0612136 -0.0707708 -0.0744375 -0.0807665 -0.0745959 -0.0677961 -0.112327 -0.116296 -0.0998948 
5.00293e-34 5.16229e-34 -0.0137787 -0.00391723 -0.0050434 1.02703e-33 2.49936e-35 2.74544e-36 0.0196702 0.00300062 0.0136776 -3.94005e-36 -0.121783 -0.124426 -0.123721 
0.999329 0.999459 0.837013 0.954856 0.963476 0.999791 -0.0143176 -0.00966044 -0.00770452 -0.0095839 -0.0124203 -0.0116491 -0.0772521 -0.0687497 -0.0730929 
0.990003 0.837013 0.999459 0.954856 0.996418 0.937034 -0.00584745 -0.00770452 -0.00966044 -0.0095839 -0.00807269 -0.00752505 -0.0608614 -0.0730929 -0.0687497 
2.21798e-34 0.437724 0.75 0.609512 0.4375 0.234502 5.72047e-35 -0.000201029 -4.88981e-37 -0.00016144 -1.70795e-37 -8.70799e-05 -0.0240496 -0.0297435 -0.0239009 
0.378072 0.420176 0.213356 0.317889 0.307612 0.401128 -0.0369418 -0.0860995 -0.0484859 -0.075508 -0.0500231 -0.0600037 0.0475333 0.048073 0.0559174 
5.58583e-35 0.160338 0.0628974 0.105921 0.033073 0.0610307 -3.1736e-34 -0.0277842 -0.0136134 -0.018833 -0.00213775 -0.00465046 -0.0635454 -0.0619523 -0.06296 
0.243273 0.0628974 0.160338 0.105921 0.206363 0.138063 -0.0692922 -0.0136134 -0.0277842 -0.018833 -0.0482686 -0.0355769 -0.0623988 -0.06296 -0.0619523 
0.96665 0.977659 0.802217 0.940024 0.914696 0.975102 -0.0927205 -0.0744375 -0.0707708 -0.0807665 -0.0884312 -0.083872 -0.103722 -0.0998948 -0.116296 
0.761443 0.687895 0.63582 0.668174 0.727168 0.733955 -0.268459 -0.187961 -0.199343 -0.196986 -0.237337 -0.22833 -0.0546802 -0.0529055 -0.0697086 
0.301899 0.141584 0.194134 0.168335 0.250949 0.227526 -0.0012036 -0.000327003 -0.000489843 -0.000418701 -0.000834261 -0.00077725 0.00885592 0.00871964 0.00795142 
9.74764e-35 0.194134 0.141584 0.168335 0.0734877 0.102469 -4.08734e-35 -0.000489843 -0.000327003 -0.000418701 -0.000115461 -0.000180338 0.00824018 0.00795142 0.00871964 
-0.171123 -0.0740434 -0.0403888 -0.0666996 -0.0974267 -0.117092 0.0828058 0.0689643 0.0286466 0.0478763 0.0527312 0.0755693 -0.137186 -0.126814 -0.128339 
0.893168 0.443782 0.802217 0.648709 0.850365 0.723484 -0.0612136 -0.0544296 -0.0707708 -0.063478 -0.0677961 -0.0584451 -0.112327 -0.12297 -0.116296 
-2.02992e-34 -0.306718 -0.244447 -0.275615 -0.166319 -0.208626 7.81813e-34 0.0314962 0.0491533 0.042452 0.0213744 0.0209852 -0.153655 -0.15774 -0.149966 
7.60264e-34 0.0367303 0.443782 0.169442 0.246322 0.0312314 3.02826e-34 0.0388997 -0.0544296 -0.00303706 -0.0338491 0.0251393 -0.135909 -0.122239 -0.12297 
-0.113812 -0.2932 0.0395631 -0.155912 -0.0391801 -0.215153 0.0156005 -0.00747228 -0.0747358 -0.0215948 -0.0248346 0.0180044 -0.174954 -0.146899 -0.165792 
0.310599 0.201191 0.362027 0.289678 0.337771 0.259282 -0.000136067 0.000911937 0.00277787 0.00199595 0.000972703 0.000646081 0.0146918 0.0170518 0.0164049 
-0.0561907 0.0395631 -0.2932 -0.155912 -0.1998 -0.0346901 -0.109337 -0.0747358 -0.00747228 -0.0215948 -0.0466406 -0.0831978 -0.118246 -0.165792 -0.146899 
0.271412 0.141283 0.302322 0.225815 0.28794 0.209343 0.0236913 0.0168292 0.043246 0.0306939 0.0329791 0.0222823 0.0189781 0.0135433 0.0155537 
0.119289 -0.00475583 0.180495 0.0755921 0.140906 0.0487134 0.0380852 0.00325121 0.0157021 0.00730359 0.0294602 0.0144346 -0.0381155 -0.0555542 -0.0571241 
0.39137 0.252855 0.424877 0.352302 0.41006 0.330354 0.02263 0.0128142 0.034878 0.0234929 0.0299569 0.0194374 0.0293939 0.0231291 0.0228434 
0.311544 0.195247 0.361019 0.285432 0.336947 0.255174 0.00747236 0.00106348 0.00472969 0.00295966 0.00612197 0.00366712 0.0118904 0.0108924 0.0111509 
0.455811 0.454633 0.492093 0.47733 0.477405 0.455618 0.0176673 0.0317646 0.025138 0.0285286 0.0212623 0.0241118 0.0178378 0.0186445 0.0166874 
0.593596 0.576876 0.420176 0.499162 0.512559 0.590304 -0.10682 -0.173537 -0.0860995 -0.129433 -0.101005 -0.139879 0.0257599 0.0245673 0.048073 
0.500231 0.492093 0.454633 0.47733 0.484928 0.49682 0.0358999 0.025138 0.0317646 0.0285286 0.0345825 0.0305253 0.0166401 0.0166874 0.0186445 
0.674797 0.785858 0.63582 0.727917 0.656199 0.749968 -0.221343 -0.28326 -0.199343 -0.244966 -0.214163 -0.261839 -0.0702348 -0.0711139 -0.0697086 
1.15031e-34 0.193645 0.19955 0.196599 0.106249 0.102863 2.90696e-35 -0.000291436 -0.000201196 -0.000238999 -5.05838e-05 -8.43156e-05 0.00595224 0.00635248 0.00529627 
0.414251 0.419842 0.507467 0.471549 0.462105 0.416014 0.0836801 0.0834964 0.082727 0.0871698 0.085454 0.0871134 0.0057972 -0.00926094 0.00503782 
0.761443 0.63582 0.785858 0.727917 0.777088 0.727168 -0.268459 -0.199343 -0.28326 -0.244966 -0.279325 -0.237337 -0.0546802 -0.0697086 -0.0711139 
0.557105 0.507467 0.419842 0.471549 0.500782 0.532725 0.0628248 0.082727 0.0834964 0.0871698 0.079428 0.0750351 0.00334878 0.00503782 -0.00926094 
1.13773e-34 0.204011 0.186131 0.195131 0.0983215 0.108488 -2.90002e-35 -0.000228639 -0.000285595 -0.000255026 -8.29422e-05 -6.18533e-05 0.00584995 0.00536079 0.00622521 
0.500018 0.491123 0.496215 0.499743 0.499212 0.497542 -0.00238125 -0.00217294 -0.00217043 -0.00212598 -0.00232471 -0.00234771 0.00906182 0.00788442 0.00805691 
0.455554 0.470711 0.495752 0.486093 0.48105 0.463541 -0.00216718 -0.00148565 -0.00223037 -0.00198443 -0.00221185 -0.00207166 0.00990495 0.0116026 0.0102673 
0.500052 0.495752 0.470711 0.486093 0.49317 0.499073 -0.00142671 -0.00223037 -0.00148565 -0.00198443 -0.00161321 -0.00191847 0.0109692 0.0102673 0.0116026 
0.893168 0.977659 0.986474 0.9822 0.971942 0.964897 -0.0612136 -0.0744375 -0.0564805 -0.0662192 -0.0661539 -0.0745959 -0.112327 -0.0998948 -0.0978551 
0.500052 0.494895 0.465637 0.483341 0.490981 0.4986 -0.00142671 0.000375576 -0.00142533 -0.000760834 -0.0013412 -0.000704935 0.0109692 0.0115378 0.0103232 
0.460034 0.465637 0.494895 0.483341 0.481509 0.462681 0.00116652 -0.00142533 0.000375576 -0.000760834 0.000588641 -0.00036805 0.0110675 0.0103232 0.0115378 
0.316174 0.204225 0.360073 0.289385 0.338866 0.263581 -0.000872541 -0.000531347 -0.00140337 -0.000946908 -0.00115535 -0.000702997 0.00734639 0.00885806 0.00882674 
0.309774 0.360073 0.204225 0.289385 0.259869 0.335895 -0.00118763 -0.00140337 -0.000531347 -0.000946908 -0.000873262 -0.00134625 0.0104112 0.00882674 0.00885806 
0.716677 0.945004 0.886176 0.917955 0.817543 0.859415 -0.0798305 -0.104654 -0.126167 -0.117546 -0.103538 -0.0980962 -0.0808327 -0.0960907 -0.0887924 
0.22599 0.627482 0.771209 0.698877 0.468882 0.415696 0.00768499 -0.0824064 -0.0853816 -0.084039 -0.0457741 -0.0331646 -0.128614 -0.131625 -0.120534 
0.500231 0.50389 0.483497 0.497574 0.499905 0.502601 0.0358999 0.0442502 0.0331481 0.0390859 0.0350506 0.0404418 0.0166401 0.0165895 0.0148661 
0.487001 0.483497 0.50389 0.497574 0.499356 0.48511 0.0438027 0.0331481 0.0442502 0.0390859 0.0448535 0.0387794 0.0167033 0.0148661 0.0165895 
0.933498 0.886176 0.945004 0.917955 0.958265 0.94919 -0.130708 -0.126167 -0.104654 -0.117546 -0.121669 -0.138503 -0.114525 -0.0887924 -0.0960907 
0.241529 0.802217 0.443782 0.648709 0.325795 0.553416 -0.0146713 -0.0707708 -0.0544296 -0.063478 -0.0309973 -0.0551764 -0.117286 -0.116296 -0.12297 
0.557105 0.600801 0.574236 0.596297 0.581605 0.577883 0.0628248 0.0261948 0.028773 0.0315947 0.0468666 0.0476231 0.00334878 -0.00102264 0.0188215 
0.933498 0.771209 0.627482 0.698877 0.827736 0.872533 -0.130708 -0.0853816 -0.0824064 -0.084039 -0.114924 -0.112128 -0.114525 -0.120534 -0.131625 
0.475978 0.467612 0.160338 0.302248 0.300851 0.476153 -0.0967433 -0.120698 -0.0277842 -0.065004 -0.0539126 -0.109595 -0.064293 -0.0642515 -0.0619523 
0.588725 0.574236 0.600801 0.596297 0.615627 0.586328 -0.0361058 0.028773 0.0261948 0.0315947 0.000768651 0.000163445 0.0263839 0.0188215 -0.00102264 
0.840758 0.986474 0.977659 0.9822 0.936702 0.938623 -0.0498556 -0.0564805 -0.0744375 -0.0662192 -0.0641948 -0.055518 -0.0889823 -0.0978551 -0.0998948 
0.279174 0.525545 0.230437 0.361957 0.263508 0.397151 -0.045567 -0.105757 0.0221066 -0.0366383 -0.0101518 -0.0758876 -0.178585 -0.157292 -0.161201 
0.536141 0.230437 0.525545 0.361957 0.529792 0.359935 -0.0806279 0.0221066 -0.105757 -0.0366383 -0.0921704 -0.0302555 -0.146174 -0.161201 -0.157292 
0.287658 0.340679 0.194134 0.273276 0.242964 0.315125 -0.000743968 -0.00131653 -0.000489843 -0.000881452 -0.000642796 -0.00101286 0.00704133 0.00790531 0.00795142 
-0.0428089 -0.0403888 -0.0740434 -0.0666996 -0.0599485 -0.0473999 0.0392251 0.0286466 0.0689643 0.0478763 0.0540585 0.0343211 -0.125374 -0.128339 -0.126814 
0.243273 0.160338 0.467612 0.302248 0.351218 0.206363 -0.0692922 -0.0277842 -0.120698 -0.065004 -0.092391 -0.0482686 -0.0623988 -0.0619523 -0.0642515 
0.301899 0.194134 0.340679 0.273276 0.32182 0.250949 -0.0012036 -0.000489843 -0.00131653 -0.000881452 -0.00131374 -0.000834261 0.00885592 0.00795142 0.00790531 
0.467054 0.497644 0.473137 0.48873 0.470163 0.486774 -0.00151638 -0.00138198 -0.00102103 -0.00120792 -0.00124986 -0.00148396 0.00675396 0.00600954 0.00527877 
0.784599 0.663694 0.873371 0.801527 0.843705 0.724725 -0.210115 -0.223306 -0.282152 -0.27248 -0.259269 -0.216867 -0.14729 -0.150977 -0.112494 
0.691807 0.665866 0.580251 0.646509 0.642112 0.68091 -0.146031 -0.0847943 -0.0450248 -0.0617675 -0.0918753 -0.112913 -0.0308654 -0.00228945 -0.0410435 
0.519491 0.51763 0.486713 0.509564 0.503128 0.521354 0.0725174 0.0592594 0.0681406 0.0634326 0.071898 0.0660986 0.0137362 0.0165124 0.0154922 
0.500121 0.494068 0.493318 0.500057 0.497889 0.499064 0.0161503 0.00834617 0.00853987 0.00870281 0.0120282 0.0119065 0.0149391 0.0131579 0.0147861 
0.499624 0.473137 0.497644 0.48873 0.499796 0.494803 -0.000967736 -0.00102103 -0.00138198 -0.00120792 -0.00116628 -0.00101341 0.00481224 0.00527877 0.00600954 
0.498713 0.496215 0.491123 0.499743 0.495784 0.499859 -0.00172482 -0.00217043 -0.00217294 -0.00212598 -0.0019486 -0.00193633 0.00685025 0.00805691 0.00788442 
0.500053 0.493318 0.494068 0.500057 0.498427 0.498552 0.00382876 0.00853987 0.00834617 0.00870281 0.00591766 0.00598023 0.0129535 0.0147861 0.0131579 
0.503732 0.486713 0.51763 0.509564 0.51115 0.497568 0.0542046 0.0681406 0.0592594 0.0634326 0.056948 0.0607071 0.0170285 0.0154922 0.0165124 
0.613257 0.580251 0.665866 0.646509 0.647801 0.599162 -0.00409942 -0.0450248 -0.0847943 -0.0617675 -0.0410025 -0.021755 -0.015388 -0.0410435 -0.00228945 
5.16229e-34 -0.00775941 -0.0137787 -0.0130914 -0.00391723 -0.00142935 2.74544e-36 0.00433302 0.0196702 0.0110948 0.00300062 0.000647577 -0.124426 -0.125808 -0.123721 
-0.0428089 -0.0137787 -0.00775941 -0.0130914 -0.0246478 -0.0268657 0.0392251 0.0196702 0.00433302 0.0110948 0.0189692 0.0298469 -0.125374 -0.123721 -0.125808 
5.00293e-34 -0.0137787 -0.0223323 -0.0215205 -0.00886026 -0.0050434 2.49936e-35 0.0196702 0.0628332 0.0404129 0.0381306 0.0136776 -0.121783 -0.123721 -0.122856 
-0.0428089 -0.0223323 -0.0137787 -0.0215205 -0.0268657 -0.0367651 0.0392251 0.0628332 0.0196702 0.0404129 0.0298469 0.0514703 -0.125374 -0.122856 -0.123721 
