0.432597 0.829286 7.55309e-34 0.54716 0.240115 0.663177 -0.0513561 -0.0290228 3.0734e-34 -0.0367064 -0.0319796 -0.0490525 -0.124327 -0.116514 -0.13695 
-0.107194 -0.125099 0.227816 0.0641761 0.0627228 -0.109573 0.0810472 0.0480276 -0.0128144 0.0200248 0.043112 0.0693291 -0.150823 -0.163212 -0.163689 
0.500237 0.460832 0.496089 0.495685 0.499027 0.490937 0.00383923 0.0120873 0.0105795 0.0122168 0.00693229 0.00777875 0.0108452 0.0156601 0.0107843 
0.513821 0.415867 0.535353 0.503799 0.524493 0.484723 0.0774 0.105357 0.0859435 0.10037 0.0828362 0.0937614 0.0134851 0.00855532 0.0108096 
0.605843 0.371546 0.66007 0.538266 0.632358 0.506592 0.0107138 -0.0344267 -0.055094 -0.0412761 -0.0203489 -0.00542868 -0.0374373 -0.0751911 -0.0372309 
0.29293 0.297274 0.794234 0.553411 0.550788 0.293038 -0.0901871 -0.149899 -0.264368 -0.213221 -0.18672 -0.122215 -0.161807 -0.143119 -0.122302 
0.390167 0.315773 0.212226 0.267169 0.312761 0.356246 0.000318986 -0.00215386 -0.000343778 -0.001168 -7.74069e-05 -0.00134779 0.0145471 0.012104 0.0150292 
0.734085 0.605015 0.725069 0.706921 0.731048 0.729875 -0.240822 -0.243057 -0.191273 -0.22381 -0.21682 -0.249903 -0.0522607 -0.0107795 -0.0298345 
0.887019 0.829286 0.432597 0.663177 0.71318 0.861029 -0.0559071 -0.0290228 -0.0513561 -0.0490525 -0.0544751 -0.0434365 -0.114497 -0.116514 -0.124327 
0.547134 0.298661 0.437094 0.379715 0.495332 0.430239 -0.0322853 -0.0138302 0.00728274 -0.00799554 -0.0115033 -0.0331609 0.0310685 0.0434039 0.0299444 
0.734085 0.710444 0.605015 0.658385 0.729875 0.756974 -0.240822 -0.295205 -0.243057 -0.271974 -0.249903 -0.273456 -0.0522607 -0.0523133 -0.0107795 
0.359765 0.319877 0.46906 0.410046 0.424261 0.340438 -0.00233272 -0.00260382 -0.00460328 -0.00375413 -0.00350224 -0.00254697 0.00569006 0.00794176 0.00699769 
0.451639 0.46906 0.319877 0.410046 0.396373 0.46081 -0.00450978 -0.00460328 -0.00260382 -0.00375413 -0.003829 -0.00467739 0.0088114 0.00699769 0.00794176 
0.513821 0.485771 0.493358 0.508913 0.503887 0.512029 0.0774 0.0439469 0.0614365 0.0528953 0.0697263 0.05816 0.0134851 0.0109155 0.01538 
0.500237 0.455118 0.496413 0.494364 0.499317 0.48789 0.00383923 -0.00292469 -0.00122404 -0.00183579 0.00107031 -0.000110437 0.0108452 0.0079996 0.0106711 
0.500048 0.455118 0.489784 0.475382 0.496844 0.487756 -0.00392452 -0.00292469 -0.00536332 -0.00454892 -0.00497625 -0.00356303 0.00899271 0.0079996 0.00764134 
0.489784 0.455118 0.435852 0.445603 0.468391 0.475382 -0.00536332 -0.00292469 -0.00432619 -0.00380373 -0.00486699 -0.00454892 0.00764134 0.0079996 0.00726108 
0.432673 0.233533 0.330039 0.285409 0.384234 0.348967 0.0419087 0.0122222 0.019383 0.0172845 0.0298633 0.0269826 0.0115318 0.0119717 0.00912563 
0.547134 0.437094 0.624526 0.558167 0.60575 0.495332 -0.0322853 0.00728274 0.0490225 0.0199126 0.00598794 -0.0115033 0.0310685 0.0299444 0.00742641 
-0.000825361 -0.0223965 -0.02381 -0.0362734 -0.0133482 -0.0172132 0.0518612 0.0403485 0.0788883 0.0616987 0.0614212 0.0520412 -0.122234 -0.122592 -0.123819 
0.817573 0.863024 0.745991 0.863538 0.781505 0.886722 -0.200598 -0.23891 -0.220242 -0.256738 -0.214896 -0.237329 -0.0813851 -0.120147 -0.0711377 
0.710444 0.629475 0.378418 0.501314 0.565717 0.677332 -0.295205 -0.260697 -0.219072 -0.243107 -0.262288 -0.287829 -0.0523133 -0.10763 -0.0537126 
0.794234 0.745991 0.863024 0.863538 0.829319 0.851314 -0.264368 -0.220242 -0.23891 -0.256738 -0.254783 -0.278672 -0.122302 -0.0711377 -0.120147 
0.432673 0.330039 0.485771 0.427972 0.463955 0.384234 0.0419087 0.019383 0.0439469 0.0324037 0.044539 0.0298633 0.0115318 0.00912563 0.0109155 
0.390167 0.458597 0.315773 0.40047 0.356246 0.428708 0.000318986 -0.00333163 -0.00215386 -0.00292552 -0.00134779 -0.0016667 0.0145471 0.0109492 0.012104 
0.795745 0.629475 0.710444 0.677332 0.761392 0.754469 -0.303051 -0.260697 -0.295205 -0.287829 -0.305039 -0.306438 -0.0744391 -0.10763 -0.0523133 
0.375298 0.295889 0.455118 0.389063 0.419956 0.337128 0.000306368 -0.00214701 -0.00292469 -0.00264951 -0.00111312 -0.00134234 0.00740273 0.00705927 0.0079996 
0.390167 0.312686 0.460832 0.401446 0.431352 0.354358 0.000318986 0.00389228 0.0120873 0.0081768 0.00518853 0.00211047 0.0145471 0.0177791 0.0156601 
0.605843 0.624526 0.527439 0.617043 0.565879 0.646283 0.0107138 0.0490225 0.068656 0.0652528 0.0413419 0.0414388 -0.0374373 0.00742641 -0.0349865 
0.325912 0.203116 0.415867 0.310095 0.368685 0.26848 0.0580924 0.0543687 0.105357 0.0831971 0.0821813 0.0586819 0.0179414 0.00877215 0.00855532 
0.164931 0.0470445 0.371546 0.192817 0.254378 0.101085 0.0289788 -0.010586 -0.0344267 -0.0269988 -0.00356353 0.0042928 -0.0629521 -0.0718763 -0.0751911 
0.325912 0.307925 0.150173 0.235151 0.243966 0.319827 0.0580924 0.026055 0.0177617 0.0250618 0.039406 0.0406908 0.0179414 0.0210124 0.0175312 
0.390167 0.212226 0.312686 0.266828 0.354358 0.312761 0.000318986 -0.000343778 0.00389228 0.00124013 0.00211047 -7.74069e-05 0.0145471 0.0150292 0.0177791 
0.325912 0.443464 0.307925 0.38321 0.319827 0.393399 0.0580924 0.0499605 0.026055 0.0389593 0.0406908 0.0560457 0.0179414 0.0185273 0.0210124 
0.164931 0.124453 -0.0389361 0.02809 0.0464561 0.133052 0.0289788 0.0611254 0.00768781 0.0269731 0.0152044 0.0487065 -0.0629521 -0.0329328 -0.055162 
0.325912 0.150173 0.203116 0.179872 0.26848 0.243966 0.0580924 0.0177617 0.0543687 0.0354466 0.0586819 0.039406 0.0179414 0.0175312 0.00877215 
0.364346 0.150863 0.0897149 0.120856 0.204961 0.249759 -0.110634 -0.0582879 -0.0182798 -0.0421682 -0.0508501 -0.0764316 -0.0581766 -0.0641438 -0.0589672 
0.164931 -0.0389361 0.0470445 -0.00758759 0.101085 0.0464561 0.0289788 0.00768781 -0.010586 -0.00167275 0.0042928 0.0152044 -0.0629521 -0.055162 -0.0718763 
0.433933 0.307925 0.443464 0.38321 0.43918 0.379315 0.0262997 0.026055 0.0499605 0.0389593 0.0370785 0.0271965 0.0183417 0.0210124 0.0185273 
0.164931 0.378463 0.124453 0.239749 0.133052 0.266152 0.0289788 0.0894418 0.0611254 0.0786265 0.0487065 0.0589705 -0.0629521 -0.0370649 -0.0329328 
0.348504 0.124453 0.378463 0.239749 0.359152 0.236058 0.10562 0.0611254 0.0894418 0.0786265 0.10057 0.0879016 -0.0103598 -0.0329328 -0.0370649 
0.389795 0.462846 0.48702 0.476537 0.450304 0.43118 -0.00109098 -0.000901695 -0.00200798 -0.00136469 -0.00154907 -0.0010031 0.00282417 0.00150721 0.00323548 
0.500009 0.48702 0.462846 0.476537 0.490626 0.496718 -0.00138933 -0.00200798 -0.000901695 -0.00136469 -0.00116872 -0.00168947 0.00211186 0.00323548 0.00150721 
0.364346 0.50356 0.150863 0.318466 0.249759 0.436653 -0.110634 -0.165627 -0.0582879 -0.107406 -0.0764316 -0.146247 -0.0581766 -0.0661605 -0.0641438 
0.347919 0.150863 0.50356 0.318466 0.419108 0.247281 -0.0957371 -0.0582879 -0.165627 -0.107406 -0.129309 -0.0865326 -0.0747179 -0.0641438 -0.0661605 
0.547134 0.674006 0.387 0.557215 0.484212 0.617331 -0.0322853 -0.124218 -0.0863635 -0.110573 -0.0634651 -0.0734533 0.0310685 0.00758512 0.0439411 
0.554695 0.416943 0.529258 0.486459 0.541707 0.492669 0.0619883 0.0395992 0.0724867 0.054245 0.0703557 0.051637 0.0126389 0.0159458 0.0121308 
0.432673 0.529258 0.416943 0.486459 0.425544 0.48696 0.0419087 0.0724867 0.0395992 0.054245 0.0422892 0.055957 0.0115318 0.0121308 0.0159458 
0.452673 0.326569 0.462864 0.406827 0.45744 0.397352 0.0238189 0.00543659 0.012174 0.00921193 0.0178572 0.0133126 0.00925062 0.00724513 0.00904026 
0.375298 0.462864 0.326569 0.406827 0.351381 0.423933 0.000306368 0.012174 0.00543659 0.00921193 0.00277982 0.00512651 0.00740273 0.00904026 0.00724513 
0.500724 0.496089 0.460832 0.495685 0.489335 0.499855 0.0204333 0.0105795 0.0120873 0.0122168 0.0165158 0.0152909 0.0128125 0.0107843 0.0156601 
0.364346 0.307292 0.745991 0.545947 0.566431 0.338569 -0.110634 -0.0690027 -0.220242 -0.144183 -0.165925 -0.0918033 -0.0581766 -0.0592694 -0.0711377 
0.539163 0.535353 0.415867 0.503799 0.484951 0.5405 0.105132 0.0859435 0.105357 0.10037 0.108927 0.0958107 0.00601758 0.0108096 0.00855532 
0.451639 0.458597 0.497108 0.48345 0.481379 0.455326 -0.00450978 -0.00333163 -0.00522824 -0.00463346 -0.00508459 -0.00411547 0.0088114 0.0109492 0.00820541 
0.650606 0.66007 0.371546 0.538266 0.521993 0.655417 -0.106036 -0.055094 -0.0344267 -0.0412761 -0.0642542 -0.0804028 -0.0490588 -0.0372309 -0.0751911 
2.75742e-34 0.214944 0.293924 0.256176 0.162719 0.114655 -2.23274e-35 -0.000377992 -0.00113957 -0.00071241 -0.000440382 -0.000223401 0.00436447 0.00301694 0.00425581 
0.500048 0.497108 0.458597 0.48345 0.490826 0.499651 -0.00392452 -0.00522824 -0.00333163 -0.00463346 -0.00371248 -0.00483201 0.00899271 0.00820541 0.0109492 
9.22379e-35 2.69843e-34 0.215352 0.115521 0.11528 -9.19518e-35 1.38494e-35 2.1286e-35 -0.000357828 -0.000208042 -8.52602e-05 3.60682e-35 0.002844 0.00448525 0.00274634 
0.215352 2.69843e-34 0.295311 0.164136 0.256833 0.115521 -0.000357828 2.1286e-35 -0.00110874 -0.000419058 -0.000689179 -0.000208042 0.00274634 0.00448525 0.00416089 
0.554695 0.583206 0.624526 0.60842 0.590026 0.58246 0.0619883 0.100371 0.0490225 0.0807461 0.0569784 0.082641 0.0126389 0.00176168 0.00742641 
0.375298 0.187687 0.295889 0.244342 0.337128 0.290971 0.000306368 -0.000529261 -0.00214701 -0.00115604 -0.00134234 -5.20565e-05 0.00740273 0.00697289 0.00705927 
0.569158 0.624526 0.583206 0.60842 0.582278 0.615823 0.0958358 0.0490225 0.100371 0.0807461 0.102587 0.0793317 -0.0121964 0.00742641 0.00176168 
0.50312 0.493358 0.485771 0.508913 0.503451 0.499967 0.0435255 0.0614365 0.0439469 0.0528953 0.0445148 0.0518288 0.0142296 0.01538 0.0109155 
0.500048 0.496413 0.455118 0.494364 0.487756 0.499555 -0.00392452 -0.00122404 -0.00292469 -0.00183579 -0.00356303 -0.00276943 0.00899271 0.0106711 0.0079996 
-0.02381 -0.0223965 -0.0572797 -0.0401322 -0.0565584 -0.0362734 0.0788883 0.0403485 0.0485168 0.0450483 0.0680445 0.0616987 -0.123819 -0.122592 -0.1249 
8.31977e-34 0.843583 0.842025 0.842961 0.510495 0.510532 -2.94214e-34 -0.00288279 -0.00567999 -0.00402537 -0.00211355 -0.00150159 -0.059293 -0.0545538 -0.0673957 
0.364346 0.0897149 0.307292 0.17782 0.338569 0.204961 -0.110634 -0.0182798 -0.0690027 -0.0325053 -0.0918033 -0.0508501 -0.0581766 -0.0589672 -0.0592694 
0.315773 0.160936 0.212226 0.187443 0.267169 0.244542 -0.00215386 -0.000699265 -0.000343778 -0.000627124 -0.001168 -0.00150756 0.012104 0.0123122 0.0150292 
0.375298 0.326569 0.187687 0.259709 0.290971 0.351381 0.000306368 0.00543659 -0.000529261 0.0014871 -5.20565e-05 0.00277982 0.00740273 0.00724513 0.00697289 
0.513821 0.440231 0.415867 0.428641 0.484723 0.485936 0.0774 0.0773334 0.105357 0.0911702 0.0937614 0.0798226 0.0134851 0.0160913 0.00855532 
0.605843 0.387681 0.371546 0.375831 0.506592 0.510284 0.0107138 0.0384469 -0.0344267 0.00334968 -0.00542868 0.0323286 -0.0374373 -0.0593451 -0.0751911 
0.500237 0.471969 0.460832 0.46716 0.490937 0.493645 0.00383923 0.0022726 0.0120873 0.00672894 0.00777875 0.00286461 0.0108452 0.0128819 0.0156601 
0.432673 0.416943 0.233533 0.332431 0.348967 0.425544 0.0419087 0.0395992 0.0122222 0.0251474 0.0269826 0.0422892 0.0115318 0.0159458 0.0119717 
2.03595e-34 0.272633 0.214944 0.24462 0.115232 0.149678 -7.83947e-36 -0.000378064 -0.000377992 -0.000396282 -7.45107e-05 -0.000129872 0.00153906 0.00182713 0.00301694 
0.569158 0.527439 0.624526 0.617043 0.615823 0.55072 0.0958358 0.068656 0.0490225 0.0652528 0.0793317 0.0850513 -0.0121964 -0.0349865 0.00742641 
0.451639 0.3649 0.458597 0.418836 0.455326 0.413809 -0.00450978 -0.00346554 -0.00333163 -0.00377033 -0.00411547 -0.00412349 0.0088114 0.00987092 0.0109492 
0.315773 0.458597 0.3649 0.418836 0.341384 0.40047 -0.00215386 -0.00333163 -0.00346554 -0.00377033 -0.00295026 -0.00292552 0.012104 0.0109492 0.00987092 
0.389795 0.441582 0.293924 0.379033 0.345596 0.417853 -0.00109098 -0.00253675 -0.00113957 -0.00185902 -0.00116387 -0.00171977 0.00282417 0.00449021 0.00425581 
0.547134 0.387 0.298661 0.346706 0.430239 0.484212 -0.0322853 -0.0863635 -0.0138302 -0.0492381 -0.0331609 -0.0634651 0.0310685 0.0439411 0.0434039 
0.29293 0.794234 0.586482 0.700604 0.434257 0.550788 -0.0901871 -0.264368 -0.16234 -0.220717 -0.125891 -0.18672 -0.161807 -0.122302 -0.150588 
2.75742e-34 9.28067e-35 0.214944 0.114911 0.114655 -9.3447e-35 -2.23274e-35 -1.52112e-35 -0.000377992 -8.8701e-05 -0.000223401 -3.653e-35 0.00436447 0.00306081 0.00301694 
-0.02381 -0.116412 0.00133312 -0.0864152 -0.0135902 -0.0774125 0.0788883 0.0652846 0.0927041 0.096852 0.0916767 0.0844249 -0.123819 -0.129844 -0.134028 
0.437094 0.298661 0.255171 0.285698 0.358659 0.379715 0.00728274 -0.0138302 0.00394266 -0.0034276 0.00528477 -0.00799554 0.0299444 0.0434039 0.0329043 
0.650229 0.725069 0.605015 0.706921 0.63147 0.707441 -0.193156 -0.191273 -0.243057 -0.22381 -0.217739 -0.19458 0.0012247 -0.0298345 -0.0107795 
0.352284 0.293924 0.441582 0.379033 0.402028 0.324478 -0.00245221 -0.00113957 -0.00253675 -0.00185902 -0.00258801 -0.00173919 0.00556306 0.00425581 0.00449021 
0.180215 0.191992 0.00133312 0.0919746 0.0835419 0.192532 0.033898 0.00415679 0.0927041 0.0577844 0.0698151 0.0239381 -0.145279 -0.122697 -0.134028 
0.452673 0.498881 0.485771 0.493781 0.469801 0.482759 0.0238189 0.0294987 0.0439469 0.0366226 0.0332143 0.0267655 0.00925062 0.0121027 0.0109155 
0.554695 0.624526 0.479542 0.562305 0.52395 0.590026 0.0619883 0.0490225 0.0377234 0.0414479 0.0504732 0.0569784 0.0126389 0.00742641 0.0211891 
0.50312 0.485771 0.498881 0.493781 0.503185 0.503451 0.0435255 0.0439469 0.0294987 0.0366226 0.0359984 0.0445148 0.0142296 0.0109155 0.0121027 
0.295889 0.335868 0.455118 0.404025 0.389063 0.316321 -0.00214701 -0.00331704 -0.00292469 -0.00361268 -0.00264951 -0.0028964 0.00705927 0.00684008 0.0079996 
-0.125099 0.00460028 0.227816 0.131061 0.0641761 -0.0630224 0.0480276 -0.0166346 -0.0128144 -0.0132403 0.0200248 0.0185102 -0.163212 -0.164502 -0.163689 
0.996879 0.992905 0.760816 0.922785 0.925736 0.996211 -0.0243736 -0.0389104 -0.0244745 -0.0343544 -0.0292544 -0.033069 -0.0911853 -0.0985185 -0.0885532 
0.312686 0.355842 0.460832 0.416853 0.401446 0.336272 0.00389228 0.0144868 0.0120873 0.0144169 0.0081768 0.00839235 0.0177791 0.0193147 0.0156601 
0.435852 0.455118 0.335868 0.404025 0.391628 0.445603 -0.00432619 -0.00292469 -0.00331704 -0.00361268 -0.00393321 -0.00380373 0.00726108 0.0079996 0.00684008 
0.437094 0.479542 0.624526 0.562305 0.558167 0.46292 0.00728274 0.0377234 0.0490225 0.0414479 0.0199126 0.0242575 0.0299444 0.0211891 0.00742641 
0.203116 0.217353 0.415867 0.323362 0.310095 0.20876 0.0543687 0.0812514 0.105357 0.0956075 0.0831971 0.0686608 0.00877215 -0.00601918 0.00855532 
0.0470445 0.146265 0.371546 0.249894 0.192817 0.0906015 -0.010586 -0.0508875 -0.0344267 -0.0550016 -0.0269988 -0.0305002 -0.0718763 -0.0743304 -0.0751911 
0.405033 0.380015 0.273487 0.330946 0.346194 0.392808 -0.00117795 -0.000515433 -0.000370156 -0.000460008 -0.000721463 -0.000789938 0.00262659 0.000968338 0.00165722 
0.433933 0.460832 0.355842 0.416853 0.398568 0.448987 0.0262997 0.0120873 0.0144868 0.0144169 0.0204623 0.0183918 0.0183417 0.0156601 0.0193147 
0.348504 0.415867 0.217353 0.323362 0.280535 0.386249 0.10562 0.105357 0.0812514 0.0956075 0.09527 0.109054 -0.0103598 0.00855532 -0.00601918 
0.347919 0.371546 0.146265 0.249894 0.242783 0.356452 -0.0957371 -0.0344267 -0.0508875 -0.0550016 -0.0735411 -0.0721324 -0.0747179 -0.0751911 -0.0743304 
0.330039 0.233533 0.158398 0.194548 0.250164 0.285409 0.019383 0.0122222 0.0045472 0.00755088 0.0116111 0.0172845 0.00912563 0.0119717 0.00909406 
0.389795 0.272633 0.380139 0.330654 0.38509 0.336552 -0.00109098 -0.000378064 -0.000517471 -0.000462122 -0.000757387 -0.000689943 0.00282417 0.00182713 0.00109389 
0.794234 0.297274 0.629475 0.470045 0.710635 0.553411 -0.264368 -0.149899 -0.260697 -0.214856 -0.266712 -0.213221 -0.122302 -0.143119 -0.10763 
0.485336 0.191992 0.180215 0.192532 0.304979 0.33614 -0.0613755 0.00415679 0.033898 0.0239381 -0.0144327 -0.022192 -0.135503 -0.122697 -0.145279 
-5.23224e-35 -1.07535e-34 -0.116412 -0.0733179 -0.0405123 9.79668e-35 6.613e-34 7.10925e-34 0.0652846 0.0204602 0.015756 1.28906e-33 -0.129024 -0.137125 -0.129844 
0.405033 0.466946 0.380015 0.430234 0.392808 0.439967 -0.00117795 -0.000887625 -0.000515433 -0.000695499 -0.000789938 -0.00103429 0.00262659 0.0013078 0.000968338 
0.389795 0.380139 0.462846 0.427402 0.43118 0.38509 -0.00109098 -0.000517471 -0.000901695 -0.000702544 -0.0010031 -0.000757387 0.00282417 0.00109389 0.00150721 
0.452673 0.485771 0.371474 0.440144 0.417124 0.469801 0.0238189 0.0439469 0.0170431 0.0300139 0.0207822 0.0332143 0.00925062 0.0109155 0.00812097 
0.513821 0.509147 0.485771 0.496553 0.512029 0.52126 0.0774 0.0622397 0.0439469 0.0530832 0.05816 0.0701525 0.0134851 0.011533 0.0109155 
0.330039 0.371474 0.485771 0.440144 0.427972 0.351283 0.019383 0.0170431 0.0439469 0.0300139 0.0324037 0.0185364 0.00912563 0.00812097 0.0109155 
-0.107194 0.00133312 -0.116412 -0.0864152 -0.141228 -0.0404026 0.0810472 0.0927041 0.0652846 0.096852 0.0952096 0.0845416 -0.150823 -0.134028 -0.129844 
0.29293 0.227816 0.00460028 0.131061 0.154959 0.264355 -0.0901871 -0.0128144 -0.0166346 -0.0132403 -0.0465895 -0.0496858 -0.161807 -0.163689 -0.164502 
9.28067e-35 2.03595e-34 0.214944 0.115232 0.114911 -9.32354e-35 -1.52112e-35 -7.83947e-36 -0.000377992 -7.45107e-05 -8.8701e-05 -2.26463e-35 0.00306081 0.00153906 0.00301694 
0.500237 0.464758 0.455118 0.459728 0.48789 0.490838 0.00383923 0.00269718 -0.00292469 -0.000915935 -0.000110437 0.00359668 0.0108452 0.00881222 0.0079996 
0.307292 0.540561 0.745991 0.660254 0.545947 0.421592 -0.0690027 -0.121993 -0.220242 -0.169714 -0.144183 -0.094742 -0.0592694 -0.0658274 -0.0711377 
5.72717e-34 8.31977e-34 0.842025 0.510495 0.506491 -6.1736e-34 -3.44688e-34 -2.94214e-34 -0.00567999 -0.00211355 -0.00274479 -6.30993e-34 -0.0695834 -0.059293 -0.0673957 
0.817573 0.745991 0.540561 0.660254 0.696221 0.781505 -0.200598 -0.220242 -0.121993 -0.169714 -0.165404 -0.214896 -0.0813851 -0.0711377 -0.0658274 
0.387 0.674006 0.431584 0.587002 0.411379 0.557215 -0.0863635 -0.124218 -0.14893 -0.145711 -0.116935 -0.110573 0.0439411 0.00758512 0.031062 
-0.107194 -0.254813 -0.125099 -0.22972 -0.109573 -0.203687 0.0810472 0.0391484 0.0480276 0.0643723 0.0693291 0.0788586 -0.150823 -0.148509 -0.163212 
0.150863 0.0162982 0.0897149 0.0518428 0.120856 0.0608958 -0.0582879 -0.0156246 -0.0182798 -0.0180674 -0.0421682 -0.0386267 -0.0641438 -0.0627562 -0.0589672 
0.124453 -0.031058 -0.0389361 -0.0411435 0.02809 0.0362318 0.0611254 0.012433 0.00768781 0.0129536 0.0269731 0.0345361 -0.0329328 -0.0324636 -0.055162 
0.307925 0.132659 0.150173 0.144614 0.235151 0.227802 0.026055 0.00588348 0.0177617 0.0102045 0.0250618 0.016352 0.0210124 0.0205157 0.0175312 
0.0470445 -0.0389361 -0.0597252 -0.0591638 -0.0232698 -0.00758759 -0.010586 0.00768781 -0.00967771 -0.00149249 -0.0165161 -0.00167275 -0.0718763 -0.055162 -0.0661717 
0.203116 0.150173 0.065783 0.108375 0.134684 0.179872 0.0543687 0.0177617 0.0150462 0.0171666 0.03558 0.0354466 0.00877215 0.0175312 0.00767989 
0.312686 0.212226 0.153988 0.184276 0.240304 0.266828 0.00389228 -0.000343778 0.000959865 0.00050703 0.00258279 0.00124013 0.0177791 0.0150292 0.0179149 
0.709366 0.996879 0.760816 0.925736 0.736924 0.913413 -0.0125029 -0.0243736 -0.0244745 -0.0292544 -0.0173786 -0.0203536 -0.0815951 -0.0911853 -0.0885532 
0.347919 0.50356 0.595955 0.552382 0.476609 0.419108 -0.0957371 -0.165627 -0.14734 -0.161884 -0.118927 -0.129309 -0.0747179 -0.0661605 -0.0646921 
0.348504 0.378463 0.50427 0.450705 0.431568 0.359152 0.10562 0.0894418 0.115949 0.111607 0.116309 0.10057 -0.0103598 -0.0370649 -0.00620513 
0.734085 0.595955 0.50356 0.552382 0.650247 0.67566 -0.240822 -0.14734 -0.165627 -0.161884 -0.209043 -0.193364 -0.0522607 -0.0646921 -0.0661605 
0.433933 0.443464 0.490981 0.472866 0.468231 0.43918 0.0262997 0.0499605 0.0309849 0.0395674 0.0289594 0.0370785 0.0183417 0.0185273 0.0153377 
0.569158 0.50427 0.378463 0.450705 0.490934 0.536624 0.0958358 0.115949 0.0894418 0.111607 0.0987753 0.109634 -0.0121964 -0.00620513 -0.0370649 
0.50312 0.490981 0.443464 0.472866 0.484299 0.497688 0.0435255 0.0309849 0.0499605 0.0395674 0.0477622 0.037091 0.0142296 0.0153377 0.0185273 
0.347919 0.595955 0.371546 0.480347 0.356452 0.476609 -0.0957371 -0.14734 -0.0344267 -0.0847768 -0.0721324 -0.118927 -0.0747179 -0.0646921 -0.0751911 
0.348504 0.50427 0.415867 0.455584 0.386249 0.431568 0.10562 0.115949 0.105357 0.115851 0.109054 0.116309 -0.0103598 -0.00620513 0.00855532 
0.433933 0.490981 0.460832 0.478244 0.448987 0.468231 0.0262997 0.0309849 0.0120873 0.020485 0.0183918 0.0289594 0.0183417 0.0153377 0.0156601 
0.650606 0.371546 0.595955 0.480347 0.625351 0.521993 -0.106036 -0.0344267 -0.14734 -0.0847768 -0.127787 -0.0642542 -0.0490588 -0.0751911 -0.0646921 
0.539163 0.415867 0.50427 0.455584 0.525695 0.484951 0.105132 0.105357 0.115949 0.115851 0.112973 0.108927 0.00601758 0.00855532 -0.00620513 
0.500724 0.460832 0.490981 0.478244 0.498074 0.489335 0.0204333 0.0120873 0.0309849 0.020485 0.0254793 0.0165158 0.0128125 0.0156601 0.0153377 
-0.0268327 -0.0572797 -0.0223965 -0.0401322 -0.0275596 -0.04162 0.0219418 0.0485168 0.0403485 0.0450483 0.0313441 0.0346335 -0.124116 -0.1249 -0.122592 
2.0351e-34 0.215352 0.273487 0.245232 0.14999 0.114958 6.71059e-36 -0.000357828 -0.000370156 -0.000378169 -0.00013056 -8.02282e-05 0.00141523 0.00274634 0.00165722 
5.2322e-34 7.34539e-34 0.83151 0.518219 0.510104 -5.07745e-34 4.22865e-34 4.99658e-34 -0.016103 -0.0086099 -0.00565473 9.50644e-34 -0.0901019 -0.109486 -0.0980795 
0.605843 0.673727 0.624526 0.648961 0.646283 0.664424 0.0107138 -0.019235 0.0490225 0.0241176 0.0414388 0.00258483 -0.0374373 -0.00191771 0.00742641 
0.780828 0.911073 0.537923 0.782623 0.666948 0.871639 -0.117756 -0.187525 -0.0949703 -0.154186 -0.110146 -0.157904 -0.0812623 -0.10009 -0.0683387 
0.817573 0.537923 0.911073 0.782623 0.872608 0.70324 -0.200598 -0.0949703 -0.187525 -0.154186 -0.197546 -0.151703 -0.0813851 -0.0683387 -0.10009 
0.989827 0.842025 0.843583 0.842961 0.978013 0.977672 -0.00528381 -0.00567999 -0.00288279 -0.00402537 -0.0049465 -0.00702966 -0.0640972 -0.0673957 -0.0545538 
0.177048 0.378418 0.629475 0.501314 0.40855 0.275687 -0.144961 -0.219072 -0.260697 -0.243107 -0.213694 -0.193736 -0.106445 -0.0537126 -0.10763 
0.433933 0.355842 0.307925 0.334108 0.379315 0.398568 0.0262997 0.0144868 0.026055 0.0198619 0.0271965 0.0204623 0.0183417 0.0193147 0.0210124 
0.348504 0.217353 0.124453 0.168552 0.236058 0.280535 0.10562 0.0812514 0.0611254 0.0752721 0.0879016 0.09527 -0.0103598 -0.00601918 -0.0329328 
0.347919 0.146265 0.150863 0.149981 0.247281 0.242783 -0.0957371 -0.0508875 -0.0582879 -0.0619839 -0.0865326 -0.0735411 -0.0747179 -0.0743304 -0.0641438 
0.650229 0.431584 0.674006 0.587002 0.665496 0.553854 -0.193156 -0.14893 -0.124218 -0.145711 -0.15832 -0.17506 0.0012247 0.031062 0.00758512 
0.295889 0.187687 0.136538 0.162226 0.221533 0.244342 -0.00214701 -0.000529261 -0.000614154 -0.000621103 -0.00141741 -0.00115604 0.00705927 0.00697289 0.00691883 
0.451639 0.319877 0.3649 0.343296 0.413809 0.396373 -0.00450978 -0.00260382 -0.00346554 -0.00316827 -0.00412349 -0.003829 0.0088114 0.00794176 0.00987092 
0.499504 0.441582 0.48702 0.468398 0.495354 0.482486 -0.00348967 -0.00253675 -0.00200798 -0.00229869 -0.0026902 -0.00309864 0.004807 0.00449021 0.00323548 
0.499504 0.48702 0.488789 0.499994 0.498296 0.495354 -0.00348967 -0.00200798 -0.00229907 -0.00220547 -0.00288492 -0.0026902 0.004807 0.00323548 0.00352324 
0.307292 0.0897149 0.0892082 0.0919911 0.185697 0.17782 -0.0690027 -0.0182798 -0.00823398 -0.0115666 -0.0284279 -0.0325053 -0.0592694 -0.0589672 -0.0612944 
0.326569 0.139191 0.187687 0.163353 0.259709 0.239734 0.00543659 0.000751767 -0.000529261 0.000266119 0.0014871 0.002879 0.00724513 0.00702334 0.00697289 
0.887019 0.987252 0.829286 0.959868 0.861029 0.969384 -0.0559071 -0.051736 -0.0290228 -0.0509335 -0.0434365 -0.0606985 -0.114497 -0.101177 -0.116514 
8.31977e-34 6.58522e-34 0.843583 0.512392 0.510532 -6.14808e-34 -2.94214e-34 -2.39212e-34 -0.00288279 -0.00106495 -0.00150159 -5.28253e-34 -0.059293 -0.0485143 -0.0545538 
-3.31714e-34 -0.230026 -0.0955071 -0.179219 -0.296964 -0.264083 6.07816e-34 -0.0396549 -0.0429899 -0.042253 0.00596865 0.00763006 -0.124314 -0.101987 -0.143088 
0.359765 0.196104 0.319877 0.261971 0.340438 0.28589 -0.00233272 -0.000919495 -0.00260382 -0.00162102 -0.00254697 -0.00164557 0.00569006 0.00673069 0.00794176 
0.591935 0.485336 0.879017 0.711728 0.761781 0.53428 -0.0693067 -0.0613755 -0.138045 -0.110199 -0.105132 -0.0644415 -0.125561 -0.135503 -0.122979 
0.452673 0.371474 0.326569 0.347954 0.397352 0.417124 0.0238189 0.0170431 0.00543659 0.0106744 0.0133126 0.0207822 0.00925062 0.00812097 0.00724513 
0.920353 0.591935 0.879017 0.761781 0.898943 0.801332 -0.112013 -0.0693067 -0.138045 -0.105132 -0.124262 -0.0977021 -0.113461 -0.125561 -0.122979 
0.734085 0.732224 0.710444 0.775287 0.756974 0.733494 -0.240822 -0.256192 -0.295205 -0.287662 -0.273456 -0.253741 -0.0522607 -0.0643634 -0.0523133 
0.795745 0.710444 0.732224 0.775287 0.776571 0.761392 -0.303051 -0.295205 -0.256192 -0.287662 -0.283078 -0.305039 -0.0744391 -0.0523133 -0.0643634 
-0.02381 -0.0572797 -0.116412 -0.0851012 -0.0774125 -0.0565584 0.0788883 0.0485168 0.0652846 0.0570293 0.0844249 0.0680445 -0.123819 -0.1249 -0.129844 
6.23297e-34 4.55033e-34 0.709366 0.402672 0.394301 -3.23175e-34 -4.26583e-34 -3.89498e-34 -0.0125029 -0.00359037 -0.00481891 -7.98343e-34 -0.0844432 -0.0785254 -0.0815951 
0.416943 0.200541 0.233533 0.218027 0.332431 0.325185 0.0395992 0.0086897 0.0122222 0.011298 0.0251474 0.0234073 0.0159458 0.0167976 0.0119717 
0.554695 0.479542 0.416943 0.450076 0.492669 0.52395 0.0619883 0.0377234 0.0395992 0.0411668 0.051637 0.0504732 0.0126389 0.0211891 0.0159458 
0.500724 0.498881 0.462864 0.485245 0.492556 0.500825 0.0204333 0.0294987 0.012174 0.0198966 0.0163358 0.0249194 0.0128125 0.0121027 0.00904026 
0.452673 0.462864 0.498881 0.485245 0.482759 0.45744 0.0238189 0.012174 0.0294987 0.0198966 0.0267655 0.0178572 0.00925062 0.00904026 0.0121027 
0.387 0.168519 0.298661 0.24267 0.346706 0.274782 -0.0863635 -0.0237101 -0.0138302 -0.0226592 -0.0492381 -0.0617932 0.0439411 0.0502445 0.0434039 
0.352284 0.283804 0.183622 0.236158 0.275739 0.319651 -0.00245221 -0.00214298 -0.000896435 -0.00144724 -0.00170358 -0.00242203 0.00556306 0.00637973 0.00579505 
0.962956 0.677491 0.978198 0.890771 0.97377 0.912343 -0.0832062 -0.0445751 -0.0676928 -0.0628767 -0.0759159 -0.0720072 -0.105759 -0.0870945 -0.102952 
0.498341 0.489784 0.430139 0.466504 0.476528 0.494993 -0.00504415 -0.00536332 -0.00434148 -0.00493954 -0.00491155 -0.0052809 0.00676403 0.00764134 0.00654613 
0.405033 0.273487 0.215352 0.245232 0.322853 0.346194 -0.00117795 -0.000370156 -0.000357828 -0.000378169 -0.000779523 -0.000721463 0.00262659 0.00165722 0.00274634 
0.489743 0.407952 0.466946 0.441114 0.47996 0.459054 -0.000592225 -0.000387917 -0.000887625 -0.000592277 -0.000710998 -0.000531255 -3.42734e-06 -9.28551e-06 0.0013078 
0.408388 0.489863 0.462846 0.478483 0.438677 0.459328 -0.000393162 -0.00058881 -0.000901695 -0.000716005 -0.000599517 -0.000532439 8.68849e-06 2.46968e-06 0.00150721 
0.539163 0.583206 0.529258 0.562531 0.550849 0.561293 0.105132 0.100371 0.0724867 0.088218 0.0904899 0.10397 0.00601758 0.00176168 0.0121308 
0.554695 0.529258 0.583206 0.562531 0.58246 0.541707 0.0619883 0.0724867 0.100371 0.088218 0.082641 0.0703557 0.0126389 0.0121308 0.00176168 
0.499504 0.488789 0.474365 0.482265 0.495324 0.498296 -0.00348967 -0.00229907 -0.00355692 -0.00290264 -0.00360193 -0.00288492 0.004807 0.00352324 0.00531385 
2.0351e-34 9.22379e-35 0.215352 0.11528 0.114958 -9.2158e-35 6.71059e-36 1.38494e-35 -0.000357828 -8.52602e-05 -8.02282e-05 2.09323e-35 0.00141523 0.002844 0.00274634 
6.23297e-34 0.709366 0.760816 0.736924 0.437213 0.394301 -4.26583e-34 -0.0125029 -0.0244745 -0.0173786 -0.00810302 -0.00481891 -0.0844432 -0.0815951 -0.0885532 
-0.107194 -0.116412 -0.176452 -0.146181 -0.193206 -0.141228 0.0810472 0.0652846 0.0443599 0.0620761 0.0851492 0.0952096 -0.150823 -0.129844 -0.140042 
-1.07535e-34 -0.176452 -0.116412 -0.146181 -0.0733179 -0.0782112 7.10925e-34 0.0443599 0.0652846 0.0620761 0.0204602 0.0124784 -0.137125 -0.140042 -0.129844 
0.389795 0.293924 0.214944 0.256176 0.312586 0.345596 -0.00109098 -0.00113957 -0.000377992 -0.00071241 -0.000752193 -0.00116387 0.00282417 0.00425581 0.00301694 
0.498341 0.430139 0.47604 0.456059 0.490323 0.476528 -0.00504415 -0.00434148 -0.00420024 -0.00435431 -0.00472609 -0.00491155 0.00676403 0.00654613 0.00580471 
0.996879 0.829286 0.992905 0.964773 0.996211 0.968234 -0.0243736 -0.0290228 -0.0389104 -0.043762 -0.033069 -0.0350819 -0.0911853 -0.116514 -0.0985185 
0.389795 0.214944 0.272633 0.24462 0.336552 0.312586 -0.00109098 -0.000377992 -0.000378064 -0.000396282 -0.000689943 -0.000752193 0.00282417 0.00301694 0.00182713 
0.650606 0.725069 0.674006 0.707611 0.705308 0.699576 -0.106036 -0.191273 -0.124218 -0.154991 -0.112657 -0.14662 -0.0490588 -0.0298345 0.00758512 
0.650229 0.674006 0.725069 0.707611 0.707441 0.665496 -0.193156 -0.124218 -0.191273 -0.154991 -0.19458 -0.15832 0.0012247 0.00758512 -0.0298345 
0.405033 0.215352 0.295311 0.256833 0.355376 0.322853 -0.00117795 -0.000357828 -0.00110874 -0.000689179 -0.00119574 -0.000779523 0.00262659 0.00274634 0.00416089 
0.488789 0.429005 0.474365 0.454446 0.482265 0.465357 -0.00229907 -0.00222536 -0.00355692 -0.00287039 -0.00290264 -0.00230356 0.00352324 0.00422511 0.00531385 
2.67242e-34 0.208888 0.319877 0.267953 0.181247 0.112029 3.94849e-35 -0.00134688 -0.00260382 -0.00192369 -0.000992714 -0.000557862 0.0083818 0.0100011 0.00794176 
2.0351e-34 0.273487 0.180734 0.229052 0.0953873 0.14999 6.71059e-36 -0.000370156 -0.000127287 -0.000226477 -7.38556e-05 -0.00013056 0.00141523 0.00165722 0.000867204 
2.67242e-34 0.319877 0.196104 0.261971 0.104966 0.181247 3.94849e-35 -0.00260382 -0.000919495 -0.00162102 -0.0005022 -0.000992714 0.0083818 0.00794176 0.00673069 
-5.23224e-35 -0.116412 -0.0230825 -0.0637061 -0.00924116 -0.0405123 6.613e-34 0.0652846 0.0163629 0.0359637 0.00683879 0.015756 -0.129024 -0.129844 -0.126432 
2.75742e-34 0.293924 0.202245 0.250125 0.10764 0.162719 -2.23274e-35 -0.00113957 -0.000784505 -0.00103409 -0.000218547 -0.000440382 0.00436447 0.00425581 0.00514921 
0.962956 0.949797 0.677491 0.860752 0.912343 0.963449 -0.0832062 -0.0924721 -0.0445751 -0.0739961 -0.0720072 -0.0878189 -0.105759 -0.0991144 -0.0870945 
0.405033 0.295311 0.429005 0.370792 0.417376 0.355376 -0.00117795 -0.00110874 -0.00222536 -0.00167427 -0.00164854 -0.00119574 0.00262659 0.00416089 0.00422511 
5.2322e-34 0.83151 0.704286 0.772514 0.408934 0.510104 4.22865e-34 -0.016103 -0.00758123 -0.0104793 -0.00278225 -0.00565473 -0.0901019 -0.0980795 -0.0870728 
0.75 1 0.937185 0.984232 0.859197 0.9375 -3.85195e-37 -5.88046e-37 -0.000901943 -0.000779981 -0.000587082 -1.14086e-36 -0.0255245 -0.0263401 -0.0359398 
3.73524e-34 0.324878 0.537923 0.438725 0.217777 0.1239 -3.88311e-34 -0.0386974 -0.0949703 -0.0616837 -0.0236025 -0.0104677 -0.0690556 -0.0723216 -0.0683387 
0.83151 0.829286 0.996879 0.968234 0.967542 0.830899 -0.016103 -0.0290228 -0.0243736 -0.0350819 -0.024739 -0.0212792 -0.0980795 -0.116514 -0.0911853 
0.359765 0.429005 0.295311 0.370792 0.32891 0.397288 -0.00233272 -0.00222536 -0.00110874 -0.00167427 -0.00166836 -0.00233354 0.00569006 0.00422511 0.00416089 
0.177048 -0.0955071 -0.230026 -0.179219 -0.0532376 0.0138117 -0.144961 -0.0429899 -0.0396549 -0.042253 -0.0770824 -0.0774243 -0.106445 -0.143088 -0.101987 
2.03595e-34 0.169804 0.272633 0.223655 0.149678 0.0893112 -7.83947e-36 -0.000116835 -0.000378064 -0.000222113 -0.000129872 -6.72832e-05 0.00153906 0.00100318 0.00182713 
6.58522e-34 0.705946 0.843583 0.78026 0.512392 0.404661 -2.39212e-34 -0.00108784 -0.00288279 -0.00178253 -0.00106495 -0.000450116 -0.0485143 -0.042361 -0.0545538 
3.43333e-34 3.78349e-34 0.677491 0.365085 0.336867 -3.96384e-34 -4.28578e-34 -4.53571e-34 -0.0445751 -0.01167 -0.0143309 -8.42391e-34 -0.0840585 -0.089506 -0.0870945 
0.177048 0.297274 -0.0955071 0.0830841 0.0138117 0.231757 -0.144961 -0.149899 -0.0429899 -0.0757592 -0.0774243 -0.144301 -0.106445 -0.143119 -0.143088 
0.992905 0.829286 0.987252 0.959868 0.989937 0.964773 -0.0389104 -0.0290228 -0.051736 -0.0509335 -0.0460523 -0.043762 -0.0985185 -0.116514 -0.101177 
-3.31714e-34 -0.0955071 -0.291489 -0.218922 -0.256136 -0.296964 6.07816e-34 -0.0429899 0.0242509 0.000714055 0.0228215 0.00596865 -0.124314 -0.143088 -0.152096 
0.84826 0.760816 0.987252 0.920486 0.942721 0.809959 -0.0453171 -0.0244745 -0.051736 -0.0404162 -0.0505313 -0.0350279 -0.0932896 -0.0885532 -0.101177 
0.451639 0.497108 0.46906 0.486849 0.46081 0.481379 -0.00450978 -0.00522824 -0.00460328 -0.00519175 -0.00467739 -0.00508459 0.0088114 0.00820541 0.00699769 
0.498341 0.46906 0.497108 0.486849 0.500065 0.495586 -0.00504415 -0.00460328 -0.00522824 -0.00519175 -0.00519303 -0.00500797 0.00676403 0.00699769 0.00820541 
0.780828 0.537923 0.324878 0.438725 0.570497 0.666948 -0.117756 -0.0949703 -0.0386974 -0.0616837 -0.0779021 -0.110146 -0.0812623 -0.0683387 -0.0723216 
0.817573 0.540561 0.537923 0.544022 0.70324 0.696221 -0.200598 -0.121993 -0.0949703 -0.10919 -0.151703 -0.165404 -0.0813851 -0.0658274 -0.0683387 
0.84826 0.978198 0.677491 0.890771 0.767089 0.941454 -0.0453171 -0.0676928 -0.0445751 -0.0628767 -0.0468097 -0.058166 -0.0932896 -0.102952 -0.0870945 
4.54968e-34 4.87407e-34 0.775513 0.459098 0.457395 -4.05987e-34 2.39329e-34 2.97083e-34 -0.00244137 -0.000969361 -0.000761989 5.387e-34 -0.0504258 -0.0626745 -0.0559624 
3.73524e-34 0.537923 0.197158 0.353564 0.0920968 0.217777 -3.88311e-34 -0.0949703 -0.0281572 -0.0547249 -0.00667113 -0.0236025 -0.0690556 -0.0683387 -0.06341 
0.998714 0.937185 0.986687 0.995411 0.994241 0.988564 -0.00195687 -0.000901943 -0.00068304 -0.000946586 -0.00143626 -0.00165727 -0.0459325 -0.0359398 -0.0340157 
0.352284 0.183622 0.202245 0.192975 0.283835 0.275739 -0.00245221 -0.000896435 -0.000784505 -0.000841304 -0.00165309 -0.00170358 0.00556306 0.00579505 0.00514921 
0.998714 0.986687 0.750115 0.905382 0.928122 0.994241 -0.00195687 -0.00068304 -0.000789271 -0.000883589 -0.00149291 -0.00143626 -0.0459325 -0.0340157 -0.0376463 
0.499504 0.47604 0.441582 0.460738 0.482486 0.492137 -0.00348967 -0.00420024 -0.00253675 -0.00333359 -0.00309864 -0.00390539 0.004807 0.00580471 0.00449021 
0.605015 0.227726 0.431584 0.338613 0.520953 0.429384 -0.243057 -0.150033 -0.14893 -0.157817 -0.197803 -0.202724 -0.0107795 0.00367549 0.031062 
0.724278 0.227816 0.586482 0.394806 0.654346 0.448631 -0.161997 -0.0128144 -0.16234 -0.0890037 -0.161674 -0.0915123 -0.14311 -0.163689 -0.150588 
0.352284 0.441582 0.47604 0.460738 0.427257 0.402028 -0.00245221 -0.00253675 -0.00420024 -0.00333359 -0.00342237 -0.00258801 0.00556306 0.00449021 0.00580471 
0.431584 0.227726 0.139693 0.178517 0.283403 0.338613 -0.14893 -0.150033 -0.0771014 -0.11734 -0.119348 -0.157817 0.031062 0.00367549 0.0394129 
0.29293 0.586482 0.227816 0.394806 0.264355 0.434257 -0.0901871 -0.16234 -0.0128144 -0.0890037 -0.0496858 -0.125891 -0.161807 -0.150588 -0.163689 
2.21417e-34 0.283804 0.189442 0.238535 0.0997536 0.155327 -3.26346e-35 -0.00214298 -0.00120055 -0.00170411 -0.000512385 -0.000868036 0.00634401 0.00637973 0.00673696 
5.0892e-34 -0.0223965 -0.000825361 -0.0172132 -0.00760183 -0.00855354 4.36924e-35 0.0403485 0.0518612 0.0520412 0.0425184 0.0338671 -0.123282 -0.122592 -0.122234 
0.352284 0.430139 0.283804 0.366833 0.319651 0.394809 -0.00245221 -0.00434148 -0.00214298 -0.00337996 -0.00242203 -0.00340625 0.00556306 0.00654613 0.00637973 
7.34539e-34 0.829286 0.83151 0.830899 0.518219 0.52616 4.99658e-34 -0.0290228 -0.016103 -0.0212792 -0.0086099 -0.016266 -0.109486 -0.116514 -0.0980795 
8.14546e-35 0.168519 0.139693 0.160801 0.0642774 0.0774331 -2.72509e-34 -0.0237101 -0.0771014 -0.0488796 -0.0271352 -0.0095027 0.0499996 0.0502445 0.0394129 
3.78349e-34 0.412222 0.677491 0.558437 0.365085 0.206523 -4.53571e-34 -0.0151518 -0.0445751 -0.0254354 -0.01167 -0.00431929 -0.089506 -0.0883866 -0.0870945 
0.84826 0.677491 0.412222 0.558437 0.662129 0.767089 -0.0453171 -0.0445751 -0.0151518 -0.0254354 -0.0294236 -0.0468097 -0.0932896 -0.0870945 -0.0883866 
0.998714 0.843583 0.705946 0.78026 0.9357 0.967384 -0.00195687 -0.00288279 -0.00108784 -0.00178253 -0.00190622 -0.00297481 -0.0459325 -0.0545538 -0.042361 
-2.25429e-34 -1.39226e-34 -0.0484921 -0.180195 -0.230022 1.2121e-34 3.69738e-34 5.3538e-35 -0.0907147 -0.024375 -0.0225755 5.19007e-34 -0.0804062 -0.0173057 -0.0463119 
0.352284 0.202245 0.293924 0.250125 0.324478 0.283835 -0.00245221 -0.000784505 -0.00113957 -0.00103409 -0.00173919 -0.00165309 0.00556306 0.00514921 0.00425581 
0.359765 0.201177 0.196104 0.198635 0.28589 0.287844 -0.00233272 -0.000698061 -0.000919495 -0.000796253 -0.00164557 -0.00155073 0.00569006 0.00547959 0.00673069 
0.489743 0.466946 0.500007 0.491831 0.497486 0.47996 -0.000592225 -0.000887625 -0.000882278 -0.000905639 -0.000717858 -0.000710998 -3.42734e-06 0.0013078 0.000953213 
2.21417e-34 0.183622 0.283804 0.236158 0.155327 0.0961777 -3.26346e-35 -0.000896435 -0.00214298 -0.00144724 -0.000868036 -0.000475143 0.00634401 0.00579505 0.00637973 
0.489863 0.500007 0.462846 0.490622 0.478483 0.497429 -0.00058881 -0.000882278 -0.000901695 -0.000914482 -0.000716005 -0.000715186 2.46968e-06 0.000953213 0.00150721 
2.69843e-34 0.201177 0.295311 0.250537 0.164136 0.107038 2.1286e-35 -0.000698061 -0.00110874 -0.000979761 -0.000419058 -0.000181679 0.00448525 0.00547959 0.00416089 
-3.31714e-34 -2.25429e-34 -0.230026 -0.247283 -0.264083 1.32086e-34 6.07816e-34 3.69738e-34 -0.0396549 -0.00915265 0.00763006 1.03241e-33 -0.124314 -0.0804062 -0.101987 
-3.16783e-36 -0.0230825 -0.00170929 -0.00991058 0.0021738 -0.000345887 6.22974e-34 0.0163629 4.18914e-05 0.00738316 -0.000779648 0.00255093 -0.125564 -0.126432 -0.124605 
-0.02381 0.00133312 0.191992 0.0919746 0.0549246 -0.0135902 0.0788883 0.0927041 0.00415679 0.0577844 0.0552427 0.0916767 -0.123819 -0.134028 -0.122697 
-1.09907e-35 8.14546e-35 0.139693 0.0642774 0.00342076 -5.01239e-35 -1.80145e-34 -2.72509e-34 -0.0771014 -0.0271352 -0.0291345 -3.76016e-34 0.0297008 0.0499996 0.0394129 
-0.107194 -0.176452 -0.254813 -0.215317 -0.203687 -0.193206 0.0810472 0.0443599 0.0391484 0.0434089 0.0788586 0.0851492 -0.150823 -0.140042 -0.148509 
0.84826 0.412222 0.760816 0.5987 0.809959 0.662129 -0.0453171 -0.0151518 -0.0244745 -0.0193744 -0.0350279 -0.0294236 -0.0932896 -0.0883866 -0.0885532 
0.740455 0.677491 0.949797 0.860752 0.874852 0.713317 -0.0715776 -0.0445751 -0.0924721 -0.0739961 -0.0870931 -0.0580077 -0.0858882 -0.0870945 -0.0991144 
7.55309e-34 0.829286 7.34539e-34 0.52616 -4.85335e-34 0.54716 3.0734e-34 -0.0290228 4.99658e-34 -0.016266 1.17662e-33 -0.0367064 -0.13695 -0.116514 -0.109486 
0.387 0.139693 0.168519 0.160801 0.274782 0.272854 -0.0863635 -0.0771014 -0.0237101 -0.0488796 -0.0617932 -0.0947965 0.0439411 0.0394129 0.0502445 
0.500009 0.500007 0.466946 0.491831 0.491827 0.500008 -0.00138933 -0.000882278 -0.000887625 -0.000905639 -0.00115044 -0.00110605 0.00211186 0.000953213 0.0013078 
0.500009 0.462846 0.500007 0.490622 0.500008 0.490626 -0.00138933 -0.000901695 -0.000882278 -0.000914482 -0.00110605 -0.00116872 0.00211186 0.00150721 0.000953213 
6.64087e-34 5.2322e-34 0.704286 0.408934 0.404909 -2.41055e-34 3.5602e-34 4.22865e-34 -0.00758123 -0.00278225 -0.00216234 7.89864e-34 -0.0756828 -0.0901019 -0.0870728 
-2.44913e-34 -0.291489 -0.254813 -0.277357 -0.183156 -0.246912 7.79086e-34 0.0242509 0.0391484 0.0345752 0.0144256 0.0209168 -0.152729 -0.152096 -0.148509 
0.999402 0.996879 0.709366 0.913413 0.920666 0.998615 -0.0130128 -0.0243736 -0.0125029 -0.0203536 -0.0155492 -0.0187532 -0.0805484 -0.0911853 -0.0815951 
6.64087e-34 0.704286 0.835943 0.775046 0.510175 0.404909 3.5602e-34 -0.00758123 -0.00697372 -0.00754161 -0.00250594 -0.00216234 -0.0756828 -0.0870728 -0.076094 
0.920353 0.879017 0.902572 0.943613 0.950577 0.898943 -0.112013 -0.138045 -0.11039 -0.138856 -0.119499 -0.124262 -0.113461 -0.122979 -0.092843 
0.359765 0.295311 0.201177 0.250537 0.287844 0.32891 -0.00233272 -0.00110874 -0.000698061 -0.000979761 -0.00155073 -0.00166836 0.00569006 0.00416089 0.00547959 
0.230713 0.191992 0.748393 0.439955 0.507937 0.20404 -0.0150695 0.00415679 -0.0764989 -0.0408769 -0.0492782 -0.00423108 -0.118361 -0.122697 -0.118385 
0.992905 0.987252 0.760816 0.920486 0.922785 0.989937 -0.0389104 -0.051736 -0.0244745 -0.0404162 -0.0343544 -0.0460523 -0.0985185 -0.101177 -0.0885532 
5.0892e-34 5.01287e-34 -0.0223965 -0.00820184 -0.00855354 1.02769e-33 4.36924e-35 1.46693e-35 0.0403485 0.0226894 0.0338671 -2.00024e-35 -0.123282 -0.121832 -0.122592 
0.999402 0.709366 0.645751 0.678693 0.904205 0.920666 -0.0130128 -0.0125029 -0.00635217 -0.00862932 -0.0120049 -0.0155492 -0.0805484 -0.0815951 -0.0746646 
0.999402 0.83151 0.996879 0.967542 0.998615 0.962788 -0.0130128 -0.016103 -0.0243736 -0.024739 -0.0187532 -0.0178934 -0.0805484 -0.0980795 -0.0911853 
0.244593 0.180734 0.380015 0.292296 0.318564 0.213553 -0.000140426 -0.000127287 -0.000515433 -0.000306361 -0.000296828 -0.000128173 -3.9832e-06 0.000867204 0.000968338 
0.245219 0.380139 0.169804 0.288048 0.208729 0.319021 -0.000141622 -0.000517471 -0.000116835 -0.00030169 -0.000124354 -0.000296966 4.89121e-06 0.00109389 0.00100318 
0.389795 0.48702 0.441582 0.468398 0.417853 0.450304 -0.00109098 -0.00200798 -0.00253675 -0.00229869 -0.00171977 -0.00154907 0.00282417 0.00323548 0.00449021 
4.55033e-34 0.645751 0.709366 0.678693 0.402672 0.358147 -3.89498e-34 -0.00635217 -0.0125029 -0.00862932 -0.00359037 -0.00232752 -0.0785254 -0.0746646 -0.0815951 
0.547134 0.624526 0.673727 0.648961 0.626405 0.60575 -0.0322853 0.0490225 -0.019235 0.0241176 -0.0284759 0.00598794 0.0310685 0.00742641 -0.00191771 
0.432673 0.485771 0.509147 0.496553 0.478616 0.463955 0.0419087 0.0439469 0.0622397 0.0530832 0.0519192 0.044539 0.0115318 0.0109155 0.011533 
4.87407e-34 0.646892 0.775513 0.714729 0.459098 0.365575 2.97083e-34 -0.00287134 -0.00244137 -0.00272314 -0.000969361 -0.000829155 -0.0626745 -0.0672575 -0.0559624 
0.998714 0.750115 0.625176 0.690735 0.89522 0.928122 -0.00195687 -0.000789271 -0.00106231 -0.000940679 -0.00193494 -0.00149291 -0.0459325 -0.0376463 -0.0466145 
-0.107194 0.227816 0.180215 0.212155 0.0457446 0.0627228 0.0810472 -0.0128144 0.033898 0.0133496 0.0614009 0.043112 -0.150823 -0.163689 -0.145279 
5.72717e-34 0.842025 0.645751 0.753595 0.362247 0.506491 -3.44688e-34 -0.00567999 -0.00635217 -0.00626447 -0.00202921 -0.00274479 -0.0695834 -0.0673957 -0.0746646 
0.390167 0.460832 0.471969 0.46716 0.437729 0.431352 0.000318986 0.0120873 0.0022726 0.00672894 0.00128771 0.00518853 0.0145471 0.0156601 0.0128819 
2.28648e-34 2.23133e-34 0.458523 0.219768 0.191319 -1.78955e-34 -3.82278e-34 -4.13468e-34 -0.0461393 -0.010322 -0.0104144 -7.56991e-34 -0.074307 -0.0816644 -0.0773677 
0.999402 0.704286 0.83151 0.772514 0.962788 0.933418 -0.0130128 -0.00758123 -0.016103 -0.0104793 -0.0178934 -0.0132839 -0.0805484 -0.0870728 -0.0980795 
-3.16783e-36 -5.23224e-35 -0.0230825 -0.00924116 -0.000345887 7.41599e-36 6.22974e-34 6.613e-34 0.0163629 0.00683879 0.00255093 1.25246e-33 -0.125564 -0.129024 -0.126432 
1.12195e-34 2.75742e-34 0.202245 0.10764 0.107068 -7.69014e-35 -2.78369e-35 -2.23274e-35 -0.000784505 -0.000218547 -0.000211492 -4.89535e-35 0.00556462 0.00436447 0.00514921 
0.75 0.750115 0.986687 0.905382 0.905362 0.749983 -4.41717e-37 -0.000789271 -0.00068304 -0.000883589 -0.000594476 -0.000414773 -0.027107 -0.0376463 -0.0340157 
0.364346 0.694338 0.50356 0.600918 0.436653 0.542589 -0.110634 -0.231959 -0.165627 -0.200944 -0.146247 -0.172881 -0.0581766 -0.0677302 -0.0661605 
0.164931 0.371546 0.387681 0.375831 0.268475 0.254378 0.0289788 -0.0344267 0.0384469 0.00334968 0.0297385 -0.00356353 -0.0629521 -0.0751911 -0.0593451 
0.325912 0.415867 0.440231 0.428641 0.387306 0.368685 0.0580924 0.105357 0.0773334 0.0911702 0.0698834 0.0821813 0.0179414 0.00855532 0.0160913 
0.724278 0.911073 0.879017 0.92041 0.802484 0.883324 -0.161997 -0.187525 -0.138045 -0.171948 -0.152902 -0.197561 -0.14311 -0.10009 -0.122979 
0.375298 0.455118 0.464758 0.459728 0.426827 0.419956 0.000306368 -0.00292469 0.00269718 -0.000915935 0.001667 -0.00111312 0.00740273 0.0079996 0.00881222 
0.283804 0.430139 0.335868 0.38787 0.310648 0.366833 -0.00214298 -0.00434148 -0.00331704 -0.00390321 -0.00273119 -0.00337996 0.00637973 0.00654613 0.00684008 
0.500009 0.488789 0.48702 0.499994 0.496718 0.497248 -0.00138933 -0.00229907 -0.00200798 -0.00220547 -0.00168947 -0.00180486 0.00211186 0.00352324 0.00323548 
0.724278 0.463076 0.227816 0.3342 0.448631 0.600688 -0.161997 -0.0742011 -0.0128144 -0.0415181 -0.0915123 -0.117736 -0.14311 -0.145705 -0.163689 
0.500048 0.458597 0.496413 0.482909 0.499555 0.490826 -0.00392452 -0.00333163 -0.00122404 -0.00242566 -0.00276943 -0.00371248 0.00899271 0.0109492 0.0106711 
2.59757e-34 -3.16783e-36 -0.00170929 0.0021738 0.00286248 -3.49171e-37 3.06454e-34 6.22974e-34 4.18914e-05 -0.000779648 -0.00233685 1.23405e-33 -0.124386 -0.125564 -0.124605 
0.390167 0.471969 0.458597 0.4659 0.428708 0.437729 0.000318986 0.0022726 -0.00333163 -0.00136617 -0.0016667 0.00128771 0.0145471 0.0128819 0.0109492 
0.230713 0.0328811 -0.000825361 0.00561784 0.0453002 0.117621 -0.0150695 0.0366856 0.0518612 0.0462751 0.0310802 0.0124433 -0.118361 -0.123849 -0.122234 
2.59757e-34 -0.00170929 5.15407e-34 1.46903e-06 1.03491e-33 0.00286248 3.06454e-34 4.18914e-05 -2.92163e-37 -0.00191828 6.45416e-37 -0.00233685 -0.124386 -0.124605 -0.123902 
0.435852 0.335868 0.430139 0.38787 0.433014 0.391628 -0.00432619 -0.00331704 -0.00434148 -0.00390321 -0.00455907 -0.00393321 0.00726108 0.00684008 0.00654613 
0.740455 0.323102 0.677491 0.50226 0.713317 0.546422 -0.0715776 -0.0209104 -0.0445751 -0.030391 -0.0580077 -0.0427199 -0.0858882 -0.0824201 -0.0870945 
0.724278 0.879017 0.463076 0.69512 0.600688 0.802484 -0.161997 -0.138045 -0.0742011 -0.116978 -0.117736 -0.152902 -0.14311 -0.122979 -0.145705 
0.405033 0.429005 0.488789 0.465357 0.457117 0.417376 -0.00117795 -0.00222536 -0.00229907 -0.00230356 -0.00171545 -0.00164854 0.00262659 0.00422511 0.00352324 
6.58522e-34 4.01948e-34 0.705946 0.405284 0.404661 -2.80254e-34 -2.39212e-34 -1.82569e-34 -0.00108784 -0.000283778 -0.000450116 -4.20151e-34 -0.0485143 -0.0371811 -0.042361 
0.325912 0.440231 0.443464 0.442296 0.393399 0.387306 0.0580924 0.0773334 0.0499605 0.0627464 0.0560457 0.0698834 0.0179414 0.0160913 0.0185273 
0.998714 0.997119 0.843583 0.970863 0.967384 0.997905 -0.00195687 -0.00354856 -0.00288279 -0.00369742 -0.00297481 -0.00291908 -0.0459325 -0.0550989 -0.0545538 
0.164931 0.387681 0.378463 0.379615 0.266152 0.268475 0.0289788 0.0384469 0.0894418 0.0673032 0.0589705 0.0297385 -0.0629521 -0.0593451 -0.0370649 
0.999402 0.645751 0.842025 0.753595 0.956987 0.904205 -0.0130128 -0.00635217 -0.00567999 -0.00626447 -0.0101442 -0.0120049 -0.0805484 -0.0746646 -0.0673957 
0.50312 0.443464 0.493358 0.471105 0.499967 0.484299 0.0435255 0.0499605 0.0614365 0.0558261 0.0518288 0.0477622 0.0142296 0.0185273 0.01538 
3.73524e-34 2.28648e-34 0.324878 0.146887 0.1239 -9.08436e-35 -3.88311e-34 -3.82278e-34 -0.0386974 -0.00929046 -0.0104677 -6.97734e-34 -0.0690556 -0.074307 -0.0723216 
-0.0268327 -0.00170929 -0.0230825 -0.00991058 -0.0276534 -0.0121854 0.0219418 4.18914e-05 0.0163629 0.00738316 0.0191 0.00791062 -0.124116 -0.124605 -0.126432 
0.230713 0.0407494 0.191992 0.105263 0.20404 0.104082 -0.0150695 0.0418581 0.00415679 0.0297413 -0.00423108 0.0167884 -0.118361 -0.120639 -0.122697 
0.364346 0.745991 0.694338 0.721935 0.542589 0.566431 -0.110634 -0.220242 -0.231959 -0.229262 -0.172881 -0.165925 -0.0581766 -0.0711377 -0.0677302 
0.569158 0.378463 0.527439 0.454082 0.55072 0.490934 0.0958358 0.0894418 0.068656 0.084397 0.0850513 0.0987753 -0.0121964 -0.0370649 -0.0349865 
0.734085 0.50356 0.732224 0.633773 0.733494 0.650247 -0.240822 -0.165627 -0.256192 -0.20956 -0.253741 -0.209043 -0.0522607 -0.0661605 -0.0643634 
0.989827 0.843583 0.997119 0.970863 0.994117 0.978013 -0.00528381 -0.00288279 -0.00354856 -0.00369742 -0.00432712 -0.0049465 -0.0640972 -0.0545538 -0.0550989 
0.998714 0.625176 0.775513 0.705098 0.93521 0.89522 -0.00195687 -0.00106231 -0.00244137 -0.00157925 -0.00264003 -0.00193494 -0.0459325 -0.0466145 -0.0559624 
0.962956 0.748393 0.949797 0.928325 0.963449 0.889172 -0.0832062 -0.0764989 -0.0924721 -0.0968054 -0.0878189 -0.0873431 -0.105759 -0.118385 -0.0991144 
-0.125099 -0.254813 -0.291489 -0.277357 -0.217329 -0.22972 0.0480276 0.0391484 0.0242509 0.0345752 0.0442574 0.0643723 -0.163212 -0.148509 -0.152096 
5.0892e-34 -0.000825361 0.0328811 0.00561784 -0.0128489 -0.00760183 4.36924e-35 0.0518612 0.0366856 0.0462751 0.0436297 0.0425184 -0.123282 -0.122234 -0.123849 
0.794234 0.823863 0.745991 0.803438 0.851314 0.827585 -0.264368 -0.291777 -0.220242 -0.266286 -0.278672 -0.290427 -0.122302 -0.083879 -0.0711377 
3.43333e-34 0.677491 0.323102 0.50226 0.164525 0.336867 -4.28578e-34 -0.0445751 -0.0209104 -0.030391 -0.00773901 -0.0143309 -0.0840585 -0.0870945 -0.0824201 
0.817573 0.911073 0.863024 0.901107 0.886722 0.872608 -0.200598 -0.187525 -0.23891 -0.219838 -0.237329 -0.197546 -0.0813851 -0.10009 -0.120147 
0.724278 0.863024 0.911073 0.901107 0.883324 0.807509 -0.161997 -0.23891 -0.187525 -0.219838 -0.197561 -0.208242 -0.14311 -0.120147 -0.10009 
0.435852 0.430139 0.489784 0.466504 0.468391 0.433014 -0.00432619 -0.00434148 -0.00536332 -0.00493954 -0.00486699 -0.00455907 0.00726108 0.00654613 0.00764134 
-2.25429e-34 -0.0484921 -0.230026 -0.1607 -0.247283 -0.230022 3.69738e-34 -0.0907147 -0.0396549 -0.0626024 -0.00915265 -0.0225755 -0.0804062 -0.0463119 -0.101987 
-0.02381 0.191992 0.0407494 0.105263 0.0043424 0.0549246 0.0788883 0.00415679 0.0418581 0.0297413 0.0624139 0.0552427 -0.123819 -0.122697 -0.120639 
0.375298 0.464758 0.462864 0.46325 0.423933 0.426827 0.000306368 0.00269718 0.012174 0.00700816 0.00512651 0.001667 0.00740273 0.00881222 0.00904026 
0.272633 0.169804 0.380139 0.288048 0.330654 0.223655 -0.000378064 -0.000116835 -0.000517471 -0.00030169 -0.000462122 -0.000222113 0.00182713 0.00100318 0.00109389 
0.273487 0.380015 0.180734 0.292296 0.229052 0.330946 -0.000370156 -0.000515433 -0.000127287 -0.000306361 -0.000226477 -0.000460008 0.00165722 0.000968338 0.000867204 
4.12521e-34 6.23297e-34 0.760816 0.437213 0.419329 -4.62187e-34 -4.42206e-34 -4.26583e-34 -0.0244745 -0.00810302 -0.0105808 -8.42285e-34 -0.088061 -0.0844432 -0.0885532 
0.75 0.437703 0.750115 0.609392 0.749983 0.609499 -4.41717e-37 -0.000181884 -0.000789271 -0.000332612 -0.000414773 -0.000146055 -0.027107 -0.0329377 -0.0376463 
0.407952 0.380015 0.466946 0.430234 0.441114 0.394444 -0.000387917 -0.000515433 -0.000887625 -0.000695499 -0.000592277 -0.000434243 -9.28551e-06 0.000968338 0.0013078 
0.408388 0.462846 0.380139 0.427402 0.394739 0.438677 -0.000393162 -0.000901695 -0.000517471 -0.000702544 -0.00043855 -0.000599517 8.68849e-06 0.00150721 0.00109389 
0.920353 0.949797 0.748393 0.928325 0.852613 0.955035 -0.112013 -0.0924721 -0.0764989 -0.0968054 -0.0969181 -0.105821 -0.113461 -0.0991144 -0.118385 
0.432673 0.509147 0.529258 0.518765 0.48696 0.478616 0.0419087 0.0622397 0.0724867 0.067923 0.055957 0.0519192 0.0115318 0.011533 0.0121308 
0.998714 0.705946 0.937185 0.842836 0.988564 0.9357 -0.00195687 -0.00108784 -0.000901943 -0.00121391 -0.00165727 -0.00190622 -0.0459325 -0.042361 -0.0359398 
2.69843e-34 1.1655e-34 0.201177 0.107558 0.107038 -7.0139e-35 2.1286e-35 3.01166e-35 -0.000698061 -0.000177626 -0.000181679 5.2515e-35 0.00448525 0.00621479 0.00547959 
0.500724 0.462864 0.496089 0.483477 0.499855 0.492556 0.0204333 0.012174 0.0105795 0.0111597 0.0152909 0.0163358 0.0128125 0.00904026 0.0107843 
0.989827 0.999402 0.842025 0.964833 0.977672 0.996275 -0.00528381 -0.00875486 -0.00567999 -0.00820026 -0.00702966 -0.00731293 -0.0640972 -0.0720171 -0.0673957 
0.547134 0.673727 0.674006 0.681361 0.617331 0.626405 -0.0322853 -0.019235 -0.124218 -0.0689099 -0.0734533 -0.0284759 0.0310685 -0.00191771 0.00758512 
4.55033e-34 5.72717e-34 0.645751 0.362247 0.358147 -2.00256e-34 -3.89498e-34 -3.44688e-34 -0.00635217 -0.00202921 -0.00232752 -7.2568e-34 -0.0785254 -0.0695834 -0.0746646 
0.407952 0.244593 0.380015 0.318564 0.394444 0.336446 -0.000387917 -0.000140426 -0.000515433 -0.000296828 -0.000434243 -0.000281473 -9.28551e-06 -3.9832e-06 0.000968338 
0.245219 0.408388 0.380139 0.394739 0.319021 0.337039 -0.000141622 -0.000393162 -0.000517471 -0.00043855 -0.000296966 -0.000280618 4.89121e-06 8.68849e-06 0.00109389 
0.780828 0.324878 0.458523 0.392279 0.641063 0.570497 -0.117756 -0.0386974 -0.0461393 -0.0423422 -0.0808709 -0.0779021 -0.0812623 -0.0723216 -0.0773677 
3.05468e-34 0.586359 4.01948e-34 0.324903 -9.77296e-35 0.325091 -6.23808e-35 -0.000329244 -1.82569e-34 -0.000145164 -3.0696e-34 -0.000102303 -0.0254213 -0.0331685 -0.0371811 
4.01948e-34 0.586359 0.705946 0.648769 0.405284 0.324903 -1.82569e-34 -0.000329244 -0.00108784 -0.000595387 -0.000283778 -0.000145164 -0.0371811 -0.0331685 -0.042361 
0.500009 0.466946 0.478252 0.472875 0.49464 0.491827 -0.00138933 -0.000887625 -0.00146627 -0.00113688 -0.00145711 -0.00115044 0.00211186 0.0013078 0.00242388 
0.405033 0.478252 0.466946 0.472875 0.439967 0.448101 -0.00117795 -0.00146627 -0.000887625 -0.00113688 -0.00103429 -0.00133888 0.00262659 0.00242388 0.0013078 
4.41961e-34 0.625176 0.750115 0.690735 0.437707 0.350097 1.83662e-34 -0.00106231 -0.000789271 -0.000940679 -0.000247558 -0.000242686 -0.0386546 -0.0466145 -0.0376463 
1 0.75 0.986687 0.905362 0.996681 0.9375 -5.88046e-37 -4.41717e-37 -0.00068304 -0.000594476 -0.00064393 -9.10467e-37 -0.0263401 -0.027107 -0.0340157 
0.999402 0.842025 0.999402 0.964833 0.999792 0.956987 -0.0130128 -0.00567999 -0.00875486 -0.00820026 -0.0105615 -0.0101442 -0.0805484 -0.0673957 -0.0720171 
1.84229e-34 1.65789e-34 0.29828 0.165475 0.176821 -1.06111e-34 -1.33204e-34 -9.01163e-35 0.0160388 0.00506903 0.00477844 -2.35043e-34 0.0278937 0.0193392 0.0237264 
0.539163 0.529258 0.535353 0.538116 0.5405 0.550849 0.105132 0.0724867 0.0859435 0.0817854 0.0958107 0.0904899 0.00601758 0.0121308 0.0108096 
1.10109e-34 1.0534e-34 0.197035 0.101191 0.104408 -6.80356e-35 -3.78623e-35 -3.4565e-35 0.00417135 0.00114914 0.00150498 -7.60852e-35 0.00806716 0.00723459 0.00764474 
0.989827 0.775513 0.646892 0.714729 0.879815 0.917292 -0.00528381 -0.00244137 -0.00287134 -0.00272314 -0.00504218 -0.0041986 -0.0640972 -0.0559624 -0.0672575 
1.10051e-34 1.05449e-34 0.198584 0.104672 0.108797 -6.91376e-35 9.51391e-35 1.04415e-34 0.00497671 0.00183883 0.00155172 1.95212e-34 0.0191303 0.020752 0.0200891 
1.66225e-35 -1.8246e-35 0.052003 -0.0170611 0.00584425 -2.37637e-35 1.46119e-35 -8.76732e-35 0.0277862 0.0107828 0.00956553 -9.75454e-35 0.00093642 -0.0198371 -0.00850049 
-3.83759e-35 -9.33375e-36 -0.0166737 -0.0172925 -0.0376426 2.9159e-35 -3.41877e-34 -3.31919e-34 -0.0213918 -0.00976818 -0.00719719 -6.55399e-34 -0.0681561 -0.0659693 -0.0681981 
-1.43111e-34 -2.44913e-34 -0.254813 -0.183156 -0.142029 1.19399e-34 7.38917e-34 7.79086e-34 0.0391484 0.0144256 0.0176076 1.46633e-33 -0.145475 -0.152729 -0.148509 
0.485336 0.591935 0.191992 0.380334 0.33614 0.53428 -0.0613755 -0.0693067 0.00415679 -0.0288463 -0.022192 -0.0644415 -0.135503 -0.125561 -0.122697 
6.95492e-35 3.73524e-34 0.197158 0.0920968 0.0738738 -5.75426e-35 -3.17344e-34 -3.88311e-34 -0.0281572 -0.00667113 -0.00525865 -6.45917e-34 -0.0636169 -0.0690556 -0.06341 
9.39913e-35 2.21417e-34 0.189442 0.0997536 0.0988518 -6.44145e-35 -3.41501e-35 -3.26346e-35 -0.00120055 -0.000512385 -0.000431545 -6.4923e-35 0.0068338 0.00634401 0.00673696 
0.359765 0.46906 0.474365 0.471777 0.428563 0.424261 -0.00233272 -0.00460328 -0.00355692 -0.00408696 -0.00303262 -0.00350224 0.00569006 0.00699769 0.00531385 
0.937185 0.705946 0.586359 0.648769 0.800265 0.842836 -0.000901943 -0.00108784 -0.000329244 -0.000595387 -0.000673431 -0.00121391 -0.0359398 -0.042361 -0.0331685 
0.650606 0.674006 0.66007 0.6997 0.655417 0.705308 -0.106036 -0.124218 -0.055094 -0.0822642 -0.0804028 -0.112657 -0.0490588 0.00758512 -0.0372309 
1 0.986687 0.937185 0.995411 0.984232 0.996681 -5.88046e-37 -0.00068304 -0.000901943 -0.000946586 -0.000779981 -0.00064393 -0.0263401 -0.0340157 -0.0359398 
-1.07535e-34 -1.43111e-34 -0.176452 -0.10792 -0.0782112 7.10425e-35 7.10925e-34 7.38917e-34 0.0443599 0.016978 0.0124784 1.38642e-33 -0.137125 -0.145475 -0.140042 
4.12521e-34 0.760816 0.412222 0.5987 0.216999 0.419329 -4.42206e-34 -0.0244745 -0.0151518 -0.0193744 -0.00530994 -0.0105808 -0.088061 -0.0885532 -0.0883866 
3.05468e-34 0.75 0.586359 0.673355 0.325091 0.4375 -6.23808e-35 -3.85195e-37 -0.000329244 -0.000197898 -0.000102303 -1.05306e-37 -0.0254213 -0.0255245 -0.0331685 
1.18158e-34 1.17511e-34 0.212226 0.115538 0.115323 -7.71908e-35 6.61969e-35 8.13214e-35 -0.000343778 -0.00012512 -0.000210619 1.47692e-34 0.0135527 0.0165617 0.0150292 
2.67242e-34 1.13995e-34 0.208888 0.112968 0.112029 -7.59242e-35 3.94849e-35 5.25199e-35 -0.00134688 -0.000450009 -0.000557862 9.42336e-35 0.0083818 0.0108092 0.0100011 
8.43035e-35 6.01152e-35 0.150173 0.0637686 0.0787997 -5.56556e-35 1.01733e-34 7.49545e-35 0.0177617 0.00689914 0.00625078 1.61894e-34 0.0195901 0.0136869 0.0175312 
-5.33035e-35 -5.82284e-35 -0.0389361 -0.0660438 -0.0642083 2.46769e-35 -2.0398e-34 -2.98683e-34 0.00768781 -0.000170433 0.000342859 -5.12615e-34 -0.0423283 -0.0606838 -0.055162 
2.95006e-35 4.72906e-35 0.0897149 0.0425934 0.0333373 -1.91427e-35 -3.1042e-34 -3.01297e-34 -0.0182798 -0.00274376 -0.0024798 -5.96615e-34 -0.0621614 -0.0606213 -0.0589672 
1.62346e-34 1.93091e-34 0.298661 0.188536 0.175847 -1.1742e-34 -2.50599e-34 -1.92085e-34 -0.0138302 -0.00405392 -0.00769463 -4.25529e-34 0.0487063 0.0382832 0.0434039 
1.3878e-34 1.24879e-34 0.233533 0.121781 0.130762 -7.96056e-35 -6.33188e-35 -4.62709e-35 0.0122222 0.00348603 0.00398366 -1.19554e-34 0.0137525 0.0101195 0.0119717 
1.01598e-34 1.00187e-34 0.187687 0.097364 0.0971278 -6.49754e-35 -3.42945e-35 -3.48599e-35 -0.000529261 -0.00015436 -6.82765e-05 -6.89983e-35 0.00696986 0.0070156 0.00697289 
0.740455 0.902572 0.458523 0.727163 0.60587 0.838589 -0.0715776 -0.11039 -0.0461393 -0.0843012 -0.0604471 -0.0920981 -0.0858882 -0.092843 -0.0773677 
0.794234 0.629475 0.823863 0.786885 0.827585 0.710635 -0.264368 -0.260697 -0.291777 -0.300885 -0.290427 -0.266712 -0.122302 -0.10763 -0.083879 
0.795745 0.823863 0.629475 0.786885 0.754469 0.811247 -0.303051 -0.291777 -0.260697 -0.300885 -0.306438 -0.300883 -0.0744391 -0.083879 -0.10763 
0.780828 0.902572 0.879017 0.943613 0.926485 0.849 -0.117756 -0.11039 -0.138045 -0.138856 -0.152875 -0.11682 -0.0812623 -0.092843 -0.122979 
0.230713 -0.000825361 0.0407494 0.0109655 0.104082 0.0453002 -0.0150695 0.0518612 0.0418581 0.0462725 0.0167884 0.0310802 -0.118361 -0.122234 -0.120639 
0.500009 0.478252 0.488789 0.483933 0.497248 0.49464 -0.00138933 -0.00146627 -0.00229907 -0.00184735 -0.00180486 -0.00145711 0.00211186 0.00242388 0.00352324 
2.28442e-34 4.41961e-34 0.437703 0.234553 0.234491 4.78662e-35 6.48102e-35 1.83662e-34 -0.000181884 -0.000162257 -7.91572e-05 3.13753e-34 -0.0272417 -0.0386546 -0.0329377 
0.999402 0.835943 0.704286 0.775046 0.933418 0.962782 -0.0130128 -0.00697372 -0.00758123 -0.00754161 -0.0132839 -0.0112782 -0.0805484 -0.076094 -0.0870728 
0.177048 -0.230026 -0.0484921 -0.1607 0.0358755 -0.0532376 -0.144961 -0.0396549 -0.0907147 -0.0626024 -0.113667 -0.0770824 -0.106445 -0.101987 -0.0463119 
0.780828 0.458523 0.902572 0.727163 0.849 0.641063 -0.117756 -0.0461393 -0.11039 -0.0843012 -0.11682 -0.0808709 -0.0812623 -0.0773677 -0.092843 
0.405033 0.488789 0.478252 0.483933 0.448101 0.457117 -0.00117795 -0.00229907 -0.00146627 -0.00184735 -0.00133888 -0.00171545 0.00262659 0.00352324 0.00242388 
-2.44913e-34 -3.31714e-34 -0.291489 -0.256136 -0.246912 1.85655e-34 7.79086e-34 6.07816e-34 0.0242509 0.0228215 0.0209168 1.36111e-33 -0.152729 -0.124314 -0.152096 
4.41961e-34 0.750115 0.437703 0.609392 0.234553 0.437707 1.83662e-34 -0.000789271 -0.000181884 -0.000332612 -0.000162257 -0.000247558 -0.0386546 -0.0376463 -0.0329377 
1.84229e-34 0.29828 0.255171 0.279677 0.142778 0.176821 -1.33204e-34 0.0160388 0.00394266 0.00948549 0.00192728 0.00477844 0.0278937 0.0237264 0.0329043 
0.75 0.937185 0.586359 0.800265 0.673355 0.859197 -3.85195e-37 -0.000901943 -0.000329244 -0.000673431 -0.000197898 -0.000587082 -0.0255245 -0.0359398 -0.0331685 
0.437094 0.255171 0.29828 0.279677 0.376611 0.358659 0.00728274 0.00394266 0.0160388 0.00948549 0.0144721 0.00528477 0.0299444 0.0329043 0.0237264 
1.10109e-34 0.197035 0.158398 0.177754 0.0805165 0.104408 -3.78623e-35 0.00417135 0.0045472 0.00476142 0.0012603 0.00150498 0.00806716 0.00764474 0.00909406 
-0.02381 0.0407494 -0.000825361 0.0109655 -0.0133482 0.0043424 0.0788883 0.0418581 0.0518612 0.0462725 0.0614212 0.0624139 -0.123819 -0.120639 -0.122234 
4.41961e-34 4.54968e-34 0.625176 0.350708 0.350097 -1.42369e-34 1.83662e-34 2.39329e-34 -0.00106231 -0.000356848 -0.000242686 4.24162e-34 -0.0386546 -0.0504258 -0.0466145 
0.330039 0.158398 0.197035 0.177754 0.26415 0.250164 0.019383 0.0045472 0.00417135 0.00476142 0.0107388 0.0116111 0.00912563 0.00909406 0.00764474 
1.1655e-34 2.67242e-34 0.196104 0.104966 0.104553 -6.18151e-35 3.01166e-35 3.94849e-35 -0.000919495 -0.0005022 -0.000267658 7.17306e-35 0.00621479 0.0083818 0.00673069 
4.87407e-34 6.64087e-34 0.646892 0.367728 0.365575 -1.65825e-34 2.97083e-34 3.5602e-34 -0.00287134 -0.00151385 -0.000829155 6.58857e-34 -0.0626745 -0.0756828 -0.0672575 
-0.0955071 0.297274 0.00460028 0.139418 -0.0548649 0.0830841 -0.0429899 -0.149899 -0.0166346 -0.07267 -0.0248982 -0.0757592 -0.143088 -0.143119 -0.164502 
0.780828 0.879017 0.911073 0.92041 0.871639 0.926485 -0.117756 -0.138045 -0.187525 -0.171948 -0.157904 -0.152875 -0.0812623 -0.122979 -0.10009 
0.740455 0.458523 0.323102 0.396469 0.546422 0.60587 -0.0715776 -0.0461393 -0.0209104 -0.0299133 -0.0427199 -0.0604471 -0.0858882 -0.0773677 -0.0824201 
1.05449e-34 0.132659 0.198584 0.167297 0.104672 0.0708122 1.04415e-34 0.00588348 0.00497671 0.00612258 0.00183883 0.00185126 0.020752 0.0205157 0.0200891 
1.10051e-34 0.198584 0.153988 0.178221 0.0812603 0.108797 9.51391e-35 0.00497671 0.000959865 0.00238967 0.000533886 0.00155172 0.0191303 0.0200891 0.0179149 
-1.8246e-35 -0.031058 0.052003 0.00328103 -0.0170611 -0.0365933 -8.76732e-35 0.012433 0.0277862 0.019832 0.0107828 0.00386406 -0.0198371 -0.0324636 -0.00850049 
1.66225e-35 0.052003 0.065783 0.0597093 0.014985 0.00584425 1.46119e-35 0.0277862 0.0150462 0.0209414 0.00489909 0.00956553 0.00093642 -0.00850049 0.00767989 
-9.33375e-36 0.0162982 -0.0166737 0.000374568 -0.0172925 0.000299856 -3.31919e-34 -0.0156246 -0.0213918 -0.01839 -0.00976818 -0.00405186 -0.0659693 -0.0627562 -0.0681981 
-3.83759e-35 -0.0166737 -0.0597252 -0.0404843 -0.0451692 -0.0376426 -3.41877e-34 -0.0213918 -0.00967771 -0.0147399 -0.00438627 -0.00719719 -0.0681561 -0.0681981 -0.0661717 
0.312686 0.153988 0.198584 0.178221 0.259516 0.240304 0.00389228 0.000959865 0.00497671 0.00238967 0.00544029 0.00258279 0.0177791 0.0179149 0.0200891 
0.203116 0.065783 0.052003 0.0597093 0.126761 0.134684 0.0543687 0.0150462 0.0277862 0.0209414 0.0445362 0.03558 0.00877215 0.00767989 -0.00850049 
0.307925 0.198584 0.132659 0.167297 0.227802 0.260586 0.026055 0.00497671 0.00588348 0.00612258 0.016352 0.0141119 0.0210124 0.0200891 0.0205157 
0.0470445 -0.0597252 -0.0166737 -0.0404843 0.00579979 -0.0232698 -0.010586 -0.00967771 -0.0213918 -0.0147399 -0.0287491 -0.0165161 -0.0718763 -0.0661717 -0.0681981 
0.124453 0.052003 -0.031058 0.00328103 0.0362318 0.0804533 0.0611254 0.0277862 0.012433 0.019832 0.0345361 0.0461252 -0.0329328 -0.00850049 -0.0324636 
0.150863 -0.0166737 0.0162982 0.000374568 0.0608958 0.0545515 -0.0582879 -0.0213918 -0.0156246 -0.01839 -0.0386267 -0.0406494 -0.0641438 -0.0681981 -0.0627562 
6.64087e-34 0.835943 0.646892 0.750018 0.367728 0.510175 3.5602e-34 -0.00697372 -0.00287134 -0.00442979 -0.00151385 -0.00250594 -0.0756828 -0.076094 -0.0672575 
0.485336 0.463076 0.879017 0.69512 0.711728 0.473125 -0.0613755 -0.0742011 -0.138045 -0.116978 -0.110199 -0.0668539 -0.135503 -0.145705 -0.122979 
0.326569 0.197035 0.139191 0.167253 0.239734 0.266029 0.00543659 0.00417135 0.000751767 0.00202303 0.002879 0.00607949 0.00724513 0.00764474 0.00702334 
1.0534e-34 0.139191 0.197035 0.167253 0.101191 0.071609 -3.4565e-35 0.000751767 0.00417135 0.00202303 0.00114914 0.000449481 0.00723459 0.00702334 0.00764474 
0.227726 -0.054232 0.139693 0.0419563 0.178517 0.0684297 -0.150033 -0.0564972 -0.0771014 -0.0698076 -0.11734 -0.11137 0.00367549 0.00473587 0.0394129 
8.00305e-35 0.169804 2.03595e-34 0.0893112 -3.43769e-35 0.0893783 -7.4539e-38 -0.000116835 -7.83947e-36 -6.72832e-05 -7.65576e-36 -3.94934e-05 1.17179e-05 0.00100318 0.00153906 
2.23133e-34 0.323102 0.458523 0.396469 0.219768 0.148254 -4.13468e-34 -0.0209104 -0.0461393 -0.0299133 -0.010322 -0.00632979 -0.0816644 -0.0824201 -0.0773677 
0.230713 0.432597 0.0328811 0.164215 0.117621 0.315854 -0.0150695 -0.0513561 0.0366856 -0.00262224 0.0124433 -0.0297913 -0.118361 -0.124327 -0.123849 
-1.09907e-35 0.139693 -0.054232 0.0419563 -0.0651316 0.00342076 -1.80145e-34 -0.0771014 -0.0564972 -0.0698076 -0.0174185 -0.0291345 0.0297008 0.0394129 0.00473587 
8.17481e-35 2.0351e-34 0.180734 0.0953873 0.0953184 -4.68015e-35 -7.6999e-38 6.71059e-36 -0.000127287 -7.38556e-05 -4.38495e-05 6.88728e-36 -1.18237e-05 0.00141523 0.000867204 
0.416943 0.29828 0.200541 0.250768 0.325185 0.366905 0.0395992 0.0160388 0.0086897 0.012266 0.0234073 0.0260196 0.0159458 0.0237264 0.0167976 
0.29293 0.00460028 0.297274 0.139418 0.293038 0.154959 -0.0901871 -0.0166346 -0.149899 -0.07267 -0.122215 -0.0465895 -0.161807 -0.164502 -0.143119 
1.18158e-34 0.212226 0.160936 0.187443 0.0856806 0.115323 6.61969e-35 -0.000343778 -0.000699265 -0.000627124 -0.00013456 -0.000210619 0.0135527 0.0150292 0.0123122 
1.65789e-34 0.200541 0.29828 0.250768 0.165475 0.112043 -9.01163e-35 0.0086897 0.0160388 0.012266 0.00506903 0.00226738 0.0193392 0.0167976 0.0237264 
1.93091e-34 0.255171 0.298661 0.285698 0.188536 0.146435 -1.92085e-34 0.00394266 -0.0138302 -0.0034276 -0.00405392 0.000151673 0.0382832 0.0329043 0.0434039 
1.17511e-34 0.153988 0.212226 0.184276 0.115538 0.0820873 8.13214e-35 0.000959865 -0.000343778 0.00050703 -0.00012512 0.000223339 0.0165617 0.0179149 0.0150292 
1.62346e-34 0.298661 0.168519 0.24267 0.105175 0.175847 -2.50599e-34 -0.0138302 -0.0237101 -0.0226592 -0.00852213 -0.00769463 0.0487063 0.0434039 0.0502445 
1.24879e-34 0.158398 0.233533 0.194548 0.121781 0.0847533 -4.62709e-35 0.0045472 0.0122222 0.00755088 0.00348603 0.00157128 0.0101195 0.00909406 0.0119717 
8.43035e-35 0.150173 0.132659 0.144614 0.0649143 0.0787997 1.01733e-34 0.0177617 0.00588348 0.0102045 0.00248493 0.00625078 0.0195901 0.0175312 0.0205157 
6.01152e-35 0.065783 0.150173 0.108375 0.0637686 0.0293574 7.49545e-35 0.0150462 0.0177617 0.0171666 0.00689914 0.00480626 0.0136869 0.00767989 0.0175312 
-5.33035e-35 -0.0389361 -0.031058 -0.0411435 -0.0486598 -0.0642083 -2.0398e-34 0.00768781 0.012433 0.0129536 0.00257102 0.000342859 -0.0423283 -0.055162 -0.0324636 
-5.82284e-35 -0.0597252 -0.0389361 -0.0591638 -0.0660438 -0.0524946 -2.98683e-34 -0.00967771 0.00768781 -0.00149249 -0.000170433 -0.0024023 -0.0606838 -0.0661717 -0.055162 
2.95006e-35 0.0897149 0.0162982 0.0518428 0.0123583 0.0333373 -3.1042e-34 -0.0182798 -0.0156246 -0.0180674 -0.00287129 -0.0024798 -0.0621614 -0.0589672 -0.0627562 
1.3878e-34 0.233533 0.200541 0.218027 0.104012 0.130762 -6.33188e-35 0.0122222 0.0086897 0.011298 0.00217257 0.00398366 0.0137525 0.0119717 0.0167976 
4.72906e-35 0.0892082 0.0897149 0.0919911 0.0425934 0.0336884 -3.01297e-34 -0.00823398 -0.0182798 -0.0115666 -0.00274376 -0.00201731 -0.0606213 -0.0612944 -0.0589672 
1.00187e-34 0.136538 0.187687 0.162226 0.097364 0.0696978 -3.48599e-35 -0.000614154 -0.000529261 -0.000621103 -0.00015436 -0.000108322 0.0070156 0.00691883 0.00697289 
1.01598e-34 0.187687 0.139191 0.163353 0.0707657 0.0971278 -3.42945e-35 -0.000529261 0.000751767 0.000266119 0.000276394 -6.82765e-05 0.00696986 0.00697289 0.00702334 
0.177048 0.629475 0.297274 0.470045 0.231757 0.40855 -0.144961 -0.260697 -0.149899 -0.214856 -0.144301 -0.213694 -0.106445 -0.10763 -0.143119 
0.498341 0.498087 0.46906 0.48796 0.495586 0.500026 -0.00504415 -0.00449778 -0.00460328 -0.00469231 -0.00500797 -0.00481647 0.00676403 0.00604921 0.00699769 
8.17481e-35 0.180734 0.244593 0.213553 0.132329 0.0953184 -7.6999e-38 -0.000127287 -0.000140426 -0.000128173 -4.04882e-05 -4.38495e-05 -1.18237e-05 0.000867204 -3.9832e-06 
-0.107194 0.180215 0.00133312 0.0835419 -0.0404026 0.0457446 0.0810472 0.033898 0.0927041 0.0698151 0.0845416 0.0614009 -0.150823 -0.145279 -0.134028 
8.00305e-35 0.245219 0.169804 0.208729 0.0893783 0.132986 -7.4539e-38 -0.000141622 -0.000116835 -0.000124354 -3.94934e-05 -4.04252e-05 1.17179e-05 4.89121e-06 0.00100318 
0.352284 0.47604 0.430139 0.456059 0.394809 0.427257 -0.00245221 -0.00420024 -0.00434148 -0.00435431 -0.00340625 -0.00342237 0.00556306 0.00580471 0.00654613 
2.28648e-34 0.458523 0.324878 0.392279 0.146887 0.191319 -3.82278e-34 -0.0461393 -0.0386974 -0.0423422 -0.00929046 -0.0104144 -0.074307 -0.0773677 -0.0723216 
0.177048 -0.0484921 0.378418 0.144367 0.275687 0.0358755 -0.144961 -0.0907147 -0.219072 -0.154048 -0.193736 -0.113667 -0.106445 -0.0463119 -0.0537126 
0.227726 0.378418 -0.0484921 0.144367 0.0717935 0.29832 -0.150033 -0.219072 -0.0907147 -0.154048 -0.126274 -0.184971 0.00367549 -0.0537126 -0.0463119 
0.794234 0.863024 0.586482 0.753871 0.700604 0.829319 -0.264368 -0.23891 -0.16234 -0.21502 -0.220717 -0.254783 -0.122302 -0.120147 -0.150588 
2.21417e-34 1.12195e-34 0.183622 0.0966044 0.0961777 -5.4141e-35 -3.26346e-35 -2.78369e-35 -0.000896435 -0.000256883 -0.000475143 -5.86545e-35 0.00634401 0.00556462 0.00579505 
0.499504 0.498087 0.47604 0.496949 0.492137 0.499914 -0.00348967 -0.00449778 -0.00420024 -0.00445423 -0.00390539 -0.00401619 0.004807 0.00604921 0.00580471 
0.498341 0.47604 0.498087 0.496949 0.500026 0.490323 -0.00504415 -0.00420024 -0.00449778 -0.00445423 -0.00481647 -0.00472609 0.00676403 0.00580471 0.00604921 
0.489863 0.489743 0.500007 0.497486 0.497429 0.500006 -0.00058881 -0.000592225 -0.000882278 -0.000717858 -0.000715186 -0.00065741 2.46968e-06 -3.42734e-06 0.000953213 
0.227726 -0.0484921 -0.054232 -0.0713289 0.0684297 0.0717935 -0.150033 -0.0907147 -0.0564972 -0.0740762 -0.11137 -0.126274 0.00367549 -0.0463119 0.00473587 
-1.39226e-34 -0.054232 -0.0484921 -0.0713289 -0.180195 -0.117213 5.3538e-35 -0.0564972 -0.0907147 -0.0740762 -0.024375 -0.017708 -0.0173057 0.00473587 -0.0463119 
0.359765 0.474365 0.429005 0.454446 0.397288 0.428563 -0.00233272 -0.00355692 -0.00222536 -0.00287039 -0.00233354 -0.00303262 0.00569006 0.00531385 0.00422511 
4.54968e-34 0.775513 0.625176 0.705098 0.350708 0.457395 2.39329e-34 -0.00244137 -0.00106231 -0.00157925 -0.000356848 -0.000761989 -0.0504258 -0.0559624 -0.0466145 
0.998714 0.775513 0.997119 0.930452 0.997905 0.93521 -0.00195687 -0.00244137 -0.00354856 -0.00334903 -0.00291908 -0.00264003 -0.0459325 -0.0559624 -0.0550989 
0.989827 0.997119 0.775513 0.930452 0.917292 0.994117 -0.00528381 -0.00354856 -0.00244137 -0.00334903 -0.0041986 -0.00432712 -0.0640972 -0.0550989 -0.0559624 
0.710444 0.378418 0.605015 0.5017 0.658385 0.565717 -0.295205 -0.219072 -0.243057 -0.240789 -0.271974 -0.262288 -0.0523133 -0.0537126 -0.0107795 
0.227726 0.605015 0.378418 0.5017 0.29832 0.429384 -0.150033 -0.243057 -0.219072 -0.240789 -0.184971 -0.202724 0.00367549 -0.0107795 -0.0537126 
7.55309e-34 5.0892e-34 0.0328811 -0.0128489 0.030798 1.06285e-33 3.0734e-34 4.36924e-35 0.0366856 0.0436297 0.0259311 7.71477e-36 -0.13695 -0.123282 -0.123849 
0.326569 0.371474 0.197035 0.291357 0.266029 0.347954 0.00543659 0.0170431 0.00417135 0.010447 0.00607949 0.0106744 0.00724513 0.00812097 0.00764474 
0.416943 0.479542 0.29828 0.401373 0.366905 0.450076 0.0395992 0.0377234 0.0160388 0.0234343 0.0260196 0.0411668 0.0159458 0.0211891 0.0237264 
0.230713 0.748393 0.789443 0.765306 0.537938 0.507937 -0.0150695 -0.0764989 -0.0648756 -0.0700582 -0.0522588 -0.0492782 -0.118361 -0.118385 -0.117199 
-1.39226e-34 -1.09907e-35 -0.054232 -0.0651316 -0.117213 -2.48813e-35 5.3538e-35 -1.80145e-34 -0.0564972 -0.0174185 -0.017708 -5.59924e-35 -0.0173057 0.0297008 0.00473587 
0.989827 0.646892 0.835943 0.750018 0.93644 0.879815 -0.00528381 -0.00287134 -0.00697372 -0.00442979 -0.00681007 -0.00504218 -0.0640972 -0.0672575 -0.076094 
0.150863 0.146265 -0.0166737 0.0497609 0.0545515 0.149981 -0.0582879 -0.0508875 -0.0213918 -0.0409971 -0.0406494 -0.0619839 -0.0641438 -0.0743304 -0.0681981 
0.124453 0.217353 0.052003 0.129449 0.0804533 0.168552 0.0611254 0.0812514 0.0277862 0.0549305 0.0461252 0.0752721 -0.0329328 -0.00601918 -0.00850049 
0.307925 0.355842 0.198584 0.285462 0.260586 0.334108 0.026055 0.0144868 0.00497671 0.0101496 0.0141119 0.0198619 0.0210124 0.0193147 0.0200891 
1.13995e-34 0.160936 0.208888 0.185565 0.112968 0.0851015 5.25199e-35 -0.000699265 -0.00134688 -0.00102954 -0.000450009 -0.000207248 0.0108092 0.0123122 0.0100011 
1.13995e-34 1.18158e-34 0.160936 0.0856806 0.0851015 -1.72134e-35 5.25199e-35 6.61969e-35 -0.000699265 -0.00013456 -0.000207248 1.19445e-34 0.0108092 0.0135527 0.0123122 
0.315773 0.208888 0.160936 0.185565 0.244542 0.265517 -0.00215386 -0.00134688 -0.000699265 -0.00102954 -0.00150756 -0.0019085 0.012104 0.0100011 0.0123122 
1.93091e-34 1.84229e-34 0.255171 0.142778 0.146435 -2.11671e-35 -1.92085e-34 -1.33204e-34 0.00394266 0.00192728 0.000151673 -3.26314e-34 0.0382832 0.0278937 0.0329043 
3.78349e-34 4.12521e-34 0.412222 0.216999 0.206523 -1.71438e-35 -4.53571e-34 -4.42206e-34 -0.0151518 -0.00530994 -0.00431929 -8.69732e-34 -0.089506 -0.088061 -0.0883866 
2.23133e-34 3.43333e-34 0.323102 0.164525 0.148254 -2.39629e-35 -4.13468e-34 -4.28578e-34 -0.0209104 -0.00773901 -0.00632979 -8.11164e-34 -0.0816644 -0.0840585 -0.0824201 
1.24879e-34 1.10109e-34 0.158398 0.0805165 0.0847533 -1.42908e-35 -4.62709e-35 -3.78623e-35 0.0045472 0.0012603 0.00157128 -8.98598e-35 0.0101195 0.00806716 0.00909406 
1.05449e-34 8.43035e-35 0.132659 0.0649143 0.0708122 -1.28216e-35 1.04415e-34 1.01733e-34 0.00588348 0.00248493 0.00185126 1.98453e-34 0.020752 0.0195901 0.0205157 
1.17511e-34 1.10051e-34 0.153988 0.0812603 0.0820873 -1.09167e-35 8.13214e-35 9.51391e-35 0.000959865 0.000533886 0.000223339 1.75095e-34 0.0165617 0.0191303 0.0179149 
-1.8246e-35 -5.33035e-35 -0.031058 -0.0486598 -0.0365933 -1.58938e-35 -8.76732e-35 -2.0398e-34 0.012433 0.00257102 0.00386406 -3.07854e-34 -0.0198371 -0.0423283 -0.0324636 
6.01152e-35 1.66225e-35 0.065783 0.014985 0.0293574 -1.76286e-35 7.49545e-35 1.46119e-35 0.0150462 0.00489909 0.00480626 7.25015e-35 0.0136869 0.00093642 0.00767989 
-9.33375e-36 2.95006e-35 0.0162982 0.0123583 0.000299856 4.49536e-36 -3.31919e-34 -3.1042e-34 -0.0156246 -0.00287129 -0.00405186 -6.25458e-34 -0.0659693 -0.0621614 -0.0627562 
-5.82284e-35 -3.83759e-35 -0.0597252 -0.0451692 -0.0524946 2.8348e-36 -2.98683e-34 -3.41877e-34 -0.00967771 -0.00438627 -0.0024023 -6.35694e-34 -0.0606838 -0.0681561 -0.0661717 
0.962956 0.789443 0.748393 0.765306 0.889172 0.905168 -0.0832062 -0.0648756 -0.0764989 -0.0700582 -0.0873431 -0.0795218 -0.105759 -0.117199 -0.118385 
1.00187e-34 9.39913e-35 0.136538 0.0702638 0.0696978 -1.01652e-35 -3.48599e-35 -3.41501e-35 -0.000614154 -0.000211731 -0.000108322 -6.83927e-35 0.0070156 0.0068338 0.00691883 
1.0534e-34 1.01598e-34 0.139191 0.0707657 0.071609 -1.2328e-35 -3.4565e-35 -3.42945e-35 0.000751767 0.000276394 0.000449481 -7.00053e-35 0.00723459 0.00696986 0.00702334 
4.72906e-35 6.95492e-35 0.0892082 0.0418226 0.0336884 -6.98659e-36 -3.01297e-34 -3.17344e-34 -0.00823398 -0.00150188 -0.00201731 -6.07361e-34 -0.0606213 -0.0636169 -0.0612944 
1.65789e-34 1.3878e-34 0.200541 0.104012 0.112043 -1.23422e-35 -9.01163e-35 -6.33188e-35 0.0086897 0.00217257 0.00226738 -1.63744e-34 0.0193392 0.0137525 0.0167976 
8.14546e-35 1.62346e-34 0.168519 0.105175 0.0774331 -9.78511e-36 -2.72509e-34 -2.50599e-34 -0.0237101 -0.00852213 -0.0095027 -4.89398e-34 0.0499996 0.0487063 0.0502445 
0.50356 0.694338 0.732224 0.719549 0.633773 0.600918 -0.165627 -0.231959 -0.256192 -0.24861 -0.20956 -0.200944 -0.0661605 -0.0677302 -0.0643634 
0.887019 0.789443 0.978198 0.934136 0.961404 0.841046 -0.0559071 -0.0648756 -0.0676928 -0.0732898 -0.0680514 -0.0620935 -0.114497 -0.117199 -0.102952 
5.01287e-34 5.15407e-34 -0.0086332 -0.00170137 -0.00321528 1.02491e-33 1.46693e-35 -2.92163e-37 0.00789874 -0.00118345 0.00513875 -2.42018e-36 -0.121832 -0.123902 -0.123457 
0.999402 0.999402 0.835943 0.954275 0.962782 0.999792 -0.0130128 -0.00875486 -0.00697372 -0.00868601 -0.0112782 -0.0105615 -0.0805484 -0.0720171 -0.076094 
0.989827 0.835943 0.999402 0.954275 0.996275 0.93644 -0.00528381 -0.00697372 -0.00875486 -0.00868601 -0.00731293 -0.00681007 -0.0640972 -0.076094 -0.0720171 
2.28442e-34 0.437703 0.75 0.609499 0.4375 0.234491 6.48102e-35 -0.000181884 -4.41717e-37 -0.000146055 -1.54722e-37 -7.91572e-05 -0.0272417 -0.0329377 -0.027107 
0.387 0.431584 0.139693 0.283403 0.272854 0.411379 -0.0863635 -0.14893 -0.0771014 -0.119348 -0.0947965 -0.116935 0.0439411 0.031062 0.0394129 
6.95492e-35 0.197158 0.0892082 0.135043 0.0418226 0.0738738 -3.17344e-34 -0.0281572 -0.00823398 -0.0160873 -0.00150188 -0.00525865 -0.0636169 -0.06341 -0.0612944 
0.307292 0.0892082 0.197158 0.135043 0.258048 0.185697 -0.0690027 -0.00823398 -0.0281572 -0.0160873 -0.04538 -0.0284279 -0.0592694 -0.0612944 -0.06341 
0.962956 0.978198 0.789443 0.934136 0.905168 0.97377 -0.0832062 -0.0676928 -0.0648756 -0.0732898 -0.0795218 -0.0759159 -0.105759 -0.102952 -0.117199 
0.795745 0.732224 0.694338 0.719549 0.774855 0.776571 -0.303051 -0.256192 -0.231959 -0.24861 -0.27832 -0.283078 -0.0744391 -0.0643634 -0.0677302 
0.295889 0.136538 0.189442 0.163325 0.245278 0.221533 -0.00214701 -0.000614154 -0.00120055 -0.000911289 -0.00176775 -0.00141741 0.00705927 0.00691883 0.00673696 
9.39913e-35 0.189442 0.136538 0.163325 0.0702638 0.0988518 -3.41501e-35 -0.00120055 -0.000614154 -0.000911289 -0.000211731 -0.000431545 0.0068338 0.00673696 0.00691883 
-0.116412 -0.0572797 -0.0230825 -0.0451915 -0.0637061 -0.0851012 0.0652846 0.0485168 0.0163629 0.0309048 0.0359637 0.0570293 -0.129844 -0.1249 -0.126432 
0.887019 0.432597 0.789443 0.635742 0.841046 0.71318 -0.0559071 -0.0513561 -0.0648756 -0.0595006 -0.0620935 -0.0544751 -0.114497 -0.124327 -0.117199 
-1.43111e-34 -0.254813 -0.176452 -0.215317 -0.10792 -0.142029 7.38917e-34 0.0391484 0.0443599 0.0434089 0.016978 0.0176076 -0.145475 -0.148509 -0.140042 
7.55309e-34 0.0328811 0.432597 0.164215 0.240115 0.030798 3.0734e-34 0.0366856 -0.0513561 -0.00262224 -0.0319796 0.0259311 -0.13695 -0.123849 -0.124327 
-0.125099 -0.291489 0.00460028 -0.167436 -0.0630224 -0.217329 0.0480276 0.0242509 -0.0166346 0.0178236 0.0185102 0.0442574 -0.163212 -0.152096 -0.164502 
0.312686 0.198584 0.355842 0.285462 0.336272 0.259516 0.00389228 0.00497671 0.0144868 0.0101496 0.00839235 0.00544029 0.0177791 0.0200891 0.0193147 
-0.0955071 0.00460028 -0.291489 -0.167436 -0.218922 -0.0548649 -0.0429899 -0.0166346 0.0242509 0.0178236 0.000714055 -0.0248982 -0.143088 -0.164502 -0.152096 
0.203116 0.052003 0.217353 0.129449 0.20876 0.126761 0.0543687 0.0277862 0.0812514 0.0549305 0.0686608 0.0445362 0.00877215 -0.00850049 -0.00601918 
0.0470445 -0.0166737 0.146265 0.0497609 0.0906015 0.00579979 -0.010586 -0.0213918 -0.0508875 -0.0409971 -0.0305002 -0.0287491 -0.0718763 -0.0681981 -0.0743304 
0.437094 0.29828 0.479542 0.401373 0.46292 0.376611 0.00728274 0.0160388 0.0377234 0.0234343 0.0242575 0.0144721 0.0299444 0.0237264 0.0211891 
0.330039 0.197035 0.371474 0.291357 0.351283 0.26415 0.019383 0.00417135 0.0170431 0.010447 0.0185364 0.0107388 0.00912563 0.00764474 0.00812097 
0.443464 0.440231 0.493358 0.472792 0.471105 0.442296 0.0499605 0.0773334 0.0614365 0.0698128 0.0558261 0.0627464 0.0185273 0.0160913 0.01538 
0.650229 0.605015 0.431584 0.520953 0.553854 0.63147 -0.193156 -0.243057 -0.14893 -0.197803 -0.17506 -0.217739 0.0012247 -0.0107795 0.031062 
0.513821 0.493358 0.440231 0.472792 0.485936 0.503887 0.0774 0.0614365 0.0773334 0.0698128 0.0798226 0.0697263 0.0134851 0.01538 0.0160913 
0.745991 0.823863 0.694338 0.779221 0.721935 0.803438 -0.220242 -0.291777 -0.231959 -0.270525 -0.229262 -0.266286 -0.0711377 -0.083879 -0.0677302 
1.1655e-34 0.196104 0.201177 0.198635 0.107558 0.104553 3.01166e-35 -0.000919495 -0.000698061 -0.000796253 -0.000177626 -0.000267658 0.00621479 0.00673069 0.00547959 
0.378463 0.387681 0.527439 0.465673 0.454082 0.379615 0.0894418 0.0384469 0.068656 0.0594057 0.084397 0.0673032 -0.0370649 -0.0593451 -0.0349865 
0.795745 0.694338 0.823863 0.779221 0.811247 0.774855 -0.303051 -0.231959 -0.291777 -0.270525 -0.300883 -0.27832 -0.0744391 -0.0677302 -0.083879 
0.605843 0.527439 0.387681 0.465673 0.510284 0.565879 0.0107138 0.068656 0.0384469 0.0594057 0.0323286 0.0413419 -0.0374373 -0.0349865 -0.0593451 
1.12195e-34 0.202245 0.183622 0.192975 0.0966044 0.107068 -2.78369e-35 -0.000784505 -0.000896435 -0.000841304 -0.000256883 -0.000211492 0.00556462 0.00514921 0.00579505 
0.500048 0.489784 0.497108 0.49953 0.499651 0.496844 -0.00392452 -0.00536332 -0.00522824 -0.0051418 -0.00483201 -0.00497625 0.00899271 0.00764134 0.00820541 
0.458597 0.471969 0.496413 0.487238 0.482909 0.4659 -0.00333163 0.0022726 -0.00122404 0.000227108 -0.00242566 -0.00136617 0.0109492 0.0128819 0.0106711 
0.500237 0.496413 0.471969 0.487238 0.493645 0.499317 0.00383923 -0.00122404 0.0022726 0.000227108 0.00286461 0.00107031 0.0108452 0.0106711 0.0128819 
0.887019 0.978198 0.987252 0.982905 0.969384 0.961404 -0.0559071 -0.0676928 -0.051736 -0.0605253 -0.0606985 -0.0680514 -0.114497 -0.102952 -0.101177 
0.500237 0.496089 0.464758 0.483836 0.490838 0.499027 0.00383923 0.0105795 0.00269718 0.0061921 0.00359668 0.00693229 0.0108452 0.0107843 0.00881222 
0.462864 0.464758 0.496089 0.483836 0.483477 0.46325 0.012174 0.00269718 0.0105795 0.0061921 0.0111597 0.00700816 0.00904026 0.00881222 0.0107843 
0.319877 0.208888 0.3649 0.29447 0.343296 0.267953 -0.00260382 -0.00134688 -0.00346554 -0.00234173 -0.00316827 -0.00192369 0.00794176 0.0100011 0.00987092 
0.315773 0.3649 0.208888 0.29447 0.265517 0.341384 -0.00215386 -0.00346554 -0.00134688 -0.00234173 -0.0019085 -0.00295026 0.012104 0.00987092 0.0100011 
0.740455 0.949797 0.902572 0.928036 0.838589 0.874852 -0.0715776 -0.0924721 -0.11039 -0.102848 -0.0920981 -0.0870931 -0.0858882 -0.0991144 -0.092843 
0.191992 0.591935 0.748393 0.66955 0.439955 0.380334 0.00415679 -0.0693067 -0.0764989 -0.0730914 -0.0408769 -0.0288463 -0.122697 -0.125561 -0.118385 
0.513821 0.535353 0.509147 0.52644 0.52126 0.524493 0.0774 0.0859435 0.0622397 0.0742083 0.0701525 0.0828362 0.0134851 0.0108096 0.011533 
0.529258 0.509147 0.535353 0.52644 0.538116 0.518765 0.0724867 0.0622397 0.0859435 0.0742083 0.0817854 0.067923 0.0121308 0.011533 0.0108096 
0.920353 0.902572 0.949797 0.928036 0.955035 0.950577 -0.112013 -0.11039 -0.0924721 -0.102848 -0.105821 -0.119499 -0.113461 -0.092843 -0.0991144 
0.230713 0.789443 0.432597 0.635742 0.315854 0.537938 -0.0150695 -0.0648756 -0.0513561 -0.0595006 -0.0297913 -0.0522588 -0.118361 -0.117199 -0.124327 
0.605843 0.66007 0.673727 0.680588 0.664424 0.632358 0.0107138 -0.055094 -0.019235 -0.030196 0.00258483 -0.0203489 -0.0374373 -0.0372309 -0.00191771 
0.920353 0.748393 0.591935 0.66955 0.801332 0.852613 -0.112013 -0.0764989 -0.0693067 -0.0730914 -0.0977021 -0.0969181 -0.113461 -0.118385 -0.125561 
0.537923 0.540561 0.197158 0.362018 0.353564 0.544022 -0.0949703 -0.121993 -0.0281572 -0.0653793 -0.0547249 -0.10919 -0.0683387 -0.0658274 -0.06341 
0.674006 0.673727 0.66007 0.680588 0.6997 0.681361 -0.124218 -0.019235 -0.055094 -0.030196 -0.0822642 -0.0689099 0.00758512 -0.00191771 -0.0372309 
0.84826 0.987252 0.978198 0.982905 0.941454 0.942721 -0.0453171 -0.051736 -0.0676928 -0.0605253 -0.058166 -0.0505313 -0.0932896 -0.101177 -0.102952 
0.227816 0.463076 0.180215 0.305063 0.212155 0.3342 -0.0128144 -0.0742011 0.033898 -0.0152597 0.0133496 -0.0415181 -0.163689 -0.145705 -0.145279 
0.485336 0.180215 0.463076 0.305063 0.473125 0.304979 -0.0613755 0.033898 -0.0742011 -0.0152597 -0.0668539 -0.0144327 -0.135503 -0.145279 -0.145705 
0.283804 0.335868 0.189442 0.268223 0.238535 0.310648 -0.00214298 -0.00331704 -0.00120055 -0.00215468 -0.00170411 -0.00273119 0.00637973 0.00684008 0.00673696 
-0.0268327 -0.0230825 -0.0572797 -0.0451915 -0.04162 -0.0276534 0.0219418 0.0163629 0.0485168 0.0309048 0.0346335 0.0191 -0.124116 -0.126432 -0.1249 
0.307292 0.197158 0.540561 0.362018 0.421592 0.258048 -0.0690027 -0.0281572 -0.121993 -0.0653793 -0.094742 -0.04538 -0.0592694 -0.06341 -0.0658274 
0.295889 0.189442 0.335868 0.268223 0.316321 0.245278 -0.00214701 -0.00120055 -0.00331704 -0.00215468 -0.0028964 -0.00176775 0.00705927 0.00673696 0.00684008 
0.46906 0.498087 0.474365 0.489658 0.471777 0.48796 -0.00460328 -0.00449778 -0.00355692 -0.00408388 -0.00408696 -0.00469231 0.00699769 0.00604921 0.00531385 
0.724278 0.586482 0.863024 0.753871 0.807509 0.654346 -0.161997 -0.16234 -0.23891 -0.21502 -0.208242 -0.161674 -0.14311 -0.150588 -0.120147 
0.734085 0.725069 0.595955 0.686785 0.67566 0.731048 -0.240822 -0.191273 -0.14734 -0.169081 -0.193364 -0.21682 -0.0522607 -0.0298345 -0.0646921 
0.569158 0.583206 0.50427 0.554485 0.536624 0.582278 0.0958358 0.100371 0.115949 0.10893 0.109634 0.102587 -0.0121964 0.00176168 -0.00620513 
0.50312 0.498881 0.490981 0.501404 0.497688 0.503185 0.0435255 0.0294987 0.0309849 0.0305932 0.037091 0.0359984 0.0142296 0.0121027 0.0153377 
0.499504 0.474365 0.498087 0.489658 0.499914 0.495324 -0.00348967 -0.00355692 -0.00449778 -0.00408388 -0.00401619 -0.00360193 0.004807 0.00531385 0.00604921 
0.498341 0.497108 0.489784 0.49953 0.494993 0.500065 -0.00504415 -0.00522824 -0.00536332 -0.0051418 -0.0052809 -0.00519303 0.00676403 0.00820541 0.00764134 
0.500724 0.490981 0.498881 0.501404 0.500825 0.498074 0.0204333 0.0309849 0.0294987 0.0305932 0.0249194 0.0254793 0.0128125 0.0153377 0.0121027 
0.539163 0.50427 0.583206 0.554485 0.561293 0.525695 0.105132 0.115949 0.100371 0.10893 0.10397 0.112973 0.00601758 -0.00620513 0.00176168 
0.650606 0.595955 0.725069 0.686785 0.699576 0.625351 -0.106036 -0.14734 -0.191273 -0.169081 -0.14662 -0.127787 -0.0490588 -0.0646921 -0.0298345 
5.15407e-34 -0.00170929 -0.0086332 -0.00664575 -0.00170137 1.46903e-06 -2.92163e-37 4.18914e-05 0.00789874 0.00305774 -0.00118345 -0.00191828 -0.123902 -0.124605 -0.123457 
-0.0268327 -0.0086332 -0.00170929 -0.00664575 -0.0121854 -0.017155 0.0219418 0.00789874 4.18914e-05 0.00305774 0.00791062 0.01495 -0.124116 -0.123457 -0.124605 
5.01287e-34 -0.0086332 -0.0223965 -0.0164456 -0.00820184 -0.00321528 1.46693e-35 0.00789874 0.0403485 0.0223318 0.0226894 0.00513875 -0.121832 -0.123457 -0.122592 
-0.0268327 -0.0223965 -0.0086332 -0.0164456 -0.017155 -0.0275596 0.0219418 0.0403485 0.00789874 0.0223318 0.01495 0.0313441 -0.124116 -0.122592 -0.123457 
