0.454687 0.838391 7.64758e-34 0.562986 0.252375 0.680439 -0.0577289 -0.0344926 2.97695e-34 -0.0413135 -0.0359174 -0.0554667 -0.121258 -0.112107 -0.134667 
-0.0915825 -0.107767 0.325622 0.100722 0.104325 -0.094372 0.0263632 -0.0386813 -0.10123 -0.0541208 -0.0140219 0.00294013 -0.181994 -0.169023 -0.186245 
0.500025 0.462529 0.49509 0.496155 0.498728 0.490813 -0.00102047 -0.000294515 -0.000482623 -0.000372767 -0.000826429 -0.000774442 0.011005 0.013028 0.0117967 
0.499982 0.45014 0.498919 0.492341 0.500254 0.486076 0.0168729 0.0250189 0.0241577 0.0257236 0.0204148 0.0211902 0.0168814 0.019383 0.0173203 
0.518001 0.425957 0.544677 0.510556 0.530345 0.491625 0.0478987 0.0624843 0.0353988 0.0519457 0.0438317 0.057768 0.0170663 -0.00195442 0.0160212 
0.409387 0.383818 0.782257 0.620459 0.6492 0.390041 -0.237582 -0.266432 -0.31209 -0.307128 -0.303531 -0.261538 -0.134364 -0.058961 -0.0712222 
0.384533 0.307925 0.203888 0.258734 0.30474 0.348675 -0.000803274 -0.000557698 -0.000299456 -0.000459861 -0.000550584 -0.000679412 0.0115754 0.00996082 0.0117209 
0.634772 0.526155 0.5967 0.58254 0.616357 0.614397 -0.0716063 -0.105603 -0.0293168 -0.0668197 -0.048234 -0.0934714 -0.00407319 0.0382287 0.0167608 
0.898894 0.838391 0.454687 0.680439 0.733286 0.871655 -0.06646 -0.0344926 -0.0577289 -0.0554667 -0.0624249 -0.0515098 -0.109824 -0.112107 -0.121258 
0.441919 0.269218 0.362526 0.320805 0.408799 0.373547 0.020587 0.010171 0.0227121 0.0168163 0.0238749 0.0156223 0.0321781 0.0358531 0.0268865 
0.634772 0.629784 0.526155 0.580165 0.614397 0.65181 -0.0716063 -0.174428 -0.105603 -0.138878 -0.0934714 -0.121483 -0.00407319 0.012682 0.0382287 
0.357119 0.315292 0.466578 0.40619 0.421361 0.336868 -0.000267902 -0.000360054 -0.000611895 -0.000507913 -0.000428618 -0.00031689 0.00553887 0.00723326 0.00671866 
0.447603 0.466578 0.315292 0.40619 0.391535 0.45761 -0.000766998 -0.000611895 -0.000360054 -0.000507913 -0.000575178 -0.000692945 0.00809333 0.00671866 0.00723326 
0.499982 0.466305 0.494187 0.497234 0.498003 0.492996 0.0168729 0.00721114 0.0103067 0.00916559 0.0134159 0.0116094 0.0168814 0.0141992 0.0164464 
0.500025 0.458819 0.495382 0.495441 0.498895 0.489474 -0.00102047 -0.00107695 -0.00116057 -0.00113399 -0.00112082 -0.00110461 0.011005 0.0095225 0.0101476 
0.50001 0.458819 0.491506 0.478232 0.497765 0.489495 -0.001099 -0.00107695 -0.000924436 -0.00102597 -0.00103302 -0.00113148 0.00907267 0.0095225 0.00792037 
0.491506 0.458819 0.440292 0.449981 0.47166 0.478232 -0.000924436 -0.00107695 -0.000778839 -0.000907876 -0.000858243 -0.00102597 0.00792037 0.0095225 0.00813223 
0.389737 0.202091 0.308059 0.257833 0.350644 0.30692 0.0100572 0.00278532 0.00294447 0.0033676 0.00589672 0.00652355 0.0148569 0.0149109 0.0134651 
0.441919 0.362526 0.495379 0.44986 0.475474 0.408799 0.020587 0.0227121 0.0413987 0.0321505 0.0317166 0.0238749 0.0321781 0.0268865 0.0226779 
0.0352641 -0.0191545 -0.0062133 -0.025682 0.024415 0.00409228 0.0890063 0.0866684 0.116837 0.110306 0.0997824 0.0965584 -0.121465 -0.122903 -0.134039 
0.714645 0.853989 0.626384 0.786427 0.670092 0.828525 -0.213023 -0.303048 -0.194531 -0.258835 -0.211692 -0.268037 -0.0748666 -0.0968364 -0.0673101 
0.629784 0.639738 0.404213 0.519444 0.53606 0.638661 -0.174428 -0.278694 -0.172245 -0.228955 -0.18068 -0.226617 0.012682 -0.0235854 0.0359364 
0.782257 0.626384 0.853989 0.786427 0.819363 0.776332 -0.31209 -0.194531 -0.303048 -0.258835 -0.309843 -0.258683 -0.0712222 -0.0673101 -0.0968364 
0.389737 0.308059 0.466305 0.403073 0.433324 0.350644 0.0100572 0.00294447 0.00721114 0.00514887 0.00898694 0.00589672 0.0148569 0.0134651 0.0141992 
0.384533 0.454435 0.307925 0.393875 0.348675 0.423489 -0.000803274 -0.00102071 -0.000557698 -0.000805783 -0.000679412 -0.000963326 0.0115754 0.00964873 0.00996082 
0.709213 0.639738 0.629784 0.638661 0.677598 0.704257 -0.19523 -0.278694 -0.174428 -0.226617 -0.186561 -0.244245 -0.0272429 -0.0235854 0.012682 
0.380958 0.303774 0.458819 0.395622 0.424915 0.344741 -0.00079092 -0.000571376 -0.00107695 -0.000825025 -0.000942531 -0.00068823 0.0105165 0.00933818 0.0095225 
0.384533 0.308418 0.462529 0.400529 0.429001 0.348925 -0.000803274 -0.000343235 -0.000294515 -0.000291538 -0.000660764 -0.000624413 0.0115754 0.0135179 0.013028 
0.518001 0.495379 0.491325 0.511721 0.505392 0.517188 0.0478987 0.0413987 0.0525656 0.0454103 0.0511017 0.0418831 0.0170663 0.0226779 0.0162224 
0.376122 0.291717 0.45014 0.38416 0.418088 0.336898 0.00960165 0.0115221 0.0250189 0.0185452 0.0164631 0.0108441 0.019052 0.0198001 0.019383 
0.309382 0.191567 0.425957 0.309077 0.363414 0.252989 0.0486737 0.0387365 0.0624843 0.0531424 0.0574531 0.0457043 0.00671475 -0.00860257 -0.00195442 
0.376122 0.330399 0.193734 0.267297 0.295574 0.355212 0.00960165 0.00281455 0.00272539 0.00332787 0.00628793 0.00561137 0.019052 0.0172659 0.0190376 
0.384533 0.203888 0.308418 0.259106 0.348925 0.30474 -0.000803274 -0.000299456 -0.000343235 -0.000349664 -0.000624413 -0.000550584 0.0115754 0.0117209 0.0135179 
0.376122 0.459866 0.330399 0.406526 0.355212 0.423941 0.00960165 0.00673118 0.00281455 0.00459756 0.00561137 0.00838249 0.019052 0.0168172 0.0172659 
0.309382 0.27959 0.11919 0.20349 0.217182 0.294638 0.0486737 0.0295597 0.0165019 0.0248927 0.0336524 0.039099 0.00671475 0.0155743 0.00484927 
0.376122 0.193734 0.291717 0.246634 0.336898 0.295574 0.00960165 0.00272539 0.0115221 0.00653166 0.0108441 0.00628793 0.019052 0.0190376 0.0198001 
0.327744 0.182713 0.0362897 0.0997785 0.161006 0.237753 -0.0504205 0.0135646 -0.00879794 -0.00787762 -0.0306832 -0.0150481 -0.0663138 -0.0484465 -0.0618665 
0.309382 0.11919 0.191567 0.153935 0.252989 0.217182 0.0486737 0.0165019 0.0387365 0.0274398 0.0457043 0.0336524 0.00671475 0.00484927 -0.00860257 
0.443413 0.330399 0.459866 0.406526 0.452288 0.394525 0.00188883 0.00281455 0.00673118 0.00459756 0.00393551 0.00236489 0.0151169 0.0172659 0.0168172 
0.309382 0.430557 0.27959 0.361667 0.294638 0.377323 0.0486737 0.0504299 0.0295597 0.0420303 0.039099 0.0513435 0.00671475 0.0161593 0.0155743 
0.418059 0.27959 0.430557 0.361667 0.424208 0.357277 0.0356841 0.0295597 0.0504299 0.0420303 0.0429621 0.0344479 0.0189231 0.0155743 0.0161593 
0.390342 0.462966 0.487412 0.476804 0.450863 0.431465 -0.000104134 -7.98059e-05 -0.000189653 -0.000124073 -0.0001459 -9.14565e-05 0.00272758 0.00145118 0.00319289 
0.500004 0.487412 0.462966 0.476804 0.490737 0.496853 -0.00012382 -0.000189653 -7.98059e-05 -0.000124073 -0.000103624 -0.000154304 0.00211263 0.00319289 0.00145118 
0.327744 0.481454 0.182713 0.328648 0.237753 0.407749 -0.0504205 -0.038179 0.0135646 -0.00360242 -0.0150481 -0.0473286 -0.0663138 -0.0437172 -0.0484465 
0.388624 0.182713 0.481454 0.328648 0.427046 0.289806 0.0320368 0.0135646 -0.038179 -0.00360242 0.00108723 0.0244957 -0.024771 -0.0484465 -0.0437172 
0.441919 0.521323 0.370676 0.453907 0.412397 0.480191 0.020587 -0.00629237 -0.00821441 -0.013282 0.0072153 0.00697628 0.0321781 0.0318361 0.0441425 
0.468259 0.349721 0.473787 0.424435 0.470701 0.418537 0.033838 0.0150561 0.0255993 0.0207671 0.030162 0.0246226 0.0196228 0.0173385 0.0171838 
0.389737 0.473787 0.349721 0.424435 0.369909 0.43782 0.0100572 0.0255993 0.0150561 0.0207671 0.0127061 0.0170033 0.0148569 0.0171838 0.0173385 
0.442484 0.329069 0.460689 0.406409 0.45192 0.393022 0.0019364 -0.000224161 -0.000176867 -0.000121988 0.000707791 0.000470043 0.0128469 0.0116305 0.0118394 
0.380958 0.460689 0.329069 0.406409 0.356116 0.426083 -0.00079092 -0.000176867 -0.000224161 -0.000121988 -0.000579933 -0.000620757 0.0105165 0.0118394 0.0116305 
0.500016 0.49509 0.462529 0.496155 0.490872 0.498694 0.00070363 -0.000482623 -0.000294515 -0.000372767 0.000148981 2.30414e-05 0.0129764 0.0117967 0.013028 
0.327744 0.217954 0.626384 0.436115 0.471709 0.274778 -0.0504205 -0.057199 -0.194531 -0.114818 -0.114143 -0.0604587 -0.0663138 -0.0672017 -0.0673101 
0.499993 0.498919 0.45014 0.492341 0.483441 0.501103 0.0332339 0.0241577 0.0250189 0.0257236 0.0296621 0.0286518 0.0185485 0.0173203 0.019383 
0.447603 0.454435 0.495947 0.480793 0.47862 0.451069 -0.000766998 -0.00102071 -0.000926517 -0.00100812 -0.000874897 -0.00088433 0.00809333 0.00964873 0.00802804 
0.561759 0.544677 0.425957 0.510556 0.504393 0.552856 0.025893 0.0353988 0.0624843 0.0519457 0.0484799 0.0318237 0.00817312 0.0160212 -0.00195442 
2.77455e-34 0.215431 0.295302 0.257022 0.163828 0.11522 -2.20099e-35 -3.84686e-05 -0.000122114 -7.43799e-05 -4.85121e-05 -2.46289e-05 0.00443992 0.0029491 0.00426175 
0.50001 0.495947 0.454435 0.480793 0.488857 0.499064 -0.001099 -0.000926517 -0.00102071 -0.00100812 -0.00109319 -0.00102583 0.00907267 0.00802804 0.00964873 
9.19971e-35 2.68293e-34 0.214907 0.114985 0.114961 -9.189e-35 1.43466e-35 2.1578e-35 -3.63454e-05 -2.27624e-05 -8.29613e-06 3.60247e-35 0.00292863 0.00441728 0.00281916 
0.214907 2.68293e-34 0.294007 0.163077 0.256046 0.114985 -3.63454e-05 2.1578e-35 -0.000118141 -4.58725e-05 -7.15891e-05 -2.27624e-05 0.00281916 0.00441728 0.00416418 
0.468259 0.503387 0.495379 0.501561 0.483365 0.492974 0.033838 0.0409345 0.0413987 0.0430207 0.0384675 0.0380148 0.0196228 0.0189133 0.0226779 
0.380958 0.195883 0.303774 0.252744 0.344741 0.298984 -0.00079092 -0.000319134 -0.000571376 -0.000465083 -0.00068823 -0.000532718 0.0105165 0.010393 0.00933818 
0.501864 0.495379 0.503387 0.501561 0.504823 0.507581 0.0469427 0.0413987 0.0409345 0.0430207 0.0445061 0.0453546 0.0189824 0.0226779 0.0189133 
0.500046 0.494187 0.466305 0.497234 0.492 0.498462 0.00579921 0.0103067 0.00721114 0.00916559 0.0065731 0.00788203 0.0149565 0.0164464 0.0141992 
0.50001 0.495382 0.458819 0.495441 0.489495 0.498934 -0.001099 -0.00116057 -0.00107695 -0.00113399 -0.00113148 -0.00114303 0.00907267 0.0101476 0.0095225 
-0.0062133 -0.0191545 -0.0900522 -0.0544479 -0.0670207 -0.025682 0.116837 0.0866684 0.0853643 0.09232 0.109553 0.110306 -0.134039 -0.122903 -0.129629 
8.30202e-34 0.842944 0.840392 0.84186 0.508817 0.509437 -2.59367e-34 -0.00349599 -0.00684134 -0.00487231 -0.00253746 -0.00180971 -0.052035 -0.047452 -0.0601079 
0.327744 0.0362897 0.217954 0.112112 0.274778 0.161006 -0.0504205 -0.00879794 -0.057199 -0.0305232 -0.0604587 -0.0306832 -0.0663138 -0.0618665 -0.0672017 
0.307925 0.154132 0.203888 0.179495 0.258734 0.236685 -0.000557698 -0.000172678 -0.000299456 -0.000218923 -0.000459861 -0.000381298 0.00996082 0.0100316 0.0117209 
0.380958 0.329069 0.195883 0.267083 0.298984 0.356116 -0.00079092 -0.000224161 -0.000319134 -0.000343385 -0.000532718 -0.000579933 0.0105165 0.0116305 0.010393 
0.499982 0.46246 0.45014 0.456869 0.486076 0.489006 0.0168729 0.0143521 0.0250189 0.0192222 0.0211902 0.0158858 0.0168814 0.0181985 0.019383 
0.518001 0.434951 0.425957 0.428982 0.491625 0.486637 0.0478987 0.0584939 0.0624843 0.0607504 0.057768 0.0568914 0.0170663 0.0104801 -0.00195442 
0.500025 0.46963 0.462529 0.46625 0.490813 0.492615 -0.00102047 -0.000954465 -0.000294515 -0.00068321 -0.000774442 -0.00106631 0.011005 0.0112213 0.013028 
0.389737 0.349721 0.202091 0.279476 0.30692 0.369909 0.0100572 0.0150561 0.00278532 0.00770928 0.00652355 0.0127061 0.0148569 0.0173385 0.0149109 
2.03691e-34 0.272704 0.215431 0.244873 0.11528 0.149625 -7.37527e-36 -3.62377e-05 -3.84686e-05 -3.88263e-05 -7.11487e-06 -1.29321e-05 0.0014887 0.00175499 0.0029491 
0.501864 0.491325 0.495379 0.511721 0.507581 0.497612 0.0469427 0.0525656 0.0413987 0.0454103 0.0453546 0.0495035 0.0189824 0.0162224 0.0226779 
0.447603 0.358766 0.454435 0.413186 0.451069 0.408587 -0.000766998 -0.000607218 -0.00102071 -0.000820417 -0.00088433 -0.000710666 0.00809333 0.00858857 0.00964873 
0.307925 0.454435 0.358766 0.413186 0.334319 0.393875 -0.000557698 -0.00102071 -0.000607218 -0.000820417 -0.000602451 -0.000805783 0.00996082 0.00964873 0.00858857 
0.390342 0.442947 0.295302 0.38053 0.346503 0.418788 -0.000104134 -0.000263815 -0.000122114 -0.000194387 -0.000116628 -0.000170246 0.00272758 0.0044745 0.00426175 
0.441919 0.370676 0.269218 0.331428 0.373547 0.412397 0.020587 -0.00821441 0.010171 0.00545763 0.0156223 0.0072153 0.0321781 0.0441425 0.0358531 
0.409387 0.782257 0.710642 0.76482 0.568663 0.6492 -0.237582 -0.31209 -0.283328 -0.321568 -0.265881 -0.303531 -0.134364 -0.0712222 -0.133015 
2.77455e-34 9.30654e-35 0.215431 0.115246 0.11522 -9.35209e-35 -2.20099e-35 -1.47098e-35 -3.84686e-05 -8.65872e-06 -2.46289e-05 -3.66103e-35 0.00443992 0.00297673 0.0029491 
-0.0062133 -0.203348 0.034612 -0.0964664 0.0197946 -0.0952879 0.116837 0.0895982 0.109 0.124782 0.121089 0.118646 -0.134039 -0.14411 -0.160849 
0.362526 0.269218 0.192983 0.232829 0.287121 0.320805 0.0227121 0.010171 0.00607482 0.00792698 0.0144143 0.0168163 0.0268865 0.0358531 0.0275643 
0.53162 0.5967 0.526155 0.58254 0.532676 0.576688 -0.0538812 -0.0293168 -0.105603 -0.0668197 -0.0791408 -0.0419485 0.0348498 0.0167608 0.0382287 
0.355217 0.295302 0.442947 0.38053 0.404103 0.326575 -0.000292345 -0.000122114 -0.000263815 -0.000194387 -0.000285642 -0.000195413 0.00578265 0.00426175 0.0044745 
0.27188 0.257682 0.034612 0.165299 0.149315 0.280922 0.00426441 0.0144713 0.109 0.0635435 0.0614064 0.0126705 -0.178146 -0.13561 -0.160849 
0.442484 0.493506 0.466305 0.482405 0.454799 0.474288 0.0019364 0.00239928 0.00721114 0.00446145 0.00417035 0.00212115 0.0128469 0.0135742 0.0141992 
0.468259 0.495379 0.397779 0.459582 0.438211 0.483365 0.033838 0.0413987 0.0263013 0.0351639 0.0308982 0.0384675 0.0196228 0.0226779 0.0215654 
0.500046 0.466305 0.493506 0.482405 0.498514 0.492 0.00579921 0.00721114 0.00239928 0.00446145 0.00387455 0.0065731 0.0149565 0.0141992 0.0135742 
0.303774 0.341969 0.458819 0.409841 0.395622 0.323395 -0.000571376 -0.000569501 -0.00107695 -0.000816312 -0.000825025 -0.000590256 0.00933818 0.00814148 0.0095225 
-0.107767 0.0647883 0.325622 0.182997 0.100722 -0.0340158 -0.0386813 -0.150806 -0.10123 -0.119269 -0.0541208 -0.0889054 -0.169023 -0.133836 -0.186245 
0.996238 0.991653 0.750039 0.916319 0.920289 0.995388 -0.0288638 -0.0458246 -0.0289747 -0.0407086 -0.0345838 -0.0389534 -0.084268 -0.0916728 -0.0798381 
0.308418 0.361301 0.462529 0.419995 0.400529 0.336075 -0.000343235 0.000628056 -0.000294515 0.000302222 -0.000291538 -5.05249e-07 0.0135179 0.0150367 0.013028 
0.440292 0.458819 0.341969 0.409841 0.397008 0.449981 -0.000778839 -0.00107695 -0.000569501 -0.000816312 -0.000689666 -0.000907876 0.00813223 0.0095225 0.00814148 
0.362526 0.397779 0.495379 0.459582 0.44986 0.381212 0.0227121 0.0263013 0.0413987 0.0351639 0.0321505 0.0254541 0.0268865 0.0215654 0.0226779 
0.291717 0.332575 0.45014 0.399864 0.38416 0.31357 0.0115221 0.0230352 0.0250189 0.0249744 0.0185452 0.016814 0.0198001 0.0191331 0.019383 
0.191567 0.236612 0.425957 0.335443 0.309077 0.209715 0.0387365 0.041742 0.0624843 0.0505788 0.0531424 0.0421305 -0.00860257 -0.0243061 -0.00195442 
0.404475 0.380045 0.273414 0.330933 0.345904 0.3926 -0.000111578 -4.70745e-05 -3.55312e-05 -4.30376e-05 -6.84299e-05 -7.31294e-05 0.00272239 0.00102497 0.00172876 
0.443413 0.462529 0.361301 0.419995 0.406933 0.45358 0.00188883 -0.000294515 0.000628056 0.000302222 0.00118716 0.00052805 0.0151169 0.013028 0.0150367 
0.418059 0.45014 0.332575 0.399864 0.378838 0.435814 0.0356841 0.0250189 0.0230352 0.0249744 0.0298205 0.0303842 0.0189231 0.019383 0.0191331 
0.388624 0.425957 0.236612 0.335443 0.310973 0.407071 0.0320368 0.0624843 0.041742 0.0505788 0.0392285 0.0524282 -0.024771 -0.00195442 -0.0243061 
0.308059 0.202091 0.148825 0.175237 0.234251 0.257833 0.00294447 0.00278532 0.000730941 0.00146279 0.00183798 0.0033676 0.0134651 0.0149109 0.0134579 
0.390342 0.272704 0.380103 0.330661 0.385286 0.336831 -0.000104134 -3.62377e-05 -4.7246e-05 -4.32402e-05 -7.03145e-05 -6.56929e-05 0.00272758 0.00175499 0.00103836 
0.782257 0.383818 0.639738 0.528825 0.715209 0.620459 -0.31209 -0.266432 -0.278694 -0.287432 -0.300187 -0.307128 -0.0712222 -0.058961 -0.0235854 
0.587857 0.257682 0.27188 0.280922 0.410623 0.418722 -0.104381 0.0144713 0.00426441 0.0126705 -0.0500885 -0.0342944 -0.156401 -0.13561 -0.178146 
-1.21729e-34 -2.14791e-34 -0.203348 -0.172536 -0.111332 2.48327e-34 7.12069e-34 7.83224e-34 0.0895982 0.0389865 0.040728 1.35284e-33 -0.135028 -0.148211 -0.14411 
0.404475 0.466846 0.380045 0.430189 0.3926 0.43969 -0.000111578 -7.80482e-05 -4.70745e-05 -6.2024e-05 -7.31294e-05 -9.37775e-05 0.00272239 0.00135654 0.00102497 
0.390342 0.380103 0.462966 0.427451 0.431465 0.385286 -0.000104134 -4.7246e-05 -7.98059e-05 -6.28219e-05 -9.14565e-05 -7.03145e-05 0.00272758 0.00103836 0.00145118 
0.442484 0.466305 0.360363 0.421798 0.405888 0.454799 0.0019364 0.00721114 0.00142667 0.00384892 0.00167606 0.00417035 0.0128469 0.0141992 0.0126817 
0.499982 0.474926 0.466305 0.470378 0.492996 0.495261 0.0168729 0.0157129 0.00721114 0.0108463 0.0116094 0.0165994 0.0168814 0.0156751 0.0141992 
0.308059 0.360363 0.466305 0.421798 0.403073 0.335095 0.00294447 0.00142667 0.00721114 0.00384892 0.00514887 0.00213104 0.0134651 0.0126817 0.0141992 
-0.0915825 0.034612 -0.203348 -0.0964664 -0.162227 -0.0093175 0.0263632 0.109 0.0895982 0.124782 0.104324 0.0753969 -0.181994 -0.160849 -0.14411 
0.409387 0.325622 0.0647883 0.182997 0.232727 0.364459 -0.237582 -0.10123 -0.150806 -0.119269 -0.190688 -0.175633 -0.134364 -0.186245 -0.133836 
9.30654e-35 2.03691e-34 0.215431 0.11528 0.115246 -9.34943e-35 -1.47098e-35 -7.37527e-36 -3.84686e-05 -7.11487e-06 -8.65872e-06 -2.20445e-35 0.00297673 0.0014887 0.0029491 
0.500025 0.466706 0.458819 0.46286 0.489474 0.491505 -0.00102047 -0.000965794 -0.00107695 -0.0011208 -0.00110461 -0.000959472 0.011005 0.0107683 0.0095225 
0.217954 0.42094 0.626384 0.536831 0.436115 0.313649 -0.057199 -0.113467 -0.194531 -0.153673 -0.114818 -0.0835523 -0.0672017 -0.0673359 -0.0673101 
5.69909e-34 8.30202e-34 0.840392 0.508817 0.504016 -6.14733e-34 -3.08832e-34 -2.59367e-34 -0.00684134 -0.00253746 -0.00328491 -5.58606e-34 -0.0621263 -0.052035 -0.0601079 
0.714645 0.626384 0.42094 0.536831 0.57623 0.670092 -0.213023 -0.194531 -0.113467 -0.153673 -0.163247 -0.211692 -0.0748666 -0.0673101 -0.0673359 
0.370676 0.521323 0.401254 0.474967 0.387229 0.453907 -0.00821441 -0.00629237 -0.0451905 -0.0301056 -0.0254213 -0.013282 0.0441425 0.0318361 0.0481033 
-0.0915825 -0.312982 -0.107767 -0.240996 -0.094372 -0.226911 0.0263632 0.0168858 -0.0386813 0.0106493 0.00294013 0.0422917 -0.181994 -0.151795 -0.169023 
0.182713 -0.0028915 0.0362897 0.00955211 0.0997785 0.0779266 0.0135646 0.00220781 -0.00879794 -0.000755967 -0.00787762 0.00601909 -0.0484465 -0.0477422 -0.0618665 
0.27959 0.102876 0.11919 0.112083 0.20349 0.195428 0.0295597 0.00739583 0.0165019 0.0105774 0.0248927 0.0192443 0.0155743 0.0134092 0.00484927 
0.330399 0.146815 0.193734 0.171392 0.267297 0.247048 0.00281455 0.000597793 0.00272539 0.00130459 0.00332787 0.00172387 0.0172659 0.0175314 0.0190376 
0.191567 0.11919 0.0449099 0.0803981 0.115858 0.153935 0.0387365 0.0165019 0.0104256 0.0133142 0.0243899 0.0274398 -0.00860257 0.00484927 -0.00982291 
0.291717 0.193734 0.135644 0.165644 0.218944 0.246634 0.0115221 0.00272539 0.0031056 0.0031736 0.00752951 0.00653166 0.0198001 0.0190376 0.0194452 
0.308418 0.203888 0.148199 0.176708 0.234464 0.259106 -0.000343235 -0.000299456 -9.48031e-05 -0.000184034 -0.000194709 -0.000349664 0.0135179 0.0117209 0.0136502 
0.703385 0.996238 0.750039 0.920289 0.72862 0.909226 -0.0148236 -0.0288638 -0.0289747 -0.0345838 -0.0205729 -0.0241368 -0.0735577 -0.084268 -0.0798381 
0.388624 0.481454 0.549999 0.522091 0.476145 0.427046 0.0320368 -0.038179 0.011115 -0.00858113 0.0278112 0.00108723 -0.024771 -0.0437172 -0.00888438 
0.418059 0.430557 0.485253 0.463242 0.457101 0.424208 0.0356841 0.0504299 0.0418755 0.0464699 0.0394755 0.0429621 0.0189231 0.0161593 0.0189497 
0.634772 0.549999 0.481454 0.522091 0.588123 0.596608 -0.0716063 0.011115 -0.038179 -0.00858113 -0.0510063 -0.0255441 -0.00407319 -0.00888438 -0.0437172 
0.443413 0.459866 0.493843 0.48068 0.475043 0.452288 0.00188883 0.00673118 0.00247938 0.00432181 0.00215404 0.00393551 0.0151169 0.0168172 0.0143778 
0.501864 0.485253 0.430557 0.463242 0.477914 0.494199 0.0469427 0.0418755 0.0504299 0.0464699 0.0497761 0.0453475 0.0189824 0.0189497 0.0161593 
0.500046 0.493843 0.459866 0.48068 0.489536 0.498336 0.00579921 0.00247938 0.00673118 0.00432181 0.00640758 0.00392768 0.0149565 0.0143778 0.0168172 
0.388624 0.549999 0.425957 0.482084 0.407071 0.476145 0.0320368 0.011115 0.0624843 0.0479628 0.0524282 0.0278112 -0.024771 -0.00888438 -0.00195442 
0.418059 0.485253 0.45014 0.469362 0.435814 0.457101 0.0356841 0.0418755 0.0250189 0.033459 0.0303842 0.0394755 0.0189231 0.0189497 0.019383 
0.443413 0.493843 0.462529 0.481667 0.45358 0.475043 0.00188883 0.00247938 -0.000294515 0.000659442 0.00052805 0.00215404 0.0151169 0.0143778 0.013028 
0.561759 0.425957 0.549999 0.482084 0.558363 0.504393 0.025893 0.0624843 0.011115 0.0479628 0.0206541 0.0484799 0.00817312 -0.00195442 -0.00888438 
0.499993 0.45014 0.485253 0.469362 0.494723 0.483441 0.0332339 0.0250189 0.0418755 0.033459 0.0376548 0.0296621 0.0185485 0.019383 0.0189497 
0.500016 0.462529 0.493843 0.481667 0.498609 0.490872 0.00070363 -0.000294515 0.00247938 0.000659442 0.00149109 0.000148981 0.0129764 0.013028 0.0143778 
-0.0582099 -0.0900522 -0.0191545 -0.0544479 -0.0427542 -0.0762322 0.0589667 0.0853643 0.0866684 0.09232 0.0737071 0.0743171 -0.12598 -0.129629 -0.122903 
2.03438e-34 0.214907 0.273414 0.244997 0.150053 0.114927 7.15463e-36 -3.63454e-05 -3.55312e-05 -3.70615e-05 -1.29424e-05 -7.73922e-06 0.00146412 0.00281916 0.00172876 
5.28217e-34 7.45205e-34 0.83669 0.525923 0.515944 -5.1345e-34 3.94374e-34 4.74725e-34 -0.0192041 -0.0102475 -0.00676849 9.02311e-34 -0.0843745 -0.104999 -0.0926226 
0.518001 0.515642 0.495379 0.504359 0.517188 0.526971 0.0478987 0.0281926 0.0413987 0.0375048 0.0418831 0.0376727 0.0170663 0.0245524 0.0226779 
0.7002 0.860438 0.425788 0.683526 0.568021 0.799368 -0.141582 -0.237937 -0.0951306 -0.173635 -0.120576 -0.194516 -0.0710593 -0.0882999 -0.06327 
0.714645 0.425788 0.860438 0.683526 0.79406 0.588675 -0.213023 -0.0951306 -0.237937 -0.173635 -0.227899 -0.158898 -0.0748666 -0.06327 -0.0882999 
0.990171 0.840392 0.842944 0.84186 0.977598 0.977054 -0.00638718 -0.00684134 -0.00349599 -0.00487231 -0.00597766 -0.00846848 -0.0573654 -0.0601079 -0.047452 
0.262961 0.404213 0.639738 0.519444 0.462295 0.341287 -0.207077 -0.172245 -0.278694 -0.228955 -0.254968 -0.196111 0.00165708 0.0359364 -0.0235854 
0.443413 0.361301 0.330399 0.346552 0.394525 0.406933 0.00188883 0.000628056 0.00281455 0.00156149 0.00236489 0.00118716 0.0151169 0.0150367 0.0172659 
0.418059 0.332575 0.27959 0.307618 0.357277 0.378838 0.0356841 0.0230352 0.0295597 0.0263413 0.0344479 0.0298205 0.0189231 0.0191331 0.0155743 
0.388624 0.236612 0.182713 0.205677 0.289806 0.310973 0.0320368 0.041742 0.0135646 0.0301564 0.0244957 0.0392285 -0.024771 -0.0243061 -0.0484465 
0.53162 0.401254 0.521323 0.474967 0.52759 0.467984 -0.0538812 -0.0451905 -0.00629237 -0.0301056 -0.025059 -0.0532948 0.0348498 0.0481033 0.0318361 
0.303774 0.195883 0.143141 0.170039 0.229367 0.252744 -0.000571376 -0.000319134 -0.000156017 -0.000212738 -0.000369351 -0.000465083 0.00933818 0.010393 0.00922214 
0.447603 0.315292 0.358766 0.337753 0.408587 0.391535 -0.000766998 -0.000360054 -0.000607218 -0.000487586 -0.000710666 -0.000575178 0.00809333 0.00723326 0.00858857 
0.499646 0.442947 0.487412 0.469192 0.495706 0.483384 -0.000372321 -0.000263815 -0.000189653 -0.000226337 -0.000268364 -0.000324974 0.00481165 0.0044745 0.00319289 
0.499646 0.487412 0.488313 0.5 0.498016 0.495706 -0.000372321 -0.000189653 -0.000222322 -0.000210181 -0.000291406 -0.000268364 0.00481165 0.00319289 0.00356204 
0.217954 0.0362897 0.033796 0.0318285 0.110098 0.112112 -0.057199 -0.00879794 -0.0143557 -0.013815 -0.0357249 -0.0305232 -0.0672017 -0.0618665 -0.0645475 
0.329069 0.14507 0.195883 0.170897 0.267083 0.245231 -0.000224161 -0.000106956 -0.000319134 -0.000205184 -0.000343385 -0.000163418 0.0116305 0.0114169 0.010393 
0.898894 0.985572 0.838391 0.965256 0.871655 0.974203 -0.06646 -0.0610615 -0.0344926 -0.0599424 -0.0515098 -0.0714715 -0.109824 -0.0942449 -0.112107 
8.30202e-34 6.57858e-34 0.842944 0.511689 0.509437 -6.13866e-34 -2.59367e-34 -2.04696e-34 -0.00349599 -0.00128325 -0.00180971 -4.57776e-34 -0.052035 -0.0414133 -0.047452 
-2.21909e-34 -0.0556888 -0.00998253 -0.0522385 -0.202551 -0.165089 1.27072e-34 -0.0809697 -0.151048 -0.118446 -0.0501194 -0.0221955 -0.0432653 0.000390425 -0.0627198 
0.357119 0.193088 0.315292 0.258039 0.336868 0.282863 -0.000267902 -0.000119694 -0.000360054 -0.00021717 -0.00031689 -0.00019955 0.00553887 0.0062878 0.00723326 
0.662955 0.587857 0.922301 0.800954 0.831268 0.621779 -0.0973174 -0.104381 -0.194343 -0.172862 -0.154809 -0.0998393 -0.137497 -0.156401 -0.12673 
0.442484 0.360363 0.329069 0.34479 0.393022 0.405888 0.0019364 0.00142667 -0.000224161 0.000393549 0.000470043 0.00167606 0.0128469 0.0126817 0.0116305 
0.944528 0.662955 0.922301 0.831268 0.932858 0.852318 -0.149616 -0.0973174 -0.194343 -0.154809 -0.170819 -0.133035 -0.114942 -0.137497 -0.12673 
0.634772 0.646295 0.629784 0.672624 0.65181 0.643036 -0.0716063 -0.11009 -0.174428 -0.143739 -0.121483 -0.0899638 -0.00407319 -0.0266344 0.012682 
0.709213 0.629784 0.646295 0.672624 0.683386 0.677598 -0.19523 -0.174428 -0.11009 -0.143739 -0.15089 -0.186561 -0.0272429 0.012682 -0.0266344 
-0.0062133 -0.0900522 -0.203348 -0.1395 -0.0952879 -0.0670207 0.116837 0.0853643 0.0895982 0.0849506 0.118646 0.109553 -0.134039 -0.129629 -0.14411 
6.13115e-34 4.50279e-34 0.703385 0.397594 0.387692 -3.18808e-34 -3.87177e-34 -3.5197e-34 -0.0148236 -0.0041914 -0.00565168 -7.18092e-34 -0.0759535 -0.0707008 -0.0735577 
0.349721 0.157301 0.202091 0.179749 0.279476 0.262913 0.0150561 0.00304418 0.00278532 0.00318857 0.00770928 0.00874039 0.0173385 0.0174611 0.0149109 
0.468259 0.397779 0.349721 0.373746 0.418537 0.438211 0.033838 0.0263013 0.0150561 0.0207522 0.0246226 0.0308982 0.0196228 0.0215654 0.0173385 
0.500016 0.493506 0.460689 0.480458 0.48996 0.498274 0.00070363 0.00239928 -0.000176867 0.000720345 0.000180117 0.00146819 0.0129764 0.0135742 0.0118394 
0.442484 0.460689 0.493506 0.480458 0.474288 0.45192 0.0019364 -0.000176867 0.00239928 0.000720345 0.00212115 0.000707791 0.0128469 0.0118394 0.0135742 
0.370676 0.208419 0.269218 0.242192 0.331428 0.303404 -0.00821441 0.000239359 0.010171 0.00483903 0.00545763 -0.00272838 0.0441425 0.0455573 0.0358531 
0.355217 0.288586 0.186707 0.240156 0.278974 0.323478 -0.000292345 -0.00030911 -0.000117666 -0.000197629 -0.000211379 -0.000314645 0.00578265 0.00717198 0.00630153 
0.969693 0.645499 0.976843 0.874141 0.975986 0.895455 -0.102004 -0.0536105 -0.080932 -0.0765421 -0.0915405 -0.0882127 -0.101289 -0.0768247 -0.0965073 
0.4988 0.491506 0.433733 0.469449 0.478649 0.495987 -0.000699905 -0.000924436 -0.000610692 -0.000762444 -0.0006872 -0.000807848 0.00686395 0.00792037 0.00705428 
0.404475 0.273414 0.214907 0.244997 0.322331 0.345904 -0.000111578 -3.55312e-05 -3.63454e-05 -3.70615e-05 -7.56691e-05 -6.84299e-05 0.00272239 0.00172876 0.00281916 
0.489796 0.408155 0.466846 0.441157 0.479963 0.459179 -5.10027e-05 -3.47014e-05 -7.80482e-05 -5.24059e-05 -6.17563e-05 -4.67732e-05 -2.53704e-07 -8.55756e-07 0.00135654 
0.408182 0.489804 0.462966 0.478477 0.438633 0.459198 -3.51667e-05 -5.06696e-05 -7.98059e-05 -6.23191e-05 -5.32219e-05 -4.69622e-05 7.97029e-07 1.58645e-07 0.00145118 
0.499993 0.503387 0.473787 0.49329 0.497449 0.502488 0.0332339 0.0409345 0.0255993 0.033554 0.0300521 0.0372382 0.0185485 0.0189133 0.0171838 
0.468259 0.473787 0.503387 0.49329 0.492974 0.470701 0.033838 0.0255993 0.0409345 0.033554 0.0380148 0.030162 0.0196228 0.0171838 0.0189133 
0.499646 0.488313 0.472882 0.481391 0.494696 0.498016 -0.000372321 -0.000222322 -0.000396675 -0.000298744 -0.00039163 -0.000291406 0.00481165 0.00356204 0.00528477 
2.03438e-34 9.19971e-35 0.214907 0.114961 0.114927 -9.19157e-35 7.15463e-36 1.43466e-35 -3.63454e-05 -8.29613e-06 -7.73922e-06 2.15383e-35 0.00146412 0.00292863 0.00281916 
6.13115e-34 0.703385 0.750039 0.72862 0.427762 0.387692 -3.87177e-34 -0.0148236 -0.0289747 -0.0205729 -0.00942099 -0.00565168 -0.0759535 -0.0735577 -0.0798381 
-0.0915825 -0.203348 -0.283196 -0.236488 -0.231815 -0.162227 0.0263632 0.0895982 0.0457105 0.077227 0.0748233 0.104324 -0.181994 -0.14411 -0.154016 
-2.14791e-34 -0.283196 -0.203348 -0.236488 -0.172536 -0.176134 7.83224e-34 0.0457105 0.0895982 0.077227 0.0389865 0.021459 -0.148211 -0.154016 -0.14411 
0.390342 0.295302 0.215431 0.257022 0.313119 0.346503 -0.000104134 -0.000122114 -3.84686e-05 -7.43799e-05 -7.33915e-05 -0.000116628 0.00272758 0.00426175 0.0029491 
0.4988 0.433733 0.47769 0.458632 0.491522 0.478649 -0.000699905 -0.000610692 -0.000504609 -0.000561332 -0.000605604 -0.0006872 0.00686395 0.00705428 0.00592389 
0.996238 0.838391 0.991653 0.969166 0.995388 0.972402 -0.0288638 -0.0344926 -0.0458246 -0.0513343 -0.0389534 -0.0413514 -0.084268 -0.112107 -0.0916728 
0.390342 0.215431 0.272704 0.244873 0.336831 0.313119 -0.000104134 -3.84686e-05 -3.62377e-05 -3.88263e-05 -6.56929e-05 -7.33915e-05 0.00272758 0.0029491 0.00175499 
0.561759 0.5967 0.521323 0.565169 0.56264 0.584854 0.025893 -0.0293168 -0.00629237 -0.0145576 0.00951861 0.00187614 0.00817312 0.0167608 0.0318361 
0.53162 0.521323 0.5967 0.565169 0.576688 0.52759 -0.0538812 -0.00629237 -0.0293168 -0.0145576 -0.0419485 -0.025059 0.0348498 0.0318361 0.0167608 
0.404475 0.214907 0.294007 0.256046 0.354481 0.322331 -0.000111578 -3.63454e-05 -0.000118141 -7.15891e-05 -0.000118949 -7.56691e-05 0.00272239 0.00281916 0.00416418 
0.488313 0.427699 0.472882 0.452997 0.481391 0.464468 -0.000222322 -0.000227635 -0.000396675 -0.000305432 -0.000298744 -0.000228874 0.00356204 0.00424999 0.00528477 
2.61437e-34 0.202984 0.315292 0.262483 0.177069 0.108143 3.64484e-35 -0.000232374 -0.000360054 -0.00029748 -0.000145407 -9.06897e-05 0.00748381 0.00858225 0.00723326 
2.03438e-34 0.273414 0.180923 0.229139 0.0955181 0.150053 7.15463e-36 -3.55312e-05 -1.25231e-05 -2.19013e-05 -7.62077e-06 -1.29424e-05 0.00146412 0.00172876 0.000909526 
2.61437e-34 0.315292 0.193088 0.258039 0.102518 0.177069 3.64484e-35 -0.000360054 -0.000119694 -0.00021717 -7.41203e-05 -0.000145407 0.00748381 0.00723326 0.0062878 
-1.21729e-34 -0.203348 -0.0639997 -0.129227 -0.036021 -0.111332 7.12069e-34 0.0895982 0.0407463 0.0638548 0.0201059 0.040728 -0.135028 -0.14411 -0.129434 
2.77455e-34 0.295302 0.204392 0.251925 0.108869 0.163828 -2.20099e-35 -0.000122114 -9.13886e-05 -0.000116573 -2.42322e-05 -4.85121e-05 0.00443992 0.00426175 0.00538618 
0.969693 0.939233 0.645499 0.834282 0.895455 0.962082 -0.102004 -0.116383 -0.0536105 -0.0910023 -0.0882127 -0.109566 -0.101289 -0.0925506 -0.0768247 
0.404475 0.294007 0.427699 0.369405 0.416482 0.354481 -0.000111578 -0.000118141 -0.000227635 -0.000173178 -0.000161329 -0.000118949 0.00272239 0.00416418 0.00424999 
5.28217e-34 0.83669 0.708407 0.777367 0.412823 0.515944 3.94374e-34 -0.0192041 -0.00909129 -0.0125815 -0.00335341 -0.00676849 -0.0843745 -0.0926226 -0.0812179 
0.75 1 0.937117 0.984202 0.859158 0.9375 -4.65729e-37 -7.11524e-37 -0.00109249 -0.000943594 -0.000709795 -1.37997e-36 -0.0185187 -0.019505 -0.0290004 
2.80691e-34 0.25748 0.425788 0.346857 0.157597 0.0929274 -3.67268e-34 -0.0388486 -0.0951306 -0.0629911 -0.0244403 -0.00975001 -0.0645524 -0.0645002 -0.06327 
0.83669 0.838391 0.996238 0.972402 0.970597 0.8381 -0.0192041 -0.0344926 -0.0288638 -0.0413514 -0.029325 -0.0253109 -0.0926226 -0.112107 -0.084268 
0.357119 0.427699 0.294007 0.369405 0.326983 0.39538 -0.000267902 -0.000227635 -0.000118141 -0.000173178 -0.000184287 -0.00025087 0.00553887 0.00424999 0.00416418 
0.262961 -0.00998253 -0.0556888 -0.0522385 0.0761798 0.114011 -0.207077 -0.151048 -0.0809697 -0.118446 -0.154953 -0.1885 0.00165708 -0.0627198 0.000390425 
2.03691e-34 0.169618 0.272704 0.223567 0.149625 0.0891878 -7.37527e-36 -1.1598e-05 -3.62377e-05 -2.15306e-05 -1.29321e-05 -7.01802e-06 0.0014887 0.000960051 0.00175499 
6.57858e-34 0.705683 0.842944 0.779791 0.511689 0.40433 -2.04696e-34 -0.00131799 -0.00349599 -0.00216743 -0.00128325 -0.000543808 -0.0414133 -0.0353192 -0.047452 
3.1614e-34 3.56193e-34 0.645499 0.342041 0.309428 -3.65973e-34 -3.80862e-34 -4.08347e-34 -0.0536105 -0.0133495 -0.0160963 -7.43416e-34 -0.0738438 -0.0797804 -0.0768247 
0.262961 0.383818 -0.00998253 0.163548 0.114011 0.314706 -0.207077 -0.266432 -0.151048 -0.209877 -0.1885 -0.238681 0.00165708 -0.058961 -0.0627198 
0.991653 0.838391 0.985572 0.965256 0.988405 0.969166 -0.0458246 -0.0344926 -0.0610615 -0.0599424 -0.0541464 -0.0513343 -0.0916728 -0.112107 -0.0942449 
-2.21909e-34 -0.00998253 -0.245817 -0.1564 -0.247608 -0.202551 1.27072e-34 -0.151048 -0.0487855 -0.0922442 -0.0148167 -0.0501194 -0.0432653 -0.0627198 -0.114246 
0.833411 0.750039 0.985572 0.912495 0.934529 0.797127 -0.0541413 -0.0289747 -0.0610615 -0.0479027 -0.0602852 -0.0415154 -0.0844312 -0.0798381 -0.0942449 
0.447603 0.495947 0.466578 0.484809 0.45761 0.47862 -0.000766998 -0.000926517 -0.000611895 -0.000776911 -0.000692945 -0.000874897 0.00809333 0.00802804 0.00671866 
0.4988 0.466578 0.495947 0.484809 0.4998 0.494529 -0.000699905 -0.000611895 -0.000926517 -0.000776911 -0.000803483 -0.000679801 0.00686395 0.00671866 0.00802804 
0.7002 0.425788 0.25748 0.346857 0.482049 0.568021 -0.141582 -0.0951306 -0.0388486 -0.0629911 -0.0849369 -0.120576 -0.0710593 -0.06327 -0.0645002 
0.714645 0.42094 0.425788 0.427365 0.588675 0.57623 -0.213023 -0.113467 -0.0951306 -0.106666 -0.158898 -0.163247 -0.0748666 -0.0673359 -0.06327 
0.833411 0.976843 0.645499 0.874141 0.744182 0.93192 -0.0541413 -0.080932 -0.0536105 -0.0765421 -0.0559583 -0.0699385 -0.0844312 -0.0965073 -0.0768247 
4.55502e-34 4.8854e-34 0.776215 0.460077 0.458013 -4.06573e-34 2.07767e-34 2.66057e-34 -0.00296732 -0.00117399 -0.00092052 4.76618e-34 -0.043833 -0.0562189 -0.0494036 
2.80691e-34 0.425788 0.125903 0.258312 0.0595165 0.157597 -3.67268e-34 -0.0951306 -0.0295271 -0.055537 -0.00900816 -0.0244403 -0.0645524 -0.06327 -0.0633795 
0.998746 0.937117 0.986706 0.995393 0.994271 0.988521 -0.00237514 -0.00109249 -0.000826038 -0.00114671 -0.00174354 -0.00201062 -0.0391143 -0.0290004 -0.0272219 
0.355217 0.186707 0.204392 0.195612 0.286469 0.278974 -0.000292345 -0.000117666 -9.13886e-05 -0.00010315 -0.000197457 -0.000211379 0.00578265 0.00630153 0.00538618 
0.998746 0.986706 0.750228 0.905446 0.928246 0.994271 -0.00237514 -0.000826038 -0.000955844 -0.00107009 -0.0018104 -0.00174354 -0.0391143 -0.0272219 -0.0309745 
0.499646 0.47769 0.442947 0.46233 0.483384 0.492923 -0.000372321 -0.000504609 -0.000263815 -0.000370046 -0.000324974 -0.000439824 0.00481165 0.00592389 0.0044745 
0.526155 0.301419 0.401254 0.361235 0.462172 0.422504 -0.105603 -0.0934816 -0.0451905 -0.0698678 -0.0748365 -0.105584 0.0382287 0.0533974 0.0481033 
0.826796 0.325622 0.710642 0.524783 0.770649 0.584766 -0.259933 -0.10123 -0.283328 -0.218684 -0.27332 -0.204493 -0.143419 -0.186245 -0.133015 
0.355217 0.442947 0.47769 0.46233 0.429808 0.404103 -0.000292345 -0.000263815 -0.000504609 -0.000370046 -0.000406538 -0.000285642 0.00578265 0.0044745 0.00592389 
0.401254 0.301419 0.24949 0.278536 0.329837 0.361235 -0.0451905 -0.0934816 -0.0221357 -0.0567364 -0.0389696 -0.0698678 0.0481033 0.0533974 0.054654 
0.409387 0.710642 0.325622 0.524783 0.364459 0.568663 -0.237582 -0.283328 -0.10123 -0.218684 -0.175633 -0.265881 -0.134364 -0.133015 -0.186245 
2.26916e-34 0.288586 0.195404 0.244093 0.103648 0.159405 -3.61304e-35 -0.00030911 -0.000215453 -0.000274276 -8.44433e-05 -0.000128733 0.00727591 0.00717198 0.00824724 
5.18033e-34 -0.0191545 0.0352641 0.00409228 0.00339861 -0.00161649 6.93575e-35 0.0866684 0.0890063 0.0965584 0.0635258 0.0634822 -0.122828 -0.122903 -0.121465 
0.355217 0.433733 0.288586 0.371379 0.323478 0.398274 -0.000292345 -0.000610692 -0.00030911 -0.000477325 -0.000314645 -0.000437389 0.00578265 0.00705428 0.00717198 
7.45205e-34 0.838391 0.83669 0.8381 0.525923 0.53745 4.74725e-34 -0.0344926 -0.0192041 -0.0253109 -0.0102475 -0.0189267 -0.104999 -0.112107 -0.0926226 
1.58191e-34 0.208419 0.24949 0.240049 0.15961 0.117526 -2.53645e-34 0.000239359 -0.0221357 -0.00781686 -0.0066939 -0.00134033 0.0502557 0.0455573 0.054654 
3.56193e-34 0.394171 0.645499 0.533277 0.342041 0.194312 -4.08347e-34 -0.0178306 -0.0536105 -0.0299926 -0.0133495 -0.00509935 -0.0797804 -0.0787826 -0.0768247 
0.833411 0.645499 0.394171 0.533277 0.642574 0.744182 -0.0541413 -0.0536105 -0.0178306 -0.0299926 -0.034724 -0.0559583 -0.0844312 -0.0768247 -0.0787826 
0.998746 0.842944 0.705683 0.779791 0.93549 0.967102 -0.00237514 -0.00349599 -0.00131799 -0.00216743 -0.00231135 -0.0036076 -0.0391143 -0.047452 -0.0353192 
-4.64514e-35 5.03814e-35 0.102829 0.0311446 -0.0300675 -5.50507e-35 -1.39165e-34 -2.8696e-34 -0.0887511 -0.0335896 -0.0371408 -3.21112e-34 0.018515 0.0517074 0.042485 
0.355217 0.204392 0.295302 0.251925 0.326575 0.286469 -0.000292345 -9.13886e-05 -0.000122114 -0.000116573 -0.000195413 -0.000197457 0.00578265 0.00538618 0.00426175 
0.357119 0.199202 0.193088 0.19615 0.282863 0.285422 -0.000267902 -8.00637e-05 -0.000119694 -9.62284e-05 -0.00019955 -0.000181316 0.00553887 0.00527651 0.0062878 
0.489796 0.466846 0.500004 0.491785 0.49749 0.479963 -5.10027e-05 -7.80482e-05 -7.64394e-05 -7.87255e-05 -6.19346e-05 -6.17563e-05 -2.53704e-07 0.00135654 0.000953126 
2.26916e-34 0.186707 0.288586 0.240156 0.159405 0.0986689 -3.61304e-35 -0.000117666 -0.00030911 -0.000197629 -0.000128733 -7.07441e-05 0.00727591 0.00630153 0.00717198 
0.489804 0.500004 0.462966 0.49067 0.478477 0.497416 -5.06696e-05 -7.64394e-05 -7.98059e-05 -7.96016e-05 -6.23191e-05 -6.16317e-05 1.58645e-07 0.000953126 0.00145118 
2.68293e-34 0.199202 0.294007 0.248848 0.163077 0.1059 2.1578e-35 -8.00637e-05 -0.000118141 -0.000109513 -4.58725e-05 -1.97369e-05 0.00441728 0.00527651 0.00416418 
-2.21909e-34 -4.64514e-35 -0.0556888 -0.0954509 -0.165089 -7.0404e-37 1.27072e-34 -1.39165e-34 -0.0809697 -0.0292734 -0.0221955 1.40493e-34 -0.0432653 0.018515 0.000390425 
-2.12206e-35 -0.0639997 -0.0163927 -0.0434748 -0.00709155 -0.0223084 6.48008e-34 0.0407463 0.0111015 0.0240957 -0.000156165 0.00657828 -0.129227 -0.129434 -0.125931 
-0.0062133 0.034612 0.257682 0.165299 0.118661 0.0197946 0.116837 0.109 0.0144713 0.0635435 0.0761492 0.121089 -0.134039 -0.160849 -0.13561 
1.35665e-34 1.58191e-34 0.24949 0.15961 0.141532 -1.05076e-34 -2.96843e-34 -2.53645e-34 -0.0221357 -0.0066939 -0.00865757 -5.29442e-34 0.0573967 0.0502557 0.054654 
-0.0915825 -0.283196 -0.312982 -0.299973 -0.226911 -0.231815 0.0263632 0.0457105 0.0168858 0.0334426 0.0422917 0.0748233 -0.181994 -0.154016 -0.151795 
0.833411 0.394171 0.750039 0.583015 0.797127 0.642574 -0.0541413 -0.0178306 -0.0289747 -0.0228189 -0.0415154 -0.034724 -0.0844312 -0.0787826 -0.0798381 
0.692864 0.645499 0.939233 0.834282 0.843343 0.674284 -0.0870658 -0.0536105 -0.116383 -0.0910023 -0.108242 -0.0703978 -0.0756984 -0.0768247 -0.0925506 
7.64758e-34 0.838391 7.45205e-34 0.53745 -4.96999e-34 0.562986 2.97695e-34 -0.0344926 4.74725e-34 -0.0189267 1.14486e-33 -0.0413135 -0.134667 -0.112107 -0.104999 
0.370676 0.24949 0.208419 0.240049 0.303404 0.318521 -0.00821441 -0.0221357 0.000239359 -0.00781686 -0.00272838 -0.0189567 0.0441425 0.054654 0.0455573 
0.500004 0.500004 0.466846 0.491785 0.491721 0.500004 -0.00012382 -7.64394e-05 -7.80482e-05 -7.87255e-05 -0.000101628 -9.69857e-05 0.00211263 0.000953126 0.00135654 
0.500004 0.462966 0.500004 0.49067 0.500004 0.490737 -0.00012382 -7.98059e-05 -7.64394e-05 -7.96016e-05 -9.69857e-05 -0.000103624 0.00211263 0.00145118 0.000953126 
6.67145e-34 5.28217e-34 0.708407 0.412823 0.407936 -2.429e-34 3.25603e-34 3.94374e-34 -0.00909129 -0.00335341 -0.00260904 7.33218e-34 -0.069483 -0.0843745 -0.0812179 
-2.87944e-34 -0.245817 -0.312982 -0.289356 -0.266359 -0.280536 5.65667e-34 -0.0487855 0.0168858 -0.0111497 0.00505395 -0.00782914 -0.115319 -0.114246 -0.151795 
0.999254 0.996238 0.703385 0.909226 0.917683 0.998281 -0.0155726 -0.0288638 -0.0148236 -0.0241368 -0.0185056 -0.0222854 -0.0736974 -0.084268 -0.0735577 
6.67145e-34 0.708407 0.838035 0.778094 0.512742 0.407936 3.25603e-34 -0.00909129 -0.00840716 -0.00906047 -0.00302883 -0.00260904 -0.069483 -0.0812179 -0.0698261 
0.944528 0.922301 0.867957 0.942759 0.945276 0.932858 -0.149616 -0.194343 -0.140813 -0.184994 -0.156944 -0.170819 -0.114942 -0.12673 -0.084344 
0.357119 0.294007 0.199202 0.248848 0.285422 0.326983 -0.000267902 -0.000118141 -8.00637e-05 -0.000109513 -0.000181316 -0.000184287 0.00553887 0.00416418 0.00527651 
0.251971 0.257682 0.793019 0.498059 0.547585 0.252773 -0.014187 0.0144713 -0.0944623 -0.0517494 -0.0564493 0.00140341 -0.116011 -0.13561 -0.122496 
0.991653 0.985572 0.750039 0.912495 0.916319 0.988405 -0.0458246 -0.0610615 -0.0289747 -0.0479027 -0.0407086 -0.0541464 -0.0916728 -0.0942449 -0.0798381 
5.18033e-34 4.98122e-34 -0.0191545 -0.00849775 -0.00161649 1.02294e-33 6.93575e-35 3.7766e-35 0.0866684 0.0564809 0.0634822 -4.73579e-35 -0.122828 -0.121292 -0.122903 
0.999254 0.703385 0.641948 0.673791 0.901674 0.917683 -0.0155726 -0.0148236 -0.00756104 -0.0102743 -0.014315 -0.0185056 -0.0736974 -0.0735577 -0.0670081 
0.999254 0.83669 0.996238 0.970597 0.998281 0.965108 -0.0155726 -0.0192041 -0.0288638 -0.029325 -0.0222854 -0.0212899 -0.0736974 -0.0926226 -0.084268 
0.244887 0.180923 0.380045 0.292422 0.318762 0.213799 -1.32053e-05 -1.25231e-05 -4.70745e-05 -2.87358e-05 -2.76054e-05 -1.21931e-05 -3.52286e-07 0.000909526 0.00102497 
0.244921 0.380103 0.169618 0.287918 0.208485 0.31882 -1.33865e-05 -4.7246e-05 -1.1598e-05 -2.839e-05 -1.18928e-05 -2.76692e-05 4.33547e-07 0.00103836 0.000960051 
0.390342 0.487412 0.442947 0.469192 0.418788 0.450863 -0.000104134 -0.000189653 -0.000263815 -0.000226337 -0.000170246 -0.0001459 0.00272758 0.00319289 0.0044745 
4.50279e-34 0.641948 0.703385 0.673791 0.397594 0.354545 -3.5197e-34 -0.00756104 -0.0148236 -0.0102743 -0.0041914 -0.00274572 -0.0707008 -0.0670081 -0.0735577 
0.441919 0.495379 0.515642 0.504359 0.484385 0.475474 0.020587 0.0413987 0.0281926 0.0375048 0.0220665 0.0317166 0.0321781 0.0226779 0.0245524 
0.389737 0.466305 0.474926 0.470378 0.439808 0.433324 0.0100572 0.00721114 0.0157129 0.0108463 0.0130972 0.00898694 0.0148569 0.0141992 0.0156751 
4.8854e-34 0.6485 0.776215 0.715828 0.460077 0.366824 2.66057e-34 -0.00347371 -0.00296732 -0.00329903 -0.00117399 -0.0010024 -0.0562189 -0.0608732 -0.0494036 
0.998746 0.750228 0.62553 0.690945 0.895503 0.928246 -0.00237514 -0.000955844 -0.00128881 -0.00114027 -0.00234867 -0.0018104 -0.0391143 -0.0309745 -0.0399979 
-0.0915825 0.325622 0.27188 0.302153 0.0935169 0.104325 0.0263632 -0.10123 0.00426441 -0.0457619 0.0304206 -0.0140219 -0.181994 -0.186245 -0.178146 
5.69909e-34 0.840392 0.641948 0.750957 0.359445 0.504016 -3.08832e-34 -0.00684134 -0.00756104 -0.00749313 -0.00240572 -0.00328491 -0.0621263 -0.0601079 -0.0670081 
0.384533 0.462529 0.46963 0.46625 0.433903 0.429001 -0.000803274 -0.000294515 -0.000954465 -0.00068321 -0.000906531 -0.000660764 0.0115754 0.013028 0.0112213 
1.87077e-34 1.90619e-34 0.393399 0.185499 0.155889 -1.44877e-34 -3.43797e-34 -3.65863e-34 -0.052488 -0.0106893 -0.00997246 -6.68972e-34 -0.0663517 -0.0717454 -0.0674543 
0.999254 0.708407 0.83669 0.777367 0.965108 0.93594 -0.0155726 -0.00909129 -0.0192041 -0.0125815 -0.0212899 -0.0158962 -0.0736974 -0.0812179 -0.0926226 
-2.12206e-35 -1.21729e-34 -0.0639997 -0.036021 -0.0223084 2.94065e-35 6.48008e-34 7.12069e-34 0.0407463 0.0201059 0.00657828 1.29051e-33 -0.129227 -0.135028 -0.129434 
1.14131e-34 2.77455e-34 0.204392 0.108869 0.1088 -7.76656e-35 -2.91364e-35 -2.20099e-35 -9.13886e-05 -2.42322e-05 -2.43941e-05 -5.10091e-35 0.00589083 0.00443992 0.00538618 
0.75 0.750228 0.986706 0.905446 0.905394 0.750023 -5.34245e-37 -0.000955844 -0.000826038 -0.00107009 -0.000718767 -0.000501105 -0.0204331 -0.0309745 -0.0272219 
0.327744 0.601976 0.481454 0.53664 0.407749 0.471122 -0.0504205 -0.138209 -0.038179 -0.0842751 -0.0473286 -0.0914681 -0.0663138 -0.0541265 -0.0437172 
0.309382 0.425957 0.434951 0.428982 0.376516 0.363414 0.0486737 0.0624843 0.0584939 0.0607504 0.0554984 0.0574531 0.00671475 -0.00195442 0.0104801 
0.376122 0.45014 0.46246 0.456869 0.425543 0.418088 0.00960165 0.0250189 0.0143521 0.0192222 0.012237 0.0164631 0.019052 0.019383 0.0181985 
0.826796 0.860438 0.922301 0.919306 0.877068 0.897612 -0.259933 -0.237937 -0.194343 -0.231239 -0.231112 -0.271311 -0.143419 -0.0882999 -0.12673 
0.380958 0.458819 0.466706 0.46286 0.430458 0.424915 -0.00079092 -0.00107695 -0.000965794 -0.0011208 -0.000852847 -0.000942531 0.0105165 0.0095225 0.0107683 
0.288586 0.433733 0.341969 0.392757 0.316252 0.371379 -0.00030911 -0.000610692 -0.000569501 -0.000602868 -0.000429314 -0.000477325 0.00717198 0.00705428 0.00814148 
0.500004 0.488313 0.487412 0.5 0.496853 0.497085 -0.00012382 -0.000222322 -0.000189653 -0.000210181 -0.000154304 -0.000166516 0.00211263 0.00356204 0.00319289 
0.826796 0.588461 0.325622 0.455932 0.584766 0.72468 -0.259933 -0.145183 -0.10123 -0.123472 -0.204493 -0.213768 -0.143419 -0.167764 -0.186245 
0.50001 0.454435 0.495382 0.480242 0.498934 0.488857 -0.001099 -0.00102071 -0.00116057 -0.00108608 -0.00114303 -0.00109319 0.00907267 0.00964873 0.0101476 
2.58518e-34 -2.12206e-35 -0.0163927 -0.00709155 0.00457993 6.41784e-36 3.09755e-34 6.48008e-34 0.0111015 -0.000156165 -0.00241831 1.25346e-33 -0.125027 -0.129227 -0.125931 
0.384533 0.46963 0.454435 0.462406 0.423489 0.433903 -0.000803274 -0.000954465 -0.00102071 -0.00107408 -0.000963326 -0.000906531 0.0115754 0.0112213 0.00964873 
0.251971 0.0414957 0.0352641 0.0273217 0.078214 0.132943 -0.014187 0.0406644 0.0890063 0.0652317 0.0515138 0.0190712 -0.116011 -0.120262 -0.121465 
2.58518e-34 -0.0163927 5.11857e-34 -0.00394152 1.03935e-33 0.00457993 3.09755e-34 0.0111015 8.04419e-36 0.00597817 -2.77406e-36 -0.00241831 -0.125027 -0.125931 -0.123832 
0.440292 0.341969 0.433733 0.392757 0.437065 0.397008 -0.000778839 -0.000569501 -0.000610692 -0.000602868 -0.000711818 -0.000689666 0.00813223 0.00814148 0.00705428 
0.692864 0.287098 0.645499 0.464883 0.674284 0.498543 -0.0870658 -0.0236891 -0.0536105 -0.0352708 -0.0703978 -0.049504 -0.0756984 -0.0721412 -0.0768247 
0.826796 0.922301 0.588461 0.792891 0.72468 0.877068 -0.259933 -0.194343 -0.145183 -0.192211 -0.213768 -0.231112 -0.143419 -0.12673 -0.167764 
0.404475 0.427699 0.488313 0.464468 0.456487 0.416482 -0.000111578 -0.000227635 -0.000222322 -0.000228874 -0.000162758 -0.000161329 0.00272239 0.00424999 0.00356204 
6.57858e-34 4.01801e-34 0.705683 0.40509 0.40433 -2.80169e-34 -2.04696e-34 -1.48193e-34 -0.00131799 -0.000342573 -0.000543808 -3.50907e-34 -0.0414133 -0.0301552 -0.0353192 
0.376122 0.46246 0.459866 0.461471 0.423941 0.425543 0.00960165 0.0143521 0.00673118 0.0100082 0.00838249 0.012237 0.019052 0.0181985 0.0168172 
0.998746 0.997221 0.842944 0.970569 0.967102 0.99795 -0.00237514 -0.00429926 -0.00349599 -0.00448174 -0.0036076 -0.00353454 -0.0391143 -0.04829 -0.047452 
0.309382 0.434951 0.430557 0.43236 0.377323 0.376516 0.0486737 0.0584939 0.0504299 0.0551842 0.0513435 0.0554984 0.00671475 0.0104801 0.0161593 
0.999254 0.641948 0.840392 0.750957 0.955752 0.901674 -0.0155726 -0.00756104 -0.00684134 -0.00749313 -0.0121523 -0.014315 -0.0736974 -0.0670081 -0.0601079 
0.500046 0.459866 0.494187 0.480908 0.498462 0.489536 0.00579921 0.00673118 0.0103067 0.00838003 0.00788203 0.00640758 0.0149565 0.0168172 0.0164464 
2.80691e-34 1.87077e-34 0.25748 0.115984 0.0929274 -6.53551e-35 -3.67268e-34 -3.43797e-34 -0.0388486 -0.00841429 -0.00975001 -6.36093e-34 -0.0645524 -0.0663517 -0.0645002 
-0.0582099 -0.0163927 -0.0639997 -0.0434748 -0.0694253 -0.0395008 0.0589667 0.0111015 0.0407463 0.0240957 0.0509612 0.0325707 -0.12598 -0.125931 -0.129434 
0.251971 0.0969835 0.257682 0.171559 0.252773 0.146201 -0.014187 0.0666401 0.0144713 0.0487386 0.00140341 0.0331633 -0.116011 -0.123773 -0.13561 
0.327744 0.626384 0.601976 0.613937 0.471122 0.471709 -0.0504205 -0.194531 -0.138209 -0.16804 -0.0914681 -0.114143 -0.0663138 -0.0673101 -0.0541265 
0.501864 0.430557 0.491325 0.463313 0.497612 0.477914 0.0469427 0.0504299 0.0525656 0.0523419 0.0495035 0.0497761 0.0189824 0.0161593 0.0162224 
0.634772 0.481454 0.646295 0.573951 0.643036 0.588123 -0.0716063 -0.038179 -0.11009 -0.0697285 -0.0899638 -0.0510063 -0.00407319 -0.0437172 -0.0266344 
0.990171 0.842944 0.997221 0.970569 0.994336 0.977598 -0.00638718 -0.00349599 -0.00429926 -0.00448174 -0.00524641 -0.00597766 -0.0573654 -0.047452 -0.04829 
0.998746 0.62553 0.776215 0.705648 0.935543 0.895503 -0.00237514 -0.00128881 -0.00296732 -0.00192237 -0.00320235 -0.00234867 -0.0391143 -0.0399979 -0.0494036 
0.969693 0.793019 0.939233 0.947692 0.962082 0.913498 -0.102004 -0.0944623 -0.116383 -0.124468 -0.109566 -0.110268 -0.101289 -0.122496 -0.0925506 
-0.107767 -0.312982 -0.245817 -0.289356 -0.199833 -0.240996 -0.0386813 0.0168858 -0.0487855 -0.0111497 -0.0316819 0.0106493 -0.169023 -0.151795 -0.114246 
5.18033e-34 0.0352641 0.0414957 0.0273217 -0.00938853 0.00339861 6.93575e-35 0.0890063 0.0406644 0.0652317 0.0461278 0.0635258 -0.122828 -0.121465 -0.120262 
0.782257 0.740418 0.626384 0.704476 0.776332 0.774732 -0.31209 -0.230937 -0.194531 -0.218788 -0.258683 -0.273518 -0.0712222 -0.0514834 -0.0673101 
3.1614e-34 0.645499 0.287098 0.464883 0.145651 0.309428 -3.80862e-34 -0.0536105 -0.0236891 -0.0352708 -0.00829058 -0.0160963 -0.0738438 -0.0768247 -0.0721412 
0.714645 0.860438 0.853989 0.869378 0.828525 0.79406 -0.213023 -0.237937 -0.303048 -0.277319 -0.268037 -0.227899 -0.0748666 -0.0882999 -0.0968364 
0.826796 0.853989 0.860438 0.869378 0.897612 0.852323 -0.259933 -0.303048 -0.237937 -0.277319 -0.271311 -0.297853 -0.143419 -0.0968364 -0.0882999 
0.440292 0.433733 0.491506 0.469449 0.47166 0.437065 -0.000778839 -0.000610692 -0.000924436 -0.000762444 -0.000858243 -0.000711818 0.00813223 0.00705428 0.00792037 
-4.64514e-35 0.102829 -0.0556888 0.026237 -0.0954509 -0.0300675 -1.39165e-34 -0.0887511 -0.0809697 -0.0891348 -0.0292734 -0.0371408 0.018515 0.042485 0.000390425 
-0.0062133 0.257682 0.0969835 0.171559 0.05024 0.118661 0.116837 0.0144713 0.0666401 0.0487386 0.0926699 0.0761492 -0.134039 -0.13561 -0.123773 
0.380958 0.466706 0.460689 0.463681 0.426083 0.430458 -0.00079092 -0.000965794 -0.000176867 -0.00066166 -0.000620757 -0.000852847 0.0105165 0.0107683 0.0118394 
0.272704 0.169618 0.380103 0.287918 0.330661 0.223567 -3.62377e-05 -1.1598e-05 -4.7246e-05 -2.839e-05 -4.32402e-05 -2.15306e-05 0.00175499 0.000960051 0.00103836 
0.273414 0.380045 0.180923 0.292422 0.229139 0.330933 -3.55312e-05 -4.70745e-05 -1.25231e-05 -2.87358e-05 -2.19013e-05 -4.30376e-05 0.00172876 0.00102497 0.000909526 
4.00141e-34 6.13115e-34 0.750039 0.427762 0.406898 -4.49626e-34 -3.99129e-34 -3.87177e-34 -0.0289747 -0.00942099 -0.0122499 -7.54975e-34 -0.0789213 -0.0759535 -0.0798381 
0.75 0.437745 0.750228 0.609451 0.750023 0.609525 -5.34245e-37 -0.000219392 -0.000955844 -0.000402433 -0.000501105 -0.000176195 -0.0204331 -0.0262871 -0.0309745 
0.408155 0.380045 0.466846 0.430189 0.441157 0.394568 -3.47014e-05 -4.70745e-05 -7.80482e-05 -6.2024e-05 -5.24059e-05 -3.91668e-05 -8.55756e-07 0.00102497 0.00135654 
0.408182 0.462966 0.380103 0.427451 0.39461 0.438633 -3.51667e-05 -7.98059e-05 -4.7246e-05 -6.28219e-05 -3.95552e-05 -5.32219e-05 7.97029e-07 0.00145118 0.00103836 
0.944528 0.939233 0.793019 0.947692 0.891093 0.959968 -0.149616 -0.116383 -0.0944623 -0.124468 -0.127809 -0.137369 -0.114942 -0.0925506 -0.122496 
0.389737 0.474926 0.473787 0.474026 0.43782 0.439808 0.0100572 0.0157129 0.0255993 0.0203691 0.0170033 0.0130972 0.0148569 0.0156751 0.0171838 
0.998746 0.705683 0.937117 0.842686 0.988521 0.93549 -0.00237514 -0.00131799 -0.00109249 -0.00146993 -0.00201062 -0.00231135 -0.0391143 -0.0353192 -0.0290004 
2.68293e-34 1.14687e-34 0.199202 0.105962 0.1059 -6.95119e-35 2.1578e-35 2.89578e-35 -8.00637e-05 -1.97255e-05 -1.97369e-05 5.06607e-35 0.00441728 0.00591642 0.00527651 
0.500016 0.460689 0.49509 0.481961 0.498694 0.48996 0.00070363 -0.000176867 -0.000482623 -0.000429521 2.30414e-05 0.000180117 0.0129764 0.0118394 0.0117967 
0.990171 0.999511 0.840392 0.96394 0.977054 0.996554 -0.00638718 -0.0105296 -0.00684134 -0.00986329 -0.00846848 -0.00880158 -0.0573654 -0.065224 -0.0601079 
0.441919 0.515642 0.521323 0.520455 0.480191 0.484385 0.020587 0.0281926 -0.00629237 0.013542 0.00697628 0.0220665 0.0321781 0.0245524 0.0318361 
4.50279e-34 5.69909e-34 0.641948 0.359445 0.354545 -1.98631e-34 -3.5197e-34 -3.08832e-34 -0.00756104 -0.00240572 -0.00274572 -6.50616e-34 -0.0707008 -0.0621263 -0.0670081 
0.408155 0.244887 0.380045 0.318762 0.394568 0.336723 -3.47014e-05 -1.32053e-05 -4.70745e-05 -2.76054e-05 -3.91668e-05 -2.61353e-05 -8.55756e-07 -3.52286e-07 0.00102497 
0.244921 0.408182 0.380103 0.39461 0.31882 0.336758 -1.33865e-05 -3.51667e-05 -4.7246e-05 -3.95552e-05 -2.76692e-05 -2.60815e-05 4.33547e-07 7.97029e-07 0.00103836 
0.7002 0.25748 0.393399 0.324881 0.562231 0.482049 -0.141582 -0.0388486 -0.052488 -0.0453479 -0.0923958 -0.0849369 -0.0710593 -0.0645002 -0.0674543 
2.90812e-34 0.586301 4.01801e-34 0.324842 -9.77079e-35 0.325071 -4.5173e-35 -0.000397704 -1.48193e-34 -0.000175714 -2.38089e-34 -0.000122783 -0.0183943 -0.0261513 -0.0301552 
4.01801e-34 0.586301 0.705683 0.648614 0.40509 0.324842 -1.48193e-34 -0.000397704 -0.00131799 -0.000722265 -0.000342573 -0.000175714 -0.0301552 -0.0261513 -0.0353192 
0.500004 0.466846 0.47794 0.472673 0.494493 0.491721 -0.00012382 -7.80482e-05 -0.000134155 -0.000101315 -0.000131497 -0.000101628 0.00211263 0.00135654 0.00247858 
0.404475 0.47794 0.466846 0.472673 0.43969 0.447651 -0.000111578 -0.000134155 -7.80482e-05 -0.000101315 -9.37775e-05 -0.000123839 0.00272239 0.00247858 0.00135654 
4.4212e-34 0.62553 0.750228 0.690945 0.437815 0.350304 1.519e-34 -0.00128881 -0.000955844 -0.00114027 -0.000300247 -0.000292923 -0.0320027 -0.0399979 -0.0309745 
1 0.75 0.986706 0.905394 0.996687 0.9375 -7.11524e-37 -5.34245e-37 -0.000826038 -0.000718767 -0.000779047 -1.10208e-36 -0.019505 -0.0204331 -0.0272219 
0.999254 0.840392 0.999511 0.96394 0.999786 0.955752 -0.0155726 -0.00684134 -0.0105296 -0.00986329 -0.0126933 -0.0121523 -0.0736974 -0.0601079 -0.065224 
1.35722e-34 1.24462e-34 0.22702 0.121989 0.128426 -7.82438e-35 -1.15829e-34 -9.16381e-35 0.00845019 0.00262814 0.00305565 -2.14223e-34 0.0241369 0.0190909 0.0215024 
0.499993 0.473787 0.498919 0.490155 0.501103 0.497449 0.0332339 0.0255993 0.0241577 0.0252257 0.0286518 0.0300521 0.0185485 0.0171838 0.0173203 
1.07698e-34 1.08059e-34 0.196494 0.103583 0.103809 -6.87842e-35 -6.33314e-35 -5.88004e-35 0.000275277 5.93501e-05 9.12366e-05 -1.2244e-34 0.0128719 0.0119158 0.0124269 
0.990171 0.776215 0.6485 0.715828 0.880989 0.917961 -0.00638718 -0.00296732 -0.00347371 -0.00329903 -0.00609722 -0.00508178 -0.0573654 -0.0494036 -0.0608732 
1.07905e-34 1.10153e-34 0.199772 0.106768 0.106963 -6.8293e-35 7.1718e-35 8.16852e-35 0.000181791 7.78771e-05 4.8219e-05 1.53144e-34 0.0146254 0.0166209 0.0155471 
9.18867e-35 8.2383e-35 0.17166 0.081984 0.0890044 -6.06398e-35 9.63122e-35 8.39018e-35 0.00901396 0.00310145 0.00288302 1.73189e-34 0.0190963 0.0163223 0.0182081 
7.45703e-36 -9.02631e-36 0.0535403 -0.0129723 -0.00178656 -1.99045e-35 -8.25177e-35 -1.82161e-34 0.0154636 0.00549807 0.00462624 -2.77976e-34 -0.0179924 -0.0379145 -0.0278401 
-2.40883e-34 -2.87944e-34 -0.312982 -0.266359 -0.253406 1.29461e-34 7.61191e-34 5.65667e-34 0.0168858 0.00505395 0.0171322 1.33067e-33 -0.150231 -0.115319 -0.151795 
0.587857 0.662955 0.257682 0.45054 0.418722 0.621779 -0.104381 -0.0973174 0.0144713 -0.0385304 -0.0342944 -0.0998393 -0.156401 -0.137497 -0.13561 
3.54399e-35 2.80691e-34 0.125903 0.0595165 0.0405001 -2.50563e-35 -3.27372e-34 -3.67268e-34 -0.0295271 -0.00900816 -0.00645006 -6.2974e-34 -0.0652171 -0.0645524 -0.0633795 
9.84898e-35 2.26916e-34 0.195404 0.103648 0.103487 -6.61556e-35 -4.25592e-35 -3.61304e-35 -0.000215453 -8.44433e-05 -8.02852e-05 -7.83947e-35 0.0086014 0.00727591 0.00824724 
0.357119 0.466578 0.472882 0.469807 0.426375 0.421361 -0.000267902 -0.000611895 -0.000396675 -0.000493816 -0.00034216 -0.000428618 0.00553887 0.00671866 0.00528477 
0.937117 0.705683 0.586301 0.648614 0.800179 0.842686 -0.00109249 -0.00131799 -0.000397704 -0.000722265 -0.000814939 -0.00146993 -0.0290004 -0.0353192 -0.0261513 
0.561759 0.521323 0.544677 0.547539 0.552856 0.56264 0.025893 -0.00629237 0.0353988 0.018518 0.0318237 0.00951861 0.00817312 0.0318361 0.0160212 
1 0.986706 0.937117 0.995393 0.984202 0.996687 -7.11524e-37 -0.000826038 -0.00109249 -0.00114671 -0.000943594 -0.000779047 -0.019505 -0.0272219 -0.0290004 
-2.14791e-34 -2.40883e-34 -0.283196 -0.213107 -0.176134 1.36213e-34 7.83224e-34 7.61191e-34 0.0457105 0.0199052 0.021459 1.47427e-33 -0.148211 -0.150231 -0.154016 
4.00141e-34 0.750039 0.394171 0.583015 0.206692 0.406898 -3.99129e-34 -0.0289747 -0.0178306 -0.0228189 -0.00598659 -0.0122499 -0.0789213 -0.0798381 -0.0787826 
2.90812e-34 0.75 0.586301 0.67334 0.325071 0.4375 -4.5173e-35 -4.65729e-37 -0.000397704 -0.000238767 -0.000122783 -1.26928e-37 -0.0183943 -0.0185187 -0.0261513 
1.1211e-34 1.11673e-34 0.203888 0.109141 0.108903 -7.41288e-35 5.29685e-35 6.21012e-35 -0.000299456 -0.000119035 -0.000119393 1.15276e-34 0.0108285 0.012689 0.0117209 
2.61437e-34 1.09254e-34 0.202984 0.108308 0.108143 -7.39606e-35 3.64484e-35 4.45377e-35 -0.000232374 -8.07958e-05 -9.06897e-05 8.13289e-35 0.00748381 0.00910489 0.00858225 
1.06387e-34 1.02495e-34 0.193734 0.101465 0.103744 -6.63714e-35 9.06365e-35 9.67595e-35 0.00272539 0.00102587 0.000891511 1.85094e-34 0.0183284 0.0194543 0.0190376 
5.86022e-35 3.72013e-35 0.11919 0.0380726 0.0517403 -4.52411e-35 5.38462e-35 -2.48445e-36 0.0165019 0.00639674 0.00588257 3.81884e-35 0.0098428 -0.00181799 0.00484927 
-1.38753e-35 2.2664e-36 0.0362897 -0.00763418 -0.0196735 3.16358e-36 -2.69268e-34 -3.18084e-34 -0.00879794 -0.00626429 -0.00475122 -5.81388e-34 -0.0543402 -0.0636286 -0.0618665 
1.59726e-34 1.56175e-34 0.269218 0.153128 0.15973 -9.72288e-35 -1.9853e-34 -1.49757e-34 0.010171 0.00327488 0.00319296 -3.55614e-34 0.040678 0.0310676 0.0358531 
1.13842e-34 1.10919e-34 0.202091 0.106506 0.108849 -6.96478e-35 -7.75476e-35 -6.89238e-35 0.00278532 0.000914594 0.00106709 -1.48843e-34 0.0159836 0.0141277 0.0149109 
1.0745e-34 1.06153e-34 0.195883 0.103674 0.10343 -6.78177e-35 -5.39565e-35 -4.86205e-35 -0.000319134 -0.000111192 -0.000109106 -1.02392e-34 0.0109078 0.00982405 0.010393 
0.692864 0.867957 0.393399 0.664538 0.547807 0.795498 -0.0870658 -0.140813 -0.052488 -0.100383 -0.0709082 -0.113726 -0.0756984 -0.084344 -0.0674543 
0.782257 0.639738 0.740418 0.737274 0.774732 0.715209 -0.31209 -0.278694 -0.230937 -0.263827 -0.273518 -0.300187 -0.0712222 -0.0235854 -0.0514834 
0.709213 0.740418 0.639738 0.737274 0.704257 0.728607 -0.19523 -0.230937 -0.278694 -0.263827 -0.244245 -0.214276 -0.0272429 -0.0514834 -0.0235854 
0.7002 0.867957 0.922301 0.942759 0.897262 0.793073 -0.141582 -0.140813 -0.194343 -0.184994 -0.200423 -0.146199 -0.0710593 -0.084344 -0.12673 
0.251971 0.0352641 0.0969835 0.0584841 0.146201 0.078214 -0.014187 0.0890063 0.0666401 0.0771226 0.0331633 0.0515138 -0.116011 -0.121465 -0.123773 
0.500004 0.47794 0.488313 0.483533 0.497085 0.494493 -0.00012382 -0.000134155 -0.000222322 -0.0001737 -0.000166516 -0.000131497 0.00211263 0.00247858 0.00356204 
2.14608e-34 4.4212e-34 0.437745 0.23459 0.234513 4.78637e-35 4.89751e-35 1.519e-34 -0.000219392 -0.000195398 -9.47052e-05 2.50421e-34 -0.0205952 -0.0320027 -0.0262871 
0.999254 0.838035 0.708407 0.778094 0.93594 0.964136 -0.0155726 -0.00840716 -0.00909129 -0.00906047 -0.0158962 -0.0135208 -0.0736974 -0.0698261 -0.0812179 
0.262961 -0.0556888 0.102829 0.026237 0.165309 0.0761798 -0.207077 -0.0809697 -0.0887511 -0.0891348 -0.15348 -0.154953 0.00165708 0.000390425 0.042485 
0.7002 0.393399 0.867957 0.664538 0.793073 0.562231 -0.141582 -0.052488 -0.140813 -0.100383 -0.146199 -0.0923958 -0.0710593 -0.0674543 -0.084344 
0.404475 0.488313 0.47794 0.483533 0.447651 0.456487 -0.000111578 -0.000222322 -0.000134155 -0.0001737 -0.000123839 -0.000162758 0.00272239 0.00356204 0.00247858 
-2.87944e-34 -2.21909e-34 -0.245817 -0.247608 -0.280536 1.2575e-34 5.65667e-34 1.27072e-34 -0.0487855 -0.0148167 -0.00782914 8.23686e-34 -0.115319 -0.0432653 -0.114246 
4.4212e-34 0.750228 0.437745 0.609451 0.23459 0.437815 1.519e-34 -0.000955844 -0.000219392 -0.000402433 -0.000195398 -0.000300247 -0.0320027 -0.0309745 -0.0262871 
1.35722e-34 0.22702 0.192983 0.210675 0.102972 0.128426 -1.15829e-34 0.00845019 0.00607482 0.00760575 0.00186864 0.00305565 0.0241369 0.0215024 0.0275643 
0.75 0.937117 0.586301 0.800179 0.67334 0.859158 -4.65729e-37 -0.00109249 -0.000397704 -0.000814939 -0.000238767 -0.000709795 -0.0185187 -0.0290004 -0.0261513 
0.362526 0.192983 0.22702 0.210675 0.298576 0.287121 0.0227121 0.00607482 0.00845019 0.00760575 0.0154803 0.0144143 0.0268865 0.0275643 0.0215024 
1.07698e-34 0.196494 0.148825 0.172882 0.0770851 0.103809 -6.33314e-35 0.000275277 0.000730941 0.000572434 0.000209022 9.12366e-05 0.0128719 0.0124269 0.0134579 
-0.0062133 0.0969835 0.0352641 0.0584841 0.024415 0.05024 0.116837 0.0666401 0.0890063 0.0771226 0.0997824 0.0926699 -0.134039 -0.123773 -0.121465 
4.4212e-34 4.55502e-34 0.62553 0.351048 0.350304 -1.42432e-34 1.519e-34 2.07767e-34 -0.00128881 -0.000430617 -0.000292923 3.61094e-34 -0.0320027 -0.043833 -0.0399979 
0.308059 0.148825 0.196494 0.172882 0.254776 0.234251 0.00294447 0.000730941 0.000275277 0.000572434 0.0013165 0.00183798 0.0134651 0.0134579 0.0124269 
1.14687e-34 2.61437e-34 0.193088 0.102518 0.10247 -6.12999e-35 2.89578e-35 3.64484e-35 -0.000119694 -7.41203e-05 -3.47171e-05 6.57094e-35 0.00591642 0.00748381 0.0062878 
4.8854e-34 6.67145e-34 0.6485 0.369438 0.366824 -1.66285e-34 2.66057e-34 3.25603e-34 -0.00347371 -0.00181323 -0.0010024 5.98624e-34 -0.0562189 -0.069483 -0.0608732 
-0.00998253 0.383818 0.0647883 0.215155 -0.00557656 0.163548 -0.151048 -0.266432 -0.150806 -0.219974 -0.142882 -0.209877 -0.0627198 -0.058961 -0.133836 
0.7002 0.922301 0.860438 0.919306 0.799368 0.897262 -0.141582 -0.194343 -0.237937 -0.231239 -0.194516 -0.200423 -0.0710593 -0.12673 -0.0882999 
0.692864 0.393399 0.287098 0.346917 0.498543 0.547807 -0.0870658 -0.052488 -0.0236891 -0.033773 -0.049504 -0.0709082 -0.0756984 -0.0674543 -0.0721412 
1.10153e-34 0.146815 0.199772 0.174058 0.106768 0.0771818 8.16852e-35 0.000597793 0.000181791 0.0004693 7.78771e-05 0.000201133 0.0166209 0.0175314 0.0155471 
1.07905e-34 0.199772 0.148199 0.174685 0.0777478 0.106963 7.1718e-35 0.000181791 -9.48031e-05 3.75852e-06 -2.68587e-06 4.8219e-05 0.0146254 0.0155471 0.0136502 
8.2383e-35 0.102876 0.17166 0.138168 0.081984 0.0505763 8.39018e-35 0.00739583 0.00901396 0.00891924 0.00310145 0.00222466 0.0163223 0.0134092 0.0182081 
9.18867e-35 0.17166 0.135644 0.155114 0.067943 0.0890044 9.63122e-35 0.00901396 0.0031056 0.00517329 0.00119841 0.00288302 0.0190963 0.0182081 0.0194452 
-9.02631e-36 -0.0028915 0.0535403 0.0180652 -0.0129723 -0.022921 -1.82161e-34 0.00220781 0.0154636 0.00769832 0.00549807 0.000448054 -0.0379145 -0.0477422 -0.0278401 
7.45703e-36 0.0535403 0.0449099 0.0468147 0.00149193 -0.00178656 -8.25177e-35 0.0154636 0.0104256 0.0128771 0.00294533 0.00462624 -0.0179924 -0.0278401 -0.00982291 
0.308418 0.148199 0.199772 0.174685 0.257264 0.234464 -0.000343235 -9.48031e-05 0.000181791 3.75852e-06 -5.24719e-06 -0.000194709 0.0135179 0.0136502 0.0155471 
0.291717 0.135644 0.17166 0.155114 0.234927 0.218944 0.0115221 0.0031056 0.00901396 0.00517329 0.0114179 0.00752951 0.0198001 0.0194452 0.0182081 
0.330399 0.199772 0.146815 0.174058 0.247048 0.270362 0.00281455 0.000181791 0.000597793 0.0004693 0.00172387 0.0011851 0.0172659 0.0155471 0.0175314 
0.191567 0.0449099 0.0535403 0.0468147 0.120087 0.115858 0.0387365 0.0104256 0.0154636 0.0128771 0.0266798 0.0243899 -0.00860257 -0.00982291 -0.0278401 
0.27959 0.17166 0.102876 0.138168 0.195428 0.23044 0.0295597 0.00901396 0.00739583 0.00891924 0.0192443 0.0188058 0.0155743 0.0182081 0.0134092 
0.182713 0.0535403 -0.0028915 0.0180652 0.0779266 0.104748 0.0135646 0.0154636 0.00220781 0.00769832 0.00601909 0.0169941 -0.0484465 -0.0278401 -0.0477422 
6.67145e-34 0.838035 0.6485 0.751917 0.369438 0.512742 3.25603e-34 -0.00840716 -0.00347371 -0.00536219 -0.00181323 -0.00302883 -0.069483 -0.0698261 -0.0608732 
0.587857 0.588461 0.922301 0.792891 0.800954 0.588108 -0.104381 -0.145183 -0.194343 -0.192211 -0.172862 -0.123635 -0.156401 -0.167764 -0.12673 
0.329069 0.196494 0.14507 0.171068 0.245231 0.26736 -0.000224161 0.000275277 -0.000106956 1.04824e-05 -0.000163418 0.000233923 0.0116305 0.0124269 0.0114169 
1.08059e-34 0.14507 0.196494 0.171068 0.103583 0.0752406 -5.88004e-35 -0.000106956 0.000275277 1.04824e-05 5.93501e-05 1.40857e-05 0.0119158 0.0114169 0.0124269 
0.301419 0.136378 0.24949 0.199043 0.278536 0.217412 -0.0934816 -0.0307461 -0.0221357 -0.0297649 -0.0567364 -0.0677499 0.0533974 0.0552796 0.054654 
7.98866e-35 0.169618 2.03691e-34 0.0891878 -3.43642e-35 0.0891942 -7.65763e-39 -1.1598e-05 -7.37527e-36 -7.01802e-06 -7.35765e-36 -4.01735e-06 1.27736e-06 0.000960051 0.0014887 
1.90619e-34 0.287098 0.393399 0.346917 0.185499 0.127141 -3.65863e-34 -0.0236891 -0.052488 -0.033773 -0.0106893 -0.00688241 -0.0717454 -0.0721412 -0.0674543 
0.251971 0.454687 0.0414957 0.174653 0.132943 0.335533 -0.014187 -0.0577289 0.0406644 -0.00363438 0.0190712 -0.0323537 -0.116011 -0.121258 -0.120262 
1.35665e-34 0.24949 0.136378 0.199043 0.0850441 0.141532 -2.96843e-34 -0.0221357 -0.0307461 -0.0297649 -0.00875127 -0.00865757 0.0573967 0.054654 0.0552796 
8.18926e-35 2.03438e-34 0.180923 0.0955181 0.0955116 -4.68364e-35 -7.8284e-39 7.15463e-36 -1.25231e-05 -7.62077e-06 -4.49209e-06 7.17166e-36 -1.26177e-06 0.00146412 0.000909526 
0.349721 0.22702 0.157301 0.191694 0.262913 0.293766 0.0150561 0.00845019 0.00304418 0.00510672 0.00874039 0.0125349 0.0173385 0.0215024 0.0174611 
0.409387 0.0647883 0.383818 0.215155 0.390041 0.232727 -0.237582 -0.150806 -0.266432 -0.219974 -0.261538 -0.190688 -0.134364 -0.133836 -0.058961 
1.1211e-34 0.203888 0.154132 0.179495 0.080865 0.108903 5.29685e-35 -0.000299456 -0.000172678 -0.000218923 -5.24715e-05 -0.000119393 0.0108285 0.0117209 0.0100316 
1.24462e-34 0.157301 0.22702 0.191694 0.121989 0.0846475 -9.16381e-35 0.00304418 0.00845019 0.00510672 0.00262814 0.00102462 0.0190909 0.0174611 0.0215024 
1.56175e-34 0.192983 0.269218 0.232829 0.153128 0.108835 -1.49757e-34 0.00607482 0.010171 0.00792698 0.00327488 0.00164593 0.0310676 0.0275643 0.0358531 
1.11673e-34 0.148199 0.203888 0.176708 0.109141 0.0776484 6.21012e-35 -9.48031e-05 -0.000299456 -0.000184034 -0.000119035 -4.34432e-05 0.012689 0.0136502 0.0117209 
1.59726e-34 0.269218 0.208419 0.242192 0.116791 0.15973 -1.9853e-34 0.010171 0.000239359 0.00483903 0.000450816 0.00319296 0.040678 0.0358531 0.0455573 
1.10919e-34 0.148825 0.202091 0.175237 0.106506 0.0777373 -6.89238e-35 0.000730941 0.00278532 0.00146279 0.000914594 0.000338074 0.0141277 0.0134579 0.0149109 
1.06387e-34 0.193734 0.146815 0.171392 0.0765602 0.103744 9.06365e-35 0.00272539 0.000597793 0.00130459 0.000334075 0.000891511 0.0183284 0.0190376 0.0175314 
1.02495e-34 0.135644 0.193734 0.165644 0.101465 0.070891 9.67595e-35 0.0031056 0.00272539 0.0031736 0.00102587 0.000965517 0.0194543 0.0194452 0.0190376 
5.86022e-35 0.11919 0.102876 0.112083 0.0434304 0.0517403 5.38462e-35 0.0165019 0.00739583 0.0105774 0.00252709 0.00588257 0.0098428 0.00484927 0.0134092 
3.72013e-35 0.0449099 0.11919 0.0803981 0.0380726 0.0117307 -2.48445e-36 0.0104256 0.0165019 0.0133142 0.00639674 0.00353435 -0.00181799 -0.00982291 0.00484927 
-1.38753e-35 0.0362897 -0.0028915 0.00955211 -0.0248088 -0.0196735 -2.69268e-34 -0.00879794 0.00220781 -0.000755967 -0.00124062 -0.00475122 -0.0543402 -0.0618665 -0.0477422 
1.13842e-34 0.202091 0.157301 0.179749 0.0817935 0.108849 -7.75476e-35 0.00278532 0.00304418 0.00318857 0.00088502 0.00106709 0.0159836 0.0149109 0.0174611 
2.2664e-36 0.033796 0.0362897 0.0318285 -0.00763418 0.000529694 -3.18084e-34 -0.0143557 -0.00879794 -0.013815 -0.00626429 -0.00372903 -0.0636286 -0.0645475 -0.0618665 
1.06153e-34 0.143141 0.195883 0.170039 0.103674 0.0743316 -4.86205e-35 -0.000156017 -0.000319134 -0.000212738 -0.000111192 -4.3371e-05 0.00982405 0.00922214 0.010393 
1.0745e-34 0.195883 0.14507 0.170897 0.0753078 0.10343 -5.39565e-35 -0.000319134 -0.000106956 -0.000205184 -2.23071e-05 -0.000109106 0.0109078 0.010393 0.0114169 
0.262961 0.639738 0.383818 0.528825 0.314706 0.462295 -0.207077 -0.278694 -0.266432 -0.287432 -0.238681 -0.254968 0.00165708 -0.0235854 -0.058961 
0.4988 0.497543 0.466578 0.4865 0.494529 0.499947 -0.000699905 -0.000545945 -0.000611895 -0.000592082 -0.000679801 -0.000621873 0.00686395 0.00600448 0.00671866 
8.18926e-35 0.180923 0.244887 0.213799 0.132636 0.0955116 -7.8284e-39 -1.25231e-05 -1.32053e-05 -1.21931e-05 -3.94233e-06 -4.49209e-06 -1.26177e-06 0.000909526 -3.52286e-07 
-0.0915825 0.27188 0.034612 0.149315 -0.0093175 0.0935169 0.0263632 0.00426441 0.109 0.0614064 0.0753969 0.0304206 -0.181994 -0.178146 -0.160849 
7.98866e-35 0.244921 0.169618 0.208485 0.0891942 0.132679 -7.65763e-39 -1.33865e-05 -1.1598e-05 -1.18928e-05 -4.01735e-06 -3.85654e-06 1.27736e-06 4.33547e-07 0.000960051 
0.355217 0.47769 0.433733 0.458632 0.398274 0.429808 -0.000292345 -0.000504609 -0.000610692 -0.000561332 -0.000437389 -0.000406538 0.00578265 0.00592389 0.00705428 
1.87077e-34 0.393399 0.25748 0.324881 0.115984 0.155889 -3.43797e-34 -0.052488 -0.0388486 -0.0453479 -0.00841429 -0.00997246 -0.0663517 -0.0674543 -0.0645002 
0.262961 0.102829 0.404213 0.246098 0.341287 0.165309 -0.207077 -0.0887511 -0.172245 -0.145515 -0.196111 -0.15348 0.00165708 0.042485 0.0359364 
0.301419 0.404213 0.102829 0.246098 0.212957 0.349994 -0.0934816 -0.172245 -0.0887511 -0.145515 -0.0999927 -0.133393 0.0533974 0.0359364 0.042485 
0.782257 0.853989 0.710642 0.812738 0.76482 0.819363 -0.31209 -0.303048 -0.283328 -0.311231 -0.321568 -0.309843 -0.0712222 -0.0968364 -0.133015 
2.26916e-34 1.14131e-34 0.186707 0.0987213 0.0986689 -5.45999e-35 -3.61304e-35 -2.91364e-35 -0.000117666 -3.42994e-05 -7.07441e-05 -6.50032e-35 0.00727591 0.00589083 0.00630153 
0.499646 0.497543 0.47769 0.497514 0.492923 0.499769 -0.000372321 -0.000545945 -0.000504609 -0.000538007 -0.000439824 -0.000454034 0.00481165 0.00600448 0.00592389 
0.4988 0.47769 0.497543 0.497514 0.499947 0.491522 -0.000699905 -0.000504609 -0.000545945 -0.000538007 -0.000621873 -0.000605604 0.00686395 0.00592389 0.00600448 
0.489804 0.489796 0.500004 0.49749 0.497416 0.500004 -5.06696e-05 -5.10027e-05 -7.64394e-05 -6.19346e-05 -6.16317e-05 -5.70563e-05 1.58645e-07 -2.53704e-07 0.000953126 
0.301419 0.102829 0.136378 0.124027 0.217412 0.212957 -0.0934816 -0.0887511 -0.0307461 -0.0560824 -0.0677499 -0.0999927 0.0533974 0.042485 0.0552796 
5.03814e-35 0.136378 0.102829 0.124027 0.0311446 0.0559324 -2.8696e-34 -0.0307461 -0.0887511 -0.0560824 -0.0335896 -0.0134821 0.0517074 0.0552796 0.042485 
0.357119 0.472882 0.427699 0.452997 0.39538 0.426375 -0.000267902 -0.000396675 -0.000227635 -0.000305432 -0.00025087 -0.00034216 0.00553887 0.00528477 0.00424999 
4.55502e-34 0.776215 0.62553 0.705648 0.351048 0.458013 2.07767e-34 -0.00296732 -0.00128881 -0.00192237 -0.000430617 -0.00092052 -0.043833 -0.0494036 -0.0399979 
0.998746 0.776215 0.997221 0.930903 0.99795 0.935543 -0.00237514 -0.00296732 -0.00429926 -0.00406105 -0.00353454 -0.00320235 -0.0391143 -0.0494036 -0.04829 
0.990171 0.997221 0.776215 0.930903 0.917961 0.994336 -0.00638718 -0.00429926 -0.00296732 -0.00406105 -0.00508178 -0.00524641 -0.0573654 -0.04829 -0.0494036 
0.629784 0.404213 0.526155 0.479688 0.580165 0.53606 -0.174428 -0.172245 -0.105603 -0.141569 -0.138878 -0.18068 0.012682 0.0359364 0.0382287 
0.301419 0.526155 0.404213 0.479688 0.349994 0.422504 -0.0934816 -0.105603 -0.172245 -0.141569 -0.133393 -0.105584 0.0533974 0.0382287 0.0359364 
7.64758e-34 5.18033e-34 0.0414957 -0.00938853 0.0317075 1.04752e-33 2.97695e-34 6.93575e-35 0.0406644 0.0461278 0.0243145 5.53369e-36 -0.134667 -0.122828 -0.120262 
0.329069 0.360363 0.196494 0.286015 0.26736 0.34479 -0.000224161 0.00142667 0.000275277 0.000920946 0.000233923 0.000393549 0.0116305 0.0126817 0.0124269 
0.349721 0.397779 0.22702 0.322354 0.293766 0.373746 0.0150561 0.0263013 0.00845019 0.0168519 0.0125349 0.0207522 0.0173385 0.0215654 0.0215024 
0.251971 0.793019 0.814276 0.799207 0.568298 0.547585 -0.014187 -0.0944623 -0.0765981 -0.0835236 -0.0581905 -0.0564493 -0.116011 -0.122496 -0.115063 
5.03814e-35 1.35665e-34 0.136378 0.0850441 0.0559324 -2.72165e-35 -2.8696e-34 -2.96843e-34 -0.0307461 -0.00875127 -0.0134821 -5.3886e-34 0.0517074 0.0573967 0.0552796 
0.990171 0.6485 0.838035 0.751917 0.937601 0.880989 -0.00638718 -0.00347371 -0.00840716 -0.00536219 -0.00821125 -0.00609722 -0.0573654 -0.0608732 -0.0698261 
0.182713 0.236612 0.0535403 0.138867 0.104748 0.205677 0.0135646 0.041742 0.0154636 0.0281142 0.0169941 0.0301564 -0.0484465 -0.0243061 -0.0278401 
0.27959 0.332575 0.17166 0.258473 0.23044 0.307618 0.0295597 0.0230352 0.00901396 0.0164167 0.0188058 0.0263413 0.0155743 0.0191331 0.0182081 
0.330399 0.361301 0.199772 0.288389 0.270362 0.346552 0.00281455 0.000628056 0.000181791 0.000475337 0.0011851 0.00156149 0.0172659 0.0150367 0.0155471 
1.09254e-34 0.154132 0.202984 0.179037 0.108308 0.080724 4.45377e-35 -0.000172678 -0.000232374 -0.000209455 -8.07958e-05 -5.52008e-05 0.00910489 0.0100316 0.00858225 
1.09254e-34 1.1211e-34 0.154132 0.080865 0.080724 -1.7236e-35 4.45377e-35 5.29685e-35 -0.000172678 -5.24715e-05 -5.52008e-05 9.76956e-35 0.00910489 0.0108285 0.0100316 
0.307925 0.202984 0.154132 0.179037 0.236685 0.258282 -0.000557698 -0.000232374 -0.000172678 -0.000209455 -0.000381298 -0.000394445 0.00996082 0.00858225 0.0100316 
1.56175e-34 1.35722e-34 0.192983 0.102972 0.108835 -1.56048e-35 -1.49757e-34 -1.15829e-34 0.00607482 0.00186864 0.00164593 -2.72549e-34 0.0310676 0.0241369 0.0275643 
3.56193e-34 4.00141e-34 0.394171 0.206692 0.194312 -1.63951e-35 -4.08347e-34 -3.99129e-34 -0.0178306 -0.00598659 -0.00509935 -7.76924e-34 -0.0797804 -0.0789213 -0.0787826 
1.90619e-34 3.1614e-34 0.287098 0.145651 0.127141 -2.02343e-35 -3.65863e-34 -3.80862e-34 -0.0236891 -0.00829058 -0.00688241 -7.12086e-34 -0.0717454 -0.0738438 -0.0721412 
1.10919e-34 1.07698e-34 0.148825 0.0770851 0.0777373 -1.4232e-35 -6.89238e-35 -6.33314e-35 0.000730941 0.000209022 0.000338074 -1.33257e-34 0.0141277 0.0128719 0.0134579 
1.10153e-34 1.06387e-34 0.146815 0.0765602 0.0771818 -1.09717e-35 8.16852e-35 9.06365e-35 0.000597793 0.000334075 0.000201133 1.71424e-34 0.0166209 0.0183284 0.0175314 
1.11673e-34 1.07905e-34 0.148199 0.0777478 0.0776484 -1.08349e-35 6.21012e-35 7.1718e-35 -9.48031e-05 -2.68587e-06 -4.34432e-05 1.33874e-34 0.012689 0.0146254 0.0136502 
8.2383e-35 5.86022e-35 0.102876 0.0434304 0.0505763 -1.49404e-35 8.39018e-35 5.38462e-35 0.00739583 0.00252709 0.00222466 1.29023e-34 0.0163223 0.0098428 0.0134092 
1.02495e-34 9.18867e-35 0.135644 0.067943 0.070891 -1.19945e-35 9.67595e-35 9.63122e-35 0.0031056 0.00119841 0.000965517 1.89339e-34 0.0194543 0.0190963 0.0194452 
-9.02631e-36 -1.38753e-35 -0.0028915 -0.0248088 -0.022921 -1.20931e-35 -1.82161e-34 -2.69268e-34 0.00220781 -0.00124062 0.000448054 -4.55734e-34 -0.0379145 -0.0543402 -0.0477422 
3.72013e-35 7.45703e-36 0.0449099 0.00149193 0.0117307 -1.83312e-35 -2.48445e-36 -8.25177e-35 0.0104256 0.00294533 0.00353435 -9.69139e-35 -0.00181799 -0.0179924 -0.00982291 
0.969693 0.814276 0.793019 0.799207 0.913498 0.923541 -0.102004 -0.0765981 -0.0944623 -0.0835236 -0.110268 -0.0972784 -0.101289 -0.115063 -0.122496 
1.06153e-34 9.84898e-35 0.143141 0.0744697 0.0743316 -9.72462e-36 -4.86205e-35 -4.25592e-35 -0.000156017 -5.67515e-05 -4.3371e-05 -9.10132e-35 0.00982405 0.0086014 0.00922214 
1.08059e-34 1.0745e-34 0.14507 0.0753078 0.0752406 -1.23386e-35 -5.88004e-35 -5.39565e-35 -0.000106956 -2.23071e-05 1.40857e-05 -1.12714e-34 0.0119158 0.0109078 0.0114169 
2.2664e-36 3.54399e-35 0.033796 0.0130314 0.000529694 -3.59964e-37 -3.18084e-34 -3.27372e-34 -0.0143557 -0.00432718 -0.00372903 -6.32183e-34 -0.0636286 -0.0652171 -0.0645475 
1.24462e-34 1.13842e-34 0.157301 0.0817935 0.0846475 -1.071e-35 -9.16381e-35 -7.75476e-35 0.00304418 0.00088502 0.00102462 -1.72972e-34 0.0190909 0.0159836 0.0174611 
1.58191e-34 1.59726e-34 0.208419 0.116791 0.117526 -3.47235e-36 -2.53645e-34 -1.9853e-34 0.000239359 0.000450816 -0.00134033 -4.4909e-34 0.0502557 0.040678 0.0455573 
0.481454 0.601976 0.646295 0.630413 0.573951 0.53664 -0.038179 -0.138209 -0.11009 -0.123671 -0.0697285 -0.0842751 -0.0437172 -0.0541265 -0.0266344 
0.898894 0.814276 0.976843 0.945346 0.968015 0.859098 -0.06646 -0.0765981 -0.080932 -0.0881066 -0.0809819 -0.0734075 -0.109824 -0.115063 -0.0965073 
4.98122e-34 5.11857e-34 -0.0187641 -0.00636319 -0.00645007 1.02261e-33 3.7766e-35 8.04419e-36 0.035427 0.0107946 0.025745 -5.32738e-36 -0.121292 -0.123832 -0.123175 
0.999254 0.999511 0.838035 0.955409 0.964136 0.999786 -0.0155726 -0.0105296 -0.00840716 -0.0104466 -0.0135208 -0.0126933 -0.0736974 -0.065224 -0.0698261 
0.990171 0.838035 0.999511 0.955409 0.996554 0.937601 -0.00638718 -0.00840716 -0.0105296 -0.0104466 -0.00880158 -0.00821125 -0.0573654 -0.0698261 -0.065224 
2.14608e-34 0.437745 0.75 0.609525 0.4375 0.234513 4.89751e-35 -0.000219392 -5.34245e-37 -0.000176195 -1.86224e-37 -9.47052e-05 -0.0205952 -0.0262871 -0.0204331 
0.370676 0.401254 0.24949 0.329837 0.318521 0.387229 -0.00821441 -0.0451905 -0.0221357 -0.0389696 -0.0189567 -0.0254213 0.0441425 0.0481033 0.054654 
3.54399e-35 0.125903 0.033796 0.0763751 0.0130314 0.0405001 -3.27372e-34 -0.0295271 -0.0143557 -0.0201148 -0.00432718 -0.00645006 -0.0652171 -0.0633795 -0.0645475 
0.217954 0.033796 0.125903 0.0763751 0.173679 0.110098 -0.057199 -0.0143557 -0.0295271 -0.0201148 -0.0496319 -0.0357249 -0.0672017 -0.0645475 -0.0633795 
0.969693 0.976843 0.814276 0.945346 0.923541 0.975986 -0.102004 -0.080932 -0.0765981 -0.0881066 -0.0972784 -0.0915405 -0.101289 -0.0965073 -0.115063 
0.709213 0.646295 0.601976 0.630413 0.682597 0.683386 -0.19523 -0.11009 -0.138209 -0.123671 -0.165239 -0.15089 -0.0272429 -0.0266344 -0.0541265 
0.303774 0.143141 0.195404 0.169775 0.25257 0.229367 -0.000571376 -0.000156017 -0.000215453 -0.000191063 -0.000379778 -0.000369351 0.00933818 0.00922214 0.00824724 
9.84898e-35 0.195404 0.143141 0.169775 0.0744697 0.103487 -4.25592e-35 -0.000215453 -0.000156017 -0.000191063 -5.67515e-05 -8.02852e-05 0.0086014 0.00824724 0.00922214 
-0.203348 -0.0900522 -0.0639997 -0.090207 -0.129227 -0.1395 0.0895982 0.0853643 0.0407463 0.0639191 0.0638548 0.0849506 -0.14411 -0.129629 -0.129434 
0.898894 0.454687 0.814276 0.661115 0.859098 0.733286 -0.06646 -0.0577289 -0.0765981 -0.0675063 -0.0734075 -0.0624249 -0.109824 -0.121258 -0.115063 
-2.40883e-34 -0.312982 -0.283196 -0.299973 -0.213107 -0.253406 7.61191e-34 0.0168858 0.0457105 0.0334426 0.0199052 0.0171322 -0.150231 -0.151795 -0.154016 
7.64758e-34 0.0414957 0.454687 0.174653 0.252375 0.0317075 2.97695e-34 0.0406644 -0.0577289 -0.00363438 -0.0359174 0.0243145 -0.134667 -0.120262 -0.121258 
-0.107767 -0.245817 0.0647883 -0.127784 -0.0340158 -0.199833 -0.0386813 -0.0487855 -0.150806 -0.0807861 -0.0889054 -0.0316819 -0.169023 -0.114246 -0.133836 
0.308418 0.199772 0.361301 0.288389 0.336075 0.257264 -0.000343235 0.000181791 0.000628056 0.000475337 -5.05249e-07 -5.24719e-06 0.0135179 0.0155471 0.0150367 
-0.00998253 0.0647883 -0.245817 -0.127784 -0.1564 -0.00557656 -0.151048 -0.150806 -0.0487855 -0.0807861 -0.0922442 -0.142882 -0.0627198 -0.133836 -0.114246 
0.291717 0.17166 0.332575 0.258473 0.31357 0.234927 0.0115221 0.00901396 0.0230352 0.0164167 0.016814 0.0114179 0.0198001 0.0182081 0.0191331 
0.191567 0.0535403 0.236612 0.138867 0.209715 0.120087 0.0387365 0.0154636 0.041742 0.0281142 0.0421305 0.0266798 -0.00860257 -0.0278401 -0.0243061 
0.362526 0.22702 0.397779 0.322354 0.381212 0.298576 0.0227121 0.00845019 0.0263013 0.0168519 0.0254541 0.0154803 0.0268865 0.0215024 0.0215654 
0.308059 0.196494 0.360363 0.286015 0.335095 0.254776 0.00294447 0.000275277 0.00142667 0.000920946 0.00213104 0.0013165 0.0134651 0.0124269 0.0126817 
0.459866 0.46246 0.494187 0.481889 0.480908 0.461471 0.00673118 0.0143521 0.0103067 0.0122489 0.00838003 0.0100082 0.0168172 0.0181985 0.0164464 
0.53162 0.526155 0.401254 0.462172 0.467984 0.532676 -0.0538812 -0.105603 -0.0451905 -0.0748365 -0.0532948 -0.0791408 0.0348498 0.0382287 0.0481033 
0.499982 0.494187 0.46246 0.481889 0.489006 0.498003 0.0168729 0.0103067 0.0143521 0.0122489 0.0158858 0.0134159 0.0168814 0.0164464 0.0181985 
0.626384 0.740418 0.601976 0.684155 0.613937 0.704476 -0.194531 -0.230937 -0.138209 -0.184427 -0.16804 -0.218788 -0.0673101 -0.0514834 -0.0541265 
1.14687e-34 0.193088 0.199202 0.19615 0.105962 0.10247 2.89578e-35 -0.000119694 -8.00637e-05 -9.62284e-05 -1.97255e-05 -3.47171e-05 0.00591642 0.0062878 0.00527651 
0.430557 0.434951 0.491325 0.468772 0.463313 0.43236 0.0504299 0.0584939 0.0525656 0.0567428 0.0523419 0.0551842 0.0161593 0.0104801 0.0162224 
0.709213 0.601976 0.740418 0.684155 0.728607 0.682597 -0.19523 -0.138209 -0.230937 -0.184427 -0.214276 -0.165239 -0.0272429 -0.0541265 -0.0514834 
0.518001 0.491325 0.434951 0.468772 0.486637 0.505392 0.0478987 0.0525656 0.0584939 0.0567428 0.0568914 0.0511017 0.0170663 0.0162224 0.0104801 
1.14131e-34 0.204392 0.186707 0.195612 0.0987213 0.1088 -2.91364e-35 -9.13886e-05 -0.000117666 -0.00010315 -3.42994e-05 -2.43941e-05 0.00589083 0.00538618 0.00630153 
0.50001 0.491506 0.495947 0.4998 0.499064 0.497765 -0.001099 -0.000924436 -0.000926517 -0.000905581 -0.00102583 -0.00103302 0.00907267 0.00792037 0.00802804 
0.454435 0.46963 0.495382 0.485354 0.480242 0.462406 -0.00102071 -0.000954465 -0.00116057 -0.00111029 -0.00108608 -0.00107408 0.00964873 0.0112213 0.0101476 
0.500025 0.495382 0.46963 0.485354 0.492615 0.498895 -0.00102047 -0.00116057 -0.000954465 -0.00111029 -0.00106631 -0.00112082 0.011005 0.0101476 0.0112213 
0.898894 0.976843 0.985572 0.981291 0.974203 0.968015 -0.06646 -0.080932 -0.0610615 -0.0717059 -0.0714715 -0.0809819 -0.109824 -0.0965073 -0.0942449 
0.500025 0.49509 0.466706 0.483981 0.491505 0.498728 -0.00102047 -0.000482623 -0.000965794 -0.000819999 -0.000959472 -0.000826429 0.011005 0.0117967 0.0107683 
0.460689 0.466706 0.49509 0.483981 0.481961 0.463681 -0.000176867 -0.000965794 -0.000482623 -0.000819999 -0.000429521 -0.00066166 0.0118394 0.0107683 0.0117967 
0.315292 0.202984 0.358766 0.28804 0.337753 0.262483 -0.000360054 -0.000232374 -0.000607218 -0.000411485 -0.000487586 -0.00029748 0.00723326 0.00858225 0.00858857 
0.307925 0.358766 0.202984 0.28804 0.258282 0.334319 -0.000557698 -0.000607218 -0.000232374 -0.000411485 -0.000394445 -0.000602451 0.00996082 0.00858857 0.00858225 
0.692864 0.939233 0.867957 0.90655 0.795498 0.843343 -0.0870658 -0.116383 -0.140813 -0.131622 -0.113726 -0.108242 -0.0756984 -0.0925506 -0.084344 
0.257682 0.662955 0.793019 0.727566 0.498059 0.45054 0.0144713 -0.0973174 -0.0944623 -0.0959976 -0.0517494 -0.0385304 -0.13561 -0.137497 -0.122496 
0.499982 0.498919 0.474926 0.490361 0.495261 0.500254 0.0168729 0.0241577 0.0157129 0.0198365 0.0165994 0.0204148 0.0168814 0.0173203 0.0156751 
0.473787 0.474926 0.498919 0.490361 0.490155 0.474026 0.0255993 0.0157129 0.0241577 0.0198365 0.0252257 0.0203691 0.0171838 0.0156751 0.0173203 
0.944528 0.867957 0.939233 0.90655 0.959968 0.945276 -0.149616 -0.140813 -0.116383 -0.131622 -0.137369 -0.156944 -0.114942 -0.084344 -0.0925506 
0.251971 0.814276 0.454687 0.661115 0.335533 0.568298 -0.014187 -0.0765981 -0.0577289 -0.0675063 -0.0323537 -0.0581905 -0.116011 -0.115063 -0.121258 
0.518001 0.544677 0.515642 0.535372 0.526971 0.530345 0.0478987 0.0353988 0.0281926 0.0325228 0.0376727 0.0438317 0.0170663 0.0160212 0.0245524 
0.944528 0.793019 0.662955 0.727566 0.852318 0.891093 -0.149616 -0.0944623 -0.0973174 -0.0959976 -0.133035 -0.127809 -0.114942 -0.122496 -0.137497 
0.425788 0.42094 0.125903 0.26047 0.258312 0.427365 -0.0951306 -0.113467 -0.0295271 -0.0664369 -0.055537 -0.106666 -0.06327 -0.0673359 -0.0633795 
0.521323 0.515642 0.544677 0.535372 0.547539 0.520455 -0.00629237 0.0281926 0.0353988 0.0325228 0.018518 0.013542 0.0318361 0.0245524 0.0160212 
0.833411 0.985572 0.976843 0.981291 0.93192 0.934529 -0.0541413 -0.0610615 -0.080932 -0.0717059 -0.0699385 -0.0602852 -0.0844312 -0.0942449 -0.0965073 
0.325622 0.588461 0.27188 0.415037 0.302153 0.455932 -0.10123 -0.145183 0.00426441 -0.0656563 -0.0457619 -0.123472 -0.186245 -0.167764 -0.178146 
0.587857 0.27188 0.588461 0.415037 0.588108 0.410623 -0.104381 0.00426441 -0.145183 -0.0656563 -0.123635 -0.0500885 -0.156401 -0.178146 -0.167764 
0.288586 0.341969 0.195404 0.274624 0.244093 0.316252 -0.00030911 -0.000569501 -0.000215453 -0.000384326 -0.000274276 -0.000429314 0.00717198 0.00814148 0.00824724 
-0.0582099 -0.0639997 -0.0900522 -0.090207 -0.0762322 -0.0694253 0.0589667 0.0407463 0.0853643 0.0639191 0.0743171 0.0509612 -0.12598 -0.129434 -0.129629 
0.217954 0.125903 0.42094 0.26047 0.313649 0.173679 -0.057199 -0.0295271 -0.113467 -0.0664369 -0.0835523 -0.0496319 -0.0672017 -0.0633795 -0.0673359 
0.303774 0.195404 0.341969 0.274624 0.323395 0.25257 -0.000571376 -0.000215453 -0.000569501 -0.000384326 -0.000590256 -0.000379778 0.00933818 0.00824724 0.00814148 
0.466578 0.497543 0.472882 0.48853 0.469807 0.4865 -0.000611895 -0.000545945 -0.000396675 -0.000473015 -0.000493816 -0.000592082 0.00671866 0.00600448 0.00528477 
0.826796 0.710642 0.853989 0.812738 0.852323 0.770649 -0.259933 -0.283328 -0.303048 -0.311231 -0.297853 -0.27332 -0.143419 -0.133015 -0.0968364 
0.634772 0.5967 0.549999 0.591846 0.596608 0.616357 -0.0716063 -0.0293168 0.011115 -0.00841013 -0.0255441 -0.048234 -0.00407319 0.0167608 -0.00888438 
0.501864 0.503387 0.485253 0.500523 0.494199 0.504823 0.0469427 0.0409345 0.0418755 0.0412926 0.0453475 0.0445061 0.0189824 0.0189133 0.0189497 
0.500046 0.493506 0.493843 0.500005 0.498336 0.498514 0.00579921 0.00239928 0.00247938 0.00256564 0.00392768 0.00387455 0.0149565 0.0135742 0.0143778 
0.499646 0.472882 0.497543 0.48853 0.499769 0.494696 -0.000372321 -0.000396675 -0.000545945 -0.000473015 -0.000454034 -0.00039163 0.00481165 0.00528477 0.00600448 
0.4988 0.495947 0.491506 0.4998 0.495987 0.4998 -0.000699905 -0.000926517 -0.000924436 -0.000905581 -0.000807848 -0.000803483 0.00686395 0.00802804 0.00792037 
0.500016 0.493843 0.493506 0.500005 0.498274 0.498609 0.00070363 0.00247938 0.00239928 0.00256564 0.00146819 0.00149109 0.0129764 0.0143778 0.0135742 
0.499993 0.485253 0.503387 0.500523 0.502488 0.494723 0.0332339 0.0418755 0.0409345 0.0412926 0.0372382 0.0376548 0.0185485 0.0189497 0.0189133 
0.561759 0.549999 0.5967 0.591846 0.584854 0.558363 0.025893 0.011115 -0.0293168 -0.00841013 0.00187614 0.0206541 0.00817312 -0.00888438 0.0167608 
5.11857e-34 -0.0163927 -0.0187641 -0.0208311 -0.00636319 -0.00394152 8.04419e-36 0.0111015 0.035427 0.022856 0.0107946 0.00597817 -0.123832 -0.125931 -0.123175 
-0.0582099 -0.0187641 -0.0163927 -0.0208311 -0.0395008 -0.0366851 0.0589667 0.035427 0.0111015 0.022856 0.0325707 0.0478032 -0.12598 -0.123175 -0.125931 
4.98122e-34 -0.0187641 -0.0191545 -0.0252371 -0.00849775 -0.00645007 3.7766e-35 0.035427 0.0866684 0.0615783 0.0564809 0.025745 -0.121292 -0.123175 -0.122903 
-0.0582099 -0.0191545 -0.0187641 -0.0252371 -0.0366851 -0.0427542 0.0589667 0.0866684 0.035427 0.0615783 0.0478032 0.0737071 -0.12598 -0.122903 -0.123175 
