0.448872 0.836034 7.62332e-34 0.558764 0.24916 0.675918 -0.055937 -0.0330381 3.00474e-34 -0.0400275 -0.0347739 -0.0537064 -0.122206 -0.113381 -0.135333 
-0.0891627 -0.112492 0.300427 0.0949312 0.10213 -0.0958385 0.048509 -0.0071611 -0.0659202 -0.0269273 0.00663178 0.0287001 -0.1758 -0.175272 -0.183939 
0.500036 0.462906 0.494978 0.496252 0.498664 0.491036 -0.00132487 -7.33424e-06 -0.000327474 -0.000114818 -0.000944567 -0.000840422 0.0109906 0.0133333 0.0116894 
0.499984 0.444293 0.500946 0.490715 0.501121 0.483712 0.0255536 0.0356684 0.0343186 0.0364151 0.030018 0.0310642 0.0168272 0.01919 0.0170722 
0.535938 0.418058 0.571973 0.5231 0.552761 0.499038 0.0600502 0.0660494 0.0362229 0.0553871 0.0515249 0.0684512 0.0119364 -0.0163743 0.00901067 
0.386819 0.376713 0.804597 0.62581 0.64254 0.376172 -0.1919 -0.249928 -0.316777 -0.301138 -0.282637 -0.228602 -0.155014 -0.0926893 -0.0905729 
0.38536 0.308678 0.204851 0.259612 0.305727 0.349513 -0.00111222 -0.000834984 -0.000418241 -0.000667768 -0.000765416 -0.00098715 0.0118608 0.0101414 0.0120552 
0.667073 0.551693 0.631959 0.616759 0.651025 0.649875 -0.104435 -0.138178 -0.0545895 -0.0955625 -0.0765999 -0.12494 -0.0175567 0.0327635 0.00814456 
0.895828 0.836034 0.448872 0.675918 0.728052 0.868917 -0.0636462 -0.0330381 -0.055937 -0.0537064 -0.0603098 -0.0493651 -0.111181 -0.113381 -0.122206 
0.453121 0.283 0.377935 0.336064 0.420875 0.384742 0.0136097 0.00898762 0.0242264 0.0163498 0.0204763 0.0100984 0.0331726 0.0382816 0.0283965 
0.667073 0.663494 0.551693 0.610168 0.649875 0.687997 -0.104435 -0.213869 -0.138178 -0.174844 -0.12494 -0.157461 -0.0175567 -0.000403739 0.0327635 
0.357299 0.315639 0.466764 0.406476 0.421564 0.337123 -0.000429351 -0.000567804 -0.000976248 -0.000806667 -0.000686797 -0.000504541 0.00553985 0.00727604 0.0067311 
0.447946 0.466764 0.315639 0.406476 0.391915 0.457864 -0.00119838 -0.000976248 -0.000567804 -0.000806667 -0.000904238 -0.00109537 0.00813967 0.0067311 0.00727604 
0.499984 0.467896 0.493354 0.497909 0.497473 0.494401 0.0255536 0.0118894 0.0165244 0.0148407 0.02089 0.018313 0.0168272 0.0136984 0.0165934 
0.500036 0.458373 0.49554 0.495287 0.498973 0.489205 -0.00132487 -0.00159803 -0.00167765 -0.00165667 -0.00155461 -0.00156424 0.0109906 0.00940406 0.0101961 
0.500014 0.458373 0.491353 0.477945 0.497675 0.48929 -0.00166261 -0.00159803 -0.00144338 -0.00156967 -0.0015917 -0.00169655 0.00906873 0.00940406 0.00790755 
0.491353 0.458373 0.439908 0.449551 0.471372 0.477945 -0.00144338 -0.00159803 -0.00121101 -0.0013837 -0.00133761 -0.00156967 0.00790755 0.00940406 0.00807618 
0.394388 0.205006 0.309177 0.259808 0.353334 0.310958 0.0152949 0.00414977 0.00478497 0.00522293 0.00921518 0.00980054 0.0142974 0.0143838 0.0127179 
0.453121 0.377935 0.506168 0.46168 0.488216 0.420875 0.0136097 0.0242264 0.0430985 0.0319376 0.0293718 0.0204763 0.0331726 0.0283965 0.0221371 
0.0258013 -0.0211457 -0.00945839 -0.0300112 0.0135916 -0.00229539 0.0787919 0.0737711 0.108838 0.0980519 0.0901961 0.0843268 -0.12157 -0.122807 -0.130428 
0.740391 0.868431 0.649386 0.810741 0.6954 0.84908 -0.21704 -0.295494 -0.212825 -0.271416 -0.222628 -0.269907 -0.0757766 -0.106649 -0.0701407 
0.663494 0.661336 0.406886 0.532803 0.558167 0.667054 -0.213869 -0.298748 -0.20294 -0.255864 -0.215055 -0.260689 -0.000403739 -0.0482547 0.021946 
0.804597 0.649386 0.868431 0.810741 0.83791 0.801284 -0.316777 -0.212825 -0.295494 -0.271416 -0.308476 -0.279892 -0.0905729 -0.0701407 -0.106649 
0.394388 0.309177 0.467896 0.404713 0.43624 0.353334 0.0152949 0.00478497 0.0118894 0.0084284 0.0141813 0.00921518 0.0142974 0.0127179 0.0136984 
0.38536 0.454896 0.308678 0.394544 0.349513 0.424139 -0.00111222 -0.00153075 -0.000834984 -0.00121163 -0.00098715 -0.00140105 0.0118608 0.0097494 0.0101414 
0.739167 0.661336 0.663494 0.667054 0.709965 0.733572 -0.236337 -0.298748 -0.213869 -0.260689 -0.227811 -0.280164 -0.0424856 -0.0482547 -0.000403739 
0.380122 0.303009 0.458373 0.394939 0.424263 0.34389 -0.00108529 -0.000851322 -0.00159803 -0.00122964 -0.00135265 -0.000993835 0.0102188 0.00914457 0.00940406 
0.38536 0.309409 0.462906 0.401284 0.429686 0.349872 -0.00111222 -0.000341377 -7.33424e-06 -0.000143847 -0.000763679 -0.000798057 0.0118608 0.0140167 0.0133333 
0.535938 0.506168 0.498413 0.524491 0.517736 0.53533 0.0600502 0.0430985 0.0675534 0.0542317 0.0653825 0.0499061 0.0119364 0.0221371 0.0120829 
0.371753 0.283415 0.444293 0.375996 0.4124 0.33074 0.0148199 0.0168094 0.0356684 0.0267839 0.0243985 0.0162611 0.0195852 0.019657 0.01919 
0.283478 0.155749 0.418058 0.280923 0.342168 0.220386 0.0605058 0.0419905 0.0660494 0.056284 0.0670114 0.0535981 -0.00200714 -0.0223115 -0.0163743 
0.371753 0.329579 0.190886 0.265622 0.291826 0.352928 0.0148199 0.00471634 0.00420575 0.00531257 0.00968647 0.00897043 0.0195852 0.0180219 0.0195293 
0.38536 0.204851 0.309409 0.260187 0.349872 0.305727 -0.00111222 -0.000418241 -0.000341377 -0.000439293 -0.000798057 -0.000765416 0.0118608 0.0120552 0.0140167 
0.371753 0.458423 0.329579 0.405198 0.352928 0.421267 0.0148199 0.0111145 0.00471634 0.00770056 0.00897043 0.0133767 0.0195852 0.0173121 0.0180219 
0.283478 0.258389 0.0903191 0.177271 0.186313 0.270481 0.0605058 0.0391921 0.0201417 0.0318688 0.0417022 0.0503445 -0.00200714 0.0117393 -0.00356454 
0.371753 0.190886 0.283415 0.241325 0.33074 0.291826 0.0148199 0.00420575 0.0168094 0.00975088 0.0162611 0.00968647 0.0195852 0.0195293 0.019657 
0.32396 0.162322 0.0335005 0.08646 0.155899 0.227044 -0.0774123 -0.00369706 -0.0174554 -0.0235232 -0.0480923 -0.0385646 -0.0717639 -0.0626494 -0.0665638 
0.283478 0.0903191 0.155749 0.118967 0.220386 0.186313 0.0605058 0.0201417 0.0419905 0.0316514 0.0535981 0.0417022 -0.00200714 -0.00356454 -0.0223115 
0.443314 0.329579 0.458423 0.405198 0.451617 0.39415 0.00356815 0.00471634 0.0111145 0.00770056 0.00680777 0.00423204 0.0156149 0.0180219 0.0173121 
0.283478 0.423478 0.258389 0.344932 0.270481 0.360906 0.0605058 0.0654246 0.0391921 0.0553528 0.0503445 0.0664611 -0.00200714 0.0123321 0.0117393 
0.408374 0.258389 0.423478 0.344932 0.415541 0.342184 0.0477001 0.0391921 0.0654246 0.0553528 0.0561228 0.046112 0.0173454 0.0117393 0.0123321 
0.390313 0.462963 0.487391 0.476792 0.450834 0.431453 -0.000168049 -0.000129255 -0.00030906 -0.000201808 -0.000237149 -0.000147958 0.00273759 0.00145593 0.00319773 
0.500005 0.487391 0.462963 0.476792 0.490733 0.496847 -0.000201637 -0.00030906 -0.000129255 -0.000201808 -0.000168575 -0.000251576 0.00211265 0.00319773 0.00145593 
0.32396 0.483194 0.162322 0.319391 0.227044 0.407358 -0.0774123 -0.0709542 -0.00369706 -0.0310352 -0.0385646 -0.0800029 -0.0717639 -0.058988 -0.0626494 
0.37756 0.162322 0.483194 0.319391 0.422652 0.27138 0.0128963 -0.00369706 -0.0709542 -0.0310352 -0.0262209 0.00350175 -0.0429792 -0.0626494 -0.058988 
0.453121 0.55495 0.37327 0.473756 0.421549 0.502494 0.0136097 -0.0175394 -0.0222172 -0.0266539 -0.00327751 -0.000568728 0.0331726 0.030006 0.0462294 
0.477427 0.359531 0.479964 0.433142 0.478554 0.429528 0.0407301 0.0208374 0.0353538 0.0286587 0.0391131 0.0321126 0.0197474 0.0173628 0.0169923 
0.394388 0.479964 0.359531 0.433142 0.376966 0.443984 0.0152949 0.0353538 0.0208374 0.0286587 0.0184921 0.0247037 0.0142974 0.0169923 0.0173628 
0.442591 0.328162 0.460319 0.405751 0.451694 0.392526 0.00361624 -9.91659e-05 0.000177058 0.000155751 0.00164557 0.00116003 0.0123418 0.0111011 0.0115143 
0.380122 0.460319 0.328162 0.405751 0.35519 0.425397 -0.00108529 0.000177058 -9.91659e-05 0.000155751 -0.000701074 -0.000694036 0.0102188 0.0115143 0.0111011 
0.500028 0.494978 0.462906 0.496252 0.49101 0.498655 0.00172459 -0.000327474 -7.33424e-06 -0.000114818 0.000784185 0.000561392 0.0129673 0.0116894 0.0133333 
0.32396 0.226902 0.649386 0.452252 0.484864 0.277203 -0.0774123 -0.0670292 -0.212825 -0.130556 -0.138107 -0.0804029 -0.0717639 -0.0656347 -0.0701407 
0.500696 0.500946 0.444293 0.490715 0.480504 0.502535 0.0439925 0.0343186 0.0356684 0.0364151 0.0408637 0.0392657 0.0180531 0.0170722 0.01919 
0.447946 0.454896 0.496055 0.481058 0.478863 0.451472 -0.00119838 -0.00153075 -0.0014452 -0.00154727 -0.00136603 -0.00135761 0.00813967 0.0097494 0.00803888 
0.588823 0.571973 0.418058 0.5231 0.51475 0.580115 0.0143289 0.0362229 0.0660494 0.0553871 0.0451178 0.0268229 -0.00246314 0.00901067 -0.0163743 
2.77344e-34 0.215403 0.295216 0.256971 0.163756 0.115186 -2.20675e-35 -6.12528e-05 -0.000195754 -0.000118987 -7.71074e-05 -3.88297e-05 0.00444136 0.00295823 0.00426814 
0.500014 0.496055 0.454896 0.481058 0.489082 0.499124 -0.00166261 -0.0014452 -0.00153075 -0.00154727 -0.00164771 -0.00157917 0.00906873 0.00803888 0.0097494 
9.201e-35 2.68393e-34 0.214933 0.115017 0.114978 -9.18938e-35 1.42903e-35 2.15232e-35 -5.77207e-05 -3.589e-05 -1.34401e-05 3.59731e-35 0.00291828 0.00441532 0.00280978 
0.214933 2.68393e-34 0.294088 0.163145 0.256093 0.115017 -5.77207e-05 2.15232e-35 -0.000189629 -7.29314e-05 -0.000114463 -3.589e-05 0.00280978 0.00441532 0.00415739 
0.477427 0.508333 0.506168 0.509601 0.492448 0.49994 0.0407301 0.0495506 0.0430985 0.0484226 0.0422063 0.0456459 0.0197474 0.0181107 0.0221371 
0.380122 0.194923 0.303009 0.251859 0.34389 0.297989 -0.00108529 -0.000444563 -0.000851322 -0.000670743 -0.000993835 -0.000733581 0.0102188 0.0100462 0.00914457 
0.507855 0.506168 0.508333 0.509601 0.51013 0.517616 0.0567095 0.0430985 0.0495506 0.0484226 0.0530773 0.0520525 0.0170475 0.0221371 0.0181107 
0.50007 0.493354 0.467896 0.497909 0.492721 0.498171 0.00986761 0.0165244 0.0118894 0.0148407 0.0110377 0.0129941 0.0149523 0.0165934 0.0136984 
0.500014 0.49554 0.458373 0.495287 0.48929 0.499013 -0.00166261 -0.00167765 -0.00159803 -0.00165667 -0.00169655 -0.00169599 0.00906873 0.0101961 0.00940406 
-0.00945839 -0.0211457 -0.0814443 -0.0522543 -0.0644863 -0.0300112 0.108838 0.0737711 0.0768958 0.0796518 0.100805 0.0980519 -0.130428 -0.122807 -0.127864 
8.30666e-34 0.843111 0.840819 0.842148 0.509255 0.509724 -2.69162e-34 -0.00333573 -0.00653756 -0.00465091 -0.00242647 -0.00172906 -0.0540723 -0.0494479 -0.0621532 
0.32396 0.0335005 0.226902 0.117595 0.277203 0.155899 -0.0774123 -0.0174554 -0.0670292 -0.03952 -0.0804029 -0.0480923 -0.0717639 -0.0665638 -0.0656347 
0.308678 0.154785 0.204851 0.180318 0.259612 0.237434 -0.000834984 -0.000257145 -0.000418241 -0.000320195 -0.000667768 -0.000569502 0.0101414 0.0102338 0.0120552 
0.380122 0.328162 0.194923 0.266 0.297989 0.35519 -0.00108529 -9.91659e-05 -0.000444563 -0.000411147 -0.000733581 -0.000701074 0.0102188 0.0111011 0.0100462 
0.499984 0.459233 0.444293 0.452361 0.483712 0.48721 0.0255536 0.0219455 0.0356684 0.0283483 0.0310642 0.0242303 0.0168272 0.0185079 0.01919 
0.535938 0.42801 0.418058 0.420304 0.499038 0.492997 0.0600502 0.0743896 0.0660494 0.072292 0.0684512 0.0721737 0.0119364 0.00285533 -0.0163743 
0.500036 0.470106 0.462906 0.466731 0.491036 0.492864 -0.00132487 -0.00128218 -7.33424e-06 -0.000754132 -0.000840422 -0.00141799 0.0109906 0.011376 0.0133333 
0.394388 0.359531 0.205006 0.285563 0.310958 0.376966 0.0152949 0.0208374 0.00414977 0.011009 0.00980054 0.0184921 0.0142974 0.0173628 0.0143838 
2.0369e-34 0.272704 0.215403 0.244861 0.115281 0.149632 -7.41607e-36 -5.76573e-05 -6.12528e-05 -6.1806e-05 -1.13641e-05 -2.0359e-05 0.00149415 0.00176225 0.00295823 
0.507855 0.498413 0.506168 0.524491 0.517616 0.504525 0.0567095 0.0675534 0.0430985 0.0542317 0.0520525 0.0617054 0.0170475 0.0120829 0.0221371 
0.447946 0.359288 0.454896 0.413715 0.451472 0.409029 -0.00119838 -0.000939985 -0.00153075 -0.00125377 -0.00135761 -0.00110533 0.00813967 0.00868157 0.0097494 
0.308678 0.454896 0.359288 0.413715 0.334954 0.394544 -0.000834984 -0.00153075 -0.000939985 -0.00125377 -0.000919743 -0.00121163 0.0101414 0.0097494 0.00868157 
0.390313 0.442863 0.295216 0.380439 0.346451 0.418735 -0.000168049 -0.000427872 -0.000195754 -0.000313843 -0.000187827 -0.000275991 0.00273759 0.00448145 0.00426814 
0.453121 0.37327 0.283 0.338848 0.384742 0.421549 0.0136097 -0.0222172 0.00898762 -0.00227504 0.0100984 -0.00327751 0.0331726 0.0462294 0.0382816 
0.386819 0.804597 0.690939 0.766482 0.545113 0.64254 -0.1919 -0.316777 -0.251876 -0.306685 -0.226671 -0.282637 -0.155014 -0.0905729 -0.146051 
2.77344e-34 9.30515e-35 0.215403 0.115228 0.115186 -9.35164e-35 -2.20675e-35 -1.47667e-35 -6.12528e-05 -1.3958e-05 -3.88297e-05 -3.66597e-35 0.00444136 0.00298705 0.00295823 
-0.00945839 -0.188922 0.0297955 -0.095266 0.0134013 -0.0930659 0.108838 0.0875746 0.110636 0.123041 0.117505 0.11429 -0.130428 -0.14047 -0.153408 
0.377935 0.283 0.206509 0.247925 0.303481 0.336064 0.0242264 0.00898762 0.00679491 0.00805575 0.015742 0.0163498 0.0283965 0.0382816 0.0292066 
0.562282 0.631959 0.551693 0.616759 0.56142 0.611252 -0.0787629 -0.0545895 -0.138178 -0.0955625 -0.10801 -0.0669672 0.0313263 0.00814456 0.0327635 
0.355015 0.295216 0.442863 0.380439 0.403968 0.326439 -0.000467442 -0.000195754 -0.000427872 -0.000313843 -0.000460524 -0.000313308 0.00577723 0.00426814 0.00448145 
0.250179 0.240797 0.0297955 0.149295 0.135613 0.259898 0.0159307 0.010243 0.110636 0.0633049 0.0670089 0.0157532 -0.168646 -0.131454 -0.153408 
0.442591 0.493641 0.467896 0.483017 0.455552 0.474454 0.00361624 0.00455475 0.0118894 0.00777666 0.00715848 0.00403909 0.0123418 0.0133933 0.0136984 
0.477427 0.506168 0.41145 0.470599 0.449749 0.492448 0.0407301 0.0430985 0.0320144 0.0381226 0.0373149 0.0422063 0.0197474 0.0221371 0.0223872 
0.50007 0.467896 0.493641 0.483017 0.498681 0.492721 0.00986761 0.0118894 0.00455475 0.00777666 0.00691019 0.0110377 0.0149523 0.0136984 0.0133933 
0.303009 0.341454 0.458373 0.409292 0.394939 0.32276 -0.000851322 -0.000881195 -0.00159803 -0.00124344 -0.00122964 -0.000899252 0.00914457 0.00804963 0.00940406 
-0.112492 0.051838 0.300427 0.174019 0.0949312 -0.0357672 -0.0071611 -0.11018 -0.0659202 -0.0792732 -0.0269273 -0.0532644 -0.175272 -0.156442 -0.183939 
0.996417 0.992007 0.752879 0.918035 0.921729 0.99562 -0.0276808 -0.0439998 -0.0277991 -0.0390415 -0.0331849 -0.0374006 -0.0862167 -0.0936029 -0.0822614 
0.309409 0.361804 0.462906 0.420503 0.401284 0.336919 -0.000341377 0.00136003 -7.33424e-06 0.000901967 -0.000143847 0.000282146 0.0140167 0.0156365 0.0133333 
0.439908 0.458373 0.341454 0.409292 0.396551 0.449551 -0.00121101 -0.00159803 -0.000881195 -0.00124344 -0.00107076 -0.0013837 0.00807618 0.00940406 0.00804963 
0.377935 0.41145 0.506168 0.470599 0.46168 0.396175 0.0242264 0.0320144 0.0430985 0.0381226 0.0319376 0.0292021 0.0283965 0.0223872 0.0221371 
0.283415 0.319513 0.444293 0.39049 0.375996 0.302769 0.0168094 0.0320232 0.0356684 0.0349583 0.0267839 0.0239483 0.019657 0.0178552 0.01919 
0.155749 0.20622 0.418058 0.311687 0.280923 0.173965 0.0419905 0.033529 0.0660494 0.0460005 0.056284 0.0404487 -0.0223115 -0.0413014 -0.0163743 
0.404505 0.380039 0.273415 0.33093 0.345918 0.392608 -0.000180399 -7.56335e-05 -5.6452e-05 -6.88297e-05 -0.000110043 -0.000117968 0.00271241 0.00102011 0.0017215 
0.443314 0.462906 0.361804 0.420503 0.407117 0.453832 0.00356815 -7.33424e-06 0.00136003 0.000901967 0.00236185 0.00138946 0.0156149 0.0133333 0.0156365 
0.408374 0.444293 0.319513 0.39049 0.366743 0.428297 0.0477001 0.0356684 0.0320232 0.0349583 0.0406731 0.0417477 0.0173454 0.01919 0.0178552 
0.37756 0.418058 0.20622 0.311687 0.288375 0.395763 0.0128963 0.0660494 0.033529 0.0460005 0.0248197 0.0440221 -0.0429792 -0.0163743 -0.0413014 
0.309177 0.205006 0.149106 0.176562 0.234906 0.259808 0.00478497 0.00414977 0.00118292 0.00226616 0.00297779 0.00522293 0.0127179 0.0143838 0.0127426 
0.390313 0.272704 0.38011 0.330665 0.38528 0.336818 -0.000168049 -5.76573e-05 -7.59006e-05 -6.91784e-05 -0.000113304 -0.0001055 0.00273759 0.00176225 0.00104313 
0.804597 0.376713 0.661336 0.533974 0.73584 0.62581 -0.316777 -0.249928 -0.298748 -0.292028 -0.313457 -0.301138 -0.0905729 -0.0926893 -0.0482547 
0.559029 0.240797 0.250179 0.259898 0.383237 0.396796 -0.0904629 0.010243 0.0159307 0.0157532 -0.0381745 -0.0307441 -0.150663 -0.131454 -0.168646 
-1.03522e-34 -1.90717e-34 -0.188922 -0.14758 -0.0915098 2.10102e-34 7.0189e-34 7.75051e-34 0.0875746 0.0355938 0.0350633 1.34274e-33 -0.133816 -0.146983 -0.14047 
0.404505 0.466849 0.380039 0.430188 0.392608 0.439703 -0.000180399 -0.000126437 -7.56335e-05 -0.000100082 -0.000117968 -0.000151909 0.00271241 0.00135238 0.00102011 
0.390313 0.38011 0.462963 0.427453 0.431453 0.38528 -0.000168049 -7.59006e-05 -0.000129255 -0.00010134 -0.000147958 -0.000113304 0.00273759 0.00104313 0.00145593 
0.442591 0.467896 0.360375 0.422682 0.405961 0.455552 0.00361624 0.0118894 0.00264686 0.00655505 0.00314508 0.00715848 0.0123418 0.0136984 0.0119944 
0.499984 0.478451 0.467896 0.472868 0.494401 0.497133 0.0255536 0.023711 0.0118894 0.0171565 0.018313 0.0250698 0.0168272 0.0152807 0.0136984 
0.309177 0.360375 0.467896 0.422682 0.404713 0.335556 0.00478497 0.00264686 0.0118894 0.00655505 0.0084284 0.00367861 0.0127179 0.0119944 0.0136984 
-0.0891627 0.0297955 -0.188922 -0.095266 -0.160494 -0.0113858 0.048509 0.110636 0.0875746 0.123041 0.107544 0.0818446 -0.1758 -0.153408 -0.14047 
0.386819 0.300427 0.051838 0.174019 0.216955 0.343769 -0.1919 -0.0659202 -0.11018 -0.0792732 -0.14261 -0.129718 -0.155014 -0.183939 -0.156442 
9.30515e-35 2.0369e-34 0.215403 0.115281 0.115228 -9.3476e-35 -1.47667e-35 -7.41607e-36 -6.12528e-05 -1.13641e-05 -1.3958e-05 -2.21182e-35 0.00298705 0.00149415 0.00295823 
0.500036 0.466229 0.458373 0.462382 0.489205 0.491267 -0.00132487 -0.00127315 -0.00159803 -0.00160003 -0.00156424 -0.00124608 0.0109906 0.0105884 0.00940406 
0.226902 0.442793 0.649386 0.559485 0.452252 0.330249 -0.0670292 -0.118797 -0.212825 -0.165029 -0.130556 -0.0905567 -0.0656347 -0.0655735 -0.0701407 
5.70644e-34 8.30666e-34 0.840819 0.509255 0.504664 -6.15418e-34 -3.18896e-34 -2.69162e-34 -0.00653756 -0.00242647 -0.00314343 -5.78905e-34 -0.0642166 -0.0540723 -0.0621532 
0.740391 0.649386 0.442793 0.559485 0.601301 0.6954 -0.21704 -0.212825 -0.118797 -0.165029 -0.168902 -0.222628 -0.0757766 -0.0701407 -0.0655735 
0.37327 0.55495 0.410843 0.500162 0.393439 0.473756 -0.0222172 -0.0175394 -0.0643668 -0.0473815 -0.0419285 -0.0266539 0.0462294 0.030006 0.0489568 
-0.0891627 -0.314748 -0.112492 -0.245516 -0.0958385 -0.225097 0.048509 0.0254293 -0.0071611 0.032647 0.0287001 0.0597764 -0.1758 -0.157494 -0.175272 
0.162322 -0.0182617 0.0335005 0.00173528 0.08646 0.0552344 -0.00369706 -0.00426104 -0.0174554 -0.00843256 -0.0235232 -0.00854617 -0.0626494 -0.0589885 -0.0665638 
0.258389 0.0845008 0.0903191 0.0881036 0.177271 0.173739 0.0391921 0.0098634 0.0201417 0.0136507 0.0318688 0.0256227 0.0117393 0.00887149 -0.00356454 
0.329579 0.146565 0.190886 0.170127 0.265622 0.246536 0.00471634 0.00101336 0.00420575 0.00209244 0.00531257 0.00290166 0.0180219 0.0182445 0.0195293 
0.155749 0.0903191 0.0151143 0.0488504 0.0807323 0.118967 0.0419905 0.0201417 0.010574 0.0148073 0.0251329 0.0316514 -0.0223115 -0.00356454 -0.0223463 
0.283415 0.190886 0.129613 0.161303 0.211403 0.241325 0.0168094 0.00420575 0.00452928 0.00472456 0.0109548 0.00975088 0.019657 0.0195293 0.0191479 
0.309409 0.204851 0.149168 0.17772 0.235531 0.260187 -0.000341377 -0.000418241 -9.34191e-05 -0.000232364 -0.000177152 -0.000439293 0.0140167 0.0120552 0.0141655 
0.704954 0.996417 0.752879 0.921729 0.730803 0.910328 -0.0142157 -0.0276808 -0.0277991 -0.0331849 -0.0197371 -0.0231448 -0.0758017 -0.0862167 -0.0822614 
0.37756 0.483194 0.568946 0.531915 0.480443 0.422652 0.0128963 -0.0709542 -0.0137139 -0.0379232 0.00608406 -0.0262209 -0.0429792 -0.058988 -0.0247879 
0.408374 0.423478 0.484437 0.460597 0.451817 0.415541 0.0477001 0.0654246 0.0532183 0.0593957 0.0516521 0.0561228 0.0173454 0.0123321 0.0176474 
0.667073 0.568946 0.483194 0.531915 0.604756 0.623218 -0.104435 -0.0137139 -0.0709542 -0.0379232 -0.08434 -0.0544783 -0.0175567 -0.0247879 -0.058988 
0.443314 0.458423 0.493709 0.480115 0.474885 0.451617 0.00356815 0.0111145 0.00467913 0.00754517 0.00409037 0.00680777 0.0156149 0.0173121 0.0145579 
0.507855 0.484437 0.423478 0.460597 0.479534 0.496506 0.0567095 0.0532183 0.0654246 0.0593957 0.0630516 0.0559301 0.0170475 0.0176474 0.0123321 
0.50007 0.493709 0.458423 0.480115 0.488837 0.498193 0.00986761 0.00467913 0.0111145 0.00754517 0.0107687 0.00699042 0.0149523 0.0145579 0.0173121 
0.37756 0.568946 0.418058 0.486838 0.395763 0.480443 0.0128963 -0.0137139 0.0660494 0.0374236 0.0440221 0.00608406 -0.0429792 -0.0247879 -0.0163743 
0.408374 0.484437 0.444293 0.464952 0.428297 0.451817 0.0477001 0.0532183 0.0356684 0.0452213 0.0417477 0.0516521 0.0173454 0.0176474 0.01919 
0.443314 0.493709 0.462906 0.481786 0.453832 0.474885 0.00356815 0.00467913 -7.33424e-06 0.00167243 0.00138946 0.00409037 0.0156149 0.0145579 0.0133333 
0.588823 0.418058 0.568946 0.486838 0.581502 0.51475 0.0143289 0.0660494 -0.0137139 0.0374236 0.00262591 0.0451178 -0.00246314 -0.0163743 -0.0247879 
0.500696 0.444293 0.484437 0.464952 0.494578 0.480504 0.0439925 0.0356684 0.0532183 0.0452213 0.0485929 0.0408637 0.0180531 0.01919 0.0176474 
0.500028 0.462906 0.493709 0.481786 0.498619 0.49101 0.00172459 -7.33424e-06 0.00467913 0.00167243 0.00305133 0.000784185 0.0129673 0.0133333 0.0145579 
-0.0500752 -0.0814443 -0.0211457 -0.0522543 -0.039969 -0.067795 0.0481141 0.0768958 0.0737711 0.0796518 0.0615712 0.0632869 -0.125632 -0.127864 -0.122807 
2.03439e-34 0.214933 0.273415 0.245009 0.150045 0.114925 7.11514e-36 -5.77207e-05 -5.6452e-05 -5.88695e-05 -2.04198e-05 -1.23958e-05 0.00145873 0.00280978 0.0017215 
5.26904e-34 7.42388e-34 0.835335 0.523895 0.514402 -5.11975e-34 4.02456e-34 4.81828e-34 -0.0183835 -0.00980993 -0.00647221 9.16137e-34 -0.0860041 -0.106288 -0.0941791 
0.535938 0.541625 0.506168 0.52213 0.53533 0.551729 0.0600502 0.0310406 0.0430985 0.0407481 0.0499061 0.0457154 0.0119364 0.0225467 0.0221371 
0.722481 0.878009 0.451204 0.709357 0.593171 0.820799 -0.136402 -0.227838 -0.096447 -0.171606 -0.119317 -0.186796 -0.0733818 -0.0920278 -0.0634083 
0.740391 0.451204 0.878009 0.709357 0.81661 0.614677 -0.21704 -0.096447 -0.227838 -0.171606 -0.225459 -0.1606 -0.0757766 -0.0634083 -0.0920278 
0.990081 0.840819 0.843111 0.842148 0.977706 0.977216 -0.00609824 -0.00653756 -0.00333573 -0.00465091 -0.00570783 -0.00809169 -0.0592641 -0.0621532 -0.0494479 
0.246106 0.406886 0.661336 0.532803 0.46437 0.33121 -0.212812 -0.20294 -0.298748 -0.255864 -0.269194 -0.218638 -0.0259328 0.021946 -0.0482547 
0.443314 0.361804 0.329579 0.346585 0.39415 0.407117 0.00356815 0.00136003 0.00471634 0.00282154 0.00423204 0.00236185 0.0156149 0.0156365 0.0180219 
0.408374 0.319513 0.258389 0.290818 0.342184 0.366743 0.0477001 0.0320232 0.0391921 0.0357804 0.046112 0.0406731 0.0173454 0.0178552 0.0117393 
0.37756 0.20622 0.162322 0.179496 0.27138 0.288375 0.0128963 0.033529 -0.00369706 0.0160559 0.00350175 0.0248197 -0.0429792 -0.0413014 -0.0626494 
0.562282 0.410843 0.55495 0.500162 0.559949 0.490204 -0.0787629 -0.0643668 -0.0175394 -0.0473815 -0.0435171 -0.0754855 0.0313263 0.0489568 0.030006 
0.303009 0.194923 0.142501 0.169223 0.228614 0.251859 -0.000851322 -0.000444563 -0.000231451 -0.000309935 -0.000549624 -0.000670743 0.00914457 0.0100462 0.00901863 
0.447946 0.315639 0.359288 0.338193 0.409029 0.391915 -0.00119838 -0.000567804 -0.000939985 -0.000762021 -0.00110533 -0.000904238 0.00813967 0.00727604 0.00868157 
0.499638 0.442863 0.487391 0.469147 0.495685 0.483329 -0.000605117 -0.000427872 -0.00030906 -0.000368257 -0.00043741 -0.000527954 0.00481196 0.00448145 0.00319773 
0.499638 0.487391 0.488341 0.5 0.498034 0.495685 -0.000605117 -0.00030906 -0.000362503 -0.00034313 -0.000474893 -0.00043741 0.00481196 0.00319773 0.00355724 
0.226902 0.0335005 0.047688 0.0411554 0.121409 0.117595 -0.0670292 -0.0174554 -0.0153195 -0.0178515 -0.0383189 -0.03952 -0.0656347 -0.0665638 -0.0645186 
0.328162 0.144109 0.194923 0.169886 0.266 0.244173 -9.91659e-05 -0.000107303 -0.000444563 -0.00026095 -0.000411147 -0.000103759 0.0111011 0.0108852 0.0100462 
0.895828 0.986061 0.836034 0.963882 0.868917 0.972998 -0.0636462 -0.0586016 -0.0330381 -0.0575475 -0.0493651 -0.0686161 -0.111181 -0.0962023 -0.113381 
8.30666e-34 6.58032e-34 0.843111 0.511873 0.509724 -6.14111e-34 -2.69162e-34 -2.14402e-34 -0.00333573 -0.0012261 -0.00172906 -4.77568e-34 -0.0540723 -0.0434089 -0.0494479 
-2.73575e-34 -0.10298 -0.0370772 -0.0969095 -0.251896 -0.212902 2.75842e-34 -0.0823953 -0.133529 -0.111573 -0.0372722 -0.0147439 -0.0699471 -0.0249655 -0.0948959 
0.357299 0.193307 0.315639 0.258328 0.337123 0.283075 -0.000429351 -0.000188709 -0.000567804 -0.00034327 -0.000504541 -0.000318369 0.00553985 0.00631179 0.00727604 
0.64335 0.559029 0.91321 0.777205 0.813005 0.597359 -0.0889008 -0.0904629 -0.178703 -0.154007 -0.140086 -0.0888064 -0.134103 -0.150663 -0.126418 
0.442591 0.360375 0.328162 0.344161 0.392526 0.405961 0.00361624 0.00264686 -9.91659e-05 0.000964653 0.00116003 0.00314508 0.0123418 0.0119944 0.0111011 
0.938695 0.64335 0.91321 0.813005 0.925076 0.838986 -0.139144 -0.0889008 -0.178703 -0.140086 -0.157726 -0.122896 -0.114676 -0.134103 -0.126418 
0.667073 0.669258 0.663494 0.70729 0.687997 0.67048 -0.104435 -0.148734 -0.213869 -0.183068 -0.157461 -0.126494 -0.0175567 -0.0415019 -0.000403739 
0.739167 0.663494 0.669258 0.70729 0.711573 0.709965 -0.236337 -0.213869 -0.148734 -0.183068 -0.191642 -0.227811 -0.0424856 -0.000403739 -0.0415019 
-0.00945839 -0.0814443 -0.188922 -0.128351 -0.0930659 -0.0644863 0.108838 0.0768958 0.0875746 0.081242 0.11429 0.100805 -0.130428 -0.127864 -0.14047 
6.1578e-34 4.51523e-34 0.704954 0.398922 0.389421 -3.19948e-34 -3.98182e-34 -3.62478e-34 -0.0142157 -0.00403497 -0.00543516 -7.40469e-34 -0.0783159 -0.0728886 -0.0758017 
0.359531 0.162914 0.205006 0.184027 0.285563 0.271147 0.0208374 0.00414828 0.00414977 0.00454456 0.011009 0.0119869 0.0173628 0.0174959 0.0143838 
0.477427 0.41145 0.359531 0.386241 0.429528 0.449749 0.0407301 0.0320144 0.0208374 0.0270511 0.0321126 0.0373149 0.0197474 0.0223872 0.0173628 
0.500028 0.493641 0.460319 0.480367 0.489844 0.498293 0.00172459 0.00455475 0.000177058 0.00177066 0.000842162 0.00301339 0.0129673 0.0133933 0.0115143 
0.442591 0.460319 0.493641 0.480367 0.474454 0.451694 0.00361624 0.000177058 0.00455475 0.00177066 0.00403909 0.00164557 0.0123418 0.0115143 0.0133933 
0.37327 0.212992 0.283 0.252044 0.338848 0.305359 -0.0222172 -0.00294264 0.00898762 0.00204761 -0.00227504 -0.0120636 0.0462294 0.0484254 0.0382816 
0.355015 0.28822 0.186481 0.239858 0.278744 0.323201 -0.000467442 -0.000486489 -0.000185169 -0.000311783 -0.000336403 -0.000499522 0.00577723 0.00712215 0.00627295 
0.968044 0.654044 0.977283 0.878618 0.975505 0.90011 -0.096957 -0.0512742 -0.0774323 -0.0729554 -0.0873977 -0.0839537 -0.102581 -0.0796285 -0.0983354 
0.498766 0.491353 0.433459 0.46921 0.478488 0.495907 -0.00111492 -0.00144338 -0.000967776 -0.00120079 -0.00109175 -0.00127522 0.00685891 0.00790755 0.00702788 
0.404505 0.273415 0.214933 0.245009 0.322359 0.345918 -0.000180399 -5.6452e-05 -5.77207e-05 -5.88695e-05 -0.00012175 -0.000110043 0.00271241 0.0017215 0.00280978 
0.489792 0.408139 0.466849 0.441151 0.479961 0.459169 -8.27033e-05 -5.5785e-05 -0.000126437 -8.4623e-05 -0.000100092 -7.58196e-05 -4.07388e-07 -1.40646e-06 0.00135238 
0.408199 0.48981 0.462963 0.478481 0.43864 0.459209 -5.65468e-05 -8.20875e-05 -0.000129255 -0.000100964 -8.59482e-05 -7.6125e-05 1.30779e-06 2.44519e-07 0.00145593 
0.500696 0.508333 0.479964 0.498789 0.501026 0.505192 0.0439925 0.0495506 0.0353538 0.0433118 0.0403904 0.0471132 0.0180531 0.0181107 0.0169923 
0.477427 0.479964 0.508333 0.498789 0.49994 0.478554 0.0407301 0.0353538 0.0495506 0.0433118 0.0456459 0.0391131 0.0197474 0.0169923 0.0181107 
0.499638 0.488341 0.47298 0.481445 0.494737 0.498034 -0.000605117 -0.000362503 -0.000642415 -0.000486046 -0.000635401 -0.000474893 0.00481196 0.00355724 0.00528159 
2.03439e-34 9.201e-35 0.214933 0.114978 0.114925 -9.19329e-35 7.11514e-36 1.42903e-35 -5.77207e-05 -1.34401e-05 -1.23958e-05 2.14643e-35 0.00145873 0.00291828 0.00280978 
6.1578e-34 0.704954 0.752879 0.730803 0.430231 0.389421 -3.98182e-34 -0.0142157 -0.0277991 -0.0197371 -0.00908196 -0.00543516 -0.0783159 -0.0758017 -0.0822614 
-0.0891627 -0.188922 -0.266314 -0.221681 -0.226686 -0.160494 0.048509 0.0875746 0.0485927 0.0768503 0.0836137 0.107544 -0.1758 -0.14047 -0.152877 
-1.90717e-34 -0.266314 -0.188922 -0.221681 -0.14758 -0.152023 7.75051e-34 0.0485927 0.0875746 0.0768503 0.0355938 0.020513 -0.146983 -0.152877 -0.14047 
0.390313 0.295216 0.215403 0.256971 0.31309 0.346451 -0.000168049 -0.000195754 -6.12528e-05 -0.000118987 -0.00011794 -0.000187827 0.00273759 0.00426814 0.00295823 
0.498766 0.433459 0.477575 0.458445 0.491435 0.478488 -0.00111492 -0.000967776 -0.000812102 -0.00089737 -0.000970144 -0.00109175 0.00685891 0.00702788 0.00592189 
0.996417 0.836034 0.992007 0.96804 0.99562 0.971321 -0.0276808 -0.0330381 -0.0439998 -0.0493223 -0.0374006 -0.0396879 -0.0862167 -0.113381 -0.0936029 
0.390313 0.215403 0.272704 0.244861 0.336818 0.31309 -0.000168049 -6.12528e-05 -5.76573e-05 -6.1806e-05 -0.0001055 -0.00011794 0.00273759 0.00295823 0.00176225 
0.588823 0.631959 0.55495 0.600232 0.596678 0.617581 0.0143289 -0.0545895 -0.0175394 -0.033074 -0.00179814 -0.0171315 -0.00246314 0.00814456 0.030006 
0.562282 0.55495 0.631959 0.600232 0.611252 0.559949 -0.0787629 -0.0175394 -0.0545895 -0.033074 -0.0669672 -0.0435171 0.0313263 0.030006 0.00814456 
0.404505 0.214933 0.294088 0.256093 0.354533 0.322359 -0.000180399 -5.77207e-05 -0.000189629 -0.000114463 -0.000192083 -0.00012175 0.00271241 0.00280978 0.00415739 
0.488341 0.427778 0.47298 0.453089 0.481445 0.46452 -0.000362503 -0.000369237 -0.000642415 -0.00049544 -0.000486046 -0.000372561 0.00355724 0.00424255 0.00528159 
2.61899e-34 0.203482 0.315639 0.262919 0.177396 0.108466 3.6622e-35 -0.000357278 -0.000567804 -0.000464483 -0.000227053 -0.000138962 0.00754639 0.0086913 0.00727604 
2.03439e-34 0.273415 0.180908 0.22913 0.0955065 0.150045 7.11514e-36 -5.6452e-05 -1.96376e-05 -3.46274e-05 -1.18734e-05 -2.04198e-05 0.00145873 0.0017215 0.000905395 
2.61899e-34 0.315639 0.193307 0.258328 0.102704 0.177396 3.6622e-35 -0.000567804 -0.000188709 -0.00034327 -0.000114583 -0.000227053 0.00754639 0.00727604 0.00631179 
-1.03522e-34 -0.188922 -0.0505502 -0.112403 -0.0268174 -0.0915098 7.0189e-34 0.0875746 0.03432 0.0588562 0.0166726 0.0350633 -0.133816 -0.14047 -0.128858 
2.77344e-34 0.295216 0.204243 0.251806 0.108787 0.163756 -2.20675e-35 -0.000195754 -0.000145658 -0.000186209 -3.85839e-05 -7.71074e-05 0.00444136 0.00426814 0.00537757 
0.968044 0.942446 0.654044 0.841547 0.90011 0.962721 -0.096957 -0.10998 -0.0512742 -0.0865761 -0.0839537 -0.103686 -0.102581 -0.0944598 -0.0796285 
0.404505 0.294088 0.427778 0.36949 0.416534 0.354533 -0.000180399 -0.000189629 -0.000369237 -0.000279799 -0.000261434 -0.000192083 0.00271241 0.00415739 0.00424255 
5.26904e-34 0.835335 0.707327 0.776096 0.411801 0.514402 4.02456e-34 -0.0183835 -0.00869314 -0.0120275 -0.00320277 -0.00647221 -0.0860041 -0.0941791 -0.0828822 
0.75 1 0.937135 0.98421 0.859168 0.9375 -4.44641e-37 -6.79196e-37 -0.00104262 -0.000900758 -0.000677662 -1.31737e-36 -0.0204892 -0.0214308 -0.0309536 
3.03801e-34 0.274065 0.451204 0.368534 0.172625 0.100782 -3.68703e-34 -0.0391247 -0.096447 -0.0626541 -0.0228517 -0.00914303 -0.0650128 -0.0660968 -0.0634083 
0.835335 0.836034 0.996417 0.971321 0.969802 0.836225 -0.0183835 -0.0330381 -0.0276808 -0.0396879 -0.0281113 -0.0242412 -0.0941791 -0.113381 -0.0862167 
0.357299 0.427778 0.294088 0.36949 0.327108 0.395502 -0.000429351 -0.000369237 -0.000189629 -0.000279799 -0.000295849 -0.000404937 0.00553985 0.00424255 0.00415739 
0.246106 -0.0370772 -0.10298 -0.0969095 0.0393819 0.0818317 -0.212812 -0.133529 -0.0823953 -0.111573 -0.153421 -0.17459 -0.0259328 -0.0948959 -0.0249655 
2.0369e-34 0.169633 0.272704 0.223577 0.149632 0.089199 -7.41607e-36 -1.81271e-05 -5.76573e-05 -3.40294e-05 -2.0359e-05 -1.08937e-05 0.00149415 0.000964267 0.00176225 
6.58032e-34 0.705751 0.843111 0.779914 0.511873 0.404417 -2.14402e-34 -0.00125779 -0.00333573 -0.00206687 -0.0012261 -0.000519277 -0.0434089 -0.0372992 -0.0494479 
3.23033e-34 3.61931e-34 0.654044 0.347988 0.316409 -3.73823e-34 -3.93675e-34 -4.20783e-34 -0.0512742 -0.0129738 -0.0157263 -7.70095e-34 -0.076567 -0.0824391 -0.0796285 
0.246106 0.376713 -0.0370772 0.142078 0.0818317 0.300858 -0.212812 -0.249928 -0.133529 -0.183648 -0.17459 -0.232011 -0.0259328 -0.0926893 -0.0948959 
0.992007 0.836034 0.986061 0.963882 0.988845 0.96804 -0.0439998 -0.0330381 -0.0586016 -0.0575475 -0.0520094 -0.0493223 -0.0936029 -0.113381 -0.0962023 
-2.73575e-34 -0.0370772 -0.278038 -0.184633 -0.272455 -0.251896 2.75842e-34 -0.133529 -0.0252501 -0.0681754 -0.00217091 -0.0372722 -0.0699471 -0.0948959 -0.135278 
0.837363 0.752879 0.986061 0.914622 0.936732 0.800526 -0.0518379 -0.0277991 -0.0586016 -0.0459389 -0.0577218 -0.0398238 -0.0868947 -0.0822614 -0.0962023 
0.447946 0.496055 0.466764 0.484975 0.457864 0.478863 -0.00119838 -0.0014452 -0.000976248 -0.001227 -0.00109537 -0.00136603 0.00813967 0.00803888 0.0067311 
0.498766 0.466764 0.496055 0.484975 0.499824 0.494611 -0.00111492 -0.000976248 -0.0014452 -0.001227 -0.00126831 -0.00108357 0.00685891 0.0067311 0.00803888 
0.722481 0.451204 0.274065 0.368534 0.504676 0.593171 -0.136402 -0.096447 -0.0391247 -0.0626541 -0.0835416 -0.119317 -0.0733818 -0.0634083 -0.0660968 
0.740391 0.442793 0.451204 0.451158 0.614677 0.601301 -0.21704 -0.118797 -0.096447 -0.109001 -0.1606 -0.168902 -0.0757766 -0.0655735 -0.0634083 
0.837363 0.977283 0.654044 0.878618 0.750271 0.934497 -0.0518379 -0.0774323 -0.0512742 -0.0729554 -0.0535858 -0.0668441 -0.0868947 -0.0983354 -0.0796285 
4.55362e-34 4.88243e-34 0.776032 0.45982 0.457851 -4.0642e-34 2.16678e-34 2.74825e-34 -0.00282971 -0.00112029 -0.00087891 4.94166e-34 -0.0456952 -0.0580446 -0.0512568 
3.03801e-34 0.451204 0.143699 0.279998 0.0699344 0.172625 -3.68703e-34 -0.096447 -0.0293323 -0.054872 -0.00699018 -0.0228517 -0.0650128 -0.0634083 -0.0625247 
0.998738 0.937135 0.986701 0.995398 0.994263 0.988532 -0.00226575 -0.00104262 -0.000788592 -0.00109433 -0.00166316 -0.0019182 -0.0410357 -0.0309536 -0.029137 
0.355015 0.186481 0.204243 0.195423 0.286288 0.278744 -0.000467442 -0.000185169 -0.000145658 -0.00016363 -0.000314777 -0.000336403 0.00577723 0.00627295 0.00537757 
0.998738 0.986701 0.750199 0.905429 0.928213 0.994263 -0.00226575 -0.000788592 -0.000912226 -0.00102126 -0.00172731 -0.00166316 -0.0410357 -0.029137 -0.0328575 
0.499638 0.477575 0.442863 0.462227 0.483329 0.492871 -0.000605117 -0.000812102 -0.000427872 -0.000598534 -0.000527954 -0.000711755 0.00481196 0.00592189 0.00448145 
0.551693 0.291013 0.410843 0.362437 0.481228 0.431753 -0.138178 -0.113956 -0.0643668 -0.0911054 -0.100662 -0.132598 0.0327635 0.0500746 0.0489568 
0.807284 0.300427 0.690939 0.496613 0.750443 0.551562 -0.232643 -0.0659202 -0.251876 -0.17592 -0.242929 -0.167253 -0.147086 -0.183939 -0.146051 
0.355015 0.442863 0.477575 0.462227 0.429634 0.403968 -0.000467442 -0.000427872 -0.000812102 -0.000598534 -0.000653361 -0.000460524 0.00577723 0.00448145 0.00592189 
0.410843 0.291013 0.233381 0.262925 0.324175 0.362437 -0.0643668 -0.113956 -0.035151 -0.075148 -0.057044 -0.0911054 0.0489568 0.0500746 0.0562429 
0.386819 0.690939 0.300427 0.496613 0.343769 0.545113 -0.1919 -0.251876 -0.0659202 -0.17592 -0.129718 -0.226671 -0.155014 -0.146051 -0.183939 
2.26474e-34 0.28822 0.194893 0.243644 0.103322 0.159082 -3.59218e-35 -0.000486489 -0.000330789 -0.00042688 -0.000129412 -0.000200452 0.00721111 0.00712215 0.00813007 
5.15519e-34 -0.0211457 0.0258013 -0.00229539 0.000177098 -0.00380916 6.21317e-35 0.0737711 0.0787919 0.0843268 0.0574841 0.0548925 -0.123037 -0.122807 -0.12157 
0.355015 0.433459 0.28822 0.371034 0.323201 0.398026 -0.000467442 -0.000967776 -0.000486489 -0.000754163 -0.000499522 -0.000697253 0.00577723 0.00702788 0.00712215 
7.42388e-34 0.836034 0.835335 0.836225 0.523895 0.534443 4.81828e-34 -0.0330381 -0.0183835 -0.0242412 -0.00980993 -0.0182015 -0.106288 -0.113381 -0.0941791 
1.53537e-34 0.212992 0.233381 0.235131 0.152987 0.119285 -2.72089e-34 -0.00294264 -0.035151 -0.0155485 -0.0111926 -0.00260701 0.0531707 0.0484254 0.0562429 
3.61931e-34 0.398873 0.654044 0.539887 0.347988 0.197469 -4.20783e-34 -0.0171435 -0.0512742 -0.0288341 -0.0129738 -0.00490688 -0.0824391 -0.0814254 -0.0796285 
0.837363 0.654044 0.398873 0.539887 0.647723 0.750271 -0.0518379 -0.0512742 -0.0171435 -0.0288341 -0.0333629 -0.0535858 -0.0868947 -0.0796285 -0.0814254 
0.998738 0.843111 0.705751 0.779914 0.935545 0.967176 -0.00226575 -0.00333573 -0.00125779 -0.00206687 -0.00220539 -0.00344211 -0.0410357 -0.0494479 -0.0372992 
-1.00543e-34 8.07679e-36 0.0646023 -0.0179287 -0.0871162 -2.01071e-35 -4.03247e-35 -2.52868e-34 -0.0997332 -0.0377661 -0.0405119 -1.75598e-34 -0.00169101 0.0437987 0.0292614 
0.355015 0.204243 0.295216 0.251806 0.326439 0.286288 -0.000467442 -0.000145658 -0.000195754 -0.000186209 -0.000313308 -0.000314777 0.00577723 0.00537757 0.00426814 
0.357299 0.199338 0.193307 0.196326 0.283075 0.285586 -0.000429351 -0.000127888 -0.000188709 -0.000153023 -0.000318369 -0.000289628 0.00553985 0.00528292 0.00631179 
0.489792 0.466849 0.500004 0.491786 0.497489 0.479961 -8.27033e-05 -0.000126437 -0.00012421 -0.000127791 -0.000100575 -0.000100092 -4.07388e-07 0.00135238 0.000953082 
2.26474e-34 0.186481 0.28822 0.239858 0.159082 0.0984787 -3.59218e-35 -0.000185169 -0.000486489 -0.000311783 -0.000200452 -0.000109166 0.00721111 0.00627295 0.00712215 
0.48981 0.500004 0.462963 0.49067 0.478481 0.497418 -8.20875e-05 -0.00012421 -0.000129255 -0.000129213 -0.000100964 -0.000100026 2.44519e-07 0.000953082 0.00145593 
2.68393e-34 0.199338 0.294088 0.248959 0.163145 0.105976 2.15232e-35 -0.000127888 -0.000189629 -0.000175101 -7.29314e-05 -3.15286e-05 0.00441532 0.00528292 0.00415739 
-2.73575e-34 -1.00543e-34 -0.10298 -0.146363 -0.212902 2.86544e-35 2.75842e-34 -4.03247e-35 -0.0823953 -0.0277669 -0.0147439 3.76644e-34 -0.0699471 -0.00169101 -0.0249655 
-1.49648e-35 -0.0505502 -0.011481 -0.0328333 -0.00361111 -0.0146309 6.4241e-34 0.03432 0.00717245 0.0191931 -0.000620815 0.00510028 -0.128521 -0.128858 -0.125925 
-0.00945839 0.0297955 0.240797 0.149295 0.10423 0.0134013 0.108838 0.110636 0.010243 0.0633049 0.0710078 0.117505 -0.130428 -0.153408 -0.131454 
1.14267e-34 1.53537e-34 0.233381 0.152987 0.124968 -1.00625e-34 -3.03616e-34 -2.72089e-34 -0.035151 -0.0111926 -0.0136023 -5.42102e-34 0.057583 0.0531707 0.0562429 
-0.0891627 -0.266314 -0.314748 -0.291204 -0.225097 -0.226686 0.048509 0.0485927 0.0254293 0.0391506 0.0597764 0.0836137 -0.1758 -0.152877 -0.157494 
0.837363 0.398873 0.752879 0.587125 0.800526 0.647723 -0.0518379 -0.0171435 -0.0277991 -0.0219292 -0.0398238 -0.0333629 -0.0868947 -0.0814254 -0.0822614 
0.705835 0.654044 0.942446 0.841547 0.852156 0.684821 -0.083181 -0.0512742 -0.10998 -0.0865761 -0.102747 -0.0672534 -0.0784429 -0.0796285 -0.0944598 
7.62332e-34 0.836034 7.42388e-34 0.534443 -4.93954e-34 0.558764 3.00474e-34 -0.0330381 4.81828e-34 -0.0182015 1.15406e-33 -0.0400275 -0.135333 -0.113381 -0.106288 
0.37327 0.233381 0.212992 0.235131 0.305359 0.313787 -0.0222172 -0.035151 -0.00294264 -0.0155485 -0.0120636 -0.0339793 0.0462294 0.0562429 0.0484254 
0.500005 0.500004 0.466849 0.491786 0.491726 0.500005 -0.000201637 -0.00012421 -0.000126437 -0.000127791 -0.000165268 -0.000157778 0.00211265 0.000953082 0.00135238 
0.500005 0.462963 0.500004 0.49067 0.500005 0.490733 -0.000201637 -0.000129255 -0.00012421 -0.000129213 -0.000157778 -0.000168575 0.00211265 0.00145593 0.000953082 
6.66344e-34 5.26904e-34 0.707327 0.411801 0.40714 -2.42421e-34 3.34206e-34 4.02456e-34 -0.00869314 -0.00320277 -0.0024913 7.49307e-34 -0.0712402 -0.0860041 -0.0828822 
-2.96493e-34 -0.278038 -0.314748 -0.303367 -0.259479 -0.296099 6.76552e-34 -0.0252501 0.0254293 0.00439195 0.0100165 0.00327688 -0.135562 -0.135278 -0.157494 
0.999295 0.996417 0.704954 0.910328 0.918467 0.998374 -0.0149002 -0.0276808 -0.0142157 -0.0231448 -0.0177306 -0.0213554 -0.0756275 -0.0862167 -0.0758017 
6.66344e-34 0.707327 0.837489 0.777296 0.512069 0.40714 3.34206e-34 -0.00869314 -0.00803074 -0.00866064 -0.00289133 -0.0024913 -0.0712402 -0.0828822 -0.0716016 
0.938695 0.91321 0.878107 0.944492 0.947715 0.925076 -0.139144 -0.178703 -0.132894 -0.172829 -0.146873 -0.157726 -0.114676 -0.126418 -0.0867254 
0.357299 0.294088 0.199338 0.248959 0.285586 0.327108 -0.000429351 -0.000189629 -0.000127888 -0.000175101 -0.000289628 -0.000295849 0.00553985 0.00415739 0.00528292 
0.246393 0.240797 0.781137 0.481978 0.537041 0.239043 -0.0146161 0.010243 -0.0895091 -0.0484487 -0.0545737 -0.000357525 -0.116656 -0.131454 -0.121297 
0.992007 0.986061 0.752879 0.914622 0.918035 0.988845 -0.0439998 -0.0586016 -0.0277991 -0.0459389 -0.0390415 -0.0520094 -0.0936029 -0.0962023 -0.0822614 
5.15519e-34 4.99058e-34 -0.0211457 -0.00881498 -0.00380916 1.02494e-33 6.21317e-35 3.06339e-35 0.0737711 0.0463337 0.0548925 -3.90849e-35 -0.123037 -0.121521 -0.122807 
0.999295 0.704954 0.642943 0.675075 0.902337 0.918467 -0.0149002 -0.0142157 -0.00724416 -0.00984313 -0.0137095 -0.0177306 -0.0756275 -0.0758017 -0.0691511 
0.999295 0.835335 0.996417 0.969802 0.998374 0.964504 -0.0149002 -0.0183835 -0.0276808 -0.0281113 -0.0213554 -0.0203934 -0.0756275 -0.0941791 -0.0862167 
0.244866 0.180908 0.380039 0.29241 0.318746 0.21378 -2.08557e-05 -1.96376e-05 -7.56335e-05 -4.57142e-05 -4.41001e-05 -1.91816e-05 -5.86551e-07 0.000905395 0.00102011 
0.244943 0.38011 0.169633 0.28793 0.208504 0.318836 -2.11118e-05 -7.59006e-05 -1.81271e-05 -4.51347e-05 -1.86685e-05 -4.41662e-05 7.18932e-07 0.00104313 0.000964267 
0.390313 0.487391 0.442863 0.469147 0.418735 0.450834 -0.000168049 -0.00030906 -0.000427872 -0.000368257 -0.000275991 -0.000237149 0.00273759 0.00319773 0.00448145 
4.51523e-34 0.642943 0.704954 0.675075 0.398922 0.355488 -3.62478e-34 -0.00724416 -0.0142157 -0.00984313 -0.00403497 -0.00263646 -0.0728886 -0.0691511 -0.0758017 
0.453121 0.506168 0.541625 0.52213 0.503269 0.488216 0.0136097 0.0430985 0.0310406 0.0407481 0.0187428 0.0293718 0.0331726 0.0221371 0.0225467 
0.394388 0.467896 0.478451 0.472868 0.444201 0.43624 0.0152949 0.0118894 0.023711 0.0171565 0.0198031 0.0141813 0.0142974 0.0136984 0.0152807 
4.88243e-34 0.64808 0.776032 0.715541 0.45982 0.366497 2.74825e-34 -0.00331567 -0.00282971 -0.0031481 -0.00112029 -0.000956837 -0.0580446 -0.0626799 -0.0512568 
0.998738 0.750199 0.625437 0.69089 0.895429 0.928213 -0.00226575 -0.000912226 -0.00122951 -0.00108801 -0.00224041 -0.00172731 -0.0410357 -0.0328575 -0.0418664 
-0.0891627 0.300427 0.250179 0.282753 0.0900705 0.10213 0.048509 -0.0659202 0.0159307 -0.0230352 0.0406263 0.00663178 -0.1758 -0.183939 -0.168646 
5.70644e-34 0.840819 0.642943 0.751647 0.360179 0.504664 -3.18896e-34 -0.00653756 -0.00724416 -0.00717131 -0.00230719 -0.00314343 -0.0642166 -0.0621532 -0.0691511 
0.38536 0.462906 0.470106 0.466731 0.434558 0.429686 -0.00111222 -7.33424e-06 -0.00128218 -0.000754132 -0.0012357 -0.000763679 0.0118608 0.0133333 0.011376 
1.97463e-34 1.98609e-34 0.410198 0.193848 0.164343 -1.53582e-34 -3.51915e-34 -3.7802e-34 -0.0511514 -0.0106579 -0.0101151 -6.89856e-34 -0.0680582 -0.0742631 -0.0698915 
0.999295 0.707327 0.835335 0.776096 0.964504 0.93528 -0.0149002 -0.00869314 -0.0183835 -0.0120275 -0.0203934 -0.0152081 -0.0756275 -0.0828822 -0.0941791 
-1.49648e-35 -1.03522e-34 -0.0505502 -0.0268174 -0.0146309 2.22304e-35 6.4241e-34 7.0189e-34 0.03432 0.0166726 0.00510028 1.28349e-33 -0.128521 -0.133816 -0.128858 
1.1399e-34 2.77344e-34 0.204243 0.108787 0.108678 -7.76098e-35 -2.90908e-35 -2.20675e-35 -0.000145658 -3.85839e-05 -3.92037e-05 -5.09396e-35 0.00587628 0.00444136 0.00537757 
0.75 0.750199 0.986701 0.905429 0.905386 0.750013 -5.10011e-37 -0.000912226 -0.000788592 -0.00102126 -0.000686212 -0.000478485 -0.0223167 -0.0328575 -0.029137 
0.32396 0.618182 0.483194 0.546007 0.407358 0.478707 -0.0774123 -0.173293 -0.0709542 -0.119952 -0.0800029 -0.122972 -0.0717639 -0.0651985 -0.058988 
0.283478 0.418058 0.42801 0.420304 0.358175 0.342168 0.0605058 0.0660494 0.0743896 0.072292 0.0698207 0.0670114 -0.00200714 -0.0163743 0.00285533 
0.371753 0.444293 0.459233 0.452361 0.421522 0.4124 0.0148199 0.0356684 0.0219455 0.0283483 0.0187906 0.0243985 0.0195852 0.01919 0.0185079 
0.807284 0.878009 0.91321 0.923533 0.861637 0.900927 -0.232643 -0.227838 -0.178703 -0.217012 -0.209495 -0.255032 -0.147086 -0.0920278 -0.126418 
0.380122 0.458373 0.466229 0.462382 0.429796 0.424263 -0.00108529 -0.00159803 -0.00127315 -0.00160003 -0.00114055 -0.00135265 0.0102188 0.00940406 0.0105884 
0.28822 0.433459 0.341454 0.392368 0.315806 0.371034 -0.000486489 -0.000967776 -0.000881195 -0.000945869 -0.000670043 -0.000754163 0.00712215 0.00702788 0.00804963 
0.500005 0.488341 0.487391 0.5 0.496847 0.497094 -0.000201637 -0.000362503 -0.00030906 -0.00034313 -0.000251576 -0.000271583 0.00211265 0.00355724 0.00319773 
0.807284 0.55396 0.300427 0.424584 0.551562 0.693997 -0.232643 -0.122012 -0.0659202 -0.0947491 -0.167253 -0.18332 -0.147086 -0.162315 -0.183939 
0.500014 0.454896 0.49554 0.48058 0.499013 0.489082 -0.00166261 -0.00153075 -0.00167765 -0.00160431 -0.00169599 -0.00164771 0.00906873 0.0097494 0.0101961 
2.59865e-34 -1.49648e-35 -0.011481 -0.00361111 0.00461215 4.00999e-36 3.09393e-34 6.4241e-34 0.00717245 -0.000620815 -0.00270953 1.25147e-33 -0.125183 -0.128521 -0.125925 
0.38536 0.470106 0.454896 0.462886 0.424139 0.434558 -0.00111222 -0.00128218 -0.00153075 -0.00155329 -0.00140105 -0.0012357 0.0118608 0.011376 0.0097494 
0.246393 0.0387605 0.0258013 0.0212484 0.069011 0.128571 -0.0146161 0.0397175 0.0787919 0.0601696 0.045841 0.0172048 -0.116656 -0.121336 -0.12157 
2.59865e-34 -0.011481 5.14492e-34 -0.00244439 1.04082e-33 0.00461215 3.09393e-34 0.00717245 4.91063e-36 0.00274936 -1.34341e-36 -0.00270953 -0.125183 -0.125925 -0.124205 
0.439908 0.341454 0.433459 0.392368 0.436739 0.396551 -0.00121101 -0.000881195 -0.000967776 -0.000945869 -0.00111802 -0.00107076 0.00807618 0.00804963 0.00702788 
0.705835 0.296152 0.654044 0.474599 0.684821 0.511099 -0.083181 -0.0231077 -0.0512742 -0.0341064 -0.0672534 -0.047933 -0.0784429 -0.0748301 -0.0796285 
0.807284 0.91321 0.55396 0.768134 0.693997 0.861637 -0.232643 -0.178703 -0.122012 -0.168908 -0.18332 -0.209495 -0.147086 -0.126418 -0.162315 
0.404505 0.427778 0.488341 0.46452 0.456521 0.416534 -0.000180399 -0.000369237 -0.000362503 -0.000372561 -0.000264721 -0.000261434 0.00271241 0.00424255 0.00355724 
6.58032e-34 4.01839e-34 0.705751 0.405141 0.404417 -2.80191e-34 -2.14402e-34 -1.57862e-34 -0.00125779 -0.000327173 -0.000519277 -3.70374e-34 -0.0434089 -0.0321311 -0.0372992 
0.371753 0.459233 0.458423 0.459227 0.421267 0.421522 0.0148199 0.0219455 0.0111145 0.0159028 0.0133767 0.0187906 0.0195852 0.0185079 0.0173121 
0.998738 0.997195 0.843111 0.970646 0.967176 0.997938 -0.00226575 -0.00410283 -0.00333573 -0.00427661 -0.00344211 -0.00337345 -0.0410357 -0.0502089 -0.0494479 
0.283478 0.42801 0.423478 0.425542 0.360906 0.358175 0.0605058 0.0743896 0.0654246 0.0715931 0.0664611 0.0698207 -0.00200714 0.00285533 0.0123321 
0.999295 0.642943 0.840819 0.751647 0.956076 0.902337 -0.0149002 -0.00724416 -0.00653756 -0.00717131 -0.0116261 -0.0137095 -0.0756275 -0.0691511 -0.0621532 
0.50007 0.458423 0.493354 0.4796 0.498171 0.488837 0.00986761 0.0111145 0.0165244 0.0136459 0.0129941 0.0107687 0.0149523 0.0173121 0.0165934 
3.03801e-34 1.97463e-34 0.274065 0.123708 0.100782 -7.25265e-35 -3.68703e-34 -3.51915e-34 -0.0391247 -0.00847801 -0.00914303 -6.47318e-34 -0.0650128 -0.0680582 -0.0660968 
-0.0500752 -0.011481 -0.0505502 -0.0328333 -0.0573536 -0.0313104 0.0481141 0.00717245 0.03432 0.0191931 0.0418662 0.0249896 -0.125632 -0.125925 -0.128858 
0.246393 0.0818719 0.240797 0.153897 0.239043 0.134497 -0.0146161 0.0600583 0.010243 0.0433835 -0.000357525 0.0283774 -0.116656 -0.122579 -0.131454 
0.32396 0.649386 0.618182 0.634316 0.478707 0.484864 -0.0774123 -0.212825 -0.173293 -0.196435 -0.122972 -0.138107 -0.0717639 -0.0701407 -0.0651985 
0.507855 0.423478 0.498413 0.462861 0.504525 0.479534 0.0567095 0.0654246 0.0675534 0.0676591 0.0617054 0.0630516 0.0170475 0.0123321 0.0120829 
0.667073 0.483194 0.669258 0.586245 0.67048 0.604756 -0.104435 -0.0709542 -0.148734 -0.10462 -0.126494 -0.08434 -0.0175567 -0.058988 -0.0415019 
0.990081 0.843111 0.997195 0.970646 0.994279 0.977706 -0.00609824 -0.00333573 -0.00410283 -0.00427661 -0.00500592 -0.00570783 -0.0592641 -0.0494479 -0.0502089 
0.998738 0.625437 0.776032 0.705504 0.935456 0.895429 -0.00226575 -0.00122951 -0.00282971 -0.00183264 -0.0030552 -0.00224041 -0.0410357 -0.0418664 -0.0512568 
0.968044 0.781137 0.942446 0.942781 0.962721 0.907083 -0.096957 -0.0895091 -0.10998 -0.116827 -0.103686 -0.103958 -0.102581 -0.121297 -0.0944598 
-0.112492 -0.314748 -0.278038 -0.303367 -0.209902 -0.245516 -0.0071611 0.0254293 -0.0252501 0.00439195 -0.00191112 0.032647 -0.175272 -0.157494 -0.135278 
5.15519e-34 0.0258013 0.0387605 0.0212484 -0.0107413 0.000177098 6.21317e-35 0.0787919 0.0397175 0.0601696 0.0455742 0.0574841 -0.123037 -0.12157 -0.121336 
0.804597 0.765763 0.649386 0.727943 0.801284 0.799296 -0.316777 -0.263136 -0.212825 -0.246394 -0.279892 -0.29499 -0.0905729 -0.0631884 -0.0701407 
3.23033e-34 0.654044 0.296152 0.474599 0.150243 0.316409 -3.93675e-34 -0.0512742 -0.0231077 -0.0341064 -0.00821609 -0.0157263 -0.076567 -0.0796285 -0.0748301 
0.740391 0.878009 0.868431 0.884756 0.84908 0.81661 -0.21704 -0.227838 -0.295494 -0.268305 -0.269907 -0.225459 -0.0757766 -0.0920278 -0.106649 
0.807284 0.868431 0.878009 0.884756 0.900927 0.851948 -0.232643 -0.295494 -0.227838 -0.268305 -0.255032 -0.279387 -0.147086 -0.106649 -0.0920278 
0.439908 0.433459 0.491353 0.46921 0.471372 0.436739 -0.00121101 -0.000967776 -0.00144338 -0.00120079 -0.00133761 -0.00111802 0.00807618 0.00702788 0.00790755 
-1.00543e-34 0.0646023 -0.10298 -0.0251779 -0.146363 -0.0871162 -4.03247e-35 -0.0997332 -0.0823953 -0.0934502 -0.0277669 -0.0405119 -0.00169101 0.0292614 -0.0249655 
-0.00945839 0.240797 0.0818719 0.153897 0.0382958 0.10423 0.108838 0.010243 0.0600583 0.0433835 0.0857706 0.0710078 -0.130428 -0.131454 -0.122579 
0.380122 0.466229 0.460319 0.463205 0.425397 0.429796 -0.00108529 -0.00127315 0.000177058 -0.000698621 -0.000694036 -0.00114055 0.0102188 0.0105884 0.0115143 
0.272704 0.169633 0.38011 0.28793 0.330665 0.223577 -5.76573e-05 -1.81271e-05 -7.59006e-05 -4.51347e-05 -6.91784e-05 -3.40294e-05 0.00176225 0.000964267 0.00104313 
0.273415 0.380039 0.180908 0.29241 0.22913 0.33093 -5.6452e-05 -7.56335e-05 -1.96376e-05 -4.57142e-05 -3.46274e-05 -6.88297e-05 0.0017215 0.00102011 0.000905395 
4.03363e-34 6.1578e-34 0.752879 0.430231 0.410138 -4.52905e-34 -4.11081e-34 -3.98182e-34 -0.0277991 -0.00908196 -0.0118196 -7.79185e-34 -0.0814499 -0.0783159 -0.0822614 
0.75 0.437734 0.750199 0.609435 0.750013 0.609518 -5.10011e-37 -0.000209558 -0.000912226 -0.000384143 -0.000478485 -0.000168292 -0.0223167 -0.0281646 -0.0328575 
0.408139 0.380039 0.466849 0.430188 0.441151 0.394557 -5.5785e-05 -7.56335e-05 -0.000126437 -0.000100082 -8.4623e-05 -6.29308e-05 -1.40646e-06 0.00102011 0.00135238 
0.408199 0.462963 0.38011 0.427453 0.394623 0.43864 -5.65468e-05 -0.000129255 -7.59006e-05 -0.00010134 -6.35674e-05 -8.59482e-05 1.30779e-06 0.00145593 0.00104313 
0.938695 0.942446 0.781137 0.942781 0.880982 0.95915 -0.139144 -0.10998 -0.0895091 -0.116827 -0.1191 -0.128734 -0.114676 -0.0944598 -0.121297 
0.394388 0.478451 0.479964 0.478883 0.443984 0.444201 0.0152949 0.023711 0.0353538 0.0294484 0.0247037 0.0198031 0.0142974 0.0152807 0.0169923 
0.998738 0.705751 0.937135 0.842726 0.988532 0.935545 -0.00226575 -0.00125779 -0.00104262 -0.00140293 -0.0019182 -0.00220539 -0.0410357 -0.0372992 -0.0309536 
2.68393e-34 1.14822e-34 0.199338 0.106074 0.105976 -6.95578e-35 2.15232e-35 2.89937e-35 -0.000127888 -3.18781e-05 -3.15286e-05 5.07163e-35 0.00441532 0.00592895 0.00528292 
0.500028 0.460319 0.494978 0.481711 0.498655 0.489844 0.00172459 0.000177058 -0.000327474 -0.000215248 0.000561392 0.000842162 0.0129673 0.0115143 0.0116894 
0.990081 0.999483 0.840819 0.964174 0.977216 0.996481 -0.00609824 -0.0100641 -0.00653756 -0.00942765 -0.00809169 -0.00841124 -0.0592641 -0.0671385 -0.0621532 
0.453121 0.541625 0.55495 0.551992 0.502494 0.503269 0.0136097 0.0310406 -0.0175394 0.0108161 -0.000568728 0.0187428 0.0331726 0.0225467 0.030006 
4.51523e-34 5.70644e-34 0.642943 0.360179 0.355488 -1.99054e-34 -3.62478e-34 -3.18896e-34 -0.00724416 -0.00230719 -0.00263646 -6.71627e-34 -0.0728886 -0.0642166 -0.0691511 
0.408139 0.244866 0.380039 0.318746 0.394557 0.336703 -5.5785e-05 -2.08557e-05 -7.56335e-05 -4.41001e-05 -6.29308e-05 -4.19471e-05 -1.40646e-06 -5.86551e-07 0.00102011 
0.244943 0.408199 0.38011 0.394623 0.318836 0.336779 -2.11118e-05 -5.65468e-05 -7.59006e-05 -6.35674e-05 -4.41662e-05 -4.1821e-05 7.18932e-07 1.30779e-06 0.00104313 
0.722481 0.274065 0.410198 0.341877 0.583226 0.504676 -0.136402 -0.0391247 -0.0511514 -0.0448673 -0.0898657 -0.0835416 -0.0733818 -0.0660968 -0.0698915 
2.94933e-34 0.586316 4.01839e-34 0.324858 -9.77136e-35 0.325076 -5.00124e-35 -0.000379772 -1.57862e-34 -0.000167716 -2.57457e-34 -0.000117407 -0.0203704 -0.0281248 -0.0321311 
4.01839e-34 0.586316 0.705751 0.648654 0.405141 0.324858 -1.57862e-34 -0.000379772 -0.00125779 -0.000689077 -0.000327173 -0.000167716 -0.0321311 -0.0281248 -0.0372992 
0.500005 0.466849 0.477956 0.472682 0.4945 0.491726 -0.000201637 -0.000126437 -0.000218525 -0.000164558 -0.000214225 -0.000165268 0.00211265 0.00135238 0.00247315 
0.404505 0.477956 0.466849 0.472682 0.439703 0.447674 -0.000180399 -0.000218525 -0.000126437 -0.000164558 -0.000151909 -0.000201107 0.00271241 0.00247315 0.00135238 
4.42078e-34 0.625437 0.750199 0.69089 0.437786 0.350249 1.60865e-34 -0.00122951 -0.000912226 -0.00108801 -0.000286453 -0.000279744 -0.0338805 -0.0418664 -0.0328575 
1 0.75 0.986701 0.905386 0.996686 0.9375 -6.79196e-37 -5.10011e-37 -0.000788592 -0.000686212 -0.000743667 -1.05191e-36 -0.0214308 -0.0223167 -0.029137 
0.999295 0.840819 0.999483 0.964174 0.999789 0.956076 -0.0149002 -0.00653756 -0.0100641 -0.00942765 -0.0121341 -0.0116261 -0.0756275 -0.0621532 -0.0671385 
1.44677e-34 1.30845e-34 0.238839 0.12886 0.136818 -8.22969e-35 -1.21107e-34 -9.2424e-35 0.0107222 0.00326999 0.00377527 -2.22151e-34 0.0253423 0.0193984 0.0223541 
0.500696 0.479964 0.500946 0.49424 0.502535 0.501026 0.0439925 0.0353538 0.0343186 0.035407 0.0392657 0.0403904 0.0180531 0.0169923 0.0170722 
1.07408e-34 1.07343e-34 0.19581 0.102855 0.103316 -6.85149e-35 -5.95605e-35 -5.57412e-35 0.000558626 0.000140653 0.000198717 -1.15856e-34 0.012143 0.0113105 0.0117394 
0.990081 0.776032 0.64808 0.715541 0.880682 0.917786 -0.00609824 -0.00282971 -0.00331567 -0.0031481 -0.00582066 -0.00485043 -0.0592641 -0.0512568 -0.0626799 
1.08624e-34 1.10477e-34 0.200526 0.107302 0.107717 -6.85729e-35 7.46898e-35 8.53994e-35 0.000429626 0.000173458 0.000124428 1.59601e-34 0.0152196 0.0173442 0.0162176 
8.45237e-35 7.03342e-35 0.158914 0.0709917 0.0807794 -5.71162e-35 9.30251e-35 7.07536e-35 0.0125087 0.00433417 0.00404339 1.53949e-34 0.0181993 0.0133521 0.0164748 
-1.56365e-35 -2.56929e-35 0.0211893 -0.0320277 -0.02551 -3.55484e-36 -1.50371e-34 -2.50129e-34 0.0109965 0.00323863 0.00252718 -4.11562e-34 -0.031583 -0.0512319 -0.0425592 
-2.23992e-34 -2.96493e-34 -0.314748 -0.259479 -0.233479 1.44425e-34 7.83017e-34 6.76552e-34 0.0254293 0.0100165 0.0204214 1.4405e-33 -0.154066 -0.135562 -0.157494 
0.559029 0.64335 0.240797 0.431387 0.396796 0.597359 -0.0904629 -0.0889008 0.010243 -0.0355053 -0.0307441 -0.0888064 -0.150663 -0.134103 -0.131454 
4.67048e-35 3.03801e-34 0.143699 0.0699344 0.0523009 -3.53032e-35 -3.23934e-34 -3.68703e-34 -0.0293323 -0.00699018 -0.0054328 -6.29405e-34 -0.0646716 -0.0650128 -0.0625247 
9.80772e-35 2.26474e-34 0.194893 0.103322 0.103075 -6.60151e-35 -4.18884e-35 -3.59218e-35 -0.000330789 -0.000129412 -0.000122466 -7.73521e-35 0.00845705 0.00721111 0.00813007 
0.357299 0.466764 0.47298 0.469945 0.42652 0.421564 -0.000429351 -0.000976248 -0.000642415 -0.000794638 -0.000552001 -0.000686797 0.00553985 0.0067311 0.00528159 
0.937135 0.705751 0.586316 0.648654 0.800202 0.842726 -0.00104262 -0.00125779 -0.000379772 -0.000689077 -0.000777896 -0.00140293 -0.0309536 -0.0372992 -0.0281248 
0.588823 0.55495 0.571973 0.581046 0.580115 0.596678 0.0143289 -0.0175394 0.0362229 0.0137105 0.0268229 -0.00179814 -0.00246314 0.030006 0.00901067 
1 0.986701 0.937135 0.995398 0.98421 0.996686 -6.79196e-37 -0.000788592 -0.00104262 -0.00109433 -0.000900758 -0.000743667 -0.0214308 -0.029137 -0.0309536 
-1.90717e-34 -2.23992e-34 -0.266314 -0.190335 -0.152023 1.26198e-34 7.75051e-34 7.83017e-34 0.0485927 0.0215654 0.020513 1.48127e-33 -0.146983 -0.154066 -0.152877 
4.03363e-34 0.752879 0.398873 0.587125 0.209354 0.410138 -4.11081e-34 -0.0277991 -0.0171435 -0.0219292 -0.00581693 -0.0118196 -0.0814499 -0.0822614 -0.0814254 
2.94933e-34 0.75 0.586316 0.673344 0.325076 0.4375 -5.00124e-35 -4.44641e-37 -0.000379772 -0.000228059 -0.000117407 -1.2126e-37 -0.0203704 -0.0204892 -0.0281248 
1.12765e-34 1.12458e-34 0.204851 0.109941 0.109611 -7.44265e-35 5.41865e-35 6.41693e-35 -0.000418241 -0.000165809 -0.000167636 1.18648e-34 0.0110868 0.0131169 0.0120552 
2.61899e-34 1.09685e-34 0.203482 0.108718 0.108466 -7.41186e-35 3.6622e-35 4.51706e-35 -0.000357278 -0.000123668 -0.000138962 8.23266e-35 0.00754639 0.00924376 0.0086913 
1.05269e-34 9.93387e-35 0.190886 0.0989107 0.102425 -6.57565e-35 9.42213e-35 9.84002e-35 0.00420575 0.00159077 0.0013897 1.89092e-34 0.0189674 0.0196478 0.0195293 
3.96501e-35 1.40019e-35 0.0903191 0.0145573 0.0312244 -3.61274e-35 2.4948e-35 -5.2771e-35 0.0201417 0.00792922 0.00715119 -4.43146e-35 0.00365316 -0.0122553 -0.00356454 
-1.53025e-35 1.05047e-35 0.0335005 0.000829918 -0.0178297 9.22671e-36 -3.15114e-34 -3.31452e-34 -0.0174554 -0.00950434 -0.00695998 -6.32186e-34 -0.0630247 -0.0659494 -0.0665638 
1.67813e-34 1.66905e-34 0.283 0.164144 0.169544 -1.04165e-34 -2.13426e-34 -1.59775e-34 0.00898762 0.00302384 0.00243285 -3.79038e-34 0.0434761 0.033064 0.0382816 
1.16769e-34 1.12032e-34 0.205006 0.10781 0.111252 -7.0356e-35 -7.54341e-35 -6.52113e-35 0.00414977 0.00135152 0.0015899 -1.44164e-34 0.0156713 0.0134631 0.0143838 
1.06663e-34 1.05499e-34 0.194923 0.102968 0.102634 -6.75444e-35 -5.18175e-35 -4.73478e-35 -0.000444563 -0.000154216 -0.000150155 -9.89055e-35 0.0104697 0.00955732 0.0100462 
0.705835 0.878107 0.410198 0.681549 0.563241 0.80763 -0.083181 -0.132894 -0.0511514 -0.0965863 -0.0685081 -0.108257 -0.0784429 -0.0867254 -0.0698915 
0.804597 0.661336 0.765763 0.766227 0.799296 0.73584 -0.316777 -0.298748 -0.263136 -0.293173 -0.29499 -0.313457 -0.0905729 -0.0482547 -0.0631884 
0.739167 0.765763 0.661336 0.766227 0.733572 0.756361 -0.236337 -0.263136 -0.298748 -0.293173 -0.280164 -0.252324 -0.0424856 -0.0631884 -0.0482547 
0.722481 0.878107 0.91321 0.944492 0.907142 0.808911 -0.136402 -0.132894 -0.178703 -0.172829 -0.188569 -0.139044 -0.0733818 -0.0867254 -0.126418 
0.246393 0.0258013 0.0818719 0.0455758 0.134497 0.069011 -0.0146161 0.0787919 0.0600583 0.0689321 0.0283774 0.045841 -0.116656 -0.12157 -0.122579 
0.500005 0.477956 0.488341 0.483555 0.497094 0.4945 -0.000201637 -0.000218525 -0.000362503 -0.000283281 -0.000271583 -0.000214225 0.00211265 0.00247315 0.00355724 
2.18514e-34 4.42078e-34 0.437734 0.23458 0.234507 4.78644e-35 5.34454e-35 1.60865e-34 -0.000209558 -0.000186704 -9.06186e-05 2.683e-34 -0.0224716 -0.0338805 -0.0281646 
0.999295 0.837489 0.707327 0.777296 0.93528 0.963783 -0.0149002 -0.00803074 -0.00869314 -0.00866064 -0.0152081 -0.012931 -0.0756275 -0.0716016 -0.0828822 
0.246106 -0.10298 0.0646023 -0.0251779 0.133197 0.0393819 -0.212812 -0.0823953 -0.0997332 -0.0934502 -0.16138 -0.153421 -0.0259328 -0.0249655 0.0292614 
0.722481 0.410198 0.878107 0.681549 0.808911 0.583226 -0.136402 -0.0511514 -0.132894 -0.0965863 -0.139044 -0.0898657 -0.0733818 -0.0698915 -0.0867254 
0.404505 0.488341 0.477956 0.483555 0.447674 0.456521 -0.000180399 -0.000362503 -0.000218525 -0.000283281 -0.000201107 -0.000264721 0.00271241 0.00355724 0.00247315 
-2.96493e-34 -2.73575e-34 -0.278038 -0.272455 -0.296099 1.55709e-34 6.76552e-34 2.75842e-34 -0.0252501 -0.00217091 0.00327688 1.04437e-33 -0.135562 -0.0699471 -0.135278 
4.42078e-34 0.750199 0.437734 0.609435 0.23458 0.437786 1.60865e-34 -0.000912226 -0.000209558 -0.000384143 -0.000186704 -0.000286453 -0.0338805 -0.0328575 -0.0281646 
1.44677e-34 0.238839 0.206509 0.223755 0.110665 0.136818 -1.21107e-34 0.0107222 0.00679491 0.00912465 0.00215062 0.00377527 0.0253423 0.0223541 0.0292066 
0.75 0.937135 0.586316 0.800202 0.673344 0.859168 -4.44641e-37 -0.00104262 -0.000379772 -0.000777896 -0.000228059 -0.000677662 -0.0204892 -0.0309536 -0.0281248 
0.377935 0.206509 0.238839 0.223755 0.314202 0.303481 0.0242264 0.00679491 0.0107222 0.00912465 0.0181397 0.015742 0.0283965 0.0292066 0.0223541 
1.07408e-34 0.19581 0.149106 0.17258 0.077005 0.103316 -5.95605e-35 0.000558626 0.00118292 0.000980474 0.000338697 0.000198717 0.012143 0.0117394 0.0127426 
-0.00945839 0.0818719 0.0258013 0.0455758 0.0135916 0.0382958 0.108838 0.0600583 0.0787919 0.0689321 0.0901961 0.0857706 -0.130428 -0.122579 -0.12157 
4.42078e-34 4.55362e-34 0.625437 0.350959 0.350249 -1.42415e-34 1.60865e-34 2.16678e-34 -0.00122951 -0.000411259 -0.000279744 3.78903e-34 -0.0338805 -0.0456952 -0.0418664 
0.309177 0.149106 0.19581 0.17258 0.254688 0.234906 0.00478497 0.00118292 0.000558626 0.000980474 0.002237 0.00297779 0.0127179 0.0127426 0.0117394 
1.14822e-34 2.61899e-34 0.193307 0.102704 0.102625 -6.13307e-35 2.89937e-35 3.6622e-35 -0.000188709 -0.000114583 -5.46313e-05 6.60908e-35 0.00592895 0.00754639 0.00631179 
4.88243e-34 6.66344e-34 0.64808 0.368989 0.366497 -1.66167e-34 2.74825e-34 3.34206e-34 -0.00331567 -0.00173426 -0.000956837 6.15677e-34 -0.0580446 -0.0712402 -0.0626799 
-0.0370772 0.376713 0.051838 0.199205 -0.0260036 0.142078 -0.133529 -0.249928 -0.11018 -0.182415 -0.112339 -0.183648 -0.0948959 -0.0926893 -0.156442 
0.722481 0.91321 0.878009 0.923533 0.820799 0.907142 -0.136402 -0.178703 -0.227838 -0.217012 -0.186796 -0.188569 -0.0733818 -0.126418 -0.0920278 
0.705835 0.410198 0.296152 0.359577 0.511099 0.563241 -0.083181 -0.0511514 -0.0231077 -0.0329402 -0.047933 -0.0685081 -0.0784429 -0.0698915 -0.0748301 
1.10477e-34 0.146565 0.200526 0.174435 0.107302 0.0772745 8.53994e-35 0.00101336 0.000429626 0.000857935 0.000173458 0.0003315 0.0173442 0.0182445 0.0162176 
1.08624e-34 0.200526 0.149168 0.175658 0.0784218 0.107717 7.46898e-35 0.000429626 -9.34191e-05 8.56456e-05 1.70794e-05 0.000124428 0.0152196 0.0162176 0.0141655 
7.03342e-35 0.0845008 0.158914 0.12246 0.0709917 0.0392684 7.07536e-35 0.0098634 0.0125087 0.0121079 0.00433417 0.00297453 0.0133521 0.00887149 0.0164748 
8.45237e-35 0.158914 0.129613 0.145968 0.0632892 0.0807794 9.30251e-35 0.0125087 0.00452928 0.00736926 0.00169902 0.00404339 0.0181993 0.0164748 0.0191479 
-2.56929e-35 -0.0182617 0.0211893 -0.00793352 -0.0320277 -0.0317237 -2.50129e-34 -0.00426104 0.0109965 0.00139643 0.00323863 -0.00105132 -0.0512319 -0.0589885 -0.0425592 
-1.56365e-35 0.0211893 0.0151143 0.0139466 -0.0185405 -0.02551 -1.50371e-34 0.0109965 0.010574 0.0119093 0.00262764 0.00252718 -0.031583 -0.0425592 -0.0223463 
0.309409 0.149168 0.200526 0.175658 0.258229 0.235531 -0.000341377 -9.34191e-05 0.000429626 8.56456e-05 0.000186251 -0.000177152 0.0140167 0.0141655 0.0162176 
0.283415 0.129613 0.158914 0.145968 0.224321 0.211403 0.0168094 0.00452928 0.0125087 0.00736926 0.016184 0.0109548 0.019657 0.0191479 0.0164748 
0.329579 0.200526 0.146565 0.174435 0.246536 0.27063 0.00471634 0.000429626 0.00101336 0.000857935 0.00290166 0.00210004 0.0180219 0.0162176 0.0182445 
0.155749 0.0151143 0.0211893 0.0139466 0.0827419 0.0807323 0.0419905 0.010574 0.0109965 0.0119093 0.0236692 0.0251329 -0.0223115 -0.0223463 -0.0425592 
0.258389 0.158914 0.0845008 0.12246 0.173739 0.212904 0.0391921 0.0125087 0.0098634 0.0121079 0.0256227 0.0254937 0.0117393 0.0164748 0.00887149 
0.162322 0.0211893 -0.0182617 -0.00793352 0.0552344 0.0735905 -0.00369706 0.0109965 -0.00426104 0.00139643 -0.00854617 0.00549113 -0.0626494 -0.0425592 -0.0589885 
6.66344e-34 0.837489 0.64808 0.75142 0.368989 0.512069 3.34206e-34 -0.00803074 -0.00331567 -0.00511765 -0.00173426 -0.00289133 -0.0712402 -0.0716016 -0.0626799 
0.559029 0.55396 0.91321 0.768134 0.777205 0.555766 -0.0904629 -0.122012 -0.178703 -0.168908 -0.154007 -0.105125 -0.150663 -0.162315 -0.126418 
0.328162 0.19581 0.144109 0.170119 0.244173 0.266463 -9.91659e-05 0.000558626 -0.000107303 0.000100059 -0.000103759 0.00055959 0.0111011 0.0117394 0.0108852 
1.07343e-34 0.144109 0.19581 0.170119 0.102855 0.0745761 -5.57412e-35 -0.000107303 0.000558626 0.000100059 0.000140653 3.87432e-05 0.0113105 0.0108852 0.0117394 
0.291013 0.0995208 0.233381 0.173804 0.262925 0.189441 -0.113956 -0.0399497 -0.035151 -0.0416388 -0.075148 -0.0851038 0.0500746 0.0517019 0.0562429 
7.98979e-35 0.169633 2.0369e-34 0.089199 -3.43634e-35 0.0892093 -1.19758e-38 -1.81271e-05 -7.41607e-36 -1.08937e-05 -7.38796e-36 -6.25338e-06 1.99794e-06 0.000964267 0.00149415 
1.98609e-34 0.296152 0.410198 0.359577 0.193848 0.132235 -3.7802e-34 -0.0231077 -0.0511514 -0.0329402 -0.0106579 -0.00679344 -0.0742631 -0.0748301 -0.0698915 
0.246393 0.448872 0.0387605 0.17187 0.128571 0.330343 -0.0146161 -0.055937 0.0397175 -0.00332454 0.0172048 -0.0316786 -0.116656 -0.122206 -0.121336 
1.14267e-34 0.233381 0.0995208 0.173804 0.0611613 0.124968 -3.03616e-34 -0.035151 -0.0399497 -0.0416388 -0.012301 -0.0136023 0.057583 0.0562429 0.0517019 
8.18814e-35 2.03439e-34 0.180908 0.0955065 0.0954959 -4.68356e-35 -1.22857e-38 7.11514e-36 -1.96376e-05 -1.18734e-05 -6.97785e-06 7.14219e-36 -1.9873e-06 0.00145873 0.000905395 
0.359531 0.238839 0.162914 0.200344 0.271147 0.305261 0.0208374 0.0107222 0.00414828 0.00678117 0.0119869 0.0164903 0.0173628 0.0223541 0.0174959 
0.386819 0.051838 0.376713 0.199205 0.376172 0.216955 -0.1919 -0.11018 -0.249928 -0.182415 -0.228602 -0.14261 -0.155014 -0.156442 -0.0926893 
1.12765e-34 0.204851 0.154785 0.180318 0.08135 0.109611 5.41865e-35 -0.000418241 -0.000257145 -0.000320195 -7.53868e-05 -0.000167636 0.0110868 0.0120552 0.0102338 
1.30845e-34 0.162914 0.238839 0.200344 0.12886 0.0885965 -9.2424e-35 0.00414828 0.0107222 0.00678117 0.00326999 0.00131174 0.0193984 0.0174959 0.0223541 
1.66905e-34 0.206509 0.283 0.247925 0.164144 0.117409 -1.59775e-34 0.00679491 0.00898762 0.00805575 0.00302384 0.00171354 0.033064 0.0292066 0.0382816 
1.12458e-34 0.149168 0.204851 0.17772 0.109941 0.078317 6.41693e-35 -9.34191e-05 -0.000418241 -0.000232364 -0.000165809 -4.83288e-05 0.0131169 0.0141655 0.0120552 
1.67813e-34 0.283 0.212992 0.252044 0.122237 0.169544 -2.13426e-34 0.00898762 -0.00294264 0.00204761 -0.000397633 0.00243285 0.0434761 0.0382816 0.0484254 
1.12032e-34 0.149106 0.205006 0.176562 0.10781 0.0780663 -6.52113e-35 0.00118292 0.00414977 0.00226616 0.00135152 0.000514855 0.0134631 0.0127426 0.0143838 
1.05269e-34 0.190886 0.146565 0.170127 0.0762378 0.102425 9.42213e-35 0.00420575 0.00101336 0.00209244 0.0005288 0.0013897 0.0189674 0.0195293 0.0182445 
9.93387e-35 0.129613 0.190886 0.161303 0.0989107 0.0675902 9.84002e-35 0.00452928 0.00420575 0.00472456 0.00159077 0.0014094 0.0196478 0.0191479 0.0195293 
3.96501e-35 0.0903191 0.0845008 0.0881036 0.0296979 0.0312244 2.4948e-35 0.0201417 0.0098634 0.0136507 0.00324541 0.00715119 0.00365316 -0.00356454 0.00887149 
1.40019e-35 0.0151143 0.0903191 0.0488504 0.0145573 -0.00806311 -5.2771e-35 0.010574 0.0201417 0.0148073 0.00792922 0.00359707 -0.0122553 -0.0223463 -0.00356454 
-1.53025e-35 0.0335005 -0.0182617 0.00173528 -0.0280599 -0.0178297 -3.15114e-34 -0.0174554 -0.00426104 -0.00843256 -0.00316982 -0.00695998 -0.0630247 -0.0665638 -0.0589885 
1.16769e-34 0.205006 0.162914 0.184027 0.0846895 0.111252 -7.54341e-35 0.00414977 0.00414828 0.00454456 0.00117298 0.0015899 0.0156713 0.0143838 0.0174959 
1.05047e-35 0.047688 0.0335005 0.0411554 0.000829918 0.01117 -3.31452e-34 -0.0153195 -0.0174554 -0.0178515 -0.00950434 -0.00418103 -0.0659494 -0.0645186 -0.0665638 
1.05499e-34 0.142501 0.194923 0.169223 0.102968 0.073861 -4.73478e-35 -0.000231451 -0.000444563 -0.000309935 -0.000154216 -6.21063e-05 0.00955732 0.00901863 0.0100462 
1.06663e-34 0.194923 0.144109 0.169886 0.0746322 0.102634 -5.18175e-35 -0.000444563 -0.000107303 -0.00026095 -1.67848e-05 -0.000150155 0.0104697 0.0100462 0.0108852 
0.246106 0.661336 0.376713 0.533974 0.300858 0.46437 -0.212812 -0.298748 -0.249928 -0.292028 -0.232011 -0.269194 -0.0259328 -0.0482547 -0.0926893 
0.498766 0.497582 0.466764 0.486606 0.494611 0.499954 -0.00111492 -0.000878671 -0.000976248 -0.000948784 -0.00108357 -0.00099637 0.00685891 0.00600616 0.0067311 
8.18814e-35 0.180908 0.244866 0.21378 0.132612 0.0954959 -1.22857e-38 -1.96376e-05 -2.08557e-05 -1.91816e-05 -6.1831e-06 -6.97785e-06 -1.9873e-06 0.000905395 -5.86551e-07 
-0.0891627 0.250179 0.0297955 0.135613 -0.0113858 0.0900705 0.048509 0.0159307 0.110636 0.0670089 0.0818446 0.0406263 -0.1758 -0.168646 -0.153408 
7.98979e-35 0.244943 0.169633 0.208504 0.0892093 0.132703 -1.19758e-38 -2.11118e-05 -1.81271e-05 -1.86685e-05 -6.25338e-06 -6.08173e-06 1.99794e-06 7.18932e-07 0.000964267 
0.355015 0.477575 0.433459 0.458445 0.398026 0.429634 -0.000467442 -0.000812102 -0.000967776 -0.00089737 -0.000697253 -0.000653361 0.00577723 0.00592189 0.00702788 
1.97463e-34 0.410198 0.274065 0.341877 0.123708 0.164343 -3.51915e-34 -0.0511514 -0.0391247 -0.0448673 -0.00847801 -0.0101151 -0.0680582 -0.0698915 -0.0660968 
0.246106 0.0646023 0.406886 0.224316 0.33121 0.133197 -0.212812 -0.0997332 -0.20294 -0.164507 -0.218638 -0.16138 -0.0259328 0.0292614 0.021946 
0.291013 0.406886 0.0646023 0.224316 0.185688 0.345727 -0.113956 -0.20294 -0.0997332 -0.164507 -0.117722 -0.158743 0.0500746 0.021946 0.0292614 
0.804597 0.868431 0.690939 0.812093 0.766482 0.83791 -0.316777 -0.295494 -0.251876 -0.293969 -0.306685 -0.308476 -0.0905729 -0.106649 -0.146051 
2.26474e-34 1.1399e-34 0.186481 0.0985634 0.0984787 -5.45724e-35 -3.59218e-35 -2.90908e-35 -0.000185169 -5.38951e-05 -0.000109166 -6.46005e-35 0.00721111 0.00587628 0.00627295 
0.499638 0.497582 0.477575 0.497475 0.492871 0.49978 -0.000605117 -0.000878671 -0.000812102 -0.000866324 -0.000711755 -0.000734753 0.00481196 0.00600616 0.00592189 
0.498766 0.477575 0.497582 0.497475 0.499954 0.491435 -0.00111492 -0.000812102 -0.000878671 -0.000866324 -0.00099637 -0.000970144 0.00685891 0.00592189 0.00600616 
0.48981 0.489792 0.500004 0.497489 0.497418 0.500004 -8.20875e-05 -8.27033e-05 -0.00012421 -0.000100575 -0.000100026 -9.28565e-05 2.44519e-07 -4.07388e-07 0.000953082 
0.291013 0.0646023 0.0995208 0.082606 0.189441 0.185688 -0.113956 -0.0997332 -0.0399497 -0.066771 -0.0851038 -0.117722 0.0500746 0.0292614 0.0517019 
8.07679e-36 0.0995208 0.0646023 0.082606 -0.0179287 0.0227198 -2.52868e-34 -0.0399497 -0.0997332 -0.066771 -0.0377661 -0.0165463 0.0437987 0.0517019 0.0292614 
0.357299 0.47298 0.427778 0.453089 0.395502 0.42652 -0.000429351 -0.000642415 -0.000369237 -0.00049544 -0.000404937 -0.000552001 0.00553985 0.00528159 0.00424255 
4.55362e-34 0.776032 0.625437 0.705504 0.350959 0.457851 2.16678e-34 -0.00282971 -0.00122951 -0.00183264 -0.000411259 -0.00087891 -0.0456952 -0.0512568 -0.0418664 
0.998738 0.776032 0.997195 0.930786 0.997938 0.935456 -0.00226575 -0.00282971 -0.00410283 -0.00387471 -0.00337345 -0.0030552 -0.0410357 -0.0512568 -0.0502089 
0.990081 0.997195 0.776032 0.930786 0.917786 0.994279 -0.00609824 -0.00410283 -0.00282971 -0.00387471 -0.00485043 -0.00500592 -0.0592641 -0.0502089 -0.0512568 
0.663494 0.406886 0.551693 0.495129 0.610168 0.558167 -0.213869 -0.20294 -0.138178 -0.174688 -0.174844 -0.215055 -0.000403739 0.021946 0.0327635 
0.291013 0.551693 0.406886 0.495129 0.345727 0.431753 -0.113956 -0.138178 -0.20294 -0.174688 -0.158743 -0.132598 0.0500746 0.0327635 0.021946 
7.62332e-34 5.15519e-34 0.0387605 -0.0107413 0.031439 1.05235e-33 3.00474e-34 6.21317e-35 0.0397175 0.0455742 0.0247664 6.05406e-36 -0.135333 -0.123037 -0.121336 
0.328162 0.360375 0.19581 0.285555 0.266463 0.344161 -9.91659e-05 0.00264686 0.000558626 0.00167846 0.00055959 0.000964653 0.0111011 0.0119944 0.0117394 
0.359531 0.41145 0.238839 0.336691 0.305261 0.386241 0.0208374 0.0320144 0.0107222 0.0208094 0.0164903 0.0270511 0.0173628 0.0223872 0.0223541 
0.246393 0.781137 0.807776 0.790206 0.56031 0.537041 -0.0146161 -0.0895091 -0.0734875 -0.0799136 -0.0566369 -0.0545737 -0.116656 -0.121297 -0.115699 
8.07679e-36 1.14267e-34 0.0995208 0.0611613 0.0227198 -2.83873e-35 -2.52868e-34 -3.03616e-34 -0.0399497 -0.012301 -0.0165463 -5.00921e-34 0.0437987 0.057583 0.0517019 
0.990081 0.64808 0.837489 0.75142 0.937297 0.880682 -0.00609824 -0.00331567 -0.00803074 -0.00511765 -0.00784376 -0.00582066 -0.0592641 -0.0626799 -0.0716016 
0.162322 0.20622 0.0211893 0.104026 0.0735905 0.179496 -0.00369706 0.033529 0.0109965 0.0211437 0.00549113 0.0160559 -0.0626494 -0.0413014 -0.0425592 
0.258389 0.319513 0.158914 0.244701 0.212904 0.290818 0.0391921 0.0320232 0.0125087 0.0227892 0.0254937 0.0357804 0.0117393 0.0178552 0.0164748 
0.329579 0.361804 0.200526 0.289114 0.27063 0.346585 0.00471634 0.00136003 0.000429626 0.00100035 0.00210004 0.00282154 0.0180219 0.0156365 0.0162176 
1.09685e-34 0.154785 0.203482 0.179622 0.108718 0.0811391 4.51706e-35 -0.000257145 -0.000357278 -0.000317344 -0.000123668 -8.09944e-05 0.00924376 0.0102338 0.0086913 
1.09685e-34 1.12765e-34 0.154785 0.08135 0.0811391 -1.72091e-35 4.51706e-35 5.41865e-35 -0.000257145 -7.53868e-05 -8.09944e-05 9.96393e-35 0.00924376 0.0110868 0.0102338 
0.308678 0.203482 0.154785 0.179622 0.237434 0.258922 -0.000834984 -0.000357278 -0.000257145 -0.000317344 -0.000569502 -0.000599368 0.0101414 0.0086913 0.0102338 
1.66905e-34 1.44677e-34 0.206509 0.110665 0.117409 -1.66239e-35 -1.59775e-34 -1.21107e-34 0.00679491 0.00215062 0.00171354 -2.88449e-34 0.033064 0.0253423 0.0292066 
3.61931e-34 4.03363e-34 0.398873 0.209354 0.197469 -1.66107e-35 -4.20783e-34 -4.11081e-34 -0.0171435 -0.00581693 -0.00490688 -8.02448e-34 -0.0824391 -0.0814499 -0.0814254 
1.98609e-34 3.23033e-34 0.296152 0.150243 0.132235 -2.12698e-35 -3.7802e-34 -3.93675e-34 -0.0231077 -0.00821609 -0.00679344 -7.37902e-34 -0.0742631 -0.076567 -0.0748301 
1.12032e-34 1.07408e-34 0.149106 0.077005 0.0780663 -1.41648e-35 -6.52113e-35 -5.95605e-35 0.00118292 0.000338697 0.000514855 -1.2634e-34 0.0134631 0.012143 0.0127426 
1.10477e-34 1.05269e-34 0.146565 0.0762378 0.0772745 -1.10673e-35 8.53994e-35 9.42213e-35 0.00101336 0.0005288 0.0003315 1.78166e-34 0.0173442 0.0189674 0.0182445 
1.12458e-34 1.08624e-34 0.149168 0.0784218 0.078317 -1.0771e-35 6.41693e-35 7.46898e-35 -9.34191e-05 1.70794e-05 -4.83288e-05 1.38892e-34 0.0131169 0.0152196 0.0141655 
7.03342e-35 3.96501e-35 0.0845008 0.0296979 0.0392684 -1.633e-35 7.07536e-35 2.4948e-35 0.0098634 0.00324541 0.00297453 8.42377e-35 0.0133521 0.00365316 0.00887149 
9.93387e-35 8.45237e-35 0.129613 0.0632892 0.0675902 -1.25506e-35 9.84002e-35 9.30251e-35 0.00452928 0.00169902 0.0014094 1.86011e-34 0.0196478 0.0181993 0.0191479 
-2.56929e-35 -1.53025e-35 -0.0182617 -0.0280599 -0.0317237 -5.43587e-36 -2.50129e-34 -3.15114e-34 -0.00426104 -0.00316982 -0.00105132 -5.64309e-34 -0.0512319 -0.0630247 -0.0589885 
1.40019e-35 -1.56365e-35 0.0151143 -0.0185405 -0.00806311 -1.80207e-35 -5.2771e-35 -1.50371e-34 0.010574 0.00262764 0.00359707 -2.15874e-34 -0.0122553 -0.031583 -0.0223463 
0.968044 0.807776 0.781137 0.790206 0.907083 0.918736 -0.096957 -0.0734875 -0.0895091 -0.0799136 -0.103958 -0.0924755 -0.102581 -0.115699 -0.121297 
1.05499e-34 9.80772e-35 0.142501 0.0740669 0.073861 -9.79195e-36 -4.73478e-35 -4.18884e-35 -0.000231451 -8.28695e-05 -6.21063e-05 -8.89889e-35 0.00955732 0.00845705 0.00901863 
1.07343e-34 1.06663e-34 0.144109 0.0746322 0.0745761 -1.23963e-35 -5.57412e-35 -5.18175e-35 -0.000107303 -1.67848e-05 3.87432e-05 -1.07546e-34 0.0113105 0.0104697 0.0108852 
1.05047e-35 4.67048e-35 0.047688 0.0242724 0.01117 9.27381e-37 -3.31452e-34 -3.23934e-34 -0.0153195 -0.00338935 -0.00418103 -6.38854e-34 -0.0659494 -0.0646716 -0.0645186 
1.30845e-34 1.16769e-34 0.162914 0.0846895 0.0885965 -1.0615e-35 -9.2424e-35 -7.54341e-35 0.00414828 0.00117298 0.00131174 -1.73007e-34 0.0193984 0.0156713 0.0174959 
1.53537e-34 1.67813e-34 0.212992 0.122237 0.119285 -4.03524e-36 -2.72089e-34 -2.13426e-34 -0.00294264 -0.000397633 -0.00260701 -4.77354e-34 0.0531707 0.0434761 0.0484254 
0.483194 0.618182 0.669258 0.649784 0.586245 0.546007 -0.0709542 -0.173293 -0.148734 -0.162714 -0.10462 -0.119952 -0.058988 -0.0651985 -0.0415019 
0.895828 0.807776 0.977283 0.94248 0.966337 0.854405 -0.0636462 -0.0734875 -0.0774323 -0.0841459 -0.0775435 -0.0704092 -0.111181 -0.115699 -0.0983354 
4.99058e-34 5.14492e-34 -0.0161708 -0.00503977 -0.00577428 1.02506e-33 3.06339e-35 4.91063e-36 0.0265178 0.00615089 0.0188433 -4.60116e-36 -0.121521 -0.124205 -0.123479 
0.999295 0.999483 0.837489 0.955114 0.963783 0.999789 -0.0149002 -0.0100641 -0.00803074 -0.00998451 -0.012931 -0.0121341 -0.0756275 -0.0671385 -0.0716016 
0.990081 0.837489 0.999483 0.955114 0.996481 0.937297 -0.00609824 -0.00803074 -0.0100641 -0.00998451 -0.00841124 -0.00784376 -0.0592641 -0.0716016 -0.0671385 
2.18514e-34 0.437734 0.75 0.609518 0.4375 0.234507 5.34454e-35 -0.000209558 -5.10011e-37 -0.000168292 -1.77959e-37 -9.06186e-05 -0.0224716 -0.0281646 -0.0223167 
0.37327 0.410843 0.233381 0.324175 0.313787 0.393439 -0.0222172 -0.0643668 -0.035151 -0.057044 -0.0339793 -0.0419285 0.0462294 0.0489568 0.0562429 
4.67048e-35 0.143699 0.047688 0.0915411 0.0242724 0.0523009 -3.23934e-34 -0.0293323 -0.0153195 -0.0206594 -0.00338935 -0.0054328 -0.0646716 -0.0625247 -0.0645186 
0.226902 0.047688 0.143699 0.0915411 0.188724 0.121409 -0.0670292 -0.0153195 -0.0293323 -0.0206594 -0.0509985 -0.0383189 -0.0656347 -0.0645186 -0.0625247 
0.968044 0.977283 0.807776 0.94248 0.918736 0.975505 -0.096957 -0.0774323 -0.0734875 -0.0841459 -0.0924755 -0.0873977 -0.102581 -0.0983354 -0.115699 
0.739167 0.669258 0.618182 0.649784 0.706625 0.711573 -0.236337 -0.148734 -0.173293 -0.162714 -0.205335 -0.191642 -0.0424856 -0.0415019 -0.0651985 
0.303009 0.142501 0.194893 0.169191 0.251915 0.228614 -0.000851322 -0.000231451 -0.000330789 -0.000288856 -0.000575559 -0.000549624 0.00914457 0.00901863 0.00813007 
9.80772e-35 0.194893 0.142501 0.169191 0.0740669 0.103075 -4.18884e-35 -0.000330789 -0.000231451 -0.000288856 -8.28695e-05 -0.000122466 0.00845705 0.00813007 0.00901863 
-0.188922 -0.0814443 -0.0505502 -0.0773266 -0.112403 -0.128351 0.0875746 0.0768958 0.03432 0.0554567 0.0588562 0.081242 -0.14047 -0.127864 -0.128858 
0.895828 0.448872 0.807776 0.654471 0.854405 0.728052 -0.0636462 -0.055937 -0.0734875 -0.065376 -0.0704092 -0.0603098 -0.111181 -0.122206 -0.115699 
-2.23992e-34 -0.314748 -0.266314 -0.291204 -0.190335 -0.233479 7.83017e-34 0.0254293 0.0485927 0.0391506 0.0215654 0.0204214 -0.154066 -0.157494 -0.152877 
7.62332e-34 0.0387605 0.448872 0.17187 0.24916 0.031439 3.00474e-34 0.0397175 -0.055937 -0.00332454 -0.0347739 0.0247664 -0.135333 -0.121336 -0.122206 
-0.112492 -0.278038 0.051838 -0.147001 -0.0357672 -0.209902 -0.0071611 -0.0252501 -0.11018 -0.0462896 -0.0532644 -0.00191112 -0.175272 -0.135278 -0.156442 
0.309409 0.200526 0.361804 0.289114 0.336919 0.258229 -0.000341377 0.000429626 0.00136003 0.00100035 0.000282146 0.000186251 0.0140167 0.0162176 0.0156365 
-0.0370772 0.051838 -0.278038 -0.147001 -0.184633 -0.0260036 -0.133529 -0.11018 -0.0252501 -0.0462896 -0.0681754 -0.112339 -0.0948959 -0.156442 -0.135278 
0.283415 0.158914 0.319513 0.244701 0.302769 0.224321 0.0168094 0.0125087 0.0320232 0.0227892 0.0239483 0.016184 0.019657 0.0164748 0.0178552 
0.155749 0.0211893 0.20622 0.104026 0.173965 0.0827419 0.0419905 0.0109965 0.033529 0.0211437 0.0404487 0.0236692 -0.0223115 -0.0425592 -0.0413014 
0.377935 0.238839 0.41145 0.336691 0.396175 0.314202 0.0242264 0.0107222 0.0320144 0.0208094 0.0292021 0.0181397 0.0283965 0.0223541 0.0223872 
0.309177 0.19581 0.360375 0.285555 0.335556 0.254688 0.00478497 0.000558626 0.00264686 0.00167846 0.00367861 0.002237 0.0127179 0.0117394 0.0119944 
0.458423 0.459233 0.493354 0.480048 0.4796 0.459227 0.0111145 0.0219455 0.0165244 0.0192156 0.0136459 0.0159028 0.0173121 0.0185079 0.0165934 
0.562282 0.551693 0.410843 0.481228 0.490204 0.56142 -0.0787629 -0.138178 -0.0643668 -0.100662 -0.0754855 -0.10801 0.0313263 0.0327635 0.0489568 
0.499984 0.493354 0.459233 0.480048 0.48721 0.497473 0.0255536 0.0165244 0.0219455 0.0192156 0.0242303 0.02089 0.0168272 0.0165934 0.0185079 
0.649386 0.765763 0.618182 0.707225 0.634316 0.727943 -0.212825 -0.263136 -0.173293 -0.220054 -0.196435 -0.246394 -0.0701407 -0.0631884 -0.0651985 
1.14822e-34 0.193307 0.199338 0.196326 0.106074 0.102625 2.89937e-35 -0.000188709 -0.000127888 -0.000153023 -3.18781e-05 -5.46313e-05 0.00592895 0.00631179 0.00528292 
0.423478 0.42801 0.498413 0.470261 0.462861 0.425542 0.0654246 0.0743896 0.0675534 0.0734531 0.0676591 0.0715931 0.0123321 0.00285533 0.0120829 
0.739167 0.618182 0.765763 0.707225 0.756361 0.706625 -0.236337 -0.173293 -0.263136 -0.220054 -0.252324 -0.205335 -0.0424856 -0.0651985 -0.0631884 
0.535938 0.498413 0.42801 0.470261 0.492997 0.517736 0.0600502 0.0675534 0.0743896 0.0734531 0.0721737 0.0653825 0.0119364 0.0120829 0.00285533 
1.1399e-34 0.204243 0.186481 0.195423 0.0985634 0.108678 -2.90908e-35 -0.000145658 -0.000185169 -0.00016363 -5.38951e-05 -3.92037e-05 0.00587628 0.00537757 0.00627295 
0.500014 0.491353 0.496055 0.499778 0.499124 0.497675 -0.00166261 -0.00144338 -0.0014452 -0.00141419 -0.00157917 -0.0015917 0.00906873 0.00790755 0.00803888 
0.454896 0.470106 0.49554 0.485673 0.48058 0.462886 -0.00153075 -0.00128218 -0.00167765 -0.00156297 -0.00160431 -0.00155329 0.0097494 0.011376 0.0101961 
0.500036 0.49554 0.470106 0.485673 0.492864 0.498973 -0.00132487 -0.00167765 -0.00128218 -0.00156297 -0.00141799 -0.00155461 0.0109906 0.0101961 0.011376 
0.895828 0.977283 0.986061 0.981785 0.972998 0.966337 -0.0636462 -0.0774323 -0.0586016 -0.068758 -0.0686161 -0.0775435 -0.111181 -0.0983354 -0.0962023 
0.500036 0.494978 0.466229 0.483676 0.491267 0.498664 -0.00132487 -0.000327474 -0.00127315 -0.000953458 -0.00124608 -0.000944567 0.0109906 0.0116894 0.0105884 
0.460319 0.466229 0.494978 0.483676 0.481711 0.463205 0.000177058 -0.00127315 -0.000327474 -0.000953458 -0.000215248 -0.000698621 0.0115143 0.0105884 0.0116894 
0.315639 0.203482 0.359288 0.288578 0.338193 0.262919 -0.000567804 -0.000357278 -0.000939985 -0.000635654 -0.000762021 -0.000464483 0.00727604 0.0086913 0.00868157 
0.308678 0.359288 0.203482 0.288578 0.258922 0.334954 -0.000834984 -0.000939985 -0.000357278 -0.000635654 -0.000599368 -0.000919743 0.0101414 0.00868157 0.0086913 
0.705835 0.942446 0.878107 0.912887 0.80763 0.852156 -0.083181 -0.10998 -0.132894 -0.123936 -0.108257 -0.102747 -0.0784429 -0.0944598 -0.0867254 
0.240797 0.64335 0.781137 0.71181 0.481978 0.431387 0.010243 -0.0889008 -0.0895091 -0.0893406 -0.0484487 -0.0355053 -0.131454 -0.134103 -0.121297 
0.499984 0.500946 0.478451 0.493432 0.497133 0.501121 0.0255536 0.0343186 0.023711 0.0291186 0.0250698 0.030018 0.0168272 0.0170722 0.0152807 
0.479964 0.478451 0.500946 0.493432 0.49424 0.478883 0.0353538 0.023711 0.0343186 0.0291186 0.035407 0.0294484 0.0169923 0.0152807 0.0170722 
0.938695 0.878107 0.942446 0.912887 0.95915 0.947715 -0.139144 -0.132894 -0.10998 -0.123936 -0.128734 -0.146873 -0.114676 -0.0867254 -0.0944598 
0.246393 0.807776 0.448872 0.654471 0.330343 0.56031 -0.0146161 -0.0734875 -0.055937 -0.065376 -0.0316786 -0.0566369 -0.116656 -0.115699 -0.122206 
0.535938 0.571973 0.541625 0.564309 0.551729 0.552761 0.0600502 0.0362229 0.0310406 0.0366795 0.0457154 0.0515249 0.0119364 0.00901067 0.0225467 
0.938695 0.781137 0.64335 0.71181 0.838986 0.880982 -0.139144 -0.0895091 -0.0889008 -0.0893406 -0.122896 -0.1191 -0.114676 -0.121297 -0.134103 
0.451204 0.442793 0.143699 0.280626 0.279998 0.451158 -0.096447 -0.118797 -0.0293323 -0.0666523 -0.054872 -0.109001 -0.0634083 -0.0655735 -0.0625247 
0.55495 0.541625 0.571973 0.564309 0.581046 0.551992 -0.0175394 0.0310406 0.0362229 0.0366795 0.0137105 0.0108161 0.030006 0.0225467 0.00901067 
0.837363 0.986061 0.977283 0.981785 0.934497 0.936732 -0.0518379 -0.0586016 -0.0774323 -0.068758 -0.0668441 -0.0577218 -0.0868947 -0.0962023 -0.0983354 
0.300427 0.55396 0.250179 0.386507 0.282753 0.424584 -0.0659202 -0.122012 0.0159307 -0.0478617 -0.0230352 -0.0947491 -0.183939 -0.162315 -0.168646 
0.559029 0.250179 0.55396 0.386507 0.555766 0.383237 -0.0904629 0.0159307 -0.122012 -0.0478617 -0.105125 -0.0381745 -0.150663 -0.168646 -0.162315 
0.28822 0.341454 0.194893 0.274085 0.243644 0.315806 -0.000486489 -0.000881195 -0.000330789 -0.00059303 -0.00042688 -0.000670043 0.00712215 0.00804963 0.00813007 
-0.0500752 -0.0505502 -0.0814443 -0.0773266 -0.067795 -0.0573536 0.0481141 0.03432 0.0768958 0.0554567 0.0632869 0.0418662 -0.125632 -0.128858 -0.127864 
0.226902 0.143699 0.442793 0.280626 0.330249 0.188724 -0.0670292 -0.0293323 -0.118797 -0.0666523 -0.0905567 -0.0509985 -0.0656347 -0.0625247 -0.0655735 
0.303009 0.194893 0.341454 0.274085 0.32276 0.251915 -0.000851322 -0.000330789 -0.000881195 -0.00059303 -0.000899252 -0.000575559 0.00914457 0.00813007 0.00804963 
0.466764 0.497582 0.47298 0.488607 0.469945 0.486606 -0.000976248 -0.000878671 -0.000642415 -0.000763661 -0.000794638 -0.000948784 0.0067311 0.00600616 0.00528159 
0.807284 0.690939 0.868431 0.812093 0.851948 0.750443 -0.232643 -0.251876 -0.295494 -0.293969 -0.279387 -0.242929 -0.147086 -0.146051 -0.106649 
0.667073 0.631959 0.568946 0.622122 0.623218 0.651025 -0.104435 -0.0545895 -0.0137139 -0.0318662 -0.0544783 -0.0765999 -0.0175567 0.00814456 -0.0247879 
0.507855 0.508333 0.484437 0.502854 0.496506 0.51013 0.0567095 0.0495506 0.0532183 0.0510903 0.0559301 0.0530773 0.0170475 0.0181107 0.0176474 
0.50007 0.493641 0.493709 0.500019 0.498193 0.498681 0.00986761 0.00455475 0.00467913 0.00480239 0.00699042 0.00691019 0.0149523 0.0133933 0.0145579 
0.499638 0.47298 0.497582 0.488607 0.49978 0.494737 -0.000605117 -0.000642415 -0.000878671 -0.000763661 -0.000734753 -0.000635401 0.00481196 0.00528159 0.00600616 
0.498766 0.496055 0.491353 0.499778 0.495907 0.499824 -0.00111492 -0.0014452 -0.00144338 -0.00141419 -0.00127522 -0.00126831 0.00685891 0.00803888 0.00790755 
0.500028 0.493709 0.493641 0.500019 0.498293 0.498619 0.00172459 0.00467913 0.00455475 0.00480239 0.00301339 0.00305133 0.0129673 0.0145579 0.0133933 
0.500696 0.484437 0.508333 0.502854 0.505192 0.494578 0.0439925 0.0532183 0.0495506 0.0510903 0.0471132 0.0485929 0.0180531 0.0176474 0.0181107 
0.588823 0.568946 0.631959 0.622122 0.617581 0.581502 0.0143289 -0.0137139 -0.0545895 -0.0318662 -0.0171315 0.00262591 -0.00246314 -0.0247879 0.00814456 
5.14492e-34 -0.011481 -0.0161708 -0.0165855 -0.00503977 -0.00244439 4.91063e-36 0.00717245 0.0265178 0.0160946 0.00615089 0.00274936 -0.124205 -0.125925 -0.123479 
-0.0500752 -0.0161708 -0.011481 -0.0165855 -0.0313104 -0.031484 0.0481141 0.0265178 0.00717245 0.0160946 0.0249896 0.0378613 -0.125632 -0.123479 -0.125925 
4.99058e-34 -0.0161708 -0.0211457 -0.0234266 -0.00881498 -0.00577428 3.06339e-35 0.0265178 0.0737711 0.0499154 0.0463337 0.0188433 -0.121521 -0.123479 -0.122807 
-0.0500752 -0.0211457 -0.0161708 -0.0234266 -0.031484 -0.039969 0.0481141 0.0737711 0.0265178 0.0499154 0.0378613 0.0615712 -0.125632 -0.122807 -0.123479 
