0.439423 0.832181 7.58417e-34 0.552043 0.2439 0.668571 -0.053211 -0.030715 3.04669e-34 -0.0380764 -0.0331202 -0.050972 -0.12354 -0.115291 -0.136354 
-0.0982393 -0.116857 0.260557 0.0847361 0.0855954 -0.102506 0.0723652 0.0311652 -0.032537 0.000913372 0.0280022 0.056377 -0.162432 -0.171885 -0.173158 
0.500077 0.463205 0.494935 0.496303 0.498577 0.491437 -0.000965348 0.00291185 0.00213655 0.00283718 0.000333621 0.000683054 0.0109389 0.0143005 0.011335 
0.501517 0.431785 0.509046 0.491564 0.505647 0.480421 0.0460405 0.0636837 0.0541442 0.0608157 0.0504486 0.0546412 0.0161684 0.0170624 0.0156047 
0.578309 0.397893 0.626764 0.540496 0.601368 0.510946 0.0574212 0.030125 0.00832287 0.0257147 0.0363506 0.0538643 -0.0084885 -0.0519556 -0.0133752 
0.335165 0.340291 0.81256 0.598582 0.599722 0.334436 -0.126857 -0.194824 -0.295546 -0.257705 -0.229823 -0.164585 -0.164385 -0.131129 -0.112854 
0.387783 0.311302 0.207893 0.262544 0.308797 0.352267 -0.00144043 -0.00158716 -0.000614185 -0.0011384 -0.00103737 -0.00163421 0.012848 0.0108049 0.0131685 
0.709973 0.594661 0.692865 0.677826 0.703585 0.705205 -0.185137 -0.205022 -0.122765 -0.165911 -0.152518 -0.198311 -0.0413694 0.0132663 -0.0132371 
0.89083 0.832181 0.439423 0.668571 0.719519 0.864423 -0.0591423 -0.030715 -0.053211 -0.050972 -0.0568766 -0.0459276 -0.113221 -0.115291 -0.12354 
0.495359 0.298788 0.405012 0.360284 0.452312 0.407136 -0.00161319 0.000479815 0.0192474 0.00806697 0.00916474 -0.00719923 0.0335376 0.0417889 0.0299158 
0.709973 0.703247 0.594661 0.650984 0.705205 0.736424 -0.185137 -0.274393 -0.205022 -0.241028 -0.198311 -0.231024 -0.0413694 -0.0297843 0.0132663 
0.358031 0.316983 0.467497 0.407602 0.422384 0.338137 -0.00104682 -0.00130313 -0.00228653 -0.00187309 -0.00164649 -0.00119871 0.00556244 0.00746208 0.00679583 
0.449225 0.467497 0.316983 0.407602 0.393374 0.458839 -0.00260351 -0.00228653 -0.00130313 -0.00187309 -0.00203065 -0.0024812 0.00833546 0.00679583 0.00746208 
0.501517 0.475038 0.490834 0.500895 0.496723 0.499846 0.0460405 0.0273288 0.035101 0.0321389 0.0407156 0.0366102 0.0161684 0.0125911 0.0166174 
0.500077 0.456927 0.496007 0.494814 0.499184 0.488428 -0.000965348 -0.00284703 -0.00262501 -0.00272282 -0.00193814 -0.00220603 0.0109389 0.00894607 0.010368 
0.500023 0.456927 0.490791 0.476944 0.497355 0.488615 -0.00317634 -0.00284703 -0.00313013 -0.0031535 -0.00327844 -0.00313917 0.0090496 0.00894607 0.00784242 
0.490791 0.456927 0.438484 0.448039 0.470311 0.476944 -0.00313013 -0.00284703 -0.00258389 -0.00273205 -0.00287748 -0.0031535 0.00784242 0.00894607 0.00783983 
0.410767 0.215901 0.315754 0.268852 0.365095 0.326177 0.0290533 0.00780591 0.0109952 0.0106976 0.0191239 0.0184115 0.0133444 0.0134173 0.0110428 
0.495359 0.405012 0.556068 0.4995 0.539177 0.452312 -0.00161319 0.0192474 0.055055 0.029887 0.0261691 0.00916474 0.0335376 0.0299158 0.017736 
0.0100005 -0.0227637 -0.0171787 -0.0347789 -0.00277904 -0.0117602 0.0630471 0.0537668 0.0939092 0.0777679 0.074357 0.065254 -0.122038 -0.122845 -0.126301 
0.784278 0.872481 0.700277 0.84357 0.742564 0.873618 -0.211339 -0.267363 -0.223777 -0.270829 -0.2234 -0.256457 -0.0778163 -0.116033 -0.0698703 
0.703247 0.661984 0.405894 0.532499 0.58011 0.689262 -0.274393 -0.291342 -0.231146 -0.265795 -0.258266 -0.292154 -0.0297843 -0.0871316 -0.0190604 
0.81256 0.700277 0.872481 0.84357 0.843444 0.833589 -0.295546 -0.223777 -0.267363 -0.270829 -0.284264 -0.289882 -0.112854 -0.0698703 -0.116033 
0.410767 0.315754 0.475038 0.413137 0.447737 0.365095 0.0290533 0.0109952 0.0273288 0.0194099 0.0292187 0.0191239 0.0133444 0.0110428 0.0125911 
0.387783 0.456435 0.311302 0.396839 0.352267 0.426198 -0.00144043 -0.00284754 -0.00158716 -0.00229572 -0.00163421 -0.00229894 0.012848 0.0101397 0.0108049 
0.777336 0.661984 0.703247 0.689262 0.748931 0.758784 -0.288942 -0.291342 -0.274393 -0.292154 -0.286364 -0.311669 -0.063516 -0.0871316 -0.0297843 
0.377691 0.30036 0.456927 0.392621 0.422243 0.341115 -0.0013581 -0.00159724 -0.00284703 -0.00225173 -0.00208872 -0.00161753 0.00918549 0.00843602 0.00894607 
0.387783 0.311815 0.463205 0.402716 0.431302 0.35245 -0.00144043 0.00046961 0.00291185 0.0017214 0.000154231 -0.000577128 0.012848 0.0155582 0.0143005 
0.578309 0.556068 0.517865 0.569178 0.548451 0.590963 0.0574212 0.055055 0.0884394 0.0735007 0.0749157 0.0610117 -0.0084885 0.017736 -0.00556376 
0.35522 0.254843 0.431785 0.35135 0.395231 0.308785 0.0310761 0.0324375 0.0636837 0.0498624 0.0466537 0.0326327 0.0200186 0.0174243 0.0170624 
0.22007 0.0872349 0.397893 0.227256 0.294442 0.149721 0.0648074 0.0263529 0.030125 0.0271873 0.050745 0.0453062 -0.0310027 -0.0533256 -0.0519556 
0.35522 0.323787 0.178432 0.25682 0.27629 0.342186 0.0310761 0.0120617 0.00914409 0.0122992 0.0206456 0.0205425 0.0200186 0.0197357 0.0198595 
0.387783 0.207893 0.311815 0.263339 0.35245 0.308797 -0.00144043 -0.000614185 0.00046961 -0.000284295 -0.000577128 -0.00103737 0.012848 0.0131685 0.0155582 
0.35522 0.451868 0.323787 0.397933 0.342186 0.410378 0.0310761 0.0263439 0.0120617 0.0191847 0.0205425 0.0295355 0.0200186 0.0182802 0.0197357 
0.22007 0.197161 0.0209884 0.104724 0.111045 0.202894 0.0648074 0.0594122 0.0211448 0.0401889 0.0434722 0.0659673 -0.0310027 -0.00391598 -0.0284157 
0.35522 0.178432 0.254843 0.220956 0.308785 0.27629 0.0310761 0.00914409 0.0324375 0.0197669 0.0326327 0.0206456 0.0200186 0.0198595 0.0174243 
0.330637 0.142744 0.0579745 0.093363 0.172112 0.22715 -0.106486 -0.042862 -0.0247223 -0.0455947 -0.0598844 -0.0728951 -0.0659533 -0.0725883 -0.0635249 
0.22007 0.0209884 0.0872349 0.042964 0.149721 0.111045 0.0648074 0.0211448 0.0263529 0.0252872 0.0453062 0.0434722 -0.0310027 -0.0284157 -0.0533256 
0.44095 0.323787 0.451868 0.397933 0.447229 0.390232 0.0112999 0.0120617 0.0263439 0.0191847 0.0181222 0.0121324 0.0169662 0.0197357 0.0182802 
0.22007 0.403763 0.197161 0.296266 0.202894 0.314903 0.0648074 0.0967471 0.0594122 0.083629 0.0659673 0.085925 -0.0310027 -0.00494416 -0.00391598 
0.383376 0.197161 0.403763 0.296266 0.391595 0.297427 0.0809402 0.0594122 0.0967471 0.083629 0.0902374 0.0758077 0.0100054 -0.00391598 -0.00494416 
0.390185 0.462943 0.487294 0.476732 0.4507 0.431393 -0.000433669 -0.000341199 -0.000805336 -0.000530745 -0.00061707 -0.000387342 0.00277196 0.00147362 0.00321388 
0.500006 0.487294 0.462943 0.476732 0.490711 0.496815 -0.000534195 -0.000805336 -0.000341199 -0.000530745 -0.000446381 -0.000662252 0.00211262 0.00321388 0.00147362 
0.330637 0.488183 0.142744 0.31038 0.22715 0.413189 -0.106486 -0.134323 -0.042862 -0.0854798 -0.0728951 -0.130344 -0.0659533 -0.0720479 -0.0725883 
0.357721 0.142744 0.488183 0.31038 0.416058 0.249368 -0.0455764 -0.042862 -0.134323 -0.0854798 -0.0892345 -0.0513316 -0.0707813 -0.0725883 -0.0720479 
0.495359 0.623293 0.383114 0.520866 0.452467 0.561925 -0.00161319 -0.061301 -0.0532044 -0.0640264 -0.0279423 -0.0272576 0.0335376 0.0212058 0.047906 
0.502891 0.38601 0.495173 0.454349 0.498316 0.454203 0.0505515 0.0317886 0.0508533 0.0416456 0.0521946 0.0423048 0.0179391 0.0174101 0.0159809 
0.410767 0.495173 0.38601 0.454349 0.398591 0.4614 0.0290533 0.0508533 0.0317886 0.0416456 0.031354 0.0402762 0.0133444 0.0159809 0.0174101 
0.445095 0.326271 0.460102 0.404741 0.45248 0.392656 0.0111484 0.00128576 0.0032784 0.00252311 0.00683639 0.00501272 0.0109326 0.00949428 0.0104904 
0.377691 0.460102 0.326271 0.404741 0.352795 0.423816 -0.0013581 0.0032784 0.00128576 0.00252311 -0.000218764 0.000313689 0.00918549 0.0104904 0.00949428 
0.500115 0.494935 0.463205 0.496303 0.490872 0.498771 0.00764199 0.00213655 0.00291185 0.00283718 0.00521955 0.00462229 0.0129327 0.011335 0.0143005 
0.330637 0.263937 0.700277 0.495951 0.5205 0.29953 -0.106486 -0.0683308 -0.223777 -0.141614 -0.16037 -0.0927695 -0.0659533 -0.0600002 -0.0698703 
0.511292 0.509046 0.431785 0.491564 0.479394 0.511824 0.0692391 0.0541442 0.0636837 0.0608157 0.0687706 0.0610679 0.0151243 0.0156047 0.0170624 
0.449225 0.456435 0.496442 0.481984 0.479759 0.45291 -0.00260351 -0.00284754 -0.00311277 -0.00314377 -0.00296246 -0.00276106 0.00833546 0.0101397 0.00808664 
0.631207 0.626764 0.397893 0.540496 0.525795 0.629033 -0.0347409 0.00832287 0.030125 0.0257147 0.00382321 -0.0114877 -0.0292716 -0.0133752 -0.0519556 
2.76888e-34 0.215285 0.294856 0.256759 0.163464 0.115044 -2.22316e-35 -0.000153994 -0.000486889 -0.000297729 -0.000189605 -9.51403e-05 0.00443443 0.00298674 0.00428106 
0.500023 0.496442 0.456435 0.481984 0.489827 0.499332 -0.00317634 -0.00311277 -0.00284754 -0.00314377 -0.00310794 -0.00323523 0.0090496 0.00808664 0.0101397 
9.20653e-35 2.68803e-34 0.215039 0.115152 0.115052 -9.19054e-35 1.41051e-35 2.13693e-35 -0.000145052 -8.81061e-05 -3.4488e-05 3.58703e-35 0.00288515 0.00442034 0.00278019 
0.215039 2.68803e-34 0.294427 0.163423 0.25629 0.115152 -0.000145052 2.13693e-35 -0.000472547 -0.000179636 -0.000286792 -8.81061e-05 0.00278019 0.00442034 0.00414264 
0.502891 0.534603 0.556068 0.54847 0.528534 0.527524 0.0505515 0.0746412 0.055055 0.0690275 0.0527015 0.0628878 0.0179391 0.0136185 0.017736 
0.377691 0.191926 0.30036 0.248926 0.341115 0.294925 -0.0013581 -0.000666204 -0.00159724 -0.0011236 -0.00161753 -0.000957781 0.00918549 0.00889343 0.00843602 
0.535366 0.556068 0.534603 0.54847 0.538943 0.560513 0.0868326 0.055055 0.0746412 0.0690275 0.082337 0.0750745 0.00804815 0.017736 0.0136185 
0.5003 0.490834 0.475038 0.500895 0.496184 0.497233 0.0245102 0.035101 0.0273288 0.0321389 0.026369 0.0297212 0.0148851 0.0166174 0.0125911 
0.500023 0.496007 0.456927 0.494814 0.488615 0.499261 -0.00317634 -0.00262501 -0.00284703 -0.00272282 -0.00313917 -0.0029856 0.0090496 0.010368 0.00894607 
-0.0171787 -0.0227637 -0.0677768 -0.0461439 -0.0608088 -0.0347789 0.0939092 0.0537668 0.0615153 0.0596602 0.083965 0.0777679 -0.126301 -0.122845 -0.126094 
8.31418e-34 0.843382 0.841511 0.842615 0.509966 0.510187 -2.84122e-34 -0.00307601 -0.00604566 -0.00429217 -0.00224697 -0.00159856 -0.0571873 -0.0524967 -0.0652808 
0.330637 0.0579745 0.263937 0.146625 0.29953 0.172112 -0.106486 -0.0247223 -0.0683308 -0.0394349 -0.0927695 -0.0598844 -0.0659533 -0.0635249 -0.0600002 
0.311302 0.15703 0.207893 0.183053 0.262544 0.240029 -0.00158716 -0.000490285 -0.000614185 -0.000560827 -0.0011384 -0.00108466 0.0108049 0.0109546 0.0131685 
0.377691 0.326271 0.191926 0.262933 0.294925 0.352795 -0.0013581 0.00128576 -0.000666204 -0.000132923 -0.000957781 -0.000218764 0.00918549 0.00949428 0.00889343 
0.501517 0.449732 0.431785 0.441302 0.480421 0.483376 0.0460405 0.0430964 0.0636837 0.0524297 0.0546412 0.0456606 0.0161684 0.0184227 0.0170624 
0.578309 0.411526 0.397893 0.400523 0.510946 0.508034 0.0574212 0.0802059 0.030125 0.0585255 0.0538643 0.0762275 -0.0084885 -0.0251567 -0.0519556 
0.500077 0.471373 0.463205 0.467733 0.491437 0.493485 -0.000965348 -0.00128218 0.00291185 0.000511827 0.000683054 -0.00132183 0.0109389 0.0119229 0.0143005 
0.410767 0.38601 0.215901 0.305577 0.326177 0.398591 0.0290533 0.0317886 0.00780591 0.0184888 0.0184115 0.031354 0.0133444 0.0174101 0.0134173 
2.0368e-34 0.2727 0.215285 0.244808 0.115282 0.14966 -7.56389e-36 -0.000147324 -0.000153994 -0.00015713 -2.91559e-05 -5.12123e-05 0.00151245 0.00178735 0.00298674 
0.535366 0.517865 0.556068 0.569178 0.560513 0.528867 0.0868326 0.0884394 0.055055 0.0735007 0.0750745 0.0889379 0.00804815 -0.00556376 0.017736 
0.449225 0.361216 0.456435 0.4156 0.45291 0.410674 -0.00260351 -0.00200868 -0.00284754 -0.00252922 -0.00276106 -0.00238319 0.00833546 0.00905047 0.0101397 
0.311302 0.456435 0.361216 0.4156 0.337239 0.396839 -0.00158716 -0.00284754 -0.00200868 -0.00252922 -0.00187446 -0.00229572 0.0108049 0.0101397 0.00905047 
0.390185 0.442504 0.294856 0.380048 0.346225 0.418501 -0.000433669 -0.00108109 -0.000486889 -0.000789533 -0.000477538 -0.000706781 0.00277196 0.00449857 0.00428106 
0.495359 0.383114 0.298788 0.347099 0.407136 0.452467 -0.00161319 -0.0532044 0.000479815 -0.0233443 -0.00719923 -0.0279423 0.0335376 0.047906 0.0417889 
0.335165 0.81256 0.635883 0.738819 0.484949 0.599722 -0.126857 -0.295546 -0.199492 -0.261076 -0.165091 -0.229823 -0.164385 -0.112854 -0.152034 
2.76888e-34 9.29917e-35 0.215285 0.11515 0.115044 -9.35021e-35 -2.22316e-35 -1.4954e-35 -0.000153994 -3.57033e-05 -9.51403e-05 -3.67545e-35 0.00443443 0.00302017 0.00298674 
-0.0171787 -0.15204 0.0147059 -0.092672 -0.00151955 -0.0868492 0.0939092 0.0772131 0.104003 0.11169 0.106224 0.100369 -0.126301 -0.134336 -0.142269 
0.405012 0.298788 0.23386 0.272646 0.333614 0.360284 0.0192474 0.000479815 0.00686152 0.00475206 0.0137887 0.00806697 0.0299158 0.0417889 0.0316566 
0.620358 0.692865 0.594661 0.677826 0.612573 0.674383 -0.138774 -0.122765 -0.205022 -0.165911 -0.171722 -0.131136 0.0182233 -0.0132371 0.0132663 
0.354197 0.294856 0.442504 0.380048 0.403407 0.325874 -0.00112721 -0.000486889 -0.00108109 -0.000789533 -0.00114043 -0.000769131 0.00573635 0.00428106 0.00449857 
0.212496 0.213164 0.0147059 0.118231 0.10843 0.223105 0.0265857 0.00622262 0.104003 0.0616918 0.069977 0.020478 -0.155209 -0.126351 -0.142269 
0.445095 0.495022 0.475038 0.486659 0.460389 0.476706 0.0111484 0.0142693 0.0273288 0.0204785 0.0184696 0.0127356 0.0109326 0.0128748 0.0125911 
0.502891 0.556068 0.439358 0.504544 0.476477 0.528534 0.0505515 0.055055 0.0362982 0.0422846 0.0441339 0.0527015 0.0179391 0.017736 0.022714 
0.5003 0.475038 0.495022 0.486659 0.49981 0.496184 0.0245102 0.0273288 0.0142693 0.0204785 0.0191241 0.026369 0.0148851 0.0125911 0.0128748 
0.30036 0.339548 0.456927 0.407345 0.392621 0.320477 -0.00159724 -0.00188935 -0.00284703 -0.00247681 -0.00225173 -0.00182717 0.00843602 0.00768077 0.00894607 
-0.116857 0.0274947 0.260557 0.156299 0.0847361 -0.0462206 0.0311652 -0.048935 -0.032537 -0.0371464 0.000913372 -0.00511355 -0.171885 -0.167764 -0.173158 
0.996692 0.992548 0.757446 0.920782 0.924039 0.995974 -0.0257789 -0.0410721 -0.0258988 -0.0363567 -0.030931 -0.034909 -0.0891885 -0.0965461 -0.0859922 
0.311815 0.361492 0.463205 0.420693 0.402716 0.338312 0.00046961 0.00525101 0.00291185 0.00467261 0.0017214 0.00235822 0.0155582 0.01732 0.0143005 
0.438484 0.456927 0.339548 0.407345 0.394853 0.448039 -0.00258389 -0.00284703 -0.00188935 -0.00247681 -0.00229351 -0.00273205 0.00783983 0.00894607 0.00768077 
0.405012 0.439358 0.556068 0.504544 0.4995 0.424841 0.0192474 0.0362982 0.055055 0.0422846 0.029887 0.029175 0.0299158 0.022714 0.017736 
0.254843 0.279759 0.431785 0.36484 0.35135 0.268127 0.0324375 0.057065 0.0636837 0.0623736 0.0498624 0.0442676 0.0174243 0.0115013 0.0170624 
0.0872349 0.161598 0.397893 0.271592 0.227256 0.11497 0.0263529 -0.00764924 0.030125 0.00238911 0.0271873 0.0112964 -0.0533256 -0.0687204 -0.0519556 
0.404637 0.380017 0.27342 0.330918 0.345979 0.392647 -0.000467306 -0.000196519 -0.000144118 -0.000177392 -0.000283884 -0.000306758 0.00267834 0.00100222 0.00169654 
0.44095 0.463205 0.361492 0.420693 0.405615 0.453232 0.0112999 0.00291185 0.00525101 0.00467261 0.00812976 0.00646351 0.0169662 0.0143005 0.01732 
0.383376 0.431785 0.279759 0.36484 0.332421 0.411413 0.0809402 0.0636837 0.057065 0.0623736 0.0706884 0.0728486 0.0100054 0.0170624 0.0115013 
0.357721 0.397893 0.161598 0.271592 0.255168 0.372744 -0.0455764 0.030125 -0.00764924 0.00238911 -0.026657 -0.00848235 -0.0707813 -0.0519556 -0.0687204 
0.315754 0.215901 0.151779 0.182799 0.239427 0.268852 0.0109952 0.00780591 0.00266017 0.00465982 0.00673857 0.0106976 0.0110428 0.0134173 0.0111029 
0.390185 0.2727 0.380135 0.330679 0.385244 0.336761 -0.000433669 -0.000147324 -0.000197173 -0.000178246 -0.000294049 -0.000271557 0.00277196 0.00178735 0.0010607 
0.81256 0.340291 0.661984 0.512353 0.737555 0.598582 -0.295546 -0.194824 -0.291342 -0.258411 -0.298802 -0.257705 -0.112854 -0.131129 -0.0871316 
0.516943 0.213164 0.212496 0.223105 0.339672 0.362776 -0.0729206 0.00622262 0.0265857 0.020478 -0.0240352 -0.025678 -0.142365 -0.126351 -0.155209 
-7.35589e-35 -1.44386e-34 -0.15204 -0.10465 -0.0605156 1.43977e-34 6.80741e-34 7.43735e-34 0.0772131 0.027516 0.0241976 1.31596e-33 -0.13139 -0.142161 -0.134336 
0.404637 0.466865 0.380017 0.430185 0.392647 0.439762 -0.000467306 -0.000334584 -0.000196519 -0.000262868 -0.000306758 -0.000398825 0.00267834 0.00133698 0.00100222 
0.390185 0.380135 0.462943 0.427455 0.431393 0.385244 -0.000433669 -0.000197173 -0.000341199 -0.000265849 -0.000387342 -0.000294049 0.00277196 0.0010607 0.00147362 
0.445095 0.475038 0.362859 0.428404 0.408619 0.460389 0.0111484 0.0273288 0.00791663 0.0165989 0.00965735 0.0184696 0.0109326 0.0125911 0.0101949 
0.501517 0.489407 0.475038 0.482135 0.499846 0.503603 0.0460405 0.0417806 0.0273288 0.034635 0.0366102 0.044401 0.0161684 0.0143008 0.0125911 
0.315754 0.362859 0.475038 0.428404 0.413137 0.339886 0.0109952 0.00791663 0.0273288 0.0165989 0.0194099 0.00958193 0.0110428 0.0101949 0.0125911 
-0.0982393 0.0147059 -0.15204 -0.092672 -0.153435 -0.0257074 0.0723652 0.104003 0.0772131 0.11169 0.104579 0.0864477 -0.162432 -0.142269 -0.134336 
0.335165 0.260557 0.0274947 0.156299 0.184822 0.300965 -0.126857 -0.032537 -0.048935 -0.0371464 -0.0796229 -0.0778041 -0.164385 -0.173158 -0.167764 
9.29917e-35 2.0368e-34 0.215285 0.115282 0.11515 -9.34074e-35 -1.4954e-35 -7.56389e-36 -0.000153994 -2.91559e-05 -3.57033e-05 -2.23554e-35 0.00302017 0.00151245 0.00298674 
0.500077 0.465021 0.456927 0.460967 0.488428 0.490703 -0.000965348 -0.00112141 -0.00284703 -0.00240183 -0.00220603 -0.000906683 0.0109389 0.00994614 0.00894607 
0.263937 0.493113 0.700277 0.610868 0.495951 0.374619 -0.0683308 -0.121454 -0.223777 -0.171087 -0.141614 -0.0928209 -0.0600002 -0.0640235 -0.0698703 
5.71833e-34 8.31418e-34 0.841511 0.509966 0.505712 -6.16531e-34 -3.34283e-34 -2.84122e-34 -0.00604566 -0.00224697 -0.00291469 -6.09965e-34 -0.0674159 -0.0571873 -0.0652808 
0.784278 0.700277 0.493113 0.610868 0.652317 0.742564 -0.211339 -0.223777 -0.121454 -0.171087 -0.16929 -0.2234 -0.0778163 -0.0698703 -0.0640235 
0.383114 0.623293 0.42763 0.552288 0.407739 0.520866 -0.0532044 -0.061301 -0.109841 -0.0947437 -0.0802066 -0.0640264 0.047906 0.0212058 0.0449349 
-0.0982393 -0.292491 -0.116857 -0.241928 -0.102506 -0.218149 0.0723652 0.035354 0.0311652 0.0562011 0.056377 0.0756343 -0.162432 -0.155426 -0.171885 
0.142744 -0.0151167 0.0579745 0.0202662 0.093363 0.0403446 -0.042862 -0.0155787 -0.0247223 -0.0201406 -0.0455947 -0.0358975 -0.0725883 -0.0671708 -0.0635249 
0.197161 0.0317713 0.0209884 0.0238992 0.104724 0.111531 0.0594122 0.0146594 0.0211448 0.0181641 0.0401889 0.0382769 -0.00391598 -0.00723678 -0.0284157 
0.323787 0.143461 0.178432 0.163115 0.25682 0.242017 0.0120617 0.00263262 0.00914409 0.00492215 0.0122992 0.0074479 0.0197357 0.0197551 0.0198595 
0.0872349 0.0209884 -0.0390139 -0.0187266 0.0133405 0.042964 0.0263529 0.0211448 0.0029204 0.0107931 0.0100289 0.0252872 -0.0533256 -0.0284157 -0.0493715 
0.254843 0.178432 0.107632 0.144216 0.184531 0.220956 0.0324375 0.00914409 0.00885226 0.00959962 0.0212037 0.0197669 0.0174243 0.0198595 0.0164856 
0.311815 0.207893 0.151727 0.180696 0.238294 0.263339 0.00046961 -0.000614185 0.000114477 -0.00017488 0.000386107 -0.000284295 0.0155582 0.0131685 0.0157186 
0.707488 0.996692 0.757446 0.924039 0.734321 0.912103 -0.0132336 -0.0257789 -0.0258988 -0.030931 -0.0183859 -0.0215437 -0.0792462 -0.0891885 -0.0859922 
0.357721 0.488183 0.587257 0.541789 0.479086 0.416058 -0.0455764 -0.134323 -0.0831677 -0.110337 -0.0596845 -0.0892345 -0.0707813 -0.0720479 -0.0540975 
0.383376 0.403763 0.491392 0.45718 0.4427 0.391595 0.0809402 0.0967471 0.0884337 0.0968813 0.0877494 0.0902374 0.0100054 -0.00494416 0.011438 
0.709973 0.587257 0.488183 0.541789 0.627787 0.655902 -0.185137 -0.0831677 -0.134323 -0.110337 -0.160169 -0.131375 -0.0413694 -0.0540975 -0.0720479 
0.44095 0.451868 0.49253 0.476878 0.472825 0.447229 0.0112999 0.0263439 0.0145853 0.0201892 0.0129742 0.0181222 0.0169662 0.0182802 0.0150389 
0.535366 0.491392 0.403763 0.45718 0.487448 0.513197 0.0868326 0.0884337 0.0967471 0.0968813 0.0963827 0.0903369 0.00804815 0.011438 -0.00494416 
0.5003 0.49253 0.451868 0.476878 0.485772 0.497405 0.0245102 0.0145853 0.0263439 0.0201892 0.0261147 0.0193209 0.0148851 0.0150389 0.0182802 
0.357721 0.587257 0.397893 0.486671 0.372744 0.479086 -0.0455764 -0.0831677 0.030125 -0.0169756 -0.00848235 -0.0596845 -0.0707813 -0.0540975 -0.0519556 
0.383376 0.491392 0.431785 0.459849 0.411413 0.4427 0.0809402 0.0884337 0.0636837 0.077452 0.0728486 0.0877494 0.0100054 0.011438 0.0170624 
0.44095 0.49253 0.463205 0.481132 0.453232 0.472825 0.0112999 0.0145853 0.00291185 0.00753403 0.00646351 0.0129742 0.0169662 0.0150389 0.0143005 
0.631207 0.397893 0.587257 0.486671 0.611356 0.525795 -0.0347409 0.030125 -0.0831677 -0.0169756 -0.057457 0.00382321 -0.0292716 -0.0519556 -0.0540975 
0.511292 0.431785 0.491392 0.459849 0.504478 0.479394 0.0692391 0.0636837 0.0884337 0.077452 0.0789719 0.0687706 0.0151243 0.0170624 0.011438 
0.500115 0.463205 0.49253 0.481132 0.498349 0.490872 0.00764199 0.00291185 0.0145853 0.00753403 0.0108885 0.00521955 0.0129327 0.0143005 0.0150389 
-0.0365019 -0.0677768 -0.0227637 -0.0461439 -0.0334446 -0.0529392 0.0320948 0.0615153 0.0537668 0.0596602 0.0432609 0.0463743 -0.125033 -0.126094 -0.122845 
2.03442e-34 0.215039 0.27342 0.245057 0.150014 0.11492 6.97302e-36 -0.000145052 -0.000144118 -0.000149535 -5.15007e-05 -3.1767e-05 0.00144083 0.00278019 0.00169654 
5.24786e-34 7.37866e-34 0.833142 0.520627 0.511927 -5.09553e-34 4.14719e-34 4.92588e-34 -0.0170688 -0.00911341 -0.00599953 9.36999e-34 -0.0884707 -0.10823 -0.0965318 
0.578309 0.609306 0.556068 0.581874 0.590963 0.612681 0.0574212 0.0214727 0.055055 0.0456515 0.0610117 0.0423286 -0.0084885 0.0131853 0.017736 
0.756489 0.899271 0.49884 0.751515 0.635117 0.851395 -0.126554 -0.206284 -0.0964987 -0.163163 -0.115005 -0.171371 -0.0778344 -0.0969033 -0.0655855 
0.784278 0.49884 0.899271 0.751515 0.849935 0.663474 -0.211339 -0.0964987 -0.206284 -0.163163 -0.212277 -0.157156 -0.0778163 -0.0655855 -0.0969033 
0.989936 0.841511 0.843382 0.842615 0.977882 0.977478 -0.00563082 -0.00604566 -0.00307601 -0.00429217 -0.00527104 -0.0074822 -0.0621562 -0.0652808 -0.0524967 
0.213645 0.405894 0.661984 0.532499 0.446555 0.309599 -0.184308 -0.231146 -0.291342 -0.265795 -0.251621 -0.222061 -0.0774215 -0.0190604 -0.0871316 
0.44095 0.361492 0.323787 0.34407 0.390232 0.405615 0.0112999 0.00525101 0.0120617 0.00837369 0.0121324 0.00812976 0.0169662 0.01732 0.0197357 
0.383376 0.279759 0.197161 0.240204 0.297427 0.332421 0.0809402 0.057065 0.0594122 0.0602365 0.0758077 0.0706884 0.0100054 0.0115013 -0.00391598 
0.357721 0.161598 0.142744 0.150051 0.249368 0.255168 -0.0455764 -0.00764924 -0.042862 -0.0292331 -0.0513316 -0.026657 -0.0707813 -0.0687204 -0.0725883 
0.620358 0.42763 0.623293 0.552288 0.624116 0.532555 -0.138774 -0.109841 -0.061301 -0.0947437 -0.0964092 -0.128983 0.0182233 0.0449349 0.0212058 
0.30036 0.191926 0.140314 0.166529 0.226016 0.248926 -0.00159724 -0.000666204 -0.000436088 -0.000539309 -0.00103414 -0.0011236 0.00843602 0.00889343 0.00829154 
0.449225 0.316983 0.361216 0.339867 0.410674 0.393374 -0.00260351 -0.00130313 -0.00200868 -0.0016924 -0.00238319 -0.00203065 0.00833546 0.00746208 0.00905047 
0.499601 0.442504 0.487294 0.468944 0.495595 0.483091 -0.00151996 -0.00108109 -0.000805336 -0.000947052 -0.00112169 -0.0013324 0.00481218 0.00449857 0.00321388 
0.499601 0.487294 0.488462 0.499999 0.498107 0.495595 -0.00151996 -0.000805336 -0.000938218 -0.000892502 -0.0012132 -0.00112169 0.00481218 0.00321388 0.00354189 
0.263937 0.0579745 0.0750735 0.0712183 0.155552 0.146625 -0.0683308 -0.0247223 -0.0109672 -0.016721 -0.031422 -0.0394349 -0.0600002 -0.0635249 -0.0616194 
0.326271 0.141601 0.191926 0.166942 0.262933 0.241549 0.00128576 8.76501e-05 -0.000666204 -0.000235053 -0.000132923 0.000644987 0.00949428 0.00929354 0.00889343 
0.89083 0.986799 0.832181 0.961615 0.864423 0.970991 -0.0591423 -0.0546561 -0.030715 -0.053726 -0.0459276 -0.0640446 -0.113221 -0.0991889 -0.115291 
8.31418e-34 6.58313e-34 0.843382 0.512171 0.510187 -6.1451e-34 -2.84122e-34 -2.29222e-34 -0.00307601 -0.00113364 -0.00159856 -5.0782e-34 -0.0571873 -0.0464575 -0.0524967 
-3.22834e-34 -0.180556 -0.0703736 -0.150319 -0.297375 -0.259252 4.97259e-34 -0.0635838 -0.0841732 -0.0763934 -0.0113877 -0.0012686 -0.107451 -0.0725699 -0.131965 
0.358031 0.194164 0.316983 0.259457 0.338137 0.283922 -0.00104682 -0.000439998 -0.00130313 -0.000794982 -0.00119871 -0.000762012 0.00556244 0.00642201 0.00746208 
0.61399 0.516943 0.895084 0.740181 0.784307 0.561345 -0.0771193 -0.0729206 -0.155443 -0.12839 -0.119724 -0.0741877 -0.129496 -0.142365 -0.124975 
0.445095 0.362859 0.326271 0.34387 0.392656 0.408619 0.0111484 0.00791663 0.00128576 0.00407015 0.00501272 0.00965735 0.0109326 0.0101949 0.00949428 
0.928819 0.61399 0.895084 0.784307 0.911064 0.817942 -0.123579 -0.0771193 -0.155443 -0.119724 -0.13851 -0.108264 -0.114308 -0.129496 -0.124975 
0.709973 0.704166 0.703247 0.753761 0.736424 0.708174 -0.185137 -0.219161 -0.274393 -0.253354 -0.231024 -0.205666 -0.0413694 -0.0598227 -0.0297843 
0.777336 0.703247 0.704166 0.753761 0.751554 0.748931 -0.288942 -0.274393 -0.219161 -0.253354 -0.255322 -0.286364 -0.063516 -0.0297843 -0.0598227 
-0.0171787 -0.0677768 -0.15204 -0.105876 -0.0868492 -0.0608088 0.0939092 0.0615153 0.0772131 0.0692995 0.100369 0.083965 -0.126301 -0.126094 -0.134336 
6.20089e-34 4.53536e-34 0.707488 0.401071 0.392218 -3.21799e-34 -4.15066e-34 -3.78571e-34 -0.0132336 -0.00378083 -0.00508386 -7.74847e-34 -0.0819505 -0.076243 -0.0792462 
0.38601 0.179229 0.215901 0.198061 0.305577 0.295261 0.0317886 0.00641221 0.00780591 0.00775505 0.0184888 0.0183145 0.0174101 0.0175736 0.0134173 
0.502891 0.439358 0.38601 0.414476 0.454203 0.476477 0.0505515 0.0362982 0.0317886 0.0357107 0.0423048 0.0441339 0.0179391 0.022714 0.0174101 
0.500115 0.495022 0.460102 0.48122 0.49014 0.498802 0.00764199 0.0142693 0.0032784 0.00769273 0.0053612 0.01078 0.0129327 0.0128748 0.0104904 
0.445095 0.460102 0.495022 0.48122 0.476706 0.45248 0.0111484 0.0032784 0.0142693 0.00769273 0.0127356 0.00683639 0.0109326 0.0104904 0.0128748 
0.383114 0.202797 0.298788 0.257367 0.347099 0.29742 -0.0532044 -0.0124983 0.000479815 -0.00826867 -0.0233443 -0.0359108 0.047906 0.0519035 0.0417889 
0.354197 0.28681 0.185598 0.2387 0.27783 0.322105 -0.00112721 -0.00110212 -0.000430627 -0.000717747 -0.000799706 -0.00117126 0.00573635 0.0069104 0.00614481 
0.965362 0.667529 0.97793 0.885685 0.974685 0.907309 -0.0890769 -0.0475259 -0.0718535 -0.0672545 -0.0808277 -0.0772109 -0.104603 -0.0840159 -0.10114 
0.49863 0.490791 0.43239 0.4683 0.477854 0.4956 -0.00258238 -0.00313013 -0.00222289 -0.00268677 -0.00251834 -0.00286691 0.00683511 0.00784242 0.00690309 
0.404637 0.27342 0.215039 0.245057 0.322482 0.345979 -0.000467306 -0.000144118 -0.000145052 -0.000149535 -0.000312153 -0.000283884 0.00267834 0.00169654 0.00278019 
0.489773 0.408074 0.466865 0.441128 0.479952 0.459127 -0.000218982 -0.00014526 -0.000334584 -0.00022232 -0.000265043 -0.000199229 -1.15036e-06 -3.67449e-06 0.00133698 
0.408265 0.489831 0.462943 0.478491 0.438664 0.459254 -0.000147319 -0.000217353 -0.000341199 -0.000267135 -0.000225565 -0.000199925 3.41646e-06 7.26454e-07 0.00147362 
0.511292 0.534603 0.495173 0.517755 0.51456 0.523136 0.0692391 0.0746412 0.0508533 0.061635 0.0601203 0.0725307 0.0151243 0.0136185 0.0159809 
0.502891 0.495173 0.534603 0.517755 0.527524 0.498316 0.0505515 0.0508533 0.0746412 0.061635 0.0628878 0.0521946 0.0179391 0.0159809 0.0136185 
0.499601 0.488462 0.473387 0.481675 0.494909 0.498107 -0.00151996 -0.000938218 -0.00158992 -0.00123366 -0.00158594 -0.0012132 0.00481218 0.00354189 0.00527887 
2.03442e-34 9.20653e-35 0.215039 0.115052 0.11492 -9.19971e-35 6.97302e-36 1.41051e-35 -0.000145052 -3.4488e-05 -3.1767e-05 2.12271e-35 0.00144083 0.00288515 0.00278019 
6.20089e-34 0.707488 0.757446 0.734321 0.43423 0.392218 -4.15066e-34 -0.0132336 -0.0258988 -0.0183859 -0.00852677 -0.00508386 -0.0819505 -0.0792462 -0.0859922 
-0.0982393 -0.15204 -0.22097 -0.183608 -0.213012 -0.153435 0.0723652 0.0772131 0.0484202 0.0708806 0.0886474 0.104579 -0.162432 -0.134336 -0.146541 
-1.44386e-34 -0.22097 -0.15204 -0.183608 -0.10465 -0.109677 7.43735e-34 0.0484202 0.0772131 0.0708806 0.027516 0.0165154 -0.142161 -0.146541 -0.134336 
0.390185 0.294856 0.215285 0.256759 0.312965 0.346225 -0.000433669 -0.000486889 -0.000153994 -0.000297729 -0.000301639 -0.000477538 0.00277196 0.00428106 0.00298674 
0.49863 0.43239 0.477107 0.457699 0.491086 0.477854 -0.00258238 -0.00222289 -0.00196408 -0.00212115 -0.00230103 -0.00251834 0.00683511 0.00690309 0.00590186 
0.996692 0.832181 0.992548 0.966186 0.995974 0.969558 -0.0257789 -0.030715 -0.0410721 -0.0461095 -0.034909 -0.0370293 -0.0891885 -0.115291 -0.0965461 
0.390185 0.215285 0.2727 0.244808 0.336761 0.312965 -0.000433669 -0.000153994 -0.000147324 -0.00015713 -0.000271557 -0.000301639 0.00277196 0.00298674 0.00178735 
0.631207 0.692865 0.623293 0.667197 0.662599 0.67159 -0.0347409 -0.122765 -0.061301 -0.0874865 -0.0457216 -0.0758275 -0.0292716 -0.0132371 0.0212058 
0.620358 0.623293 0.692865 0.667197 0.674383 0.624116 -0.138774 -0.061301 -0.122765 -0.0874865 -0.131136 -0.0964092 0.0182233 0.0212058 -0.0132371 
0.404637 0.215039 0.294427 0.25629 0.354756 0.322482 -0.000467306 -0.000145052 -0.000472547 -0.000286792 -0.000489985 -0.000312153 0.00267834 0.00278019 0.00414264 
0.488462 0.428119 0.473387 0.453476 0.481675 0.464748 -0.000938218 -0.000936807 -0.00158992 -0.00124311 -0.00123366 -0.000955291 0.00354189 0.00422341 0.00527887 
2.63636e-34 0.205307 0.316983 0.264564 0.178634 0.109654 3.73962e-35 -0.000760793 -0.00130313 -0.00102779 -0.000509892 -0.000300331 0.00779797 0.00910936 0.00746208 
2.03442e-34 0.27342 0.180845 0.229093 0.0954611 0.150014 6.97302e-36 -0.000144118 -4.93566e-05 -8.78889e-05 -2.94622e-05 -5.15007e-05 0.00144083 0.00169654 0.000891008 
2.63636e-34 0.316983 0.194164 0.259457 0.103415 0.178634 3.73962e-35 -0.00130313 -0.000439998 -0.000794982 -0.000255586 -0.000509892 0.00779797 0.00746208 0.00642201 
-7.35589e-35 -0.15204 -0.0328766 -0.0843588 -0.0151248 -0.0605156 6.80741e-34 0.0772131 0.0237759 0.0466382 0.0109442 0.0241976 -0.13139 -0.134336 -0.127773 
2.76888e-34 0.294856 0.203649 0.251321 0.108454 0.163464 -2.22316e-35 -0.000486889 -0.000352828 -0.000455714 -9.49055e-05 -0.000189605 0.00443443 0.00428106 0.0053277 
0.965362 0.947037 0.667529 0.852748 0.907309 0.963457 -0.0890769 -0.100069 -0.0475259 -0.0795344 -0.0772109 -0.0946239 -0.104603 -0.0973736 -0.0840159 
0.404637 0.294427 0.428119 0.369849 0.416757 0.354756 -0.000467306 -0.000472547 -0.000936807 -0.000705877 -0.000671753 -0.000489985 0.00267834 0.00414264 0.00422341 
5.24786e-34 0.833142 0.705581 0.77404 0.410153 0.511927 4.14719e-34 -0.0170688 -0.00805295 -0.011136 -0.00296031 -0.00599953 -0.0884707 -0.0965318 -0.0854029 
0.75 1 0.937163 0.984223 0.859184 0.9375 -4.10526e-37 -6.26889e-37 -0.000961904 -0.00083145 -0.000625679 -1.21608e-36 -0.0234974 -0.0243667 -0.0339336 
3.42522e-34 0.301818 0.49884 0.407172 0.197394 0.112888 -3.76929e-34 -0.0392803 -0.0964987 -0.0623637 -0.0223791 -0.00965428 -0.0668522 -0.0694943 -0.0655855 
0.833142 0.832181 0.996692 0.969558 0.96851 0.833175 -0.0170688 -0.030715 -0.0257789 -0.0370293 -0.026167 -0.0225301 -0.0965318 -0.115291 -0.0891885 
0.358031 0.428119 0.294427 0.369849 0.327622 0.396013 -0.00104682 -0.000936807 -0.000472547 -0.000705877 -0.00072981 -0.00101009 0.00556244 0.00422341 0.00414264 
0.213645 -0.0703736 -0.180556 -0.150319 -0.0166852 0.0393158 -0.184308 -0.0841732 -0.0635838 -0.0763934 -0.115486 -0.120515 -0.0774215 -0.131965 -0.0725699 
2.0368e-34 0.169696 0.2727 0.223615 0.14966 0.089242 -7.56389e-36 -4.53723e-05 -0.000147324 -8.62944e-05 -5.12123e-05 -2.68855e-05 0.00151245 0.000978973 0.00178735 
6.58313e-34 0.705863 0.843382 0.780112 0.512171 0.404557 -2.29222e-34 -0.00116029 -0.00307601 -0.00190383 -0.00113364 -0.00047959 -0.0464575 -0.0403226 -0.0524967 
3.34415e-34 3.71252e-34 0.667529 0.357684 0.327908 -3.86575e-34 -4.14084e-34 -4.40127e-34 -0.0475259 -0.0122852 -0.0150133 -8.12326e-34 -0.0809263 -0.0865918 -0.0840159 
0.213645 0.340291 -0.0703736 0.110055 0.0393158 0.267894 -0.184308 -0.194824 -0.0841732 -0.119753 -0.120515 -0.187374 -0.0774215 -0.131129 -0.131965 
0.992548 0.832181 0.986799 0.961615 0.98951 0.966186 -0.0410721 -0.030715 -0.0546561 -0.053726 -0.0485819 -0.0461095 -0.0965461 -0.115291 -0.0991889 
-3.22834e-34 -0.0703736 -0.29796 -0.208694 -0.279092 -0.297375 4.97259e-34 -0.0841732 0.0059391 -0.028144 0.0159911 -0.0113877 -0.107451 -0.131965 -0.151801 
0.84366 0.757446 0.986799 0.918015 0.940226 0.805964 -0.0481322 -0.0258988 -0.0546561 -0.0427779 -0.0536121 -0.0370913 -0.0906918 -0.0859922 -0.0991889 
0.449225 0.496442 0.467497 0.485609 0.458839 0.479759 -0.00260351 -0.00311277 -0.00228653 -0.0027738 -0.0024812 -0.00296246 0.00833546 0.00808664 0.00679583 
0.49863 0.467497 0.496442 0.485609 0.49991 0.494929 -0.00258238 -0.00228653 -0.00311277 -0.0027738 -0.00284352 -0.00252476 0.00683511 0.00679583 0.00808664 
0.756489 0.49884 0.301818 0.407172 0.541849 0.635117 -0.126554 -0.0964987 -0.0392803 -0.0623637 -0.0808095 -0.115005 -0.0778344 -0.0655855 -0.0694943 
0.784278 0.493113 0.49884 0.500564 0.663474 0.652317 -0.211339 -0.121454 -0.0964987 -0.109675 -0.157156 -0.16929 -0.0778163 -0.0640235 -0.0655855 
0.84366 0.97793 0.667529 0.885685 0.759949 0.938565 -0.0481322 -0.0718535 -0.0475259 -0.0672545 -0.0497637 -0.061899 -0.0906918 -0.10114 -0.0840159 
4.55136e-34 4.87763e-34 0.775734 0.459406 0.457589 -4.06172e-34 2.30241e-34 2.8816e-34 -0.00260692 -0.0010336 -0.000811751 5.20849e-34 -0.0485284 -0.0608196 -0.0540756 
3.42522e-34 0.49884 0.174412 0.320061 0.0829853 0.197394 -3.76929e-34 -0.0964987 -0.0269008 -0.0537072 -0.005458 -0.0223791 -0.0668522 -0.0655855 -0.0620481 
0.998724 0.937163 0.986693 0.995406 0.99425 0.988551 -0.00208857 -0.000961904 -0.000728018 -0.00100956 -0.001533 -0.00176852 -0.0439644 -0.0339336 -0.0320553 
0.354197 0.185598 0.203649 0.194681 0.285558 0.27783 -0.00112721 -0.000430627 -0.000352828 -0.00038968 -0.000757319 -0.000799706 0.00573635 0.00614481 0.0053277 
0.998724 0.986693 0.750151 0.905402 0.928161 0.99425 -0.00208857 -0.000728018 -0.000841661 -0.00094226 -0.00159282 -0.001533 -0.0439644 -0.0320553 -0.0357242 
0.499601 0.477107 0.442504 0.461794 0.483091 0.492655 -0.00151996 -0.00196408 -0.00108109 -0.00148296 -0.0013324 -0.00175739 0.00481218 0.00590186 0.00449857 
0.594661 0.260617 0.42763 0.3567 0.513145 0.440739 -0.205022 -0.145018 -0.109841 -0.133626 -0.157848 -0.18172 0.0132663 0.0320915 0.0449349 
0.762815 0.260557 0.635883 0.440238 0.699316 0.493382 -0.191623 -0.032537 -0.199492 -0.12156 -0.195427 -0.120523 -0.146249 -0.173158 -0.152034 
0.354197 0.442504 0.477107 0.461794 0.428921 0.403407 -0.00112721 -0.00108109 -0.00196408 -0.00148296 -0.00158271 -0.00114043 0.00573635 0.00449857 0.00590186 
0.42763 0.260617 0.190037 0.223631 0.308677 0.3567 -0.109841 -0.145018 -0.0611701 -0.106768 -0.0940135 -0.133626 0.0449349 0.0320915 0.0530793 
0.335165 0.635883 0.260557 0.440238 0.300965 0.484949 -0.126857 -0.199492 -0.032537 -0.12156 -0.0778041 -0.165091 -0.164385 -0.152034 -0.173158 
2.24817e-34 0.28681 0.193035 0.241959 0.102125 0.157864 -3.50131e-35 -0.00110212 -0.000696191 -0.000932752 -0.000278804 -0.000448099 0.00695044 0.0069104 0.0076831 
5.11968e-34 -0.0227637 0.0100005 -0.0117602 -0.00452873 -0.0068589 5.10583e-35 0.0537668 0.0630471 0.065254 0.048394 0.04206 -0.123336 -0.122845 -0.122038 
0.354197 0.43239 0.28681 0.369692 0.322105 0.397035 -0.00112721 -0.00222289 -0.00110212 -0.00172512 -0.00117126 -0.00164525 0.00573635 0.00690309 0.0069104 
7.37866e-34 0.832181 0.833142 0.833175 0.520627 0.529659 4.92588e-34 -0.030715 -0.0170688 -0.0225301 -0.00911341 -0.0170716 -0.10823 -0.115291 -0.0965318 
1.26748e-34 0.202797 0.190037 0.20721 0.118921 0.108257 -2.92076e-34 -0.0124983 -0.0611701 -0.033439 -0.0209034 -0.00607107 0.0553791 0.0519035 0.0530793 
3.71252e-34 0.406491 0.667529 0.550497 0.357684 0.202615 -4.40127e-34 -0.0160248 -0.0475259 -0.026936 -0.0122852 -0.00458481 -0.0865918 -0.0855275 -0.0840159 
0.84366 0.667529 0.406491 0.550497 0.655988 0.759949 -0.0481322 -0.0475259 -0.0160248 -0.026936 -0.0311438 -0.0497637 -0.0906918 -0.0840159 -0.0855275 
0.998724 0.843382 0.705863 0.780112 0.935634 0.967295 -0.00208857 -0.00307601 -0.00116029 -0.00190383 -0.00203378 -0.00317407 -0.0439644 -0.0524967 -0.0403226 
-1.83888e-34 -7.70194e-35 -0.00106768 -0.113402 -0.180526 5.44431e-35 1.91518e-34 -1.15065e-34 -0.103188 -0.0340804 -0.0361536 1.95015e-34 -0.0469014 0.0155543 -0.00972468 
0.354197 0.203649 0.294856 0.251321 0.325874 0.285558 -0.00112721 -0.000352828 -0.000486889 -0.000455714 -0.000769131 -0.000757319 0.00573635 0.0053277 0.00428106 
0.358031 0.199881 0.194164 0.197022 0.283922 0.286251 -0.00104682 -0.000311302 -0.000439998 -0.000366056 -0.000762012 -0.000701187 0.00556244 0.00532383 0.00642201 
0.489773 0.466865 0.500006 0.491794 0.497486 0.479952 -0.000218982 -0.000334584 -0.000330164 -0.000339471 -0.000266899 -0.000265043 -1.15036e-06 0.00133698 0.000953012 
2.24817e-34 0.185598 0.28681 0.2387 0.157864 0.0977505 -3.50131e-35 -0.000430627 -0.00110212 -0.000717747 -0.000448099 -0.000242773 0.00695044 0.00614481 0.0069104 
0.489831 0.500006 0.462943 0.490664 0.478491 0.497425 -0.000217353 -0.000330164 -0.000341199 -0.000343086 -0.000267135 -0.000265494 7.26454e-07 0.000953012 0.00147362 
2.68803e-34 0.199881 0.294427 0.249411 0.163423 0.106283 2.13693e-35 -0.000311302 -0.000472547 -0.000429584 -0.000179636 -7.81027e-05 0.00442034 0.00532383 0.00414264 
-3.22834e-34 -1.83888e-34 -0.180556 -0.219992 -0.259252 9.19025e-35 4.97259e-34 1.91518e-34 -0.0635838 -0.0191635 -0.0012686 7.88699e-34 -0.107451 -0.0469014 -0.0725699 
-7.10877e-36 -0.0328766 -0.00502672 -0.0182619 0.000455747 -0.00509706 6.32463e-34 0.0237759 0.00232592 0.011932 -0.000931368 0.00336878 -0.127118 -0.127773 -0.125521 
-0.0171787 0.0147059 0.213164 0.118231 0.0773161 -0.00151955 0.0939092 0.104003 0.00622262 0.0616918 0.0633284 0.106224 -0.126301 -0.142269 -0.126351 
5.41265e-35 1.26748e-34 0.190037 0.118921 0.0707211 -8.03044e-35 -2.73346e-34 -2.92076e-34 -0.0611701 -0.0209034 -0.0233483 -5.06135e-34 0.0493497 0.0553791 0.0530793 
-0.0982393 -0.22097 -0.292491 -0.256588 -0.218149 -0.213012 0.0723652 0.0484202 0.035354 0.0439737 0.0756343 0.0886474 -0.162432 -0.146541 -0.155426 
0.84366 0.406491 0.757446 0.593758 0.805964 0.655988 -0.0481322 -0.0160248 -0.0258988 -0.020482 -0.0370913 -0.0311438 -0.0906918 -0.0855275 -0.0859922 
0.725859 0.667529 0.947037 0.852748 0.865474 0.701249 -0.0768459 -0.0475259 -0.100069 -0.0795344 -0.0940291 -0.0621562 -0.0828234 -0.0840159 -0.0973736 
7.58417e-34 0.832181 7.37866e-34 0.529659 -4.8897e-34 0.552043 3.04669e-34 -0.030715 4.92588e-34 -0.0170716 1.16795e-33 -0.0380764 -0.136354 -0.115291 -0.10823 
0.383114 0.190037 0.202797 0.20721 0.29742 0.298964 -0.0532044 -0.0611701 -0.0124983 -0.033439 -0.0359108 -0.0669586 0.047906 0.0530793 0.0519035 
0.500006 0.500006 0.466865 0.491794 0.491747 0.500006 -0.000534195 -0.000330164 -0.000334584 -0.000339471 -0.000438171 -0.0004191 0.00211262 0.000953012 0.00133698 
0.500006 0.462943 0.500006 0.490664 0.500006 0.490711 -0.000534195 -0.000341199 -0.000330164 -0.000343086 -0.0004191 -0.000446381 0.00211262 0.00147362 0.000953012 
6.65048e-34 5.24786e-34 0.705581 0.410153 0.405857 -2.41639e-34 3.47283e-34 4.14719e-34 -0.00805295 -0.00296031 -0.00230188 7.73688e-34 -0.0739069 -0.0884707 -0.0854029 
-2.79215e-34 -0.29796 -0.292491 -0.300608 -0.22381 -0.282546 7.72403e-34 0.0059391 0.035354 0.0241679 0.0142571 0.0168159 -0.152323 -0.151801 -0.155426 
0.999358 0.996692 0.707488 0.912103 0.919732 0.998517 -0.0138156 -0.0257789 -0.0132336 -0.0215437 -0.0164789 -0.019859 -0.0785703 -0.0891885 -0.0792462 
6.65048e-34 0.705581 0.836602 0.776005 0.510981 0.405857 3.47283e-34 -0.00805295 -0.00742331 -0.00801692 -0.00266969 -0.00230188 -0.0739069 -0.0854029 -0.0742972 
0.928819 0.895084 0.892742 0.944978 0.950092 0.911064 -0.123579 -0.155443 -0.120337 -0.153659 -0.131358 -0.13851 -0.114308 -0.124975 -0.0904706 
0.358031 0.294427 0.199881 0.249411 0.286251 0.327622 -0.00104682 -0.000472547 -0.000311302 -0.000429584 -0.000701187 -0.00072981 0.00556244 0.00414264 0.00532383 
0.237288 0.213164 0.762586 0.457759 0.520314 0.218559 -0.0147192 0.00622262 -0.0818903 -0.0436026 -0.0513078 -0.00232053 -0.117746 -0.126351 -0.119821 
0.992548 0.986799 0.757446 0.918015 0.920782 0.98951 -0.0410721 -0.0546561 -0.0258988 -0.0427779 -0.0363567 -0.0485819 -0.0965461 -0.0991889 -0.0859922 
5.11968e-34 5.01103e-34 -0.0227637 -0.00872263 -0.0068589 1.02816e-33 5.10583e-35 2.05872e-35 0.0537668 0.0316147 0.04206 -2.73029e-35 -0.123336 -0.12192 -0.122845 
0.999358 0.707488 0.644554 0.677152 0.90341 0.919732 -0.0138156 -0.0132336 -0.00673229 -0.00914655 -0.0127312 -0.0164789 -0.0785703 -0.0792462 -0.0724347 
0.999358 0.833142 0.996692 0.96851 0.998517 0.963522 -0.0138156 -0.0170688 -0.0257789 -0.026167 -0.019859 -0.0189536 -0.0785703 -0.0965318 -0.0891885 
0.244776 0.180845 0.380017 0.292363 0.318681 0.213703 -5.30397e-05 -4.93566e-05 -0.000196519 -0.000117264 -0.000113333 -4.86284e-05 -1.5455e-06 0.000891008 0.00100222 
0.245034 0.380135 0.169696 0.287979 0.208581 0.318903 -5.35764e-05 -0.000197173 -4.53723e-05 -0.000115619 -4.72077e-05 -0.000113402 1.89922e-06 0.0010607 0.000978973 
0.390185 0.487294 0.442504 0.468944 0.418501 0.4507 -0.000433669 -0.000805336 -0.00108109 -0.000947052 -0.000706781 -0.00061707 0.00277196 0.00321388 0.00449857 
4.53536e-34 0.644554 0.707488 0.677152 0.401071 0.357013 -3.78571e-34 -0.00673229 -0.0132336 -0.00914655 -0.00378083 -0.00245956 -0.076243 -0.0724347 -0.0792462 
0.495359 0.556068 0.609306 0.581874 0.562513 0.539177 -0.00161319 0.055055 0.0214727 0.0456515 0.0057629 0.0261691 0.0335376 0.017736 0.0131853 
0.410767 0.475038 0.489407 0.482135 0.458503 0.447737 0.0290533 0.0273288 0.0417806 0.034635 0.0359031 0.0292187 0.0133444 0.0125911 0.0143008 
4.87763e-34 0.647398 0.775734 0.715075 0.459406 0.365967 2.8816e-34 -0.00306044 -0.00260692 -0.00290413 -0.0010336 -0.000883441 -0.0608196 -0.0654248 -0.0540756 
0.998724 0.750151 0.625287 0.690801 0.895309 0.928161 -0.00208857 -0.000841661 -0.00113356 -0.00100346 -0.00206515 -0.00159282 -0.0439644 -0.0357242 -0.0447097 
-0.0982393 0.260557 0.212496 0.245237 0.0695157 0.0855954 0.0723652 -0.032537 0.0265857 -0.00115038 0.0532042 0.0280022 -0.162432 -0.173158 -0.155209 
5.71833e-34 0.841511 0.644554 0.752765 0.361365 0.505712 -3.34283e-34 -0.00604566 -0.00673229 -0.006651 -0.00214779 -0.00291469 -0.0674159 -0.0652808 -0.0724347 
0.387783 0.463205 0.471373 0.467733 0.436396 0.431302 -0.00144043 0.00291185 -0.00128218 0.000511827 -0.00141518 0.000154231 0.012848 0.0143005 0.0119229 
2.14357e-34 2.12053e-34 0.437372 0.207978 0.178812 -1.6751e-34 -3.68677e-34 -3.98484e-34 -0.0486431 -0.0105701 -0.0104096 -7.2758e-34 -0.0714866 -0.0785114 -0.0741389 
0.999358 0.705581 0.833142 0.77404 0.963522 0.934212 -0.0138156 -0.00805295 -0.0170688 -0.011136 -0.0189536 -0.0141009 -0.0785703 -0.0854029 -0.0965318 
-7.10877e-36 -7.35589e-35 -0.0328766 -0.0151248 -0.00509706 1.26199e-35 6.32463e-34 6.80741e-34 0.0237759 0.0109442 0.00336878 1.26886e-33 -0.127118 -0.13139 -0.127773 
1.1344e-34 2.76888e-34 0.203649 0.108454 0.108194 -7.73956e-35 -2.88194e-35 -2.22316e-35 -0.000352828 -9.49055e-05 -9.5644e-05 -5.05175e-35 0.00580169 0.00443443 0.0053277 
0.75 0.750151 0.986693 0.905402 0.905372 0.749996 -4.70814e-37 -0.000841661 -0.000728018 -0.00094226 -0.00063356 -0.000441913 -0.0251843 -0.0357242 -0.0320553 
0.330637 0.654835 0.488183 0.569944 0.413189 0.503192 -0.106486 -0.216427 -0.134323 -0.176319 -0.130344 -0.161158 -0.0659533 -0.0700913 -0.0720479 
0.22007 0.397893 0.411526 0.400523 0.312826 0.294442 0.0648074 0.030125 0.0802059 0.0585255 0.0733522 0.050745 -0.0310027 -0.0519556 -0.0251567 
0.35522 0.431785 0.449732 0.441302 0.407795 0.395231 0.0310761 0.0636837 0.0430964 0.0524297 0.038082 0.0466537 0.0200186 0.0170624 0.0184227 
0.762815 0.899271 0.895084 0.923794 0.829767 0.894612 -0.191623 -0.206284 -0.155443 -0.191977 -0.176974 -0.223506 -0.146249 -0.0969033 -0.124975 
0.377691 0.456927 0.465021 0.460967 0.427982 0.422243 -0.0013581 -0.00284703 -0.00112141 -0.00240183 -0.00115388 -0.00208872 0.00918549 0.00894607 0.00994614 
0.28681 0.43239 0.339548 0.390881 0.314113 0.369692 -0.00110212 -0.00222289 -0.00188935 -0.00210571 -0.00147699 -0.00172512 0.0069104 0.00690309 0.00768077 
0.500006 0.488462 0.487294 0.499999 0.496815 0.497133 -0.000534195 -0.000938218 -0.000805336 -0.000892502 -0.000662252 -0.00071299 0.00211262 0.00354189 0.00321388 
0.762815 0.501775 0.260557 0.373452 0.493382 0.641419 -0.191623 -0.093282 -0.032537 -0.0622106 -0.120523 -0.143864 -0.146249 -0.153036 -0.173158 
0.500023 0.456435 0.496007 0.481651 0.499261 0.489827 -0.00317634 -0.00284754 -0.00262501 -0.00277677 -0.0029856 -0.00310794 0.0090496 0.0101397 0.010368 
2.60763e-34 -7.10877e-36 -0.00502672 0.000455747 0.00384572 1.09919e-36 3.0837e-34 6.32463e-34 0.00232592 -0.000931368 -0.00267084 1.2448e-33 -0.125075 -0.127118 -0.125521 
0.387783 0.471373 0.456435 0.464358 0.426198 0.436396 -0.00144043 -0.00128218 -0.00284754 -0.00246156 -0.00229894 -0.00141518 0.012848 0.0119229 0.0101397 
0.237288 0.0351494 0.0100005 0.0119276 0.0549014 0.122027 -0.0147192 0.0380752 0.0630471 0.0521387 0.0373861 0.0145731 -0.117746 -0.122926 -0.122038 
2.60763e-34 -0.00502672 5.16806e-34 -0.000743675 1.04036e-33 0.00384572 3.0837e-34 0.00232592 1.27615e-36 -0.000680858 1.58144e-37 -0.00267084 -0.125075 -0.125521 -0.124419 
0.438484 0.339548 0.43239 0.390881 0.435493 0.394853 -0.00258389 -0.00188935 -0.00222289 -0.00210571 -0.00248726 -0.00229351 0.00783983 0.00768077 0.00690309 
0.725859 0.311143 0.667529 0.490268 0.701249 0.531143 -0.0768459 -0.0220057 -0.0475259 -0.0321177 -0.0621562 -0.0452052 -0.0828234 -0.0792157 -0.0840159 
0.762815 0.895084 0.501775 0.727113 0.641419 0.829767 -0.191623 -0.155443 -0.093282 -0.138151 -0.143864 -0.176974 -0.146249 -0.124975 -0.153036 
0.404637 0.428119 0.488462 0.464748 0.456676 0.416757 -0.000467306 -0.000936807 -0.000938218 -0.000955291 -0.000687859 -0.000671753 0.00267834 0.00422341 0.00354189 
6.58313e-34 4.01902e-34 0.705863 0.405223 0.404557 -2.80227e-34 -2.29222e-34 -1.72622e-34 -0.00116029 -0.000302266 -0.00047959 -4.00102e-34 -0.0464575 -0.0351477 -0.0403226 
0.35522 0.449732 0.451868 0.450989 0.410378 0.407795 0.0310761 0.0430964 0.0263439 0.0341365 0.0295355 0.038082 0.0200186 0.0184227 0.0182802 
0.998724 0.997152 0.843382 0.97077 0.967295 0.997919 -0.00208857 -0.00378482 -0.00307601 -0.00394438 -0.00317407 -0.00311274 -0.0439644 -0.0531337 -0.0524967 
0.22007 0.411526 0.403763 0.406087 0.314903 0.312826 0.0648074 0.0802059 0.0967471 0.0927181 0.085925 0.0733522 -0.0310027 -0.0251567 -0.00494416 
0.999358 0.644554 0.841511 0.752765 0.956599 0.90341 -0.0138156 -0.00673229 -0.00604566 -0.006651 -0.0107755 -0.0127312 -0.0785703 -0.0724347 -0.0652808 
0.5003 0.451868 0.490834 0.474509 0.497233 0.485772 0.0245102 0.0263439 0.035101 0.030744 0.0297212 0.0261147 0.0148851 0.0182802 0.0166174 
3.42522e-34 2.14357e-34 0.301818 0.135921 0.112888 -8.2763e-35 -3.76929e-34 -3.68677e-34 -0.0392803 -0.00906619 -0.00965428 -6.73332e-34 -0.0668522 -0.0714866 -0.0694943 
-0.0365019 -0.00502672 -0.0328766 -0.0182619 -0.039317 -0.019376 0.0320948 0.00232592 0.0237759 0.011932 0.0281363 0.0142619 -0.125033 -0.125521 -0.127773 
0.237288 0.0577366 0.213164 0.125852 0.218559 0.116583 -0.0147192 0.0502188 0.00622262 0.0360961 -0.00232053 0.0217719 -0.117746 -0.121431 -0.126351 
0.330637 0.700277 0.654835 0.67861 0.503192 0.5205 -0.106486 -0.223777 -0.216427 -0.223858 -0.161158 -0.16037 -0.0659533 -0.0698703 -0.0700913 
0.535366 0.403763 0.517865 0.461842 0.528867 0.487448 0.0868326 0.0967471 0.0884394 0.0958047 0.0889379 0.0963827 0.00804815 -0.00494416 -0.00556376 
0.709973 0.488183 0.704166 0.608332 0.708174 0.627787 -0.185137 -0.134323 -0.219161 -0.172041 -0.205666 -0.160169 -0.0413694 -0.0720479 -0.0598227 
0.989936 0.843382 0.997152 0.97077 0.994186 0.977882 -0.00563082 -0.00307601 -0.00378482 -0.00394438 -0.00461648 -0.00527104 -0.0621562 -0.0524967 -0.0531337 
0.998724 0.625287 0.775734 0.705271 0.935315 0.895309 -0.00208857 -0.00113356 -0.00260692 -0.00168729 -0.00281699 -0.00206515 -0.0439644 -0.0447097 -0.0540756 
0.965362 0.762586 0.947037 0.934891 0.963457 0.897063 -0.0890769 -0.0818903 -0.100069 -0.105301 -0.0946239 -0.0943417 -0.104603 -0.119821 -0.0973736 
-0.116857 -0.292491 -0.29796 -0.300608 -0.217512 -0.241928 0.0311652 0.035354 0.0059391 0.0241679 0.0301547 0.0562011 -0.171885 -0.155426 -0.151801 
5.11968e-34 0.0100005 0.0351494 0.0119276 -0.0121475 -0.00452873 5.10583e-35 0.0630471 0.0380752 0.0521387 0.0443995 0.048394 -0.123336 -0.122038 -0.122926 
0.81256 0.80168 0.700277 0.770024 0.833589 0.823576 -0.295546 -0.292605 -0.223777 -0.268201 -0.289882 -0.304422 -0.112854 -0.0765042 -0.0698703 
3.34415e-34 0.667529 0.311143 0.490268 0.158098 0.327908 -4.14084e-34 -0.0475259 -0.0220057 -0.0321177 -0.00800185 -0.0150133 -0.0809263 -0.0840159 -0.0792157 
0.784278 0.899271 0.872481 0.898154 0.873618 0.849935 -0.211339 -0.206284 -0.267363 -0.243486 -0.256457 -0.212277 -0.0778163 -0.0969033 -0.116033 
0.762815 0.872481 0.899271 0.898154 0.894612 0.832262 -0.191623 -0.267363 -0.206284 -0.243486 -0.223506 -0.240491 -0.146249 -0.116033 -0.0969033 
0.438484 0.43239 0.490791 0.4683 0.470311 0.435493 -0.00258389 -0.00222289 -0.00313013 -0.00268677 -0.00287748 -0.00248726 0.00783983 0.00690309 0.00784242 
-1.83888e-34 -0.00106768 -0.180556 -0.111857 -0.219992 -0.180526 1.91518e-34 -0.103188 -0.0635838 -0.081322 -0.0191635 -0.0361536 -0.0469014 -0.00972468 -0.0725699 
-0.0171787 0.213164 0.0577366 0.125852 0.018666 0.0773161 0.0939092 0.00622262 0.0502188 0.0360961 0.0738689 0.0633284 -0.126301 -0.126351 -0.121431 
0.377691 0.465021 0.460102 0.462282 0.423816 0.427982 -0.0013581 -0.00112141 0.0032784 0.000730953 0.000313689 -0.00115388 0.00918549 0.00994614 0.0104904 
0.2727 0.169696 0.380135 0.287979 0.330679 0.223615 -0.000147324 -4.53723e-05 -0.000197173 -0.000115619 -0.000178246 -8.62944e-05 0.00178735 0.000978973 0.0010607 
0.27342 0.380017 0.180845 0.292363 0.229093 0.330918 -0.000144118 -0.000196519 -4.93566e-05 -0.000117264 -8.78889e-05 -0.000177392 0.00169654 0.00100222 0.000891008 
4.08593e-34 6.20089e-34 0.757446 0.43423 0.415392 -4.58217e-34 -4.29512e-34 -4.15066e-34 -0.0258988 -0.00852677 -0.0111177 -8.16536e-34 -0.085358 -0.0819505 -0.0859922 
0.75 0.437716 0.750151 0.609411 0.749996 0.609507 -4.70814e-37 -0.000193667 -0.000841661 -0.000354564 -0.000441913 -0.000155524 -0.0251843 -0.0310223 -0.0357242 
0.408074 0.380017 0.466865 0.430185 0.441128 0.394511 -0.00014526 -0.000196519 -0.000334584 -0.000262868 -0.00022232 -0.000163737 -3.67449e-06 0.00100222 0.00133698 
0.408265 0.462943 0.380135 0.427455 0.39467 0.438664 -0.000147319 -0.000341199 -0.000197173 -0.000265849 -0.000165418 -0.000225565 3.41646e-06 0.00147362 0.0010607 
0.928819 0.947037 0.762586 0.934891 0.865174 0.957316 -0.123579 -0.100069 -0.0818903 -0.105301 -0.106263 -0.115654 -0.114308 -0.0973736 -0.119821 
0.410767 0.489407 0.495173 0.492095 0.4614 0.458503 0.0290533 0.0417806 0.0508533 0.0465572 0.0402762 0.0359031 0.0133444 0.0143008 0.0159809 
0.998724 0.705863 0.937163 0.842789 0.988551 0.935634 -0.00208857 -0.00116029 -0.000961904 -0.00129448 -0.00176852 -0.00203378 -0.0439644 -0.0403226 -0.0339336 
2.68803e-34 1.1535e-34 0.199881 0.106519 0.106283 -6.97332e-35 2.13693e-35 2.92274e-35 -0.000311302 -7.87464e-05 -7.81027e-05 5.10842e-35 0.00442034 0.00599582 0.00532383 
0.500115 0.460102 0.494935 0.48154 0.498771 0.49014 0.00764199 0.0032784 0.00213655 0.00249527 0.00462229 0.0053612 0.0129327 0.0104904 0.011335 
0.989936 0.999437 0.841511 0.964552 0.977478 0.996363 -0.00563082 -0.00931222 -0.00604566 -0.00872315 -0.0074822 -0.00778058 -0.0621562 -0.0700566 -0.0652808 
0.495359 0.609306 0.623293 0.622431 0.561925 0.562513 -0.00161319 0.0214727 -0.061301 -0.0153814 -0.0272576 0.0057629 0.0335376 0.0131853 0.0212058 
4.53536e-34 5.71833e-34 0.644554 0.361365 0.357013 -1.99743e-34 -3.78571e-34 -3.34283e-34 -0.00673229 -0.00214779 -0.00245956 -7.03817e-34 -0.076243 -0.0674159 -0.0724347 
0.408074 0.244776 0.380017 0.318681 0.394511 0.336617 -0.00014526 -5.30397e-05 -0.000196519 -0.000113333 -0.000163737 -0.000107786 -3.67449e-06 -1.5455e-06 0.00100222 
0.245034 0.408265 0.380135 0.39467 0.318903 0.336866 -5.35764e-05 -0.000147319 -0.000197173 -0.000165418 -0.000113402 -0.000107404 1.89922e-06 3.41646e-06 0.0010607 
0.756489 0.301818 0.437372 0.369924 0.616288 0.541849 -0.126554 -0.0392803 -0.0486431 -0.0437699 -0.0852763 -0.0808095 -0.0778344 -0.0694943 -0.0741389 
3.01226e-34 0.58634 4.01902e-34 0.324884 -9.77227e-35 0.325084 -5.74008e-35 -0.00035077 -1.72622e-34 -0.000154773 -2.87028e-34 -0.000108731 -0.0233875 -0.0311378 -0.0351477 
4.01902e-34 0.58634 0.705863 0.64872 0.405223 0.324884 -1.72622e-34 -0.00035077 -0.00116029 -0.000635329 -0.000302266 -0.000154773 -0.0351477 -0.0311378 -0.0403226 
0.500006 0.466865 0.478029 0.472724 0.494533 0.491747 -0.000534195 -0.000334584 -0.000574271 -0.000435026 -0.000565464 -0.000438171 0.00211262 0.00133698 0.00245424 
0.404637 0.478029 0.466865 0.472724 0.439762 0.44778 -0.000467306 -0.000574271 -0.000334584 -0.000435026 -0.000398825 -0.000525959 0.00267834 0.00245424 0.00133698 
4.42011e-34 0.625287 0.750151 0.690801 0.437741 0.350162 1.74512e-34 -0.00113356 -0.000841661 -0.00100346 -0.000264132 -0.000258463 -0.0367388 -0.0447097 -0.0357242 
1 0.75 0.986693 0.905372 0.996683 0.9375 -6.26889e-37 -4.70814e-37 -0.000728018 -0.00063356 -0.00068643 -9.70739e-37 -0.0243667 -0.0251843 -0.0320553 
0.999358 0.841511 0.999437 0.964552 0.999792 0.956599 -0.0138156 -0.00604566 -0.00931222 -0.00872315 -0.0112308 -0.0107755 -0.0785703 -0.0652808 -0.0700566 
1.64768e-34 1.47124e-34 0.267971 0.145983 0.156363 -9.34295e-35 -1.29052e-34 -9.33888e-35 0.0146071 0.00438975 0.00471639 -2.33806e-34 0.027122 0.0198488 0.0236271 
0.511292 0.495173 0.509046 0.506408 0.511824 0.51456 0.0692391 0.0508533 0.0541442 0.0538486 0.0610679 0.0601203 0.0151243 0.0159809 0.0156047 
1.07715e-34 1.05882e-34 0.195078 0.101462 0.102954 -6.79408e-35 -4.99273e-35 -4.68566e-35 0.0018528 0.000517849 0.000689294 -9.84219e-35 0.0103206 0.00958388 0.00991373 
0.989936 0.775734 0.647398 0.715075 0.880185 0.917503 -0.00563082 -0.00260692 -0.00306044 -0.00290413 -0.00537366 -0.00447628 -0.0621562 -0.0540756 -0.0654248 
1.10089e-34 1.10026e-34 0.201439 0.107651 0.109164 -6.92066e-35 8.33716e-35 9.47985e-35 0.0017442 0.000667086 0.000533752 1.76561e-34 0.0169189 0.0191136 0.0180198 
5.94508e-35 3.31328e-35 0.1176 0.0356324 0.0529133 -4.5363e-35 7.27242e-35 1.71965e-35 0.0215927 0.00783623 0.00724619 7.25994e-35 0.0134178 0.00176001 0.00882029 
-4.48165e-35 -3.18713e-35 -0.0203905 -0.0414675 -0.0515266 2.5524e-35 -2.80122e-34 -3.31706e-34 -0.00613199 -0.00528977 -0.0038899 -6.08627e-34 -0.0567725 -0.0664817 -0.0644905 
-1.81613e-34 -2.79215e-34 -0.292491 -0.22381 -0.184129 1.41105e-34 7.70449e-34 7.72403e-34 0.035354 0.0142571 0.0203306 1.4983e-33 -0.151413 -0.152323 -0.155426 
0.516943 0.61399 0.213164 0.402284 0.362776 0.561345 -0.0729206 -0.0771193 0.00622262 -0.0312058 -0.025678 -0.0741877 -0.142365 -0.129496 -0.126351 
6.20865e-35 3.42522e-34 0.174412 0.0829853 0.0666071 -5.06551e-35 -3.13665e-34 -3.76929e-34 -0.0269008 -0.005458 -0.004488 -6.31676e-34 -0.0629212 -0.0668522 -0.0620481 
9.66283e-35 2.24817e-34 0.193035 0.102125 0.101605 -6.54922e-35 -3.93643e-35 -3.50131e-35 -0.000696191 -0.000278804 -0.000254811 -7.33743e-35 0.00792052 0.00695044 0.0076831 
0.358031 0.467497 0.473387 0.470504 0.42712 0.422384 -0.00104682 -0.00228653 -0.00158992 -0.00191764 -0.00135813 -0.00164649 0.00556244 0.00679583 0.00527887 
0.937163 0.705863 0.58634 0.64872 0.800238 0.842789 -0.000961904 -0.00116029 -0.00035077 -0.000635329 -0.000717951 -0.00129448 -0.0339336 -0.0403226 -0.0311378 
0.631207 0.623293 0.626764 0.6498 0.629033 0.662599 -0.0347409 -0.061301 0.00832287 -0.0196397 -0.0114877 -0.0457216 -0.0292716 0.0212058 -0.0133752 
1 0.986693 0.937163 0.995406 0.984223 0.996683 -6.26889e-37 -0.000728018 -0.000961904 -0.00100956 -0.00083145 -0.00068643 -0.0243667 -0.0320553 -0.0339336 
-1.44386e-34 -1.81613e-34 -0.22097 -0.144019 -0.109677 9.64761e-35 7.43735e-34 7.70449e-34 0.0484202 0.0202412 0.0165154 1.44041e-33 -0.142161 -0.151413 -0.146541 
4.08593e-34 0.757446 0.406491 0.593758 0.213702 0.415392 -4.29512e-34 -0.0258988 -0.0160248 -0.020482 -0.00553152 -0.0111177 -0.085358 -0.0859922 -0.0855275 
3.01226e-34 0.75 0.58634 0.67335 0.325084 0.4375 -5.74008e-35 -4.10526e-37 -0.00035077 -0.000210746 -0.000108731 -1.121e-37 -0.0233875 -0.0234974 -0.0311378 
1.14884e-34 1.1474e-34 0.207893 0.112351 0.111883 -7.54568e-35 5.84386e-35 7.08085e-35 -0.000614185 -0.000240341 -0.000259164 1.29675e-34 0.0119745 0.014471 0.0131685 
2.63636e-34 1.11204e-34 0.205307 0.110188 0.109654 -7.47073e-35 3.73962e-35 4.75582e-35 -0.000760793 -0.000260301 -0.000300331 8.61353e-35 0.00779797 0.00976036 0.00910936 
9.94293e-35 8.67784e-35 0.178432 0.0881317 0.0957509 -6.27865e-35 1.01041e-34 9.63847e-35 0.00914409 0.00346483 0.00307724 1.89771e-34 0.0200402 0.018785 0.0198595 
-8.88875e-36 -3.34236e-35 0.0209884 -0.0363584 -0.0203549 -8.8767e-36 -7.11527e-35 -1.83057e-34 0.0211448 0.00762761 0.0064567 -2.73686e-34 -0.0161432 -0.0384664 -0.0284157 
5.09841e-36 3.34576e-35 0.0579745 0.0271063 0.00885082 -7.0764e-37 -3.36073e-34 -3.16365e-34 -0.0247223 -0.00791278 -0.00599179 -6.30721e-34 -0.0668129 -0.0630798 -0.0635249 
1.73838e-34 1.84737e-34 0.298788 0.181986 0.181101 -1.14939e-34 -2.38364e-34 -1.77467e-34 0.000479815 0.000920535 -0.00121119 -4.13336e-34 0.0476192 0.0362413 0.0417889 
1.25973e-34 1.16757e-34 0.215901 0.113107 0.119265 -7.35786e-35 -7.11869e-35 -5.68958e-35 0.00780591 0.00240989 0.0028354 -1.34711e-34 0.0150761 0.0120129 0.0134173 
1.04397e-34 1.03402e-34 0.191926 0.100725 0.100259 -6.65933e-35 -4.49971e-35 -4.2912e-35 -0.000666204 -0.000225287 -0.000203841 -8.75381e-35 0.00909122 0.00864131 0.00889343 
0.725859 0.892742 0.437372 0.707827 0.587536 0.82579 -0.0768459 -0.120337 -0.0486431 -0.090058 -0.0642854 -0.0993744 -0.0828234 -0.0904706 -0.0741389 
0.81256 0.661984 0.80168 0.791156 0.823576 0.737555 -0.295546 -0.291342 -0.292605 -0.312556 -0.304422 -0.298802 -0.112854 -0.0871316 -0.0765042 
0.777336 0.80168 0.661984 0.791156 0.758784 0.79223 -0.288942 -0.292605 -0.291342 -0.312556 -0.311669 -0.294563 -0.063516 -0.0765042 -0.0871316 
0.756489 0.892742 0.895084 0.944978 0.9195 0.832597 -0.126554 -0.120337 -0.155443 -0.153659 -0.168695 -0.12692 -0.0778344 -0.0904706 -0.124975 
0.237288 0.0100005 0.0577366 0.0249478 0.116583 0.0549014 -0.0147192 0.0630471 0.0502188 0.056162 0.0217719 0.0373861 -0.117746 -0.122038 -0.121431 
0.500006 0.478029 0.488462 0.483653 0.497133 0.494533 -0.000534195 -0.000574271 -0.000938218 -0.000739101 -0.00071299 -0.000565464 0.00211262 0.00245424 0.00354189 
2.24459e-34 4.42011e-34 0.437716 0.234565 0.234498 4.78654e-35 6.02496e-35 1.74512e-34 -0.000193667 -0.000172663 -8.40316e-05 2.95513e-34 -0.0253276 -0.0367388 -0.0310223 
0.999358 0.836602 0.705581 0.776005 0.934212 0.96321 -0.0138156 -0.00742331 -0.00805295 -0.00801692 -0.0141009 -0.0119807 -0.0785703 -0.0742972 -0.0854029 
0.213645 -0.180556 -0.00106768 -0.111857 0.0764145 -0.0166852 -0.184308 -0.0635838 -0.103188 -0.081322 -0.144541 -0.115486 -0.0774215 -0.0725699 -0.00972468 
0.756489 0.437372 0.892742 0.707827 0.832597 0.616288 -0.126554 -0.0486431 -0.120337 -0.090058 -0.12692 -0.0852763 -0.0778344 -0.0741389 -0.0904706 
0.404637 0.488462 0.478029 0.483653 0.44778 0.456676 -0.000467306 -0.000938218 -0.000574271 -0.000739101 -0.000525959 -0.000687859 0.00267834 0.00354189 0.00245424 
-2.79215e-34 -3.22834e-34 -0.29796 -0.279092 -0.282546 1.8755e-34 7.72403e-34 4.97259e-34 0.0059391 0.0159911 0.0168159 1.28788e-33 -0.152323 -0.107451 -0.151801 
4.42011e-34 0.750151 0.437716 0.609411 0.234565 0.437741 1.74512e-34 -0.000841661 -0.000193667 -0.000354564 -0.000172663 -0.000264132 -0.0367388 -0.0357242 -0.0310223 
1.64768e-34 0.267971 0.23386 0.252741 0.127368 0.156363 -1.29052e-34 0.0146071 0.00686152 0.0108714 0.00239442 0.00471639 0.027122 0.0236271 0.0316566 
0.75 0.937163 0.58634 0.800238 0.67335 0.859184 -4.10526e-37 -0.000961904 -0.00035077 -0.000717951 -0.000210746 -0.000625679 -0.0234974 -0.0339336 -0.0311378 
0.405012 0.23386 0.267971 0.252741 0.345927 0.333614 0.0192474 0.00686152 0.0146071 0.0108714 0.0192981 0.0137887 0.0299158 0.0316566 0.0236271 
1.07715e-34 0.195078 0.151779 0.173385 0.077843 0.102954 -4.99273e-35 0.0018528 0.00266017 0.00249742 0.000745758 0.000689294 0.0103206 0.00991373 0.0111029 
-0.0171787 0.0577366 0.0100005 0.0249478 -0.00277904 0.018666 0.0939092 0.0502188 0.0630471 0.056162 0.074357 0.0738689 -0.126301 -0.121431 -0.122038 
4.42011e-34 4.55136e-34 0.625287 0.350815 0.350162 -1.42389e-34 1.74512e-34 2.30241e-34 -0.00113356 -0.000380007 -0.000258463 4.06004e-34 -0.0367388 -0.0485284 -0.0447097 
0.315754 0.151779 0.195078 0.173385 0.2567 0.239427 0.0109952 0.00266017 0.0018528 0.00249742 0.00565939 0.00673857 0.0110428 0.0111029 0.00991373 
1.1535e-34 2.63636e-34 0.194164 0.103415 0.103224 -6.14614e-35 2.92274e-35 3.73962e-35 -0.000439998 -0.000255586 -0.000127378 6.77002e-35 0.00599582 0.00779797 0.00642201 
4.87763e-34 6.65048e-34 0.647398 0.368265 0.365967 -1.65971e-34 2.8816e-34 3.47283e-34 -0.00306044 -0.00160738 -0.000883441 6.41577e-34 -0.0608196 -0.0739069 -0.0654248 
-0.0703736 0.340291 0.0274947 0.169057 -0.0402372 0.110055 -0.0841732 -0.194824 -0.048935 -0.114161 -0.0592295 -0.119753 -0.131965 -0.131129 -0.167764 
0.756489 0.895084 0.899271 0.923794 0.851395 0.9195 -0.126554 -0.155443 -0.206284 -0.191977 -0.171371 -0.168695 -0.0778344 -0.124975 -0.0969033 
0.725859 0.437372 0.311143 0.380198 0.531143 0.587536 -0.0768459 -0.0486431 -0.0220057 -0.0314355 -0.0452052 -0.0642854 -0.0828234 -0.0741389 -0.0792157 
1.10026e-34 0.143461 0.201439 0.173673 0.107651 0.0761535 9.47985e-35 0.00263262 0.0017442 0.00252573 0.000667086 0.000828289 0.0191136 0.0197551 0.0180198 
1.10089e-34 0.201439 0.151727 0.177799 0.080083 0.109164 8.33716e-35 0.0017442 0.000114477 0.000672224 0.000152991 0.000533752 0.0169189 0.0180198 0.0157186 
3.31328e-35 0.0317713 0.1176 0.0735796 0.0356324 0.00550919 1.71965e-35 0.0146594 0.0215927 0.0192482 0.00783623 0.00432711 0.00176001 -0.00723678 0.00882029 
5.94508e-35 0.1176 0.107632 0.114675 0.0465372 0.0529133 7.27242e-35 0.0215927 0.00885226 0.0136458 0.0031497 0.00724619 0.0134178 0.00882029 0.0164856 
-3.18713e-35 -0.0151167 -0.0203905 -0.0249424 -0.0414675 -0.0242493 -3.31706e-34 -0.0155787 -0.00613199 -0.0128819 -0.00528977 -0.00384056 -0.0664817 -0.0671708 -0.0644905 
-4.48165e-35 -0.0203905 -0.0390139 -0.0352806 -0.0474573 -0.0515266 -2.80122e-34 -0.00613199 0.0029204 0.000801481 -0.000404738 -0.0038899 -0.0567725 -0.0644905 -0.0493715 
0.311815 0.151727 0.201439 0.177799 0.260168 0.238294 0.00046961 0.000114477 0.0017442 0.000672224 0.00155031 0.000386107 0.0155582 0.0157186 0.0180198 
0.254843 0.107632 0.1176 0.114675 0.188791 0.184531 0.0324375 0.00885226 0.0215927 0.0136458 0.0297388 0.0212037 0.0174243 0.0164856 0.00882029 
0.323787 0.201439 0.143461 0.173673 0.242017 0.269101 0.0120617 0.0017442 0.00263262 0.00252573 0.0074479 0.00597214 0.0197357 0.0180198 0.0197551 
0.0872349 -0.0390139 -0.0203905 -0.0352806 0.0232525 0.0133405 0.0263529 0.0029204 -0.00613199 0.000801481 0.000436956 0.0100289 -0.0533256 -0.0493715 -0.0644905 
0.197161 0.1176 0.0317713 0.0735796 0.111531 0.158738 0.0594122 0.0215927 0.0146594 0.0192482 0.0382769 0.0409853 -0.00391598 0.00882029 -0.00723678 
0.142744 -0.0203905 -0.0151167 -0.0249424 0.0403446 0.0425586 -0.042862 -0.00613199 -0.0155787 -0.0128819 -0.0358975 -0.0248573 -0.0725883 -0.0644905 -0.0671708 
6.65048e-34 0.836602 0.647398 0.750616 0.368265 0.510981 3.47283e-34 -0.00742331 -0.00306044 -0.00472255 -0.00160738 -0.00266969 -0.0739069 -0.0742972 -0.0654248 
0.516943 0.501775 0.895084 0.727113 0.740181 0.508232 -0.0729206 -0.093282 -0.155443 -0.138151 -0.12839 -0.0821274 -0.142365 -0.153036 -0.124975 
0.326271 0.195078 0.141601 0.16807 0.241549 0.26491 0.00128576 0.0018528 8.76501e-05 0.000679498 0.000644987 0.00231684 0.00949428 0.00991373 0.00929354 
1.05882e-34 0.141601 0.195078 0.16807 0.101462 0.0729559 -4.68566e-35 8.76501e-05 0.0018528 0.000679498 0.000517849 0.0001721 0.00958388 0.00929354 0.00991373 
0.260617 0.0166306 0.190037 0.10991 0.223631 0.125229 -0.145018 -0.0541992 -0.0611701 -0.0627509 -0.106768 -0.110378 0.0320915 0.0330167 0.0530793 
7.9943e-35 0.169696 2.0368e-34 0.089242 -3.43645e-35 0.0892685 -2.96269e-38 -4.53723e-05 -7.56389e-36 -2.68855e-05 -7.49195e-36 -1.5498e-05 4.85584e-06 0.000978973 0.00151245 
2.12053e-34 0.311143 0.437372 0.380198 0.207978 0.140997 -3.98484e-34 -0.0220057 -0.0486431 -0.0314355 -0.0105701 -0.00657787 -0.0785114 -0.0792157 -0.0741389 
0.237288 0.439423 0.0351494 0.167379 0.122027 0.321878 -0.0147192 -0.053211 0.0380752 -0.00286512 0.0145731 -0.0304679 -0.117746 -0.12354 -0.122926 
5.41265e-35 0.190037 0.0166306 0.10991 -0.00265331 0.0707211 -2.73346e-34 -0.0611701 -0.0541992 -0.0627509 -0.0176635 -0.0233483 0.0493497 0.0530793 0.0330167 
8.18362e-35 2.03442e-34 0.180845 0.0954611 0.095434 -4.68278e-35 -3.05509e-38 6.97302e-36 -4.93566e-05 -2.94622e-05 -1.72568e-05 7.04206e-36 -4.87717e-06 0.00144083 0.000891008 
0.38601 0.267971 0.179229 0.223578 0.295261 0.334461 0.0317886 0.0146071 0.00641221 0.00991481 0.0183145 0.0230047 0.0174101 0.0236271 0.0175736 
0.335165 0.0274947 0.340291 0.169057 0.334436 0.184822 -0.126857 -0.048935 -0.194824 -0.114161 -0.164585 -0.0796229 -0.164385 -0.167764 -0.131129 
1.14884e-34 0.207893 0.15703 0.183053 0.0829765 0.111883 5.84386e-35 -0.000614185 -0.000490285 -0.000560827 -0.000126816 -0.000259164 0.0119745 0.0131685 0.0109546 
1.47124e-34 0.179229 0.267971 0.223578 0.145983 0.0991489 -9.33888e-35 0.00641221 0.0146071 0.00991481 0.00438975 0.0018336 0.0198488 0.0175736 0.0236271 
1.84737e-34 0.23386 0.298788 0.272646 0.181986 0.134156 -1.77467e-34 0.00686152 0.000479815 0.00475206 0.000920535 0.00145822 0.0362413 0.0316566 0.0417889 
1.1474e-34 0.151727 0.207893 0.180696 0.112351 0.0801535 7.08085e-35 0.000114477 -0.000614185 -0.00017488 -0.000240341 -5.03869e-07 0.014471 0.0157186 0.0131685 
1.73838e-34 0.298788 0.202797 0.257367 0.122759 0.181101 -2.38364e-34 0.000479815 -0.0124983 -0.00826867 -0.00377682 -0.00121119 0.0476192 0.0417889 0.0519035 
1.16757e-34 0.151779 0.215901 0.182799 0.113107 0.0802619 -5.68958e-35 0.00266017 0.00780591 0.00465982 0.00240989 0.00101218 0.0120129 0.0111029 0.0134173 
9.94293e-35 0.178432 0.143461 0.163115 0.073513 0.0957509 1.01041e-34 0.00914409 0.00263262 0.00492215 0.00120966 0.00307724 0.0200402 0.0198595 0.0197551 
8.67784e-35 0.107632 0.178432 0.144216 0.0881317 0.0550178 9.63847e-35 0.00885226 0.00914409 0.00959962 0.00346483 0.00281009 0.018785 0.0164856 0.0198595 
-8.88875e-36 0.0209884 0.0317713 0.0238992 -0.00866465 -0.0203549 -7.11527e-35 0.0211448 0.0146594 0.0181641 0.00410484 0.0064567 -0.0161432 -0.0284157 -0.00723678 
-3.34236e-35 -0.0390139 0.0209884 -0.0187266 -0.0363584 -0.0434227 -1.83057e-34 0.0029204 0.0211448 0.0107931 0.00762761 0.00143738 -0.0384664 -0.0493715 -0.0284157 
5.09841e-36 0.0579745 -0.0151167 0.0202662 -0.0112777 0.00885082 -3.36073e-34 -0.0247223 -0.0155787 -0.0201406 -0.00496093 -0.00599179 -0.0668129 -0.0635249 -0.0671708 
1.25973e-34 0.215901 0.179229 0.198061 0.0930777 0.119265 -7.11869e-35 0.00780591 0.00641221 0.00775505 0.00171131 0.0028354 0.0150761 0.0134173 0.0175736 
3.34576e-35 0.0750735 0.0579745 0.0712183 0.0271063 0.0286402 -3.16365e-34 -0.0109672 -0.0247223 -0.016721 -0.00791278 -0.00309675 -0.0630798 -0.0616194 -0.0635249 
1.03402e-34 0.140314 0.191926 0.166529 0.100725 0.0722899 -4.2912e-35 -0.000436088 -0.000666204 -0.000539309 -0.000225287 -0.000102963 0.00864131 0.00829154 0.00889343 
1.04397e-34 0.191926 0.141601 0.166942 0.0727937 0.100259 -4.49971e-35 -0.000666204 8.76501e-05 -0.000235053 5.99712e-05 -0.000203841 0.00909122 0.00889343 0.00929354 
0.213645 0.661984 0.340291 0.512353 0.267894 0.446555 -0.184308 -0.291342 -0.194824 -0.258411 -0.187374 -0.251621 -0.0774215 -0.0871316 -0.131129 
0.49863 0.497739 0.467497 0.487031 0.494929 0.499979 -0.00258238 -0.00211951 -0.00228653 -0.00225978 -0.00252476 -0.0023588 0.00683511 0.00601613 0.00679583 
8.18362e-35 0.180845 0.244776 0.213703 0.132519 0.095434 -3.05509e-38 -4.93566e-05 -5.30397e-05 -4.86284e-05 -1.54564e-05 -1.72568e-05 -4.87717e-06 0.000891008 -1.5455e-06 
-0.0982393 0.212496 0.0147059 0.10843 -0.0257074 0.0695157 0.0723652 0.0265857 0.104003 0.069977 0.0864477 0.0532042 -0.162432 -0.155209 -0.142269 
7.9943e-35 0.245034 0.169696 0.208581 0.0892685 0.132796 -2.96269e-38 -5.35764e-05 -4.53723e-05 -4.72077e-05 -1.5498e-05 -1.53241e-05 4.85584e-06 1.89922e-06 0.000978973 
0.354197 0.477107 0.43239 0.457699 0.397035 0.428921 -0.00112721 -0.00196408 -0.00222289 -0.00212115 -0.00164525 -0.00158271 0.00573635 0.00590186 0.00690309 
2.14357e-34 0.437372 0.301818 0.369924 0.135921 0.178812 -3.68677e-34 -0.0486431 -0.0392803 -0.0437699 -0.00906619 -0.0104096 -0.0714866 -0.0741389 -0.0694943 
0.213645 -0.00106768 0.405894 0.182108 0.309599 0.0764145 -0.184308 -0.103188 -0.231146 -0.17401 -0.222061 -0.144541 -0.0774215 -0.00972468 -0.0190604 
0.260617 0.405894 -0.00106768 0.182108 0.123343 0.328352 -0.145018 -0.231146 -0.103188 -0.17401 -0.135141 -0.188878 0.0320915 -0.0190604 -0.00972468 
0.81256 0.872481 0.635883 0.786559 0.738819 0.843444 -0.295546 -0.267363 -0.199492 -0.251532 -0.261076 -0.284264 -0.112854 -0.116033 -0.152034 
2.24817e-34 1.1344e-34 0.185598 0.0979537 0.0977505 -5.44557e-35 -3.50131e-35 -2.88194e-35 -0.000430627 -0.000124672 -0.000242773 -6.29041e-35 0.00695044 0.00580169 0.00614481 
0.499601 0.497739 0.477107 0.497314 0.492655 0.499821 -0.00151996 -0.00211951 -0.00196408 -0.0020932 -0.00175739 -0.00181218 0.00481218 0.00601613 0.00590186 
0.49863 0.477107 0.497739 0.497314 0.499979 0.491086 -0.00258238 -0.00196408 -0.00211951 -0.0020932 -0.0023588 -0.00230103 0.00683511 0.00590186 0.00601613 
0.489831 0.489773 0.500006 0.497486 0.497425 0.500005 -0.000217353 -0.000218982 -0.000330164 -0.000266899 -0.000265494 -0.000245691 7.26454e-07 -1.15036e-06 0.000953012 
0.260617 -0.00106768 0.0166306 -0.00350122 0.125229 0.123343 -0.145018 -0.103188 -0.0541992 -0.077464 -0.110378 -0.135141 0.0320915 -0.00972468 0.0330167 
-7.70194e-35 0.0166306 -0.00106768 -0.00350122 -0.113402 -0.0547402 -1.15065e-34 -0.0541992 -0.103188 -0.077464 -0.0340804 -0.0194289 0.0155543 0.0330167 -0.00972468 
0.358031 0.473387 0.428119 0.453476 0.396013 0.42712 -0.00104682 -0.00158992 -0.000936807 -0.00124311 -0.00101009 -0.00135813 0.00556244 0.00527887 0.00422341 
4.55136e-34 0.775734 0.625287 0.705271 0.350815 0.457589 2.30241e-34 -0.00260692 -0.00113356 -0.00168729 -0.000380007 -0.000811751 -0.0485284 -0.0540756 -0.0447097 
0.998724 0.775734 0.997152 0.930595 0.997919 0.935315 -0.00208857 -0.00260692 -0.00378482 -0.00357309 -0.00311274 -0.00281699 -0.0439644 -0.0540756 -0.0531337 
0.989936 0.997152 0.775734 0.930595 0.917503 0.994186 -0.00563082 -0.00378482 -0.00260692 -0.00357309 -0.00447628 -0.00461648 -0.0621562 -0.0531337 -0.0540756 
0.703247 0.405894 0.594661 0.513548 0.650984 0.58011 -0.274393 -0.231146 -0.205022 -0.226651 -0.241028 -0.258266 -0.0297843 -0.0190604 0.0132663 
0.260617 0.594661 0.405894 0.513548 0.328352 0.440739 -0.145018 -0.205022 -0.231146 -0.226651 -0.188878 -0.18172 0.0320915 0.0132663 -0.0190604 
7.58417e-34 5.11968e-34 0.0351494 -0.0121475 0.0310582 1.05951e-33 3.04669e-34 5.10583e-35 0.0380752 0.0443995 0.0254179 6.93772e-36 -0.136354 -0.123336 -0.122926 
0.326271 0.362859 0.195078 0.286086 0.26491 0.34387 0.00128576 0.00791663 0.0018528 0.00490653 0.00231684 0.00407015 0.00949428 0.0101949 0.00991373 
0.38601 0.439358 0.267971 0.36789 0.334461 0.414476 0.0317886 0.0362982 0.0146071 0.0247862 0.0230047 0.0357107 0.0174101 0.022714 0.0236271 
0.237288 0.762586 0.797357 0.776073 0.547429 0.520314 -0.0147192 -0.0818903 -0.0684489 -0.0741378 -0.0539533 -0.0513078 -0.117746 -0.119821 -0.116716 
-7.70194e-35 5.41265e-35 0.0166306 -0.00265331 -0.0547402 -3.0092e-35 -1.15065e-34 -2.73346e-34 -0.0541992 -0.0176635 -0.0194289 -3.19443e-34 0.0155543 0.0493497 0.0330167 
0.989936 0.647398 0.836602 0.750616 0.936806 0.880185 -0.00563082 -0.00306044 -0.00742331 -0.00472255 -0.00725008 -0.00537366 -0.0621562 -0.0654248 -0.0742972 
0.142744 0.161598 -0.0203905 0.0568125 0.0425586 0.150051 -0.042862 -0.00764924 -0.00613199 -0.0103959 -0.0248573 -0.0292331 -0.0725883 -0.0687204 -0.0644905 
0.197161 0.279759 0.1176 0.200432 0.158738 0.240204 0.0594122 0.057065 0.0215927 0.0399705 0.0409853 0.0602365 -0.00391598 0.0115013 0.00882029 
0.323787 0.361492 0.201439 0.289657 0.269101 0.34407 0.0120617 0.00525101 0.0017442 0.00370341 0.00597214 0.00837369 0.0197357 0.01732 0.0180198 
1.11204e-34 0.15703 0.205307 0.181703 0.110188 0.0825722 4.75582e-35 -0.000490285 -0.000760793 -0.000641669 -0.000260301 -0.000149732 0.00976036 0.0109546 0.00910936 
1.11204e-34 1.14884e-34 0.15703 0.0829765 0.0825722 -1.71613e-35 4.75582e-35 5.84386e-35 -0.000490285 -0.000126816 -0.000149732 1.06528e-34 0.00976036 0.0119745 0.0109546 
0.311302 0.205307 0.15703 0.181703 0.240029 0.261226 -0.00158716 -0.000760793 -0.000490285 -0.000641669 -0.00108466 -0.00121123 0.0108049 0.00910936 0.0109546 
1.84737e-34 1.64768e-34 0.23386 0.127368 0.134156 -1.90957e-35 -1.77467e-34 -1.29052e-34 0.00686152 0.00239442 0.00145822 -3.12846e-34 0.0362413 0.027122 0.0316566 
3.71252e-34 4.08593e-34 0.406491 0.213702 0.202615 -1.69285e-35 -4.40127e-34 -4.29512e-34 -0.0160248 -0.00553152 -0.00458481 -8.421e-34 -0.0865918 -0.085358 -0.0855275 
2.12053e-34 3.34415e-34 0.311143 0.158098 0.140997 -2.27998e-35 -3.98484e-34 -4.14084e-34 -0.0220057 -0.00800185 -0.00657787 -7.80242e-34 -0.0785114 -0.0809263 -0.0792157 
1.16757e-34 1.07715e-34 0.151779 0.077843 0.0802619 -1.40054e-35 -5.68958e-35 -4.99273e-35 0.00266017 0.000745758 0.00101218 -1.10182e-34 0.0120129 0.0103206 0.0111029 
1.10026e-34 9.94293e-35 0.143461 0.073513 0.0761535 -1.15842e-35 9.47985e-35 1.01041e-34 0.00263262 0.00120966 0.000828289 1.92281e-34 0.0191136 0.0200402 0.0197551 
1.1474e-34 1.10089e-34 0.151727 0.080083 0.0801535 -1.07168e-35 7.08085e-35 8.33716e-35 0.000114477 0.000152991 -5.03869e-07 1.53913e-34 0.014471 0.0169189 0.0157186 
3.31328e-35 -8.88875e-36 0.0317713 -0.00866465 0.00550919 -1.88941e-35 1.71965e-35 -7.11527e-35 0.0146594 0.00410484 0.00432711 -7.0484e-35 0.00176001 -0.0161432 -0.00723678 
8.67784e-35 5.94508e-35 0.107632 0.0465372 0.0550178 -1.44344e-35 9.63847e-35 7.27242e-35 0.00885226 0.0031497 0.00281009 1.58696e-34 0.018785 0.0134178 0.0164856 
-3.18713e-35 5.09841e-36 -0.0151167 -0.0112777 -0.0242493 5.04381e-36 -3.31706e-34 -3.36073e-34 -0.0155787 -0.00496093 -0.00384056 -6.54864e-34 -0.0664817 -0.0668129 -0.0671708 
-3.34236e-35 -4.48165e-35 -0.0390139 -0.0474573 -0.0434227 -1.0224e-35 -1.83057e-34 -2.80122e-34 0.0029204 -0.000404738 0.00143738 -4.70989e-34 -0.0384664 -0.0567725 -0.0493715 
0.965362 0.797357 0.762586 0.776073 0.897063 0.911143 -0.0890769 -0.0684489 -0.0818903 -0.0741378 -0.0943417 -0.0849737 -0.104603 -0.116716 -0.119821 
1.03402e-34 9.66283e-35 0.140314 0.0726828 0.0722899 -9.97781e-36 -4.2912e-35 -3.93643e-35 -0.000436088 -0.0001521 -0.000102963 -8.18182e-35 0.00864131 0.00792052 0.00829154 
1.05882e-34 1.04397e-34 0.141601 0.0727937 0.0729559 -1.24384e-35 -4.68566e-35 -4.49971e-35 8.76501e-05 5.99712e-05 0.0001721 -9.21438e-35 0.00958388 0.00909122 0.00929354 
3.34576e-35 6.20865e-35 0.0750735 0.0381812 0.0286402 -3.04106e-36 -3.16365e-34 -3.13665e-34 -0.0109672 -0.00133191 -0.00309675 -6.14811e-34 -0.0630798 -0.0629212 -0.0616194 
1.47124e-34 1.25973e-34 0.179229 0.0930777 0.0991489 -1.1133e-35 -9.33888e-35 -7.11869e-35 0.00641221 0.00171131 0.0018336 -1.72573e-34 0.0198488 0.0150761 0.0175736 
1.26748e-34 1.73838e-34 0.202797 0.122759 0.108257 -5.89973e-36 -2.92076e-34 -2.38364e-34 -0.0124983 -0.00377682 -0.00607107 -5.09444e-34 0.0553791 0.0476192 0.0519035 
0.488183 0.654835 0.704166 0.686118 0.608332 0.569944 -0.134323 -0.216427 -0.219161 -0.222014 -0.172041 -0.176319 -0.0720479 -0.0700913 -0.0598227 
0.89083 0.797357 0.97793 0.937835 0.963604 0.846821 -0.0591423 -0.0684489 -0.0718535 -0.0778671 -0.0720669 -0.0655649 -0.113221 -0.116716 -0.10114 
5.01103e-34 5.16806e-34 -0.0117112 -0.0029952 -0.0043452 1.02753e-33 2.05872e-35 1.27615e-36 0.0144945 0.000917989 0.00985362 -3.35813e-36 -0.12192 -0.124419 -0.123784 
0.999358 0.999437 0.836602 0.954633 0.96321 0.999792 -0.0138156 -0.00931222 -0.00742331 -0.00923851 -0.0119807 -0.0112308 -0.0785703 -0.0700566 -0.0742972 
0.989936 0.836602 0.999437 0.954633 0.996363 0.936806 -0.00563082 -0.00742331 -0.00931222 -0.00923851 -0.00778058 -0.00725008 -0.0621562 -0.0742972 -0.0700566 
2.24459e-34 0.437716 0.75 0.609507 0.4375 0.234498 6.02496e-35 -0.000193667 -4.70814e-37 -0.000155524 -1.64614e-37 -8.40316e-05 -0.0253276 -0.0310223 -0.0251843 
0.383114 0.42763 0.190037 0.308677 0.298964 0.407739 -0.0532044 -0.109841 -0.0611701 -0.0940135 -0.0669586 -0.0802066 0.047906 0.0449349 0.0530793 
6.20865e-35 0.174412 0.0750735 0.117573 0.0381812 0.0666071 -3.13665e-34 -0.0269008 -0.0109672 -0.0168238 -0.00133191 -0.004488 -0.0629212 -0.0620481 -0.0616194 
0.263937 0.0750735 0.174412 0.117573 0.224387 0.155552 -0.0683308 -0.0109672 -0.0269008 -0.0168238 -0.0454906 -0.031422 -0.0600002 -0.0616194 -0.0620481 
0.965362 0.97793 0.797357 0.937835 0.911143 0.974685 -0.0890769 -0.0718535 -0.0684489 -0.0778671 -0.0849737 -0.0808277 -0.104603 -0.10114 -0.116716 
0.777336 0.704166 0.654835 0.686118 0.745121 0.751554 -0.288942 -0.219161 -0.216427 -0.222014 -0.259024 -0.255322 -0.063516 -0.0598227 -0.0700913 
0.30036 0.140314 0.193035 0.167121 0.249574 0.226016 -0.00159724 -0.000436088 -0.000696191 -0.000578132 -0.00114829 -0.00103414 0.00843602 0.00829154 0.0076831 
9.66283e-35 0.193035 0.140314 0.167121 0.0726828 0.101605 -3.93643e-35 -0.000696191 -0.000436088 -0.000578132 -0.0001521 -0.000254811 0.00792052 0.0076831 0.00829154 
-0.15204 -0.0677768 -0.0328766 -0.0581037 -0.0843588 -0.105876 0.0772131 0.0615153 0.0237759 0.0412685 0.0466382 0.0692995 -0.134336 -0.126094 -0.127773 
0.89083 0.439423 0.797357 0.643707 0.846821 0.719519 -0.0591423 -0.053211 -0.0684489 -0.0618855 -0.0655649 -0.0568766 -0.113221 -0.12354 -0.116716 
-1.81613e-34 -0.292491 -0.22097 -0.256588 -0.144019 -0.184129 7.70449e-34 0.035354 0.0484202 0.0439737 0.0202412 0.0203306 -0.151413 -0.155426 -0.146541 
7.58417e-34 0.0351494 0.439423 0.167379 0.2439 0.0310582 3.04669e-34 0.0380752 -0.053211 -0.00286512 -0.0331202 0.0254179 -0.136354 -0.122926 -0.12354 
-0.116857 -0.29796 0.0274947 -0.16032 -0.0462206 -0.217512 0.0311652 0.0059391 -0.048935 -0.00476386 -0.00511355 0.0301547 -0.171885 -0.151801 -0.167764 
0.311815 0.201439 0.361492 0.289657 0.338312 0.260168 0.00046961 0.0017442 0.00525101 0.00370341 0.00235822 0.00155031 0.0155582 0.0180198 0.01732 
-0.0703736 0.0274947 -0.29796 -0.16032 -0.208694 -0.0402372 -0.0841732 -0.048935 0.0059391 -0.00476386 -0.028144 -0.0592295 -0.131965 -0.167764 -0.151801 
0.254843 0.1176 0.279759 0.200432 0.268127 0.188791 0.0324375 0.0215927 0.057065 0.0399705 0.0442676 0.0297388 0.0174243 0.00882029 0.0115013 
0.0872349 -0.0203905 0.161598 0.0568125 0.11497 0.0232525 0.0263529 -0.00613199 -0.00764924 -0.0103959 0.0112964 0.000436956 -0.0533256 -0.0644905 -0.0687204 
0.405012 0.267971 0.439358 0.36789 0.424841 0.345927 0.0192474 0.0146071 0.0362982 0.0247862 0.029175 0.0192981 0.0299158 0.0236271 0.022714 
0.315754 0.195078 0.362859 0.286086 0.339886 0.2567 0.0109952 0.0018528 0.00791663 0.00490653 0.00958193 0.00565939 0.0110428 0.00991373 0.0101949 
0.451868 0.449732 0.490834 0.474509 0.474509 0.450989 0.0263439 0.0430964 0.035101 0.0391611 0.030744 0.0341365 0.0182802 0.0184227 0.0166174 
0.620358 0.594661 0.42763 0.513145 0.532555 0.612573 -0.138774 -0.205022 -0.109841 -0.157848 -0.128983 -0.171722 0.0182233 0.0132663 0.0449349 
0.501517 0.490834 0.449732 0.474509 0.483376 0.496723 0.0460405 0.035101 0.0430964 0.0391611 0.0456606 0.0407156 0.0161684 0.0166174 0.0184227 
0.700277 0.80168 0.654835 0.746715 0.67861 0.770024 -0.223777 -0.292605 -0.216427 -0.260037 -0.223858 -0.268201 -0.0698703 -0.0765042 -0.0700913 
1.1535e-34 0.194164 0.199881 0.197022 0.106519 0.103224 2.92274e-35 -0.000439998 -0.000311302 -0.000366056 -7.87464e-05 -0.000127378 0.00599582 0.00642201 0.00532383 
0.403763 0.411526 0.517865 0.473096 0.461842 0.406087 0.0967471 0.0802059 0.0884394 0.0899997 0.0958047 0.0927181 -0.00494416 -0.0251567 -0.00556376 
0.777336 0.654835 0.80168 0.746715 0.79223 0.745121 -0.288942 -0.216427 -0.292605 -0.260037 -0.294563 -0.259024 -0.063516 -0.0700913 -0.0765042 
0.578309 0.517865 0.411526 0.473096 0.508034 0.548451 0.0574212 0.0884394 0.0802059 0.0899997 0.0762275 0.0749157 -0.0084885 -0.00556376 -0.0251567 
1.1344e-34 0.203649 0.185598 0.194681 0.0979537 0.108194 -2.88194e-35 -0.000352828 -0.000430627 -0.00038968 -0.000124672 -9.5644e-05 0.00580169 0.0053277 0.00614481 
0.500023 0.490791 0.496442 0.499691 0.499332 0.497355 -0.00317634 -0.00313013 -0.00311277 -0.00305218 -0.00323523 -0.00327844 0.0090496 0.00784242 0.00808664 
0.456435 0.471373 0.496007 0.486581 0.481651 0.464358 -0.00284754 -0.00128218 -0.00262501 -0.00213718 -0.00277677 -0.00246156 0.0101397 0.0119229 0.010368 
0.500077 0.496007 0.471373 0.486581 0.493485 0.499184 -0.000965348 -0.00262501 -0.00128218 -0.00213718 -0.00132183 -0.00193814 0.0109389 0.010368 0.0119229 
0.89083 0.97793 0.986799 0.982515 0.970991 0.963604 -0.0591423 -0.0718535 -0.0546561 -0.0640317 -0.0640446 -0.0720669 -0.113221 -0.10114 -0.0991889 
0.500077 0.494935 0.465021 0.483089 0.490703 0.498577 -0.000965348 0.00213655 -0.00112141 0.000165376 -0.000906683 0.000333621 0.0109389 0.011335 0.00994614 
0.460102 0.465021 0.494935 0.483089 0.48154 0.462282 0.0032784 -0.00112141 0.00213655 0.000165376 0.00249527 0.000730953 0.0104904 0.00994614 0.011335 
0.316983 0.205307 0.361216 0.290567 0.339867 0.264564 -0.00130313 -0.000760793 -0.00200868 -0.00135299 -0.0016924 -0.00102779 0.00746208 0.00910936 0.00905047 
0.311302 0.361216 0.205307 0.290567 0.261226 0.337239 -0.00158716 -0.00200868 -0.000760793 -0.00135299 -0.00121123 -0.00187446 0.0108049 0.00905047 0.00910936 
0.725859 0.947037 0.892742 0.922061 0.82579 0.865474 -0.0768459 -0.100069 -0.120337 -0.112052 -0.0993744 -0.0940291 -0.0828234 -0.0973736 -0.0904706 
0.213164 0.61399 0.762586 0.687775 0.457759 0.402284 0.00622262 -0.0771193 -0.0818903 -0.0796595 -0.0436026 -0.0312058 -0.126351 -0.129496 -0.119821 
0.501517 0.509046 0.489407 0.502787 0.503603 0.505647 0.0460405 0.0541442 0.0417806 0.0480332 0.044401 0.0504486 0.0161684 0.0156047 0.0143008 
0.495173 0.489407 0.509046 0.502787 0.506408 0.492095 0.0508533 0.0417806 0.0541442 0.0480332 0.0538486 0.0465572 0.0159809 0.0143008 0.0156047 
0.928819 0.892742 0.947037 0.922061 0.957316 0.950092 -0.123579 -0.120337 -0.100069 -0.112052 -0.115654 -0.131358 -0.114308 -0.0904706 -0.0973736 
0.237288 0.797357 0.439423 0.643707 0.321878 0.547429 -0.0147192 -0.0684489 -0.053211 -0.0618855 -0.0304679 -0.0539533 -0.117746 -0.116716 -0.12354 
0.578309 0.626764 0.609306 0.628954 0.612681 0.601368 0.0574212 0.00832287 0.0214727 0.0212146 0.0423286 0.0363506 -0.0084885 -0.0133752 0.0131853 
0.928819 0.762586 0.61399 0.687775 0.817942 0.865174 -0.123579 -0.0818903 -0.0771193 -0.0796595 -0.108264 -0.106263 -0.114308 -0.119821 -0.129496 
0.49884 0.493113 0.174412 0.32347 0.320061 0.500564 -0.0964987 -0.121454 -0.0269008 -0.0640889 -0.0537072 -0.109675 -0.0655855 -0.0640235 -0.0620481 
0.623293 0.609306 0.626764 0.628954 0.6498 0.622431 -0.061301 0.0214727 0.00832287 0.0212146 -0.0196397 -0.0153814 0.0212058 0.0131853 -0.0133752 
0.84366 0.986799 0.97793 0.982515 0.938565 0.940226 -0.0481322 -0.0546561 -0.0718535 -0.0640317 -0.061899 -0.0536121 -0.0906918 -0.0991889 -0.10114 
0.260557 0.501775 0.212496 0.34076 0.245237 0.373452 -0.032537 -0.093282 0.0265857 -0.0282815 -0.00115038 -0.0622106 -0.173158 -0.153036 -0.155209 
0.516943 0.212496 0.501775 0.34076 0.508232 0.339672 -0.0729206 0.0265857 -0.093282 -0.0282815 -0.0821274 -0.0240352 -0.142365 -0.155209 -0.153036 
0.28681 0.339548 0.193035 0.272097 0.241959 0.314113 -0.00110212 -0.00188935 -0.000696191 -0.00125548 -0.000932752 -0.00147699 0.0069104 0.00768077 0.0076831 
-0.0365019 -0.0328766 -0.0677768 -0.0581037 -0.0529392 -0.039317 0.0320948 0.0237759 0.0615153 0.0412685 0.0463743 0.0281363 -0.125033 -0.127773 -0.126094 
0.263937 0.174412 0.493113 0.32347 0.374619 0.224387 -0.0683308 -0.0269008 -0.121454 -0.0640889 -0.0928209 -0.0454906 -0.0600002 -0.0620481 -0.0640235 
0.30036 0.193035 0.339548 0.272097 0.320477 0.249574 -0.00159724 -0.000696191 -0.00188935 -0.00125548 -0.00182717 -0.00114829 0.00843602 0.0076831 0.00768077 
0.467497 0.497739 0.473387 0.488924 0.470504 0.487031 -0.00228653 -0.00211951 -0.00158992 -0.00186829 -0.00191764 -0.00225978 0.00679583 0.00601613 0.00527887 
0.762815 0.635883 0.872481 0.786559 0.832262 0.699316 -0.191623 -0.199492 -0.267363 -0.251532 -0.240491 -0.195427 -0.146249 -0.152034 -0.116033 
0.709973 0.692865 0.587257 0.664452 0.655902 0.703585 -0.185137 -0.122765 -0.0831677 -0.0999183 -0.131375 -0.152518 -0.0413694 -0.0132371 -0.0540975 
0.535366 0.534603 0.491392 0.521633 0.513197 0.538943 0.0868326 0.0746412 0.0884337 0.081219 0.0903369 0.082337 0.00804815 0.0136185 0.011438 
0.5003 0.495022 0.49253 0.500165 0.497405 0.49981 0.0245102 0.0142693 0.0145853 0.014761 0.0193209 0.0191241 0.0148851 0.0128748 0.0150389 
0.499601 0.473387 0.497739 0.488924 0.499821 0.494909 -0.00151996 -0.00158992 -0.00211951 -0.00186829 -0.00181218 -0.00158594 0.00481218 0.00527887 0.00601613 
0.49863 0.496442 0.490791 0.499691 0.4956 0.49991 -0.00258238 -0.00311277 -0.00313013 -0.00305218 -0.00286691 -0.00284352 0.00683511 0.00808664 0.00784242 
0.500115 0.49253 0.495022 0.500165 0.498802 0.498349 0.00764199 0.0145853 0.0142693 0.014761 0.01078 0.0108885 0.0129327 0.0150389 0.0128748 
0.511292 0.491392 0.534603 0.521633 0.523136 0.504478 0.0692391 0.0884337 0.0746412 0.081219 0.0725307 0.0789719 0.0151243 0.011438 0.0136185 
0.631207 0.587257 0.692865 0.664452 0.67159 0.611356 -0.0347409 -0.0831677 -0.122765 -0.0999183 -0.0758275 -0.057457 -0.0292716 -0.0540975 -0.0132371 
5.16806e-34 -0.00502672 -0.0117112 -0.0103405 -0.0029952 -0.000743675 1.27615e-36 0.00232592 0.0144945 0.00745722 0.000917989 -0.000680858 -0.124419 -0.125521 -0.123784 
-0.0365019 -0.0117112 -0.00502672 -0.0103405 -0.019376 -0.0229558 0.0320948 0.0144945 0.00232592 0.00745722 0.0142619 0.0235377 -0.125033 -0.123784 -0.125521 
5.01103e-34 -0.0117112 -0.0227637 -0.0196566 -0.00872263 -0.0043452 2.05872e-35 0.0144945 0.0537668 0.0328309 0.0316147 0.00985362 -0.12192 -0.123784 -0.122845 
-0.0365019 -0.0227637 -0.0117112 -0.0196566 -0.0229558 -0.0334446 0.0320948 0.0537668 0.0144945 0.0328309 0.0235377 0.0432609 -0.125033 -0.122845 -0.123784 
