0.433586 0.829711 7.55743e-34 0.547873 0.240665 0.663963 -0.051628 -0.0292701 3.06921e-34 -0.036907 -0.0321532 -0.0493322 -0.124201 -0.116326 -0.136856 
-0.106212 -0.123843 0.233029 0.0680106 0.0666009 -0.108615 0.0802399 0.0460014 -0.0158972 0.017052 0.0407818 0.0678221 -0.152604 -0.164719 -0.165167 
0.500188 0.461468 0.495762 0.495823 0.498875 0.491117 0.0025756 0.0100905 0.00876353 0.010233 0.00537105 0.00611993 0.0108646 0.0154244 0.0108884 
0.510566 0.418669 0.52948 0.501051 0.519955 0.483487 0.0708779 0.0988194 0.0802353 0.0937785 0.0766135 0.0866691 0.0142093 0.0107958 0.0119803 
0.60303 0.375748 0.656351 0.539497 0.62893 0.508179 0.0209397 -0.0237521 -0.0437484 -0.0295972 -0.00928821 0.00599403 -0.0327987 -0.073019 -0.0339061 
0.299297 0.304175 0.798116 0.560998 0.558546 0.299506 -0.0953553 -0.15639 -0.269613 -0.220037 -0.193142 -0.128204 -0.162372 -0.141918 -0.121134 
0.389898 0.314913 0.211466 0.266314 0.312127 0.355564 -0.000239154 -0.00211819 -0.000450783 -0.00123633 -0.000396037 -0.00154225 0.014216 0.0118335 0.0146662 
0.73085 0.605364 0.721392 0.704203 0.727741 0.727625 -0.233732 -0.238964 -0.181373 -0.216005 -0.207994 -0.243335 -0.051227 -0.00701621 -0.0277536 
0.887581 0.829711 0.433586 0.663963 0.714106 0.861527 -0.0563771 -0.0292701 -0.051628 -0.0493322 -0.0548219 -0.0437992 -0.114302 -0.116326 -0.124201 
0.538926 0.299883 0.431458 0.377004 0.488051 0.426817 -0.0259577 -0.0111651 0.00993677 -0.00476037 -0.00710891 -0.0283518 0.0317712 0.0433341 0.0300158 
0.73085 0.710992 0.605364 0.659056 0.727625 0.755013 -0.233732 -0.293881 -0.238964 -0.269095 -0.243335 -0.268524 -0.051227 -0.0491608 -0.00701621 
0.35937 0.319247 0.468726 0.409516 0.423843 0.339926 -0.00205787 -0.00234866 -0.00415492 -0.00338856 -0.00312222 -0.00226893 0.0056545 0.00783019 0.00694812 
0.451156 0.468726 0.319247 0.409516 0.395739 0.460401 -0.00420633 -0.00415492 -0.00234866 -0.00338856 -0.00350058 -0.00428189 0.00870363 0.00694812 0.00783019 
0.510566 0.483621 0.492253 0.506744 0.501753 0.508849 0.0708779 0.0409615 0.0555627 0.0485 0.0633675 0.0535224 0.0142093 0.0113101 0.0157541 
0.500188 0.455378 0.49638 0.494403 0.499313 0.487897 0.0025756 -0.00312618 -0.0017994 -0.00228421 0.00015451 -0.000817758 0.0108646 0.0081988 0.0106117 
0.50004 0.455378 0.489978 0.475655 0.496934 0.487878 -0.00398924 -0.00312618 -0.00501814 -0.00443271 -0.004793 -0.00370528 0.00900639 0.0081988 0.00769058 
0.489978 0.455378 0.436372 0.446042 0.468764 0.475655 -0.00501814 -0.00312618 -0.00406387 -0.00373585 -0.00456474 -0.00443271 0.00769058 0.0081988 0.00739288 
0.428484 0.230213 0.327237 0.282245 0.380695 0.344769 0.03967 0.0114333 0.0179415 0.0161466 0.0280906 0.0255541 0.0119571 0.012287 0.00950228 
0.538926 0.431458 0.612909 0.547758 0.594787 0.488051 -0.0259577 0.00993677 0.0526562 0.0227979 0.0111981 -0.00710891 0.0317712 0.0300158 0.00957193 
0.000681476 -0.0225066 -0.0228749 -0.0361582 -0.0118862 -0.0164981 0.0534493 0.042203 0.0813873 0.0641072 0.0634026 0.0538996 -0.122197 -0.122634 -0.124151 
0.812687 0.86499 0.738984 0.860795 0.775618 0.885033 -0.202466 -0.243459 -0.221223 -0.259415 -0.216493 -0.24055 -0.0807466 -0.119612 -0.0707065 
0.710992 0.635921 0.384427 0.507726 0.569915 0.680848 -0.293881 -0.266128 -0.222402 -0.247699 -0.263451 -0.289972 -0.0491608 -0.105077 -0.0489319 
0.798116 0.738984 0.86499 0.860795 0.832237 0.849017 -0.269613 -0.221223 -0.243459 -0.259415 -0.25964 -0.281177 -0.121134 -0.0707065 -0.119612 
0.428484 0.327237 0.483621 0.425219 0.460735 0.380695 0.03967 0.0179415 0.0409615 0.0302181 0.0417461 0.0280906 0.0119571 0.00950228 0.0113101 
0.389898 0.458247 0.314913 0.399814 0.355564 0.428348 -0.000239154 -0.00343335 -0.00211819 -0.00293706 -0.00154225 -0.00200973 0.014216 0.0107783 0.0118335 
0.793633 0.635921 0.710992 0.680848 0.760675 0.756454 -0.30251 -0.266128 -0.293881 -0.289972 -0.303955 -0.30872 -0.0729993 -0.105077 -0.0491608 
0.37558 0.296747 0.455378 0.389695 0.420259 0.337814 -0.000195389 -0.00211027 -0.00312618 -0.00271052 -0.00151299 -0.00151839 0.00774987 0.00734498 0.0081988 
0.389898 0.312823 0.461468 0.402007 0.431599 0.354239 -0.000239154 0.00305874 0.0100905 0.00669547 0.00394267 0.00139095 0.014216 0.0173745 0.0154244 
0.60303 0.612909 0.527216 0.60985 0.564509 0.638358 0.0209397 0.0526562 0.0754839 0.0698205 0.0500104 0.0478068 -0.0327987 0.00957193 -0.0297259 
0.332109 0.213639 0.418669 0.318289 0.374129 0.276968 0.0526367 0.0506988 0.0988194 0.0778083 0.0756779 0.0538058 0.0186551 0.0109594 0.0107958 
0.172758 0.0512274 0.375748 0.196738 0.259691 0.10686 0.0369584 -0.0041667 -0.0237521 -0.0180778 0.00646843 0.0122564 -0.0584146 -0.0702435 -0.073019 
0.332109 0.311491 0.156424 0.240037 0.25099 0.32463 0.0526367 0.0231216 0.0160423 0.0224133 0.0356383 0.0365085 0.0186551 0.0208746 0.0182644 
0.389898 0.211466 0.312823 0.266335 0.354239 0.312127 -0.000239154 -0.000450783 0.00305874 0.000832775 0.00139095 -0.000396037 0.014216 0.0146662 0.0173745 
0.332109 0.444822 0.311491 0.386187 0.32463 0.39684 0.0526367 0.0449361 0.0231216 0.0347941 0.0365085 0.0503975 0.0186551 0.0185728 0.0208746 
0.172758 0.135926 -0.0308762 0.0393626 0.0553117 0.143457 0.0369584 0.0630202 0.0107749 0.0307631 0.0214409 0.0540884 -0.0584146 -0.0275117 -0.0512831 
0.332109 0.156424 0.213639 0.188636 0.276968 0.25099 0.0526367 0.0160423 0.0506988 0.0325458 0.0538058 0.0356383 0.0186551 0.0182644 0.0109594 
0.357316 0.147777 0.0852787 0.116041 0.199232 0.244958 -0.110197 -0.0579398 -0.0196843 -0.0441249 -0.0524357 -0.0771482 -0.0590218 -0.0658981 -0.0594216 
0.172758 -0.0308762 0.0512274 -0.00210342 0.10686 0.0553117 0.0369584 0.0107749 -0.0041667 0.00348728 0.0122564 0.0214409 -0.0584146 -0.0512831 -0.0702435 
0.435281 0.311491 0.444822 0.386187 0.440523 0.381606 0.0233352 0.0231216 0.0449361 0.0347941 0.0332571 0.0240897 0.0181319 0.0208746 0.0185728 
0.172758 0.383428 0.135926 0.249002 0.143457 0.273865 0.0369584 0.0942657 0.0630202 0.0827677 0.0540884 0.066746 -0.0584146 -0.0311141 -0.0275117 
0.354748 0.135926 0.383428 0.249002 0.365257 0.246593 0.103692 0.0630202 0.0942657 0.0827677 0.101743 0.0885748 -0.00588071 -0.0275117 -0.0311141 
0.389893 0.462873 0.487087 0.476587 0.450402 0.431236 -0.00093858 -0.000767958 -0.00173245 -0.00116954 -0.00133412 -0.000857941 0.00281509 0.00150038 0.00323219 
0.500008 0.487087 0.462873 0.476587 0.490649 0.496742 -0.00118811 -0.00173245 -0.000767958 -0.00116954 -0.000997784 -0.00145072 0.00211212 0.00323219 0.00150038 
0.357316 0.499634 0.147777 0.315617 0.244958 0.431161 -0.110197 -0.162358 -0.0579398 -0.106076 -0.0771482 -0.144984 -0.0590218 -0.0676508 -0.0658981 
0.348853 0.147777 0.499634 0.315617 0.417671 0.246435 -0.0896137 -0.0579398 -0.162358 -0.106076 -0.125024 -0.0833214 -0.0755599 -0.0658981 -0.0676508 
0.538926 0.66765 0.387084 0.552829 0.479682 0.609606 -0.0259577 -0.113846 -0.0814164 -0.103128 -0.0572294 -0.0650801 0.0317712 0.00989751 0.0450777 
0.54446 0.411192 0.521746 0.479678 0.532691 0.484819 0.060556 0.0384117 0.0685899 0.0520604 0.0673357 0.0501686 0.0137556 0.0163084 0.0130421 
0.428484 0.521746 0.411192 0.479678 0.42042 0.481407 0.03967 0.0685899 0.0384117 0.0520604 0.0404331 0.0530064 0.0119571 0.0130421 0.0163084 
0.451199 0.326219 0.462116 0.406128 0.456336 0.396187 0.021657 0.00454042 0.0103301 0.0078107 0.0158103 0.0117225 0.0095519 0.00765435 0.00930124 
0.37558 0.462116 0.326219 0.406128 0.351405 0.423647 -0.000195389 0.0103301 0.00454042 0.0078107 0.00204779 0.00399034 0.00774987 0.00930124 0.00765435 
0.500526 0.495762 0.461468 0.495823 0.48964 0.499568 0.018097 0.00876353 0.0100905 0.010233 0.0142771 0.0131953 0.0128492 0.0108884 0.0154244 
0.357316 0.30031 0.738984 0.537702 0.558377 0.331444 -0.110197 -0.0684869 -0.221223 -0.143865 -0.165396 -0.0916974 -0.0590218 -0.059114 -0.0707065 
0.533848 0.52948 0.418669 0.501051 0.483765 0.534572 0.0995239 0.0802353 0.0988194 0.0937785 0.102784 0.0900164 0.00816646 0.0119803 0.0107958 
0.451156 0.458247 0.496983 0.483191 0.481065 0.454878 -0.00420633 -0.00343335 -0.00491635 -0.00449466 -0.00475515 -0.00397759 0.00870363 0.0107783 0.00817857 
0.648512 0.656351 0.375748 0.539497 0.52323 0.652502 -0.0947622 -0.0437484 -0.0237521 -0.0295972 -0.0532329 -0.0688089 -0.0468517 -0.0339061 -0.073019 
2.76011e-34 0.21503 0.294145 0.256318 0.162895 0.11475 -2.2332e-35 -0.000326481 -0.000994814 -0.000618859 -0.000384893 -0.000194721 0.00438517 0.00301354 0.00426668 
0.50004 0.496983 0.458247 0.483191 0.490672 0.499595 -0.00398924 -0.00491635 -0.00343335 -0.00449466 -0.00380921 -0.00467387 0.00900639 0.00817857 0.0107783 
9.21938e-35 2.69598e-34 0.215273 0.115431 0.115222 -9.19381e-35 1.38909e-35 2.12799e-35 -0.000308692 -0.000181096 -7.35995e-05 3.59836e-35 0.00284995 0.00446579 0.0027507 
0.215273 2.69598e-34 0.2951 0.163967 0.256701 0.115431 -0.000308692 2.12799e-35 -0.000967318 -0.000365874 -0.000598081 -0.000181096 0.0027507 0.00446579 0.00415192 
0.54446 0.574336 0.612909 0.597888 0.578738 0.572002 0.060556 0.097099 0.0526562 0.0807288 0.0577202 0.0799787 0.0137556 0.00437608 0.00957193 
0.37558 0.188439 0.296747 0.24519 0.337814 0.291616 -0.000195389 -0.0005947 -0.00211027 -0.00121373 -0.00151839 -0.000333037 0.00774987 0.00734738 0.00734498 
0.563965 0.612909 0.574336 0.597888 0.574949 0.606693 0.0971915 0.0526562 0.097099 0.0807288 0.101105 0.0814429 -0.00799622 0.00957193 0.00437608 
0.50215 0.492253 0.483621 0.506744 0.501708 0.49886 0.0397874 0.0555627 0.0409615 0.0485 0.0410216 0.0470864 0.0144296 0.0157541 0.0113101 
0.50004 0.49638 0.455378 0.494403 0.487878 0.499513 -0.00398924 -0.0017994 -0.00312618 -0.00228421 -0.00370528 -0.00307173 0.00900639 0.0106117 0.0081988 
-0.0228749 -0.0225066 -0.0588859 -0.0410543 -0.0573513 -0.0361582 0.0813873 0.042203 0.0504949 0.0471635 0.0705724 0.0641072 -0.124151 -0.122634 -0.125081 
8.31895e-34 0.843554 0.84195 0.842911 0.510417 0.510481 -2.92691e-34 -0.00291112 -0.00573364 -0.00406449 -0.00213313 -0.00151581 -0.0589755 -0.0542434 -0.0670768 
0.357316 0.0852787 0.30031 0.172892 0.331444 0.199232 -0.110197 -0.0196843 -0.0684869 -0.0332159 -0.0916974 -0.0524357 -0.0590218 -0.0594216 -0.059114 
0.314913 0.160165 0.211466 0.186615 0.266314 0.243657 -0.00211819 -0.000677471 -0.000450783 -0.000647762 -0.00123633 -0.00147206 0.0118335 0.012033 0.0146662 
0.37558 0.326219 0.188439 0.260159 0.291616 0.351405 -0.000195389 0.00454042 -0.0005947 0.00109507 -0.000333037 0.00204779 0.00774987 0.00765435 0.00734738 
0.510566 0.442037 0.418669 0.431048 0.483487 0.484978 0.0708779 0.0703091 0.0988194 0.0841103 0.0866691 0.0728015 0.0142093 0.016817 0.0107958 
0.60303 0.391992 0.375748 0.379873 0.508179 0.510996 0.0209397 0.0482204 -0.0237521 0.0140214 0.00599403 0.0424922 -0.0327987 -0.0543184 -0.073019 
0.500188 0.472018 0.461468 0.467466 0.491117 0.493698 0.0025756 0.00126815 0.0100905 0.00522841 0.00611993 0.00171588 0.0108646 0.0126957 0.0154244 
0.428484 0.411192 0.230213 0.327585 0.344769 0.42042 0.03967 0.0384117 0.0114333 0.0240845 0.0255541 0.0404331 0.0119571 0.0163084 0.012287 
2.03622e-34 0.272655 0.21503 0.244671 0.115249 0.14968 -7.78345e-36 -0.000323491 -0.000326481 -0.000340383 -6.38405e-05 -0.000111335 0.00153455 0.00181993 0.00301354 
0.563965 0.527216 0.612909 0.60985 0.606693 0.54805 0.0971915 0.0754839 0.0526562 0.0698205 0.0814429 0.0890839 -0.00799622 -0.0297259 0.00957193 
0.451156 0.364149 0.458247 0.418222 0.454878 0.413175 -0.00420633 -0.00322777 -0.00343335 -0.00363832 -0.00397759 -0.00384282 0.00870363 0.00969091 0.0107783 
0.314913 0.458247 0.364149 0.418222 0.340561 0.399814 -0.00211819 -0.00343335 -0.00322777 -0.00363832 -0.0028035 -0.00293706 0.0118335 0.0107783 0.00969091 
0.389893 0.441798 0.294145 0.379273 0.345749 0.41801 -0.00093858 -0.0022161 -0.000994814 -0.00162203 -0.00100784 -0.00149055 0.00281509 0.00449673 0.00426668 
0.538926 0.387084 0.299883 0.34756 0.426817 0.479682 -0.0259577 -0.0814164 -0.0111651 -0.0450047 -0.0283518 -0.0572294 0.0317712 0.0450777 0.0433341 
0.299297 0.798116 0.594078 0.706962 0.441848 0.558546 -0.0953553 -0.269613 -0.167835 -0.226888 -0.131505 -0.193142 -0.162372 -0.121134 -0.150952 
2.76011e-34 9.28538e-35 0.21503 0.114972 0.11475 -9.34629e-35 -2.2332e-35 -1.51699e-35 -0.000326481 -7.64728e-05 -0.000194721 -3.66217e-35 0.00438517 0.00305505 0.00301354 
-0.0228749 -0.121856 0.00330157 -0.0876334 -0.0118902 -0.0790621 0.0813873 0.0673015 0.0947557 0.0994627 0.0942424 0.0871079 -0.124151 -0.130475 -0.135229 
0.431458 0.299883 0.252285 0.284528 0.35492 0.377004 0.00993677 -0.0111651 0.00469565 -0.00172374 0.00726078 -0.00476037 0.0300158 0.0433341 0.0327828 
0.647433 0.721392 0.605364 0.704203 0.630518 0.703944 -0.18552 -0.181373 -0.238964 -0.216005 -0.211907 -0.185421 0.00391954 -0.0277536 -0.00701621 
0.352716 0.294145 0.441798 0.379273 0.402346 0.324802 -0.00217437 -0.000994814 -0.0022161 -0.00162203 -0.00227599 -0.00152956 0.00560922 0.00426668 0.00449673 
0.185325 0.195158 0.00330157 0.0959522 0.0874958 0.197293 0.0328576 0.00452295 0.0947557 0.0586469 0.0700684 0.0235734 -0.146812 -0.123221 -0.135229 
0.451199 0.498064 0.483621 0.492355 0.468077 0.481605 0.021657 0.0269584 0.0409615 0.0338713 0.0307754 0.0244237 0.0095519 0.012275 0.0113101 
0.54446 0.612909 0.471733 0.551614 0.514585 0.578738 0.060556 0.0526562 0.037797 0.0426888 0.049799 0.0577202 0.0137556 0.00957193 0.0215425 
0.50215 0.483621 0.498064 0.492355 0.502313 0.501708 0.0397874 0.0409615 0.0269584 0.0338713 0.0330118 0.0410216 0.0144296 0.0113101 0.012275 
0.296747 0.336624 0.455378 0.404654 0.389695 0.31715 -0.00211027 -0.0030745 -0.00312618 -0.00350005 -0.00271052 -0.00274356 0.00734498 0.00702654 0.0081988 
-0.123843 0.00825736 0.233029 0.135492 0.0680106 -0.0603336 0.0460014 -0.0209316 -0.0158972 -0.0168423 0.017052 0.0153399 -0.164719 -0.16524 -0.165167 
0.996852 0.992855 0.760323 0.922493 0.925488 0.996178 -0.0245799 -0.0392279 -0.0246845 -0.0346492 -0.0295011 -0.0333392 -0.0908838 -0.0982205 -0.088168 
0.312823 0.357303 0.461468 0.41786 0.402007 0.33704 0.00305874 0.0125054 0.0100905 0.0123436 0.00669547 0.00702903 0.0173745 0.0189846 0.0154244 
0.436372 0.455378 0.336624 0.404654 0.39228 0.446042 -0.00406387 -0.00312618 -0.0030745 -0.00350005 -0.0036704 -0.00373585 0.00739288 0.0081988 0.00702654 
0.431458 0.471733 0.612909 0.551614 0.547758 0.45582 0.00993677 0.037797 0.0526562 0.0426888 0.0227979 0.0255965 0.0300158 0.0215425 0.00957193 
0.213639 0.228756 0.418669 0.331136 0.318289 0.220353 0.0506988 0.078681 0.0988194 0.0911205 0.0778083 0.0652556 0.0109594 -0.00208272 0.0107958 
0.0512274 0.146953 0.375748 0.252148 0.196738 0.0921879 -0.0041667 -0.0451832 -0.0237521 -0.046446 -0.0180778 -0.0241808 -0.0702435 -0.0748919 -0.073019 
0.404934 0.380009 0.273465 0.330933 0.346137 0.392764 -0.0010131 -0.000439182 -0.000316659 -0.000392829 -0.000619115 -0.000676104 0.00263562 0.000975248 0.00166432 
0.435281 0.461468 0.357303 0.41786 0.400144 0.449905 0.0233352 0.0100905 0.0125054 0.0123436 0.0179231 0.0159819 0.0181319 0.0154244 0.0189846 
0.354748 0.418669 0.228756 0.331136 0.2898 0.390873 0.103692 0.0988194 0.078681 0.0911205 0.0932063 0.104317 -0.00588071 0.0107958 -0.00208272 
0.348853 0.375748 0.146953 0.252148 0.243642 0.358517 -0.0896137 -0.0237521 -0.0451832 -0.046446 -0.0677446 -0.062872 -0.0755599 -0.073019 -0.0748919 
0.327237 0.230213 0.157026 0.192253 0.247963 0.282245 0.0179415 0.0114333 0.00422464 0.0070483 0.010771 0.0161466 0.00950228 0.012287 0.00948513 
0.389893 0.272655 0.380144 0.330666 0.385133 0.336608 -0.00093858 -0.000323491 -0.000440809 -0.000394616 -0.000648125 -0.00059204 0.00281509 0.00181993 0.00108714 
0.798116 0.304175 0.635921 0.477454 0.715976 0.560998 -0.269613 -0.15639 -0.266128 -0.221687 -0.272247 -0.220037 -0.121134 -0.141918 -0.105077 
0.490118 0.195158 0.185325 0.197293 0.310362 0.3402 -0.0629941 0.00452295 0.0328576 0.0235734 -0.0157809 -0.0226126 -0.136592 -0.123221 -0.146812 
-5.53196e-35 -1.12953e-34 -0.121856 -0.0778017 -0.0432142 1.04378e-34 6.64295e-34 7.1604e-34 0.0673015 0.0215182 0.0169671 1.29323e-33 -0.129393 -0.137902 -0.130475 
0.404934 0.466922 0.380009 0.430217 0.392764 0.439913 -0.0010131 -0.000755451 -0.000439182 -0.000591938 -0.000676104 -0.000884456 0.00263562 0.00131374 0.000975248 
0.389893 0.380144 0.462873 0.427421 0.431236 0.385133 -0.00093858 -0.000440809 -0.000767958 -0.000598024 -0.000857941 -0.000648125 0.00281509 0.00108714 0.00150038 
0.451199 0.483621 0.369645 0.437964 0.415404 0.468077 0.021657 0.0409615 0.0153853 0.0277666 0.0188295 0.0307754 0.0095519 0.0113101 0.00849209 
0.510566 0.50439 0.483621 0.493219 0.508849 0.516753 0.0708779 0.0580147 0.0409615 0.0493175 0.0535224 0.064775 0.0142093 0.0121977 0.0113101 
0.327237 0.369645 0.483621 0.437964 0.425219 0.348978 0.0179415 0.0153853 0.0409615 0.0277666 0.0302181 0.0169598 0.00950228 0.00849209 0.0113101 
-0.106212 0.00330157 -0.121856 -0.0876334 -0.143612 -0.0382908 0.0802399 0.0947557 0.0673015 0.0994627 0.0970741 0.0851923 -0.152604 -0.135229 -0.130475 
0.299297 0.233029 0.00825736 0.135492 0.159826 0.270037 -0.0953553 -0.0158972 -0.0209316 -0.0168423 -0.0512016 -0.0538167 -0.162372 -0.165167 -0.16524 
9.28538e-35 2.03622e-34 0.21503 0.115249 0.114972 -9.32765e-35 -1.51699e-35 -7.78345e-36 -0.000326481 -6.38405e-05 -7.64728e-05 -2.26052e-35 0.00305505 0.00153455 0.00301354 
0.500188 0.464622 0.455378 0.459826 0.487897 0.490693 0.0025756 0.00166897 -0.00312618 -0.00147499 -0.000817758 0.00241179 0.0108646 0.00903263 0.0081988 
0.30031 0.53316 0.738984 0.652522 0.537702 0.41407 -0.0684869 -0.121966 -0.221223 -0.170095 -0.143865 -0.0943036 -0.059114 -0.0654187 -0.0707065 
5.72588e-34 8.31895e-34 0.84195 0.510417 0.506377 -6.17239e-34 -3.43119e-34 -2.92691e-34 -0.00573364 -0.00213313 -0.00276972 -6.27823e-34 -0.0692567 -0.0589755 -0.0670768 
0.812687 0.738984 0.53316 0.652522 0.689549 0.775618 -0.202466 -0.221223 -0.121966 -0.170095 -0.166151 -0.216493 -0.0807466 -0.0707065 -0.0654187 
0.387084 0.66765 0.432295 0.583257 0.411891 0.552829 -0.0814164 -0.113846 -0.143725 -0.138071 -0.111762 -0.103128 0.0450777 0.00989751 0.0338157 
-0.106212 -0.261491 -0.123843 -0.232217 -0.108615 -0.206601 0.0802399 0.0388128 0.0460014 0.0635635 0.0678221 0.0788379 -0.152604 -0.149681 -0.164719 
0.147777 0.0107383 0.0852787 0.0472484 0.116041 0.0559948 -0.0579398 -0.0163507 -0.0196843 -0.0191868 -0.0441249 -0.0398936 -0.0658981 -0.0637486 -0.0594216 
0.135926 -0.0210203 -0.0308762 -0.0318439 0.0393626 0.0484269 0.0630202 0.0136332 0.0107749 0.0147025 0.0307631 0.0370095 -0.0275117 -0.0279509 -0.0512831 
0.311491 0.135297 0.156424 0.148885 0.240037 0.231165 0.0231216 0.00518212 0.0160423 0.00909889 0.0224133 0.0144428 0.0208746 0.0205113 0.0182644 
0.0512274 -0.0308762 -0.0593804 -0.0555945 -0.0201457 -0.00210342 -0.0041667 0.0107749 -0.00780662 0.000832374 -0.0123543 0.00348728 -0.0702435 -0.0512831 -0.0645279 
0.213639 0.156424 0.0743744 0.116094 0.144861 0.188636 0.0506988 0.0160423 0.0140069 0.0158029 0.0332164 0.0325458 0.0109594 0.0182644 0.00979293 
0.312823 0.211466 0.153735 0.183717 0.240165 0.266335 0.00305874 -0.000450783 0.000753875 0.000323715 0.00205294 0.000832775 0.0173745 0.0146662 0.0175156 
0.709091 0.996852 0.760323 0.925488 0.736542 0.913221 -0.0126103 -0.0245799 -0.0246845 -0.0295011 -0.0175268 -0.0205285 -0.0812415 -0.0908838 -0.088168 
0.348853 0.499634 0.594712 0.550173 0.476794 0.417671 -0.0896137 -0.162358 -0.138503 -0.155463 -0.111089 -0.125024 -0.0755599 -0.0676508 -0.0642454 
0.354748 0.383428 0.502474 0.452667 0.433857 0.365257 0.103692 0.0942657 0.113171 0.112132 0.113548 0.101743 -0.00588071 -0.0311141 -0.00228336 
0.73085 0.594712 0.499634 0.550173 0.646326 0.672817 -0.233732 -0.138503 -0.162358 -0.155463 -0.203005 -0.185021 -0.051227 -0.0642454 -0.0676508 
0.435281 0.444822 0.491018 0.473258 0.468923 0.440523 0.0233352 0.0449361 0.0280411 0.0357436 0.0259455 0.0332571 0.0181319 0.0185728 0.0153193 
0.563965 0.502474 0.383428 0.452667 0.491462 0.533139 0.0971915 0.113171 0.0942657 0.112132 0.101874 0.108843 -0.00799622 -0.00228336 -0.0311141 
0.50215 0.491018 0.444822 0.473258 0.48409 0.497293 0.0397874 0.0280411 0.0449361 0.0357436 0.0432323 0.0338017 0.0144296 0.0153193 0.0185728 
0.348853 0.594712 0.375748 0.481534 0.358517 0.476794 -0.0896137 -0.138503 -0.0237521 -0.0746656 -0.062872 -0.111089 -0.0755599 -0.0642454 -0.073019 
0.354748 0.502474 0.418669 0.456446 0.390873 0.433857 0.103692 0.113171 0.0988194 0.110616 0.104317 0.113548 -0.00588071 -0.00228336 0.0107958 
0.435281 0.491018 0.461468 0.478759 0.449905 0.468923 0.0233352 0.0280411 0.0100905 0.0179958 0.0159819 0.0259455 0.0181319 0.0153193 0.0154244 
0.648512 0.375748 0.594712 0.481534 0.623693 0.52323 -0.0947622 -0.0237521 -0.138503 -0.0746656 -0.117383 -0.0532329 -0.0468517 -0.073019 -0.0642454 
0.533848 0.418669 0.502474 0.456446 0.52208 0.483765 0.0995239 0.0988194 0.113171 0.110616 0.108203 0.102784 0.00816646 0.0107958 -0.00228336 
0.500526 0.461468 0.491018 0.478759 0.497982 0.48964 0.018097 0.0100905 0.0280411 0.0179958 0.0228961 0.0142771 0.0128492 0.0154244 0.0153193 
-0.0281782 -0.0588859 -0.0225066 -0.0410543 -0.0284248 -0.0432574 0.0233146 0.0504949 0.042203 0.0471635 0.0329766 0.0363056 -0.124267 -0.125081 -0.122634 
2.03487e-34 0.215273 0.273465 0.245185 0.14999 0.114943 6.76371e-36 -0.000308692 -0.000316659 -0.000324603 -0.000111955 -6.8927e-05 0.00141952 0.0027507 0.00166432 
5.23449e-34 7.35026e-34 0.83175 0.518571 0.510371 -5.08009e-34 4.21629e-34 4.9858e-34 -0.0162444 -0.00868327 -0.0057051 9.4856e-34 -0.089854 -0.109293 -0.0978439 
0.60303 0.664628 0.612909 0.638604 0.638358 0.657662 0.0209397 -0.0105248 0.0526562 0.0303951 0.0478068 0.0116089 -0.0327987 0.000744901 0.00957193 
0.777271 0.909537 0.531976 0.778064 0.662212 0.868781 -0.119173 -0.190467 -0.095318 -0.155678 -0.110997 -0.16004 -0.0807514 -0.0996394 -0.0678901 
0.812687 0.531976 0.909537 0.778064 0.8694 0.697268 -0.202466 -0.095318 -0.190467 -0.155678 -0.199966 -0.152664 -0.0807466 -0.0678901 -0.0996394 
0.989843 0.84195 0.843554 0.842911 0.977993 0.977644 -0.00533468 -0.00573364 -0.00291112 -0.00406449 -0.00499409 -0.00709603 -0.0638038 -0.0670768 -0.0542434 
0.183174 0.384427 0.635921 0.507726 0.415446 0.282038 -0.151083 -0.222402 -0.266128 -0.247699 -0.220006 -0.199039 -0.102911 -0.0489319 -0.105077 
0.435281 0.357303 0.311491 0.336437 0.381606 0.400144 0.0233352 0.0125054 0.0231216 0.0174455 0.0240897 0.0179231 0.0181319 0.0189846 0.0208746 
0.354748 0.228756 0.135926 0.180869 0.246593 0.2898 0.103692 0.078681 0.0630202 0.0747533 0.0885748 0.0932063 -0.00588071 -0.00208272 -0.0275117 
0.348853 0.146953 0.147777 0.148523 0.246435 0.243642 -0.0896137 -0.0451832 -0.0579398 -0.0588322 -0.0833214 -0.0677446 -0.0755599 -0.0748919 -0.0658981 
0.647433 0.432295 0.66765 0.583257 0.660696 0.552305 -0.18552 -0.143725 -0.113846 -0.138071 -0.148783 -0.168767 0.00391954 0.0338157 0.00989751 
0.296747 0.188439 0.137282 0.16304 0.222412 0.24519 -0.00211027 -0.0005947 -0.000595642 -0.000632672 -0.0013858 -0.00121373 0.00734498 0.00734738 0.00720137 
0.451156 0.319247 0.364149 0.34257 0.413175 0.395739 -0.00420633 -0.00234866 -0.00322777 -0.00289806 -0.00384282 -0.00350058 0.00870363 0.00783019 0.00969091 
0.499527 0.441798 0.487087 0.468528 0.495411 0.482627 -0.00306436 -0.0022161 -0.00173245 -0.00199433 -0.0023404 -0.00271312 0.00480879 0.00449673 0.00323219 
0.499527 0.487087 0.48871 0.499995 0.498252 0.495411 -0.00306436 -0.00173245 -0.00199082 -0.00190662 -0.00251437 -0.0023404 0.00480879 0.00323219 0.00352582 
0.30031 0.0852787 0.0874671 0.0893514 0.181176 0.172892 -0.0684869 -0.0196843 -0.00833829 -0.0121824 -0.0283353 -0.0332159 -0.059114 -0.0594216 -0.0611654 
0.326219 0.139528 0.188439 0.163937 0.260159 0.239876 0.00454042 0.000606783 -0.0005947 0.000138752 0.00109507 0.0023998 0.00765435 0.00744434 0.00734738 
0.887581 0.98719 0.829711 0.960126 0.861527 0.969625 -0.0563771 -0.0521649 -0.0292701 -0.0513422 -0.0437992 -0.0611876 -0.114302 -0.100877 -0.116326 
8.31895e-34 6.58492e-34 0.843554 0.51236 0.510481 -6.14764e-34 -2.92691e-34 -2.37704e-34 -0.00291112 -0.00107502 -0.00151581 -5.25171e-34 -0.0589755 -0.0482039 -0.0542434 
-3.31776e-34 -0.224085 -0.0914245 -0.175132 -0.298388 -0.264918 5.94767e-34 -0.0430152 -0.0487241 -0.0469339 0.0036107 0.00636985 -0.122436 -0.0983492 -0.142036 
0.35937 0.195669 0.319247 0.261414 0.339926 0.285445 -0.00205787 -0.000821058 -0.00234866 -0.00145557 -0.00226893 -0.00146064 0.0056545 0.00665671 0.00783019 
0.595221 0.490118 0.881587 0.716075 0.765231 0.53835 -0.0703819 -0.0629941 -0.140661 -0.112884 -0.107272 -0.0657962 -0.126178 -0.136592 -0.123344 
0.451199 0.369645 0.326219 0.346867 0.396187 0.415404 0.021657 0.0153853 0.00454042 0.00939092 0.0117225 0.0188295 0.0095519 0.00849209 0.00765435 
0.921699 0.595221 0.881587 0.765231 0.900878 0.803867 -0.113728 -0.0703819 -0.140661 -0.107272 -0.126389 -0.0992383 -0.113621 -0.126178 -0.123344 
0.73085 0.72786 0.710992 0.772972 0.755013 0.729797 -0.233732 -0.252031 -0.293881 -0.2841 -0.268524 -0.24797 -0.051227 -0.0640985 -0.0491608 
0.793633 0.710992 0.72786 0.772972 0.773128 0.760675 -0.30251 -0.293881 -0.252031 -0.2841 -0.280395 -0.303955 -0.0729993 -0.0491608 -0.0640985 
-0.0228749 -0.0588859 -0.121856 -0.0883248 -0.0790621 -0.0573513 0.0813873 0.0504949 0.0673015 0.0590024 0.0871079 0.0705724 -0.124151 -0.125081 -0.130475 
6.22825e-34 4.54813e-34 0.709091 0.402437 0.393995 -3.22974e-34 -4.24848e-34 -3.87852e-34 -0.0126103 -0.00361849 -0.00485811 -7.94806e-34 -0.0840681 -0.0781817 -0.0812415 
0.411192 0.19673 0.230213 0.214374 0.327585 0.319875 0.0384117 0.00830466 0.0114333 0.0106835 0.0240845 0.0226491 0.0163084 0.0169948 0.012287 
0.54446 0.471733 0.411192 0.44321 0.484819 0.514585 0.060556 0.037797 0.0384117 0.0404365 0.0501686 0.049799 0.0137556 0.0215425 0.0163084 
0.500526 0.498064 0.462116 0.484381 0.491981 0.500342 0.018097 0.0269584 0.0103301 0.0176996 0.0142419 0.0224907 0.0128492 0.012275 0.00930124 
0.451199 0.462116 0.498064 0.484381 0.481605 0.456336 0.021657 0.0103301 0.0269584 0.0176996 0.0244237 0.0158103 0.0095519 0.00930124 0.012275 
0.387084 0.175471 0.299883 0.246499 0.34756 0.279354 -0.0814164 -0.0219434 -0.0111651 -0.0201693 -0.0450047 -0.0579336 0.0450777 0.0509942 0.0433341 
0.352716 0.284456 0.184062 0.236718 0.276208 0.320194 -0.00217437 -0.0019439 -0.000801142 -0.00130251 -0.00151656 -0.00216988 0.00560922 0.00650207 0.00587827 
0.963339 0.676029 0.978171 0.890034 0.973925 0.911625 -0.0840672 -0.0450209 -0.0683045 -0.0635306 -0.0766374 -0.0727873 -0.10559 -0.0866304 -0.102681 
0.498402 0.489978 0.430618 0.466872 0.476808 0.495116 -0.00458514 -0.00501814 -0.00394153 -0.00454669 -0.00446396 -0.0048622 0.00678154 0.00769058 0.00663197 
0.404934 0.273465 0.215273 0.245185 0.322759 0.346137 -0.0010131 -0.000316659 -0.000308692 -0.000324603 -0.000671413 -0.000619115 0.00263562 0.00166432 0.0027507 
0.489748 0.407976 0.466922 0.441112 0.479955 0.459067 -0.000501599 -0.000329069 -0.000755451 -0.000503193 -0.000603471 -0.000451099 -2.86021e-06 -7.9809e-06 0.00131374 
0.408364 0.489858 0.462873 0.478489 0.438679 0.459315 -0.000333537 -0.000498495 -0.000767958 -0.000607775 -0.000509532 -0.000452164 7.45557e-06 2.01605e-06 0.00150038 
0.533848 0.574336 0.521746 0.553567 0.543372 0.554234 0.0995239 0.097099 0.0685899 0.0838456 0.0853753 0.0993199 0.00816646 0.00437608 0.0130421 
0.54446 0.521746 0.574336 0.553567 0.572002 0.532691 0.060556 0.0685899 0.097099 0.0838456 0.0799787 0.0673357 0.0137556 0.0130421 0.00437608 
0.499527 0.48871 0.474143 0.482127 0.49523 0.498252 -0.00306436 -0.00199082 -0.00313972 -0.00253509 -0.00316989 -0.00251437 0.00480879 0.00352582 0.00530217 
2.03487e-34 9.21938e-35 0.215273 0.115222 0.114943 -9.21195e-35 6.76371e-36 1.38909e-35 -0.000308692 -7.35995e-05 -6.8927e-05 2.09749e-35 0.00141952 0.00284995 0.0027507 
6.22825e-34 0.709091 0.760323 0.736542 0.436774 0.393995 -4.24848e-34 -0.0126103 -0.0246845 -0.0175268 -0.00816597 -0.00485811 -0.0840681 -0.0812415 -0.088168 
-0.106212 -0.121856 -0.183435 -0.152055 -0.19691 -0.143612 0.0802399 0.0673015 0.0452165 0.0636742 0.0861254 0.0970741 -0.152604 -0.130475 -0.141036 
-1.12953e-34 -0.183435 -0.121856 -0.152055 -0.0778017 -0.0827574 7.1604e-34 0.0452165 0.0673015 0.0636742 0.0215182 0.0130882 -0.137902 -0.141036 -0.130475 
0.389893 0.294145 0.21503 0.256318 0.312681 0.345749 -0.00093858 -0.000994814 -0.000326481 -0.000618859 -0.000648035 -0.00100784 0.00281509 0.00426668 0.00301354 
0.498402 0.430618 0.476276 0.456415 0.490488 0.476808 -0.00458514 -0.00394153 -0.00374329 -0.0039133 -0.00424897 -0.00446396 0.00678154 0.00663197 0.00583132 
0.996852 0.829711 0.992855 0.964981 0.996178 0.968429 -0.0245799 -0.0292701 -0.0392279 -0.0441058 -0.0333392 -0.0353672 -0.0908838 -0.116326 -0.0982205 
0.389893 0.21503 0.272655 0.244671 0.336608 0.312681 -0.00093858 -0.000326481 -0.000323491 -0.000340383 -0.00059204 -0.000648035 0.00281509 0.00301354 0.00181993 
0.648512 0.721392 0.66765 0.702922 0.700176 0.696361 -0.0947622 -0.181373 -0.113846 -0.144503 -0.101648 -0.135871 -0.0468517 -0.0277536 0.00989751 
0.647433 0.66765 0.721392 0.702922 0.703944 0.660696 -0.18552 -0.113846 -0.181373 -0.144503 -0.185421 -0.148783 0.00391954 0.00989751 -0.0277536 
0.404934 0.215273 0.2951 0.256701 0.355225 0.322759 -0.0010131 -0.000308692 -0.000967318 -0.000598081 -0.00103518 -0.000671413 0.00263562 0.0027507 0.00415192 
0.48871 0.428795 0.474143 0.454221 0.482127 0.465211 -0.00199082 -0.0019386 -0.00313972 -0.0025162 -0.00253509 -0.00200104 0.00352582 0.00422036 0.00530217 
2.66467e-34 0.208139 0.319247 0.267229 0.180681 0.111527 3.89905e-35 -0.00124454 -0.00234866 -0.00175846 -0.000899544 -0.000509846 0.00825073 0.00980786 0.00783019 
2.03487e-34 0.273465 0.180754 0.229055 0.0954002 0.14999 6.76371e-36 -0.000316659 -0.000108667 -0.000193508 -6.34474e-05 -0.000111955 0.00141952 0.00166432 0.000871673 
2.66467e-34 0.319247 0.195669 0.261414 0.104625 0.180681 3.89905e-35 -0.00234866 -0.000821058 -0.00145557 -0.000453803 -0.000899544 0.00825073 0.00783019 0.00665671 
-5.53196e-35 -0.121856 -0.0243636 -0.0666707 -0.00995984 -0.0432142 6.64295e-34 0.0673015 0.0174043 0.0375828 0.00742353 0.0169671 -0.129393 -0.130475 -0.126657 
2.76011e-34 0.294145 0.202566 0.250403 0.107829 0.162895 -2.2332e-35 -0.000994814 -0.000692102 -0.000908447 -0.000191438 -0.000384893 0.00438517 0.00426668 0.00519504 
0.963339 0.94944 0.676029 0.859596 0.911625 0.963491 -0.0840672 -0.0936114 -0.0450209 -0.0748352 -0.0727873 -0.0888241 -0.10559 -0.0988678 -0.0866304 
0.404934 0.2951 0.428795 0.370567 0.417225 0.355225 -0.0010131 -0.000967318 -0.0019386 -0.00145831 -0.00142613 -0.00103518 0.00263562 0.00415192 0.00422036 
5.23449e-34 0.83175 0.704476 0.772738 0.409113 0.510371 4.21629e-34 -0.0162444 -0.0076503 -0.0105754 -0.00280826 -0.0057051 -0.089854 -0.0978439 -0.0868192 
0.75 1 0.937182 0.984231 0.859195 0.9375 -3.88908e-37 -5.93739e-37 -0.000910732 -0.000787525 -0.00059274 -1.15189e-36 -0.0252185 -0.0260419 -0.0356369 
3.68694e-34 0.321287 0.531976 0.433883 0.21456 0.122092 -3.86448e-34 -0.0388439 -0.095318 -0.0618625 -0.0234016 -0.0103613 -0.0686935 -0.0718797 -0.0678901 
0.83175 0.829711 0.996852 0.968429 0.967685 0.831233 -0.0162444 -0.0292701 -0.0245799 -0.0353672 -0.0249482 -0.021462 -0.0978439 -0.116326 -0.0908838 
0.35937 0.428795 0.2951 0.370567 0.328609 0.396992 -0.00205787 -0.0019386 -0.000967318 -0.00145831 -0.00146377 -0.00204417 0.0056545 0.00422036 0.00415192 
0.183174 -0.0914245 -0.224085 -0.175132 -0.0481987 0.0176158 -0.151083 -0.0487241 -0.0430152 -0.0469339 -0.0824261 -0.0833951 -0.102911 -0.142036 -0.0983492 
2.03622e-34 0.169784 0.272655 0.223652 0.14968 0.0892992 -7.78345e-36 -9.97545e-05 -0.000323491 -0.000189812 -0.000111335 -5.78052e-05 0.00153455 0.00099866 0.00181993 
6.58492e-34 0.705933 0.843554 0.780239 0.51236 0.404646 -2.37704e-34 -0.00109846 -0.00291112 -0.00180031 -0.00107502 -0.000454437 -0.0482039 -0.0420533 -0.0542434 
3.41993e-34 3.77295e-34 0.676029 0.363986 0.335524 -3.94921e-34 -4.26382e-34 -4.51542e-34 -0.0450209 -0.0117666 -0.0144407 -8.37834e-34 -0.0835828 -0.0890657 -0.0866304 
0.183174 0.304175 -0.0914245 0.087433 0.0176158 0.237727 -0.151083 -0.15639 -0.0487241 -0.0817804 -0.0833951 -0.150677 -0.102911 -0.141918 -0.142036 
0.992855 0.829711 0.98719 0.960126 0.989877 0.964981 -0.0392279 -0.0292701 -0.0521649 -0.0513422 -0.0464238 -0.0441058 -0.0982205 -0.116326 -0.100877 
-3.31776e-34 -0.0914245 -0.293609 -0.217864 -0.260751 -0.298388 5.94767e-34 -0.0487241 0.0217258 -0.00337318 0.0220205 0.0036107 -0.122436 -0.142036 -0.152481 
0.847589 0.760323 0.98719 0.920126 0.94236 0.809374 -0.0457348 -0.0246845 -0.0521649 -0.0407641 -0.0509859 -0.0353332 -0.0928991 -0.088168 -0.100877 
0.451156 0.496983 0.468726 0.486596 0.460401 0.481065 -0.00420633 -0.00491635 -0.00415492 -0.00476193 -0.00428189 -0.00475515 0.00870363 0.00817857 0.00694812 
0.498402 0.468726 0.496983 0.486596 0.500036 0.495448 -0.00458514 -0.00415492 -0.00491635 -0.00476193 -0.00479132 -0.00453633 0.00678154 0.00694812 0.00817857 
0.777271 0.531976 0.321287 0.433883 0.566184 0.662212 -0.119173 -0.095318 -0.0388439 -0.0618625 -0.0784253 -0.110997 -0.0807514 -0.0678901 -0.0718797 
0.812687 0.53316 0.531976 0.537337 0.697268 0.689549 -0.202466 -0.121966 -0.095318 -0.109343 -0.152664 -0.166151 -0.0807466 -0.0654187 -0.0678901 
0.847589 0.978171 0.676029 0.890034 0.766042 0.941037 -0.0457348 -0.0683045 -0.0450209 -0.0635306 -0.0472514 -0.0587184 -0.0928991 -0.102681 -0.0866304 
4.54993e-34 4.87459e-34 0.775545 0.459143 0.457423 -4.06014e-34 2.37955e-34 2.95733e-34 -0.00246563 -0.000978769 -0.00076928 5.35999e-34 -0.0501388 -0.0623938 -0.0556769 
3.68694e-34 0.531976 0.193661 0.348377 0.0906005 0.21456 -3.86448e-34 -0.095318 -0.0277861 -0.0545267 -0.00643539 -0.0234016 -0.0686935 -0.0678901 -0.0631362 
0.998716 0.937182 0.986688 0.99541 0.994242 0.988562 -0.00197617 -0.000910732 -0.000689633 -0.000955816 -0.00145044 -0.00167358 -0.0456351 -0.0356369 -0.0337194 
0.352716 0.184062 0.202566 0.19336 0.284227 0.276208 -0.00217437 -0.000801142 -0.000692102 -0.0007466 -0.00146426 -0.00151656 0.00560922 0.00587827 0.00519504 
0.998716 0.986688 0.750121 0.905385 0.928128 0.994242 -0.00197617 -0.000689633 -0.000796949 -0.000892188 -0.00150755 -0.00145044 -0.0456351 -0.0337194 -0.0373557 
0.499527 0.476276 0.441798 0.46098 0.482627 0.492254 -0.00306436 -0.00374329 -0.0022161 -0.00293922 -0.00271312 -0.00345293 0.00480879 0.00583132 0.00449673 
0.605364 0.233601 0.432295 0.342607 0.521568 0.432824 -0.238964 -0.150586 -0.143725 -0.155346 -0.19295 -0.201078 -0.00701621 0.00841379 0.0338157 
0.730287 0.233029 0.594078 0.401643 0.661305 0.455385 -0.166453 -0.0158972 -0.167835 -0.0937195 -0.166702 -0.0957384 -0.143682 -0.165167 -0.150952 
0.352716 0.441798 0.476276 0.46098 0.42763 0.402346 -0.00217437 -0.0022161 -0.00374329 -0.00293922 -0.00304117 -0.00227599 0.00560922 0.00449673 0.00583132 
0.432295 0.233601 0.147803 0.186 0.288091 0.342607 -0.143725 -0.150586 -0.0755707 -0.11704 -0.116447 -0.155346 0.0338157 0.00841379 0.0422347 
0.299297 0.594078 0.233029 0.401643 0.270037 0.441848 -0.0953553 -0.167835 -0.0158972 -0.0937195 -0.0538167 -0.131505 -0.162372 -0.150952 -0.165167 
2.22144e-34 0.284456 0.190188 0.239262 0.100252 0.155873 -3.3192e-35 -0.0019439 -0.00111552 -0.00156554 -0.00046945 -0.000787289 0.00648031 0.00650207 0.00694134 
5.09316e-34 -0.0225066 0.000681476 -0.0164981 -0.00718244 -0.00834282 4.4691e-35 0.042203 0.0534493 0.0538996 0.0432933 0.0349527 -0.123288 -0.122634 -0.122197 
0.352716 0.430618 0.284456 0.367449 0.320194 0.3953 -0.00217437 -0.00394153 -0.0019439 -0.00306395 -0.00216988 -0.00305311 0.00560922 0.00663197 0.00650207 
7.35026e-34 0.829711 0.83175 0.831233 0.518571 0.526672 4.9858e-34 -0.0292701 -0.0162444 -0.021462 -0.00868327 -0.0163837 -0.109293 -0.116326 -0.0978439 
8.96237e-35 0.175471 0.147803 0.169191 0.0739377 0.0835882 -2.7893e-34 -0.0219434 -0.0755707 -0.0469012 -0.0265383 -0.00901999 0.0514675 0.0509942 0.0422347 
3.77295e-34 0.411376 0.676029 0.557266 0.363986 0.205943 -4.51542e-34 -0.0152828 -0.0450209 -0.025662 -0.0117666 -0.00436003 -0.0890657 -0.0879555 -0.0866304 
0.847589 0.676029 0.411376 0.557266 0.661226 0.766042 -0.0457348 -0.0450209 -0.0152828 -0.025662 -0.029681 -0.0472514 -0.0928991 -0.0866304 -0.0879555 
0.998716 0.843554 0.705933 0.780239 0.935691 0.967371 -0.00197617 -0.00291112 -0.00109846 -0.00180031 -0.00192492 -0.00300402 -0.0456351 -0.0542434 -0.0420533 
-2.20885e-34 -1.30997e-34 -0.0412843 -0.17168 -0.224324 1.11605e-34 3.45936e-34 2.70471e-35 -0.093232 -0.0257603 -0.0247665 4.72919e-34 -0.0759958 -0.0121899 -0.0410791 
0.352716 0.202566 0.294145 0.250403 0.324802 0.284227 -0.00217437 -0.000692102 -0.000994814 -0.000908447 -0.00152956 -0.00146426 0.00560922 0.00519504 0.00426668 
0.35937 0.200879 0.195669 0.19827 0.285445 0.287479 -0.00205787 -0.000614726 -0.000821058 -0.000705482 -0.00146064 -0.00136971 0.0056545 0.00543908 0.00665671 
0.489748 0.466922 0.500007 0.49182 0.497485 0.479955 -0.000501599 -0.000755451 -0.000749801 -0.000769968 -0.000608974 -0.000603471 -2.86021e-06 0.00131374 0.000953137 
2.22144e-34 0.184062 0.284456 0.236718 0.155873 0.0965221 -3.3192e-35 -0.000801142 -0.0019439 -0.00130251 -0.000787289 -0.000429705 0.00648031 0.00587827 0.00650207 
0.489858 0.500007 0.462873 0.490635 0.478489 0.49743 -0.000498495 -0.000749801 -0.000767958 -0.000777605 -0.000607775 -0.000606498 2.01605e-06 0.000953137 0.00150038 
2.69598e-34 0.200879 0.2951 0.250274 0.163967 0.106863 2.12799e-35 -0.000614726 -0.000967318 -0.000859722 -0.000365874 -0.000158823 0.00446579 0.00543908 0.00415192 
-3.31776e-34 -2.20885e-34 -0.224085 -0.245198 -0.264918 1.27562e-34 5.94767e-34 3.45936e-34 -0.0430152 -0.010779 0.00636985 1.00257e-33 -0.122436 -0.0759958 -0.0983492 
-3.63796e-36 -0.0243636 -0.00210332 -0.0109735 0.00200097 -0.000903442 6.24427e-34 0.0174043 0.00029804 0.00798786 -0.000821977 0.00265912 -0.12581 -0.126657 -0.124762 
-0.0228749 0.00330157 0.195158 0.0959522 0.0582931 -0.0118902 0.0813873 0.0947557 0.00452295 0.0586469 0.056686 0.0942424 -0.124151 -0.135229 -0.123221 
-9.05716e-37 8.96237e-35 0.147803 0.0739377 0.01427 -5.55094e-35 -1.9852e-34 -2.7893e-34 -0.0755707 -0.0265383 -0.0285879 -4.02639e-34 0.0334448 0.0514675 0.0422347 
-0.106212 -0.183435 -0.261491 -0.222209 -0.206601 -0.19691 0.0802399 0.0452165 0.0388128 0.0437412 0.0788379 0.0861254 -0.152604 -0.141036 -0.149681 
0.847589 0.411376 0.760323 0.597973 0.809374 0.661226 -0.0457348 -0.0152828 -0.0246845 -0.0195391 -0.0353332 -0.029681 -0.0928991 -0.0879555 -0.088168 
0.738316 0.676029 0.94944 0.859596 0.873503 0.711547 -0.0723987 -0.0450209 -0.0936114 -0.0748352 -0.0881528 -0.0586459 -0.0854292 -0.0866304 -0.0988678 
7.55743e-34 0.829711 7.35026e-34 0.526672 -4.85862e-34 0.547873 3.06921e-34 -0.0292701 4.9858e-34 -0.0163837 1.17527e-33 -0.036907 -0.136856 -0.116326 -0.109293 
0.387084 0.147803 0.175471 0.169191 0.279354 0.277717 -0.0814164 -0.0755707 -0.0219434 -0.0469012 -0.0579336 -0.0912166 0.0450777 0.0422347 0.0509942 
0.500008 0.500007 0.466922 0.49182 0.491805 0.500007 -0.00118811 -0.000749801 -0.000755451 -0.000769968 -0.000981635 -0.000942747 0.00211212 0.000953137 0.00131374 
0.500008 0.462873 0.500007 0.490635 0.500007 0.490649 -0.00118811 -0.000767958 -0.000749801 -0.000777605 -0.000942747 -0.000997784 0.00211212 0.00150038 0.000953137 
6.64228e-34 5.23449e-34 0.704476 0.409113 0.405048 -2.4114e-34 3.54697e-34 4.21629e-34 -0.0076503 -0.00280826 -0.00218275 7.87408e-34 -0.0754136 -0.089854 -0.0868192 
-2.5093e-34 -0.293609 -0.261491 -0.281947 -0.189721 -0.253219 7.80456e-34 0.0217258 0.0388128 0.0333058 0.0145772 0.0205649 -0.153101 -0.152481 -0.149681 
0.999395 0.996852 0.709091 0.913221 0.920529 0.998601 -0.0131305 -0.0245799 -0.0126103 -0.0205285 -0.0156858 -0.0189154 -0.0802496 -0.0908838 -0.0812415 
6.64228e-34 0.704476 0.836039 0.775187 0.510293 0.405048 3.54697e-34 -0.0076503 -0.00703959 -0.00761123 -0.00252991 -0.00218275 -0.0754136 -0.0868192 -0.0758218 
0.921699 0.881587 0.901188 0.943948 0.9506 0.900878 -0.113728 -0.140661 -0.111919 -0.141113 -0.121293 -0.126389 -0.113621 -0.123344 -0.0925056 
0.35937 0.2951 0.200879 0.250274 0.287479 0.328609 -0.00205787 -0.000967318 -0.000614726 -0.000859722 -0.00136971 -0.00146377 0.0056545 0.00415192 0.00543908 
0.231641 0.195158 0.750505 0.442556 0.509731 0.206131 -0.015 0.00452295 -0.0772628 -0.0411858 -0.0495335 -0.00387153 -0.11825 -0.123221 -0.1186 
0.992855 0.98719 0.760323 0.920126 0.922493 0.989877 -0.0392279 -0.0521649 -0.0246845 -0.0407641 -0.0346492 -0.0464238 -0.0982205 -0.100877 -0.088168 
5.09316e-34 5.01301e-34 -0.0225066 -0.00829801 -0.00834282 1.02781e-33 4.4691e-35 1.54276e-35 0.042203 0.0238473 0.0349527 -2.09705e-35 -0.123288 -0.121857 -0.122634 
0.999395 0.709091 0.645576 0.678467 0.904088 0.920529 -0.0131305 -0.0126103 -0.00640799 -0.00870527 -0.0121115 -0.0156858 -0.0802496 -0.0812415 -0.0743287 
0.999395 0.83175 0.996852 0.967685 0.998601 0.962896 -0.0131305 -0.0162444 -0.0245799 -0.0249482 -0.0189154 -0.0180488 -0.0802496 -0.0978439 -0.0908838 
0.244631 0.180754 0.380009 0.292306 0.318586 0.213583 -0.000119179 -0.000108667 -0.000439182 -0.000261067 -0.000252741 -0.000108902 -3.4055e-06 0.000871673 0.000975248 
0.24518 0.380144 0.169784 0.288038 0.2087 0.318999 -0.000120213 -0.000440809 -9.97545e-05 -0.000257116 -0.000105651 -0.000252826 4.18418e-06 0.00108714 0.00099866 
0.389893 0.487087 0.441798 0.468528 0.41801 0.450402 -0.00093858 -0.00173245 -0.0022161 -0.00199433 -0.00149055 -0.00133412 0.00281509 0.00323219 0.00449673 
4.54813e-34 0.645576 0.709091 0.678467 0.402437 0.357981 -3.87852e-34 -0.00640799 -0.0126103 -0.00870527 -0.00361849 -0.00234696 -0.0781817 -0.0743287 -0.0812415 
0.538926 0.612909 0.664628 0.638604 0.616753 0.594787 -0.0259577 0.0526562 -0.0105248 0.0303951 -0.0213438 0.0111981 0.0317712 0.00957193 0.000744901 
0.428484 0.483621 0.50439 0.493219 0.474275 0.460735 0.03967 0.0409615 0.0580147 0.0493175 0.0488308 0.0417461 0.0119571 0.0113101 0.0121977 
4.87459e-34 0.646967 0.775545 0.71478 0.459143 0.365633 2.95733e-34 -0.00289904 -0.00246563 -0.00274966 -0.000978769 -0.000837104 -0.0623938 -0.06698 -0.0556769 
0.998716 0.750121 0.625192 0.690745 0.895233 0.928128 -0.00197617 -0.000796949 -0.00107275 -0.000949879 -0.00195402 -0.00150755 -0.0456351 -0.0373557 -0.0463264 
-0.106212 0.233029 0.185325 0.217364 0.0495004 0.0666009 0.0802399 -0.0158972 0.0328576 0.0111379 0.0603306 0.0407818 -0.152604 -0.165167 -0.146812 
5.72588e-34 0.84195 0.645576 0.753473 0.362118 0.506377 -3.43119e-34 -0.00573364 -0.00640799 -0.00632121 -0.00204664 -0.00276972 -0.0692567 -0.0670768 -0.0743287 
0.389898 0.461468 0.472018 0.467466 0.437668 0.431599 -0.000239154 0.0100905 0.00126815 0.00522841 0.000490008 0.00394267 0.014216 0.0154244 0.0126957 
2.26404e-34 2.21429e-34 0.455326 0.217949 0.189357 -1.77176e-34 -3.8018e-34 -4.11187e-34 -0.0465591 -0.0103717 -0.0104306 -7.52438e-34 -0.0738667 -0.0811819 -0.0768709 
0.999395 0.704476 0.83175 0.772738 0.962896 0.933535 -0.0131305 -0.0076503 -0.0162444 -0.0105754 -0.0180488 -0.0134036 -0.0802496 -0.0868192 -0.0978439 
-3.63796e-36 -5.53196e-35 -0.0243636 -0.00995984 -0.000903442 8.07104e-36 6.24427e-34 6.64295e-34 0.0174043 0.00742353 0.00265912 1.25509e-33 -0.12581 -0.129393 -0.126657 
1.12474e-34 2.76011e-34 0.202566 0.107829 0.107323 -7.7014e-35 -2.80892e-35 -2.2332e-35 -0.000692102 -0.000191438 -0.000186931 -4.9358e-35 0.00562361 0.00438517 0.00519504 
0.75 0.750121 0.986688 0.905385 0.905364 0.749985 -4.45982e-37 -0.000796949 -0.000689633 -0.000892188 -0.000600204 -0.000418751 -0.0268163 -0.0373557 -0.0337194 
0.357316 0.687698 0.499634 0.595123 0.431161 0.535134 -0.110197 -0.230585 -0.162358 -0.198394 -0.144984 -0.171817 -0.0590218 -0.0680376 -0.0676508 
0.172758 0.375748 0.391992 0.379873 0.275147 0.259691 0.0369584 -0.0237521 0.0482204 0.0140214 0.039404 0.00646843 -0.0584146 -0.073019 -0.0543184 
0.332109 0.418669 0.442037 0.431048 0.391586 0.374129 0.0526367 0.0988194 0.0703091 0.0841103 0.0634024 0.0756779 0.0186551 0.0107958 0.016817 
0.730287 0.909537 0.881587 0.921127 0.806767 0.88534 -0.166453 -0.190467 -0.140661 -0.175024 -0.156529 -0.201566 -0.143682 -0.0996394 -0.123344 
0.37558 0.455378 0.464622 0.459826 0.426846 0.420259 -0.000195389 -0.00312618 0.00166897 -0.00147499 0.000886201 -0.00151299 0.00774987 0.0081988 0.00903263 
0.284456 0.430618 0.336624 0.388501 0.311383 0.367449 -0.0019439 -0.00394153 -0.0030745 -0.00358113 -0.00250375 -0.00306395 0.00650207 0.00663197 0.00702654 
0.500008 0.48871 0.487087 0.499995 0.496742 0.49722 -0.00118811 -0.00199082 -0.00173245 -0.00190662 -0.00145072 -0.00155231 0.00211212 0.00352582 0.00323219 
0.730287 0.468943 0.233029 0.340186 0.455385 0.606904 -0.166453 -0.0769808 -0.0158972 -0.0445864 -0.0957384 -0.121581 -0.143682 -0.146868 -0.165167 
0.50004 0.458247 0.49638 0.48274 0.499513 0.490672 -0.00398924 -0.00343335 -0.0017994 -0.0027451 -0.00307173 -0.00380921 0.00900639 0.0107783 0.0106117 
2.59979e-34 -3.63796e-36 -0.00210332 0.00200097 0.00302117 -1.78046e-37 3.06777e-34 6.24427e-34 0.00029804 -0.000821977 -0.0024026 1.23585e-33 -0.124512 -0.12581 -0.124762 
0.389898 0.472018 0.458247 0.465722 0.428348 0.437668 -0.000239154 0.00126815 -0.00343335 -0.00184561 -0.00200973 0.000490008 0.014216 0.0126957 0.0107783 
0.231641 0.0331896 0.000681476 0.00649306 0.0466312 0.118222 -0.015 0.0368704 0.0534493 0.0470959 0.031995 0.0127484 -0.11825 -0.123707 -0.122197 
2.59979e-34 -0.00210332 5.15747e-34 -7.95696e-05 1.03592e-33 0.00302117 3.06777e-34 0.00029804 -1.26899e-37 -0.00180653 6.0531e-37 -0.0024026 -0.124512 -0.124762 -0.124005 
0.436372 0.336624 0.430618 0.388501 0.433526 0.39228 -0.00406387 -0.0030745 -0.00394153 -0.00358113 -0.00419634 -0.0036704 0.00739288 0.00702654 0.00663197 
0.738316 0.32129 0.676029 0.500472 0.711547 0.544143 -0.0723987 -0.0210906 -0.0450209 -0.0306624 -0.0586459 -0.0431193 -0.0854292 -0.0819313 -0.0866304 
0.730287 0.881587 0.468943 0.700021 0.606904 0.806767 -0.166453 -0.140661 -0.0769808 -0.1201 -0.121581 -0.156529 -0.143682 -0.123344 -0.146868 
0.404934 0.428795 0.48871 0.465211 0.457009 0.417225 -0.0010131 -0.0019386 -0.00199082 -0.00200104 -0.0014795 -0.00142613 0.00263562 0.00422036 0.00352582 
6.58492e-34 4.01941e-34 0.705933 0.405275 0.404646 -2.8025e-34 -2.37704e-34 -1.81067e-34 -0.00109846 -0.000286487 -0.000454437 -4.17125e-34 -0.0482039 -0.0368742 -0.0420533 
0.332109 0.442037 0.444822 0.443841 0.39684 0.391586 0.0526367 0.0703091 0.0449361 0.0565671 0.0503975 0.0634024 0.0186551 0.016817 0.0185728 
0.998716 0.997124 0.843554 0.970849 0.967371 0.997907 -0.00197617 -0.00358319 -0.00291112 -0.00373363 -0.00300402 -0.00294747 -0.0456351 -0.054802 -0.0542434 
0.172758 0.391992 0.383428 0.384417 0.273865 0.275147 0.0369584 0.0482204 0.0942657 0.0751336 0.066746 0.039404 -0.0584146 -0.0543184 -0.0311141 
0.999395 0.645576 0.84195 0.753473 0.95693 0.904088 -0.0131305 -0.00640799 -0.00573364 -0.00632121 -0.0102368 -0.0121115 -0.0802496 -0.0743287 -0.0670768 
0.50215 0.444822 0.492253 0.471349 0.49886 0.48409 0.0397874 0.0449361 0.0555627 0.050354 0.0470864 0.0432323 0.0144296 0.0185728 0.0157541 
3.68694e-34 2.26404e-34 0.321287 0.145117 0.122092 -8.95441e-35 -3.86448e-34 -3.8018e-34 -0.0388439 -0.00928119 -0.0103613 -6.93829e-34 -0.0686935 -0.0738667 -0.0718797 
-0.0281782 -0.00210332 -0.0243636 -0.0109735 -0.029241 -0.0131204 0.0233146 0.00029804 0.0174043 0.00798786 0.0203392 0.00872869 -0.124267 -0.124762 -0.126657 
0.231641 0.0431842 0.195158 0.108286 0.206131 0.105853 -0.015 0.0431892 0.00452295 0.0308182 -0.00387153 0.0175452 -0.11825 -0.12073 -0.123221 
0.357316 0.738984 0.687698 0.714957 0.535134 0.558377 -0.110197 -0.221223 -0.230585 -0.229168 -0.171817 -0.165396 -0.0590218 -0.0707065 -0.0680376 
0.563965 0.383428 0.527216 0.456283 0.54805 0.491462 0.0971915 0.0942657 0.0754839 0.0900457 0.0890839 0.101874 -0.00799622 -0.0311141 -0.0297259 
0.73085 0.499634 0.72786 0.629085 0.729797 0.646326 -0.233732 -0.162358 -0.252031 -0.205173 -0.24797 -0.203005 -0.051227 -0.0676508 -0.0640985 
0.989843 0.843554 0.997124 0.970849 0.994127 0.977993 -0.00533468 -0.00291112 -0.00358319 -0.00373363 -0.00436953 -0.00499409 -0.0638038 -0.0542434 -0.054802 
0.998716 0.625192 0.775545 0.705123 0.935225 0.895233 -0.00197617 -0.00107275 -0.00246563 -0.00159508 -0.00266596 -0.00195402 -0.0456351 -0.0463264 -0.0556769 
0.963339 0.750505 0.94944 0.92935 0.963491 0.890361 -0.0840672 -0.0772628 -0.0936114 -0.0980488 -0.0888241 -0.088357 -0.10559 -0.1186 -0.0988678 
-0.123843 -0.261491 -0.293609 -0.281947 -0.217739 -0.232217 0.0460014 0.0388128 0.0217258 0.0333058 0.0423208 0.0635635 -0.164719 -0.149681 -0.152481 
5.09316e-34 0.000681476 0.0331896 0.00649306 -0.0127628 -0.00718244 4.4691e-35 0.0534493 0.0368704 0.0470959 0.0437098 0.0432933 -0.123288 -0.122197 -0.123707 
0.798116 0.82086 0.738984 0.798449 0.849017 0.82774 -0.269613 -0.293053 -0.221223 -0.2674 -0.281177 -0.293522 -0.121134 -0.0827845 -0.0707065 
3.41993e-34 0.676029 0.32129 0.500472 0.163545 0.335524 -4.26382e-34 -0.0450209 -0.0210906 -0.0306624 -0.00778358 -0.0144407 -0.0835828 -0.0866304 -0.0819313 
0.812687 0.909537 0.86499 0.901021 0.885033 0.8694 -0.202466 -0.190467 -0.243459 -0.223597 -0.24055 -0.199966 -0.0807466 -0.0996394 -0.119612 
0.730287 0.86499 0.909537 0.901021 0.88534 0.811631 -0.166453 -0.243459 -0.190467 -0.223597 -0.201566 -0.213199 -0.143682 -0.119612 -0.0996394 
0.436372 0.430618 0.489978 0.466872 0.468764 0.433526 -0.00406387 -0.00394153 -0.00501814 -0.00454669 -0.00456474 -0.00419634 0.00739288 0.00663197 0.00769058 
-2.20885e-34 -0.0412843 -0.224085 -0.154707 -0.245198 -0.224324 3.45936e-34 -0.093232 -0.0430152 -0.0655829 -0.010779 -0.0247665 -0.0759958 -0.0410791 -0.0983492 
-0.0228749 0.195158 0.0431842 0.108286 0.00642632 0.0582931 0.0813873 0.00452295 0.0431892 0.0308182 0.0643028 0.056686 -0.124151 -0.123221 -0.12073 
0.37558 0.464622 0.462116 0.462838 0.423647 0.426846 -0.000195389 0.00166897 0.0103301 0.00555437 0.00399034 0.000886201 0.00774987 0.00903263 0.00930124 
0.272655 0.169784 0.380144 0.288038 0.330666 0.223652 -0.000323491 -9.97545e-05 -0.000440809 -0.000257116 -0.000394616 -0.000189812 0.00181993 0.00099866 0.00108714 
0.273465 0.380009 0.180754 0.292306 0.229055 0.330933 -0.000316659 -0.000439182 -0.000108667 -0.000261067 -0.000193508 -0.000392829 0.00166432 0.000975248 0.000871673 
4.11942e-34 6.22825e-34 0.760323 0.436774 0.418749 -4.61604e-34 -4.40293e-34 -4.24848e-34 -0.0246845 -0.00816597 -0.0106607 -8.3841e-34 -0.0876539 -0.0840681 -0.088168 
0.75 0.437705 0.750121 0.609395 0.749985 0.6095 -4.45982e-37 -0.000183611 -0.000796949 -0.000335829 -0.000418751 -0.000147443 -0.0268163 -0.032648 -0.0373557 
0.407976 0.380009 0.466922 0.430217 0.441112 0.394454 -0.000329069 -0.000439182 -0.000755451 -0.000591938 -0.000503193 -0.000369012 -7.9809e-06 0.000975248 0.00131374 
0.408364 0.462873 0.380144 0.427421 0.394729 0.438679 -0.000333537 -0.000767958 -0.000440809 -0.000598024 -0.000372657 -0.000509532 7.45557e-06 0.00150038 0.00108714 
0.921699 0.94944 0.750505 0.92935 0.854535 0.955447 -0.113728 -0.0936114 -0.0772628 -0.0980488 -0.0982807 -0.107287 -0.113621 -0.0988678 -0.1186 
0.428484 0.50439 0.521746 0.512594 0.481407 0.474275 0.03967 0.0580147 0.0685899 0.0637935 0.0530064 0.0488308 0.0119571 0.0121977 0.0130421 
0.998716 0.705933 0.937182 0.842829 0.988562 0.935691 -0.00197617 -0.00109846 -0.000910732 -0.00122572 -0.00167358 -0.00192492 -0.0456351 -0.0420533 -0.0356369 
2.69598e-34 1.16281e-34 0.200879 0.107322 0.106863 -7.00462e-35 2.12799e-35 2.98861e-35 -0.000614726 -0.000156365 -0.000158823 5.21415e-35 0.00446579 0.00615996 0.00543908 
0.500526 0.462116 0.495762 0.482937 0.499568 0.491981 0.018097 0.0103301 0.00876353 0.00933555 0.0131953 0.0142419 0.0128492 0.00930124 0.0108884 
0.989843 0.999407 0.84195 0.964792 0.977644 0.996288 -0.00533468 -0.00883658 -0.00573364 -0.00827695 -0.00709603 -0.0073815 -0.0638038 -0.0717208 -0.0670768 
0.538926 0.664628 0.66765 0.673526 0.609606 0.616753 -0.0259577 -0.0105248 -0.113846 -0.0590992 -0.0650801 -0.0213438 0.0317712 0.000744901 0.00989751 
4.54813e-34 5.72588e-34 0.645576 0.362118 0.357981 -2.00181e-34 -3.87852e-34 -3.43119e-34 -0.00640799 -0.00204664 -0.00234696 -7.22386e-34 -0.0781817 -0.0692567 -0.0743287 
0.407976 0.244631 0.380009 0.318586 0.394454 0.336481 -0.000329069 -0.000119179 -0.000439182 -0.000252741 -0.000369012 -0.000239729 -7.9809e-06 -3.4055e-06 0.000975248 
0.24518 0.408364 0.380144 0.394729 0.318999 0.337004 -0.000120213 -0.000333537 -0.000440809 -0.000372657 -0.000252826 -0.000238939 4.18418e-06 7.45557e-06 0.00108714 
0.777271 0.321287 0.455326 0.388862 0.637378 0.566184 -0.119173 -0.0388439 -0.0465591 -0.0426086 -0.081608 -0.0784253 -0.0807514 -0.0718797 -0.0768709 
3.04827e-34 0.586356 4.01941e-34 0.3249 -9.77286e-35 0.32509 -6.1629e-35 -0.000332399 -1.81067e-34 -0.000146572 -3.03951e-34 -0.000103246 -0.0251143 -0.032862 -0.0368742 
4.01941e-34 0.586356 0.705933 0.648762 0.405275 0.3249 -1.81067e-34 -0.000332399 -0.00109846 -0.00060124 -0.000286487 -0.000146572 -0.0368742 -0.032862 -0.0420533 
0.500008 0.466922 0.478196 0.472835 0.494613 0.491805 -0.00118811 -0.000755451 -0.00125851 -0.000970932 -0.00124839 -0.000981635 0.00211212 0.00131374 0.00242941 
0.404934 0.478196 0.466922 0.472835 0.439913 0.44802 -0.0010131 -0.00125851 -0.000755451 -0.000970932 -0.000884456 -0.00114962 0.00263562 0.00242941 0.00131374 
4.41968e-34 0.625192 0.750121 0.690745 0.437712 0.350106 1.82278e-34 -0.00107275 -0.000796949 -0.000949879 -0.000249986 -0.000244998 -0.0383649 -0.0463264 -0.0373557 
1 0.75 0.986688 0.905364 0.996681 0.9375 -5.93739e-37 -4.45982e-37 -0.000689633 -0.000600204 -0.000650159 -9.193e-37 -0.0260419 -0.0268163 -0.0337194 
0.999395 0.84195 0.999407 0.964792 0.999792 0.95693 -0.0131305 -0.00573364 -0.00883658 -0.00827695 -0.0106596 -0.0102368 -0.0802496 -0.0670768 -0.0717208 
1.81194e-34 1.62594e-34 0.293305 0.162143 0.17349 -1.04003e-34 -1.3266e-34 -9.09213e-35 0.0160568 0.00501007 0.00484785 -2.3546e-34 0.0278182 0.0194877 0.0237778 
0.533848 0.521746 0.52948 0.531132 0.534572 0.543372 0.0995239 0.0685899 0.0802353 0.0767415 0.0900164 0.0853753 0.00816646 0.0130421 0.0119803 
1.0956e-34 1.0533e-34 0.196457 0.101126 0.10403 -6.79317e-35 -4.01127e-35 -3.68385e-35 0.00374043 0.00103576 0.00135964 -8.02244e-35 0.00848899 0.00766852 0.00805909 
0.989843 0.775545 0.646967 0.71478 0.879869 0.917323 -0.00533468 -0.00246563 -0.00289904 -0.00274966 -0.00509075 -0.0042393 -0.0638038 -0.0556769 -0.06698 
1.10278e-34 1.0669e-34 0.199528 0.105569 0.109113 -6.92611e-35 9.30371e-35 1.02992e-34 0.00424931 0.00157969 0.00132241 1.92297e-34 0.0187445 0.0205329 0.0197537 
2.49036e-35 -9.41488e-36 0.0642026 -0.00768942 0.014853 -2.82245e-35 2.79829e-35 -6.68441e-35 0.0273904 0.0105587 0.00944986 -6.25004e-35 0.00373515 -0.0156235 -0.00481605 
-4.16439e-35 -1.39585e-35 -0.0202093 -0.0224704 -0.0421639 3.06486e-35 -3.37513e-34 -3.35515e-34 -0.0196268 -0.00965766 -0.00702558 -6.56426e-34 -0.0674019 -0.0667069 -0.0686563 
-1.49033e-34 -2.5093e-34 -0.261491 -0.189721 -0.148374 1.23261e-34 7.44272e-34 7.80456e-34 0.0388128 0.0145772 0.018125 1.47353e-33 -0.146467 -0.153101 -0.149681 
0.490118 0.595221 0.195158 0.383599 0.3402 0.53835 -0.0629941 -0.0703819 0.00452295 -0.0290774 -0.0226126 -0.0657962 -0.136592 -0.126178 -0.123221 
6.84881e-35 3.68694e-34 0.193661 0.0906005 0.0727262 -5.66329e-35 -3.16029e-34 -3.86448e-34 -0.0277861 -0.00643539 -0.00510308 -6.43075e-34 -0.0633763 -0.0686935 -0.0631362 
9.45245e-35 2.22144e-34 0.190188 0.100252 0.0994155 -6.46461e-35 -3.52653e-35 -3.3192e-35 -0.00111552 -0.00046945 -0.000402528 -6.67539e-35 0.0070644 0.00648031 0.00694134 
0.35937 0.468726 0.474143 0.471495 0.428234 0.423843 -0.00205787 -0.00415492 -0.00313972 -0.0036446 -0.00267641 -0.00312222 0.0056545 0.00694812 0.00530217 
0.937182 0.705933 0.586356 0.648762 0.800261 0.842829 -0.000910732 -0.00109846 -0.000332399 -0.00060124 -0.000679956 -0.00122572 -0.0356369 -0.0420533 -0.032862 
0.648512 0.66765 0.656351 0.69344 0.652502 0.700176 -0.0947622 -0.113846 -0.0437484 -0.0712652 -0.0688089 -0.101648 -0.0468517 0.00989751 -0.0339061 
1 0.986688 0.937182 0.99541 0.984231 0.996681 -5.93739e-37 -0.000689633 -0.000910732 -0.000955816 -0.000787525 -0.000650159 -0.0260419 -0.0337194 -0.0356369 
-1.12953e-34 -1.49033e-34 -0.183435 -0.113174 -0.0827574 7.47902e-35 7.1604e-34 7.44272e-34 0.0452165 0.017554 0.0130882 1.39502e-33 -0.137902 -0.146467 -0.141036 
4.11942e-34 0.760323 0.411376 0.597973 0.216511 0.418749 -4.40293e-34 -0.0246845 -0.0152828 -0.0195391 -0.00534301 -0.0106607 -0.0876539 -0.088168 -0.0879555 
3.04827e-34 0.75 0.586356 0.673354 0.32509 0.4375 -6.1629e-35 -3.88908e-37 -0.000332399 -0.000199782 -0.000103246 -1.06302e-37 -0.0251143 -0.0252185 -0.032862 
1.1755e-34 1.17069e-34 0.211466 0.114998 0.114691 -7.686e-35 6.46207e-35 7.93073e-35 -0.000450783 -0.000168243 -0.000237539 1.44198e-34 0.0132356 0.0161659 0.0146662 
2.66467e-34 1.13428e-34 0.208139 0.112396 0.111527 -7.56624e-35 3.89905e-35 5.14556e-35 -0.00124454 -0.000417992 -0.000509846 9.24787e-35 0.00825073 0.0105864 0.00980786 
8.77846e-35 6.58566e-35 0.156424 0.0691558 0.0826912 -5.72548e-35 1.02535e-34 8.08609e-35 0.0160423 0.00619893 0.00560014 1.70039e-34 0.0198758 0.0150271 0.0182644 
-4.74118e-35 -5.65312e-35 -0.0308762 -0.0636427 -0.0588005 1.94245e-35 -1.81657e-34 -2.83544e-34 0.0107749 0.00149525 0.00153007 -4.77665e-34 -0.0379979 -0.0578547 -0.0512831 
2.62542e-35 4.57804e-35 0.0852787 0.0410756 0.0305152 -1.65504e-35 -3.15095e-34 -3.02529e-34 -0.0196843 -0.00339292 -0.00296253 -6.01115e-34 -0.0629923 -0.0607972 -0.0594216 
1.65533e-34 1.92581e-34 0.299883 0.188502 0.178114 -1.17711e-34 -2.49992e-34 -1.90013e-34 -0.0111651 -0.00302888 -0.0064764 -4.25635e-34 0.0488284 0.0380513 0.0433341 
1.3643e-34 1.23324e-34 0.230213 0.12014 0.128633 -7.84398e-35 -6.50112e-35 -4.83697e-35 0.0114333 0.00329847 0.00379453 -1.22795e-34 0.0140497 0.0104999 0.012287 
1.02066e-34 1.00785e-34 0.188439 0.097982 0.0976677 -6.52855e-35 -3.63455e-35 -3.64908e-35 -0.0005947 -0.000181856 -0.000111012 -7.26043e-35 0.0073737 0.00734216 0.00734738 
0.738316 0.901188 0.455326 0.724314 0.603139 0.836741 -0.0723987 -0.111919 -0.0465591 -0.0852232 -0.0610654 -0.093228 -0.0854292 -0.0925056 -0.0768709 
0.798116 0.635921 0.82086 0.788764 0.82774 0.715976 -0.269613 -0.266128 -0.293053 -0.303919 -0.293522 -0.272247 -0.121134 -0.105077 -0.0827845 
0.793633 0.82086 0.635921 0.788764 0.756454 0.808856 -0.30251 -0.293053 -0.266128 -0.303919 -0.30872 -0.301353 -0.0729993 -0.0827845 -0.105077 
0.777271 0.901188 0.881587 0.943948 0.925592 0.846638 -0.119173 -0.111919 -0.140661 -0.141113 -0.155318 -0.118407 -0.0807514 -0.0925056 -0.123344 
0.231641 0.000681476 0.0431842 0.0129153 0.105853 0.0466312 -0.015 0.0534493 0.0431892 0.0477448 0.0175452 0.031995 -0.11825 -0.122197 -0.12073 
0.500008 0.478196 0.48871 0.483865 0.49722 0.494613 -0.00118811 -0.00125851 -0.00199082 -0.00159285 -0.00155231 -0.00124839 0.00211212 0.00242941 0.00352582 
2.2784e-34 4.41968e-34 0.437705 0.234555 0.234492 4.78661e-35 6.41206e-35 1.82278e-34 -0.000183611 -0.000163782 -7.9872e-05 3.10994e-34 -0.0269522 -0.0383649 -0.032648 
0.999395 0.836039 0.704476 0.775187 0.933535 0.962844 -0.0131305 -0.00703959 -0.0076503 -0.00761123 -0.0134036 -0.0113812 -0.0802496 -0.0758218 -0.0868192 
0.183174 -0.224085 -0.0412843 -0.154707 0.04187 -0.0481987 -0.151083 -0.0430152 -0.093232 -0.0655829 -0.118584 -0.0824261 -0.102911 -0.0983492 -0.0410791 
0.777271 0.455326 0.901188 0.724314 0.846638 0.637378 -0.119173 -0.0465591 -0.111919 -0.0852232 -0.118407 -0.081608 -0.0807514 -0.0768709 -0.0925056 
0.404934 0.48871 0.478196 0.483865 0.44802 0.457009 -0.0010131 -0.00199082 -0.00125851 -0.00159285 -0.00114962 -0.0014795 0.00263562 0.00352582 0.00242941 
-2.5093e-34 -3.31776e-34 -0.293609 -0.260751 -0.253219 1.87417e-34 7.80456e-34 5.94767e-34 0.0217258 0.0220205 0.0205649 1.35509e-33 -0.153101 -0.122436 -0.152481 
4.41968e-34 0.750121 0.437705 0.609395 0.234555 0.437712 1.82278e-34 -0.000796949 -0.000183611 -0.000335829 -0.000163782 -0.000249986 -0.0383649 -0.0373557 -0.032648 
1.81194e-34 0.293305 0.252285 0.275508 0.140489 0.17349 -1.3266e-34 0.0160568 0.00469565 0.0100124 0.00207281 0.00484785 0.0278182 0.0237778 0.0327828 
0.75 0.937182 0.586356 0.800261 0.673354 0.859195 -3.88908e-37 -0.000910732 -0.000332399 -0.000679956 -0.000199782 -0.00059274 -0.0252185 -0.0356369 -0.032862 
0.431458 0.252285 0.293305 0.275508 0.371496 0.35492 0.00993677 0.00469565 0.0160568 0.0100124 0.0157829 0.00726078 0.0300158 0.0327828 0.0237778 
1.0956e-34 0.196457 0.157026 0.176754 0.0799595 0.10403 -4.01127e-35 0.00374043 0.00422464 0.00435674 0.00116866 0.00135964 0.00848899 0.00805909 0.00948513 
-0.0228749 0.0431842 0.000681476 0.0129153 -0.0118862 0.00642632 0.0813873 0.0431892 0.0534493 0.0477448 0.0634026 0.0643028 -0.124151 -0.12073 -0.122197 
4.41968e-34 4.54993e-34 0.625192 0.350723 0.350106 -1.42372e-34 1.82278e-34 2.37955e-34 -0.00107275 -0.000360241 -0.000244998 4.21416e-34 -0.0383649 -0.0501388 -0.0463264 
0.327237 0.157026 0.196457 0.176754 0.262503 0.247963 0.0179415 0.00422464 0.00374043 0.00435674 0.00984451 0.010771 0.00950228 0.00948513 0.00805909 
1.16281e-34 2.66467e-34 0.195669 0.104625 0.104258 -6.17297e-35 2.98861e-35 3.89905e-35 -0.000821058 -0.000453803 -0.000238681 7.07994e-35 0.00615996 0.00825073 0.00665671 
4.87459e-34 6.64228e-34 0.646967 0.367807 0.365633 -1.65846e-34 2.95733e-34 3.54697e-34 -0.00289904 -0.00152755 -0.000837104 6.5624e-34 -0.0623938 -0.0754136 -0.06698 
-0.0914245 0.304175 0.00825736 0.144234 -0.0520714 0.087433 -0.0487241 -0.15639 -0.0209316 -0.0783129 -0.0296658 -0.0817804 -0.142036 -0.141918 -0.16524 
0.777271 0.881587 0.909537 0.921127 0.868781 0.925592 -0.119173 -0.140661 -0.190467 -0.175024 -0.16004 -0.155318 -0.0807514 -0.123344 -0.0996394 
0.738316 0.455326 0.32129 0.394004 0.544143 0.603139 -0.0723987 -0.0465591 -0.0210906 -0.030168 -0.0431193 -0.0610654 -0.0854292 -0.0768709 -0.0819313 
1.0669e-34 0.135297 0.199528 0.168993 0.105569 0.0721767 1.02992e-34 0.00518212 0.00424931 0.00532763 0.00157969 0.00162787 0.0205329 0.0205113 0.0197537 
1.10278e-34 0.199528 0.153735 0.178424 0.0811713 0.109113 9.30371e-35 0.00424931 0.000753875 0.00199296 0.000446538 0.00132241 0.0187445 0.0197537 0.0175156 
-9.41488e-36 -0.0210203 0.0642026 0.0156543 -0.00768942 -0.0298445 -6.68441e-35 0.0136332 0.0273904 0.0205793 0.0105587 0.00412234 -0.0156235 -0.0279509 -0.00481605 
2.49036e-35 0.0642026 0.0743744 0.0705444 0.021388 0.014853 2.79829e-35 0.0273904 0.0140069 0.0199071 0.00464189 0.00944986 0.00373515 -0.00481605 0.00979293 
-1.39585e-35 0.0107383 -0.0202093 -0.00538761 -0.0224704 -0.00372408 -3.35515e-34 -0.0163507 -0.0196268 -0.0183003 -0.00965766 -0.00422894 -0.0667069 -0.0637486 -0.0686563 
-4.16439e-35 -0.0202093 -0.0593804 -0.0427023 -0.0477279 -0.0421639 -3.37513e-34 -0.0196268 -0.00780662 -0.0125121 -0.00388242 -0.00702558 -0.0674019 -0.0686563 -0.0645279 
0.312823 0.153735 0.199528 0.178424 0.259993 0.240165 0.00305874 0.000753875 0.00424931 0.00199296 0.0045525 0.00205294 0.0173745 0.0175156 0.0197537 
0.213639 0.0743744 0.0642026 0.0705444 0.138972 0.144861 0.0506988 0.0140069 0.0273904 0.0199071 0.042586 0.0332164 0.0109594 0.00979293 -0.00481605 
0.311491 0.199528 0.135297 0.168993 0.231165 0.262736 0.0231216 0.00424931 0.00518212 0.00532763 0.0144428 0.0123517 0.0208746 0.0197537 0.0205113 
0.0512274 -0.0593804 -0.0202093 -0.0427023 0.00572506 -0.0201457 -0.0041667 -0.00780662 -0.0196268 -0.0125121 -0.0246565 -0.0123543 -0.0702435 -0.0645279 -0.0686563 
0.135926 0.0642026 -0.0210203 0.0156543 0.0484269 0.0942031 0.0630202 0.0273904 0.0136332 0.0205793 0.0370095 0.0468061 -0.0275117 -0.00481605 -0.0279509 
0.147777 -0.0202093 0.0107383 -0.00538761 0.0559948 0.050522 -0.0579398 -0.0196268 -0.0163507 -0.0183003 -0.0398936 -0.0396905 -0.0658981 -0.0686563 -0.0637486 
6.64228e-34 0.836039 0.646967 0.750106 0.367807 0.510293 3.54697e-34 -0.00703959 -0.00289904 -0.00447267 -0.00152755 -0.00252991 -0.0754136 -0.0758218 -0.06698 
0.490118 0.468943 0.881587 0.700021 0.716075 0.478444 -0.0629941 -0.0769808 -0.140661 -0.1201 -0.112884 -0.0690445 -0.136592 -0.146868 -0.123344 
0.326219 0.196457 0.139528 0.167233 0.239876 0.26554 0.00454042 0.00374043 0.000606783 0.00175376 0.0023998 0.00533995 0.00765435 0.00805909 0.00744434 
1.0533e-34 0.139528 0.196457 0.167233 0.101126 0.071782 -3.68385e-35 0.000606783 0.00374043 0.00175376 0.00103576 0.000395339 0.00766852 0.00744434 0.00805909 
0.233601 -0.0441102 0.147803 0.0525653 0.186 0.0769216 -0.150586 -0.0569906 -0.0755707 -0.0697333 -0.11704 -0.112561 0.00841379 0.00948163 0.0422347 
8.00128e-35 0.169784 2.03622e-34 0.0892992 -3.43734e-35 0.0893567 -6.39138e-38 -9.97545e-05 -7.78345e-36 -5.78052e-05 -7.62605e-36 -3.37769e-05 1.01323e-05 0.00099866 0.00153455 
2.21429e-34 0.32129 0.455326 0.394004 0.217949 0.14714 -4.11187e-34 -0.0210906 -0.0465591 -0.030168 -0.0103717 -0.0063721 -0.0811819 -0.0819313 -0.0768709 
0.231641 0.433586 0.0331896 0.164665 0.118222 0.316704 -0.015 -0.051628 0.0368704 -0.00266997 0.0127484 -0.029883 -0.11825 -0.124201 -0.123707 
-9.05716e-37 0.147803 -0.0441102 0.0525653 -0.055938 0.01427 -1.9852e-34 -0.0755707 -0.0569906 -0.0697333 -0.0177785 -0.0285879 0.0334448 0.0422347 0.00948163 
8.17659e-35 2.03487e-34 0.180754 0.0954002 0.0953412 -4.68078e-35 -6.602e-38 6.76371e-36 -0.000108667 -6.34474e-05 -3.75255e-05 6.91499e-36 -1.02188e-05 0.00141952 0.000871673 
0.411192 0.293305 0.19673 0.246104 0.319875 0.361196 0.0384117 0.0160568 0.00830466 0.0119675 0.0226491 0.0257889 0.0163084 0.0237778 0.0169948 
0.299297 0.00825736 0.304175 0.144234 0.299506 0.159826 -0.0953553 -0.0209316 -0.15639 -0.0783129 -0.128204 -0.0512016 -0.162372 -0.16524 -0.141918 
1.1755e-34 0.211466 0.160165 0.186615 0.0851581 0.114691 6.46207e-35 -0.000450783 -0.000677471 -0.000647762 -0.000140381 -0.000237539 0.0132356 0.0146662 0.012033 
1.62594e-34 0.19673 0.293305 0.246104 0.162143 0.109762 -9.09213e-35 0.00830466 0.0160568 0.0119675 0.00501007 0.00220621 0.0194877 0.0169948 0.0237778 
1.92581e-34 0.252285 0.299883 0.284528 0.188502 0.14491 -1.90013e-34 0.00469565 -0.0111651 -0.00172374 -0.00302888 0.000467829 0.0380513 0.0327828 0.0433341 
1.17069e-34 0.153735 0.211466 0.183717 0.114998 0.0818128 7.93073e-35 0.000753875 -0.000450783 0.000323715 -0.000168243 0.000168013 0.0161659 0.0175156 0.0146662 
1.65533e-34 0.299883 0.175471 0.246499 0.109347 0.178114 -2.49992e-34 -0.0111651 -0.0219434 -0.0201693 -0.00776951 -0.0064764 0.0488284 0.0433341 0.0509942 
1.23324e-34 0.157026 0.230213 0.192253 0.12014 0.083872 -4.83697e-35 0.00422464 0.0114333 0.0070483 0.00329847 0.00147568 0.0104999 0.00948513 0.012287 
8.77846e-35 0.156424 0.135297 0.148885 0.066991 0.0826912 1.02535e-34 0.0160423 0.00518212 0.00909889 0.0022182 0.00560014 0.0198758 0.0182644 0.0205113 
6.58566e-35 0.0743744 0.156424 0.116094 0.0691558 0.0347835 8.08609e-35 0.0140069 0.0160423 0.0158029 0.00619893 0.00447198 0.0150271 0.00979293 0.0182644 
-4.74118e-35 -0.0308762 -0.0210203 -0.0318439 -0.0429776 -0.0588005 -1.81657e-34 0.0107749 0.0136332 0.0147025 0.00304166 0.00153007 -0.0379979 -0.0512831 -0.0279509 
-5.65312e-35 -0.0593804 -0.0308762 -0.0555945 -0.0636427 -0.0533011 -2.83544e-34 -0.00780662 0.0107749 0.000832374 0.00149525 -0.00178431 -0.0578547 -0.0645279 -0.0512831 
2.62542e-35 0.0852787 0.0107383 0.0472484 0.00909951 0.0305152 -3.15095e-34 -0.0196843 -0.0163507 -0.0191868 -0.00333153 -0.00296253 -0.0629923 -0.0594216 -0.0637486 
1.3643e-34 0.230213 0.19673 0.214374 0.10202 0.128633 -6.50112e-35 0.0114333 0.00830466 0.0106835 0.0021037 0.00379453 0.0140497 0.012287 0.0169948 
4.57804e-35 0.0874671 0.0852787 0.0893514 0.0410756 0.0333564 -3.02529e-34 -0.00833829 -0.0196843 -0.0121824 -0.00339292 -0.00209878 -0.0607972 -0.0611654 -0.0594216 
1.00785e-34 0.137282 0.188439 0.16304 0.097982 0.0701974 -3.64908e-35 -0.000595642 -0.0005947 -0.000632672 -0.000181856 -0.000112712 0.00734216 0.00720137 0.00734738 
1.02066e-34 0.188439 0.139528 0.163937 0.0710841 0.0976677 -3.63455e-35 -0.0005947 0.000606783 0.000138752 0.000231982 -0.000111012 0.0073737 0.00734738 0.00744434 
0.183174 0.635921 0.304175 0.477454 0.237727 0.415446 -0.151083 -0.266128 -0.15639 -0.221687 -0.150677 -0.220006 -0.102911 -0.105077 -0.141918 
0.498402 0.498012 0.468726 0.487759 0.495448 0.500017 -0.00458514 -0.0040159 -0.00415492 -0.00420836 -0.00453633 -0.00433628 0.00678154 0.00604106 0.00694812 
8.17659e-35 0.180754 0.244631 0.213583 0.132369 0.0953412 -6.602e-38 -0.000108667 -0.000119179 -0.000108902 -3.43921e-05 -3.75255e-05 -1.02188e-05 0.000871673 -3.4055e-06 
-0.106212 0.185325 0.00330157 0.0874958 -0.0382908 0.0495004 0.0802399 0.0328576 0.0947557 0.0700684 0.0851923 0.0603306 -0.152604 -0.146812 -0.135229 
8.00128e-35 0.24518 0.169784 0.2087 0.0893567 0.132947 -6.39138e-38 -0.000120213 -9.97545e-05 -0.000105651 -3.37769e-05 -3.42954e-05 1.01323e-05 4.18418e-06 0.00099866 
0.352716 0.476276 0.430618 0.456415 0.3953 0.42763 -0.00217437 -0.00374329 -0.00394153 -0.0039133 -0.00305311 -0.00304117 0.00560922 0.00583132 0.00663197 
2.26404e-34 0.455326 0.321287 0.388862 0.145117 0.189357 -3.8018e-34 -0.0465591 -0.0388439 -0.0426086 -0.00928119 -0.0104306 -0.0738667 -0.0768709 -0.0718797 
0.183174 -0.0412843 0.384427 0.150771 0.282038 0.04187 -0.151083 -0.093232 -0.222402 -0.15815 -0.199039 -0.118584 -0.102911 -0.0410791 -0.0489319 
0.233601 0.384427 -0.0412843 0.150771 0.0796422 0.304285 -0.150586 -0.222402 -0.093232 -0.15815 -0.128819 -0.187002 0.00841379 -0.0489319 -0.0410791 
0.798116 0.86499 0.594078 0.759304 0.706962 0.832237 -0.269613 -0.243459 -0.167835 -0.220637 -0.226888 -0.25964 -0.121134 -0.119612 -0.150952 
2.22144e-34 1.12474e-34 0.184062 0.0969034 0.0965221 -5.42168e-35 -3.3192e-35 -2.80892e-35 -0.000801142 -0.000230071 -0.000429705 -5.96369e-35 0.00648031 0.00562361 0.00587827 
0.499527 0.498012 0.476276 0.49703 0.492254 0.499893 -0.00306436 -0.0040159 -0.00374329 -0.00397474 -0.00345293 -0.00355312 0.00480879 0.00604106 0.00583132 
0.498402 0.476276 0.498012 0.49703 0.500017 0.490488 -0.00458514 -0.00374329 -0.0040159 -0.00397474 -0.00433628 -0.00424897 0.00678154 0.00583132 0.00604106 
0.489858 0.489748 0.500007 0.497485 0.49743 0.500006 -0.000498495 -0.000501599 -0.000749801 -0.000608974 -0.000606498 -0.000558087 2.01605e-06 -2.86021e-06 0.000953137 
0.233601 -0.0412843 -0.0441102 -0.0619436 0.0769216 0.0796422 -0.150586 -0.093232 -0.0569906 -0.075351 -0.112561 -0.128819 0.00841379 -0.0410791 0.00948163 
-1.30997e-34 -0.0441102 -0.0412843 -0.0619436 -0.17168 -0.108907 2.70471e-35 -0.0569906 -0.093232 -0.075351 -0.0257603 -0.0182177 -0.0121899 0.00948163 -0.0410791 
0.35937 0.474143 0.428795 0.454221 0.396992 0.428234 -0.00205787 -0.00313972 -0.0019386 -0.0025162 -0.00204417 -0.00267641 0.0056545 0.00530217 0.00422036 
4.54993e-34 0.775545 0.625192 0.705123 0.350723 0.457423 2.37955e-34 -0.00246563 -0.00107275 -0.00159508 -0.000360241 -0.00076928 -0.0501388 -0.0556769 -0.0463264 
0.998716 0.775545 0.997124 0.930473 0.997907 0.935225 -0.00197617 -0.00246563 -0.00358319 -0.00338187 -0.00294747 -0.00266596 -0.0456351 -0.0556769 -0.054802 
0.989843 0.997124 0.775545 0.930473 0.917323 0.994127 -0.00533468 -0.00358319 -0.00246563 -0.00338187 -0.0042393 -0.00436953 -0.0638038 -0.054802 -0.0556769 
0.710992 0.384427 0.605364 0.505444 0.659056 0.569915 -0.293881 -0.222402 -0.238964 -0.240487 -0.269095 -0.263451 -0.0491608 -0.0489319 -0.00701621 
0.233601 0.605364 0.384427 0.505444 0.304285 0.432824 -0.150586 -0.238964 -0.222402 -0.240487 -0.187002 -0.201078 0.00841379 -0.00701621 -0.0489319 
7.55743e-34 5.09316e-34 0.0331896 -0.0127628 0.0308325 1.06232e-33 3.06921e-34 4.4691e-35 0.0368704 0.0437098 0.0258395 7.60253e-36 -0.136856 -0.123288 -0.123707 
0.326219 0.369645 0.196457 0.290081 0.26554 0.346867 0.00454042 0.0153853 0.00374043 0.0094362 0.00533995 0.00939092 0.00765435 0.00849209 0.00805909 
0.411192 0.471733 0.293305 0.39542 0.361196 0.44321 0.0384117 0.037797 0.0160568 0.0240716 0.0257889 0.0404365 0.0163084 0.0215425 0.0237778 
0.231641 0.750505 0.790608 0.766898 0.539307 0.509731 -0.015 -0.0772628 -0.0653865 -0.0706341 -0.0524811 -0.0495335 -0.11825 -0.1186 -0.117119 
-1.30997e-34 -9.05716e-37 -0.0441102 -0.055938 -0.108907 -2.6263e-35 2.70471e-35 -1.9852e-34 -0.0569906 -0.0177785 -0.0182177 -1.00357e-34 -0.0121899 0.0334448 0.00948163 
0.989843 0.646967 0.836039 0.750106 0.936493 0.879869 -0.00533468 -0.00289904 -0.00703959 -0.00447267 -0.00687456 -0.00509075 -0.0638038 -0.06698 -0.0758218 
0.147777 0.146953 -0.0202093 0.0484401 0.050522 0.148523 -0.0579398 -0.0451832 -0.0196268 -0.0372982 -0.0396905 -0.0588322 -0.0658981 -0.0748919 -0.0686563 
0.135926 0.228756 0.0642026 0.142602 0.0942031 0.180869 0.0630202 0.078681 0.0273904 0.0534872 0.0468061 0.0747533 -0.0275117 -0.00208272 -0.00481605 
0.311491 0.357303 0.199528 0.286698 0.262736 0.336437 0.0231216 0.0125054 0.00424931 0.00873906 0.0123517 0.0174455 0.0208746 0.0189846 0.0197537 
1.13428e-34 0.160165 0.208139 0.184779 0.112396 0.0845976 5.14556e-35 -0.000677471 -0.00124454 -0.000971547 -0.000417992 -0.000201568 0.0105864 0.012033 0.00980786 
1.13428e-34 1.1755e-34 0.160165 0.0851581 0.0845976 -1.7191e-35 5.14556e-35 6.46207e-35 -0.000677471 -0.000140381 -0.000201568 1.16789e-34 0.0105864 0.0132356 0.012033 
0.314913 0.208139 0.160165 0.184779 0.243657 0.264646 -0.00211819 -0.00124454 -0.000677471 -0.000971547 -0.00147206 -0.00181041 0.0118335 0.00980786 0.012033 
1.92581e-34 1.81194e-34 0.252285 0.140489 0.14491 -2.08499e-35 -1.90013e-34 -1.3266e-34 0.00469565 0.00207281 0.000467829 -3.24885e-34 0.0380513 0.0278182 0.0327828 
3.77295e-34 4.11942e-34 0.411376 0.216511 0.205943 -1.71139e-35 -4.51542e-34 -4.40293e-34 -0.0152828 -0.00534301 -0.00436003 -8.65564e-34 -0.0890657 -0.0876539 -0.0879555 
2.21429e-34 3.41993e-34 0.32129 0.163545 0.14714 -2.37873e-35 -4.11187e-34 -4.26382e-34 -0.0210906 -0.00778358 -0.0063721 -8.06449e-34 -0.0811819 -0.0835828 -0.0819313 
1.23324e-34 1.0956e-34 0.157026 0.0799595 0.083872 -1.41974e-35 -4.83697e-35 -4.01127e-35 0.00422464 0.00116866 0.00147568 -9.37964e-35 0.0104999 0.00848899 0.00948513 
1.0669e-34 8.77846e-35 0.135297 0.066991 0.0721767 -1.25341e-35 1.02992e-34 1.02535e-34 0.00518212 0.0022182 0.00162787 1.98699e-34 0.0205329 0.0198758 0.0205113 
1.17069e-34 1.10278e-34 0.153735 0.0811713 0.0818128 -1.08602e-35 7.93073e-35 9.30371e-35 0.000753875 0.000446538 0.000168013 1.71246e-34 0.0161659 0.0187445 0.0175156 
-9.41488e-36 -4.74118e-35 -0.0210203 -0.0429776 -0.0298445 -1.70443e-35 -6.68441e-35 -1.81657e-34 0.0136332 0.00304166 0.00412234 -2.65379e-34 -0.0156235 -0.0379979 -0.0279509 
6.58566e-35 2.49036e-35 0.0743744 0.021388 0.0347835 -1.70661e-35 8.08609e-35 2.79829e-35 0.0140069 0.00464189 0.00447198 9.28865e-35 0.0150271 0.00373515 0.00979293 
-1.39585e-35 2.62542e-35 0.0107383 0.00909951 -0.00372408 5.17673e-36 -3.35515e-34 -3.15095e-34 -0.0163507 -0.00333153 -0.00422894 -6.33617e-34 -0.0667069 -0.0629923 -0.0637486 
-5.65312e-35 -4.16439e-35 -0.0593804 -0.0477279 -0.0533011 8.41222e-37 -2.83544e-34 -3.37513e-34 -0.00780662 -0.00388242 -0.00178431 -6.18484e-34 -0.0578547 -0.0674019 -0.0645279 
0.963339 0.790608 0.750505 0.766898 0.890361 0.906066 -0.0840672 -0.0653865 -0.0772628 -0.0706341 -0.088357 -0.0803103 -0.10559 -0.117119 -0.1186 
1.00785e-34 9.45245e-35 0.137282 0.0707436 0.0701974 -1.01401e-35 -3.64908e-35 -3.52653e-35 -0.000595642 -0.000205238 -0.000112712 -7.11519e-35 0.00734216 0.0070644 0.00720137 
1.0533e-34 1.02066e-34 0.139528 0.0710841 0.071782 -1.23498e-35 -3.68385e-35 -3.63455e-35 0.000606783 0.000231982 0.000395339 -7.41446e-35 0.00766852 0.0073737 0.00744434 
4.57804e-35 6.84881e-35 0.0874671 0.0414491 0.0333564 -6.53403e-36 -3.02529e-34 -3.16029e-34 -0.00833829 -0.00136176 -0.00209878 -6.06831e-34 -0.0607972 -0.0633763 -0.0611654 
1.62594e-34 1.3643e-34 0.19673 0.10202 0.109762 -1.21278e-35 -9.09213e-35 -6.50112e-35 0.00830466 0.0021037 0.00220621 -1.65908e-34 0.0194877 0.0140497 0.0169948 
8.96237e-35 1.65533e-34 0.175471 0.109347 0.0835882 -9.04445e-36 -2.7893e-34 -2.49992e-34 -0.0219434 -0.00776951 -0.00901999 -4.97137e-34 0.0514675 0.0488284 0.0509942 
0.499634 0.687698 0.72786 0.714163 0.629085 0.595123 -0.162358 -0.230585 -0.252031 -0.245866 -0.205173 -0.198394 -0.0676508 -0.0680376 -0.0640985 
0.887581 0.790608 0.978171 0.934692 0.961734 0.841895 -0.0563771 -0.0653865 -0.0683045 -0.073953 -0.0686365 -0.0625953 -0.114302 -0.117119 -0.102681 
5.01301e-34 5.15747e-34 -0.00905504 -0.00187049 -0.00337523 1.02546e-33 1.54276e-35 -1.26899e-37 0.00871276 -0.000974688 0.00570293 -2.55779e-36 -0.121857 -0.124005 -0.123528 
0.999395 0.999407 0.836039 0.954327 0.962844 0.999792 -0.0131305 -0.00883658 -0.00703959 -0.008767 -0.0113812 -0.0106596 -0.0802496 -0.0717208 -0.0758218 
0.989843 0.836039 0.999407 0.954327 0.996288 0.936493 -0.00533468 -0.00703959 -0.00883658 -0.008767 -0.0073815 -0.00687456 -0.0638038 -0.0758218 -0.0717208 
2.2784e-34 0.437705 0.75 0.6095 0.4375 0.234492 6.41206e-35 -0.000183611 -4.45982e-37 -0.000147443 -1.56172e-37 -7.9872e-05 -0.0269522 -0.032648 -0.0268163 
0.387084 0.432295 0.147803 0.288091 0.277717 0.411891 -0.0814164 -0.143725 -0.0755707 -0.116447 -0.0912166 -0.111762 0.0450777 0.0338157 0.0422347 
6.84881e-35 0.193661 0.0874671 0.132413 0.0414491 0.0727262 -3.16029e-34 -0.0277861 -0.00833829 -0.0159243 -0.00136176 -0.00510308 -0.0633763 -0.0631362 -0.0611654 
0.30031 0.0874671 0.193661 0.132413 0.252738 0.181176 -0.0684869 -0.00833829 -0.0277861 -0.0159243 -0.0449858 -0.0283353 -0.059114 -0.0611654 -0.0631362 
0.963339 0.978171 0.790608 0.934692 0.906066 0.973925 -0.0840672 -0.0683045 -0.0653865 -0.073953 -0.0803103 -0.0766374 -0.10559 -0.102681 -0.117119 
0.793633 0.72786 0.687698 0.714163 0.77038 0.773128 -0.30251 -0.252031 -0.230585 -0.245866 -0.276777 -0.280395 -0.0729993 -0.0640985 -0.0680376 
0.296747 0.137282 0.190188 0.164094 0.246144 0.222412 -0.00211027 -0.000595642 -0.00111552 -0.000862739 -0.00168429 -0.0013858 0.00734498 0.00720137 0.00694134 
9.45245e-35 0.190188 0.137282 0.164094 0.0707436 0.0994155 -3.52653e-35 -0.00111552 -0.000595642 -0.000862739 -0.000205238 -0.000402528 0.0070644 0.00694134 0.00720137 
-0.121856 -0.0588859 -0.0243636 -0.0470302 -0.0666707 -0.0883248 0.0673015 0.0504949 0.0174043 0.0323968 0.0375828 0.0590024 -0.130475 -0.125081 -0.126657 
0.887581 0.433586 0.790608 0.636898 0.841895 0.714106 -0.0563771 -0.051628 -0.0653865 -0.0598386 -0.0625953 -0.0548219 -0.114302 -0.124201 -0.117119 
-1.49033e-34 -0.261491 -0.183435 -0.222209 -0.113174 -0.148374 7.44272e-34 0.0388128 0.0452165 0.0437412 0.017554 0.018125 -0.146467 -0.149681 -0.141036 
7.55743e-34 0.0331896 0.433586 0.164665 0.240665 0.0308325 3.06921e-34 0.0368704 -0.051628 -0.00266997 -0.0321532 0.0258395 -0.136856 -0.123707 -0.124201 
-0.123843 -0.293609 0.00825736 -0.16631 -0.0603336 -0.217739 0.0460014 0.0217258 -0.0209316 0.0145582 0.0153399 0.0423208 -0.164719 -0.152481 -0.16524 
0.312823 0.199528 0.357303 0.286698 0.33704 0.259993 0.00305874 0.00424931 0.0125054 0.00873906 0.00702903 0.0045525 0.0173745 0.0197537 0.0189846 
-0.0914245 0.00825736 -0.293609 -0.16631 -0.217864 -0.0520714 -0.0487241 -0.0209316 0.0217258 0.0145582 -0.00337318 -0.0296658 -0.142036 -0.16524 -0.152481 
0.213639 0.0642026 0.228756 0.142602 0.220353 0.138972 0.0506988 0.0273904 0.078681 0.0534872 0.0652556 0.042586 0.0109594 -0.00481605 -0.00208272 
0.0512274 -0.0202093 0.146953 0.0484401 0.0921879 0.00572506 -0.0041667 -0.0196268 -0.0451832 -0.0372982 -0.0241808 -0.0246565 -0.0702435 -0.0686563 -0.0748919 
0.431458 0.293305 0.471733 0.39542 0.45582 0.371496 0.00993677 0.0160568 0.037797 0.0240716 0.0255965 0.0157829 0.0300158 0.0237778 0.0215425 
0.327237 0.196457 0.369645 0.290081 0.348978 0.262503 0.0179415 0.00374043 0.0153853 0.0094362 0.0169598 0.00984451 0.00950228 0.00805909 0.00849209 
0.444822 0.442037 0.492253 0.472766 0.471349 0.443841 0.0449361 0.0703091 0.0555627 0.0631736 0.050354 0.0565671 0.0185728 0.016817 0.0157541 
0.647433 0.605364 0.432295 0.521568 0.552305 0.630518 -0.18552 -0.238964 -0.143725 -0.19295 -0.168767 -0.211907 0.00391954 -0.00701621 0.0338157 
0.510566 0.492253 0.442037 0.472766 0.484978 0.501753 0.0708779 0.0555627 0.0703091 0.0631736 0.0728015 0.0633675 0.0142093 0.0157541 0.016817 
0.738984 0.82086 0.687698 0.774218 0.714957 0.798449 -0.221223 -0.293053 -0.230585 -0.270032 -0.229168 -0.2674 -0.0707065 -0.0827845 -0.0680376 
1.16281e-34 0.195669 0.200879 0.19827 0.107322 0.104258 2.98861e-35 -0.000821058 -0.000614726 -0.000705482 -0.000156365 -0.000238681 0.00615996 0.00665671 0.00543908 
0.383428 0.391992 0.527216 0.467696 0.456283 0.384417 0.0942657 0.0482204 0.0754839 0.0680782 0.0900457 0.0751336 -0.0311141 -0.0543184 -0.0297259 
0.793633 0.687698 0.82086 0.774218 0.808856 0.77038 -0.30251 -0.230585 -0.293053 -0.270032 -0.301353 -0.276777 -0.0729993 -0.0680376 -0.0827845 
0.60303 0.527216 0.391992 0.467696 0.510996 0.564509 0.0209397 0.0754839 0.0482204 0.0680782 0.0424922 0.0500104 -0.0327987 -0.0297259 -0.0543184 
1.12474e-34 0.202566 0.184062 0.19336 0.0969034 0.107323 -2.80892e-35 -0.000692102 -0.000801142 -0.0007466 -0.000230071 -0.000186931 0.00562361 0.00519504 0.00587827 
0.50004 0.489978 0.496983 0.499562 0.499595 0.496934 -0.00398924 -0.00501814 -0.00491635 -0.00483187 -0.00467387 -0.004793 0.00900639 0.00769058 0.00817857 
0.458247 0.472018 0.49638 0.48721 0.48274 0.465722 -0.00343335 0.00126815 -0.0017994 -0.000549248 -0.0027451 -0.00184561 0.0107783 0.0126957 0.0106117 
0.500188 0.49638 0.472018 0.48721 0.493698 0.499313 0.0025756 -0.0017994 0.00126815 -0.000549248 0.00171588 0.00015451 0.0108646 0.0106117 0.0126957 
0.887581 0.978171 0.98719 0.982856 0.969625 0.961734 -0.0563771 -0.0683045 -0.0521649 -0.0610403 -0.0611876 -0.0686365 -0.114302 -0.102681 -0.100877 
0.500188 0.495762 0.464622 0.483528 0.490693 0.498875 0.0025756 0.00876353 0.00166897 0.00475542 0.00241179 0.00537105 0.0108646 0.0108884 0.00903263 
0.462116 0.464622 0.495762 0.483528 0.482937 0.462838 0.0103301 0.00166897 0.00876353 0.00475542 0.00933555 0.00555437 0.00930124 0.00903263 0.0108884 
0.319247 0.208139 0.364149 0.293658 0.34257 0.267229 -0.00234866 -0.00124454 -0.00322777 -0.00217737 -0.00289806 -0.00175846 0.00783019 0.00980786 0.00969091 
0.314913 0.364149 0.208139 0.293658 0.264646 0.340561 -0.00211819 -0.00322777 -0.00124454 -0.00217737 -0.00181041 -0.0028035 0.0118335 0.00969091 0.00980786 
0.738316 0.94944 0.901188 0.927213 0.836741 0.873503 -0.0723987 -0.0936114 -0.111919 -0.104246 -0.093228 -0.0881528 -0.0854292 -0.0988678 -0.0925056 
0.195158 0.595221 0.750505 0.672265 0.442556 0.383599 0.00452295 -0.0703819 -0.0772628 -0.074004 -0.0411858 -0.0290774 -0.123221 -0.126178 -0.1186 
0.510566 0.52948 0.50439 0.520811 0.516753 0.519955 0.0708779 0.0802353 0.0580147 0.0690855 0.064775 0.0766135 0.0142093 0.0119803 0.0121977 
0.521746 0.50439 0.52948 0.520811 0.531132 0.512594 0.0685899 0.0580147 0.0802353 0.0690855 0.0767415 0.0637935 0.0130421 0.0121977 0.0119803 
0.921699 0.901188 0.94944 0.927213 0.955447 0.9506 -0.113728 -0.111919 -0.0936114 -0.104246 -0.107287 -0.121293 -0.113621 -0.0925056 -0.0988678 
0.231641 0.790608 0.433586 0.636898 0.316704 0.539307 -0.015 -0.0653865 -0.051628 -0.0598386 -0.029883 -0.0524811 -0.11825 -0.117119 -0.124201 
0.60303 0.656351 0.664628 0.673869 0.657662 0.62893 0.0209397 -0.0437484 -0.0105248 -0.0199381 0.0116089 -0.00928821 -0.0327987 -0.0339061 0.000744901 
0.921699 0.750505 0.595221 0.672265 0.803867 0.854535 -0.113728 -0.0772628 -0.0703819 -0.074004 -0.0992383 -0.0982807 -0.113621 -0.1186 -0.126178 
0.531976 0.53316 0.193661 0.356002 0.348377 0.537337 -0.095318 -0.121966 -0.0277861 -0.0650115 -0.0545267 -0.109343 -0.0678901 -0.0654187 -0.0631362 
0.66765 0.664628 0.656351 0.673869 0.69344 0.673526 -0.113846 -0.0105248 -0.0437484 -0.0199381 -0.0712652 -0.0590992 0.00989751 0.000744901 -0.0339061 
0.847589 0.98719 0.978171 0.982856 0.941037 0.94236 -0.0457348 -0.0521649 -0.0683045 -0.0610403 -0.0587184 -0.0509859 -0.0928991 -0.100877 -0.102681 
0.233029 0.468943 0.185325 0.31057 0.217364 0.340186 -0.0158972 -0.0769808 0.0328576 -0.0171645 0.0111379 -0.0445864 -0.165167 -0.146868 -0.146812 
0.490118 0.185325 0.468943 0.31057 0.478444 0.310362 -0.0629941 0.0328576 -0.0769808 -0.0171645 -0.0690445 -0.0157809 -0.136592 -0.146812 -0.146868 
0.284456 0.336624 0.190188 0.269027 0.239262 0.311383 -0.0019439 -0.0030745 -0.00111552 -0.00200635 -0.00156554 -0.00250375 0.00650207 0.00702654 0.00694134 
-0.0281782 -0.0243636 -0.0588859 -0.0470302 -0.0432574 -0.029241 0.0233146 0.0174043 0.0504949 0.0323968 0.0363056 0.0203392 -0.124267 -0.126657 -0.125081 
0.30031 0.193661 0.53316 0.356002 0.41407 0.252738 -0.0684869 -0.0277861 -0.121966 -0.0650115 -0.0943036 -0.0449858 -0.059114 -0.0631362 -0.0654187 
0.296747 0.190188 0.336624 0.269027 0.31715 0.246144 -0.00211027 -0.00111552 -0.0030745 -0.00200635 -0.00274356 -0.00168429 0.00734498 0.00694134 0.00702654 
0.468726 0.498012 0.474143 0.489494 0.471495 0.487759 -0.00415492 -0.0040159 -0.00313972 -0.00362306 -0.0036446 -0.00420836 0.00694812 0.00604106 0.00530217 
0.730287 0.594078 0.86499 0.759304 0.811631 0.661305 -0.166453 -0.167835 -0.243459 -0.220637 -0.213199 -0.166702 -0.143682 -0.150952 -0.119612 
0.73085 0.721392 0.594712 0.68394 0.672817 0.727741 -0.233732 -0.181373 -0.138503 -0.159102 -0.185021 -0.207994 -0.051227 -0.0277536 -0.0642454 
0.563965 0.574336 0.502474 0.548878 0.533139 0.574949 0.0971915 0.097099 0.113171 0.105569 0.108843 0.101105 -0.00799622 0.00437608 -0.00228336 
0.50215 0.498064 0.491018 0.500984 0.497293 0.502313 0.0397874 0.0269584 0.0280411 0.0278547 0.0338017 0.0330118 0.0144296 0.012275 0.0153193 
0.499527 0.474143 0.498012 0.489494 0.499893 0.49523 -0.00306436 -0.00313972 -0.0040159 -0.00362306 -0.00355312 -0.00316989 0.00480879 0.00530217 0.00604106 
0.498402 0.496983 0.489978 0.499562 0.495116 0.500036 -0.00458514 -0.00491635 -0.00501814 -0.00483187 -0.0048622 -0.00479132 0.00678154 0.00817857 0.00769058 
0.500526 0.491018 0.498064 0.500984 0.500342 0.497982 0.018097 0.0280411 0.0269584 0.0278547 0.0224907 0.0228961 0.0128492 0.0153193 0.012275 
0.533848 0.502474 0.574336 0.548878 0.554234 0.52208 0.0995239 0.113171 0.097099 0.105569 0.0993199 0.108203 0.00816646 -0.00228336 0.00437608 
0.648512 0.594712 0.721392 0.68394 0.696361 0.623693 -0.0947622 -0.138503 -0.181373 -0.159102 -0.135871 -0.117383 -0.0468517 -0.0642454 -0.0277536 
5.15747e-34 -0.00210332 -0.00905504 -0.00712288 -0.00187049 -7.95696e-05 -1.26899e-37 0.00029804 0.00871276 0.00358166 -0.000974688 -0.00180653 -0.124005 -0.124762 -0.123528 
-0.0281782 -0.00905504 -0.00210332 -0.00712288 -0.0131204 -0.0179511 0.0233146 0.00871276 0.00029804 0.00358166 0.00872869 0.0160675 -0.124267 -0.123528 -0.124762 
5.01301e-34 -0.00905504 -0.0225066 -0.0169179 -0.00829801 -0.00337523 1.54276e-35 0.00871276 0.042203 0.0237115 0.0238473 0.00570293 -0.121857 -0.123528 -0.122634 
-0.0281782 -0.0225066 -0.00905504 -0.0169179 -0.0179511 -0.0284248 0.0233146 0.042203 0.00871276 0.0237115 0.0160675 0.0329766 -0.124267 -0.122634 -0.123528 
