0.413701 0.821683 7.45334e-34 0.533576 0.228961 0.648335 -0.0446099 -0.024206 3.14647e-34 -0.0325014 -0.0276046 -0.0429942 -0.12603 -0.11956 -0.137863 
-0.0781542 -0.107983 0.100839 -0.0167542 -0.0142865 -0.0917819 0.0476202 0.055594 0.0218883 0.0474787 0.0467482 0.052676 -0.121524 -0.125786 -0.124518 
0.580739 0.423558 0.61162 0.55599 0.59631 0.53098 0.141639 0.145052 0.146886 0.156604 0.146019 0.153572 -0.00823684 -0.0221641 -0.0162449 
0.552059 0.26915 0.625097 0.447212 0.588483 0.413526 0.0294499 -0.0337374 -0.000376529 -0.0173963 0.0146412 -0.00266222 -0.0646639 -0.0724562 -0.0553806 
0.628675 0.447305 0.711816 0.608107 0.674455 0.547319 -0.169561 -0.119295 -0.220405 -0.178626 -0.195191 -0.15155 -0.0434035 -0.0508512 -0.0420581 
0.153766 0.144434 0.653279 0.373822 0.377182 0.1512 0.00172318 -0.0185003 -0.136372 -0.0727707 -0.0628704 -0.00834437 -0.132177 -0.137441 -0.126471 
0.297096 0.251658 0.0911912 0.173918 0.187338 0.272944 0.106658 0.0618106 0.0368874 0.0540627 0.0757092 0.084911 0.00218226 0.0166309 0.00602533 
0.790383 0.455003 0.743202 0.635224 0.767317 0.668469 -0.260404 -0.189148 -0.262413 -0.243656 -0.2636 -0.2442 -0.0768493 -0.086693 -0.0613355 
0.87754 0.821683 0.413701 0.648335 0.696447 0.852184 -0.0465926 -0.024206 -0.0446099 -0.0429942 -0.0464765 -0.036155 -0.118219 -0.11956 -0.12603 
0.542548 0.156091 0.460091 0.31781 0.50453 0.358051 -0.175453 -0.0584533 -0.103073 -0.0901974 -0.139218 -0.124507 0.00421546 0.0203609 0.0220103 
0.790383 0.588279 0.455003 0.519811 0.668469 0.72074 -0.260404 -0.200266 -0.189148 -0.19605 -0.2442 -0.244499 -0.0768493 -0.108662 -0.086693 
0.388812 0.330537 0.492573 0.425684 0.446889 0.363797 0.00455222 0.0245942 0.0352329 0.0340286 0.0197154 0.0141912 0.0149291 0.01962 0.0115654 
0.46482 0.492573 0.330537 0.425684 0.401943 0.481488 0.0659839 0.0352329 0.0245942 0.0340286 0.0459639 0.0501509 0.0139858 0.0115654 0.01962 
0.552059 0.693928 0.48621 0.632677 0.517472 0.657719 0.0294499 0.089167 0.0627316 0.0907743 0.0461623 0.0738215 -0.0646639 -0.0313875 -0.0660142 
0.580739 0.509772 0.548303 0.564482 0.565396 0.5719 0.141639 0.0771408 0.124151 0.103754 0.133689 0.110541 -0.00823684 -0.0109627 -0.000664662 
0.552552 0.509772 0.520699 0.516489 0.541224 0.546775 0.0902279 0.0771408 0.0480485 0.0629443 0.0683614 0.0855812 -0.000457383 -0.0109627 -0.00334901 
0.520699 0.509772 0.442621 0.474506 0.488763 0.516489 0.0480485 0.0771408 0.0347843 0.054632 0.0412415 0.0629443 -0.00334901 -0.0109627 -0.0100823 
0.6534 0.380258 0.51813 0.459119 0.596359 0.54252 0.0330886 0.017827 0.0484125 0.0301253 0.0431719 0.0196978 -0.0102261 0.00382105 -0.00668183 
0.542548 0.460091 0.709982 0.639596 0.669051 0.50453 -0.175453 -0.103073 -0.159983 -0.134417 -0.170753 -0.139218 0.00421546 0.0220103 -0.0189398 
-0.0142374 -0.0210153 -0.0359842 -0.0351936 -0.0285675 -0.0234346 0.0398943 0.0268997 0.0329986 0.0329171 0.0371039 0.037343 -0.123332 -0.121653 -0.121151 
0.889158 0.783471 0.864272 0.879598 0.875962 0.886523 -0.143193 -0.137541 -0.168791 -0.170663 -0.156877 -0.153523 -0.0929845 -0.11786 -0.0880722 
0.588279 0.440689 0.193543 0.315185 0.3868 0.518057 -0.200266 -0.114961 -0.0940788 -0.102762 -0.143508 -0.160022 -0.108662 -0.131346 -0.120032 
0.653279 0.864272 0.783471 0.879598 0.719136 0.85177 -0.136372 -0.168791 -0.137541 -0.170663 -0.13986 -0.184798 -0.126471 -0.0880722 -0.11786 
0.6534 0.51813 0.693928 0.649233 0.689366 0.596359 0.0330886 0.0484125 0.089167 0.0742552 0.0624051 0.0431719 -0.0102261 -0.00668183 -0.0313875 
0.297096 0.460633 0.251658 0.360257 0.272944 0.389448 0.106658 0.104872 0.0618106 0.088425 0.084911 0.111757 0.00218226 0.0105151 0.0166309 
0.775647 0.440689 0.588279 0.518057 0.688817 0.63185 -0.219817 -0.114961 -0.200266 -0.160022 -0.214578 -0.178901 -0.10641 -0.131346 -0.108662 
0.442311 0.288732 0.509772 0.414563 0.481304 0.363775 0.067365 0.0236734 0.0771408 0.0482909 0.0745494 0.042731 -0.0139782 -0.014646 -0.0109627 
0.297096 0.124198 0.423558 0.269787 0.355517 0.21205 0.106658 0.075896 0.145052 0.11245 0.127852 0.0950078 0.00218226 -0.0167089 -0.0221641 
0.628675 0.709982 0.488829 0.643695 0.560454 0.683572 -0.169561 -0.159983 -0.109222 -0.140033 -0.138473 -0.169298 -0.0434035 -0.0189398 -0.0489934 
0.10057 -0.00723088 0.26915 0.122069 0.186962 0.0423426 -0.0103951 -0.0350951 -0.0337374 -0.0451457 -0.0274823 -0.0307294 -0.0764331 -0.0692693 -0.0724562 
0.166217 0.126428 0.447305 0.265248 0.28694 0.145075 -0.0323095 -0.0157279 -0.119295 -0.0573006 -0.0656131 -0.022767 -0.0503448 -0.0534214 -0.0508512 
0.10057 0.0553483 -0.0961954 -0.0431071 -0.019851 0.069934 -0.0103951 0.0367172 -0.0115197 -0.00109736 -0.018137 0.0122886 -0.0764331 -0.0646132 -0.0687003 
0.297096 0.0911912 0.124198 0.102966 0.21205 0.187338 0.106658 0.0368874 0.075896 0.0589424 0.0950078 0.0757092 0.00218226 0.00602533 -0.0167089 
0.10057 0.334887 0.0553483 0.187223 0.069934 0.211741 -0.0103951 0.0609968 0.0367172 0.0450485 0.0122886 0.020028 -0.0764331 -0.0698704 -0.0646132 
0.166217 0.0690915 0.0427856 0.0531604 0.0865655 0.114018 -0.0323095 -0.034942 -0.00460082 -0.0174701 -0.0138361 -0.0304701 -0.0503448 -0.0536578 -0.0526304 
0.10057 -0.0961954 -0.00723088 -0.0544737 0.0423426 -0.019851 -0.0103951 -0.0115197 -0.0350951 -0.0267215 -0.0307294 -0.018137 -0.0764331 -0.0687003 -0.0692693 
0.570869 0.306723 0.162769 0.24096 0.35874 0.436317 -0.126732 -0.0624173 -0.0227373 -0.040647 -0.0615548 -0.0914463 -0.0643584 -0.0590558 -0.0636164 
0.166217 0.0427856 0.126428 0.0706594 0.145075 0.0865655 -0.0323095 -0.00460082 -0.0157279 -0.00553513 -0.022767 -0.0138361 -0.0503448 -0.0526304 -0.0534214 
0.320328 0.0553483 0.334887 0.187223 0.32439 0.179773 0.10407 0.0367172 0.0609968 0.0450485 0.0843035 0.0676683 -0.0489751 -0.0646132 -0.0698704 
0.166217 0.281139 0.0690915 0.160215 0.114018 0.216973 -0.0323095 -0.0638804 -0.034942 -0.0494751 -0.0304701 -0.0525949 -0.0503448 -0.0520998 -0.0536578 
0.212013 0.0690915 0.281139 0.160215 0.242461 0.130692 -0.0576481 -0.034942 -0.0638804 -0.0494751 -0.0607682 -0.0535852 -0.0606955 -0.0536578 -0.0520998 
0.35992 0.44824 0.477687 0.463063 0.428243 0.409292 -0.0176403 -0.02167 -0.0219672 -0.0227416 -0.0209003 -0.0202003 -0.00119014 0.000281279 0.000145971 
0.501067 0.477687 0.44824 0.463063 0.482811 0.492935 -0.0235913 -0.0219672 -0.02167 -0.0227416 -0.023289 -0.023209 0.00138301 0.000145971 0.000281279 
0.570869 0.706968 0.306723 0.520209 0.436317 0.650869 -0.126732 -0.194556 -0.0624173 -0.127357 -0.0914463 -0.162779 -0.0643584 -0.0648358 -0.0590558 
0.510309 0.306723 0.706968 0.520209 0.611273 0.414911 -0.137309 -0.0624173 -0.194556 -0.127357 -0.166644 -0.100897 -0.0558529 -0.0590558 -0.0648358 
0.542548 0.649137 0.236539 0.462881 0.40254 0.595332 -0.175453 -0.241589 -0.124895 -0.19127 -0.158867 -0.210016 0.00421546 -0.0340726 -0.0149875 
0.706737 0.587292 0.710542 0.689693 0.712778 0.672517 -0.0864262 -0.023856 -0.0230149 -0.0210099 -0.0528679 -0.0493674 -0.0140829 0.00596965 -0.0309111 
0.6534 0.710542 0.587292 0.689693 0.629019 0.702626 0.0330886 -0.0230149 -0.023856 -0.0210099 0.00466013 0.0123437 -0.0102261 -0.0309111 0.00596965 
0.640868 0.43986 0.608101 0.545318 0.625276 0.55914 0.112478 0.0648917 0.127254 0.0961725 0.12323 0.0940954 -0.0193882 -0.0130773 -0.0166529 
0.442311 0.608101 0.43986 0.545318 0.441811 0.537653 0.067365 0.127254 0.0648917 0.0961725 0.0684702 0.0979417 -0.0139782 -0.0166529 -0.0130773 
0.599335 0.61162 0.423558 0.55599 0.520184 0.61181 0.154215 0.146886 0.145052 0.156604 0.153363 0.153179 -0.0269549 -0.0162449 -0.0221641 
0.570869 0.465949 0.864272 0.715655 0.74712 0.523815 -0.126732 -0.0756737 -0.168791 -0.133651 -0.156771 -0.101198 -0.0643584 -0.068833 -0.0880722 
0.527215 0.625097 0.26915 0.447212 0.393567 0.578054 -0.0394957 -0.000376529 -0.0337374 -0.0173963 -0.0327248 -0.0211334 -0.0575262 -0.0553806 -0.0724562 
0.46482 0.460633 0.532933 0.512396 0.508126 0.463617 0.0659839 0.104872 0.0651064 0.086675 0.0661243 0.084871 0.0139858 0.0105151 0.00536485 
0.730837 0.711816 0.447305 0.608107 0.615856 0.721683 -0.23615 -0.220405 -0.119295 -0.178626 -0.182281 -0.229446 -0.0496221 -0.0420581 -0.0508512 
2.22056e-34 0.18308 0.250556 0.217536 0.125997 0.0882555 1.71098e-35 -0.00628523 -0.0102504 -0.00860155 -0.00383457 -0.00236592 -0.00487847 -0.00208897 -0.00435894 
0.552552 0.532933 0.460633 0.512396 0.528161 0.542686 0.0902279 0.0651064 0.104872 0.086675 0.101627 0.077537 -0.000457383 0.00536485 0.0105151 
1.09272e-34 3.16704e-34 0.245882 0.139557 0.137079 -1.05569e-34 3.2478e-35 5.45605e-35 -0.00604076 -0.00211013 -0.00115961 9.45633e-35 0.00686448 0.0120608 0.00698543 
0.245882 3.16704e-34 0.33481 0.197801 0.293455 0.139557 -0.00604076 5.45605e-35 -0.00605194 -0.00277714 -0.00704721 -0.00211013 0.00698543 0.0120608 0.0108201 
0.706737 0.635543 0.709982 0.686474 0.707445 0.694737 -0.0864262 -0.0744078 -0.159983 -0.113872 -0.121623 -0.0779222 -0.0140829 -0.0451868 -0.0189398 
0.442311 0.19362 0.288732 0.244141 0.363775 0.324934 0.067365 0.0145994 0.0236734 0.0215789 0.042731 0.0378462 -0.0139782 -0.0141312 -0.014646 
0.554111 0.709982 0.635543 0.686474 0.596162 0.666332 -0.0966812 -0.159983 -0.0744078 -0.113872 -0.0880504 -0.128186 -0.0485233 -0.0189398 -0.0451868 
0.587956 0.48621 0.693928 0.632677 0.659402 0.540714 0.113877 0.0627316 0.089167 0.0907743 0.109778 0.0908467 -0.0510128 -0.0660142 -0.0313875 
0.552552 0.548303 0.509772 0.564482 0.546775 0.554508 0.0902279 0.124151 0.0771408 0.103754 0.0855812 0.107711 -0.000457383 -0.000664662 -0.0109627 
-0.0359842 -0.0210153 -0.0353274 -0.0294787 -0.0416239 -0.0351936 0.0329986 0.0268997 0.0206709 0.0232237 0.0285269 0.0329171 -0.121151 -0.121653 -0.121209 
8.33436e-34 0.844102 0.843358 0.84386 0.511875 0.511431 -3.21225e-34 -0.00238065 -0.00471422 -0.00332888 -0.00175884 -0.0012461 -0.0649271 -0.0600439 -0.0730615 
0.570869 0.162769 0.465949 0.302518 0.523815 0.35874 -0.126732 -0.0227373 -0.0756737 -0.0433315 -0.101198 -0.0615548 -0.0643584 -0.0636164 -0.068833 
0.251658 0.115255 0.0911912 0.106234 0.173918 0.185424 0.0618106 0.0183925 0.0368874 0.0273189 0.0540627 0.0419507 0.0166309 0.0170907 0.00602533 
0.442311 0.43986 0.19362 0.312919 0.324934 0.441811 0.067365 0.0648917 0.0145994 0.0357533 0.0378462 0.0684702 -0.0139782 -0.0130773 -0.0141312 
0.552059 0.319329 0.26915 0.293632 0.413526 0.440279 0.0294499 0.0132055 -0.0337374 -0.0117419 -0.00266222 0.0234436 -0.0646639 -0.0758218 -0.0724562 
0.628675 0.369348 0.447305 0.404992 0.547319 0.51157 -0.169561 -0.0875349 -0.119295 -0.102027 -0.15155 -0.132099 -0.0434035 -0.0496604 -0.0508512 
0.580739 0.471867 0.423558 0.448943 0.53098 0.538049 0.141639 0.137236 0.145052 0.143557 0.153572 0.14367 -0.00823684 -0.00186964 -0.0221641 
0.6534 0.587292 0.380258 0.50064 0.54252 0.629019 0.0330886 -0.023856 0.017827 -0.00015205 0.0196978 0.00466013 -0.0102261 0.00596965 0.00382105 
1.7837e-34 0.248051 0.18308 0.216206 0.0967417 0.131732 -2.56103e-36 -0.00948632 -0.00628523 -0.00819866 -0.00171913 -0.00324313 -0.000538572 -0.000668767 -0.00208897 
0.554111 0.488829 0.709982 0.643695 0.666332 0.520338 -0.0966812 -0.109222 -0.159983 -0.140033 -0.128186 -0.103785 -0.0485233 -0.0489934 -0.0189398 
0.46482 0.346802 0.460633 0.403268 0.463617 0.410747 0.0659839 0.0563184 0.104872 0.0819073 0.084871 0.0635688 0.0139858 0.0188205 0.0105151 
0.251658 0.460633 0.346802 0.403268 0.303231 0.360257 0.0618106 0.104872 0.0563184 0.0819073 0.0607783 0.088425 0.0166309 0.0105151 0.0188205 
0.35992 0.415808 0.250556 0.340392 0.308454 0.387485 -0.0176403 -0.0153202 -0.0102504 -0.0140651 -0.0142589 -0.0178062 -0.00119014 -0.00318766 -0.00435894 
0.542548 0.236539 0.156091 0.195014 0.358051 0.40254 -0.175453 -0.124895 -0.0584533 -0.0951804 -0.124507 -0.158867 0.00421546 -0.0149875 0.0203609 
0.153766 0.653279 0.422065 0.541047 0.272834 0.377182 0.00172318 -0.136372 -0.0643169 -0.0974154 -0.0292419 -0.0628704 -0.132177 -0.126471 -0.127095 
2.22056e-34 7.42433e-35 0.18308 0.0913601 0.0882555 -7.91198e-35 1.71098e-35 7.40853e-36 -0.00628523 -0.00146995 -0.00236592 3.46694e-35 -0.00487847 -0.00178791 -0.00208897 
-0.0359842 -0.04927 -0.0323651 -0.0605615 -0.0358934 -0.0516713 0.0329986 0.019465 0.0357974 0.0333447 0.0336851 0.0294113 -0.121151 -0.12103 -0.120243 
0.460091 0.156091 0.192711 0.180483 0.32659 0.31781 -0.103073 -0.0584533 -0.0294713 -0.044832 -0.069589 -0.0901974 0.0220103 0.0203609 0.0293113 
0.550395 0.743202 0.455003 0.635224 0.502715 0.662857 -0.22393 -0.262413 -0.189148 -0.243656 -0.207684 -0.251063 -0.0593076 -0.0613355 -0.086693 
0.308665 0.250556 0.415808 0.340392 0.366677 0.278004 -0.00679493 -0.0102504 -0.0153202 -0.0140651 -0.011245 -0.00949156 -0.00769052 -0.00435894 -0.00318766 
0.0770657 0.151295 -0.0323651 0.027313 0.00577124 0.106969 0.0182301 -0.00585747 0.0357974 0.0233451 0.0311312 0.00626733 -0.119225 -0.120318 -0.120243 
0.640868 0.649092 0.693928 0.674136 0.672294 0.66331 0.112478 0.141489 0.089167 0.119686 0.103985 0.132268 -0.0193882 -0.0347618 -0.0313875 
0.706737 0.709982 0.607134 0.679514 0.674755 0.707445 -0.0864262 -0.159983 -0.0789826 -0.118748 -0.0824776 -0.121623 -0.0140829 -0.0189398 0.0108964 
0.587956 0.693928 0.649092 0.674136 0.626802 0.659402 0.113877 0.089167 0.141489 0.119686 0.133378 0.109778 -0.0510128 -0.0313875 -0.0347618 
0.288732 0.310625 0.509772 0.416178 0.414563 0.298768 0.0236734 0.0141201 0.0771408 0.0407951 0.0482909 0.0194807 -0.014646 -0.0131873 -0.0109627 
-0.107983 -0.0620737 0.100839 0.0286155 -0.0167542 -0.089887 0.055594 0.0464599 0.0218883 0.0389627 0.0474787 0.055 -0.125786 -0.131795 -0.124518 
0.997394 0.993948 0.769789 0.928186 0.930296 0.996867 -0.0204742 -0.0328092 -0.0205249 -0.0287833 -0.0245828 -0.0278755 -0.096552 -0.103908 -0.0957483 
0.124198 0.150204 0.423558 0.288643 0.269787 0.13177 0.075896 0.0800155 0.145052 0.113586 0.11245 0.0795412 -0.0167089 -0.0407249 -0.0221641 
0.442621 0.509772 0.310625 0.416178 0.382388 0.474506 0.0347843 0.0771408 0.0141201 0.0407951 0.0245751 0.054632 -0.0100823 -0.0109627 -0.0131873 
0.460091 0.607134 0.709982 0.679514 0.639596 0.543658 -0.103073 -0.0789826 -0.159983 -0.118748 -0.134417 -0.0922206 0.0220103 0.0108964 -0.0189398 
-0.00723088 0.0710724 0.26915 0.161381 0.122069 0.0337592 -0.0350951 -0.0500353 -0.0337374 -0.0552344 -0.0451457 -0.0438385 -0.0692693 -0.0625431 -0.0724562 
0.126428 0.262664 0.447305 0.356106 0.265248 0.183665 -0.0157279 -0.0556892 -0.119295 -0.0871236 -0.0573006 -0.0321845 -0.0534214 -0.055417 -0.0508512 
0.431909 0.400448 0.298289 0.354252 0.3747 0.417097 -0.0159389 -0.0148657 -0.0093146 -0.0122821 -0.0132174 -0.0159525 0.00564514 0.00180327 0.00388778 
0.320328 0.423558 0.150204 0.288643 0.232647 0.372612 0.10407 0.145052 0.0800155 0.113586 0.0912937 0.129842 -0.0489751 -0.0221641 -0.0407249 
0.212013 0.26915 0.0710724 0.161381 0.139334 0.241421 -0.0576481 -0.0337374 -0.0500353 -0.0552344 -0.0557385 -0.0540165 -0.0606955 -0.0724562 -0.0625431 
0.510309 0.447305 0.262664 0.356106 0.383614 0.478073 -0.137309 -0.119295 -0.0556892 -0.0871236 -0.0930358 -0.13187 -0.0558529 -0.0508512 -0.055417 
0.51813 0.380258 0.26939 0.329865 0.408126 0.459119 0.0484125 0.017827 0.0140568 0.015454 0.0308899 0.0301253 -0.00668183 0.00382105 -0.0042771 
0.35992 0.248051 0.359903 0.307553 0.360018 0.307708 -0.0176403 -0.00948632 -0.0151691 -0.0124791 -0.0166272 -0.0137292 -0.00119014 -0.000668767 8.9637e-05 
0.653279 0.144434 0.440689 0.290133 0.544349 0.373822 -0.136372 -0.0185003 -0.114961 -0.065041 -0.125422 -0.0727707 -0.126471 -0.137441 -0.131346 
0.40559 0.151295 0.0770657 0.106969 0.20536 0.273009 -0.0456235 -0.00585747 0.0182301 0.00626733 -0.01176 -0.024741 -0.118293 -0.120318 -0.119225 
-2.31649e-35 -3.83448e-35 -0.04927 -0.0252491 -0.0178309 2.9659e-35 6.07719e-34 6.14802e-34 0.019465 0.00504163 0.00295463 1.20141e-33 -0.121708 -0.122622 -0.12103 
0.431909 0.480314 0.400448 0.448346 0.417097 0.459958 -0.0159389 -0.0209326 -0.0148657 -0.0183048 -0.0159525 -0.0189825 0.00564514 0.00187206 0.00180327 
0.35992 0.359903 0.44824 0.408785 0.409292 0.360018 -0.0176403 -0.0151691 -0.02167 -0.0188405 -0.0202003 -0.0166272 -0.00119014 8.9637e-05 0.000281279 
0.640868 0.693928 0.551113 0.64953 0.605707 0.672294 0.112478 0.089167 0.0804247 0.0922771 0.0983454 0.103985 -0.0193882 -0.0313875 -0.01173 
0.552059 0.702273 0.693928 0.698604 0.657719 0.649182 0.0294499 0.0368265 0.089167 0.0680664 0.0738215 0.043385 -0.0646639 -0.0368547 -0.0313875 
0.51813 0.551113 0.693928 0.64953 0.649233 0.538056 0.0484125 0.0804247 0.089167 0.0922771 0.0742552 0.0660326 -0.00668183 -0.01173 -0.0313875 
-0.0781542 -0.0323651 -0.04927 -0.0605615 -0.0747083 -0.0546542 0.0476202 0.0357974 0.019465 0.0333447 0.0329476 0.0405945 -0.121524 -0.120243 -0.12103 
0.153766 0.100839 -0.0620737 0.0286155 0.043627 0.132259 0.00172318 0.0218883 0.0464599 0.0389627 0.0317291 0.0146258 -0.132177 -0.124518 -0.131795 
7.42433e-35 1.7837e-34 0.18308 0.0967417 0.0913601 -7.88179e-35 7.40853e-36 -2.56103e-36 -0.00628523 -0.00171913 -0.00146995 1.29043e-35 -0.00178791 -0.000538572 -0.00208897 
0.580739 0.565815 0.509772 0.537867 0.5719 0.591212 0.141639 0.110735 0.0771408 0.0949035 0.110541 0.128062 -0.00823684 -0.0129367 -0.0109627 
0.465949 0.686224 0.864272 0.801703 0.715655 0.579558 -0.0756737 -0.104945 -0.168791 -0.140688 -0.133651 -0.0915229 -0.068833 -0.0773505 -0.0880722 
5.75048e-34 8.33436e-34 0.843358 0.511875 0.508542 -6.19446e-34 -3.72691e-34 -3.21225e-34 -0.00471422 -0.00175884 -0.00228962 -6.87382e-34 -0.0754168 -0.0649271 -0.0730615 
0.889158 0.864272 0.686224 0.801703 0.813705 0.875962 -0.143193 -0.168791 -0.104945 -0.140688 -0.130117 -0.156877 -0.0929845 -0.0880722 -0.0773505 
0.236539 0.649137 0.266626 0.479992 0.246328 0.462881 -0.124895 -0.241589 -0.148142 -0.202679 -0.137024 -0.19127 -0.0149875 -0.0340726 -0.0500339 
-0.0781542 -0.0972217 -0.107983 -0.126048 -0.0917819 -0.104175 0.0476202 0.021348 0.055594 0.0439905 0.052676 0.0405817 -0.121524 -0.124176 -0.125786 
0.306723 0.0649893 0.162769 0.106601 0.24096 0.167652 -0.0624173 -0.0074532 -0.0227373 -0.0137248 -0.040647 -0.0274585 -0.0590558 -0.060179 -0.0636164 
0.0690915 0.0127064 0.0427856 0.0281509 0.0531604 0.0257056 -0.034942 -0.00734262 -0.00460082 -0.007193 -0.0174701 -0.0197694 -0.0536578 -0.0551512 -0.0526304 
0.0553483 -0.103393 -0.0961954 -0.100737 -0.0431071 -0.051631 0.0367172 -0.00171975 -0.0115197 -0.00419857 -0.00109736 0.00701137 -0.0646132 -0.0581625 -0.0687003 
0.126428 0.0427856 0.0332799 0.0378948 0.0709548 0.0706594 -0.0157279 -0.00460082 0.000476114 -0.0010571 -0.0038636 -0.00553513 -0.0534214 -0.0526304 -0.0543749 
-0.00723088 -0.0961954 -0.0637684 -0.082496 -0.0577472 -0.0544737 -0.0350951 -0.0115197 -0.0156076 -0.0142954 -0.0304322 -0.0267215 -0.0692693 -0.0687003 -0.0660664 
0.124198 0.0911912 -0.0148875 0.0333672 0.0448372 0.102966 0.075896 0.0368874 0.0206399 0.0288239 0.048266 0.0589424 -0.0167089 0.00602533 -0.014113 
0.714331 0.997394 0.769789 0.930296 0.743847 0.916905 -0.0104935 -0.0204742 -0.0205249 -0.0245828 -0.0145999 -0.0170749 -0.0880076 -0.096552 -0.0957483 
0.510309 0.706968 0.729259 0.722349 0.636973 0.611273 -0.137309 -0.194556 -0.228976 -0.214944 -0.185548 -0.166644 -0.0558529 -0.0648358 -0.0587083 
0.212013 0.281139 0.415376 0.345196 0.308965 0.242461 -0.0576481 -0.0638804 -0.0644548 -0.0698663 -0.0603722 -0.0607682 -0.0606955 -0.0520998 -0.0579241 
0.790383 0.729259 0.706968 0.722349 0.791129 0.780694 -0.260404 -0.228976 -0.194556 -0.214944 -0.240286 -0.25346 -0.0768493 -0.0587083 -0.0648358 
0.320328 0.334887 0.520623 0.4317 0.424595 0.32439 0.10407 0.0609968 0.132287 0.103148 0.122745 0.0843035 -0.0489751 -0.0698704 -0.0449635 
0.554111 0.415376 0.281139 0.345196 0.41288 0.482043 -0.0966812 -0.0644548 -0.0638804 -0.0698663 -0.0869661 -0.079708 -0.0485233 -0.0579241 -0.0520998 
0.587956 0.520623 0.334887 0.4317 0.467572 0.554613 0.113877 0.132287 0.0609968 0.103148 0.0904092 0.124599 -0.0510128 -0.0449635 -0.0698704 
0.510309 0.729259 0.447305 0.602841 0.478073 0.636973 -0.137309 -0.228976 -0.119295 -0.176889 -0.13187 -0.185548 -0.0558529 -0.0587083 -0.0508512 
0.212013 0.415376 0.26915 0.339593 0.241421 0.308965 -0.0576481 -0.0644548 -0.0337374 -0.047704 -0.0540165 -0.0603722 -0.0606955 -0.0579241 -0.0724562 
0.320328 0.520623 0.423558 0.468093 0.372612 0.424595 0.10407 0.132287 0.145052 0.144139 0.129842 0.122745 -0.0489751 -0.0449635 -0.0221641 
0.730837 0.447305 0.729259 0.602841 0.731917 0.615856 -0.23615 -0.119295 -0.228976 -0.176889 -0.233967 -0.182281 -0.0496221 -0.0508512 -0.0587083 
0.527215 0.26915 0.415376 0.339593 0.471775 0.393567 -0.0394957 -0.0337374 -0.0644548 -0.047704 -0.0538643 -0.0327248 -0.0575262 -0.0724562 -0.0579241 
0.599335 0.423558 0.520623 0.468093 0.565352 0.520184 0.154215 0.145052 0.132287 0.144139 0.148576 0.153363 -0.0269549 -0.0221641 -0.0449635 
-0.0164399 -0.0353274 -0.0210153 -0.0294787 -0.0199007 -0.0254757 0.0121009 0.0206709 0.0268997 0.0232237 0.0191917 0.0164196 -0.121125 -0.121209 -0.121653 
2.27602e-34 0.245882 0.298289 0.273245 0.167555 0.132458 1.10968e-35 -0.00604076 -0.0093146 -0.00790967 -0.0029671 -0.00142845 0.0032619 0.00698543 0.00388778 
5.19063e-34 7.2551e-34 0.82718 0.511791 0.505212 -5.03287e-34 4.44155e-34 5.1748e-34 -0.01346 -0.00719542 -0.00470433 9.85425e-34 -0.0943554 -0.11257 -0.10209 
0.628675 0.710413 0.709982 0.710467 0.683572 0.703141 -0.169561 -0.210914 -0.159983 -0.184719 -0.169298 -0.19557 -0.0434035 -0.022251 -0.0189398 
0.838688 0.918443 0.651267 0.856164 0.75068 0.909492 -0.0857996 -0.124535 -0.0761285 -0.112305 -0.0836607 -0.110446 -0.0912644 -0.103243 -0.0800001 
0.889158 0.651267 0.918443 0.856164 0.909812 0.807021 -0.143193 -0.0761285 -0.124535 -0.112305 -0.135673 -0.115816 -0.0929845 -0.0800001 -0.103243 
0.989544 0.843358 0.844102 0.84386 0.978353 0.978175 -0.00437372 -0.00471422 -0.00238065 -0.00332888 -0.00409556 -0.00583371 -0.0692725 -0.0730615 -0.0600439 
0.0296592 0.193543 0.440689 0.315185 0.2343 0.10819 -0.0146376 -0.0940788 -0.114961 -0.102762 -0.06426 -0.0547115 -0.135401 -0.120032 -0.131346 
0.320328 0.150204 0.0553483 0.0967202 0.179773 0.232647 0.10407 0.0800155 0.0367172 0.0600553 0.0676683 0.0912937 -0.0489751 -0.0407249 -0.0646132 
0.212013 0.0710724 0.0690915 0.0703734 0.130692 0.139334 -0.0576481 -0.0500353 -0.034942 -0.0476951 -0.0535852 -0.0557385 -0.0606955 -0.0625431 -0.0536578 
0.510309 0.262664 0.306723 0.285207 0.414911 0.383614 -0.137309 -0.0556892 -0.0624173 -0.0602593 -0.100897 -0.0930358 -0.0558529 -0.055417 -0.0590558 
0.550395 0.266626 0.649137 0.479992 0.605003 0.413937 -0.22393 -0.148142 -0.241589 -0.202679 -0.238699 -0.187284 -0.0593076 -0.0500339 -0.0340726 
0.288732 0.19362 0.113169 0.150024 0.200522 0.244141 0.0236734 0.0145994 0.004986 0.00869594 0.013556 0.0215789 -0.014646 -0.0141312 -0.0144169 
0.46482 0.330537 0.346802 0.341261 0.410747 0.401943 0.0659839 0.0245942 0.0563184 0.0393096 0.0635688 0.0459639 0.0139858 0.01962 0.0188205 
0.506418 0.415808 0.477687 0.451112 0.492941 0.473055 -0.00696158 -0.0153202 -0.0219672 -0.0194756 -0.016448 -0.0130265 0.00181026 -0.00318766 0.000145971 
0.506418 0.477687 0.50269 0.502851 0.508869 0.492941 -0.00696158 -0.0219672 -0.015733 -0.0193404 -0.0121956 -0.016448 0.00181026 0.000145971 0.00433115 
0.465949 0.162769 0.143392 0.156747 0.295214 0.302518 -0.0756737 -0.0227373 -0.0130801 -0.0177143 -0.0371304 -0.0433315 -0.068833 -0.0636164 -0.0692574 
0.43986 0.173207 0.19362 0.184677 0.312919 0.313041 0.0648917 0.011511 0.0145994 0.0143049 0.0357533 0.0345332 -0.0130773 -0.0123834 -0.0141312 
0.87754 0.988709 0.821683 0.955456 0.852184 0.965498 -0.0465926 -0.0435128 -0.024206 -0.0430176 -0.036155 -0.0512192 -0.118219 -0.10682 -0.11956 
8.33436e-34 6.59066e-34 0.844102 0.51297 0.511431 -6.15543e-34 -3.21225e-34 -2.65877e-34 -0.00238065 -0.000883805 -0.0012461 -5.82836e-34 -0.0649271 -0.0540032 -0.0600439 
-2.32494e-34 -0.230165 -0.150219 -0.198822 -0.184519 -0.15925 6.68837e-34 0.0167414 0.0362555 0.0284333 0.0284549 0.017489 -0.128009 -0.127789 -0.13267 
0.388812 0.230292 0.330537 0.289244 0.363797 0.320436 0.00455222 0.00376426 0.0245942 0.0127589 0.0141912 0.00649598 0.0149291 0.0176904 0.01962 
0.540507 0.40559 0.824029 0.633072 0.70046 0.469656 -0.0566142 -0.0456235 -0.0954793 -0.0735181 -0.0760137 -0.0509323 -0.118542 -0.118293 -0.113464 
0.640868 0.551113 0.43986 0.498647 0.55914 0.605707 0.112478 0.0804247 0.0648917 0.0747911 0.0940954 0.0983454 -0.0193882 -0.01173 -0.0130773 
0.894797 0.540507 0.824029 0.70046 0.859296 0.757253 -0.0848968 -0.0566142 -0.0954793 -0.0760137 -0.0907451 -0.0755724 -0.111783 -0.118542 -0.113464 
0.790383 0.825622 0.588279 0.755201 0.72074 0.80812 -0.260404 -0.244917 -0.200266 -0.240159 -0.244499 -0.255739 -0.0768493 -0.0853664 -0.108662 
0.775647 0.588279 0.825622 0.755201 0.814606 0.688817 -0.219817 -0.200266 -0.244917 -0.240159 -0.239124 -0.214578 -0.10641 -0.108662 -0.0853664 
-0.0359842 -0.0353274 -0.04927 -0.042985 -0.0516713 -0.0416239 0.0329986 0.0206709 0.019465 0.0204393 0.0294113 0.0285269 -0.121151 -0.121209 -0.12103 
6.32002e-34 4.59043e-34 0.714331 0.406992 0.399951 -3.26592e-34 -4.58631e-34 -4.19213e-34 -0.0104935 -0.0030467 -0.00406591 -8.62982e-34 -0.0913849 -0.084735 -0.0880076 
0.587292 0.29911 0.380258 0.344506 0.50064 0.460805 -0.023856 -8.05476e-05 0.017827 0.00608758 -0.00015205 -0.0132807 0.00596965 0.0142684 0.00382105 
0.706737 0.607134 0.587292 0.601547 0.672517 0.674755 -0.0864262 -0.0789826 -0.023856 -0.0497083 -0.0493674 -0.0824776 -0.0140829 0.0108964 0.00596965 
0.599335 0.649092 0.608101 0.644707 0.630001 0.624614 0.154215 0.141489 0.127254 0.142874 0.147362 0.148656 -0.0269549 -0.0347618 -0.0166529 
0.640868 0.608101 0.649092 0.644707 0.66331 0.625276 0.112478 0.127254 0.141489 0.142874 0.132268 0.12323 -0.0193882 -0.0166529 -0.0347618 
0.236539 -0.0360028 0.156091 0.0541926 0.195014 0.0820646 -0.124895 -0.0361219 -0.0584533 -0.049166 -0.0951804 -0.084457 -0.0149875 -0.00587595 0.0203609 
0.308665 0.236869 0.136175 0.185376 0.225436 0.273411 -0.00679493 0.00252218 -0.00197002 -0.000536898 -0.00368933 -0.00154044 -0.00769052 -0.0112689 -0.00937457 
0.957233 0.703734 0.97941 0.904472 0.971966 0.925278 -0.0682613 -0.0363601 -0.0563362 -0.0510441 -0.0628323 -0.0579489 -0.110212 -0.0966307 -0.108607 
0.520853 0.520699 0.415881 0.475335 0.483408 0.520941 0.0284121 0.0480485 0.0123896 0.0278897 0.0199691 0.0379571 0.000219097 -0.00334901 -0.00868262 
0.431909 0.298289 0.245882 0.273245 0.355538 0.3747 -0.0159389 -0.0093146 -0.00604076 -0.00790967 -0.0113377 -0.0132174 0.00564514 0.00388778 0.00698543 
0.494812 0.421582 0.480314 0.455638 0.488868 0.469064 -0.0202193 -0.0150475 -0.0209326 -0.0180867 -0.0206498 -0.0178707 -8.16052e-05 -0.000113 0.00187206 
0.395056 0.484518 0.44824 0.468971 0.423714 0.449157 -0.0150668 -0.0204509 -0.02167 -0.0210898 -0.018264 -0.0180767 0.000152832 9.79855e-05 0.000281279 
0.527215 0.635543 0.710542 0.680178 0.64837 0.581519 -0.0394957 -0.0744078 -0.0230149 -0.0455643 -0.0260294 -0.0564937 -0.0575262 -0.0451868 -0.0309111 
0.706737 0.710542 0.635543 0.680178 0.694737 0.712778 -0.0864262 -0.0230149 -0.0744078 -0.0455643 -0.0779222 -0.0528679 -0.0140829 -0.0309111 -0.0451868 
0.506418 0.50269 0.497232 0.501078 0.512045 0.508869 -0.00696158 -0.015733 0.00693678 -0.00688675 -0.00117623 -0.0121956 0.00181026 0.00433115 0.00830522 
2.27602e-34 1.09272e-34 0.245882 0.137079 0.132458 -1.05919e-34 1.10968e-35 3.2478e-35 -0.00604076 -0.00115961 -0.00142845 5.09008e-35 0.0032619 0.00686448 0.00698543 
6.32002e-34 0.714331 0.769789 0.743847 0.445362 0.399951 -4.58631e-34 -0.0104935 -0.0205249 -0.0145999 -0.006872 -0.00406591 -0.0913849 -0.0880076 -0.0957483 
-0.0781542 -0.04927 -0.0604878 -0.0562844 -0.0894604 -0.0747083 0.0476202 0.019465 0.015066 0.0176691 0.0331348 0.0329476 -0.121524 -0.12103 -0.122605 
-3.83448e-35 -0.0604878 -0.04927 -0.0562844 -0.0252491 -0.0229747 6.14802e-34 0.015066 0.019465 0.0176691 0.00504163 0.00354944 -0.122622 -0.122605 -0.12103 
0.35992 0.250556 0.18308 0.217536 0.278813 0.308454 -0.0176403 -0.0102504 -0.00628523 -0.00860155 -0.0123641 -0.0142589 -0.00119014 -0.00435894 -0.00208897 
0.520853 0.415881 0.471588 0.446266 0.49974 0.483408 0.0284121 0.0123896 0.00198128 0.00701402 0.0134567 0.0199691 0.000219097 -0.00868262 -0.00350224 
0.997394 0.821683 0.993948 0.961092 0.996867 0.964675 -0.0204742 -0.024206 -0.0328092 -0.0370639 -0.0278755 -0.0296017 -0.096552 -0.11956 -0.103908 
0.35992 0.18308 0.248051 0.216206 0.307708 0.278813 -0.0176403 -0.00628523 -0.00948632 -0.00819866 -0.0137292 -0.0123641 -0.00119014 -0.00208897 -0.000668767 
0.730837 0.743202 0.649137 0.695731 0.734915 0.755951 -0.23615 -0.262413 -0.241589 -0.25466 -0.249863 -0.256175 -0.0496221 -0.0613355 -0.0340726 
0.550395 0.649137 0.743202 0.695731 0.662857 0.605003 -0.22393 -0.241589 -0.262413 -0.25466 -0.251063 -0.238699 -0.0593076 -0.0340726 -0.0613355 
0.431909 0.245882 0.33481 0.293455 0.389482 0.355538 -0.0159389 -0.00604076 -0.00605194 -0.00704721 -0.0108831 -0.0113377 0.00564514 0.00698543 0.0108201 
0.50269 0.455025 0.497232 0.477813 0.501078 0.486298 -0.015733 -0.00713874 0.00693678 -0.000943161 -0.00688675 -0.0110344 0.00433115 0.00916273 0.00830522 
2.8545e-34 0.200978 0.330537 0.271034 0.201201 0.119316 1.17007e-34 0.019803 0.0245942 0.0255671 0.0092204 0.00492836 0.0205547 0.0207223 0.01962 
2.27602e-34 0.298289 0.195857 0.249491 0.105993 0.167555 1.10968e-35 -0.0093146 -0.00394712 -0.00638635 -0.00157805 -0.0029671 0.0032619 0.00388778 0.00192661 
2.8545e-34 0.330537 0.230292 0.289244 0.12624 0.201201 1.17007e-34 0.0245942 0.00376426 0.0127589 0.00244849 0.0092204 0.0205547 0.01962 0.0176904 
-2.31649e-35 -0.04927 -0.0147169 -0.0306613 -0.00754751 -0.0178309 6.07719e-34 0.019465 0.0055349 0.0110824 0.00116924 0.00295463 -0.121708 -0.12103 -0.121372 
2.22056e-34 0.250556 0.156256 0.203803 0.0758771 0.125997 1.71098e-35 -0.0102504 -0.00394343 -0.00669531 -0.0015564 -0.00383457 -0.00487847 -0.00435894 -0.00721404 
0.957233 0.955337 0.703734 0.881028 0.925278 0.962949 -0.0682613 -0.072725 -0.0363601 -0.0587568 -0.0579489 -0.0708554 -0.110212 -0.104714 -0.0966307 
0.431909 0.33481 0.455025 0.404784 0.444884 0.389482 -0.0159389 -0.00605194 -0.00713874 -0.00705876 -0.0131883 -0.0108831 0.00564514 0.0108201 0.00916273 
5.19063e-34 0.82718 0.700886 0.768477 0.40572 0.505212 4.44155e-34 -0.01346 -0.00631164 -0.00871673 -0.00230154 -0.00470433 -0.0943554 -0.10209 -0.091454 
0.75 1 0.93724 0.984257 0.859228 0.9375 -3.18852e-37 -4.86489e-37 -0.000745604 -0.000645353 -0.000485984 -9.44068e-37 -0.0309291 -0.0316041 -0.0412898 
4.81464e-34 0.399201 0.651267 0.534643 0.292045 0.167442 -4.33846e-34 -0.0313637 -0.0761285 -0.0508125 -0.0232401 -0.0103359 -0.0794792 -0.0837367 -0.0800001 
0.82718 0.821683 0.997394 0.964675 0.964952 0.824841 -0.01346 -0.024206 -0.0204742 -0.0296017 -0.0207817 -0.0178346 -0.10209 -0.11956 -0.096552 
0.388812 0.455025 0.33481 0.404784 0.36613 0.426504 0.00455222 -0.00713874 -0.00605194 -0.00705876 -0.00197677 -0.00144569 0.0149291 0.00916273 0.0108201 
0.0296592 -0.150219 -0.230165 -0.198822 -0.135346 -0.0715419 -0.0146376 0.0362555 0.0167414 0.0284333 0.0195045 0.0257568 -0.135401 -0.13267 -0.127789 
1.7837e-34 0.154972 0.248051 0.203424 0.131732 0.0788601 -2.56103e-36 -0.00375725 -0.00948632 -0.00635647 -0.00324313 -0.00159138 -0.000538572 -0.000229951 -0.000668767 
6.59066e-34 0.706161 0.844102 0.780642 0.51297 0.404932 -2.65877e-34 -0.000899122 -0.00238065 -0.00146934 -0.000883805 -0.000372847 -0.0540032 -0.0477968 -0.0600439 
3.69057e-34 3.98232e-34 0.703734 0.385917 0.36258 -4.23035e-34 -4.75677e-34 -4.94317e-34 -0.0363601 -0.00972752 -0.0119961 -9.369e-34 -0.0942363 -0.0983336 -0.0966307 
0.0296592 0.144434 -0.150219 -0.0169539 -0.0715419 0.0911654 -0.0146376 -0.0185003 0.0362555 0.02802 0.0257568 -0.0135586 -0.135401 -0.137441 -0.13267 
0.993948 0.821683 0.988709 0.955456 0.99123 0.961092 -0.0328092 -0.024206 -0.0435128 -0.0430176 -0.038885 -0.0370639 -0.103908 -0.11956 -0.10682 
-2.32494e-34 -0.150219 -0.160896 -0.170571 -0.118615 -0.184519 6.68837e-34 0.0362555 0.0393889 0.0432291 0.0219619 0.0284549 -0.128009 -0.13267 -0.127379 
0.860646 0.769789 0.988709 0.9272 0.94959 0.82068 -0.0375367 -0.0205249 -0.0435128 -0.0338243 -0.0420107 -0.0292622 -0.1009 -0.0957483 -0.10682 
0.46482 0.532933 0.492573 0.514969 0.481488 0.508126 0.0659839 0.0651064 0.0352329 0.0484316 0.0501509 0.0661243 0.0139858 0.00536485 0.0115654 
0.520853 0.492573 0.532933 0.514969 0.531975 0.522246 0.0284121 0.0352329 0.0651064 0.0484316 0.0454051 0.03183 0.000219097 0.0115654 0.00536485 
0.838688 0.651267 0.399201 0.534643 0.650114 0.75068 -0.0857996 -0.0761285 -0.0313637 -0.0508125 -0.0613915 -0.0836607 -0.0912644 -0.0800001 -0.0837367 
0.889158 0.686224 0.651267 0.672 0.807021 0.813705 -0.143193 -0.104945 -0.0761285 -0.0907255 -0.115816 -0.130117 -0.0929845 -0.0773505 -0.0800001 
0.860646 0.97941 0.703734 0.904472 0.786207 0.949401 -0.0375367 -0.0563362 -0.0363601 -0.0510441 -0.0386042 -0.0479674 -0.1009 -0.108607 -0.0966307 
4.54531e-34 4.86477e-34 0.774941 0.458296 0.456887 -4.05531e-34 2.6356e-34 3.20819e-34 -0.00201274 -0.000801526 -0.000631154 5.86259e-34 -0.0554853 -0.0676097 -0.0609927 
4.81464e-34 0.651267 0.287522 0.464912 0.136592 0.292045 -4.33846e-34 -0.0761285 -0.0309164 -0.050405 -0.00859658 -0.0232401 -0.0794792 -0.0800001 -0.0725142 
0.998688 0.93724 0.986673 0.995426 0.994215 0.988599 -0.00161512 -0.000745604 -0.000565279 -0.000782415 -0.00118537 -0.00136836 -0.0511824 -0.0412898 -0.0392457 
0.308665 0.136175 0.156256 0.145783 0.234617 0.225436 -0.00679493 -0.00197002 -0.00394343 -0.00291075 -0.00576654 -0.00368933 -0.00769052 -0.00937457 -0.00721404 
0.998688 0.986673 0.750023 0.90533 0.928021 0.994215 -0.00161512 -0.000565279 -0.000652561 -0.000730516 -0.00123307 -0.00118537 -0.0511824 -0.0392457 -0.0427755 
0.506418 0.471588 0.415808 0.4432 0.473055 0.493628 -0.00696158 0.00198128 -0.0153202 -0.00869333 -0.0130265 -0.00298975 0.00181026 -0.00350224 -0.00318766 
0.455003 0.0438625 0.266626 0.149847 0.35861 0.247919 -0.189148 -0.0788127 -0.148142 -0.115742 -0.170944 -0.132876 -0.086693 -0.0904082 -0.0500339 
0.596958 0.100839 0.422065 0.24535 0.504545 0.30456 -0.0870742 0.0218883 -0.0643169 -0.016709 -0.0750533 -0.0301202 -0.120975 -0.124518 -0.127095 
0.308665 0.415808 0.471588 0.4432 0.400261 0.366677 -0.00679493 -0.0153202 0.00198128 -0.00869333 -0.00396698 -0.011245 -0.00769052 -0.00318766 -0.00350224 
0.266626 0.0438625 -0.059517 -0.0230741 0.0904773 0.149847 -0.148142 -0.0788127 -0.0560152 -0.066132 -0.0997759 -0.115742 -0.0500339 -0.0904082 -0.048813 
0.153766 0.422065 0.100839 0.24535 0.132259 0.272834 0.00172318 -0.0643169 0.0218883 -0.016709 0.0146258 -0.0292419 -0.132177 -0.127095 -0.124518 
1.68436e-34 0.236869 0.149687 0.193558 0.0682739 0.112546 5.88402e-35 0.00252218 0.00455619 0.00502383 0.000392738 0.000377651 -0.011581 -0.0112689 -0.0133456 
5.06998e-34 -0.0210153 -0.0142374 -0.0234346 -0.00969677 -0.00908039 3.87663e-35 0.0268997 0.0398943 0.037343 0.0402161 0.0300239 -0.123385 -0.121653 -0.123332 
0.308665 0.415881 0.236869 0.332926 0.273411 0.361645 -0.00679493 0.0123896 0.00252218 0.00644786 -0.00154044 0.000631984 -0.00769052 -0.00868262 -0.0112689 
7.2551e-34 0.821683 0.82718 0.824841 0.511791 0.516509 5.1748e-34 -0.024206 -0.01346 -0.0178346 -0.00719542 -0.0138629 -0.11257 -0.11956 -0.10209 
-1.04949e-34 -0.0360028 -0.059517 -0.0597153 -0.135178 -0.0826529 8.7484e-35 -0.0361219 -0.0560152 -0.0485186 -0.0145069 -0.0103632 -0.0217651 -0.00587595 -0.048813 
3.98232e-34 0.42812 0.703734 0.580024 0.385917 0.217618 -4.94317e-34 -0.012633 -0.0363601 -0.0211306 -0.00972752 -0.00353505 -0.0983336 -0.0968187 -0.0966307 
0.860646 0.703734 0.42812 0.580024 0.67873 0.786207 -0.0375367 -0.0363601 -0.012633 -0.0211306 -0.0245389 -0.0386042 -0.1009 -0.0966307 -0.0968187 
0.998688 0.844102 0.706161 0.780642 0.935873 0.967614 -0.00161512 -0.00238065 -0.000899122 -0.00146934 -0.00157454 -0.0024568 -0.0511824 -0.0600439 -0.0477968 
-2.11525e-34 -2.04168e-34 -0.186475 -0.223144 -0.215569 2.04258e-34 6.18625e-34 5.02542e-34 -0.0122697 0.00522361 0.0104347 1.11653e-33 -0.123405 -0.101668 -0.115374 
0.308665 0.156256 0.250556 0.203803 0.278004 0.234617 -0.00679493 -0.00394343 -0.0102504 -0.00669531 -0.00949156 -0.00576654 -0.00769052 -0.00721404 -0.00435894 
0.388812 0.239332 0.230292 0.235416 0.320436 0.325577 0.00455222 -0.000658914 0.00376426 0.00137069 0.00649598 0.00209221 0.0149291 0.0149662 0.0176904 
0.494812 0.480314 0.499906 0.498322 0.500507 0.488868 -0.0202193 -0.0209326 -0.0226338 -0.0223111 -0.0214358 -0.0206498 -8.16052e-05 0.00187206 0.000776075 
1.68436e-34 0.136175 0.236869 0.185376 0.112546 0.0638582 5.88402e-35 -0.00197002 0.00252218 -0.000536898 0.000377651 -0.000332709 -0.011581 -0.00937457 -0.0112689 
0.484518 0.499906 0.44824 0.483704 0.468971 0.494119 -0.0204509 -0.0226338 -0.02167 -0.0228005 -0.0210898 -0.0216529 9.79855e-05 0.000776075 0.000281279 
3.16704e-34 0.239332 0.33481 0.291162 0.197801 0.134357 5.45605e-35 -0.000658914 -0.00605194 -0.00274318 -0.00277714 -0.000873922 0.0120608 0.0149662 0.0108201 
-2.32494e-34 -2.11525e-34 -0.230165 -0.179151 -0.15925 1.21623e-34 6.68837e-34 6.18625e-34 0.0167414 0.0114691 0.017489 1.23871e-33 -0.128009 -0.123405 -0.127789 
-3.82246e-36 -0.0147169 -0.00236065 -0.00693991 -0.000809565 -0.00291215 6.00445e-34 0.0055349 0.00181921 0.00381557 0.000651274 0.00139829 -0.121299 -0.121372 -0.121195 
-0.0359842 -0.0323651 0.151295 0.027313 0.0101613 -0.0358934 0.0329986 0.0357974 -0.00585747 0.0233451 0.0251398 0.0336851 -0.121151 -0.120243 -0.120318 
-1.66551e-34 -1.04949e-34 -0.059517 -0.135178 -0.170812 7.19519e-35 3.11877e-34 8.7484e-35 -0.0560152 -0.0145069 -0.0146609 4.51668e-34 -0.0661174 -0.0217651 -0.048813 
-0.0781542 -0.0604878 -0.0972217 -0.0767879 -0.104175 -0.0894604 0.0476202 0.015066 0.021348 0.0180828 0.0405817 0.0331348 -0.121524 -0.122605 -0.124176 
0.860646 0.42812 0.769789 0.612165 0.82068 0.67873 -0.0375367 -0.012633 -0.0205249 -0.016238 -0.0292622 -0.0245389 -0.1009 -0.0968187 -0.0957483 
0.777528 0.703734 0.955337 0.881028 0.897462 0.744654 -0.0557571 -0.0363601 -0.072725 -0.0587568 -0.0677159 -0.0460555 -0.0957162 -0.0966307 -0.104714 
7.45334e-34 0.821683 7.2551e-34 0.516509 -4.75927e-34 0.533576 3.14647e-34 -0.024206 5.1748e-34 -0.0138629 1.19554e-33 -0.0325014 -0.137863 -0.11956 -0.11257 
0.236539 -0.059517 -0.0360028 -0.0597153 0.0820646 0.0723065 -0.124895 -0.0560152 -0.0361219 -0.0485186 -0.084457 -0.0936689 -0.0149875 -0.048813 -0.00587595 
0.501067 0.499906 0.480314 0.498322 0.499875 0.500303 -0.0235913 -0.0226338 -0.0209326 -0.0223111 -0.0224564 -0.0232915 0.00138301 0.000776075 0.00187206 
0.501067 0.44824 0.499906 0.483704 0.500303 0.482811 -0.0235913 -0.02167 -0.0226338 -0.0228005 -0.0232915 -0.023289 0.00138301 0.000281279 0.000776075 
6.61567e-34 5.19063e-34 0.700886 0.40572 0.4024 -2.39626e-34 3.79139e-34 4.44155e-34 -0.00631164 -0.00230154 -0.00178952 8.32394e-34 -0.0803813 -0.0943554 -0.091454 
-1.01083e-34 -0.160896 -0.0972217 -0.129985 -0.0615294 -0.098087 6.5548e-34 0.0393889 0.021348 0.0288505 0.00530282 0.0134944 -0.129211 -0.127379 -0.124176 
0.999514 0.997394 0.714331 0.916905 0.923126 0.99887 -0.0108514 -0.0204742 -0.0104935 -0.0170749 -0.0130145 -0.015721 -0.0858306 -0.096552 -0.0880076 
6.61567e-34 0.700886 0.834223 0.772535 0.508064 0.4024 3.79139e-34 -0.00631164 -0.00578348 -0.00627037 -0.00207413 -0.00178952 -0.0803813 -0.091454 -0.0808579 
0.894797 0.824029 0.922979 0.930683 0.946047 0.859296 -0.0848968 -0.0954793 -0.0819526 -0.0982806 -0.0883603 -0.0907451 -0.111783 -0.113464 -0.0994986 
0.388812 0.33481 0.239332 0.291162 0.325577 0.36613 0.00455222 -0.00605194 -0.000658914 -0.00274318 0.00209221 -0.00197677 0.0149291 0.0108201 0.0149662 
0.215814 0.151295 0.714642 0.403871 0.479982 0.17968 -0.0108539 -0.00585747 -0.063752 -0.0381476 -0.0430576 -0.00862903 -0.121866 -0.120318 -0.11827 
0.993948 0.988709 0.769789 0.9272 0.928186 0.99123 -0.0328092 -0.0435128 -0.0205249 -0.0338243 -0.0287833 -0.038885 -0.103908 -0.10682 -0.0957483 
5.06998e-34 4.98052e-34 -0.0210153 -0.00664678 -0.00908039 1.02305e-33 3.87663e-35 1.29425e-35 0.0268997 0.0190638 0.0300239 -1.58023e-35 -0.123385 -0.120792 -0.121653 
0.999514 0.714331 0.648895 0.682757 0.906301 0.923126 -0.0108514 -0.0104935 -0.00531776 -0.00722475 -0.0100379 -0.0130145 -0.0858306 -0.0880076 -0.0806863 
0.999514 0.82718 0.997394 0.964952 0.99887 0.96084 -0.0108514 -0.01346 -0.0204742 -0.0207817 -0.015721 -0.014993 -0.0858306 -0.10209 -0.096552 
0.256822 0.195857 0.400448 0.312326 0.335759 0.227407 -0.00615533 -0.00394712 -0.0148657 -0.00962429 -0.0103356 -0.00509025 -0.000124616 0.00192661 0.00180327 
0.233121 0.359903 0.154972 0.268345 0.194989 0.302145 -0.00630119 -0.0151691 -0.00375725 -0.00954206 -0.00505055 -0.0104955 0.000142795 8.9637e-05 -0.000229951 
0.35992 0.477687 0.415808 0.451112 0.387485 0.428243 -0.0176403 -0.0219672 -0.0153202 -0.0194756 -0.0178062 -0.0209003 -0.00119014 0.000145971 -0.00318766 
4.59043e-34 0.648895 0.714331 0.682757 0.406992 0.36117 -4.19213e-34 -0.00531776 -0.0104935 -0.00722475 -0.0030467 -0.00196037 -0.084735 -0.0806863 -0.0880076 
0.542548 0.709982 0.710413 0.710467 0.654093 0.669051 -0.175453 -0.159983 -0.210914 -0.184719 -0.196008 -0.170753 0.00421546 -0.0189398 -0.022251 
0.6534 0.693928 0.702273 0.698604 0.69961 0.689366 0.0330886 0.089167 0.0368265 0.0680664 0.0381175 0.0624051 -0.0102261 -0.0313875 -0.0368547 
4.86477e-34 0.645579 0.774941 0.713834 0.458296 0.364545 3.20819e-34 -0.00237528 -0.00201274 -0.00225041 -0.000801526 -0.000686334 -0.0676097 -0.0721296 -0.0609927 
0.998688 0.750023 0.624887 0.690564 0.894989 0.928021 -0.00161512 -0.000652561 -0.00087713 -0.000777201 -0.00159699 -0.00123307 -0.0511824 -0.0427755 -0.0516961 
-0.0781542 0.100839 0.0770657 0.0937212 -0.0159482 -0.0142865 0.0476202 0.0218883 0.0182301 0.0216262 0.0404149 0.0467482 -0.121524 -0.124518 -0.119225 
5.75048e-34 0.843358 0.648895 0.755759 0.364595 0.508542 -3.72691e-34 -0.00471422 -0.00531776 -0.00522592 -0.00170447 -0.00228962 -0.0754168 -0.0730615 -0.0806863 
0.297096 0.423558 0.471867 0.448943 0.389181 0.355517 0.106658 0.145052 0.137236 0.143557 0.125284 0.127852 0.00218226 -0.0221641 -0.00186964 
2.76227e-34 2.57238e-34 0.518269 0.256329 0.232785 -2.14714e-34 -4.33974e-34 -4.65035e-34 -0.0359589 -0.00870123 -0.0091188 -8.66356e-34 -0.0854342 -0.0926512 -0.0888992 
0.999514 0.700886 0.82718 0.768477 0.96084 0.931303 -0.0108514 -0.00631164 -0.01346 -0.00871673 -0.014993 -0.0110779 -0.0858306 -0.091454 -0.10209 
-3.82246e-36 -2.31649e-35 -0.0147169 -0.00754751 -0.00291215 3.58227e-36 6.00445e-34 6.07719e-34 0.0055349 0.00116924 0.00139829 1.19934e-33 -0.121299 -0.121708 -0.121372 
7.84034e-35 2.22056e-34 0.156256 0.0758771 0.0729274 -5.79456e-35 3.90829e-35 1.71098e-35 -0.00394343 -0.0015564 -0.000723052 6.52267e-35 -0.00813181 -0.00487847 -0.00721404 
0.75 0.750023 0.986673 0.90533 0.905337 0.74995 -3.6555e-37 -0.000652561 -0.000565279 -0.000730516 -0.000492077 -0.000343528 -0.0322384 -0.0427755 -0.0392457 
0.570869 0.838112 0.706968 0.779346 0.650869 0.73735 -0.126732 -0.206681 -0.194556 -0.206733 -0.162779 -0.173411 -0.0643584 -0.0834897 -0.0648358 
0.166217 0.447305 0.369348 0.404992 0.257696 0.28694 -0.0323095 -0.119295 -0.0875349 -0.102027 -0.0591691 -0.0656131 -0.0503448 -0.0508512 -0.0496604 
0.10057 0.26915 0.319329 0.293632 0.207241 0.186962 -0.0103951 -0.0337374 0.0132055 -0.0117419 -0.00341412 -0.0274823 -0.0764331 -0.0724562 -0.0758218 
0.596958 0.918443 0.824029 0.89025 0.711667 0.81986 -0.0870742 -0.124535 -0.0954793 -0.113193 -0.0931333 -0.118866 -0.120975 -0.103243 -0.113464 
0.442311 0.509772 0.565815 0.537867 0.514628 0.481304 0.067365 0.0771408 0.110735 0.0949035 0.0892006 0.0745494 -0.0139782 -0.0109627 -0.0129367 
0.236869 0.415881 0.310625 0.36703 0.271473 0.332926 0.00252218 0.0123896 0.0141201 0.0152582 0.00765537 0.00644786 -0.0112689 -0.00868262 -0.0131873 
0.501067 0.50269 0.477687 0.502851 0.492935 0.50437 -0.0235913 -0.015733 -0.0219672 -0.0193404 -0.023209 -0.0210755 0.00138301 0.00433115 0.000145971 
0.596958 0.35105 0.100839 0.202838 0.30456 0.476595 -0.0870742 -0.041011 0.0218883 -0.00760466 -0.0301202 -0.0617449 -0.120975 -0.120194 -0.124518 
0.552552 0.460633 0.548303 0.50855 0.554508 0.528161 0.0902279 0.104872 0.124151 0.114596 0.107711 0.101627 -0.000457383 0.0105151 -0.000664662 
2.52233e-34 -3.82246e-36 -0.00236065 -0.000809565 0.000105697 9.95809e-38 2.99624e-34 6.00445e-34 0.00181921 0.000651274 -0.000253665 1.19752e-33 -0.12123 -0.121299 -0.121195 
0.297096 0.471867 0.460633 0.466132 0.389448 0.389181 0.106658 0.137236 0.104872 0.122378 0.111757 0.125284 0.00218226 -0.00186964 0.0105151 
0.215814 0.0307197 -0.0142374 -0.00037087 0.0349602 0.111417 -0.0108539 0.0389269 0.0398943 0.0427215 0.0262537 0.0143337 -0.121866 -0.125636 -0.123332 
2.52233e-34 -0.00236065 5.03247e-34 -0.000688944 1.00957e-33 0.000105697 2.99624e-34 0.00181921 1.6402e-36 0.000911855 -5.19123e-37 -0.000253665 -0.12123 -0.121195 -0.120996 
0.442621 0.310625 0.415881 0.36703 0.428043 0.382388 0.0347843 0.0141201 0.0123896 0.0152582 0.0225173 0.0245751 -0.0100823 -0.0131873 -0.00868262 
0.777528 0.358045 0.703734 0.535453 0.744654 0.588217 -0.0557571 -0.0168793 -0.0363601 -0.0249062 -0.0460555 -0.0343791 -0.0957162 -0.0931882 -0.0966307 
0.596958 0.824029 0.35105 0.602053 0.476595 0.711667 -0.0870742 -0.0954793 -0.041011 -0.0733507 -0.0617449 -0.0931333 -0.120975 -0.113464 -0.120194 
0.431909 0.455025 0.50269 0.486298 0.478067 0.444884 -0.0159389 -0.00713874 -0.015733 -0.0110344 -0.0164481 -0.0131883 0.00564514 0.00916273 0.00433115 
6.59066e-34 4.02069e-34 0.706161 0.405445 0.404932 -2.80315e-34 -2.65877e-34 -2.09094e-34 -0.000899122 -0.000235217 -0.000372847 -4.73627e-34 -0.0540032 -0.0426031 -0.0477968 
0.10057 0.319329 0.334887 0.326436 0.211741 0.207241 -0.0103951 0.0132055 0.0609968 0.0369335 0.020028 -0.00341412 -0.0764331 -0.0758218 -0.0698704 
0.998688 0.997036 0.844102 0.971097 0.967614 0.997868 -0.00161512 -0.0029326 -0.00238065 -0.00305456 -0.0024568 -0.00241344 -0.0511824 -0.060341 -0.0600439 
0.166217 0.369348 0.281139 0.320691 0.216973 0.257696 -0.0323095 -0.0875349 -0.0638804 -0.0745342 -0.0525949 -0.0591691 -0.0503448 -0.0496604 -0.0520998 
0.999514 0.648895 0.843358 0.755759 0.95799 0.906301 -0.0108514 -0.00531776 -0.00471422 -0.00522592 -0.00845319 -0.0100379 -0.0858306 -0.0806863 -0.0730615 
0.587956 0.334887 0.48621 0.412993 0.540714 0.467572 0.113877 0.0609968 0.0627316 0.0645235 0.0908467 0.0904092 -0.0510128 -0.0698704 -0.0660142 
4.81464e-34 2.76227e-34 0.399201 0.187159 0.167442 -1.20681e-34 -4.33846e-34 -4.33974e-34 -0.0313637 -0.00841369 -0.0103359 -8.03712e-34 -0.0794792 -0.0854342 -0.0837367 
-0.0164399 -0.00236065 -0.0147169 -0.00693991 -0.0160973 -0.0078313 0.0121009 0.00181921 0.0055349 0.00381557 0.00846483 0.00557288 -0.121125 -0.121195 -0.121372 
0.215814 0.0142435 0.151295 0.0693124 0.17968 0.0862428 -0.0108539 0.0253646 -0.00585747 0.0116581 -0.00862903 0.0110581 -0.121866 -0.122307 -0.120318 
0.570869 0.864272 0.838112 0.853273 0.73735 0.74712 -0.126732 -0.168791 -0.206681 -0.189549 -0.173411 -0.156771 -0.0643584 -0.0880722 -0.0834897 
0.554111 0.281139 0.488829 0.380373 0.520338 0.41288 -0.0966812 -0.0638804 -0.109222 -0.0869231 -0.103785 -0.0869661 -0.0485233 -0.0520998 -0.0489934 
0.790383 0.706968 0.825622 0.794916 0.80812 0.791129 -0.260404 -0.194556 -0.244917 -0.226028 -0.255739 -0.240286 -0.0768493 -0.0648358 -0.0853664 
0.989544 0.844102 0.997036 0.971097 0.993935 0.978353 -0.00437372 -0.00238065 -0.0029326 -0.00305456 -0.00357411 -0.00409556 -0.0692725 -0.0600439 -0.060341 
0.998688 0.624887 0.774941 0.70465 0.934939 0.894989 -0.00161512 -0.00087713 -0.00201274 -0.00130069 -0.00217994 -0.00159699 -0.0511824 -0.0516961 -0.0609927 
0.957233 0.714642 0.955337 0.91083 0.962949 0.870675 -0.0682613 -0.063752 -0.072725 -0.0769974 -0.0708554 -0.0708449 -0.110212 -0.11827 -0.104714 
-0.107983 -0.0972217 -0.160896 -0.129985 -0.143445 -0.126048 0.055594 0.021348 0.0393889 0.0288505 0.0520313 0.0439905 -0.125786 -0.124176 -0.127379 
5.06998e-34 -0.0142374 0.0307197 -0.00037087 -0.0119623 -0.00969677 3.87663e-35 0.0398943 0.0389269 0.0427215 0.045157 0.0402161 -0.123385 -0.123332 -0.125636 
0.653279 0.838017 0.864272 0.874061 0.85177 0.764335 -0.136372 -0.203962 -0.168791 -0.195824 -0.184798 -0.178313 -0.126471 -0.107427 -0.0880722 
3.69057e-34 0.703734 0.358045 0.535453 0.184093 0.36258 -4.75677e-34 -0.0363601 -0.0168793 -0.0249062 -0.00667246 -0.0119961 -0.0942363 -0.0966307 -0.0931882 
0.889158 0.918443 0.783471 0.870351 0.886523 0.909812 -0.143193 -0.124535 -0.137541 -0.136524 -0.153523 -0.135673 -0.0929845 -0.103243 -0.11786 
0.596958 0.783471 0.918443 0.870351 0.81986 0.699577 -0.0870742 -0.137541 -0.124535 -0.136524 -0.118866 -0.112323 -0.120975 -0.11786 -0.103243 
0.442621 0.415881 0.520699 0.475335 0.488763 0.428043 0.0347843 0.0123896 0.0480485 0.0278897 0.0412415 0.0225173 -0.0100823 -0.00868262 -0.00334901 
-2.11525e-34 -0.186475 -0.230165 -0.21694 -0.179151 -0.215569 6.18625e-34 -0.0122697 0.0167414 0.00509346 0.0114691 0.0104347 -0.123405 -0.115374 -0.127789 
-0.0359842 0.151295 0.0142435 0.0693124 -0.0215272 0.0101613 0.0329986 -0.00585747 0.0253646 0.0116581 0.0329799 0.0251398 -0.121151 -0.120318 -0.122307 
0.442311 0.565815 0.608101 0.587249 0.537653 0.514628 0.067365 0.110735 0.127254 0.120224 0.0979417 0.0892006 -0.0139782 -0.0129367 -0.0166529 
0.248051 0.154972 0.359903 0.268345 0.307553 0.203424 -0.00948632 -0.00375725 -0.0151691 -0.00954206 -0.0124791 -0.00635647 -0.000668767 -0.000229951 8.9637e-05 
0.298289 0.400448 0.195857 0.312326 0.249491 0.354252 -0.0093146 -0.0148657 -0.00394712 -0.00962429 -0.00638635 -0.0122821 0.00388778 0.00180327 0.00192661 
4.23446e-34 6.32002e-34 0.769789 0.445362 0.430239 -4.72506e-34 -4.78883e-34 -4.58631e-34 -0.0205249 -0.006872 -0.00899322 -9.15271e-34 -0.0958734 -0.0913849 -0.0957483 
0.75 0.437668 0.750023 0.609344 0.74995 0.609478 -3.6555e-37 -0.000150836 -0.000652561 -0.000275216 -0.000343528 -0.000121106 -0.0322384 -0.0380496 -0.0427755 
0.421582 0.400448 0.480314 0.448346 0.455638 0.411199 -0.0150475 -0.0148657 -0.0209326 -0.0183048 -0.0180867 -0.0149506 -0.000113 0.00180327 0.00187206 
0.395056 0.44824 0.359903 0.408785 0.378233 0.423714 -0.0150668 -0.02167 -0.0151691 -0.0188405 -0.0150429 -0.018264 0.000152832 0.000281279 8.9637e-05 
0.894797 0.955337 0.714642 0.91083 0.820014 0.9464 -0.0848968 -0.072725 -0.063752 -0.0769974 -0.0760376 -0.0816704 -0.111783 -0.104714 -0.11827 
0.6534 0.702273 0.710542 0.706994 0.702626 0.69961 0.0330886 0.0368265 -0.0230149 0.00763637 0.0123437 0.0381175 -0.0102261 -0.0368547 -0.0309111 
0.998688 0.706161 0.93724 0.842958 0.988599 0.935873 -0.00161512 -0.000899122 -0.000745604 -0.00100373 -0.00136836 -0.00157454 -0.0511824 -0.0477968 -0.0412898 
3.16704e-34 1.42535e-34 0.239332 0.134486 0.134357 -8.52731e-35 5.45605e-35 8.32728e-35 -0.000658914 0.000169379 -0.000873922 1.42332e-34 0.0120608 0.0168536 0.0149662 
0.599335 0.608101 0.61162 0.617738 0.61181 0.630001 0.154215 0.127254 0.146886 0.140662 0.153179 0.147362 -0.0269549 -0.0166529 -0.0162449 
0.989544 0.999306 0.843358 0.965553 0.978175 0.996039 -0.00437372 -0.00727385 -0.00471422 -0.00681319 -0.00583371 -0.00607254 -0.0692725 -0.0772445 -0.0730615 
0.542548 0.710413 0.649137 0.690093 0.595332 0.654093 -0.175453 -0.210914 -0.241589 -0.229185 -0.210016 -0.196008 0.00421546 -0.022251 -0.0340726 
4.59043e-34 5.75048e-34 0.648895 0.364595 0.36117 -2.01507e-34 -4.19213e-34 -3.72691e-34 -0.00531776 -0.00170447 -0.00196037 -7.84812e-34 -0.084735 -0.0754168 -0.0806863 
0.421582 0.256822 0.400448 0.335759 0.411199 0.350747 -0.0150475 -0.00615533 -0.0148657 -0.0103356 -0.0149506 -0.0105451 -0.000113 -0.000124616 0.00180327 
0.233121 0.395056 0.359903 0.378233 0.302145 0.323126 -0.00630119 -0.0150668 -0.0151691 -0.0150429 -0.0104955 -0.0107471 0.000142795 0.000152832 8.9637e-05 
0.838688 0.399201 0.518269 0.459068 0.705806 0.650114 -0.0857996 -0.0313637 -0.0359589 -0.0336878 -0.0625689 -0.0613915 -0.0912644 -0.0837367 -0.0888992 
3.16777e-34 0.586407 4.02069e-34 0.324953 -9.77464e-35 0.325108 -7.56577e-35 -0.000272743 -2.09094e-34 -0.000120076 -3.60103e-34 -8.51431e-05 -0.0308434 -0.0385828 -0.0426031 
4.02069e-34 0.586407 0.706161 0.648896 0.405445 0.324953 -2.09094e-34 -0.000272743 -0.000899122 -0.000491678 -0.000235217 -0.000120076 -0.0426031 -0.0385828 -0.0477968 
0.501067 0.480314 0.492229 0.486868 0.502708 0.499875 -0.0235913 -0.0209326 -0.0199081 -0.0211504 -0.0220071 -0.0224564 0.00138301 0.00187206 0.00354651 
0.431909 0.492229 0.480314 0.486868 0.459958 0.468383 -0.0159389 -0.0199081 -0.0209326 -0.0211504 -0.0189825 -0.0182446 0.00564514 0.00354651 0.00187206 
4.4183e-34 0.624887 0.750023 0.690564 0.437618 0.349926 2.08077e-34 -0.00087713 -0.000652561 -0.000777201 -0.000204502 -0.00020118 -0.043767 -0.0516961 -0.0427755 
1 0.75 0.986673 0.905337 0.996675 0.9375 -4.86489e-37 -3.6555e-37 -0.000565279 -0.000492077 -0.000532767 -7.53031e-37 -0.0316041 -0.0322384 -0.0392457 
0.999514 0.843358 0.999306 0.965553 0.999787 0.95799 -0.0108514 -0.00471422 -0.00727385 -0.00681319 -0.0087807 -0.00845319 -0.0858306 -0.0730615 -0.0772445 
1.7612e-34 2.15868e-34 0.337871 0.20865 0.185001 -1.22526e-34 -1.62782e-34 -1.07644e-34 -0.0279985 -0.00950338 -0.012025 -2.39267e-34 0.0299587 0.0201255 0.0244885 
0.527215 0.710542 0.625097 0.679998 0.578054 0.64837 -0.0394957 -0.0230149 -0.000376529 -0.00433438 -0.0211334 -0.0260294 -0.0575262 -0.0309111 -0.0553806 
1.76714e-34 1.48011e-34 0.297329 0.146522 0.164431 -9.76071e-35 4.55453e-35 6.58025e-35 0.0267623 0.00691682 0.00767199 9.07671e-35 -0.00745613 -0.0117258 -0.00889893 
0.989544 0.774941 0.645579 0.713834 0.87885 0.916746 -0.00437372 -0.00201274 -0.00237528 -0.00225041 -0.00417257 -0.00347217 -0.0692725 -0.0609927 -0.0721296 
-5.36029e-35 -8.19826e-35 -0.0446424 -0.0859505 -0.0692701 2.58183e-35 -1.09563e-34 -2.31591e-34 0.0249072 0.00730275 0.00660661 -3.66284e-34 -0.0243491 -0.0483142 -0.0384833 
-2.77305e-35 -2.48927e-36 -0.0214219 -0.00523585 -0.0214172 2.19166e-35 -3.24618e-34 -2.90623e-34 -0.0223627 -0.0062946 -0.00579932 -5.95611e-34 -0.0645516 -0.0580564 -0.0601883 
2.44092e-35 3.25286e-35 0.0708439 0.025974 0.0220542 -1.74347e-35 -2.73723e-34 -2.91575e-34 -0.00803731 -0.00178721 -0.000916905 -5.60817e-34 -0.055654 -0.058933 -0.0567616 
-4.59068e-35 -1.01083e-34 -0.0972217 -0.0615294 -0.0414761 3.89662e-35 6.20603e-34 6.5548e-34 0.021348 0.00530282 0.00497064 1.24693e-33 -0.124251 -0.129211 -0.124176 
0.40559 0.540507 0.151295 0.33357 0.273009 0.469656 -0.0456235 -0.0566142 -0.00585747 -0.0313294 -0.024741 -0.0509323 -0.118293 -0.118542 -0.120318 
1.07373e-34 4.81464e-34 0.287522 0.136592 0.11587 -8.78556e-35 -3.63605e-34 -4.33846e-34 -0.0309164 -0.00859658 -0.00662605 -7.39639e-34 -0.0726811 -0.0794792 -0.0725142 
7.01339e-35 1.68436e-34 0.149687 0.0682739 0.070808 -4.74151e-35 7.08972e-35 5.88402e-35 0.00455619 0.000392738 0.00144847 1.26165e-34 -0.0140014 -0.011581 -0.0133456 
0.388812 0.492573 0.497232 0.49605 0.453682 0.446889 0.00455222 0.0352329 0.00693678 0.0198665 0.00752999 0.0197154 0.0149291 0.0115654 0.00830522 
0.93724 0.706161 0.586407 0.648896 0.800335 0.842958 -0.000745604 -0.000899122 -0.000272743 -0.000491678 -0.000557107 -0.00100373 -0.0412898 -0.0477968 -0.0385828 
0.730837 0.649137 0.711816 0.727548 0.721683 0.734915 -0.23615 -0.241589 -0.220405 -0.242718 -0.229446 -0.249863 -0.0496221 -0.0340726 -0.0420581 
1 0.986673 0.93724 0.995426 0.984257 0.996675 -4.86489e-37 -0.000565279 -0.000745604 -0.000782415 -0.000645353 -0.000532767 -0.0316041 -0.0392457 -0.0412898 
-3.83448e-35 -4.59068e-35 -0.0604878 -0.0328899 -0.0229747 1.8451e-35 6.14802e-34 6.20603e-34 0.015066 0.00490289 0.00354944 1.21575e-33 -0.122622 -0.124251 -0.122605 
4.23446e-34 0.769789 0.42812 0.612165 0.226401 0.430239 -4.78883e-34 -0.0205249 -0.012633 -0.016238 -0.00460749 -0.00899322 -0.0958734 -0.0957483 -0.0968187 
3.16777e-34 0.75 0.586407 0.673367 0.325108 0.4375 -7.56577e-35 -3.18852e-37 -0.000272743 -0.00016407 -8.51431e-05 -8.73683e-38 -0.0308434 -0.0309291 -0.0385828 
5.24131e-35 5.14638e-36 0.0911912 0.010202 0.0401266 -4.00203e-35 8.12142e-35 3.75977e-36 0.0368874 0.0141249 0.013081 5.03135e-35 0.0138441 -0.00208229 0.00602533 
2.8545e-34 9.88262e-35 0.200978 0.105568 0.119316 -8.06362e-35 1.17007e-34 1.09598e-34 0.019803 0.00709323 0.00492836 1.99303e-34 0.0205547 0.0206284 0.0207223 
-8.7357e-35 -6.61774e-35 -0.0961954 -0.0756555 -0.0915274 5.93679e-35 -3.15975e-34 -3.39436e-34 -0.0115197 -0.0095629 -0.00554915 -6.45262e-34 -0.0635597 -0.067658 -0.0687003 
1.85695e-35 2.1329e-35 0.0427856 0.0211717 0.0212186 -1.21329e-35 -2.68317e-34 -2.62608e-34 -0.00460082 0.00115497 4.74514e-05 -5.27568e-34 -0.0544114 -0.0536083 -0.0526304 
5.61494e-35 7.74249e-35 0.162769 0.0673925 0.0540535 -4.01317e-35 -3.12313e-34 -3.36146e-34 -0.0227373 -0.00527127 -0.0041093 -6.32746e-34 -0.0626428 -0.0672176 -0.0636164 
3.26397e-36 9.14036e-35 0.156091 0.0663668 0.0127357 -4.43887e-35 -8.35288e-35 -1.66512e-34 -0.0584533 -0.0243901 -0.0248869 -1.86781e-34 0.0120277 0.0288507 0.0203609 
2.28145e-34 2.15456e-34 0.380258 0.214528 0.224004 -1.36391e-34 -4.03199e-35 1.17777e-35 0.017827 0.00455395 0.00251831 -3.7605e-35 0.00865363 -0.00114195 0.00382105 
1.11166e-34 9.15045e-35 0.19362 0.0904247 0.101195 -6.09743e-35 7.47222e-35 7.69358e-35 0.0145994 0.00375046 0.00464908 1.39712e-34 -0.0140005 -0.0147366 -0.0141312 
0.777528 0.922979 0.518269 0.776106 0.655173 0.869001 -0.0557571 -0.0819526 -0.0359589 -0.0646632 -0.0471534 -0.0703393 -0.0957162 -0.0994986 -0.0888992 
0.653279 0.440689 0.838017 0.672918 0.764335 0.544349 -0.136372 -0.114961 -0.203962 -0.174133 -0.178313 -0.125422 -0.126471 -0.131346 -0.107427 
0.775647 0.838017 0.440689 0.672918 0.63185 0.807935 -0.219817 -0.203962 -0.114961 -0.174133 -0.178901 -0.213015 -0.10641 -0.107427 -0.131346 
0.838688 0.922979 0.824029 0.930683 0.931699 0.886 -0.0857996 -0.0819526 -0.0954793 -0.0982806 -0.105719 -0.0847713 -0.0912644 -0.0994986 -0.113464 
0.215814 -0.0142374 0.0142435 -0.00685689 0.0862428 0.0349602 -0.0108539 0.0398943 0.0253646 0.033125 0.0110581 0.0262537 -0.121866 -0.123332 -0.122307 
0.501067 0.492229 0.50269 0.497712 0.50437 0.502708 -0.0235913 -0.0199081 -0.015733 -0.0180565 -0.0210755 -0.0220071 0.00138301 0.00354651 0.00433115 
2.39075e-34 4.4183e-34 0.437668 0.234523 0.234471 4.78675e-35 7.69821e-35 2.08077e-34 -0.000150836 -0.000134723 -6.6024e-05 3.6243e-34 -0.0323503 -0.043767 -0.0380496 
0.999514 0.834223 0.700886 0.772535 0.931303 0.961661 -0.0108514 -0.00578348 -0.00631164 -0.00627037 -0.0110779 -0.00939278 -0.0858306 -0.0808579 -0.091454 
0.0296592 -0.230165 -0.186475 -0.21694 -0.0878827 -0.135346 -0.0146376 0.0167414 -0.0122697 0.00509346 -0.00638401 0.0195045 -0.135401 -0.127789 -0.115374 
0.838688 0.518269 0.922979 0.776106 0.886 0.705806 -0.0857996 -0.0359589 -0.0819526 -0.0646632 -0.0847713 -0.0625689 -0.0912644 -0.0888992 -0.0994986 
0.431909 0.50269 0.492229 0.497712 0.468383 0.478067 -0.0159389 -0.015733 -0.0199081 -0.0180565 -0.0182446 -0.0164481 0.00564514 0.00433115 0.00354651 
-1.01083e-34 -2.32494e-34 -0.160896 -0.118615 -0.098087 9.35185e-35 6.5548e-34 6.68837e-34 0.0393889 0.0219619 0.0134944 1.25386e-33 -0.129211 -0.128009 -0.127379 
4.4183e-34 0.750023 0.437668 0.609344 0.234523 0.437618 2.08077e-34 -0.000652561 -0.000150836 -0.000275216 -0.000134723 -0.000204502 -0.043767 -0.0427755 -0.0380496 
1.7612e-34 0.337871 0.192711 0.271151 0.112388 0.185001 -1.62782e-34 -0.0279985 -0.0294713 -0.0328877 -0.00962701 -0.012025 0.0299587 0.0244885 0.0293113 
0.75 0.93724 0.586407 0.800335 0.673367 0.859228 -3.18852e-37 -0.000745604 -0.000272743 -0.000557107 -0.00016407 -0.000485984 -0.0309291 -0.0412898 -0.0385828 
0.460091 0.192711 0.337871 0.271151 0.406099 0.32659 -0.103073 -0.0294713 -0.0279985 -0.0328877 -0.0662215 -0.069589 0.0220103 0.0293113 0.0244885 
1.76714e-34 0.297329 0.26939 0.285997 0.136359 0.164431 4.55453e-35 0.0267623 0.0140568 0.0199996 0.00479875 0.00767199 -0.00745613 -0.00889893 -0.0042771 
-0.0359842 0.0142435 -0.0142374 -0.00685689 -0.0285675 -0.0215272 0.0329986 0.0253646 0.0398943 0.033125 0.0371039 0.0329799 -0.121151 -0.122307 -0.123332 
4.4183e-34 4.54531e-34 0.624887 0.350429 0.349926 -1.42323e-34 2.08077e-34 2.6356e-34 -0.00087713 -0.00029585 -0.00020118 4.72601e-34 -0.043767 -0.0554853 -0.0516961 
0.51813 0.26939 0.297329 0.285997 0.41658 0.408126 0.0484125 0.0140568 0.0267623 0.0199996 0.0387351 0.0308899 -0.00668183 -0.0042771 -0.00889893 
1.42535e-34 2.8545e-34 0.230292 0.12624 0.12929 -7.54743e-35 8.32728e-35 1.17007e-34 0.00376426 0.00244849 0.000709388 1.82624e-34 0.0168536 0.0205547 0.0176904 
4.86477e-34 6.61567e-34 0.645579 0.366322 0.364545 -1.65487e-34 3.20819e-34 3.79139e-34 -0.00237528 -0.00126114 -0.000686334 7.04717e-34 -0.0676097 -0.0803813 -0.0721296 
-0.150219 0.144434 -0.0620737 0.0287319 -0.105582 -0.0169539 0.0362555 -0.0185003 0.0464599 0.0267614 0.0438674 0.02802 -0.13267 -0.137441 -0.131795 
0.838688 0.824029 0.918443 0.89025 0.909492 0.931699 -0.0857996 -0.0954793 -0.124535 -0.113193 -0.110446 -0.105719 -0.0912644 -0.113464 -0.103243 
0.777528 0.518269 0.358045 0.443296 0.588217 0.655173 -0.0557571 -0.0359589 -0.0168793 -0.0240588 -0.0343791 -0.0471534 -0.0957162 -0.0888992 -0.0931882 
-8.19826e-35 -0.103393 -0.0446424 -0.0884112 -0.0859505 -0.0803023 -2.31591e-34 -0.00171975 0.0249072 0.0100537 0.00730275 0.000914835 -0.0483142 -0.0581625 -0.0384833 
-5.36029e-35 -0.0446424 -0.0148875 -0.0348352 -0.0433505 -0.0692701 -1.09563e-34 0.0249072 0.0206399 0.024779 0.00597703 0.00660661 -0.0243491 -0.0384833 -0.014113 
-2.48927e-36 0.0127064 -0.0214219 -0.00066912 -0.00523585 0.00563287 -2.90623e-34 -0.00734262 -0.0223627 -0.0128018 -0.0062946 -0.00246961 -0.0580564 -0.0551512 -0.0601883 
-2.77305e-35 -0.0214219 -0.0637684 -0.04267 -0.0314633 -0.0214172 -3.24618e-34 -0.0223627 -0.0156076 -0.0204959 -0.00478508 -0.00579932 -0.0645516 -0.0601883 -0.0660664 
3.25286e-35 0.0649893 0.0708439 0.0686523 0.025974 0.0208036 -2.91575e-34 -0.0074532 -0.00803731 -0.00858625 -0.00178721 -0.00114892 -0.058933 -0.060179 -0.0567616 
2.44092e-35 0.0708439 0.0332799 0.0471314 0.013745 0.0220542 -2.73723e-34 -0.00803731 0.000476114 -0.00244035 0.000461787 -0.000916905 -0.055654 -0.0567616 -0.0543749 
0.124198 -0.0148875 -0.0446424 -0.0348352 0.0293683 0.0448372 0.075896 0.0206399 0.0249072 0.024779 0.0498327 0.048266 -0.0167089 -0.014113 -0.0384833 
-0.00723088 -0.0637684 -0.0214219 -0.04267 -0.0252428 -0.0577472 -0.0350951 -0.0156076 -0.0223627 -0.0204959 -0.0365985 -0.0304322 -0.0692693 -0.0660664 -0.0601883 
0.0553483 -0.0446424 -0.103393 -0.0884112 -0.051631 -0.0138432 0.0367172 0.0249072 -0.00171975 0.0100537 0.00701137 0.0304042 -0.0646132 -0.0384833 -0.0581625 
0.126428 0.0332799 0.0708439 0.0471314 0.0993891 0.0709548 -0.0157279 0.000476114 -0.00803731 -0.00244035 -0.0114277 -0.0038636 -0.0534214 -0.0543749 -0.0567616 
0.0690915 -0.0214219 0.0127064 -0.00066912 0.0257056 0.0188171 -0.034942 -0.0223627 -0.00734262 -0.0128018 -0.0197694 -0.0309398 -0.0536578 -0.0601883 -0.0551512 
0.306723 0.0708439 0.0649893 0.0686523 0.167652 0.162828 -0.0624173 -0.00803731 -0.0074532 -0.00858625 -0.0274585 -0.0278596 -0.0590558 -0.0567616 -0.060179 
6.61567e-34 0.834223 0.645579 0.748465 0.366322 0.508064 3.79139e-34 -0.00578348 -0.00237528 -0.00366291 -0.00126114 -0.00207413 -0.0803813 -0.0808579 -0.0721296 
0.40559 0.35105 0.824029 0.602053 0.633072 0.376508 -0.0456235 -0.041011 -0.0954793 -0.0733507 -0.0735181 -0.0432275 -0.118293 -0.120194 -0.113464 
0.43986 0.297329 0.173207 0.232524 0.313041 0.378375 0.0648917 0.0267623 0.011511 0.0181203 0.0345332 0.0439141 -0.0130773 -0.00889893 -0.0123834 
1.48011e-34 0.173207 0.297329 0.232524 0.146522 0.0931617 6.58025e-35 0.011511 0.0267623 0.0181203 0.00691682 0.00297665 -0.0117258 -0.0123834 -0.00889893 
0.0438625 -0.21001 -0.059517 -0.154638 -0.0230741 -0.112298 -0.0788127 -0.0136675 -0.0560152 -0.0334811 -0.066132 -0.0378334 -0.0904082 -0.0880849 -0.048813 
7.42407e-35 0.154972 1.7837e-34 0.0788601 -3.35104e-35 0.0809792 -2.30237e-36 -0.00375725 -2.56103e-36 -0.00159138 1.74676e-36 -0.00133674 0.000269967 -0.000229951 -0.000538572 
2.57238e-34 0.358045 0.518269 0.443296 0.256329 0.170713 -4.65035e-34 -0.0168793 -0.0359589 -0.0240588 -0.00870123 -0.0052264 -0.0926512 -0.0931882 -0.0888992 
0.215814 0.413701 0.0307197 0.155868 0.111417 0.301356 -0.0108539 -0.0446099 0.0389269 0.00141407 0.0143337 -0.0247958 -0.121866 -0.12603 -0.125636 
-1.66551e-34 -0.059517 -0.21001 -0.154638 -0.171809 -0.170812 3.11877e-34 -0.0560152 -0.0136675 -0.0334811 -0.00457704 -0.0146609 -0.0661174 -0.048813 -0.0880849 
8.75852e-35 2.27602e-34 0.195857 0.105993 0.103724 -4.88133e-35 -2.23622e-36 1.10968e-35 -0.00394712 -0.00157805 -0.00137739 1.53202e-35 -0.000252309 0.0032619 0.00192661 
0.587292 0.337871 0.29911 0.328272 0.460805 0.480866 -0.023856 -0.0279985 -8.05476e-05 -0.0128772 -0.0132807 -0.0359978 0.00596965 0.0244885 0.0142684 
0.153766 -0.0620737 0.144434 0.0287319 0.1512 0.043627 0.00172318 0.0464599 -0.0185003 0.0267614 -0.00834437 0.0317291 -0.132177 -0.131795 -0.137441 
5.24131e-35 0.0911912 0.115255 0.106234 0.0476074 0.0401266 8.12142e-35 0.0368874 0.0183925 0.0273189 0.00631646 0.013081 0.0138441 0.00602533 0.0170907 
2.15868e-34 0.29911 0.337871 0.328272 0.20865 0.166998 -1.07644e-34 -8.05476e-05 -0.0279985 -0.0128772 -0.00950338 -0.00304938 0.0201255 0.0142684 0.0244885 
9.14036e-35 0.192711 0.156091 0.180483 0.0663668 0.0827702 -1.66512e-34 -0.0294713 -0.0584533 -0.044832 -0.0243901 -0.0121847 0.0288507 0.0293113 0.0203609 
5.14638e-36 -0.0148875 0.0911912 0.0333672 0.010202 -0.022755 3.75977e-36 0.0206399 0.0368874 0.0288239 0.0141249 0.00678246 -0.00208229 -0.014113 0.00602533 
3.26397e-36 0.156091 -0.0360028 0.0541926 -0.0459227 0.0127357 -8.35288e-35 -0.0584533 -0.0361219 -0.049166 -0.011922 -0.0248869 0.0120277 0.0203609 -0.00587595 
2.15456e-34 0.26939 0.380258 0.329865 0.214528 0.150432 1.17777e-35 0.0140568 0.017827 0.015454 0.00455395 0.00355496 -0.00114195 -0.0042771 0.00382105 
-8.7357e-35 -0.0961954 -0.103393 -0.100737 -0.0811023 -0.0915274 -3.15975e-34 -0.0115197 -0.00171975 -0.00419857 -0.00192842 -0.00554915 -0.0635597 -0.0687003 -0.0581625 
-6.61774e-35 -0.0637684 -0.0961954 -0.082496 -0.0756555 -0.0443016 -3.39436e-34 -0.0156076 -0.0115197 -0.0142954 -0.0095629 -0.00527845 -0.067658 -0.0660664 -0.0687003 
1.85695e-35 0.0427856 0.0127064 0.0281509 0.012141 0.0212186 -2.68317e-34 -0.00460082 -0.00734262 -0.007193 -0.000928954 4.74514e-05 -0.0544114 -0.0526304 -0.0551512 
2.1329e-35 0.0332799 0.0427856 0.0378948 0.0211717 0.0133746 -2.62608e-34 0.000476114 -0.00460082 -0.0010571 0.00115497 0.000562147 -0.0536083 -0.0543749 -0.0526304 
5.61494e-35 0.162769 0.0649893 0.106601 0.0271742 0.0540535 -3.12313e-34 -0.0227373 -0.0074532 -0.0137248 -0.00152245 -0.0041093 -0.0626428 -0.0636164 -0.060179 
2.28145e-34 0.380258 0.29911 0.344506 0.170252 0.224004 -4.03199e-35 0.017827 -8.05476e-05 0.00608758 -0.000301852 0.00251831 0.00865363 0.00382105 0.0142684 
7.74249e-35 0.143392 0.162769 0.156747 0.0673925 0.0533337 -3.36146e-34 -0.0130801 -0.0227373 -0.0177143 -0.00527127 -0.00342646 -0.0672176 -0.0692574 -0.0636164 
9.15045e-35 0.113169 0.19362 0.150024 0.0904247 0.0569503 7.69358e-35 0.004986 0.0145994 0.00869594 0.00375046 0.00171949 -0.0147366 -0.0144169 -0.0141312 
1.11166e-34 0.19362 0.173207 0.184677 0.0826499 0.101195 7.47222e-35 0.0145994 0.011511 0.0143049 0.00268082 0.00464908 -0.0140005 -0.0141312 -0.0123834 
0.0296592 0.440689 0.144434 0.290133 0.0911654 0.2343 -0.0146376 -0.114961 -0.0185003 -0.065041 -0.0135586 -0.06426 -0.135401 -0.131346 -0.137441 
0.520853 0.518645 0.492573 0.512749 0.522246 0.521207 0.0284121 0.0143264 0.0352329 0.0233803 0.03183 0.0210851 0.000219097 0.00448935 0.0115654 
8.75852e-35 0.195857 0.256822 0.227407 0.1403 0.103724 -2.23622e-36 -0.00394712 -0.00615533 -0.00509025 -0.00199892 -0.00137739 -0.000252309 0.00192661 -0.000124616 
-0.0781542 0.0770657 -0.0323651 0.00577124 -0.0546542 -0.0159482 0.0476202 0.0182301 0.0357974 0.0311312 0.0405945 0.0404149 -0.121524 -0.119225 -0.120243 
7.42407e-35 0.233121 0.154972 0.194989 0.0809792 0.124882 -2.30237e-36 -0.00630119 -0.00375725 -0.00505055 -0.00133674 -0.00209938 0.000269967 0.000142795 -0.000229951 
0.308665 0.471588 0.415881 0.446266 0.361645 0.400261 -0.00679493 0.00198128 0.0123896 0.00701402 0.000631984 -0.00396698 -0.00769052 -0.00350224 -0.00868262 
2.76227e-34 0.518269 0.399201 0.459068 0.187159 0.232785 -4.33974e-34 -0.0359589 -0.0313637 -0.0336878 -0.00841369 -0.0091188 -0.0854342 -0.0888992 -0.0837367 
0.0296592 -0.186475 0.193543 -0.0165883 0.10819 -0.0878827 -0.0146376 -0.0122697 -0.0940788 -0.0363403 -0.0547115 -0.00638401 -0.135401 -0.115374 -0.120032 
0.0438625 0.193543 -0.186475 -0.0165883 -0.0905581 0.114019 -0.0788127 -0.0940788 -0.0122697 -0.0363403 -0.0341367 -0.0837639 -0.0904082 -0.120032 -0.115374 
0.653279 0.783471 0.422065 0.61601 0.541047 0.719136 -0.136372 -0.137541 -0.0643169 -0.104803 -0.0974154 -0.13986 -0.126471 -0.11786 -0.127095 
1.68436e-34 7.84034e-35 0.136175 0.0639205 0.0638582 -4.02806e-35 5.88402e-35 3.90829e-35 -0.00197002 -0.000446123 -0.000332709 9.79287e-35 -0.011581 -0.00813181 -0.00937457 
0.506418 0.518645 0.471588 0.508064 0.493628 0.513796 -0.00696158 0.0143264 0.00198128 0.00820707 -0.00298975 0.00206042 0.00181026 0.00448935 -0.00350224 
0.520853 0.471588 0.518645 0.508064 0.521207 0.49974 0.0284121 0.00198128 0.0143264 0.00820707 0.0210851 0.0134567 0.000219097 -0.00350224 0.00448935 
0.484518 0.494812 0.499906 0.500507 0.494119 0.499861 -0.0204509 -0.0202193 -0.0226338 -0.0214358 -0.0216529 -0.0205476 9.79855e-05 -8.16052e-05 0.000776075 
0.0438625 -0.186475 -0.21001 -0.204413 -0.112298 -0.0905581 -0.0788127 -0.0122697 -0.0136675 -0.014129 -0.0378334 -0.0341367 -0.0904082 -0.115374 -0.0880849 
-2.04168e-34 -0.21001 -0.186475 -0.204413 -0.223144 -0.18393 5.02542e-34 -0.0136675 -0.0122697 -0.014129 0.00522361 0.00181589 -0.101668 -0.0880849 -0.115374 
0.388812 0.497232 0.455025 0.477813 0.426504 0.453682 0.00455222 0.00693678 -0.00713874 -0.000943161 -0.00144569 0.00752999 0.0149291 0.00830522 0.00916273 
4.54531e-34 0.774941 0.624887 0.70465 0.350429 0.456887 2.6356e-34 -0.00201274 -0.00087713 -0.00130069 -0.00029585 -0.000631154 -0.0554853 -0.0609927 -0.0516961 
0.998688 0.774941 0.997036 0.930087 0.997868 0.934939 -0.00161512 -0.00201274 -0.0029326 -0.00276597 -0.00241344 -0.00217994 -0.0511824 -0.0609927 -0.060341 
0.989544 0.997036 0.774941 0.930087 0.916746 0.993935 -0.00437372 -0.0029326 -0.00201274 -0.00276597 -0.00347217 -0.00357411 -0.0692725 -0.060341 -0.0609927 
0.588279 0.193543 0.455003 0.321313 0.519811 0.3868 -0.200266 -0.0940788 -0.189148 -0.141997 -0.19605 -0.143508 -0.108662 -0.120032 -0.086693 
0.0438625 0.455003 0.193543 0.321313 0.114019 0.247919 -0.0788127 -0.189148 -0.0940788 -0.141997 -0.0837639 -0.132876 -0.0904082 -0.086693 -0.120032 
7.45334e-34 5.06998e-34 0.0307197 -0.0119623 0.0299185 1.06934e-33 3.14647e-34 3.87663e-35 0.0389269 0.045157 0.0288599 7.91049e-36 -0.137863 -0.123385 -0.125636 
0.43986 0.551113 0.297329 0.439612 0.378375 0.498647 0.0648917 0.0804247 0.0267623 0.0493722 0.0439141 0.0747911 -0.0130773 -0.01173 -0.00889893 
0.587292 0.607134 0.337871 0.487605 0.480866 0.601547 -0.023856 -0.0789826 -0.0279985 -0.0608421 -0.0359978 -0.0497083 0.00596965 0.0108964 0.0244885 
0.215814 0.714642 0.770309 0.740034 0.515134 0.479982 -0.0108539 -0.063752 -0.0545018 -0.0591075 -0.045913 -0.0430576 -0.121866 -0.11827 -0.120002 
-2.04168e-34 -1.66551e-34 -0.21001 -0.171809 -0.18393 1.66047e-35 5.02542e-34 3.11877e-34 -0.0136675 -0.00457704 0.00181589 8.37752e-34 -0.101668 -0.0661174 -0.0880849 
0.989544 0.645579 0.834223 0.748465 0.935483 0.87885 -0.00437372 -0.00237528 -0.00578348 -0.00366291 -0.00564766 -0.00417257 -0.0692725 -0.0721296 -0.0808579 
0.306723 0.262664 0.0708439 0.15184 0.162828 0.285207 -0.0624173 -0.0556892 -0.00803731 -0.025496 -0.0278596 -0.0602593 -0.0590558 -0.055417 -0.0567616 
0.0690915 0.0710724 -0.0214219 0.00882094 0.0188171 0.0703734 -0.034942 -0.0500353 -0.0223627 -0.0408769 -0.0309398 -0.0476951 -0.0536578 -0.0625431 -0.0601883 
0.0553483 0.150204 -0.0446424 0.0385219 -0.0138432 0.0967202 0.0367172 0.0800155 0.0249072 0.052508 0.0304042 0.0600553 -0.0646132 -0.0407249 -0.0384833 
9.88262e-35 0.115255 0.200978 0.159386 0.105568 0.0642578 1.09598e-34 0.0183925 0.019803 0.0205676 0.00709323 0.00575514 0.0206284 0.0170907 0.0207223 
9.88262e-35 5.24131e-35 0.115255 0.0476074 0.0642578 -2.144e-35 1.09598e-34 8.12142e-35 0.0183925 0.00631646 0.00575514 1.68791e-34 0.0206284 0.0138441 0.0170907 
0.251658 0.200978 0.115255 0.159386 0.185424 0.230409 0.0618106 0.019803 0.0183925 0.0205676 0.0419507 0.0409735 0.0166309 0.0207223 0.0170907 
9.14036e-35 1.7612e-34 0.192711 0.112388 0.0827702 -2.26405e-35 -1.66512e-34 -1.62782e-34 -0.0294713 -0.00962701 -0.0121847 -2.88901e-34 0.0288507 0.0299587 0.0293113 
3.98232e-34 4.23446e-34 0.42812 0.226401 0.217618 -1.72878e-35 -4.94317e-34 -4.78883e-34 -0.012633 -0.00460749 -0.00353505 -9.5151e-34 -0.0983336 -0.0958734 -0.0968187 
2.57238e-34 3.69057e-34 0.358045 0.184093 0.170713 -2.6791e-35 -4.65035e-34 -4.75677e-34 -0.0168793 -0.00667246 -0.0052264 -9.15283e-34 -0.0926512 -0.0942363 -0.0931882 
2.15456e-34 1.76714e-34 0.26939 0.136359 0.150432 -2.18019e-35 1.17777e-35 4.55453e-35 0.0140568 0.00479875 0.00355496 4.23522e-35 -0.00114195 -0.00745613 -0.0042771 
-8.19826e-35 -8.7357e-35 -0.103393 -0.0811023 -0.0803023 3.03867e-37 -2.31591e-34 -3.15975e-34 -0.00171975 -0.00192842 0.000914835 -5.53867e-34 -0.0483142 -0.0635597 -0.0581625 
5.14638e-36 -5.36029e-35 -0.0148875 -0.0433505 -0.022755 -1.75091e-35 3.75977e-36 -1.09563e-34 0.0206399 0.00597703 0.00678246 -1.31766e-34 -0.00208229 -0.0243491 -0.014113 
-2.48927e-36 1.85695e-35 0.0127064 0.012141 0.00563287 2.74076e-36 -2.90623e-34 -2.68317e-34 -0.00734262 -0.000928954 -0.00246961 -5.48899e-34 -0.0580564 -0.0544114 -0.0551512 
-6.61774e-35 -2.77305e-35 -0.0637684 -0.0314633 -0.0443016 1.17247e-35 -3.39436e-34 -3.24618e-34 -0.0156076 -0.00478508 -0.00527845 -6.47906e-34 -0.067658 -0.0645516 -0.0660664 
3.25286e-35 5.61494e-35 0.0649893 0.0271742 0.0208036 -6.52994e-36 -2.91575e-34 -3.12313e-34 -0.0074532 -0.00152245 -0.00114892 -5.94874e-34 -0.058933 -0.0626428 -0.060179 
2.1329e-35 2.44092e-35 0.0332799 0.013745 0.0133746 -4.07078e-36 -2.62608e-34 -2.73723e-34 0.000476114 0.000461787 0.000562147 -5.35124e-34 -0.0536083 -0.055654 -0.0543749 
0.957233 0.770309 0.714642 0.740034 0.870675 0.891047 -0.0682613 -0.0545018 -0.063752 -0.0591075 -0.0708449 -0.065614 -0.110212 -0.120002 -0.11827 
9.15045e-35 7.01339e-35 0.113169 0.0524247 0.0569503 -8.25468e-36 7.69358e-35 7.08972e-35 0.004986 0.00143116 0.00171949 1.42047e-34 -0.0147366 -0.0140014 -0.0144169 
1.48011e-34 1.11166e-34 0.173207 0.0826499 0.0931617 -1.25e-35 6.58025e-35 7.47222e-35 0.011511 0.00268082 0.00297665 1.26186e-34 -0.0117258 -0.0140005 -0.0123834 
7.74249e-35 1.07373e-34 0.143392 0.066211 0.0533337 -1.17188e-35 -3.36146e-34 -3.63605e-34 -0.0130801 -0.00305935 -0.00342646 -6.84501e-34 -0.0672176 -0.0726811 -0.0692574 
2.15868e-34 2.28145e-34 0.29911 0.170252 0.166998 -1.7371e-35 -1.07644e-34 -4.03199e-35 -8.05476e-05 -0.000301852 -0.00304938 -1.40898e-34 0.0201255 0.00865363 0.0142684 
-1.04949e-34 3.26397e-36 -0.0360028 -0.0459227 -0.0826529 -2.45319e-35 8.7484e-35 -8.35288e-35 -0.0361219 -0.011922 -0.0103632 5.00149e-35 -0.0217651 0.0120277 -0.00587595 
0.706968 0.838112 0.825622 0.83785 0.794916 0.779346 -0.194556 -0.206681 -0.244917 -0.229263 -0.226028 -0.206733 -0.0648358 -0.0834897 -0.0853664 
0.87754 0.770309 0.97941 0.925324 0.956384 0.826957 -0.0465926 -0.0545018 -0.0563362 -0.0610814 -0.0570153 -0.0518629 -0.118219 -0.120002 -0.108607 
4.98052e-34 5.03247e-34 -0.00541151 -0.000926054 -0.0018725 1.00802e-33 1.29425e-35 1.6402e-36 0.00777281 0.0020754 0.00622305 -7.48999e-37 -0.120792 -0.120996 -0.121235 
0.999514 0.999306 0.834223 0.953346 0.961661 0.999787 -0.0108514 -0.00727385 -0.00578348 -0.00721672 -0.00939278 -0.0087807 -0.0858306 -0.0772445 -0.0808579 
0.989544 0.834223 0.999306 0.953346 0.996039 0.935483 -0.00437372 -0.00578348 -0.00727385 -0.00721672 -0.00607254 -0.00564766 -0.0692725 -0.0808579 -0.0772445 
2.39075e-34 0.437668 0.75 0.609478 0.4375 0.234471 7.69821e-35 -0.000150836 -3.6555e-37 -0.000121106 -1.28498e-37 -6.6024e-05 -0.0323503 -0.0380496 -0.0322384 
0.236539 0.266626 -0.059517 0.0904773 0.0723065 0.246328 -0.124895 -0.148142 -0.0560152 -0.0997759 -0.0936689 -0.137024 -0.0149875 -0.0500339 -0.048813 
1.07373e-34 0.287522 0.143392 0.210454 0.066211 0.11587 -3.63605e-34 -0.0309164 -0.0130801 -0.0203949 -0.00305935 -0.00662605 -0.0726811 -0.0725142 -0.0692574 
0.465949 0.143392 0.287522 0.210454 0.382967 0.295214 -0.0756737 -0.0130801 -0.0309164 -0.0203949 -0.0500316 -0.0371304 -0.068833 -0.0692574 -0.0725142 
0.957233 0.97941 0.770309 0.925324 0.891047 0.971966 -0.0682613 -0.0563362 -0.0545018 -0.0610814 -0.065614 -0.0628323 -0.110212 -0.108607 -0.120002 
0.775647 0.825622 0.838112 0.83785 0.842691 0.814606 -0.219817 -0.244917 -0.206681 -0.229263 -0.229286 -0.239124 -0.10641 -0.0853664 -0.0834897 
0.288732 0.113169 0.149687 0.131084 0.215715 0.200522 0.0236734 0.004986 0.00455619 0.00524578 0.0126443 0.013556 -0.014646 -0.0144169 -0.0133456 
7.01339e-35 0.149687 0.113169 0.131084 0.0524247 0.070808 7.08972e-35 0.00455619 0.004986 0.00524578 0.00143116 0.00144847 -0.0140014 -0.0133456 -0.0144169 
-0.04927 -0.0353274 -0.0147169 -0.0256676 -0.0306613 -0.042985 0.019465 0.0206709 0.0055349 0.0122951 0.0110824 0.0204393 -0.12103 -0.121209 -0.121372 
0.87754 0.413701 0.770309 0.615684 0.826957 0.696447 -0.0465926 -0.0446099 -0.0545018 -0.0513836 -0.0518629 -0.0464765 -0.118219 -0.12603 -0.120002 
-4.59068e-35 -0.0972217 -0.0604878 -0.0767879 -0.0328899 -0.0414761 6.20603e-34 0.021348 0.015066 0.0180828 0.00490289 0.00497064 -0.124251 -0.124176 -0.122605 
7.45334e-34 0.0307197 0.413701 0.155868 0.228961 0.0299185 3.14647e-34 0.0389269 -0.0446099 0.00141407 -0.0276046 0.0288599 -0.137863 -0.125636 -0.12603 
-0.107983 -0.160896 -0.0620737 -0.142365 -0.089887 -0.143445 0.055594 0.0393889 0.0464599 0.0523677 0.055 0.0520313 -0.125786 -0.127379 -0.131795 
0.124198 -0.0446424 0.150204 0.0385219 0.13177 0.0293683 0.075896 0.0249072 0.0800155 0.052508 0.0795412 0.0498327 -0.0167089 -0.0384833 -0.0407249 
-0.150219 -0.0620737 -0.160896 -0.142365 -0.170571 -0.105582 0.0362555 0.0464599 0.0393889 0.0523677 0.0432291 0.0438674 -0.13267 -0.131795 -0.127379 
-0.00723088 -0.0214219 0.0710724 0.00882094 0.0337592 -0.0252428 -0.0350951 -0.0223627 -0.0500353 -0.0408769 -0.0438385 -0.0365985 -0.0692693 -0.0601883 -0.0625431 
0.126428 0.0708439 0.262664 0.15184 0.183665 0.0993891 -0.0157279 -0.00803731 -0.0556892 -0.025496 -0.0321845 -0.0114277 -0.0534214 -0.0567616 -0.055417 
0.460091 0.337871 0.607134 0.487605 0.543658 0.406099 -0.103073 -0.0279985 -0.0789826 -0.0608421 -0.0922206 -0.0662215 0.0220103 0.0244885 0.0108964 
0.51813 0.297329 0.551113 0.439612 0.538056 0.41658 0.0484125 0.0267623 0.0804247 0.0493722 0.0660326 0.0387351 -0.00668183 -0.00889893 -0.01173 
0.334887 0.319329 0.48621 0.407419 0.412993 0.326436 0.0609968 0.0132055 0.0627316 0.0382376 0.0645235 0.0369335 -0.0698704 -0.0758218 -0.0660142 
0.550395 0.455003 0.266626 0.35861 0.413937 0.502715 -0.22393 -0.189148 -0.148142 -0.170944 -0.187284 -0.207684 -0.0593076 -0.086693 -0.0500339 
0.552059 0.48621 0.319329 0.407419 0.440279 0.517472 0.0294499 0.0627316 0.0132055 0.0382376 0.0234436 0.0461623 -0.0646639 -0.0660142 -0.0758218 
0.864272 0.838017 0.838112 0.857698 0.853273 0.874061 -0.168791 -0.203962 -0.206681 -0.215984 -0.189549 -0.195824 -0.0880722 -0.107427 -0.0834897 
1.42535e-34 0.230292 0.239332 0.235416 0.134486 0.12929 8.32728e-35 0.00376426 -0.000658914 0.00137069 0.000169379 0.000709388 0.0168536 0.0176904 0.0149662 
0.281139 0.369348 0.488829 0.432056 0.380373 0.320691 -0.0638804 -0.0875349 -0.109222 -0.103116 -0.0869231 -0.0745342 -0.0520998 -0.0496604 -0.0489934 
0.775647 0.838112 0.838017 0.857698 0.807935 0.842691 -0.219817 -0.206681 -0.203962 -0.215984 -0.213015 -0.229286 -0.10641 -0.0834897 -0.107427 
0.628675 0.488829 0.369348 0.432056 0.51157 0.560454 -0.169561 -0.109222 -0.0875349 -0.103116 -0.132099 -0.138473 -0.0434035 -0.0489934 -0.0496604 
7.84034e-35 0.156256 0.136175 0.145783 0.0639205 0.0729274 3.90829e-35 -0.00394343 -0.00197002 -0.00291075 -0.000446123 -0.000723052 -0.00813181 -0.00721404 -0.00937457 
0.552552 0.520699 0.532933 0.536501 0.542686 0.541224 0.0902279 0.0480485 0.0651064 0.0565872 0.077537 0.0683614 -0.000457383 -0.00334901 0.00536485 
0.460633 0.471867 0.548303 0.518729 0.50855 0.466132 0.104872 0.137236 0.124151 0.133178 0.114596 0.122378 0.0105151 -0.00186964 -0.000664662 
0.580739 0.548303 0.471867 0.518729 0.538049 0.565396 0.141639 0.124151 0.137236 0.133178 0.14367 0.133689 -0.00823684 -0.000664662 -0.00186964 
0.87754 0.97941 0.988709 0.984311 0.965498 0.956384 -0.0465926 -0.0563362 -0.0435128 -0.0507103 -0.0512192 -0.0570153 -0.118219 -0.108607 -0.10682 
0.580739 0.61162 0.565815 0.599116 0.591212 0.59631 0.141639 0.146886 0.110735 0.131529 0.128062 0.146019 -0.00823684 -0.0162449 -0.0129367 
0.608101 0.565815 0.61162 0.599116 0.617738 0.587249 0.127254 0.110735 0.146886 0.131529 0.140662 0.120224 -0.0166529 -0.0129367 -0.0162449 
0.330537 0.200978 0.346802 0.277754 0.341261 0.271034 0.0245942 0.019803 0.0563184 0.0400248 0.0393096 0.0255671 0.01962 0.0207223 0.0188205 
0.251658 0.346802 0.200978 0.277754 0.230409 0.303231 0.0618106 0.0563184 0.019803 0.0400248 0.0409735 0.0607783 0.0166309 0.0188205 0.0207223 
0.777528 0.955337 0.922979 0.940404 0.869001 0.897462 -0.0557571 -0.072725 -0.0819526 -0.0781979 -0.0703393 -0.0677159 -0.0957162 -0.104714 -0.0994986 
0.151295 0.540507 0.714642 0.626855 0.403871 0.33357 -0.00585747 -0.0566142 -0.063752 -0.0605967 -0.0381476 -0.0313294 -0.120318 -0.118542 -0.11827 
0.552059 0.625097 0.702273 0.673049 0.649182 0.588483 0.0294499 -0.000376529 0.0368265 0.0249548 0.043385 0.0146412 -0.0646639 -0.0553806 -0.0368547 
0.710542 0.702273 0.625097 0.673049 0.679998 0.706994 -0.0230149 0.0368265 -0.000376529 0.0249548 -0.00433438 0.00763637 -0.0309111 -0.0368547 -0.0553806 
0.894797 0.922979 0.955337 0.940404 0.9464 0.946047 -0.0848968 -0.0819526 -0.072725 -0.0781979 -0.0816704 -0.0883603 -0.111783 -0.0994986 -0.104714 
0.215814 0.770309 0.413701 0.615684 0.301356 0.515134 -0.0108539 -0.0545018 -0.0446099 -0.0513836 -0.0247958 -0.045913 -0.121866 -0.120002 -0.12603 
0.628675 0.711816 0.710413 0.719962 0.703141 0.674455 -0.169561 -0.220405 -0.210914 -0.219413 -0.19557 -0.195191 -0.0434035 -0.0420581 -0.022251 
0.894797 0.714642 0.540507 0.626855 0.757253 0.820014 -0.0848968 -0.063752 -0.0566142 -0.0605967 -0.0755724 -0.0760376 -0.111783 -0.11827 -0.118542 
0.651267 0.686224 0.287522 0.492641 0.464912 0.672 -0.0761285 -0.104945 -0.0309164 -0.0631114 -0.050405 -0.0907255 -0.0800001 -0.0773505 -0.0725142 
0.649137 0.710413 0.711816 0.719962 0.727548 0.690093 -0.241589 -0.210914 -0.220405 -0.219413 -0.242718 -0.229185 -0.0340726 -0.022251 -0.0420581 
0.860646 0.988709 0.97941 0.984311 0.949401 0.94959 -0.0375367 -0.0435128 -0.0563362 -0.0507103 -0.0479674 -0.0420107 -0.1009 -0.10682 -0.108607 
0.100839 0.35105 0.0770657 0.193693 0.0937212 0.202838 0.0218883 -0.041011 0.0182301 -0.00649374 0.0216262 -0.00760466 -0.124518 -0.120194 -0.119225 
0.40559 0.0770657 0.35105 0.193693 0.376508 0.20536 -0.0456235 0.0182301 -0.041011 -0.00649374 -0.0432275 -0.01176 -0.118293 -0.119225 -0.120194 
0.236869 0.310625 0.149687 0.230894 0.193558 0.271473 0.00252218 0.0141201 0.00455619 0.0102742 0.00502383 0.00765537 -0.0112689 -0.0131873 -0.0133456 
-0.0164399 -0.0147169 -0.0353274 -0.0256676 -0.0254757 -0.0160973 0.0121009 0.0055349 0.0206709 0.0122951 0.0164196 0.00846483 -0.121125 -0.121372 -0.121209 
0.465949 0.287522 0.686224 0.492641 0.579558 0.382967 -0.0756737 -0.0309164 -0.104945 -0.0631114 -0.0915229 -0.0500316 -0.068833 -0.0725142 -0.0773505 
0.288732 0.149687 0.310625 0.230894 0.298768 0.215715 0.0236734 0.00455619 0.0141201 0.0102742 0.0194807 0.0126443 -0.014646 -0.0133456 -0.0131873 
0.492573 0.518645 0.497232 0.511275 0.49605 0.512749 0.0352329 0.0143264 0.00693678 0.00975109 0.0198665 0.0233803 0.0115654 0.00448935 0.00830522 
0.596958 0.422065 0.783471 0.61601 0.699577 0.504545 -0.0870742 -0.0643169 -0.137541 -0.104803 -0.112323 -0.0750533 -0.120975 -0.127095 -0.11786 
0.790383 0.743202 0.729259 0.769188 0.780694 0.767317 -0.260404 -0.262413 -0.228976 -0.256541 -0.25346 -0.2636 -0.0768493 -0.0613355 -0.0587083 
0.554111 0.635543 0.415376 0.53349 0.482043 0.596162 -0.0966812 -0.0744078 -0.0644548 -0.0700202 -0.079708 -0.0880504 -0.0485233 -0.0451868 -0.0579241 
0.587956 0.649092 0.520623 0.59792 0.554613 0.626802 0.113877 0.141489 0.132287 0.14236 0.124599 0.133378 -0.0510128 -0.0347618 -0.0449635 
0.506418 0.497232 0.518645 0.511275 0.513796 0.512045 -0.00696158 0.00693678 0.0143264 0.00975109 0.00206042 -0.00117623 0.00181026 0.00830522 0.00448935 
0.520853 0.532933 0.520699 0.536501 0.520941 0.531975 0.0284121 0.0651064 0.0480485 0.0565872 0.0379571 0.0454051 0.000219097 0.00536485 -0.00334901 
0.599335 0.520623 0.649092 0.59792 0.624614 0.565352 0.154215 0.132287 0.141489 0.14236 0.148656 0.148576 -0.0269549 -0.0449635 -0.0347618 
0.527215 0.415376 0.635543 0.53349 0.581519 0.471775 -0.0394957 -0.0644548 -0.0744078 -0.0700202 -0.0564937 -0.0538643 -0.0575262 -0.0579241 -0.0451868 
0.730837 0.729259 0.743202 0.769188 0.755951 0.731917 -0.23615 -0.228976 -0.262413 -0.256541 -0.256175 -0.233967 -0.0496221 -0.0587083 -0.0613355 
5.03247e-34 -0.00236065 -0.00541151 -0.00437865 -0.000926054 -0.000688944 1.6402e-36 0.00181921 0.00777281 0.00428067 0.0020754 0.000911855 -0.120996 -0.121195 -0.121235 
-0.0164399 -0.00541151 -0.00236065 -0.00437865 -0.0078313 -0.011115 0.0121009 0.00777281 0.00181921 0.00428067 0.00557288 0.0105291 -0.121125 -0.121235 -0.121195 
4.98052e-34 -0.00541151 -0.0210153 -0.0119624 -0.00664678 -0.0018725 1.29425e-35 0.00777281 0.0268997 0.0163554 0.0190638 0.00622305 -0.120792 -0.121235 -0.121653 
-0.0164399 -0.0210153 -0.00541151 -0.0119624 -0.011115 -0.0199007 0.0121009 0.0268997 0.00777281 0.0163554 0.0105291 0.0191917 -0.121125 -0.121653 -0.121235 
