0.419718 0.823919 7.49327e-34 0.537798 0.232618 0.652973 -0.0470255 -0.0257291 3.13268e-34 -0.0338732 -0.0290323 -0.0450391 -0.125976 -0.118962 -0.137984 
-0.0927122 -0.124225 0.140319 0.00323018 0.00560459 -0.104842 0.0671634 0.0657092 0.023625 0.0525372 0.0591398 0.0695241 -0.127107 -0.136371 -0.136181 
0.52649 0.450481 0.539333 0.525244 0.533169 0.509844 0.0671123 0.108552 0.0841843 0.101515 0.0760126 0.0897521 0.0069244 0.0123725 0.00257519 
0.589727 0.327037 0.64902 0.508598 0.61919 0.474294 0.120126 0.0526228 0.0890031 0.0763113 0.105978 0.0959634 -0.0400763 -0.0741307 -0.0434641 
0.595339 0.370143 0.680023 0.543359 0.639859 0.488385 -0.138632 -0.101247 -0.193329 -0.156955 -0.165252 -0.12995 -0.0536927 -0.0537805 -0.0439867 
0.199352 0.192976 0.706026 0.432792 0.43298 0.196944 -0.0184804 -0.0568702 -0.175492 -0.112884 -0.0954652 -0.0381703 -0.145487 -0.146349 -0.1307 
0.363286 0.318444 0.195306 0.261893 0.286672 0.34431 0.0543747 0.017385 0.0163411 0.0195187 0.0372141 0.0343075 0.0209134 0.0207001 0.0222571 
0.778198 0.523501 0.745835 0.678274 0.762331 0.706698 -0.27774 -0.231387 -0.269864 -0.268108 -0.276529 -0.274737 -0.063682 -0.062913 -0.0470187 
0.880217 0.823919 0.419718 0.652973 0.701523 0.854805 -0.0496575 -0.0257291 -0.0470255 -0.0450391 -0.0493505 -0.0385412 -0.117316 -0.118962 -0.125976 
0.588335 0.228735 0.495717 0.375375 0.548543 0.421568 -0.14703 -0.0500189 -0.0670731 -0.0683004 -0.105886 -0.106139 0.0152876 0.0341859 0.0250219 
0.778198 0.645543 0.523501 0.582789 0.706698 0.747659 -0.27774 -0.249982 -0.231387 -0.243218 -0.274737 -0.278408 -0.063682 -0.0932086 -0.062913 
0.378291 0.340995 0.477535 0.42518 0.438726 0.361041 -0.0090178 -0.0035175 -0.00463051 -0.00379017 -0.00800204 -0.00685546 0.00913794 0.013948 0.00977369 
0.459976 0.477535 0.340995 0.42518 0.411201 0.46979 0.00854208 -0.00463051 -0.0035175 -0.00379017 0.000814171 0.00108649 0.0132882 0.00977369 0.013948 
0.589727 0.616499 0.529779 0.615624 0.559166 0.640421 0.120126 0.120229 0.141045 0.141673 0.131525 0.133789 -0.0400763 -0.0105997 -0.030335 
0.52649 0.461388 0.510487 0.509192 0.518899 0.507123 0.0671123 0.0212148 0.0465366 0.0341993 0.0568537 0.0412906 0.0069244 -0.000181591 0.0103648 
0.509909 0.461388 0.490249 0.477607 0.502166 0.497289 0.0227412 0.0212148 0.00222416 0.0108877 0.0109716 0.0220861 0.0071312 -0.000181591 0.00445251 
0.490249 0.461388 0.427063 0.442997 0.464234 0.477607 0.00222416 0.0212148 0.00188666 0.0106271 0.00202894 0.0108877 0.00445251 -0.000181591 0.000711533 
0.578582 0.323321 0.428356 0.383778 0.509586 0.472059 0.0721887 0.0251258 0.0504837 0.0375378 0.0612193 0.0420019 -0.00326426 0.00400109 -0.00230318 
0.588335 0.495717 0.720611 0.662761 0.693342 0.548543 -0.14703 -0.0670731 -0.0990388 -0.0825016 -0.123102 -0.105886 0.0152876 0.0250219 -0.0226191 
-0.0143549 -0.0213481 -0.0338111 -0.0359467 -0.0276531 -0.0236265 0.0387245 0.0255507 0.0417082 0.0356435 0.0391497 0.0364285 -0.12306 -0.121875 -0.121094 
0.874571 0.814356 0.83709 0.884622 0.855232 0.89411 -0.163395 -0.166782 -0.190925 -0.201471 -0.179134 -0.180605 -0.0902805 -0.12185 -0.0829497 
0.645543 0.50609 0.254029 0.376614 0.452753 0.580334 -0.249982 -0.163485 -0.141994 -0.152416 -0.195097 -0.212033 -0.0932086 -0.130987 -0.106003 
0.706026 0.83709 0.814356 0.884622 0.761426 0.86336 -0.175492 -0.190925 -0.166782 -0.201471 -0.174381 -0.220097 -0.1307 -0.0829497 -0.12185 
0.578582 0.428356 0.616499 0.55284 0.608582 0.509586 0.0721887 0.0504837 0.120229 0.0839966 0.0969473 0.0612193 -0.00326426 -0.00230318 -0.0105997 
0.363286 0.46127 0.318444 0.399749 0.34431 0.421007 0.0543747 0.0329037 0.017385 0.0267939 0.0343075 0.0448478 0.0209134 0.0159402 0.0207001 
0.798254 0.50609 0.645543 0.580334 0.729647 0.684601 -0.261328 -0.163485 -0.249982 -0.212033 -0.261283 -0.230037 -0.0972842 -0.130987 -0.0932086 
0.386411 0.27951 0.461388 0.383692 0.428124 0.33198 0.0261611 0.0047593 0.0212148 0.0123237 0.0254316 0.0137255 -0.00437589 -0.00373618 -0.000181591 
0.363286 0.241482 0.450481 0.349531 0.40595 0.308105 0.0543747 0.0583976 0.108552 0.0881207 0.0815019 0.0588749 0.0209134 0.0180106 0.0123725 
0.595339 0.720611 0.473505 0.639888 0.532288 0.677306 -0.138632 -0.0990388 -0.083671 -0.0896959 -0.109366 -0.119888 -0.0536927 -0.0226191 -0.0646328 
0.160576 0.0053068 0.327037 0.151197 0.233533 0.0749786 0.0740105 0.018834 0.0526228 0.0270097 0.061935 0.043362 -0.0511177 -0.0679154 -0.0741307 
0.132164 0.0923778 0.370143 0.207614 0.237302 0.109919 -0.0612761 -0.0303906 -0.101247 -0.0626037 -0.0755942 -0.0496323 -0.0600963 -0.0540064 -0.0537805 
0.160576 0.145051 -0.04982 0.0329765 0.037256 0.145043 0.0740105 0.0853414 0.0218484 0.0506473 0.0467788 0.0838264 -0.0511177 -0.0166864 -0.0427977 
0.363286 0.195306 0.241482 0.223881 0.308105 0.286672 0.0543747 0.0163411 0.0583976 0.0365785 0.0588749 0.0372141 0.0209134 0.0222571 0.0180106 
0.160576 0.397481 0.145051 0.264945 0.145043 0.279604 0.0740105 0.137588 0.0853414 0.115133 0.0838264 0.110826 -0.0511177 -0.0251144 -0.0166864 
0.132164 0.0331459 -0.000301862 0.0035054 0.0470554 0.0854819 -0.0612761 -0.0406683 -0.0220311 -0.0411199 -0.0435693 -0.0532292 -0.0600963 -0.071157 -0.0598518 
0.160576 -0.04982 0.0053068 -0.0354648 0.0749786 0.037256 0.0740105 0.0218484 0.018834 0.0213907 0.043362 0.0467788 -0.0511177 -0.0427977 -0.0679154 
0.502379 0.250862 0.135497 0.198265 0.305105 0.368548 -0.126407 -0.050021 -0.0184979 -0.032772 -0.0564669 -0.0828813 -0.0602977 -0.0565097 -0.0610898 
0.132164 -0.000301862 0.0923778 0.0401595 0.109919 0.0470554 -0.0612761 -0.0220311 -0.0303906 -0.0274888 -0.0496323 -0.0435693 -0.0600963 -0.0598518 -0.0540064 
0.383307 0.145051 0.397481 0.264945 0.388747 0.268645 0.12771 0.0853414 0.137588 0.115133 0.1348 0.112936 -0.000141815 -0.0166864 -0.0251144 
0.132164 0.285503 0.0331459 0.152788 0.0854819 0.201773 -0.0612761 -0.0655719 -0.0406683 -0.0586939 -0.0532292 -0.0731102 -0.0600963 -0.0721531 -0.071157 
0.237556 0.0331459 0.285503 0.152788 0.259412 0.126039 -0.022534 -0.0406683 -0.0655719 -0.0586939 -0.0464736 -0.0429116 -0.0799938 -0.071157 -0.0721531 
0.379931 0.458365 0.482817 0.471719 0.442308 0.424205 -0.00929563 -0.0101995 -0.013347 -0.0118816 -0.0116492 -0.0099394 0.00207368 0.00140207 0.0026721 
0.49999 0.482817 0.458365 0.471719 0.487891 0.494777 -0.0125592 -0.013347 -0.0101995 -0.0118816 -0.0116167 -0.0130965 0.00202546 0.0026721 0.00140207 
0.502379 0.63422 0.250862 0.44196 0.368548 0.577759 -0.126407 -0.192447 -0.050021 -0.115879 -0.0828813 -0.161592 -0.0602977 -0.0586084 -0.0565097 
0.424772 0.250862 0.63422 0.44196 0.528621 0.339076 -0.119907 -0.050021 -0.192447 -0.115879 -0.155013 -0.0854028 -0.0529072 -0.0565097 -0.0586084 
0.588335 0.683022 0.313962 0.527556 0.468783 0.638537 -0.14703 -0.236528 -0.129988 -0.191191 -0.147149 -0.191456 0.0152876 -0.0184106 0.011225 
0.706222 0.552627 0.698216 0.656547 0.705474 0.653766 -0.0150796 0.0231408 0.0547005 0.040768 0.0221187 0.0133181 -0.0142856 0.00577407 -0.0236049 
0.578582 0.698216 0.552627 0.656547 0.572125 0.65571 0.0721887 0.0547005 0.0231408 0.040768 0.0499381 0.0714608 -0.00326426 -0.0236049 0.00577407 
0.540142 0.360893 0.514317 0.452687 0.526256 0.459998 0.0920088 0.0363387 0.0766914 0.0557837 0.0862109 0.0629479 -0.00531084 -0.00554715 -0.00227371 
0.386411 0.514317 0.360893 0.452687 0.373137 0.455686 0.0261611 0.0766914 0.0363387 0.0557837 0.0321765 0.0483363 -0.00437589 -0.00227371 -0.00554715 
0.5531 0.539333 0.450481 0.525244 0.51126 0.549577 0.117426 0.0841843 0.108552 0.101515 0.115936 0.10087 0.00188685 0.00257519 0.0123725 
0.502379 0.414892 0.83709 0.66777 0.695701 0.463674 -0.126407 -0.0772587 -0.190925 -0.142824 -0.16631 -0.102357 -0.0602977 -0.0649237 -0.0829497 
0.576498 0.64902 0.327037 0.508598 0.45433 0.618077 0.0419421 0.0890031 0.0526228 0.0763113 0.0508047 0.0673552 -0.058786 -0.0434641 -0.0741307 
0.459976 0.46127 0.503282 0.490704 0.488782 0.461228 0.00854208 0.0329037 0.00743575 0.0187151 0.00768157 0.0194873 0.0132882 0.0159402 0.00872806 
0.686976 0.680023 0.370143 0.543359 0.543406 0.683366 -0.21826 -0.193329 -0.101247 -0.156955 -0.162179 -0.20717 -0.0469685 -0.0439867 -0.0537805 
2.5668e-34 0.20553 0.278109 0.243489 0.149859 0.106267 -1.3021e-35 -0.00321497 -0.0067518 -0.00498934 -0.00256515 -0.00144666 0.00170815 0.00188219 0.00194575 
0.509909 0.503282 0.46127 0.490704 0.499579 0.50691 0.0227412 0.00743575 0.0329037 0.0187151 0.0285995 0.0143311 0.0071312 0.00872806 0.0159402 
9.73095e-35 2.87962e-34 0.22439 0.123584 0.121814 -9.53317e-35 1.76978e-35 2.98281e-35 -0.00322923 -0.00143743 -0.000707461 5.36843e-35 0.00375803 0.00697533 0.00375881 
0.22439 2.87962e-34 0.31121 0.176839 0.269309 0.123584 -0.00322923 2.98281e-35 -0.00670616 -0.00255592 -0.00504856 -0.00143743 0.00375881 0.00697533 0.00619461 
0.706222 0.658583 0.720611 0.697404 0.715486 0.705936 -0.0150796 -0.00108694 -0.0990388 -0.0455936 -0.0544265 -0.000833994 -0.0142856 -0.0513284 -0.0226191 
0.386411 0.176899 0.27951 0.230116 0.33198 0.288881 0.0261611 0.00471056 0.0047593 0.00635961 0.0137255 0.0150407 -0.00437589 -0.0053243 -0.00373618 
0.566617 0.720611 0.658583 0.697404 0.617051 0.671465 -0.0475784 -0.0990388 -0.00108694 -0.0455936 -0.0240068 -0.0682739 -0.0621541 -0.0226191 -0.0513284 
0.577478 0.529779 0.616499 0.615624 0.614443 0.558182 0.148031 0.141045 0.120229 0.141673 0.140561 0.147607 -0.0132733 -0.030335 -0.0105997 
0.509909 0.510487 0.461388 0.509192 0.497289 0.512187 0.0227412 0.0465366 0.0212148 0.0341993 0.0220861 0.033892 0.0071312 0.0103648 -0.000181591 
-0.0338111 -0.0213481 -0.038071 -0.0305674 -0.0440275 -0.0359467 0.0417082 0.0255507 0.024758 0.0242909 0.0351286 0.0356435 -0.121094 -0.121875 -0.122028 
8.33013e-34 0.843954 0.842974 0.843601 0.511474 0.51117 -3.14389e-34 -0.00252564 -0.00499746 -0.00353089 -0.00186359 -0.00132097 -0.0634962 -0.0586597 -0.0716192 
0.502379 0.135497 0.414892 0.258897 0.463674 0.305105 -0.126407 -0.0184979 -0.0772587 -0.0402614 -0.102357 -0.0564669 -0.0602977 -0.0610898 -0.0649237 
0.318444 0.171282 0.195306 0.187669 0.261893 0.252787 0.017385 0.00402186 0.0163411 0.00887362 0.0195187 0.0104698 0.0207001 0.020919 0.0222571 
0.386411 0.360893 0.176899 0.266095 0.288881 0.373137 0.0261611 0.0363387 0.00471056 0.0170676 0.0150407 0.0321765 -0.00437589 -0.00554715 -0.0053243 
0.589727 0.381592 0.327037 0.352203 0.474294 0.494434 0.120126 0.111675 0.0526228 0.084698 0.0959634 0.121437 -0.0400763 -0.0508201 -0.0741307 
0.595339 0.329985 0.370143 0.345341 0.488385 0.46947 -0.138632 -0.0844631 -0.101247 -0.092561 -0.12995 -0.112116 -0.0536927 -0.0609062 -0.0537805 
0.52649 0.473708 0.450481 0.463996 0.509844 0.509762 0.0671123 0.0686502 0.108552 0.0881295 0.0897521 0.0691454 0.0069244 0.0150666 0.0123725 
0.578582 0.552627 0.323321 0.451123 0.472059 0.572125 0.0721887 0.0231408 0.0251258 0.0261062 0.0420019 0.0499381 -0.00326426 0.00577407 0.00400109 
1.97525e-34 0.266708 0.20553 0.236964 0.1108 0.145959 -8.20179e-36 -0.00422959 -0.00321497 -0.00388719 -0.000781614 -0.00142311 0.00117253 0.00141903 0.00188219 
0.566617 0.473505 0.720611 0.639888 0.671465 0.520072 -0.0475784 -0.083671 -0.0990388 -0.0896959 -0.0682739 -0.0666335 -0.0621541 -0.0646328 -0.0226191 
0.459976 0.377032 0.46127 0.423637 0.461228 0.423872 0.00854208 0.00713241 0.0329037 0.0190943 0.0194873 0.00814365 0.0132882 0.0171296 0.0159402 
0.318444 0.46127 0.377032 0.423637 0.350188 0.399749 0.017385 0.0329037 0.00713241 0.0190943 0.0121816 0.0267939 0.0207001 0.0159402 0.0171296 
0.379931 0.430636 0.278109 0.364086 0.332764 0.40665 -0.00929563 -0.0121726 -0.0067518 -0.0100137 -0.00828625 -0.0109982 0.00207368 0.00258258 0.00194575 
0.588335 0.313962 0.228735 0.275083 0.421568 0.468783 -0.14703 -0.129988 -0.0500189 -0.0930514 -0.106139 -0.147149 0.0152876 0.011225 0.0341859 
0.199352 0.706026 0.47277 0.593709 0.324219 0.43298 -0.0184804 -0.175492 -0.0870924 -0.130522 -0.050577 -0.0954652 -0.145487 -0.1307 -0.137404 
2.5668e-34 8.74832e-35 0.20553 0.108131 0.106267 -8.98506e-35 -1.3021e-35 -1.09194e-35 -0.00321497 -0.000759387 -0.00144666 -1.76008e-35 0.00170815 0.00205773 0.00188219 
-0.0338111 -0.0570913 -0.0234542 -0.0652288 -0.0314738 -0.0554865 0.0417082 0.0309365 0.052429 0.049919 0.0471818 0.0418306 -0.121094 -0.122657 -0.121497 
0.495717 0.228735 0.24549 0.245946 0.373708 0.375375 -0.0670731 -0.0500189 -0.0181627 -0.0343385 -0.0454292 -0.0683004 0.0250219 0.0341859 0.0314827 
0.60757 0.745835 0.523501 0.678274 0.565867 0.695888 -0.244645 -0.269864 -0.231387 -0.268108 -0.238744 -0.264739 -0.0363338 -0.0470187 -0.062913 
0.332742 0.278109 0.430636 0.364086 0.386757 0.3059 -0.00874694 -0.0067518 -0.0121726 -0.0100137 -0.010802 -0.00800698 0.00142014 0.00194575 0.00258258 
0.103082 0.157437 -0.0234542 0.0411521 0.0247683 0.125597 0.0307451 -0.00505407 0.052429 0.0332259 0.047705 0.0141625 -0.123557 -0.119005 -0.121497 
0.540142 0.584081 0.616499 0.602882 0.579746 0.57377 0.0920088 0.129034 0.120229 0.128327 0.10646 0.111589 -0.00531084 -0.00567482 -0.0105997 
0.706222 0.720611 0.609147 0.689371 0.672586 0.715486 -0.0150796 -0.0990388 -0.0232449 -0.057224 -0.0178766 -0.0544265 -0.0142856 -0.0226191 0.0105374 
0.577478 0.616499 0.584081 0.602882 0.5881 0.614443 0.148031 0.120229 0.129034 0.128327 0.141647 0.140561 -0.0132733 -0.0105997 -0.00567482 
0.27951 0.316155 0.461388 0.395235 0.383692 0.297548 0.0047593 -0.00228355 0.0212148 0.00677166 0.0123237 0.00109766 -0.00373618 -0.00167297 -0.000181591 
-0.124225 -0.0484094 0.140319 0.0599248 0.00323018 -0.0904935 0.0657092 0.0371244 0.023625 0.0343912 0.0525372 0.0570593 -0.136371 -0.145583 -0.136181 
0.997232 0.993602 0.767118 0.926554 0.928927 0.996659 -0.0216735 -0.034716 -0.0217339 -0.0305013 -0.0260238 -0.0294961 -0.0951946 -0.102523 -0.0937652 
0.241482 0.253528 0.450481 0.362634 0.349531 0.246915 0.0583976 0.094787 0.108552 0.10608 0.0881207 0.0770396 0.0180106 0.00641701 0.0123725 
0.427063 0.461388 0.316155 0.395235 0.37745 0.442997 0.00188666 0.0212148 -0.00228355 0.00677166 -0.000340148 0.0106271 0.000711533 -0.000181591 -0.00167297 
0.495717 0.609147 0.720611 0.689371 0.662761 0.561586 -0.0670731 -0.0232449 -0.0990388 -0.057224 -0.0825016 -0.0451986 0.0250219 0.0105374 -0.0226191 
0.0053068 0.0644953 0.327037 0.185646 0.151197 0.0303992 0.018834 -0.0152973 0.0526228 0.00730367 0.0270097 0.00140981 -0.0679154 -0.0772567 -0.0741307 
0.0923778 0.202333 0.370143 0.28149 0.207614 0.139597 -0.0303906 -0.0446696 -0.101247 -0.0788369 -0.0626037 -0.032518 -0.0540064 -0.0525763 -0.0537805 
0.414731 0.384823 0.279428 0.336439 0.354597 0.400059 -0.0100952 -0.00662052 -0.00423776 -0.00554869 -0.00708686 -0.00830654 0.0032726 0.000997001 0.00204831 
0.383307 0.450481 0.253528 0.362634 0.317344 0.422121 0.12771 0.108552 0.094787 0.10608 0.11305 0.120854 -0.000141815 0.0123725 0.00641701 
0.237556 0.327037 0.0644953 0.185646 0.148222 0.278777 -0.022534 0.0526228 -0.0152973 0.00730367 -0.0217854 0.0110807 -0.0799938 -0.0741307 -0.0772567 
0.424772 0.370143 0.202333 0.28149 0.305698 0.395906 -0.119907 -0.101247 -0.0446696 -0.0788369 -0.0783548 -0.114917 -0.0529072 -0.0537805 -0.0525763 
0.428356 0.323321 0.209782 0.26691 0.328732 0.383778 0.0504837 0.0251258 0.0123694 0.0175447 0.0303299 0.0375378 -0.00230318 0.00400109 -0.00153387 
0.379931 0.266708 0.375342 0.325173 0.377871 0.328294 -0.00929563 -0.00422959 -0.00661148 -0.00551216 -0.00793484 -0.00670299 0.00207368 0.00141903 0.00104578 
0.706026 0.192976 0.50609 0.348556 0.604164 0.432792 -0.175492 -0.0568702 -0.163485 -0.110917 -0.170475 -0.112884 -0.1307 -0.146349 -0.130987 
0.423651 0.157437 0.103082 0.125597 0.228267 0.285729 -0.0476454 -0.00505407 0.0307451 0.0141625 -0.0079771 -0.0238876 -0.120522 -0.119005 -0.123557 
-2.42721e-35 -4.77544e-35 -0.0570913 -0.0288899 -0.0177002 3.57411e-35 6.19425e-34 6.37858e-34 0.0309365 0.00788756 0.00406129 1.22406e-33 -0.123453 -0.126132 -0.122657 
0.414731 0.471117 0.384823 0.43523 0.400059 0.446643 -0.0100952 -0.0103197 -0.00662052 -0.00859572 -0.00830654 -0.0103547 0.0032726 0.00135373 0.000997001 
0.379931 0.375342 0.458365 0.422316 0.424205 0.377871 -0.00929563 -0.00661148 -0.0101995 -0.00852515 -0.0099394 -0.00793484 0.00207368 0.00104578 0.00140207 
0.540142 0.616499 0.4518 0.551144 0.503119 0.579746 0.0920088 0.120229 0.0629197 0.0915569 0.0786214 0.10646 -0.00531084 -0.0105997 -0.00434902 
0.589727 0.668301 0.616499 0.64385 0.640421 0.651697 0.120126 0.101783 0.120229 0.118311 0.133789 0.120234 -0.0400763 -0.0205779 -0.0105997 
0.428356 0.4518 0.616499 0.551144 0.55284 0.441977 0.0504837 0.0629197 0.120229 0.0915569 0.0839966 0.0582641 -0.00230318 -0.00434902 -0.0105997 
-0.0927122 -0.0234542 -0.0570913 -0.0652288 -0.0919999 -0.054869 0.0671634 0.052429 0.0309365 0.049919 0.0521972 0.0580914 -0.127107 -0.121497 -0.122657 
0.199352 0.140319 -0.0484094 0.0599248 0.0781427 0.175787 -0.0184804 0.023625 0.0371244 0.0343912 0.0162483 0.00559208 -0.145487 -0.136181 -0.145583 
8.74832e-35 1.97525e-34 0.20553 0.1108 0.108131 -8.91722e-35 -1.09194e-35 -8.20179e-36 -0.00321497 -0.000781614 -0.000759387 -1.52739e-35 0.00205773 0.00117253 0.00188219 
0.52649 0.490489 0.461388 0.474843 0.507123 0.519462 0.0671123 0.0486925 0.0212148 0.0334231 0.0412906 0.0581145 0.0069244 -0.000469952 -0.000181591 
0.414892 0.645434 0.83709 0.7651 0.66777 0.532649 -0.0772587 -0.114213 -0.190925 -0.15478 -0.142824 -0.0966273 -0.0649237 -0.0732194 -0.0829497 
5.74365e-34 8.33013e-34 0.842974 0.511474 0.507942 -6.18862e-34 -3.65518e-34 -3.14389e-34 -0.00499746 -0.00186359 -0.00242508 -6.72977e-34 -0.0739174 -0.0634962 -0.0716192 
0.874571 0.83709 0.645434 0.7651 0.783731 0.855232 -0.163395 -0.190925 -0.114213 -0.15478 -0.14485 -0.179134 -0.0902805 -0.0829497 -0.0732194 
0.313962 0.683022 0.342735 0.545195 0.325471 0.527556 -0.129988 -0.236528 -0.172112 -0.212791 -0.151676 -0.191191 0.011225 -0.0184106 -0.0205906 
-0.0927122 -0.1385 -0.124225 -0.163939 -0.104842 -0.135396 0.0671634 0.0312117 0.0657092 0.0593798 0.0695241 0.0589465 -0.127107 -0.130476 -0.136371 
0.250862 0.0544005 0.135497 0.0868527 0.198265 0.135903 -0.050021 -0.00419193 -0.0184979 -0.0101761 -0.032772 -0.0198473 -0.0565097 -0.0577594 -0.0610898 
0.0331459 -0.0510531 -0.000301862 -0.0239795 0.0035054 -0.037733 -0.0406683 -0.017173 -0.0220311 -0.0217349 -0.0411199 -0.0368869 -0.071157 -0.0666359 -0.0598518 
0.145051 -0.0204004 -0.04982 -0.0413901 0.0329765 0.0506687 0.0853414 0.0197456 0.0218484 0.0228927 0.0506473 0.0527054 -0.0166864 -0.0163617 -0.0427977 
0.0923778 -0.000301862 0.0259624 0.0168292 0.0485499 0.0401595 -0.0303906 -0.0220311 -0.00577027 -0.0121977 -0.0151984 -0.0274888 -0.0540064 -0.0598518 -0.055904 
0.0053068 -0.04982 -0.0992089 -0.0877417 -0.0658385 -0.0354648 0.018834 0.0218484 -0.00278255 0.00933042 0.000986015 0.0213907 -0.0679154 -0.0427977 -0.0611868 
0.241482 0.195306 0.102504 0.150924 0.174732 0.223881 0.0583976 0.0163411 0.0159894 0.017652 0.0386511 0.0365785 0.0180106 0.0222571 0.017789 
0.71287 0.997232 0.767118 0.928927 0.741794 0.915867 -0.0111056 -0.0216735 -0.0217339 -0.0260238 -0.0154482 -0.0180755 -0.0863115 -0.0951946 -0.0937652 
0.424772 0.63422 0.666349 0.652655 0.555388 0.528621 -0.119907 -0.192447 -0.218783 -0.20913 -0.17072 -0.155013 -0.0529072 -0.0586084 -0.0531888 
0.237556 0.285503 0.460305 0.371503 0.349202 0.259412 -0.022534 -0.0655719 -0.0131251 -0.0428632 -0.0156098 -0.0464736 -0.0799938 -0.0721531 -0.072854 
0.778198 0.666349 0.63422 0.652655 0.743769 0.741047 -0.27774 -0.218783 -0.192447 -0.20913 -0.245598 -0.254105 -0.063682 -0.0531888 -0.0586084 
0.383307 0.397481 0.524847 0.472798 0.460425 0.388747 0.12771 0.137588 0.143304 0.148352 0.139606 0.1348 -0.000141815 -0.0251144 -0.00326165 
0.566617 0.460305 0.285503 0.371503 0.423537 0.512631 -0.0475784 -0.0131251 -0.0655719 -0.0428632 -0.0608348 -0.030439 -0.0621541 -0.072854 -0.0721531 
0.577478 0.524847 0.397481 0.472798 0.505671 0.551138 0.148031 0.143304 0.137588 0.148352 0.149387 0.148053 -0.0132733 -0.00326165 -0.0251144 
0.424772 0.666349 0.370143 0.523249 0.395906 0.555388 -0.119907 -0.218783 -0.101247 -0.157926 -0.114917 -0.17072 -0.0529072 -0.0531888 -0.0537805 
0.237556 0.460305 0.327037 0.390612 0.278777 0.349202 -0.022534 -0.0131251 0.0526228 0.0221546 0.0110807 -0.0156098 -0.0799938 -0.072854 -0.0741307 
0.383307 0.524847 0.450481 0.485321 0.422121 0.460425 0.12771 0.143304 0.108552 0.128272 0.120854 0.139606 -0.000141815 -0.00326165 0.0123725 
0.686976 0.370143 0.666349 0.523249 0.677875 0.543406 -0.21826 -0.101247 -0.218783 -0.157926 -0.220595 -0.162179 -0.0469685 -0.0537805 -0.0531888 
0.576498 0.327037 0.460305 0.390612 0.520235 0.45433 0.0419421 0.0526228 -0.0131251 0.0221546 0.0159164 0.0508047 -0.058786 -0.0741307 -0.072854 
0.5531 0.450481 0.524847 0.485321 0.54469 0.51126 0.117426 0.108552 0.143304 0.128272 0.131989 0.115936 0.00188685 0.0123725 -0.00326165 
-0.0160188 -0.038071 -0.0213481 -0.0305674 -0.0201005 -0.0262072 0.0111606 0.024758 0.0255507 0.0242909 0.0181522 0.0177755 -0.121782 -0.122028 -0.121875 
2.09278e-34 0.22439 0.279428 0.252726 0.153619 0.119174 6.35369e-36 -0.00322923 -0.00423776 -0.00386834 -0.00140663 -0.000767528 0.00177718 0.00375881 0.00204831 
5.20295e-34 7.28243e-34 0.828453 0.513715 0.506673 -5.04531e-34 4.39131e-34 5.13639e-34 -0.014265 -0.00764162 -0.0049978 9.77894e-34 -0.093367 -0.111972 -0.101178 
0.595339 0.720088 0.720611 0.719203 0.677306 0.689317 -0.138632 -0.171027 -0.0990388 -0.132762 -0.119888 -0.155169 -0.0536927 -0.0216533 -0.0226191 
0.824088 0.920656 0.619866 0.838474 0.728378 0.901976 -0.0950104 -0.142245 -0.0836946 -0.126128 -0.0926766 -0.124059 -0.0880553 -0.103287 -0.07575 
0.874571 0.619866 0.920656 0.838474 0.904706 0.780612 -0.163395 -0.0836946 -0.142245 -0.126128 -0.155354 -0.129345 -0.0902805 -0.07575 -0.103287 
0.989626 0.842974 0.843954 0.843601 0.978254 0.97803 -0.00463922 -0.00499746 -0.00252564 -0.00353089 -0.00434362 -0.00618508 -0.0679832 -0.0716192 -0.0586597 
0.0733682 0.254029 0.50609 0.376614 0.290021 0.159809 -0.0548812 -0.141994 -0.163485 -0.152416 -0.112094 -0.101973 -0.135224 -0.106003 -0.130987 
0.383307 0.253528 0.145051 0.199815 0.268645 0.317344 0.12771 0.094787 0.0853414 0.0939424 0.112936 0.11305 -0.000141815 0.00641701 -0.0166864 
0.237556 0.0644953 0.0331459 0.0494806 0.126039 0.148222 -0.022534 -0.0152973 -0.0406683 -0.0353431 -0.0429116 -0.0217854 -0.0799938 -0.0772567 -0.071157 
0.424772 0.202333 0.250862 0.224699 0.339076 0.305698 -0.119907 -0.0446696 -0.050021 -0.0473007 -0.0854028 -0.0783548 -0.0529072 -0.0525763 -0.0565097 
0.60757 0.342735 0.683022 0.545195 0.65127 0.485758 -0.244645 -0.172112 -0.236528 -0.212791 -0.24571 -0.211197 -0.0363338 -0.0205906 -0.0184106 
0.27951 0.176899 0.117315 0.145184 0.200895 0.230116 0.0047593 0.00471056 0.000744674 0.00230143 0.00249868 0.00635961 -0.00373618 -0.0053243 -0.0037889 
0.459976 0.340995 0.377032 0.361675 0.423872 0.411201 0.00854208 -0.0035175 0.00713241 0.000460744 0.00814365 0.000814171 0.0132882 0.013948 0.0171296 
0.49867 0.430636 0.482817 0.460995 0.492526 0.476454 -0.0132189 -0.0121726 -0.013347 -0.0131015 -0.013636 -0.0132571 0.00434528 0.00258258 0.0026721 
0.49867 0.482817 0.493002 0.499765 0.500133 0.492526 -0.0132189 -0.013347 -0.0135276 -0.0135719 -0.0137048 -0.013636 0.00434528 0.0026721 0.0038968 
0.414892 0.135497 0.12198 0.131541 0.257351 0.258897 -0.0772587 -0.0184979 -0.012003 -0.0156893 -0.0360965 -0.0402614 -0.0649237 -0.0610898 -0.0658848 
0.360893 0.142753 0.176899 0.159568 0.266095 0.256659 0.0363387 0.00581345 0.00471056 0.00613536 0.0170676 0.018801 -0.00554715 -0.00567992 -0.0053243 
0.880217 0.988166 0.823919 0.956708 0.854805 0.966515 -0.0496575 -0.0460939 -0.0257291 -0.0455195 -0.0385412 -0.05425 -0.117316 -0.105306 -0.118962 
8.33013e-34 6.58909e-34 0.843954 0.512802 0.51117 -6.15342e-34 -3.14389e-34 -2.59164e-34 -0.00252564 -0.000936922 -0.00132097 -5.69028e-34 -0.0634962 -0.0526196 -0.0586597 
-2.81877e-34 -0.253922 -0.147608 -0.210905 -0.234426 -0.205924 6.84919e-34 0.00150119 0.0183597 0.0108006 0.0280135 0.0185261 -0.132322 -0.128365 -0.142143 
0.378291 0.217316 0.340995 0.285525 0.361041 0.307808 -0.0090178 -0.00282086 -0.0035175 -0.00328187 -0.00685546 -0.00542898 0.00913794 0.0115052 0.013948 
0.552505 0.423651 0.839138 0.652475 0.715505 0.484008 -0.0597017 -0.0476454 -0.105293 -0.0801525 -0.0817608 -0.0531484 -0.118561 -0.120522 -0.115377 
0.540142 0.4518 0.360893 0.405485 0.459998 0.503119 0.0920088 0.0629197 0.0363387 0.0497891 0.0629479 0.0786214 -0.00531084 -0.00434902 -0.00554715 
0.901003 0.552505 0.839138 0.715505 0.869689 0.768121 -0.0915584 -0.0597017 -0.105293 -0.0817608 -0.0986128 -0.080858 -0.111174 -0.118561 -0.115377 
0.778198 0.803048 0.645543 0.777246 0.747659 0.790451 -0.27774 -0.265928 -0.249982 -0.276667 -0.278408 -0.27577 -0.063682 -0.0748381 -0.0932086 
0.798254 0.645543 0.803048 0.777246 0.814861 0.729647 -0.261328 -0.249982 -0.265928 -0.276667 -0.270696 -0.261283 -0.0972842 -0.0932086 -0.0748381 
-0.0338111 -0.038071 -0.0570913 -0.0482187 -0.0554865 -0.0440275 0.0417082 0.024758 0.0309365 0.0283108 0.0418306 0.0351286 -0.121094 -0.122028 -0.122657 
6.29383e-34 4.57851e-34 0.71287 0.4057 0.398253 -3.25644e-34 -4.49984e-34 -4.11449e-34 -0.0111056 -0.00321657 -0.00429988 -8.45701e-34 -0.0894959 -0.0831059 -0.0863115 
0.552627 0.27672 0.323321 0.304095 0.451123 0.433485 0.0231408 0.0091393 0.0251258 0.0165435 0.0261062 0.0144975 0.00577407 0.0119243 0.00400109 
0.706222 0.609147 0.552627 0.586397 0.653766 0.672586 -0.0150796 -0.0232449 0.0231408 0.00346699 0.0133181 -0.0178766 -0.0142856 0.0105374 0.00577407 
0.5531 0.584081 0.514317 0.556559 0.550669 0.568942 0.117426 0.129034 0.0766914 0.102619 0.0978665 0.12383 0.00188685 -0.00567482 -0.00227371 
0.540142 0.514317 0.584081 0.556559 0.57377 0.526256 0.0920088 0.0766914 0.129034 0.102619 0.111589 0.0862109 -0.00531084 -0.00227371 -0.00567482 
0.313962 0.036073 0.228735 0.135927 0.275083 0.162723 -0.129988 -0.0392782 -0.0500189 -0.0495407 -0.0930514 -0.0920891 0.011225 0.0200956 0.0341859 
0.332742 0.259456 0.162598 0.212151 0.253443 0.297408 -0.00874694 -0.00415082 -0.00300186 -0.00373874 -0.00573242 -0.00664276 0.00142014 -0.000366203 0.000399261 
0.958227 0.696019 0.97872 0.900208 0.972 0.921178 -0.0726642 -0.038728 -0.0598317 -0.0544675 -0.066819 -0.0619462 -0.108556 -0.0936922 -0.106905 
0.498758 0.490249 0.417495 0.460085 0.470996 0.495219 -0.00514755 0.00222416 -0.00656354 -0.00314291 -0.00643578 -0.00184194 0.00528837 0.00445251 0.00130877 
0.414731 0.279428 0.22439 0.252726 0.333326 0.354597 -0.0100952 -0.00423776 -0.00322923 -0.00386834 -0.00679913 -0.00708686 0.0032726 0.00204831 0.00375881 
0.490939 0.410087 0.471117 0.444708 0.482455 0.461056 -0.00877597 -0.00600628 -0.0103197 -0.00803185 -0.00946149 -0.00769831 -4.38548e-05 -8.68398e-05 0.00135373 
0.406246 0.488711 0.458365 0.475901 0.43499 0.457335 -0.00604726 -0.00877708 -0.0101995 -0.00943846 -0.00798321 -0.0076942 8.85413e-05 4.43353e-05 0.00140207 
0.576498 0.658583 0.698216 0.692573 0.669064 0.617864 0.0419421 -0.00108694 0.0547005 0.0378077 0.0599105 0.0210377 -0.058786 -0.0513284 -0.0236049 
0.706222 0.698216 0.658583 0.692573 0.705936 0.705474 -0.0150796 0.0547005 -0.00108694 0.0378077 -0.000833994 0.0221187 -0.0142856 -0.0236049 -0.0513284 
0.49867 0.493002 0.482393 0.488324 0.498662 0.500133 -0.0132189 -0.0135276 -0.0112191 -0.0130604 -0.012751 -0.0137048 0.00434528 0.0038968 0.00670133 
2.09278e-34 9.73095e-35 0.22439 0.121814 0.119174 -9.60659e-35 6.35369e-36 1.76978e-35 -0.00322923 -0.000707461 -0.000767528 2.77306e-35 0.00177718 0.00375803 0.00375881 
6.29383e-34 0.71287 0.767118 0.741794 0.442899 0.398253 -4.49984e-34 -0.0111056 -0.0217339 -0.0154482 -0.00725979 -0.00429988 -0.0894959 -0.0863115 -0.0937652 
-0.0927122 -0.0570913 -0.0837235 -0.071818 -0.118754 -0.0919999 0.0671634 0.0309365 0.0244127 0.0304389 0.0520389 0.0521972 -0.127107 -0.122657 -0.126732 
-4.77544e-35 -0.0837235 -0.0570913 -0.071818 -0.0288899 -0.0299259 6.37858e-34 0.0244127 0.0309365 0.0304389 0.00788756 0.00539985 -0.126132 -0.126732 -0.122657 
0.379931 0.278109 0.20553 0.243489 0.302136 0.332764 -0.00929563 -0.0067518 -0.00321497 -0.00498934 -0.00642354 -0.00828625 0.00207368 0.00194575 0.00188219 
0.498758 0.417495 0.469212 0.446138 0.486981 0.470996 -0.00514755 -0.00656354 -0.0109606 -0.00909252 -0.00894776 -0.00643578 0.00528837 0.00130877 0.00326904 
0.997232 0.823919 0.993602 0.962152 0.996659 0.965732 -0.0216735 -0.0257291 -0.034716 -0.0391796 -0.0294961 -0.0313123 -0.0951946 -0.118962 -0.102523 
0.379931 0.20553 0.266708 0.236964 0.328294 0.302136 -0.00929563 -0.00321497 -0.00422959 -0.00388719 -0.00670299 -0.00642354 0.00207368 0.00188219 0.00141903 
0.686976 0.745835 0.683022 0.715294 0.730947 0.733903 -0.21826 -0.269864 -0.236528 -0.255262 -0.23471 -0.247647 -0.0469685 -0.0470187 -0.0184106 
0.60757 0.683022 0.745835 0.715294 0.695888 0.65127 -0.244645 -0.236528 -0.269864 -0.255262 -0.264739 -0.24571 -0.0363338 -0.0184106 -0.0470187 
0.414731 0.22439 0.31121 0.269309 0.368274 0.333326 -0.0100952 -0.00322923 -0.00670616 -0.00504856 -0.00861487 -0.00679913 0.0032726 0.00375881 0.00619461 
0.493002 0.440756 0.482393 0.464529 0.488324 0.47344 -0.0135276 -0.0117689 -0.0112191 -0.0119184 -0.0130604 -0.012726 0.0038968 0.00581723 0.00670133 
2.94515e-34 0.229222 0.340995 0.290155 0.203022 0.128603 7.12445e-35 0.000946774 -0.0035175 -4.50295e-05 -0.00138524 -0.000635017 0.0148729 0.0178653 0.013948 
2.09278e-34 0.279428 0.182968 0.233064 0.0971179 0.153619 6.35369e-36 -0.00423776 -0.0016434 -0.00277063 -0.00076044 -0.00140663 0.00177718 0.00204831 0.00101953 
2.94515e-34 0.340995 0.217316 0.285525 0.119969 0.203022 7.12445e-35 -0.0035175 -0.00282086 -0.00328187 -0.00117875 -0.00138524 0.0148729 0.013948 0.0115052 
-2.42721e-35 -0.0570913 -0.0132339 -0.0335727 -0.00545132 -0.0177002 6.19425e-34 0.0309365 0.00634552 0.0156769 0.00140791 0.00406129 -0.123453 -0.122657 -0.122608 
2.5668e-34 0.278109 0.183858 0.232458 0.0957197 0.149859 -1.3021e-35 -0.0067518 -0.00352117 -0.00520348 -0.00115532 -0.00256515 0.00170815 0.00194575 0.00119605 
0.958227 0.953266 0.696019 0.874959 0.921178 0.962479 -0.0726642 -0.0780388 -0.038728 -0.0629873 -0.0619462 -0.0755776 -0.108556 -0.102597 -0.0936922 
0.414731 0.31121 0.440756 0.385799 0.428495 0.368274 -0.0100952 -0.00670616 -0.0117689 -0.00962544 -0.0112544 -0.00861487 0.0032726 0.00619461 0.00581723 
5.20295e-34 0.828453 0.701879 0.769663 0.406667 0.506673 4.39131e-34 -0.014265 -0.00669303 -0.00924571 -0.0024478 -0.0049978 -0.093367 -0.101178 -0.0904205 
0.75 1 0.937224 0.98425 0.859219 0.9375 -3.38191e-37 -5.1604e-37 -0.000790968 -0.000684541 -0.000515457 -1.00137e-36 -0.0295719 -0.0302878 -0.0399485 
4.48074e-34 0.377206 0.619866 0.507202 0.268621 0.153459 -4.17021e-34 -0.0341332 -0.0836946 -0.0550997 -0.0242663 -0.0107978 -0.0754321 -0.0795972 -0.07575 
0.828453 0.823919 0.997232 0.965732 0.965719 0.826636 -0.014265 -0.0257291 -0.0216735 -0.0313123 -0.0219999 -0.0188942 -0.101178 -0.118962 -0.0951946 
0.378291 0.440756 0.31121 0.385799 0.3471 0.412522 -0.0090178 -0.0117689 -0.00670616 -0.00962544 -0.0080643 -0.010709 0.00913794 0.00581723 0.00619461 
0.0733682 -0.147608 -0.253922 -0.210905 -0.11821 -0.0492899 -0.0548812 0.0183597 0.00150119 0.0108006 -0.00802623 -0.00211601 -0.135224 -0.142143 -0.128365 
1.97525e-34 0.167574 0.266708 0.219631 0.145959 0.0876125 -8.20179e-36 -0.00150675 -0.00422959 -0.00268916 -0.00142311 -0.000699922 0.00117253 0.000833042 0.00141903 
6.58909e-34 0.706099 0.843954 0.780532 0.512802 0.404854 -2.59164e-34 -0.000953808 -0.00252564 -0.00155925 -0.000936922 -0.000395397 -0.0526196 -0.0464299 -0.0586597 
3.61256e-34 3.92187e-34 0.696019 0.379557 0.354764 -4.15313e-34 -4.60662e-34 -4.82173e-34 -0.038728 -0.0103055 -0.0127014 -9.07752e-34 -0.0910029 -0.0957026 -0.0936922 
0.0733682 0.192976 -0.147608 0.011528 -0.0492899 0.134591 -0.0548812 -0.0568702 0.0183597 0.00106694 -0.00211601 -0.052356 -0.135224 -0.146349 -0.142143 
0.993602 0.823919 0.988166 0.956708 0.99078 0.962152 -0.034716 -0.0257291 -0.0460939 -0.0455195 -0.0411333 -0.0391796 -0.102523 -0.118962 -0.105306 
-2.81877e-34 -0.147608 -0.214718 -0.201664 -0.165027 -0.234426 6.84919e-34 0.0183597 0.0454278 0.0407232 0.0272863 0.0280135 -0.132322 -0.142143 -0.136774 
0.856877 0.767118 0.988166 0.92515 0.947421 0.817454 -0.0398918 -0.0217339 -0.0460939 -0.0358675 -0.0446224 -0.0310354 -0.0986994 -0.0937652 -0.105306 
0.459976 0.503282 0.477535 0.49351 0.46979 0.488782 0.00854208 0.00743575 -0.00463051 -0.000118447 0.00108649 0.00768157 0.0132882 0.00872806 0.00977369 
0.498758 0.477535 0.503282 0.49351 0.503669 0.500006 -0.00514755 -0.00463051 0.00743575 -0.000118447 0.000326202 -0.00531496 0.00528837 0.00977369 0.00872806 
0.824088 0.619866 0.377206 0.507202 0.628111 0.728378 -0.0950104 -0.0836946 -0.0341332 -0.0550997 -0.0669277 -0.0926766 -0.0880553 -0.07575 -0.0795972 
0.874571 0.645434 0.619866 0.636643 0.780612 0.783731 -0.163395 -0.114213 -0.0836946 -0.0993544 -0.129345 -0.14485 -0.0902805 -0.0732194 -0.07575 
0.856877 0.97872 0.696019 0.900208 0.780475 0.946871 -0.0398918 -0.0598317 -0.038728 -0.0544675 -0.041053 -0.0510431 -0.0986994 -0.106905 -0.0936922 
4.54658e-34 4.86747e-34 0.775105 0.458529 0.457035 -4.05656e-34 2.57543e-34 3.14964e-34 -0.00213621 -0.000850454 -0.000669501 5.74504e-34 -0.0542302 -0.0663947 -0.0597465 
4.48074e-34 0.619866 0.256905 0.431269 0.120832 0.268621 -4.17021e-34 -0.0836946 -0.0317332 -0.0535625 -0.00854838 -0.0242663 -0.0754321 -0.07575 -0.0687308 
0.998695 0.937224 0.986677 0.995422 0.994223 0.988589 -0.00171377 -0.000790968 -0.000599591 -0.000830035 -0.00125778 -0.00145184 -0.0498702 -0.0399485 -0.0379393 
0.332742 0.162598 0.183858 0.173045 0.263221 0.253443 -0.00874694 -0.00300186 -0.00352117 -0.0032658 -0.00643071 -0.00573242 0.00142014 0.000399261 0.00119605 
0.998695 0.986677 0.75005 0.905345 0.92805 0.994223 -0.00171377 -0.000599591 -0.000692282 -0.00077497 -0.00130829 -0.00125778 -0.0498702 -0.0379393 -0.0414986 
0.49867 0.469212 0.430636 0.451204 0.476454 0.488384 -0.0132189 -0.0109606 -0.0121726 -0.0120988 -0.0132571 -0.0124407 0.00434528 0.00326904 0.00258258 
0.523501 0.106196 0.342735 0.22288 0.43168 0.317143 -0.231387 -0.111237 -0.172112 -0.146537 -0.205051 -0.172947 -0.062913 -0.0635225 -0.0205906 
0.633056 0.140319 0.47277 0.292156 0.549142 0.347256 -0.103396 0.023625 -0.0870924 -0.0284457 -0.094436 -0.0395027 -0.128485 -0.136181 -0.137404 
0.332742 0.430636 0.469212 0.451204 0.413208 0.386757 -0.00874694 -0.0121726 -0.0109606 -0.0120988 -0.0103742 -0.010802 0.00142014 0.00258258 0.00326904 
0.342735 0.106196 0.0103535 0.0438873 0.166537 0.22288 -0.172112 -0.111237 -0.0714979 -0.0915154 -0.122083 -0.146537 -0.0205906 -0.0635225 -0.0174194 
0.199352 0.47277 0.140319 0.292156 0.175787 0.324219 -0.0184804 -0.0870924 0.023625 -0.0284457 0.00559208 -0.050577 -0.145487 -0.137404 -0.136181 
1.93894e-34 0.259456 0.165441 0.213378 0.0821031 0.133676 1.43292e-36 -0.00415082 -0.000916241 -0.00204397 -0.00101628 -0.001951 -0.000787152 -0.000366203 -0.00220817 
5.06417e-34 -0.0213481 -0.0143549 -0.0236265 -0.0104592 -0.00966385 3.72199e-35 0.0255507 0.0387245 0.0364285 0.0385 0.0277513 -0.123348 -0.121875 -0.12306 
0.332742 0.417495 0.259456 0.346945 0.297408 0.377276 -0.00874694 -0.00656354 -0.00415082 -0.00597597 -0.00664276 -0.00841788 0.00142014 0.00130877 -0.000366203 
7.28243e-34 0.823919 0.828453 0.826636 0.513715 0.519447 5.13639e-34 -0.0257291 -0.014265 -0.0188942 -0.00764162 -0.0146411 -0.111972 -0.118962 -0.101178 
-4.89426e-35 0.036073 0.0103535 0.0154809 -0.0792627 -0.0337425 -6.49692e-35 -0.0392782 -0.0714979 -0.056699 -0.0209942 -0.0119915 0.00795854 0.0200956 -0.0174194 
3.92187e-34 0.423269 0.696019 0.573543 0.379557 0.214186 -4.82173e-34 -0.0134054 -0.038728 -0.0224205 -0.0103055 -0.0037659 -0.0957026 -0.094365 -0.0936922 
0.856877 0.696019 0.423269 0.573543 0.67374 0.780475 -0.0398918 -0.038728 -0.0134054 -0.0224205 -0.0260213 -0.041053 -0.0986994 -0.0936922 -0.094365 
0.998695 0.843954 0.706099 0.780532 0.935823 0.967548 -0.00171377 -0.00252564 -0.000953808 -0.00155925 -0.00167048 -0.00260656 -0.0498702 -0.0586597 -0.0464299 
-2.35707e-34 -2.04001e-34 -0.152478 -0.232647 -0.24383 2.01641e-34 5.85511e-34 3.92348e-34 -0.0396801 -0.00406191 0.00144043 1.00484e-33 -0.118724 -0.0814926 -0.101809 
0.332742 0.183858 0.278109 0.232458 0.3059 0.263221 -0.00874694 -0.00352117 -0.0067518 -0.00520348 -0.00800698 -0.00643071 0.00142014 0.00119605 0.00194575 
0.378291 0.219085 0.217316 0.218308 0.307808 0.308104 -0.0090178 -0.00322684 -0.00282086 -0.00306631 -0.00542898 -0.00623502 0.00913794 0.00901674 0.0115052 
0.490939 0.471117 0.499965 0.493839 0.498359 0.482455 -0.00877597 -0.0103197 -0.0106726 -0.0107414 -0.00969973 -0.00946149 -4.38548e-05 0.00135373 0.000951977 
1.93894e-34 0.162598 0.259456 0.212151 0.133676 0.0810278 1.43292e-36 -0.00300186 -0.00415082 -0.00373874 -0.001951 -0.00130526 -0.000787152 0.000399261 -0.000366203 
0.488711 0.499965 0.458365 0.488451 0.475901 0.496572 -0.00877708 -0.0106726 -0.0101995 -0.0107111 -0.00943846 -0.00970557 4.43353e-05 0.000951977 0.00140207 
2.87962e-34 0.219085 0.31121 0.268139 0.176839 0.118415 2.98281e-35 -0.00322684 -0.00670616 -0.00507687 -0.00255592 -0.00100822 0.00697533 0.00901674 0.00619461 
-2.81877e-34 -2.35707e-34 -0.253922 -0.219499 -0.205924 1.4371e-34 6.84919e-34 5.85511e-34 0.00150119 0.00730781 0.0185261 1.24367e-33 -0.132322 -0.118724 -0.128365 
-1.74895e-36 -0.0132339 -0.000679031 -0.00430969 0.00109683 0.000326766 6.04375e-34 0.00634552 9.51749e-05 0.00310375 0.000181522 0.00139531 -0.122153 -0.122608 -0.122001 
-0.0338111 -0.0234542 0.157437 0.0411521 0.0165384 -0.0314738 0.0417082 0.052429 -0.00505407 0.0332259 0.0302556 0.0471818 -0.121094 -0.121497 -0.119005 
-1.315e-34 -4.89426e-35 0.0103535 -0.0792627 -0.130073 3.2912e-35 1.5352e-34 -6.49692e-35 -0.0714979 -0.0209942 -0.0238059 1.57578e-34 -0.0358315 0.00795854 -0.0174194 
-0.0927122 -0.0837235 -0.1385 -0.109145 -0.135396 -0.118754 0.0671634 0.0244127 0.0312117 0.027674 0.0589465 0.0520389 -0.127107 -0.126732 -0.130476 
0.856877 0.423269 0.767118 0.6081 0.817454 0.67374 -0.0398918 -0.0134054 -0.0217339 -0.0171997 -0.0310354 -0.0260213 -0.0986994 -0.094365 -0.0937652 
0.767091 0.696019 0.953266 0.874959 0.890951 0.735593 -0.0600885 -0.038728 -0.0780388 -0.0629873 -0.0729509 -0.0493613 -0.0924967 -0.0936922 -0.102597 
7.49327e-34 0.823919 7.28243e-34 0.519447 -4.78741e-34 0.537798 3.13268e-34 -0.0257291 5.13639e-34 -0.0146411 1.19326e-33 -0.0338732 -0.137984 -0.118962 -0.111972 
0.313962 0.0103535 0.036073 0.0154809 0.162723 0.153834 -0.129988 -0.0714979 -0.0392782 -0.056699 -0.0920891 -0.110495 0.011225 -0.0174194 0.0200956 
0.49999 0.499965 0.471117 0.493839 0.494394 0.499956 -0.0125592 -0.0106726 -0.0103197 -0.0107414 -0.0116864 -0.0116137 0.00202546 0.000951977 0.00135373 
0.49999 0.458365 0.499965 0.488451 0.499956 0.487891 -0.0125592 -0.0101995 -0.0106726 -0.0107111 -0.0116137 -0.0116167 0.00202546 0.00140207 0.000951977 
6.62303e-34 5.20295e-34 0.701879 0.406667 0.40314 -2.40016e-34 3.73501e-34 4.39131e-34 -0.00669303 -0.0024478 -0.00190126 8.22293e-34 -0.079244 -0.093367 -0.0904205 
-1.42975e-34 -0.214718 -0.1385 -0.178733 -0.0896836 -0.142138 7.05997e-34 0.0454278 0.0312117 0.0380966 0.00868443 0.0193868 -0.138183 -0.136774 -0.130476 
0.99948 0.997232 0.71287 0.915867 0.922404 0.998792 -0.0114983 -0.0216735 -0.0111056 -0.0180755 -0.0137811 -0.0166436 -0.0845072 -0.0951946 -0.0863115 
6.62303e-34 0.701879 0.834721 0.773266 0.508679 0.40314 3.73501e-34 -0.00669303 -0.00613453 -0.00664938 -0.00220147 -0.00190126 -0.079244 -0.0904205 -0.0796984 
0.901003 0.839138 0.917589 0.934356 0.947127 0.869689 -0.0915584 -0.105293 -0.0893925 -0.10844 -0.0961812 -0.0986128 -0.111174 -0.115377 -0.0971226 
0.378291 0.31121 0.219085 0.268139 0.308104 0.3471 -0.0090178 -0.00670616 -0.00322684 -0.00507687 -0.00623502 -0.0080643 0.00913794 0.00619461 0.00901674 
0.220363 0.157437 0.723064 0.411678 0.487587 0.183198 -0.0137967 -0.00505407 -0.0678591 -0.0398985 -0.0461868 -0.00967346 -0.121012 -0.119005 -0.117234 
0.993602 0.988166 0.767118 0.92515 0.926554 0.99078 -0.034716 -0.0460939 -0.0217339 -0.0358675 -0.0305013 -0.0411333 -0.102523 -0.105306 -0.0937652 
5.06417e-34 4.99113e-34 -0.0213481 -0.00694479 -0.00966385 1.02449e-33 3.72199e-35 1.09312e-35 0.0255507 0.0164516 0.0277513 -1.39933e-35 -0.123348 -0.121085 -0.121875 
0.99948 0.71287 0.647977 0.681564 0.905686 0.922404 -0.0114983 -0.0111056 -0.00562989 -0.00764808 -0.0106289 -0.0137811 -0.0845072 -0.0863115 -0.0791252 
0.99948 0.828453 0.997232 0.965719 0.998792 0.961412 -0.0114983 -0.014265 -0.0216735 -0.0219999 -0.0166436 -0.0158754 -0.0845072 -0.101178 -0.0951946 
0.245426 0.182968 0.384823 0.296044 0.321247 0.215115 -0.0022453 -0.0016434 -0.00662052 -0.00404601 -0.00418728 -0.00193119 -5.56008e-05 0.00101953 0.000997001 
0.244368 0.375342 0.167574 0.284301 0.207134 0.316319 -0.00227653 -0.00661148 -0.00150675 -0.00395798 -0.00188327 -0.0042078 6.31522e-05 0.00104578 0.000833042 
0.379931 0.482817 0.430636 0.460995 0.40665 0.442308 -0.00929563 -0.013347 -0.0121726 -0.0131015 -0.0109982 -0.0116492 0.00207368 0.0026721 0.00258258 
4.57851e-34 0.647977 0.71287 0.681564 0.4057 0.360275 -4.11449e-34 -0.00562989 -0.0111056 -0.00764808 -0.00321657 -0.00207292 -0.0831059 -0.0791252 -0.0863115 
0.588335 0.720611 0.720088 0.719203 0.682999 0.693342 -0.14703 -0.0990388 -0.171027 -0.132762 -0.1593 -0.123102 0.0152876 -0.0226191 -0.0216533 
0.578582 0.616499 0.668301 0.64385 0.637681 0.608582 0.0721887 0.120229 0.101783 0.118311 0.087966 0.0969473 -0.00326426 -0.0105997 -0.0205779 
4.86747e-34 0.645958 0.775105 0.714092 0.458529 0.364847 3.14964e-34 -0.00252029 -0.00213621 -0.00238789 -0.000850454 -0.00072829 -0.0663947 -0.0709345 -0.0597465 
0.998695 0.75005 0.62497 0.690614 0.895056 0.92805 -0.00171377 -0.000692282 -0.000930715 -0.000824597 -0.00169461 -0.00130829 -0.0498702 -0.0414986 -0.0504337 
-0.0927122 0.140319 0.103082 0.12969 -0.00109333 0.00560459 0.0671634 0.023625 0.0307451 0.0301788 0.0562888 0.0591398 -0.127107 -0.136181 -0.123557 
5.74365e-34 0.842974 0.647977 0.755131 0.363901 0.507942 -3.65518e-34 -0.00499746 -0.00562989 -0.00553553 -0.00180291 -0.00242508 -0.0739174 -0.0716192 -0.0791252 
0.363286 0.450481 0.473708 0.463996 0.423951 0.40595 0.0543747 0.108552 0.0686502 0.0881295 0.063712 0.0815019 0.0209134 0.0123725 0.0150666 
2.61739e-34 2.46984e-34 0.501308 0.245318 0.220115 -2.04215e-34 -4.15454e-34 -4.47781e-34 -0.0389805 -0.00923285 -0.00961164 -8.28499e-34 -0.0814448 -0.0889844 -0.0849932 
0.99948 0.701879 0.828453 0.769663 0.961412 0.931927 -0.0114983 -0.00669303 -0.014265 -0.00924571 -0.0158754 -0.0117413 -0.0845072 -0.0904205 -0.101178 
-1.74895e-36 -2.42721e-35 -0.0132339 -0.00545132 0.000326766 2.81524e-36 6.04375e-34 6.19425e-34 0.00634552 0.00140791 0.00139531 1.21186e-33 -0.122153 -0.123453 -0.122608 
9.79128e-35 2.5668e-34 0.183858 0.0957197 0.0931644 -6.97528e-35 -6.35461e-36 -1.3021e-35 -0.00352117 -0.00115532 -0.000837625 -1.29106e-35 0.00101927 0.00170815 0.00119605 
0.75 0.75005 0.986677 0.905345 0.905344 0.74996 -3.87746e-37 -0.000692282 -0.000599591 -0.00077497 -0.000521939 -0.000364349 -0.0309607 -0.0414986 -0.0379393 
0.502379 0.800851 0.63422 0.723682 0.577759 0.678513 -0.126407 -0.225135 -0.192447 -0.214399 -0.161592 -0.17995 -0.0602977 -0.0761144 -0.0586084 
0.132164 0.370143 0.329985 0.345341 0.223346 0.237302 -0.0612761 -0.101247 -0.0844631 -0.092561 -0.0762197 -0.0755942 -0.0600963 -0.0537805 -0.0609062 
0.160576 0.327037 0.381592 0.352203 0.267727 0.233533 0.0740105 0.0526228 0.111675 0.084698 0.0918646 0.061935 -0.0511177 -0.0741307 -0.0508201 
0.633056 0.920656 0.839138 0.901063 0.737066 0.841774 -0.103396 -0.142245 -0.105293 -0.128391 -0.10621 -0.139288 -0.128485 -0.103287 -0.115377 
0.386411 0.461388 0.490489 0.474843 0.446312 0.428124 0.0261611 0.0212148 0.0486925 0.0334231 0.0374407 0.0254316 -0.00437589 -0.000181591 -0.000469952 
0.259456 0.417495 0.316155 0.371197 0.287301 0.346945 -0.00415082 -0.00656354 -0.00228355 -0.00393842 -0.00348821 -0.00597597 -0.000366203 0.00130877 -0.00167297 
0.49999 0.493002 0.482817 0.499765 0.494777 0.499103 -0.0125592 -0.0135276 -0.013347 -0.0135719 -0.0130965 -0.0132657 0.00202546 0.0038968 0.0026721 
0.633056 0.379638 0.140319 0.241638 0.347256 0.510033 -0.103396 -0.0450005 0.023625 -0.00838442 -0.0395027 -0.071645 -0.128485 -0.126112 -0.136181 
0.509909 0.46127 0.510487 0.490432 0.512187 0.499579 0.0227412 0.0329037 0.0465366 0.0395902 0.033892 0.0285995 0.0071312 0.0159402 0.0103648 
2.54463e-34 -1.74895e-36 -0.000679031 0.00109683 0.000730467 -7.11844e-37 3.01147e-34 6.04375e-34 9.51749e-05 0.000181522 -0.000905704 1.20581e-33 -0.122036 -0.122153 -0.122001 
0.363286 0.473708 0.46127 0.467493 0.421007 0.423951 0.0543747 0.0686502 0.0329037 0.0488917 0.0448478 0.063712 0.0209134 0.0150666 0.0159402 
0.220363 0.0306655 -0.0143549 -0.00115823 0.0346634 0.112632 -0.0137967 0.037391 0.0387245 0.0411735 0.0245067 0.0121198 -0.121012 -0.125557 -0.12306 
2.54463e-34 -0.000679031 5.06848e-34 -9.903e-05 1.01603e-33 0.000730467 3.01147e-34 9.51749e-05 2.07616e-37 -0.000729447 1.35212e-37 -0.000905704 -0.122036 -0.122001 -0.121777 
0.427063 0.316155 0.417495 0.371197 0.421817 0.37745 0.00188666 -0.00228355 -0.00656354 -0.00393842 -0.00335919 -0.000340148 0.000711533 -0.00167297 0.00130877 
0.767091 0.347586 0.696019 0.525606 0.735593 0.576112 -0.0600885 -0.018069 -0.038728 -0.0265146 -0.0493613 -0.036785 -0.0924967 -0.0896916 -0.0936922 
0.633056 0.839138 0.379638 0.626123 0.510033 0.737066 -0.103396 -0.105293 -0.0450005 -0.0811531 -0.071645 -0.10621 -0.128485 -0.115377 -0.126112 
0.414731 0.440756 0.493002 0.47344 0.465066 0.428495 -0.0100952 -0.0117689 -0.0135276 -0.012726 -0.0122597 -0.0112544 0.0032726 0.00581723 0.0038968 
6.58909e-34 4.02034e-34 0.706099 0.405398 0.404854 -2.803e-34 -2.59164e-34 -2.0243e-34 -0.000953808 -0.000249423 -0.000395397 -4.60169e-34 -0.0526196 -0.0412405 -0.0464299 
0.160576 0.381592 0.397481 0.388117 0.279604 0.267727 0.0740105 0.111675 0.137588 0.128807 0.110826 0.0918646 -0.0511177 -0.0508201 -0.0251144 
0.998695 0.99706 0.843954 0.971031 0.967548 0.997879 -0.00171377 -0.00311122 -0.00252564 -0.00324064 -0.00260656 -0.00256029 -0.0498702 -0.0590312 -0.0586597 
0.132164 0.329985 0.285503 0.307366 0.201773 0.223346 -0.0612761 -0.0844631 -0.0655719 -0.0778549 -0.0731102 -0.0762197 -0.0600963 -0.0609062 -0.0721531 
0.99948 0.647977 0.842974 0.755131 0.957701 0.905686 -0.0114983 -0.00562989 -0.00499746 -0.00553553 -0.00895628 -0.0106289 -0.0845072 -0.0791252 -0.0716192 
0.577478 0.397481 0.529779 0.464375 0.558182 0.505671 0.148031 0.137588 0.141045 0.142396 0.147607 0.149387 -0.0132733 -0.0251144 -0.030335 
4.48074e-34 2.61739e-34 0.377206 0.174491 0.153459 -1.11453e-34 -4.17021e-34 -4.15454e-34 -0.0341332 -0.00878739 -0.0107978 -7.6407e-34 -0.0754321 -0.0814448 -0.0795972 
-0.0160188 -0.000679031 -0.0132339 -0.00430969 -0.0150861 -0.00635457 0.0111606 9.51749e-05 0.00634552 0.00310375 0.00843491 0.00352716 -0.121782 -0.122001 -0.122608 
0.220363 0.0161098 0.157437 0.0730239 0.183198 0.0876219 -0.0137967 0.0259562 -0.00505407 0.0132703 -0.00967346 0.00976506 -0.121012 -0.121347 -0.119005 
0.502379 0.83709 0.800851 0.821722 0.678513 0.695701 -0.126407 -0.190925 -0.225135 -0.210305 -0.17995 -0.16631 -0.0602977 -0.0829497 -0.0761144 
0.566617 0.285503 0.473505 0.378636 0.520072 0.423537 -0.0475784 -0.0655719 -0.083671 -0.0739101 -0.0666335 -0.0608348 -0.0621541 -0.0721531 -0.0646328 
0.778198 0.63422 0.803048 0.743498 0.790451 0.743769 -0.27774 -0.192447 -0.265928 -0.233572 -0.27577 -0.245598 -0.063682 -0.0586084 -0.0748381 
0.989626 0.843954 0.99706 0.971031 0.993988 0.978254 -0.00463922 -0.00252564 -0.00311122 -0.00324064 -0.00379209 -0.00434362 -0.0679832 -0.0586597 -0.0590312 
0.998695 0.62497 0.775105 0.704779 0.935017 0.895056 -0.00171377 -0.000930715 -0.00213621 -0.00138062 -0.00231304 -0.00169461 -0.0498702 -0.0504337 -0.0597465 
0.958227 0.723064 0.953266 0.914806 0.962479 0.874969 -0.0726642 -0.0678591 -0.0780388 -0.0823128 -0.0755776 -0.0755709 -0.108556 -0.117234 -0.102597 
-0.124225 -0.1385 -0.214718 -0.178733 -0.179295 -0.163939 0.0657092 0.0312117 0.0454278 0.0380966 0.061857 0.0593798 -0.136371 -0.130476 -0.136774 
5.06417e-34 -0.0143549 0.0306655 -0.00115823 -0.0126737 -0.0104592 3.72199e-35 0.0387245 0.037391 0.0411735 0.0445425 0.0385 -0.123348 -0.12306 -0.125557 
0.706026 0.846991 0.83709 0.863155 0.86336 0.796605 -0.175492 -0.241222 -0.190925 -0.226277 -0.220097 -0.219049 -0.1307 -0.10199 -0.0829497 
3.61256e-34 0.696019 0.347586 0.525606 0.178069 0.354764 -4.60662e-34 -0.038728 -0.018069 -0.0265146 -0.00701606 -0.0127014 -0.0910029 -0.0936922 -0.0896916 
0.874571 0.920656 0.814356 0.885683 0.89411 0.904706 -0.163395 -0.142245 -0.166782 -0.160527 -0.180605 -0.155354 -0.0902805 -0.103287 -0.12185 
0.633056 0.814356 0.920656 0.885683 0.841774 0.734873 -0.103396 -0.166782 -0.142245 -0.160527 -0.139288 -0.136746 -0.128485 -0.12185 -0.103287 
0.427063 0.417495 0.490249 0.460085 0.464234 0.421817 0.00188666 -0.00656354 0.00222416 -0.00314291 0.00202894 -0.00335919 0.000711533 0.00130877 0.00445251 
-2.35707e-34 -0.152478 -0.253922 -0.215798 -0.219499 -0.24383 5.85511e-34 -0.0396801 0.00150119 -0.0161193 0.00730781 0.00144043 -0.118724 -0.101809 -0.128365 
-0.0338111 0.157437 0.0161098 0.0730239 -0.0186726 0.0165384 0.0417082 -0.00505407 0.0259562 0.0132703 0.0367361 0.0302556 -0.121094 -0.119005 -0.121347 
0.386411 0.490489 0.514317 0.501144 0.455686 0.446312 0.0261611 0.0486925 0.0766914 0.0624394 0.0483363 0.0374407 -0.00437589 -0.000469952 -0.00227371 
0.266708 0.167574 0.375342 0.284301 0.325173 0.219631 -0.00422959 -0.00150675 -0.00661148 -0.00395798 -0.00551216 -0.00268916 0.00141903 0.000833042 0.00104578 
0.279428 0.384823 0.182968 0.296044 0.233064 0.336439 -0.00423776 -0.00662052 -0.0016434 -0.00404601 -0.00277063 -0.00554869 0.00204831 0.000997001 0.00101953 
4.20104e-34 6.29383e-34 0.767118 0.442899 0.426908 -4.69521e-34 -4.6849e-34 -4.49984e-34 -0.0217339 -0.00725979 -0.00949945 -8.94934e-34 -0.0936492 -0.0894959 -0.0937652 
0.75 0.437679 0.75005 0.609358 0.74996 0.609484 -3.87746e-37 -0.000159951 -0.000692282 -0.000291935 -0.000364349 -0.000128428 -0.0309607 -0.0367777 -0.0414986 
0.410087 0.384823 0.471117 0.43523 0.444708 0.39781 -0.00600628 -0.00662052 -0.0103197 -0.00859572 -0.00803185 -0.00623087 -8.68398e-05 0.000997001 0.00135373 
0.406246 0.458365 0.375342 0.422316 0.391369 0.43499 -0.00604726 -0.0101995 -0.00661148 -0.00852515 -0.00624768 -0.00798321 8.85413e-05 0.00140207 0.00104578 
0.901003 0.953266 0.723064 0.914806 0.827786 0.948096 -0.0915584 -0.0780388 -0.0678591 -0.0823128 -0.081422 -0.0878355 -0.111174 -0.102597 -0.117234 
0.578582 0.668301 0.698216 0.68505 0.65571 0.637681 0.0721887 0.101783 0.0547005 0.080554 0.0714608 0.087966 -0.00326426 -0.0205779 -0.0236049 
0.998695 0.706099 0.937224 0.842923 0.988589 0.935823 -0.00171377 -0.000953808 -0.000790968 -0.00106474 -0.00145184 -0.00167048 -0.0498702 -0.0464299 -0.0399485 
2.87962e-34 1.30493e-34 0.219085 0.120684 0.118415 -7.63705e-35 2.98281e-35 4.9626e-35 -0.00322684 -0.000747901 -0.00100822 8.55955e-35 0.00697533 0.0103793 0.00901674 
0.5531 0.514317 0.539333 0.532403 0.549577 0.550669 0.117426 0.0766914 0.0841843 0.0815252 0.10087 0.0978665 0.00188685 -0.00227371 0.00257519 
0.989626 0.999334 0.842974 0.965347 0.97803 0.996108 -0.00463922 -0.00771165 -0.00499746 -0.00722226 -0.00618508 -0.00643844 -0.0679832 -0.0759397 -0.0716192 
0.588335 0.720088 0.683022 0.7107 0.638537 0.682999 -0.14703 -0.171027 -0.236528 -0.204421 -0.191456 -0.1593 0.0152876 -0.0216533 -0.0184106 
4.57851e-34 5.74365e-34 0.647977 0.363901 0.360275 -2.01167e-34 -4.11449e-34 -3.65518e-34 -0.00562989 -0.00180291 -0.00207292 -7.69455e-34 -0.0831059 -0.0739174 -0.0791252 
0.410087 0.245426 0.384823 0.321247 0.39781 0.337975 -0.00600628 -0.0022453 -0.00662052 -0.00418728 -0.00623087 -0.00415458 -8.68398e-05 -5.56008e-05 0.000997001 
0.244368 0.406246 0.375342 0.391369 0.316319 0.335492 -0.00227653 -0.00604726 -0.00661148 -0.00624768 -0.0042078 -0.00419118 6.31522e-05 8.85413e-05 0.00104578 
0.824088 0.377206 0.501308 0.439745 0.688319 0.628111 -0.0950104 -0.0341332 -0.0389805 -0.0365869 -0.0681546 -0.0669277 -0.0880553 -0.0795972 -0.0849932 
3.13935e-34 0.586393 4.02034e-34 0.324938 -9.77418e-35 0.325103 -7.23222e-35 -0.000289254 -2.0243e-34 -0.000127372 -3.4675e-34 -9.02439e-05 -0.029481 -0.0372226 -0.0412405 
4.02034e-34 0.586393 0.706099 0.648859 0.405398 0.324938 -2.0243e-34 -0.000289254 -0.000953808 -0.000521654 -0.000249423 -0.000127372 -0.0412405 -0.0372226 -0.0464299 
0.49999 0.471117 0.483113 0.477569 0.4971 0.494394 -0.0125592 -0.0103197 -0.0121673 -0.0113556 -0.0125479 -0.0116864 0.00202546 0.00135373 0.00270713 
0.414731 0.483113 0.471117 0.477569 0.446643 0.455462 -0.0100952 -0.0121673 -0.0103197 -0.0113556 -0.0103547 -0.0113682 0.0032726 0.00270713 0.00135373 
4.41868e-34 0.62497 0.75005 0.690614 0.437644 0.349976 2.02e-34 -0.000930715 -0.000692282 -0.000824597 -0.000216968 -0.000213354 -0.0424951 -0.0504337 -0.0414986 
1 0.75 0.986677 0.905344 0.996677 0.9375 -5.1604e-37 -3.87746e-37 -0.000599591 -0.000521939 -0.000565126 -7.98811e-37 -0.0302878 -0.0309607 -0.0379393 
0.99948 0.842974 0.999334 0.965347 0.999788 0.957701 -0.0114983 -0.00499746 -0.00771165 -0.00722226 -0.00930815 -0.00895628 -0.0845072 -0.0716192 -0.0759397 
2.03757e-34 2.14487e-34 0.355412 0.212733 0.207058 -1.29112e-34 -1.45675e-34 -8.0741e-35 -0.00586916 -0.00111315 -0.0039428 -2.16017e-34 0.0282193 0.0162865 0.0217056 
0.576498 0.698216 0.64902 0.683864 0.618077 0.669064 0.0419421 0.0547005 0.0890031 0.0800829 0.0673552 0.0599105 -0.058786 -0.0236049 -0.0434641 
1.3617e-34 1.16561e-34 0.232829 0.11387 0.125846 -7.71611e-35 2.45607e-35 3.2441e-35 0.0172604 0.00441101 0.00539545 4.30033e-35 -0.00367097 -0.00556236 -0.00426793 
0.989626 0.775105 0.645958 0.714092 0.879129 0.916903 -0.00463922 -0.00213621 -0.00252029 -0.00238789 -0.00442659 -0.00368367 -0.0679832 -0.0597465 -0.0709345 
4.36621e-35 -5.8992e-37 0.0822468 0.00455865 0.0332128 -3.664e-35 7.84642e-35 -4.80776e-36 0.0344796 0.0133085 0.0121161 4.28583e-35 0.0135627 -0.00367267 0.00601942 
-8.0393e-35 -5.79463e-35 -0.0843572 -0.0665476 -0.0840497 5.61633e-35 -3.29597e-34 -3.45827e-34 -0.0143011 -0.00942694 -0.00621422 -6.63526e-34 -0.0661505 -0.068878 -0.0702175 
2.57027e-35 3.07193e-35 0.0615664 0.0274243 0.0266194 -1.797e-35 -2.74045e-34 -2.786e-34 -0.00646407 0.00067752 0.000149271 -5.48771e-34 -0.0556586 -0.0566454 -0.0547585 
-6.56087e-35 -1.42975e-34 -0.1385 -0.0896836 -0.0610184 5.93997e-35 6.53059e-34 7.05997e-34 0.0312117 0.00868443 0.00819711 1.31734e-33 -0.13 -0.138183 -0.130476 
0.423651 0.552505 0.157437 0.343141 0.285729 0.484008 -0.0476454 -0.0597017 -0.00505407 -0.0313695 -0.0238876 -0.0531484 -0.120522 -0.118561 -0.119005 
9.29402e-35 4.48074e-34 0.256905 0.120832 0.100094 -7.64059e-35 -3.45642e-34 -4.17021e-34 -0.0317332 -0.00854838 -0.00646694 -7.02151e-34 -0.0690555 -0.0754321 -0.0687308 
7.80511e-35 1.93894e-34 0.165441 0.0821031 0.0811626 -5.56242e-35 1.37068e-35 1.43292e-36 -0.000916241 -0.00101628 -0.000346355 1.81029e-35 -0.00280719 -0.000787152 -0.00220817 
0.378291 0.477535 0.482393 0.480431 0.44207 0.438726 -0.0090178 -0.00463051 -0.0112191 -0.00859716 -0.0103054 -0.00800204 0.00913794 0.00977369 0.00670133 
0.937224 0.706099 0.586393 0.648859 0.800315 0.842923 -0.000790968 -0.000953808 -0.000289254 -0.000521654 -0.000590939 -0.00106474 -0.0399485 -0.0464299 -0.0372226 
0.686976 0.683022 0.680023 0.728326 0.683366 0.730947 -0.21826 -0.236528 -0.193329 -0.219812 -0.20717 -0.23471 -0.0469685 -0.0184106 -0.0439867 
1 0.986677 0.937224 0.995422 0.98425 0.996677 -5.1604e-37 -0.000599591 -0.000790968 -0.000830035 -0.000684541 -0.000565126 -0.0302878 -0.0379393 -0.0399485 
-4.77544e-35 -6.56087e-35 -0.0837235 -0.0464037 -0.0299259 2.79331e-35 6.37858e-34 6.53059e-34 0.0244127 0.00780342 0.00539985 1.25964e-33 -0.126132 -0.13 -0.126732 
4.20104e-34 0.767118 0.423269 0.6081 0.223479 0.426908 -4.6849e-34 -0.0217339 -0.0134054 -0.0171997 -0.00484729 -0.00949945 -0.0936492 -0.0937652 -0.094365 
3.13935e-34 0.75 0.586393 0.673364 0.325103 0.4375 -7.23222e-35 -3.38191e-37 -0.000289254 -0.000173984 -9.02439e-05 -9.26399e-38 -0.029481 -0.0295719 -0.0372226 
1.16761e-34 9.40572e-35 0.195306 0.098851 0.112123 -7.69638e-35 1.12521e-34 1.11766e-34 0.0163411 0.00639559 0.00532283 2.10008e-34 0.0219498 0.0211981 0.0222571 
2.94515e-34 1.26683e-34 0.229222 0.127877 0.128603 -8.51498e-35 7.12445e-35 9.50205e-35 0.000946774 0.000491089 -0.000635017 1.67149e-34 0.0148729 0.0191716 0.0178653 
-5.68591e-35 -8.03687e-35 -0.04982 -0.0854134 -0.0716895 2.55428e-35 -1.2485e-34 -2.48206e-34 0.0218484 0.00561456 0.00516933 -3.95689e-34 -0.0272587 -0.0514341 -0.0427977 
-1.63962e-35 7.91744e-36 -0.000301862 0.00546533 -0.00915938 1.37979e-35 -3.26308e-34 -2.91653e-34 -0.0220311 -0.00538663 -0.00508392 -5.98856e-34 -0.0649107 -0.0584265 -0.0598518 
4.62077e-35 6.4016e-35 0.135497 0.0548847 0.0435949 -3.28095e-35 -2.97577e-34 -3.20057e-34 -0.0184979 -0.0047893 -0.00346976 -6.04817e-34 -0.0599027 -0.0641008 -0.0610898 
6.89096e-35 1.49768e-34 0.228735 0.131082 0.0847637 -7.83839e-35 -1.82045e-34 -1.95725e-34 -0.0500189 -0.020933 -0.0229751 -3.21728e-34 0.0320714 0.0357446 0.0341859 
1.96303e-34 1.7289e-34 0.323321 0.171812 0.187457 -1.12155e-34 -2.7632e-35 6.24135e-36 0.0251258 0.00633108 0.00569898 -3.79326e-35 0.00689624 0.000260501 0.00400109 
9.64271e-35 8.76622e-35 0.176899 0.0850753 0.0893212 -5.8848e-35 3.12885e-35 2.41424e-35 0.00471056 0.00147682 0.00199993 5.08534e-35 -0.005817 -0.00461008 -0.0053243 
0.767091 0.917589 0.501308 0.762799 0.641217 0.860573 -0.0600885 -0.0893925 -0.0389805 -0.0702343 -0.0509325 -0.076252 -0.0924967 -0.0971226 -0.0849932 
0.706026 0.50609 0.846991 0.722038 0.796605 0.604164 -0.175492 -0.163485 -0.241222 -0.221876 -0.219049 -0.170475 -0.1307 -0.130987 -0.10199 
0.798254 0.846991 0.50609 0.722038 0.684601 0.823528 -0.261328 -0.241222 -0.163485 -0.221876 -0.230037 -0.252972 -0.0972842 -0.10199 -0.130987 
0.824088 0.917589 0.839138 0.934356 0.931836 0.87649 -0.0950104 -0.0893925 -0.105293 -0.10844 -0.117953 -0.0933976 -0.0880553 -0.0971226 -0.115377 
0.220363 -0.0143549 0.0161098 -0.00662559 0.0876219 0.0346634 -0.0137967 0.0387245 0.0259562 0.0324705 0.00976506 0.0245067 -0.121012 -0.12306 -0.121347 
0.49999 0.483113 0.493002 0.48857 0.499103 0.4971 -0.0125592 -0.0121673 -0.0135276 -0.0128505 -0.0132657 -0.0125479 0.00202546 0.00270713 0.0038968 
2.3643e-34 4.41868e-34 0.437679 0.234532 0.234477 4.78674e-35 7.39535e-35 2.02e-34 -0.000159951 -0.000142841 -6.99611e-05 3.50319e-34 -0.0310793 -0.0424951 -0.0367777 
0.99948 0.834721 0.701879 0.773266 0.931927 0.961986 -0.0114983 -0.00613453 -0.00669303 -0.00664938 -0.0117413 -0.00995621 -0.0845072 -0.0796984 -0.0904205 
0.0733682 -0.253922 -0.152478 -0.215798 -0.0538502 -0.11821 -0.0548812 0.00150119 -0.0396801 -0.0161193 -0.0405212 -0.00802623 -0.135224 -0.128365 -0.101809 
0.824088 0.501308 0.917589 0.762799 0.87649 0.688319 -0.0950104 -0.0389805 -0.0893925 -0.0702343 -0.0933976 -0.0681546 -0.0880553 -0.0849932 -0.0971226 
0.414731 0.493002 0.483113 0.48857 0.455462 0.465066 -0.0100952 -0.0135276 -0.0121673 -0.0128505 -0.0113682 -0.0122597 0.0032726 0.0038968 0.00270713 
-1.42975e-34 -2.81877e-34 -0.214718 -0.165027 -0.142138 1.27464e-34 7.05997e-34 6.84919e-34 0.0454278 0.0272863 0.0193868 1.3175e-33 -0.138183 -0.132322 -0.136774 
4.41868e-34 0.75005 0.437679 0.609358 0.234532 0.437644 2.02e-34 -0.000692282 -0.000159951 -0.000291935 -0.000142841 -0.000216968 -0.0424951 -0.0414986 -0.0367777 
2.03757e-34 0.355412 0.24549 0.30639 0.145713 0.207058 -1.45675e-34 -0.00586916 -0.0181627 -0.0161068 -0.00485988 -0.0039428 0.0282193 0.0217056 0.0314827 
0.75 0.937224 0.586393 0.800315 0.673364 0.859219 -3.38191e-37 -0.000790968 -0.000289254 -0.000590939 -0.000173984 -0.000515457 -0.0295719 -0.0399485 -0.0372226 
0.495717 0.24549 0.355412 0.30639 0.433486 0.373708 -0.0670731 -0.0181627 -0.00586916 -0.0161068 -0.0352896 -0.0454292 0.0250219 0.0314827 0.0217056 
1.3617e-34 0.232829 0.209782 0.222502 0.103788 0.125846 2.45607e-35 0.0172604 0.0123694 0.0154894 0.00362606 0.00539545 -0.00367097 -0.00426793 -0.00153387 
-0.0338111 0.0161098 -0.0143549 -0.00662559 -0.0276531 -0.0186726 0.0417082 0.0259562 0.0387245 0.0324705 0.0391497 0.0367361 -0.121094 -0.121347 -0.12306 
4.41868e-34 4.54658e-34 0.62497 0.35051 0.349976 -1.42335e-34 2.02e-34 2.57543e-34 -0.000930715 -0.000313761 -0.000213354 4.60567e-34 -0.0424951 -0.0542302 -0.0504337 
0.428356 0.209782 0.232829 0.222502 0.332002 0.328732 0.0504837 0.0123694 0.0172604 0.0154894 0.0327431 0.0303299 -0.00230318 -0.00153387 -0.00426793 
1.30493e-34 2.94515e-34 0.217316 0.119969 0.11881 -6.78123e-35 4.9626e-35 7.12445e-35 -0.00282086 -0.00117875 -0.000901977 1.24389e-34 0.0103793 0.0148729 0.0115052 
4.86747e-34 6.62303e-34 0.645958 0.366733 0.364847 -1.65572e-34 3.14964e-34 3.73501e-34 -0.00252029 -0.00133737 -0.00072829 6.93516e-34 -0.0663947 -0.079244 -0.0709345 
-0.147608 0.192976 -0.0484094 0.0622925 -0.0987836 0.011528 0.0183597 -0.0568702 0.0371244 0.00209422 0.0308713 0.00106694 -0.142143 -0.146349 -0.145583 
0.824088 0.839138 0.920656 0.901063 0.901976 0.931836 -0.0950104 -0.105293 -0.142245 -0.128391 -0.124059 -0.117953 -0.0880553 -0.115377 -0.103287 
0.767091 0.501308 0.347586 0.429647 0.576112 0.641217 -0.0600885 -0.0389805 -0.018069 -0.0257834 -0.036785 -0.0509325 -0.0924967 -0.0849932 -0.0896916 
-5.8992e-37 -0.0204004 0.0822468 0.0263212 0.00455865 -0.0265032 -4.80776e-36 0.0197456 0.0344796 0.0279071 0.0133085 0.00630241 -0.00367267 -0.0163617 0.00601942 
4.36621e-35 0.0822468 0.102504 0.0955008 0.0399534 0.0332128 7.84642e-35 0.0344796 0.0159894 0.0243855 0.00560743 0.0121161 0.0135627 0.00601942 0.017789 
-5.79463e-35 -0.0510531 -0.0843572 -0.0714844 -0.0665476 -0.0369832 -3.45827e-34 -0.017173 -0.0143011 -0.016055 -0.00942694 -0.00494758 -0.068878 -0.0666359 -0.0702175 
-8.0393e-35 -0.0843572 -0.0992089 -0.0944408 -0.0769775 -0.0840497 -3.29597e-34 -0.0143011 -0.00278255 -0.006842 -0.00268259 -0.00621422 -0.0661505 -0.0702175 -0.0611868 
3.07193e-35 0.0544005 0.0615664 0.058565 0.0274243 0.0192363 -2.786e-34 -0.00419193 -0.00646407 -0.00501104 0.00067752 -6.93236e-05 -0.0566454 -0.0577594 -0.0547585 
2.57027e-35 0.0615664 0.0259624 0.0427658 0.0172455 0.0266194 -2.74045e-34 -0.00646407 -0.00577027 -0.00568898 -0.000409074 0.000149271 -0.0556586 -0.0547585 -0.055904 
0.241482 0.102504 0.0822468 0.0955008 0.163623 0.174732 0.0583976 0.0159894 0.0344796 0.0243855 0.0515874 0.0386511 0.0180106 0.017789 0.00601942 
0.0053068 -0.0992089 -0.0843572 -0.0944408 -0.0539511 -0.0658385 0.018834 -0.00278255 -0.0143011 -0.006842 -0.0104553 0.000986015 -0.0679154 -0.0611868 -0.0702175 
0.145051 0.0822468 -0.0204004 0.0263212 0.0506687 0.10758 0.0853414 0.0344796 0.0197456 0.0279071 0.0527054 0.0622408 -0.0166864 0.00601942 -0.0163617 
0.0923778 0.0259624 0.0615664 0.0427658 0.0778512 0.0485499 -0.0303906 -0.00577027 -0.00646407 -0.00568898 -0.0141578 -0.0151984 -0.0540064 -0.055904 -0.0547585 
0.0331459 -0.0843572 -0.0510531 -0.0714844 -0.037733 -0.0346241 -0.0406683 -0.0143011 -0.017173 -0.016055 -0.0368869 -0.0303069 -0.071157 -0.0702175 -0.0666359 
0.250862 0.0615664 0.0544005 0.058565 0.135903 0.129089 -0.050021 -0.00646407 -0.00419193 -0.00501104 -0.0198473 -0.0195058 -0.0565097 -0.0547585 -0.0577594 
6.62303e-34 0.834721 0.645958 0.748913 0.366733 0.508679 3.73501e-34 -0.00613453 -0.00252029 -0.00388683 -0.00133737 -0.00220147 -0.079244 -0.0796984 -0.0709345 
0.423651 0.379638 0.839138 0.626123 0.652475 0.40004 -0.0476454 -0.0450005 -0.105293 -0.0811531 -0.0801525 -0.0459147 -0.120522 -0.126112 -0.115377 
0.360893 0.232829 0.142753 0.184697 0.256659 0.303312 0.0363387 0.0172604 0.00581345 0.0103557 0.018801 0.02791 -0.00554715 -0.00426793 -0.00567992 
1.16561e-34 0.142753 0.232829 0.184697 0.11387 0.0744402 3.2441e-35 0.00581345 0.0172604 0.0103557 0.00441101 0.00196457 -0.00556236 -0.00567992 -0.00426793 
0.106196 -0.17519 0.0103535 -0.101959 0.0438873 -0.0586697 -0.111237 -0.0290206 -0.0714979 -0.0497352 -0.0915154 -0.0665063 -0.0635225 -0.0626284 -0.0174194 
7.95157e-35 0.167574 1.97525e-34 0.0876125 -3.44768e-35 0.0884655 -9.15847e-37 -0.00150675 -8.20179e-36 -0.000699922 -6.24827e-36 -0.000513863 0.000117037 0.000833042 0.00117253 
2.46984e-34 0.347586 0.501308 0.429647 0.245318 0.163835 -4.47781e-34 -0.018069 -0.0389805 -0.0257834 -0.00923285 -0.00557557 -0.0889844 -0.0896916 -0.0849932 
0.220363 0.419718 0.0306655 0.158604 0.112632 0.306107 -0.0137967 -0.0470255 0.037391 -0.000262409 0.0121198 -0.0272454 -0.121012 -0.125976 -0.125557 
-1.315e-34 0.0103535 -0.17519 -0.101959 -0.156969 -0.130073 1.5352e-34 -0.0714979 -0.0290206 -0.0497352 -0.00970775 -0.0238059 -0.0358315 -0.0174194 -0.0626284 
8.22681e-35 2.09278e-34 0.182968 0.0971179 0.0962221 -4.67916e-35 -9.31028e-37 6.35369e-36 -0.0016434 -0.00076044 -0.000558776 8.32603e-36 -0.000116197 0.00177718 0.00101953 
0.552627 0.355412 0.27672 0.32434 0.433485 0.470009 0.0231408 -0.00586916 0.0091393 0.00323546 0.0144975 -0.00135955 0.00577407 0.0217056 0.0119243 
0.199352 -0.0484094 0.192976 0.0622925 0.196944 0.0781427 -0.0184804 0.0371244 -0.0568702 0.00209422 -0.0381703 0.0162483 -0.145487 -0.145583 -0.146349 
1.16761e-34 0.195306 0.171282 0.187669 0.0909829 0.112123 1.12521e-34 0.0163411 0.00402186 0.00887362 0.00193593 0.00532283 0.0219498 0.0222571 0.020919 
2.14487e-34 0.27672 0.355412 0.32434 0.212733 0.155697 -8.0741e-35 0.0091393 -0.00586916 0.00323546 -0.00111315 0.000534794 0.0162865 0.0119243 0.0217056 
1.49768e-34 0.24549 0.228735 0.245946 0.131082 0.127425 -1.95725e-34 -0.0181627 -0.0500189 -0.0343385 -0.020933 -0.00849346 0.0357446 0.0314827 0.0341859 
9.40572e-35 0.102504 0.195306 0.150924 0.098851 0.0553905 1.11766e-34 0.0159894 0.0163411 0.017652 0.00639559 0.0049459 0.0211981 0.017789 0.0222571 
6.89096e-35 0.228735 0.036073 0.135927 0.00832225 0.0847637 -1.82045e-34 -0.0500189 -0.0392782 -0.0495407 -0.0138174 -0.0229751 0.0320714 0.0341859 0.0200956 
1.7289e-34 0.209782 0.323321 0.26691 0.171812 0.115763 6.24135e-36 0.0123694 0.0251258 0.0175447 0.00633108 0.00357617 0.000260501 -0.00153387 0.00400109 
-5.68591e-35 -0.04982 -0.0204004 -0.0413901 -0.0464731 -0.0716895 -1.2485e-34 0.0218484 0.0197456 0.0228927 0.00551225 0.00516933 -0.0272587 -0.0427977 -0.0163617 
-8.03687e-35 -0.0992089 -0.04982 -0.0877417 -0.0854134 -0.0777277 -2.48206e-34 -0.00278255 0.0218484 0.00933042 0.00561456 -5.88974e-05 -0.0514341 -0.0611868 -0.0427977 
-1.63962e-35 -0.000301862 -0.0510531 -0.0239795 -0.0229099 -0.00915938 -3.26308e-34 -0.0220311 -0.017173 -0.0217349 -0.00469702 -0.00508392 -0.0649107 -0.0598518 -0.0666359 
7.91744e-36 0.0259624 -0.000301862 0.0168292 0.00546533 0.0118479 -2.91653e-34 -0.00577027 -0.0220311 -0.0121977 -0.00538663 -0.00186575 -0.0584265 -0.055904 -0.0598518 
4.62077e-35 0.135497 0.0544005 0.0868527 0.0227067 0.0435949 -2.97577e-34 -0.0184979 -0.00419193 -0.0101761 -0.000634872 -0.00346976 -0.0599027 -0.0610898 -0.0577594 
1.96303e-34 0.323321 0.27672 0.304095 0.149485 0.187457 -2.7632e-35 0.0251258 0.0091393 0.0165435 0.00194286 0.00569898 0.00689624 0.00400109 0.0119243 
6.4016e-35 0.12198 0.135497 0.131541 0.0548847 0.0439713 -3.20057e-34 -0.012003 -0.0184979 -0.0156893 -0.0047893 -0.00303479 -0.0641008 -0.0658848 -0.0610898 
8.76622e-35 0.117315 0.176899 0.145184 0.0850753 0.0575985 2.41424e-35 0.000744674 0.00471056 0.00230143 0.00147682 0.000528464 -0.00461008 -0.0037889 -0.0053243 
9.64271e-35 0.176899 0.142753 0.159568 0.0687271 0.0893212 3.12885e-35 0.00471056 0.00581345 0.00613536 0.00163756 0.00199993 -0.005817 -0.0053243 -0.00567992 
0.0733682 0.50609 0.192976 0.348556 0.134591 0.290021 -0.0548812 -0.163485 -0.0568702 -0.110917 -0.052356 -0.112094 -0.135224 -0.130987 -0.146349 
0.498758 0.500695 0.477535 0.493796 0.500006 0.5013 -0.00514755 -0.00993074 -0.00463051 -0.00820946 -0.00531496 -0.00778765 0.00528837 0.00627339 0.00977369 
8.22681e-35 0.182968 0.245426 0.215115 0.132454 0.0962221 -9.31028e-37 -0.0016434 -0.0022453 -0.00193119 -0.00069563 -0.000558776 -0.000116197 0.00101953 -5.56008e-05 
-0.0927122 0.103082 -0.0234542 0.0247683 -0.054869 -0.00109333 0.0671634 0.0307451 0.052429 0.047705 0.0580914 0.0562888 -0.127107 -0.123557 -0.121497 
7.95157e-35 0.244368 0.167574 0.207134 0.0884655 0.13285 -9.15847e-37 -0.00227653 -0.00150675 -0.00188327 -0.000513863 -0.000713207 0.000117037 6.31522e-05 0.000833042 
0.332742 0.469212 0.417495 0.446138 0.377276 0.413208 -0.00874694 -0.0109606 -0.00656354 -0.00909252 -0.00841788 -0.0103742 0.00142014 0.00326904 0.00130877 
2.61739e-34 0.501308 0.377206 0.439745 0.174491 0.220115 -4.15454e-34 -0.0389805 -0.0341332 -0.0365869 -0.00878739 -0.00961164 -0.0814448 -0.0849932 -0.0795972 
0.0733682 -0.152478 0.254029 0.0320697 0.159809 -0.0538502 -0.0548812 -0.0396801 -0.141994 -0.0777352 -0.101973 -0.0405212 -0.135224 -0.101809 -0.106003 
0.106196 0.254029 -0.152478 0.0320697 -0.0457519 0.173894 -0.111237 -0.141994 -0.0396801 -0.0777352 -0.0676794 -0.124933 -0.0635225 -0.106003 -0.101809 
0.706026 0.814356 0.47277 0.660799 0.593709 0.761426 -0.175492 -0.166782 -0.0870924 -0.133358 -0.130522 -0.174381 -0.1307 -0.12185 -0.137404 
1.93894e-34 9.79128e-35 0.162598 0.0822027 0.0810278 -4.89896e-35 1.43292e-36 -6.35461e-36 -0.00300186 -0.000823881 -0.00130526 -5.32004e-37 -0.000787152 0.00101927 0.000399261 
0.49867 0.500695 0.469212 0.49528 0.488384 0.500739 -0.0132189 -0.00993074 -0.0109606 -0.0105419 -0.0124407 -0.0122035 0.00434528 0.00627339 0.00326904 
0.498758 0.469212 0.500695 0.49528 0.5013 0.486981 -0.00514755 -0.0109606 -0.00993074 -0.0105419 -0.00778765 -0.00894776 0.00528837 0.00326904 0.00627339 
0.488711 0.490939 0.499965 0.498359 0.496572 0.500034 -0.00877708 -0.00877597 -0.0106726 -0.00969973 -0.00970557 -0.00914843 4.43353e-05 -4.38548e-05 0.000951977 
0.106196 -0.152478 -0.17519 -0.176442 -0.0586697 -0.0457519 -0.111237 -0.0396801 -0.0290206 -0.0358759 -0.0665063 -0.0676794 -0.0635225 -0.101809 -0.0626284 
-2.04001e-34 -0.17519 -0.152478 -0.176442 -0.232647 -0.182767 3.92348e-34 -0.0290206 -0.0396801 -0.0358759 -0.00406191 -0.00422483 -0.0814926 -0.0626284 -0.101809 
0.378291 0.482393 0.440756 0.464529 0.412522 0.44207 -0.0090178 -0.0112191 -0.0117689 -0.0119184 -0.010709 -0.0103054 0.00913794 0.00670133 0.00581723 
4.54658e-34 0.775105 0.62497 0.704779 0.35051 0.457035 2.57543e-34 -0.00213621 -0.000930715 -0.00138062 -0.000313761 -0.000669501 -0.0542302 -0.0597465 -0.0504337 
0.998695 0.775105 0.99706 0.930191 0.997879 0.935017 -0.00171377 -0.00213621 -0.00311122 -0.00293479 -0.00256029 -0.00231304 -0.0498702 -0.0597465 -0.0590312 
0.989626 0.99706 0.775105 0.930191 0.916903 0.993988 -0.00463922 -0.00311122 -0.00213621 -0.00293479 -0.00368367 -0.00379209 -0.0679832 -0.0590312 -0.0597465 
0.645543 0.254029 0.523501 0.388698 0.582789 0.452753 -0.249982 -0.141994 -0.231387 -0.190037 -0.243218 -0.195097 -0.0932086 -0.106003 -0.062913 
0.106196 0.523501 0.254029 0.388698 0.173894 0.317143 -0.111237 -0.231387 -0.141994 -0.190037 -0.124933 -0.172947 -0.0635225 -0.062913 -0.106003 
7.49327e-34 5.06417e-34 0.0306655 -0.0126737 0.0303881 1.06936e-33 3.13268e-34 3.72199e-35 0.037391 0.0445425 0.0281309 8.32486e-36 -0.137984 -0.123348 -0.125557 
0.360893 0.4518 0.232829 0.351662 0.303312 0.405485 0.0363387 0.0629197 0.0172604 0.0372204 0.02791 0.0497891 -0.00554715 -0.00434902 -0.00426793 
0.552627 0.609147 0.355412 0.494558 0.470009 0.586397 0.0231408 -0.0232449 -0.00586916 -0.0227827 -0.00135955 0.00346699 0.00577407 0.0105374 0.0217056 
0.220363 0.723064 0.775547 0.746556 0.521946 0.487587 -0.0137967 -0.0678591 -0.0581332 -0.0629916 -0.0489314 -0.0461868 -0.121012 -0.117234 -0.119114 
-2.04001e-34 -1.315e-34 -0.17519 -0.156969 -0.182767 2.78387e-36 3.92348e-34 1.5352e-34 -0.0290206 -0.00970775 -0.00422483 5.88883e-34 -0.0814926 -0.0358315 -0.0626284 
0.989626 0.645958 0.834721 0.748913 0.935761 0.879129 -0.00463922 -0.00252029 -0.00613453 -0.00388683 -0.00598951 -0.00442659 -0.0679832 -0.0709345 -0.0796984 
0.250862 0.202333 0.0615664 0.117405 0.129089 0.224699 -0.050021 -0.0446696 -0.00646407 -0.0194614 -0.0195058 -0.0473007 -0.0565097 -0.0525763 -0.0547585 
0.0331459 0.0644953 -0.0843572 -0.0256187 -0.0346241 0.0494806 -0.0406683 -0.0152973 -0.0143011 -0.0208378 -0.0303069 -0.0353431 -0.071157 -0.0772567 -0.0702175 
0.145051 0.253528 0.0822468 0.163054 0.10758 0.199815 0.0853414 0.094787 0.0344796 0.066623 0.0622408 0.0939424 -0.0166864 0.00641701 0.00601942 
1.26683e-34 0.171282 0.229222 0.20185 0.127877 0.0945124 9.50205e-35 0.00402186 0.000946774 0.00301681 0.000491089 0.00116537 0.0191716 0.020919 0.0178653 
1.26683e-34 1.16761e-34 0.171282 0.0909829 0.0945124 -1.93524e-35 9.50205e-35 1.12521e-34 0.00402186 0.00193593 0.00116537 2.01913e-34 0.0191716 0.0219498 0.020919 
0.318444 0.229222 0.171282 0.20185 0.252787 0.280471 0.017385 0.000946774 0.00402186 0.00301681 0.0104698 0.00740006 0.0207001 0.0178653 0.020919 
1.49768e-34 2.03757e-34 0.24549 0.145713 0.127425 -2.25177e-35 -1.95725e-34 -1.45675e-34 -0.0181627 -0.00485988 -0.00849346 -3.13868e-34 0.0357446 0.0282193 0.0314827 
3.92187e-34 4.20104e-34 0.423269 0.223479 0.214186 -1.73489e-35 -4.82173e-34 -4.6849e-34 -0.0134054 -0.00484729 -0.0037659 -9.27664e-34 -0.0957026 -0.0936492 -0.094365 
2.46984e-34 3.61256e-34 0.347586 0.178069 0.163835 -2.61298e-35 -4.47781e-34 -4.60662e-34 -0.018069 -0.00701606 -0.00557557 -8.81359e-34 -0.0889844 -0.0910029 -0.0896916 
1.7289e-34 1.3617e-34 0.209782 0.103788 0.115763 -1.74375e-35 6.24135e-36 2.45607e-35 0.0123694 0.00362606 0.00357617 1.64063e-35 0.000260501 -0.00367097 -0.00153387 
-5.8992e-37 -5.68591e-35 -0.0204004 -0.0464731 -0.0265032 -1.85264e-35 -4.80776e-36 -1.2485e-34 0.0197456 0.00551225 0.00630241 -1.5374e-34 -0.00367267 -0.0272587 -0.0163617 
9.40572e-35 4.36621e-35 0.102504 0.0399534 0.0553905 -1.68175e-35 1.11766e-34 7.84642e-35 0.0159894 0.00560743 0.0049459 1.71256e-34 0.0211981 0.0135627 0.017789 
-5.79463e-35 -1.63962e-35 -0.0510531 -0.0229099 -0.0369832 1.11847e-35 -3.45827e-34 -3.26308e-34 -0.017173 -0.00469702 -0.00494758 -6.55398e-34 -0.068878 -0.0649107 -0.0666359 
-8.03687e-35 -8.0393e-35 -0.0992089 -0.0769775 -0.0777277 1.11698e-37 -2.48206e-34 -3.29597e-34 -0.00278255 -0.00268259 -5.88974e-05 -5.8205e-34 -0.0514341 -0.0661505 -0.0611868 
3.07193e-35 4.62077e-35 0.0544005 0.0227067 0.0192363 -6.04003e-36 -2.786e-34 -2.97577e-34 -0.00419193 -0.000634872 -6.93236e-05 -5.70449e-34 -0.0566454 -0.0599027 -0.0577594 
7.91744e-36 2.57027e-35 0.0259624 0.0172455 0.0118479 9.31069e-37 -2.91653e-34 -2.74045e-34 -0.00577027 -0.000409074 -0.00186575 -5.56722e-34 -0.0584265 -0.0556586 -0.055904 
0.958227 0.775547 0.723064 0.746556 0.874969 0.894417 -0.0726642 -0.0581332 -0.0678591 -0.0629916 -0.0755709 -0.0699335 -0.108556 -0.119114 -0.117234 
8.76622e-35 7.80511e-35 0.117315 0.0569526 0.0575985 -1.01489e-35 2.41424e-35 1.37068e-35 0.000744674 0.000175476 0.000528464 3.67818e-35 -0.00461008 -0.00280719 -0.0037889 
1.16561e-34 9.64271e-35 0.142753 0.0687271 0.0744402 -1.20695e-35 3.2441e-35 3.12885e-35 0.00581345 0.00163756 0.00196457 5.61547e-35 -0.00556236 -0.005817 -0.00567992 
6.4016e-35 9.29402e-35 0.12198 0.0557902 0.0439713 -9.99684e-36 -3.20057e-34 -3.45642e-34 -0.012003 -0.00280361 -0.00303479 -6.51434e-34 -0.0641008 -0.0690555 -0.0658848 
2.14487e-34 1.96303e-34 0.27672 0.149485 0.155697 -1.62815e-35 -8.0741e-35 -2.7632e-35 0.0091393 0.00194286 0.000534794 -1.1446e-34 0.0162865 0.00689624 0.0119243 
-4.89426e-35 6.89096e-35 0.036073 0.00832225 -0.0337425 -2.15862e-35 -6.49692e-35 -1.82045e-34 -0.0392782 -0.0138174 -0.0119915 -1.98203e-34 0.00795854 0.0320714 0.0200956 
0.63422 0.800851 0.803048 0.807945 0.743498 0.723682 -0.192447 -0.225135 -0.265928 -0.249224 -0.233572 -0.214399 -0.0586084 -0.0761144 -0.0748381 
0.880217 0.775547 0.97872 0.927527 0.957598 0.8309 -0.0496575 -0.0581332 -0.0598317 -0.0649954 -0.0605323 -0.0553412 -0.117316 -0.119114 -0.106905 
4.99113e-34 5.06848e-34 -0.00525905 -0.000677805 -0.00187059 1.01258e-33 1.09312e-35 2.07616e-37 0.00483838 -7.88996e-05 0.00377567 -9.453e-37 -0.121085 -0.121777 -0.121835 
0.99948 0.999334 0.834721 0.953612 0.961986 0.999788 -0.0114983 -0.00771165 -0.00613453 -0.00765164 -0.00995621 -0.00930815 -0.0845072 -0.0759397 -0.0796984 
0.989626 0.834721 0.999334 0.953612 0.996108 0.935761 -0.00463922 -0.00613453 -0.00771165 -0.00765164 -0.00643844 -0.00598951 -0.0679832 -0.0796984 -0.0759397 
2.3643e-34 0.437679 0.75 0.609484 0.4375 0.234477 7.39535e-35 -0.000159951 -3.87746e-37 -0.000128428 -1.36238e-37 -6.99611e-05 -0.0310793 -0.0367777 -0.0309607 
0.313962 0.342735 0.0103535 0.166537 0.153834 0.325471 -0.129988 -0.172112 -0.0714979 -0.122083 -0.110495 -0.151676 0.011225 -0.0205906 -0.0174194 
9.29402e-35 0.256905 0.12198 0.183295 0.0557902 0.100094 -3.45642e-34 -0.0317332 -0.012003 -0.0200537 -0.00280361 -0.00646694 -0.0690555 -0.0687308 -0.0658848 
0.414892 0.12198 0.256905 0.183295 0.342196 0.257351 -0.0772587 -0.012003 -0.0317332 -0.0200537 -0.0511171 -0.0360965 -0.0649237 -0.0658848 -0.0687308 
0.958227 0.97872 0.775547 0.927527 0.894417 0.972 -0.0726642 -0.0598317 -0.0581332 -0.0649954 -0.0699335 -0.066819 -0.108556 -0.106905 -0.119114 
0.798254 0.803048 0.800851 0.807945 0.832687 0.814861 -0.261328 -0.265928 -0.225135 -0.249224 -0.258978 -0.270696 -0.0972842 -0.0748381 -0.0761144 
0.27951 0.117315 0.165441 0.141111 0.222417 0.200895 0.0047593 0.000744674 -0.000916241 0.000126162 0.00116308 0.00249868 -0.00373618 -0.0037889 -0.00220817 
7.80511e-35 0.165441 0.117315 0.141111 0.0569526 0.0811626 1.37068e-35 -0.000916241 0.000744674 0.000126162 0.000175476 -0.000346355 -0.00280719 -0.00220817 -0.0037889 
-0.0570913 -0.038071 -0.0132339 -0.0267624 -0.0335727 -0.0482187 0.0309365 0.024758 0.00634552 0.0146408 0.0156769 0.0283108 -0.122657 -0.122028 -0.122608 
0.880217 0.419718 0.775547 0.621741 0.8309 0.701523 -0.0496575 -0.0470255 -0.0581332 -0.0544958 -0.0553412 -0.0493505 -0.117316 -0.125976 -0.119114 
-6.56087e-35 -0.1385 -0.0837235 -0.109145 -0.0464037 -0.0610184 6.53059e-34 0.0312117 0.0244127 0.027674 0.00780342 0.00819711 -0.13 -0.130476 -0.126732 
7.49327e-34 0.0306655 0.419718 0.158604 0.232618 0.0303881 3.13268e-34 0.037391 -0.0470255 -0.000262409 -0.0290323 0.0281309 -0.137984 -0.125557 -0.125976 
-0.124225 -0.214718 -0.0484094 -0.163812 -0.0904935 -0.179295 0.0657092 0.0454278 0.0371244 0.0542869 0.0570593 0.061857 -0.136371 -0.136774 -0.145583 
0.241482 0.0822468 0.253528 0.163054 0.246915 0.163623 0.0583976 0.0344796 0.094787 0.066623 0.0770396 0.0515874 0.0180106 0.00601942 0.00641701 
-0.147608 -0.0484094 -0.214718 -0.163812 -0.201664 -0.0987836 0.0183597 0.0371244 0.0454278 0.0542869 0.0407232 0.0308713 -0.142143 -0.145583 -0.136774 
0.0053068 -0.0843572 0.0644953 -0.0256187 0.0303992 -0.0539511 0.018834 -0.0143011 -0.0152973 -0.0208378 0.00140981 -0.0104553 -0.0679154 -0.0702175 -0.0772567 
0.0923778 0.0615664 0.202333 0.117405 0.139597 0.0778512 -0.0303906 -0.00646407 -0.0446696 -0.0194614 -0.032518 -0.0141578 -0.0540064 -0.0547585 -0.0525763 
0.495717 0.355412 0.609147 0.494558 0.561586 0.433486 -0.0670731 -0.00586916 -0.0232449 -0.0227827 -0.0451986 -0.0352896 0.0250219 0.0217056 0.0105374 
0.428356 0.232829 0.4518 0.351662 0.441977 0.332002 0.0504837 0.0172604 0.0629197 0.0372204 0.0582641 0.0327431 -0.00230318 -0.00426793 -0.00434902 
0.397481 0.381592 0.529779 0.462582 0.464375 0.388117 0.137588 0.111675 0.141045 0.132699 0.142396 0.128807 -0.0251144 -0.0508201 -0.030335 
0.60757 0.523501 0.342735 0.43168 0.485758 0.565867 -0.244645 -0.231387 -0.172112 -0.205051 -0.211197 -0.238744 -0.0363338 -0.062913 -0.0205906 
0.589727 0.529779 0.381592 0.462582 0.494434 0.559166 0.120126 0.141045 0.111675 0.132699 0.121437 0.131525 -0.0400763 -0.030335 -0.0508201 
0.83709 0.846991 0.800851 0.844632 0.821722 0.863155 -0.190925 -0.241222 -0.225135 -0.244958 -0.210305 -0.226277 -0.0829497 -0.10199 -0.0761144 
1.30493e-34 0.217316 0.219085 0.218308 0.120684 0.11881 4.9626e-35 -0.00282086 -0.00322684 -0.00306631 -0.000747901 -0.000901977 0.0103793 0.0115052 0.00901674 
0.285503 0.329985 0.473505 0.406344 0.378636 0.307366 -0.0655719 -0.0844631 -0.083671 -0.09099 -0.0739101 -0.0778549 -0.0721531 -0.0609062 -0.0646328 
0.798254 0.800851 0.846991 0.844632 0.823528 0.832687 -0.261328 -0.225135 -0.241222 -0.244958 -0.252972 -0.258978 -0.0972842 -0.0761144 -0.10199 
0.595339 0.473505 0.329985 0.406344 0.46947 0.532288 -0.138632 -0.083671 -0.0844631 -0.09099 -0.112116 -0.109366 -0.0536927 -0.0646328 -0.0609062 
9.79128e-35 0.183858 0.162598 0.173045 0.0822027 0.0931644 -6.35461e-36 -0.00352117 -0.00300186 -0.0032658 -0.000823881 -0.000837625 0.00101927 0.00119605 0.000399261 
0.509909 0.490249 0.503282 0.503506 0.50691 0.502166 0.0227412 0.00222416 0.00743575 0.00535679 0.0143311 0.0109716 0.0071312 0.00445251 0.00872806 
0.46127 0.473708 0.510487 0.497848 0.490432 0.467493 0.0329037 0.0686502 0.0465366 0.0570602 0.0395902 0.0488917 0.0159402 0.0150666 0.0103648 
0.52649 0.510487 0.473708 0.497848 0.509762 0.518899 0.0671123 0.0465366 0.0686502 0.0570602 0.0691454 0.0568537 0.0069244 0.0103648 0.0150666 
0.880217 0.97872 0.988166 0.983684 0.966515 0.957598 -0.0496575 -0.0598317 -0.0460939 -0.0537895 -0.05425 -0.0605323 -0.117316 -0.106905 -0.105306 
0.52649 0.539333 0.490489 0.519983 0.519462 0.533169 0.0671123 0.0841843 0.0486925 0.0657335 0.0581145 0.0760126 0.0069244 0.00257519 -0.000469952 
0.514317 0.490489 0.539333 0.519983 0.532403 0.501144 0.0766914 0.0486925 0.0841843 0.0657335 0.0815252 0.0624394 -0.00227371 -0.000469952 0.00257519 
0.340995 0.229222 0.377032 0.312635 0.361675 0.290155 -0.0035175 0.000946774 0.00713241 0.00434253 0.000460744 -4.50295e-05 0.013948 0.0178653 0.0171296 
0.318444 0.377032 0.229222 0.312635 0.280471 0.350188 0.017385 0.00713241 0.000946774 0.00434253 0.00740006 0.0121816 0.0207001 0.0171296 0.0178653 
0.767091 0.953266 0.917589 0.936754 0.860573 0.890951 -0.0600885 -0.0780388 -0.0893925 -0.0845631 -0.076252 -0.0729509 -0.0924967 -0.102597 -0.0971226 
0.157437 0.552505 0.723064 0.637083 0.411678 0.343141 -0.00505407 -0.0597017 -0.0678591 -0.0641338 -0.0398985 -0.0313695 -0.119005 -0.118561 -0.117234 
0.589727 0.64902 0.668301 0.669626 0.651697 0.61919 0.120126 0.0890031 0.101783 0.104238 0.120234 0.105978 -0.0400763 -0.0434641 -0.0205779 
0.698216 0.668301 0.64902 0.669626 0.683864 0.68505 0.0547005 0.101783 0.0890031 0.104238 0.0800829 0.080554 -0.0236049 -0.0205779 -0.0434641 
0.901003 0.917589 0.953266 0.936754 0.948096 0.947127 -0.0915584 -0.0893925 -0.0780388 -0.0845631 -0.0878355 -0.0961812 -0.111174 -0.0971226 -0.102597 
0.220363 0.775547 0.419718 0.621741 0.306107 0.521946 -0.0137967 -0.0581332 -0.0470255 -0.0544958 -0.0272454 -0.0489314 -0.121012 -0.119114 -0.125976 
0.595339 0.680023 0.720088 0.710836 0.689317 0.639859 -0.138632 -0.193329 -0.171027 -0.184272 -0.155169 -0.165252 -0.0536927 -0.0439867 -0.0216533 
0.901003 0.723064 0.552505 0.637083 0.768121 0.827786 -0.0915584 -0.0678591 -0.0597017 -0.0641338 -0.080858 -0.081422 -0.111174 -0.117234 -0.118561 
0.619866 0.645434 0.256905 0.452826 0.431269 0.636643 -0.0836946 -0.114213 -0.0317332 -0.0664998 -0.0535625 -0.0993544 -0.07575 -0.0732194 -0.0687308 
0.683022 0.720088 0.680023 0.710836 0.728326 0.7107 -0.236528 -0.171027 -0.193329 -0.184272 -0.219812 -0.204421 -0.0184106 -0.0216533 -0.0439867 
0.856877 0.988166 0.97872 0.983684 0.946871 0.947421 -0.0398918 -0.0460939 -0.0598317 -0.0537895 -0.0510431 -0.0446224 -0.0986994 -0.105306 -0.106905 
0.140319 0.379638 0.103082 0.22263 0.12969 0.241638 0.023625 -0.0450005 0.0307451 -0.0018741 0.0301788 -0.00838442 -0.136181 -0.126112 -0.123557 
0.423651 0.103082 0.379638 0.22263 0.40004 0.228267 -0.0476454 0.0307451 -0.0450005 -0.0018741 -0.0459147 -0.0079771 -0.120522 -0.123557 -0.126112 
0.259456 0.316155 0.165441 0.244198 0.213378 0.287301 -0.00415082 -0.00228355 -0.000916241 -0.000923578 -0.00204397 -0.00348821 -0.000366203 -0.00167297 -0.00220817 
-0.0160188 -0.0132339 -0.038071 -0.0267624 -0.0262072 -0.0150861 0.0111606 0.00634552 0.024758 0.0146408 0.0177755 0.00843491 -0.121782 -0.122608 -0.122028 
0.414892 0.256905 0.645434 0.452826 0.532649 0.342196 -0.0772587 -0.0317332 -0.114213 -0.0664998 -0.0966273 -0.0511171 -0.0649237 -0.0687308 -0.0732194 
0.27951 0.165441 0.316155 0.244198 0.297548 0.222417 0.0047593 -0.000916241 -0.00228355 -0.000923578 0.00109766 0.00116308 -0.00373618 -0.00220817 -0.00167297 
0.477535 0.500695 0.482393 0.494906 0.480431 0.493796 -0.00463051 -0.00993074 -0.0112191 -0.0110861 -0.00859716 -0.00820946 0.00977369 0.00627339 0.00670133 
0.633056 0.47277 0.814356 0.660799 0.734873 0.549142 -0.103396 -0.0870924 -0.166782 -0.133358 -0.136746 -0.094436 -0.128485 -0.137404 -0.12185 
0.778198 0.745835 0.666349 0.736936 0.741047 0.762331 -0.27774 -0.269864 -0.218783 -0.252508 -0.254105 -0.276529 -0.063682 -0.0470187 -0.0531888 
0.566617 0.658583 0.460305 0.569809 0.512631 0.617051 -0.0475784 -0.00108694 -0.0131251 -0.00292532 -0.030439 -0.0240068 -0.0621541 -0.0513284 -0.072854 
0.577478 0.584081 0.524847 0.566753 0.551138 0.5881 0.148031 0.129034 0.143304 0.137154 0.148053 0.141647 -0.0132733 -0.00567482 -0.00326165 
0.49867 0.482393 0.500695 0.494906 0.500739 0.498662 -0.0132189 -0.0112191 -0.00993074 -0.0110861 -0.0122035 -0.012751 0.00434528 0.00670133 0.00627339 
0.498758 0.503282 0.490249 0.503506 0.495219 0.503669 -0.00514755 0.00743575 0.00222416 0.00535679 -0.00184194 0.000326202 0.00528837 0.00872806 0.00445251 
0.5531 0.524847 0.584081 0.566753 0.568942 0.54469 0.117426 0.143304 0.129034 0.137154 0.12383 0.131989 0.00188685 -0.00326165 -0.00567482 
0.576498 0.460305 0.658583 0.569809 0.617864 0.520235 0.0419421 -0.0131251 -0.00108694 -0.00292532 0.0210377 0.0159164 -0.058786 -0.072854 -0.0513284 
0.686976 0.666349 0.745835 0.736936 0.733903 0.677875 -0.21826 -0.218783 -0.269864 -0.252508 -0.247647 -0.220595 -0.0469685 -0.0531888 -0.0470187 
5.06848e-34 -0.000679031 -0.00525905 -0.00363698 -0.000677805 -9.903e-05 2.07616e-37 9.51749e-05 0.00483838 0.00177695 -7.88996e-05 -0.000729447 -0.121777 -0.122001 -0.121835 
-0.0160188 -0.00525905 -0.000679031 -0.00363698 -0.00635457 -0.0108211 0.0111606 0.00483838 9.51749e-05 0.00177695 0.00352716 0.00824242 -0.121782 -0.121835 -0.122001 
4.99113e-34 -0.00525905 -0.0213481 -0.0121719 -0.00694479 -0.00187059 1.09312e-35 0.00483838 0.0255507 0.0137829 0.0164516 0.00377567 -0.121085 -0.121835 -0.121875 
-0.0160188 -0.0213481 -0.00525905 -0.0121719 -0.0108211 -0.0201005 0.0111606 0.0255507 0.00483838 0.0137829 0.00824242 0.0181522 -0.121782 -0.121875 -0.121835 
