0.538517 0.831719 1.00691e-33 0.595616 0.353719 0.701882 -0.307425 -0.0671689 3.36617e-34 -0.120375 -0.22055 -0.208228 -0.138559 -0.184182 -0.21469 
0.260844 0.283154 0.416671 0.355813 0.347672 0.276316 -0.0645376 -0.03335 -0.0707159 -0.0529253 -0.0730261 -0.0473112 0.047038 0.0472739 0.0450767 
0.499997 0.46154 0.495371 0.495897 0.498866 0.490309 4.89753e-06 1.04251e-05 9.22956e-06 1.07078e-05 7.09469e-06 7.8514e-06 0.0110863 0.0124468 0.0120721 
0.499995 0.461324 0.495448 0.49583 0.498899 0.490201 0.0001401 0.000217986 0.000211459 0.00023118 0.000176151 0.000184045 0.0170016 0.0182803 0.0180092 
0.499975 0.460423 0.498749 0.493424 0.499699 0.489759 0.00110313 0.00117749 0.00126288 0.00130631 0.00122835 0.00122885 0.0229458 0.0234426 0.0241197 
0.432161 0.416547 0.499594 0.473421 0.478483 0.425753 -0.0375709 -0.0167324 -0.0272729 -0.0230512 -0.0340916 -0.0255234 0.0416005 0.0392748 0.0322345 
0.382973 0.306606 0.202068 0.25715 0.302898 0.347175 3.39504e-06 1.41534e-06 1.85034e-06 1.91879e-06 2.32455e-06 1.87808e-06 0.0110487 0.0096421 0.0110627 
0.499926 0.439757 0.491975 0.471889 0.497383 0.483371 -0.000261237 7.94552e-05 0.000907901 0.00064334 0.000467928 -0.000158176 0.0271679 0.0294914 0.0265925 
0.848326 0.831719 0.538517 0.701882 0.728648 0.853556 -0.230757 -0.0671689 -0.307425 -0.208228 -0.279377 -0.161873 -0.111937 -0.184182 -0.138559 
0.384652 0.202072 0.308974 0.25849 0.349136 0.304045 0.000725997 0.000258358 0.000343823 0.000335139 0.000500098 0.000470631 0.0238886 0.0242587 0.0222415 
0.499926 0.480673 0.439757 0.463261 0.483371 0.49438 -0.000261237 -0.00269807 7.94552e-05 -0.000893974 -0.000158176 -0.00138864 0.0271679 0.0303713 0.0294914 
0.356816 0.314711 0.466274 0.405721 0.421027 0.336441 3.39647e-07 4.58672e-07 3.07726e-07 4.17431e-07 3.7531e-07 4.72193e-07 0.00555397 0.00717617 0.0067231 
0.447037 0.466274 0.314711 0.405721 0.390906 0.457196 5.83002e-07 3.07726e-07 4.58672e-07 4.17431e-07 5.04258e-07 4.46784e-07 0.00803928 0.0067231 0.00717617 
0.499995 0.464688 0.495245 0.496458 0.498769 0.491293 0.0001401 6.30566e-05 8.5877e-05 7.62487e-05 0.000108828 9.64019e-05 0.0170016 0.0156753 0.0160028 
0.499997 0.459601 0.495088 0.495712 0.498745 0.489974 4.89753e-06 1.72597e-06 2.42938e-06 2.02457e-06 3.23632e-06 2.94989e-06 0.0110863 0.00979607 0.0100999 
0.499997 0.459601 0.491754 0.478713 0.497913 0.489845 1.20628e-06 1.72597e-06 7.06995e-07 1.07734e-06 1.04478e-06 1.96005e-06 0.00912276 0.00979607 0.00798364 
0.491754 0.459601 0.440922 0.450704 0.472134 0.478713 7.06995e-07 1.72597e-06 7.4843e-07 4.05951e-07 6.02802e-07 1.07734e-06 0.00798364 0.00979607 0.00828349 
0.383186 0.197969 0.30751 0.25581 0.347689 0.301375 8.75897e-05 3.1297e-05 3.04787e-05 3.49903e-05 5.16083e-05 5.49456e-05 0.0171882 0.0172638 0.0157449 
0.384652 0.308974 0.465476 0.403061 0.430984 0.349136 0.000725997 0.000343823 0.000699453 0.000527749 0.000723471 0.000500098 0.0238886 0.0222415 0.0218749 
0.0810633 0.0167533 0.166834 0.0806217 0.131019 0.0310307 -0.14569 -0.0461076 -0.147876 -0.102974 -0.155968 -0.0919749 -0.0409167 -0.0182508 0.0134095 
0.456989 0.502193 0.458763 0.487101 0.457015 0.488022 -0.0314712 -0.0462558 -0.0153236 -0.0278673 -0.0219528 -0.0393562 0.0225928 0.0295939 0.0241135 
0.480673 0.475914 0.394631 0.442977 0.446104 0.478959 -0.00269807 -0.0119462 -0.00214179 -0.0059623 -0.00258557 -0.00647141 0.0303713 0.0338849 0.0335083 
0.499594 0.458763 0.502193 0.487101 0.501609 0.494301 -0.0272729 -0.0153236 -0.0462558 -0.0278673 -0.0358621 -0.0219051 0.0322345 0.0241135 0.0295939 
0.383186 0.30751 0.464688 0.401831 0.429855 0.347689 8.75897e-05 3.04787e-05 6.30566e-05 4.65427e-05 7.46285e-05 5.16083e-05 0.0171882 0.0157449 0.0156753 
0.382973 0.453628 0.306606 0.392708 0.347175 0.422317 3.39504e-06 1.41388e-06 1.41534e-06 1.39956e-06 1.87808e-06 2.28844e-06 0.0110487 0.0095002 0.0096421 
0.50021 0.475914 0.480673 0.478959 0.495068 0.493772 -0.00679277 -0.0119462 -0.00269807 -0.00647141 -0.00451994 -0.00892304 0.029099 0.0338849 0.0303713 
0.38254 0.305108 0.459601 0.396812 0.426092 0.346261 3.6816e-06 1.438e-06 1.72597e-06 1.5211e-06 2.37847e-06 2.03778e-06 0.0111722 0.00977681 0.00979607 
0.382973 0.306336 0.46154 0.398817 0.427585 0.347055 3.39504e-06 5.72924e-06 1.04251e-05 8.18743e-06 6.15982e-06 4.97562e-06 0.0110487 0.0124813 0.0124468 
0.499975 0.465476 0.49502 0.496671 0.498677 0.491702 0.00110313 0.000699453 0.000862532 0.000804299 0.000972611 0.000908992 0.0229458 0.0218749 0.0218064 
0.382217 0.305975 0.461324 0.398504 0.427153 0.346465 8.18912e-05 0.00010261 0.000217986 0.000163697 0.000140373 9.79952e-05 0.0168948 0.0182281 0.0182803 
0.381229 0.304555 0.460423 0.397174 0.426169 0.345261 0.000696124 0.000645252 0.00117749 0.00094804 0.00096159 0.00072361 0.0220731 0.0227123 0.0234426 
0.382217 0.330428 0.197328 0.268664 0.30048 0.357507 8.18912e-05 2.80146e-05 2.76228e-05 3.17665e-05 5.11032e-05 4.94156e-05 0.0168948 0.015252 0.0168651 
0.382973 0.202068 0.306336 0.256999 0.347055 0.302898 3.39504e-06 1.85034e-06 5.72924e-06 3.05539e-06 4.97562e-06 2.32455e-06 0.0110487 0.0110627 0.0124813 
0.382217 0.461218 0.330428 0.407363 0.357507 0.427065 8.18912e-05 5.82171e-05 2.80146e-05 4.32934e-05 4.94156e-05 7.22195e-05 0.0168948 0.0155123 0.015252 
0.381229 0.329797 0.196462 0.267895 0.29945 0.356703 0.000696124 0.00033664 0.000243573 0.000318141 0.000446362 0.000498533 0.0220731 0.020716 0.0218038 
0.382217 0.197328 0.305975 0.254668 0.346465 0.30048 8.18912e-05 2.76228e-05 0.00010261 5.44451e-05 9.79952e-05 5.11032e-05 0.0168948 0.0168651 0.0182281 
0.381464 0.327945 0.195443 0.266314 0.298801 0.355284 -0.00268067 0.000363566 -0.000117591 -2.66892e-05 -0.00135537 -0.000679848 0.0229563 0.0232079 0.0215838 
0.381229 0.196462 0.304555 0.253472 0.345261 0.29945 0.000696124 0.000243573 0.000645252 0.000407872 0.00072361 0.000446362 0.0220731 0.0218038 0.0227123 
0.442747 0.330428 0.461218 0.407363 0.452436 0.394032 2.47217e-05 2.80146e-05 5.82171e-05 4.32934e-05 3.69809e-05 2.98255e-05 0.0140175 0.015252 0.0155123 
0.381229 0.460708 0.329797 0.406719 0.356703 0.426307 0.000696124 0.000656766 0.00033664 0.000508936 0.000498533 0.000710016 0.0220731 0.0211711 0.020716 
0.442436 0.329797 0.460708 0.406719 0.452049 0.393593 0.00037414 0.00033664 0.000656766 0.000508936 0.000489161 0.000391939 0.019755 0.020716 0.0211711 
0.390394 0.462972 0.487443 0.476822 0.45091 0.431488 1.38065e-07 6.07845e-08 1.50919e-07 9.05001e-08 1.05633e-07 1.15302e-07 0.00272811 0.00145169 0.00320235 
0.499998 0.487443 0.462972 0.476822 0.490741 0.496859 9.20148e-08 1.50919e-07 6.07845e-08 9.05001e-08 3.68079e-08 1.40403e-07 0.00212303 0.00320235 0.00145169 
0.381464 0.460787 0.327945 0.405895 0.355284 0.426293 -0.00268067 -0.000764951 0.000363566 -6.26468e-05 -0.000679848 -0.00168157 0.0229563 0.0250385 0.0232079 
0.441197 0.327945 0.460787 0.405895 0.451484 0.392136 0.00094715 0.000363566 -0.000764951 -6.26468e-05 0.000265011 0.000738936 0.0241446 0.0232079 0.0250385 
0.384652 0.454225 0.304934 0.392627 0.347406 0.423362 0.000725997 0.00112653 0.00062091 0.000920108 0.000733792 0.000956912 0.0238886 0.0256823 0.0264595 
0.443671 0.331653 0.462072 0.408475 0.453311 0.395135 0.000373702 0.000137591 0.000231624 0.000185712 0.00029596 0.000240316 0.020182 0.0189886 0.0185946 
0.383186 0.462072 0.331653 0.408475 0.35859 0.428025 8.75897e-05 0.000231624 0.000137591 0.000185712 0.000113665 0.000150233 0.0171882 0.0185946 0.0189886 
0.44314 0.331098 0.461674 0.407964 0.452861 0.39456 2.44234e-05 7.68501e-06 1.14515e-05 9.28853e-06 1.66967e-05 1.4193e-05 0.0140862 0.0128664 0.0125834 
0.38254 0.461674 0.331098 0.407964 0.357983 0.427506 3.6816e-06 1.14515e-05 7.68501e-06 9.28853e-06 5.60782e-06 6.8794e-06 0.0111722 0.0125834 0.0128664 
0.499998 0.495371 0.46154 0.495897 0.490422 0.498828 1.70405e-05 9.22956e-06 1.04251e-05 1.07078e-05 1.30075e-05 1.24707e-05 0.0130544 0.0120721 0.0124468 
0.381464 0.307313 0.458763 0.396334 0.423599 0.346405 -0.00268067 -0.00464776 -0.0153236 -0.00976398 -0.0075306 -0.00373057 0.0229563 0.0204727 0.0241135 
0.499999 0.495448 0.461324 0.49583 0.490314 0.498868 0.000319792 0.000211459 0.000217986 0.00023118 0.000266928 0.000260654 0.0189657 0.0180092 0.0182803 
0.447037 0.453628 0.495764 0.480341 0.478212 0.450387 5.83002e-07 1.41388e-06 5.57684e-07 1.02021e-06 7.47706e-07 5.00897e-07 0.00803928 0.0095002 0.00804524 
0.50003 0.498749 0.460423 0.493424 0.48988 0.499737 0.00126266 0.00126288 0.00117749 0.00130631 0.0012154 0.00128899 0.0248872 0.0241197 0.0234426 
2.77665e-34 0.215493 0.295453 0.257119 0.163965 0.115294 -2.2071e-35 6.37546e-08 1.6703e-07 6.62139e-08 6.76159e-08 7.65938e-08 0.0044694 0.00295363 0.00428008 
0.499997 0.495764 0.453628 0.480341 0.488463 0.498957 1.20628e-06 5.57684e-07 1.41388e-06 1.02021e-06 1.40354e-06 8.75951e-07 0.00912276 0.00804524 0.0095002 
9.19611e-35 2.68095e-34 0.214839 0.114913 0.114914 -9.18613e-35 1.44857e-35 2.17265e-35 9.0021e-08 1.09208e-07 1.25934e-08 3.62119e-35 0.00295507 0.00443217 0.00284351 
0.214839 2.68095e-34 0.293855 0.162941 0.255946 0.114913 9.0021e-08 2.17265e-35 1.86066e-07 1.44883e-07 1.31082e-07 1.09208e-07 0.00284351 0.00443217 0.0041881 
0.443671 0.493808 0.465476 0.48251 0.455216 0.475043 0.000373702 0.000460629 0.000699453 0.000576625 0.000481568 0.000432635 0.020182 0.0200067 0.0218749 
0.38254 0.197707 0.305108 0.254342 0.346261 0.300845 3.6816e-06 2.12367e-06 1.438e-06 2.02806e-06 2.03778e-06 2.40953e-06 0.0111722 0.0111864 0.00977681 
0.49999 0.465476 0.493808 0.48251 0.498563 0.491579 0.00065749 0.000699453 0.000460629 0.000576625 0.0005649 0.000723749 0.0209465 0.0218749 0.0200067 
0.499996 0.495245 0.464688 0.496458 0.49128 0.498768 5.30468e-05 8.5877e-05 6.30566e-05 7.62487e-05 6.21141e-05 6.70509e-05 0.0150353 0.0160028 0.0156753 
0.499997 0.495088 0.459601 0.495712 0.489845 0.498789 1.20628e-06 2.42938e-06 1.72597e-06 2.02457e-06 1.96005e-06 1.61315e-06 0.00912276 0.0100999 0.00979607 
0.166834 0.0167533 0.0656005 0.0423274 0.110654 0.0806217 -0.147876 -0.0461076 -0.0623607 -0.0637402 -0.105103 -0.102974 0.0134095 -0.0182508 0.0113706 
8.38405e-34 0.846171 0.84882 0.847136 0.516876 0.514549 -3.93911e-34 -0.000755451 -0.00221314 -0.000831984 -0.000922797 -0.000393109 -0.0801304 -0.0766662 -0.0873472 
0.381464 0.195443 0.307313 0.252928 0.346405 0.298801 -0.00268067 -0.000117591 -0.00464776 -0.00168555 -0.00373057 -0.00135537 0.0229563 0.0215838 0.0204727 
0.306606 0.152937 0.202068 0.177971 0.25715 0.235348 1.41534e-06 7.22035e-07 1.85034e-06 4.4653e-07 1.91879e-06 1.05748e-06 0.0096421 0.00965905 0.0110627 
0.38254 0.331098 0.197707 0.26922 0.300845 0.357983 3.6816e-06 7.68501e-06 2.12367e-06 3.19978e-06 2.40953e-06 5.60782e-06 0.0111722 0.0128664 0.0111864 
0.499995 0.467023 0.461324 0.464232 0.490201 0.49163 0.0001401 0.000118286 0.000217986 0.000150665 0.000184045 0.000136498 0.0170016 0.0169035 0.0182803 
0.499975 0.466386 0.460423 0.46343 0.489759 0.491229 0.00110313 0.00096714 0.00117749 0.00099983 0.00122885 0.00109847 0.0229458 0.0224023 0.0234426 
0.499997 0.468695 0.46154 0.46521 0.490309 0.492105 4.89753e-06 4.14887e-06 1.04251e-05 5.3885e-06 7.8514e-06 5.13269e-06 0.0110863 0.0109666 0.0124468 
0.383186 0.331653 0.197969 0.269639 0.301375 0.35859 8.75897e-05 0.000137591 3.1297e-05 6.38928e-05 5.49456e-05 0.000113665 0.0171882 0.0189886 0.0172638 
2.03714e-34 0.272718 0.215493 0.244908 0.115294 0.149629 -7.35617e-36 4.90524e-08 6.37546e-08 8.58907e-08 1.98437e-08 2.91033e-08 0.00148964 0.00175439 0.00295363 
0.49999 0.49502 0.465476 0.496671 0.491579 0.498666 0.00065749 0.000862532 0.000699453 0.000804299 0.000723749 0.000752612 0.0209465 0.0218064 0.0218749 
0.447037 0.357886 0.453628 0.412289 0.450387 0.407852 5.83002e-07 8.43476e-07 1.41388e-06 1.17883e-06 5.00897e-07 7.35799e-07 0.00803928 0.00844207 0.0095002 
0.306606 0.453628 0.357886 0.412289 0.333232 0.392708 1.41534e-06 1.41388e-06 8.43476e-07 1.17883e-06 1.24051e-06 1.39956e-06 0.0096421 0.0095002 0.00844207 
0.390394 0.443078 0.295453 0.380681 0.346596 0.418874 1.38065e-07 1.88412e-07 1.6703e-07 2.03218e-07 1.77413e-07 1.58554e-07 0.00272811 0.00449022 0.00428008 
0.384652 0.304934 0.202072 0.256215 0.304045 0.347406 0.000725997 0.00062091 0.000258358 0.000405149 0.000470631 0.000733792 0.0238886 0.0264595 0.0242587 
0.432161 0.499594 0.487028 0.495279 0.464196 0.478483 -0.0375709 -0.0272729 -0.0538879 -0.0383945 -0.0464287 -0.0340916 0.0416005 0.0322345 0.0368488 
2.77665e-34 9.31032e-35 0.215493 0.115295 0.115294 -9.35231e-35 -2.2071e-35 -1.47127e-35 6.37546e-08 8.95848e-10 7.65938e-08 -3.67838e-35 0.0044694 0.00297932 0.00295363 
0.166834 0.115013 0.265149 0.184101 0.218903 0.139941 -0.147876 -0.0476251 -0.133869 -0.0906821 -0.149104 -0.0933923 0.0134095 0.0334942 0.0382305 
0.308974 0.202072 0.151535 0.177279 0.236153 0.25849 0.000343823 0.000258358 0.000104692 0.000119175 0.000213261 0.000335139 0.0222415 0.0242587 0.0222995 
0.445087 0.491975 0.439757 0.471889 0.442585 0.473871 0.000825852 0.000907901 7.94552e-05 0.00064334 0.000406484 0.000920185 0.0276446 0.0265925 0.0294914 
0.355546 0.295453 0.443078 0.380681 0.404317 0.326803 3.0581e-07 1.6703e-07 1.88412e-07 2.03218e-07 2.87542e-07 1.95718e-07 0.00583143 0.00428008 0.00449022 
0.393789 0.39944 0.265149 0.32628 0.335013 0.396376 -0.1324 -0.245411 -0.133869 -0.189793 -0.136873 -0.184397 0.0438179 0.0225231 0.0382305 
0.44314 0.493653 0.464688 0.4821 0.454549 0.474701 2.44234e-05 3.03104e-05 6.30566e-05 4.4195e-05 3.57997e-05 2.88323e-05 0.0140862 0.0140406 0.0156753 
0.443671 0.465476 0.362289 0.422431 0.407454 0.455216 0.000373702 0.000699453 0.000300844 0.000482627 0.000351252 0.000481568 0.020182 0.0218749 0.0207122 
0.499996 0.464688 0.493653 0.4821 0.498461 0.49128 5.30468e-05 6.30566e-05 3.03104e-05 4.4195e-05 4.14048e-05 6.21141e-05 0.0150353 0.0156753 0.0140406 
0.305108 0.342828 0.459601 0.410765 0.396812 0.324475 1.438e-06 9.05802e-07 1.72597e-06 1.13584e-06 1.5211e-06 1.26607e-06 0.00977681 0.00836713 0.00979607 
0.283154 0.338038 0.416671 0.382877 0.355813 0.31266 -0.03335 -0.0241775 -0.0707159 -0.044578 -0.0529253 -0.0289553 0.0472739 0.0445967 0.0450767 
0.993742 0.973647 0.754162 0.907542 0.919367 0.989435 -0.0361132 -0.085759 -0.0428166 -0.0639014 -0.0478645 -0.0684739 -0.108712 -0.105627 -0.0632549 
0.306336 0.359632 0.46154 0.418556 0.398817 0.334055 5.72924e-06 1.4418e-05 1.04251e-05 1.15777e-05 8.18743e-06 9.67662e-06 0.0124813 0.0136964 0.0124468 
0.440922 0.459601 0.342828 0.410765 0.397757 0.450704 7.4843e-07 1.72597e-06 9.05802e-07 1.13584e-06 7.73642e-07 4.05951e-07 0.00828349 0.00979607 0.00836713 
0.308974 0.362289 0.465476 0.422431 0.403061 0.336705 0.000343823 0.000300844 0.000699453 0.000482627 0.000527749 0.000339626 0.0222415 0.0207122 0.0218749 
0.305975 0.359266 0.461324 0.418256 0.398504 0.333699 0.00010261 0.00022504 0.000217986 0.000221006 0.000163697 0.000159202 0.0182281 0.0193792 0.0182803 
0.304555 0.357587 0.460423 0.416898 0.397174 0.332092 0.000645252 0.000825237 0.00117749 0.00095896 0.00094804 0.000795675 0.0227123 0.0233652 0.0234426 
0.404412 0.380036 0.27339 0.330917 0.345862 0.39257 1.29997e-07 3.87754e-08 6.51607e-08 6.09287e-08 1.09052e-07 4.43583e-08 0.00274867 0.00103668 0.0017464 
0.442747 0.46154 0.359632 0.418556 0.405772 0.452613 2.47217e-05 1.04251e-05 1.4418e-05 1.15777e-05 1.91642e-05 1.7723e-05 0.0140175 0.0124468 0.0136964 
0.442436 0.461324 0.359266 0.418256 0.405423 0.452377 0.00037414 0.000217986 0.00022504 0.000221006 0.000297096 0.000301221 0.019755 0.0182803 0.0193792 
0.441197 0.460423 0.357587 0.416898 0.40391 0.451368 0.00094715 0.00117749 0.000825237 0.00095896 0.000897311 0.00125054 0.0241446 0.0234426 0.0233652 
0.30751 0.197969 0.149406 0.174137 0.234342 0.25581 3.04787e-05 3.1297e-05 1.0151e-05 1.07154e-05 1.92544e-05 3.49903e-05 0.0157449 0.0172638 0.0157198 
0.390394 0.272718 0.3801 0.330665 0.385305 0.336861 1.38065e-07 4.90524e-08 3.2163e-08 2.32612e-08 2.91488e-08 8.6127e-08 0.00272811 0.00175439 0.0010369 
0.499594 0.416547 0.475914 0.450903 0.490881 0.473421 -0.0272729 -0.0167324 -0.0119462 -0.0143149 -0.0184644 -0.0230512 0.0322345 0.0392748 0.0338849 
0.489991 0.39944 0.393789 0.396376 0.442212 0.458252 -0.174981 -0.245411 -0.1324 -0.184397 -0.157077 -0.215287 0.0338686 0.0225231 0.0438179 
4.54215e-35 8.37993e-35 0.115013 0.0609696 0.0359711 -1.04654e-34 -1.29665e-34 -2.09931e-34 -0.0476251 -0.0145424 -0.0152241 -2.90488e-34 0.0222422 0.0384311 0.0334942 
0.404412 0.46683 0.380036 0.430176 0.39257 0.439656 1.29997e-07 4.49321e-08 3.87754e-08 4.86856e-08 4.43583e-08 9.42063e-08 0.00274867 0.00136899 0.00103668 
0.390394 0.3801 0.462972 0.427453 0.431488 0.385305 1.38065e-07 3.2163e-08 6.07845e-08 4.88137e-08 1.15302e-07 2.91488e-08 0.00272811 0.0010369 0.00145169 
0.44314 0.464688 0.361366 0.421525 0.406734 0.454549 2.44234e-05 6.30566e-05 2.14285e-05 3.8418e-05 2.42111e-05 3.57997e-05 0.0140862 0.0156753 0.0144634 
0.499995 0.469795 0.464688 0.467288 0.491293 0.492562 0.0001401 0.000131083 6.30566e-05 9.77743e-05 9.64019e-05 0.000133749 0.0170016 0.0171866 0.0156753 
0.30751 0.361366 0.464688 0.421525 0.401831 0.335538 3.04787e-05 2.14285e-05 6.30566e-05 3.8418e-05 4.65427e-05 2.72507e-05 0.0157449 0.0144634 0.0156753 
0.260844 0.265149 0.115013 0.184101 0.188216 0.267862 -0.0645376 -0.133869 -0.0476251 -0.0906821 -0.0627382 -0.0981976 0.047038 0.0382305 0.0334942 
0.432161 0.416671 0.338038 0.382877 0.389534 0.427091 -0.0375709 -0.0707159 -0.0241775 -0.044578 -0.0317377 -0.052374 0.0416005 0.0450767 0.0445967 
9.31032e-35 2.03714e-34 0.215493 0.115294 0.115295 -9.35238e-35 -1.47127e-35 -7.35617e-36 6.37546e-08 1.98437e-08 8.95848e-10 -2.20689e-35 0.00297932 0.00148964 0.00295363 
0.499997 0.467649 0.459601 0.463737 0.489974 0.491979 4.89753e-06 4.87928e-06 1.72597e-06 3.79848e-06 2.94989e-06 4.33119e-06 0.0110863 0.0111749 0.00979607 
0.307313 0.366389 0.458763 0.419233 0.396334 0.336749 -0.00464776 -0.0148422 -0.0153236 -0.0163507 -0.00976398 -0.00862175 0.0204727 0.0196971 0.0241135 
5.82078e-34 8.38405e-34 0.84882 0.516876 0.514632 -6.38422e-34 -4.2526e-34 -3.93911e-34 -0.00221314 -0.000922797 -0.00102806 -8.2178e-34 -0.0863275 -0.0801304 -0.0873472 
0.456989 0.458763 0.366389 0.419233 0.417242 0.457015 -0.0314712 -0.0153236 -0.0148422 -0.0163507 -0.0227149 -0.0219528 0.0225928 0.0241135 0.0196971 
0.304934 0.454225 0.354042 0.411272 0.330436 0.392627 0.00062091 0.00112653 0.000764703 0.000916029 0.000731382 0.000920108 0.0264595 0.0256823 0.0281708 
0.260844 0.151581 0.283154 0.21951 0.276316 0.213646 -0.0645376 -0.0128998 -0.03335 -0.0241333 -0.0473112 -0.0352027 0.047038 0.0461743 0.0472739 
0.327945 0.143851 0.195443 0.169711 0.266314 0.243897 0.000363566 0.000242361 -0.000117591 -7.74403e-05 -2.66892e-05 0.000333704 0.0232079 0.022517 0.0215838 
0.329797 0.145675 0.196462 0.17157 0.267895 0.246042 0.00033664 9.87142e-05 0.000243573 0.000105377 0.000318141 0.000216664 0.020716 0.0207564 0.0218038 
0.330428 0.146105 0.197328 0.172219 0.268664 0.246644 2.80146e-05 9.64823e-06 2.76228e-05 9.42084e-06 3.17665e-05 1.90238e-05 0.015252 0.0154383 0.0168651 
0.304555 0.196462 0.144874 0.171165 0.230538 0.253472 0.000645252 0.000243573 0.000213379 0.000211671 0.000428735 0.000407872 0.0227123 0.0218038 0.0225032 
0.305975 0.197328 0.145974 0.172157 0.231933 0.254668 0.00010261 2.76228e-05 3.27027e-05 2.78935e-05 6.72665e-05 5.44451e-05 0.0182281 0.0168651 0.018243 
0.306336 0.202068 0.146124 0.174698 0.23222 0.256999 5.72924e-06 1.85034e-06 2.49582e-06 1.79588e-06 4.28818e-06 3.05539e-06 0.0124813 0.0110627 0.012534 
0.725414 0.993742 0.754162 0.919367 0.742253 0.918027 -0.0133935 -0.0361132 -0.0428166 -0.0478645 -0.0218255 -0.024052 -0.0844278 -0.108712 -0.0632549 
0.441197 0.460787 0.493207 0.480268 0.473518 0.451484 0.00094715 -0.000764951 0.000930588 0.000326947 0.00093014 0.000265011 0.0241446 0.0250385 0.0252755 
0.442436 0.460708 0.493615 0.48067 0.47442 0.452049 0.00037414 0.000656766 0.000456787 0.000556408 0.000418061 0.000489161 0.019755 0.0211711 0.0198869 
0.499926 0.493207 0.460787 0.480268 0.491595 0.498816 -0.000261237 0.000930588 -0.000764951 0.000326947 -0.00047884 0.000583771 0.0271679 0.0252755 0.0250385 
0.442747 0.461218 0.49373 0.480941 0.474646 0.452436 2.47217e-05 5.82171e-05 2.99304e-05 4.20499e-05 2.70792e-05 3.69809e-05 0.0140175 0.0155123 0.0140337 
0.49999 0.493615 0.460708 0.48067 0.489941 0.498294 0.00065749 0.000456787 0.000656766 0.000556408 0.000684317 0.000559599 0.0209465 0.0198869 0.0211711 
0.499996 0.49373 0.461218 0.480941 0.490186 0.498382 5.30468e-05 2.99304e-05 5.82171e-05 4.20499e-05 5.78173e-05 4.08749e-05 0.0150353 0.0140337 0.0155123 
0.441197 0.493207 0.460423 0.48018 0.451368 0.473518 0.00094715 0.000930588 0.00117749 0.00126918 0.00125054 0.00093014 0.0241446 0.0252755 0.0234426 
0.442436 0.493615 0.461324 0.48089 0.452377 0.47442 0.00037414 0.000456787 0.000217986 0.000329373 0.000301221 0.000418061 0.019755 0.0198869 0.0182803 
0.442747 0.49373 0.46154 0.481054 0.452613 0.474646 2.47217e-05 2.99304e-05 1.04251e-05 1.87847e-05 1.7723e-05 2.70792e-05 0.0140175 0.0140337 0.0124468 
0.50003 0.460423 0.493207 0.48018 0.498157 0.48988 0.00126266 0.00117749 0.000930588 0.00126918 0.00113207 0.0012154 0.0248872 0.0234426 0.0252755 
0.499999 0.461324 0.493615 0.48089 0.498391 0.490314 0.000319792 0.000217986 0.000456787 0.000329373 0.000379354 0.000266928 0.0189657 0.0182803 0.0198869 
0.499998 0.46154 0.49373 0.481054 0.498446 0.490422 1.70405e-05 1.04251e-05 2.99304e-05 1.87847e-05 2.21249e-05 1.30075e-05 0.0130544 0.0124468 0.0140337 
0.014204 0.0656005 0.0167533 0.0423274 0.0172254 0.0352015 -0.0232271 -0.0623607 -0.0461076 -0.0637402 -0.0322747 -0.0422371 -9.37968e-05 0.0113706 -0.0182508 
2.03414e-34 0.214839 0.27339 0.244955 0.150045 0.114913 7.24305e-36 9.0021e-08 6.51607e-08 9.40993e-08 5.61919e-09 2.36519e-08 0.00147758 0.00284351 0.0017464 
5.10268e-34 7.40518e-34 0.819782 0.499553 0.505925 -3.76282e-34 5.82349e-34 8.71283e-34 -0.0221397 -0.0162149 -0.00890866 1.46798e-33 -0.123798 -0.193602 -0.138521 
0.499975 0.471576 0.465476 0.468584 0.491702 0.493178 0.00110313 0.00104001 0.000699453 0.000921818 0.000908992 0.00104578 0.0229458 0.0235949 0.0218749 
0.434083 0.489709 0.341331 0.431282 0.385434 0.468206 -0.057398 -0.0648586 -0.0211782 -0.0415804 -0.0357998 -0.0641692 0.0151068 0.0227851 0.0161921 
0.456989 0.341331 0.489709 0.431282 0.47253 0.409769 -0.0314712 -0.0211782 -0.0648586 -0.0415804 -0.0463839 -0.0280928 0.0225928 0.0161921 0.0227851 
0.98841 0.84882 0.846171 0.847136 0.979098 0.980138 -0.00166146 -0.00221314 -0.000755451 -0.000831984 -0.00158396 -0.00276562 -0.0860392 -0.0873472 -0.0766662 
0.362519 0.394631 0.475914 0.442977 0.431163 0.379511 -0.0061028 -0.00214179 -0.0119462 -0.0059623 -0.0091204 -0.00374352 0.0375092 0.0335083 0.0338849 
0.442747 0.359632 0.330428 0.345376 0.394032 0.405772 2.47217e-05 1.4418e-05 2.80146e-05 1.80417e-05 2.98255e-05 1.91642e-05 0.0140175 0.0136964 0.015252 
0.442436 0.359266 0.329797 0.344885 0.393593 0.405423 0.00037414 0.00022504 0.00033664 0.000260804 0.000391939 0.000297096 0.019755 0.0193792 0.020716 
0.441197 0.357587 0.327945 0.342918 0.392136 0.40391 0.00094715 0.000825237 0.000363566 0.000562626 0.000738936 0.000897311 0.0241446 0.0233652 0.0232079 
0.445087 0.354042 0.454225 0.411272 0.449734 0.404945 0.000825852 0.000764703 0.00112653 0.000916029 0.00116944 0.000790176 0.0276446 0.0281708 0.0256823 
0.305108 0.197707 0.144314 0.171553 0.230713 0.254342 1.438e-06 2.12367e-06 7.30373e-07 3.08102e-07 1.04261e-06 2.02806e-06 0.00977681 0.0111864 0.00969066 
0.447037 0.314711 0.357886 0.337013 0.407852 0.390906 5.83002e-07 4.58672e-07 8.43476e-07 8.19642e-07 7.35799e-07 5.04258e-07 0.00803928 0.00717617 0.00844207 
0.499653 0.443078 0.487443 0.469263 0.495733 0.483467 1.54425e-07 1.88412e-07 1.50919e-07 1.93439e-07 1.64958e-07 2.04255e-07 0.00483517 0.00449022 0.00320235 
0.499653 0.487443 0.488261 0.499994 0.497983 0.495733 1.54425e-07 1.50919e-07 1.68926e-07 1.38474e-07 1.86072e-07 1.64958e-07 0.00483517 0.00320235 0.00358558 
0.307313 0.195443 0.142966 0.169461 0.230939 0.252928 -0.00464776 -0.000117591 -0.000736477 -0.000559558 -0.00244273 -0.00168555 0.0204727 0.0215838 0.0195535 
0.331098 0.147148 0.197707 0.172915 0.26922 0.2475 7.68501e-06 2.74764e-06 2.12367e-06 1.97048e-06 3.19978e-06 5.4321e-06 0.0128664 0.0127 0.0111864 
0.848326 0.929931 0.831719 0.922979 0.853556 0.909342 -0.230757 -0.132601 -0.0671689 -0.142134 -0.161873 -0.188135 -0.111937 -0.0829443 -0.184182 
8.38405e-34 6.61017e-34 0.846171 0.514883 0.514549 -6.22927e-34 -3.93911e-34 -3.46728e-34 -0.000755451 -0.000471359 -0.000393109 -7.41442e-34 -0.0801304 -0.0706676 -0.0766662 
2.4735e-34 0.194756 0.284969 0.243537 0.15934 0.103593 -2.16969e-34 -0.00171175 -0.00947556 -0.00473315 -0.00277293 -0.000799512 0.042673 0.0394743 0.0424287 
0.356816 0.1927 0.314711 0.257543 0.336441 0.282498 3.39647e-07 2.54248e-07 4.58672e-07 2.0129e-07 4.72193e-07 2.14392e-07 0.00555397 0.00626052 0.00717617 
0.528898 0.489991 0.534682 0.522725 0.542128 0.506645 -0.235072 -0.174981 -0.138914 -0.158607 -0.184934 -0.204446 0.0217198 0.0338686 0.0259084 
0.44314 0.361366 0.331098 0.346604 0.39456 0.406734 2.44234e-05 2.14285e-05 7.68501e-06 1.4109e-05 1.4193e-05 2.42111e-05 0.0140862 0.0144634 0.0128664 
0.592749 0.528898 0.534682 0.542128 0.559231 0.571317 -0.199006 -0.235072 -0.138914 -0.184934 -0.17019 -0.222863 0.0161718 0.0217198 0.0259084 
0.499926 0.496611 0.480673 0.498337 0.49438 0.499568 -0.000261237 -0.00249885 -0.00269807 -0.0027848 -0.00138864 -0.00107222 0.0271679 0.0271205 0.0303713 
0.50021 0.480673 0.496611 0.498337 0.499383 0.495068 -0.00679277 -0.00269807 -0.00249885 -0.0027848 -0.00436578 -0.00451994 0.029099 0.0303713 0.0271205 
0.166834 0.0656005 0.115013 0.0924411 0.139941 0.110654 -0.147876 -0.0623607 -0.0476251 -0.0579406 -0.0933923 -0.105103 0.0134095 0.0113706 0.0334942 
6.30683e-34 4.66421e-34 0.725414 0.414165 0.405425 -3.7634e-34 -3.5932e-34 -4.19667e-34 -0.0133935 -0.00426744 -0.00619378 -7.6668e-34 -0.0696251 -0.0847433 -0.0844278 
0.331653 0.146453 0.197969 0.172713 0.269639 0.247551 0.000137591 3.60972e-05 3.1297e-05 3.02255e-05 6.38928e-05 8.5646e-05 0.0189886 0.01887 0.0172638 
0.443671 0.362289 0.331653 0.34734 0.395135 0.407454 0.000373702 0.000300844 0.000137591 0.000215819 0.000240316 0.000351252 0.020182 0.0207122 0.0189886 
0.499998 0.493653 0.461674 0.481032 0.490379 0.498397 1.70405e-05 3.03104e-05 1.14515e-05 1.98569e-05 1.40328e-05 2.21705e-05 0.0130544 0.0140406 0.0125834 
0.44314 0.461674 0.493653 0.481032 0.474701 0.452861 2.44234e-05 1.14515e-05 3.03104e-05 1.98569e-05 2.88323e-05 1.66967e-05 0.0140862 0.0125834 0.0140406 
0.304934 0.14212 0.202072 0.172795 0.256215 0.229735 0.00062091 0.000205136 0.000258358 0.000203704 0.000405149 0.000419543 0.0264595 0.0265491 0.0242587 
0.355546 0.289197 0.187102 0.240662 0.279362 0.323935 3.0581e-07 3.34278e-07 2.15581e-07 1.23745e-07 1.87495e-07 4.15589e-07 0.00583143 0.00731365 0.00639932 
0.727542 0.524666 0.829579 0.711015 0.782165 0.678506 -0.238388 -0.0762515 -0.200904 -0.139961 -0.222738 -0.155556 -0.0137484 -0.00483964 -0.0398787 
0.498847 0.491754 0.434171 0.469832 0.478901 0.496109 3.14897e-07 7.06995e-07 4.18598e-07 4.90662e-07 3.92263e-07 3.84893e-07 0.00690755 0.00798364 0.00714465 
0.404412 0.27339 0.214839 0.244955 0.322263 0.345862 1.29997e-07 6.51607e-08 9.0021e-08 9.40993e-08 1.16644e-07 1.09052e-07 0.00274867 0.0017464 0.00284351 
0.489794 0.408162 0.46683 0.441152 0.479956 0.459182 -1.28179e-08 1.02527e-08 4.49321e-08 -1.91708e-08 -2.3534e-08 -8.4616e-08 3.92834e-09 -2.04613e-09 0.00136899 
0.408163 0.489794 0.462972 0.478472 0.438627 0.459182 -8.67892e-09 -9.23957e-09 6.07845e-08 -2.2858e-08 -2.03168e-08 -7.64133e-08 1.54539e-08 -6.12559e-09 0.00145169 
0.499999 0.493808 0.462072 0.481291 0.490534 0.498459 0.000319792 0.000460629 0.000231624 0.000340966 0.000278695 0.00037987 0.0189657 0.0200067 0.0185946 
0.443671 0.462072 0.493808 0.481291 0.475043 0.453311 0.000373702 0.000231624 0.000460629 0.000340966 0.000432635 0.00029596 0.020182 0.0185946 0.0200067 
0.499653 0.488261 0.47272 0.481298 0.494625 0.497983 1.54425e-07 1.68926e-07 1.98856e-07 2.1982e-07 2.24984e-07 1.86072e-07 0.00483517 0.00358558 0.00531145 
2.03414e-34 9.19611e-35 0.214839 0.114914 0.114913 -9.18606e-35 7.24305e-36 1.44857e-35 9.0021e-08 1.25934e-08 2.36519e-08 2.17288e-35 0.00147758 0.00295507 0.00284351 
6.30683e-34 0.725414 0.754162 0.742253 0.446421 0.405425 -3.5932e-34 -0.0133935 -0.0428166 -0.0218255 -0.0109344 -0.00619378 -0.0696251 -0.0844278 -0.0632549 
0.260844 0.115013 0.11904 0.123312 0.189662 0.188216 -0.0645376 -0.0476251 -0.0181114 -0.0312512 -0.0411816 -0.0627382 0.047038 0.0334942 0.0432323 
8.37993e-35 0.11904 0.115013 0.123312 0.0609696 0.0530591 -2.09931e-34 -0.0181114 -0.0476251 -0.0312512 -0.0145424 -0.00620977 0.0384311 0.0432323 0.0334942 
0.390394 0.295453 0.215493 0.257119 0.313178 0.346596 1.38065e-07 1.6703e-07 6.37546e-08 6.62139e-08 8.55821e-08 1.77413e-07 0.00272811 0.00428008 0.00295363 
0.498847 0.434171 0.477867 0.458924 0.491654 0.478901 3.14897e-07 4.18598e-07 1.96176e-07 2.77736e-07 3.44801e-07 3.92263e-07 0.00690755 0.00714465 0.00596112 
0.993742 0.831719 0.973647 0.943809 0.989435 0.968177 -0.0361132 -0.0671689 -0.085759 -0.111141 -0.0684739 -0.0733346 -0.108712 -0.184182 -0.105627 
0.390394 0.215493 0.272718 0.244908 0.336861 0.313178 1.38065e-07 6.37546e-08 4.90524e-08 8.58907e-08 8.6127e-08 8.55821e-08 0.00272811 0.00295363 0.00175439 
0.50003 0.491975 0.454225 0.476982 0.488845 0.498176 0.00126266 0.000907901 0.00112653 0.00116332 0.00123149 0.00114675 0.0248872 0.0265925 0.0256823 
0.445087 0.454225 0.491975 0.476982 0.473871 0.449734 0.000825852 0.00112653 0.000907901 0.00116332 0.000920185 0.00116944 0.0276446 0.0256823 0.0265925 
0.404412 0.214839 0.293855 0.255946 0.35438 0.322263 1.29997e-07 9.0021e-08 1.86066e-07 1.31082e-07 1.64838e-07 1.16644e-07 0.00274867 0.00284351 0.0041881 
0.488261 0.427562 0.47272 0.452844 0.481298 0.464376 1.68926e-07 1.95993e-07 1.98856e-07 2.13896e-07 2.1982e-07 1.21764e-07 0.00358558 0.00427754 0.00531145 
2.60626e-34 0.202111 0.314711 0.261737 0.176491 0.107563 3.62001e-35 5.60889e-07 4.58672e-07 3.40708e-07 3.05642e-07 3.63321e-07 0.00738473 0.00839766 0.00717617 
2.03414e-34 0.27339 0.180926 0.229131 0.0955233 0.150045 7.24305e-36 6.51607e-08 -3.12278e-08 3.16824e-08 -5.14317e-08 5.61919e-09 0.00147758 0.0017464 0.000919321 
2.60626e-34 0.314711 0.1927 0.257543 0.102186 0.176491 3.62001e-35 4.58672e-07 2.54248e-07 2.0129e-07 3.54966e-07 3.05642e-07 0.00738473 0.00717617 0.00626052 
4.54215e-35 0.115013 0.0212062 0.058911 0.0059029 0.0359711 -1.29665e-34 -0.0476251 -0.0169421 -0.0327753 -0.00548023 -0.0152241 0.0222422 0.0334942 0.0134549 
2.77665e-34 0.295453 0.204654 0.252133 0.109026 0.163965 -2.2071e-35 1.6703e-07 1.38082e-07 1.25692e-07 6.9442e-08 6.76159e-08 0.0044694 0.00428008 0.00544039 
0.727542 0.62809 0.524666 0.609232 0.678506 0.681149 -0.238388 -0.173199 -0.0762515 -0.131156 -0.155556 -0.207005 -0.0137484 0.00558239 -0.00483964 
0.404412 0.293855 0.427562 0.369255 0.416387 0.35438 1.29997e-07 1.86066e-07 1.95993e-07 2.07436e-07 2.47021e-07 1.64838e-07 0.00274867 0.0041881 0.00427754 
5.10268e-34 0.819782 0.688285 0.758187 0.396062 0.505925 5.82349e-34 -0.0221397 -0.00497375 -0.00475287 -0.00156417 -0.00890866 -0.123798 -0.138521 -0.119094 
0.75 1 0.937448 0.984341 0.859348 0.9375 -1.13507e-37 -1.64645e-37 -0.000204345 -0.000227117 -0.000173877 -3.19749e-37 -0.0479691 -0.0482063 -0.0581335 
2.95273e-34 0.235643 0.341331 0.293485 0.188376 0.116357 5.95048e-35 -0.0128265 -0.0211782 -0.018426 -0.00585328 -0.00243847 0.014608 0.0123816 0.0161921 
0.819782 0.831719 0.993742 0.968177 0.965641 0.828794 -0.0221397 -0.0671689 -0.0361132 -0.0733346 -0.0350995 -0.0354235 -0.138521 -0.184182 -0.108712 
0.356816 0.427562 0.293855 0.369255 0.326766 0.395173 3.39647e-07 1.95993e-07 1.86066e-07 2.07436e-07 2.0552e-07 3.02677e-07 0.00555397 0.00427754 0.0041881 
0.362519 0.284969 0.194756 0.243537 0.287063 0.326342 -0.0061028 -0.00947556 -0.00171175 -0.00473315 -0.00399201 -0.00801346 0.0375092 0.0424287 0.0394743 
2.03714e-34 0.169608 0.272718 0.223567 0.149629 0.0891833 -7.35617e-36 8.07703e-08 4.90524e-08 1.41636e-08 2.91033e-08 1.05756e-07 0.00148964 0.000959316 0.00175439 
6.61017e-34 0.706938 0.846171 0.782221 0.514883 0.405945 -3.46728e-34 -0.00027134 -0.000755451 -0.000130038 -0.000471359 -0.000117683 -0.0706676 -0.0647396 -0.0766662 
2.74699e-34 3.24618e-34 0.524666 0.310756 0.272313 -3.73091e-34 -3.6931e-35 -1.31894e-34 -0.0762515 -0.0186509 -0.0181797 -9.58972e-35 -0.00310018 -0.0221769 -0.00483964 
0.362519 0.416547 0.284969 0.358091 0.326342 0.392232 -0.0061028 -0.0167324 -0.00947556 -0.0137789 -0.00801346 -0.0106773 0.0375092 0.0392748 0.0424287 
0.973647 0.831719 0.929931 0.922979 0.952454 0.943809 -0.085759 -0.0671689 -0.132601 -0.142134 -0.110048 -0.111141 -0.105627 -0.184182 -0.0829443 
2.4735e-34 0.284969 0.195157 0.241781 0.109272 0.15934 -2.16969e-34 -0.00947556 -0.00883553 -0.00976776 -0.00202043 -0.00277293 0.042673 0.0424287 0.0454515 
0.755911 0.754162 0.929931 0.882351 0.860061 0.764129 -0.102774 -0.0428166 -0.132601 -0.0865001 -0.126765 -0.0734233 -0.0348974 -0.0632549 -0.0829443 
0.447037 0.495764 0.466274 0.484534 0.457196 0.478212 5.83002e-07 5.57684e-07 3.07726e-07 5.04689e-07 4.46784e-07 7.47706e-07 0.00803928 0.00804524 0.0067231 
0.498847 0.466274 0.495764 0.484534 0.499755 0.494394 3.14897e-07 3.07726e-07 5.57684e-07 5.04689e-07 2.90239e-07 2.79487e-07 0.00690755 0.0067231 0.00804524 
0.434083 0.341331 0.235643 0.293485 0.346131 0.385434 -0.057398 -0.0211782 -0.0128265 -0.018426 -0.0322036 -0.0357998 0.0151068 0.0161921 0.0123816 
0.456989 0.366389 0.341331 0.35266 0.409769 0.417242 -0.0314712 -0.0148422 -0.0211782 -0.0180854 -0.0280928 -0.0227149 0.0225928 0.0196971 0.0161921 
0.755911 0.829579 0.524666 0.711015 0.641761 0.819562 -0.102774 -0.200904 -0.0762515 -0.139961 -0.0981307 -0.148063 -0.0348974 -0.0398787 -0.00483964 
4.53e-34 4.83444e-34 0.772713 0.455565 0.455169 -4.00995e-34 3.42988e-34 4.0504e-34 -0.000501243 -0.000125038 -0.00032198 7.47413e-34 -0.0720624 -0.0851638 -0.0775847 
2.95273e-34 0.341331 0.206291 0.27445 0.109855 0.188376 5.95048e-35 -0.0211782 -0.00351555 -0.0103677 -0.00115869 -0.00585328 0.014608 0.0161921 0.0178114 
0.998573 0.937448 0.986621 0.995499 0.994111 0.988784 -0.000399238 -0.000204345 -0.000220032 -0.000231838 -0.000207374 -0.000282987 -0.0677569 -0.0581335 -0.0557346 
0.355546 0.187102 0.204654 0.195942 0.286775 0.279362 3.0581e-07 2.15581e-07 1.38082e-07 1.8615e-07 3.14749e-07 1.87495e-07 0.00583143 0.00639932 0.00544039 
0.998573 0.986621 0.749696 0.905115 0.927603 0.994111 -0.000399238 -0.000220032 -0.000179075 -0.000219048 -0.000293405 -0.000207374 -0.0677569 -0.0557346 -0.0590132 
0.499653 0.477867 0.443078 0.462489 0.483467 0.492998 1.54425e-07 1.96176e-07 1.88412e-07 2.29901e-07 2.04255e-07 1.97521e-07 0.00483517 0.00596112 0.00449022 
0.439757 0.310301 0.354042 0.332978 0.401685 0.384203 7.94552e-05 0.000146559 0.000764703 0.000550131 0.000663504 2.05758e-05 0.0294914 0.0314587 0.0281708 
0.503936 0.416671 0.487028 0.46003 0.495876 0.472233 -0.0835133 -0.0707159 -0.0538879 -0.0627883 -0.0677065 -0.0809976 0.0337351 0.0450767 0.0368488 
0.355546 0.443078 0.477867 0.462489 0.430082 0.404317 3.0581e-07 1.88412e-07 1.96176e-07 2.29901e-07 2.52738e-07 2.87542e-07 0.00583143 0.00449022 0.00596112 
0.354042 0.310301 0.207474 0.261863 0.287158 0.332978 0.000764703 0.000146559 0.000346214 0.000349048 0.000503284 0.000550131 0.0281708 0.0314587 0.0291587 
0.432161 0.487028 0.416671 0.46003 0.427091 0.464196 -0.0375709 -0.0538879 -0.0707159 -0.0627883 -0.052374 -0.0464287 0.0416005 0.0368488 0.0450767 
2.27694e-34 0.289197 0.196295 0.24486 0.104236 0.159975 -3.67963e-35 3.34278e-07 5.24438e-07 3.40799e-07 3.27151e-07 2.13284e-07 0.00745133 0.00731365 0.00853021 
4.3108e-34 0.0167533 0.0810633 0.0310307 0.0152353 -0.0136131 -6.77319e-35 -0.0461076 -0.14569 -0.0919749 -0.0585358 -0.00199918 -0.0914784 -0.0182508 -0.0409167 
0.355546 0.434171 0.289197 0.371942 0.323935 0.398672 3.0581e-07 4.18598e-07 3.34278e-07 4.79376e-07 4.15589e-07 3.84677e-07 0.00583143 0.00714465 0.00731365 
7.40518e-34 0.831719 0.819782 0.828794 0.499553 0.537076 8.71283e-34 -0.0671689 -0.0221397 -0.0354235 -0.0162149 -0.0302044 -0.193602 -0.184182 -0.138521 
1.11805e-34 0.14212 0.207474 0.175659 0.111099 0.0743573 -1.37405e-34 0.000205136 0.000346214 0.000201463 0.000143919 6.3582e-05 0.02785 0.0265491 0.0291587 
3.24618e-34 0.392082 0.524666 0.480973 0.310756 0.191986 -1.31894e-34 -0.0250328 -0.0762515 -0.0482632 -0.0186509 -0.00431139 -0.0221769 -0.0301427 -0.00483964 
0.755911 0.524666 0.392082 0.480973 0.603706 0.641761 -0.102774 -0.0762515 -0.0250328 -0.0482632 -0.0556453 -0.0981307 -0.0348974 -0.00483964 -0.0301427 
0.998573 0.846171 0.706938 0.782221 0.936406 0.968488 -0.000399238 -0.000755451 -0.00027134 -0.000130038 -0.000385893 -0.000567035 -0.0677569 -0.0766662 -0.0647396 
1.48335e-34 1.24131e-34 0.226724 0.123322 0.122926 -1.05734e-34 -1.90696e-34 -1.6976e-34 -0.00053169 -8.40609e-05 -0.000269201 -3.59201e-34 0.0384971 0.0343548 0.0354203 
0.355546 0.204654 0.295453 0.252133 0.326803 0.286775 3.0581e-07 1.38082e-07 1.6703e-07 1.25692e-07 1.95718e-07 3.14749e-07 0.00583143 0.00544039 0.00428008 
0.356816 0.198954 0.1927 0.195835 0.282498 0.285134 3.39647e-07 1.68189e-07 2.54248e-07 1.83484e-07 2.14392e-07 3.15549e-07 0.00555397 0.00527889 0.00626052 
0.489794 0.46683 0.499997 0.491774 0.497484 0.479956 -1.28179e-08 4.49321e-08 4.14522e-09 4.37149e-08 -2.82544e-08 -2.3534e-08 3.92834e-09 0.00136899 0.000957839 
2.27694e-34 0.187102 0.289197 0.240662 0.159975 0.0990106 -3.67963e-35 2.15581e-07 3.34278e-07 1.23745e-07 2.13284e-07 3.30803e-07 0.00745133 0.00639932 0.00731365 
0.489794 0.499997 0.462972 0.490669 0.478472 0.497409 -9.23957e-09 4.14522e-09 6.07845e-08 4.7637e-08 -2.2858e-08 -2.68875e-08 -6.12559e-09 0.000957839 0.00145169 
2.68095e-34 0.198954 0.293855 0.248644 0.162941 0.105754 2.17265e-35 1.68189e-07 1.86066e-07 1.66306e-07 1.44883e-07 1.34297e-07 0.00443217 0.00527889 0.0041881 
2.4735e-34 1.48335e-34 0.194756 0.105083 0.103593 -6.17654e-35 -2.16969e-34 -1.90696e-34 -0.00171175 -0.000444816 -0.000799512 -4.00385e-34 0.042673 0.0384971 0.0394743 
-1.07012e-36 0.0212062 -0.00391208 0.00261466 -0.00638535 -0.00448802 -2.77421e-35 -0.0169421 0.00217768 -0.00764195 0.00125176 -0.00347004 0.00511412 0.0134549 -0.000697323 
0.166834 0.265149 0.39944 0.32628 0.27562 0.218903 -0.147876 -0.133869 -0.245411 -0.189793 -0.210529 -0.149104 0.0134095 0.0382305 0.0225231 
1.19462e-34 1.11805e-34 0.207474 0.111099 0.111415 -7.76252e-35 -1.52183e-34 -1.37405e-34 0.000346214 0.000143919 0.000129811 -2.89483e-34 0.0308441 0.02785 0.0291587 
0.260844 0.11904 0.151581 0.136957 0.213646 0.189662 -0.0645376 -0.0181114 -0.0128998 -0.0159539 -0.0352027 -0.0411816 0.047038 0.0432323 0.0461743 
0.755911 0.392082 0.754162 0.580044 0.764129 0.603706 -0.102774 -0.0250328 -0.0428166 -0.0331769 -0.0734233 -0.0556453 -0.0348974 -0.0301427 -0.0632549 
0.476243 0.524666 0.62809 0.609232 0.566903 0.502068 -0.0811976 -0.0762515 -0.173199 -0.131156 -0.124701 -0.0799447 0.00645519 -0.00483964 0.00558239 
1.00691e-33 0.831719 7.40518e-34 0.537076 -5.4134e-34 0.595616 3.36617e-34 -0.0671689 8.71283e-34 -0.0302044 1.98043e-33 -0.120375 -0.21469 -0.184182 -0.193602 
0.304934 0.207474 0.14212 0.175659 0.229735 0.258768 0.00062091 0.000346214 0.000205136 0.000201463 0.000419543 0.000539734 0.0264595 0.0291587 0.0265491 
0.499998 0.499997 0.46683 0.491774 0.491706 0.499997 9.20148e-08 4.14522e-09 4.49321e-08 4.37149e-08 6.52137e-08 2.18834e-08 0.00212303 0.000957839 0.00136899 
0.499998 0.462972 0.499997 0.490669 0.499997 0.490741 9.20148e-08 6.07845e-08 4.14522e-09 4.7637e-08 2.18834e-08 3.68079e-08 0.00212303 0.00145169 0.000957839 
6.53515e-34 5.10268e-34 0.688285 0.396062 0.396945 -2.19599e-34 4.83129e-34 5.82349e-34 -0.00497375 -0.00156417 -0.00107637 1.074e-33 -0.101928 -0.123798 -0.119094 
1.22441e-34 0.195157 0.151581 0.174431 0.0856409 0.103795 -2.31491e-34 -0.00883553 -0.0128998 -0.0113617 -0.00304081 -0.00265645 0.0458009 0.0454515 0.0461743 
0.998807 0.993742 0.725414 0.918027 0.928922 0.997232 -0.0100055 -0.0361132 -0.0133935 -0.024052 -0.0135875 -0.0227019 -0.102224 -0.108712 -0.0844278 
6.53515e-34 0.688285 0.828095 0.763839 0.501977 0.396945 4.83129e-34 -0.00497375 -0.00326141 -0.00528016 -0.000522182 -0.00107637 -0.101928 -0.119094 -0.100992 
0.592749 0.534682 0.527458 0.543276 0.573333 0.559231 -0.199006 -0.138914 -0.11301 -0.132811 -0.154583 -0.17019 0.0161718 0.0259084 0.0133813 
0.356816 0.293855 0.198954 0.248644 0.285134 0.326766 3.39647e-07 1.86066e-07 1.68189e-07 1.66306e-07 3.15549e-07 2.0552e-07 0.00555397 0.0041881 0.00527889 
0.407802 0.39944 0.59862 0.49041 0.532487 0.39406 -0.323992 -0.245411 -0.286948 -0.280751 -0.322462 -0.290119 -0.0403725 0.0225231 -0.000287871 
0.973647 0.929931 0.754162 0.882351 0.907542 0.952454 -0.085759 -0.132601 -0.0428166 -0.0865001 -0.0639014 -0.110048 -0.105627 -0.0829443 -0.0632549 
4.3108e-34 9.31486e-35 0.0167533 -0.00225718 -0.0136131 4.53444e-34 -6.77319e-35 2.40976e-36 -0.0461076 0.0244627 -0.00199918 1.2485e-34 -0.0914784 -0.0226589 -0.0182508 
0.998807 0.725414 0.659775 0.692291 0.909368 0.928922 -0.0100055 -0.0133935 -0.00442122 -0.00527984 -0.00892016 -0.0135875 -0.102224 -0.0844278 -0.0883283 
0.998807 0.819782 0.993742 0.965641 0.997232 0.954455 -0.0100055 -0.0221397 -0.0361132 -0.0350995 -0.0227019 -0.0190733 -0.102224 -0.138521 -0.108712 
0.244899 0.180926 0.380036 0.292418 0.318765 0.213806 -3.35219e-08 -3.12278e-08 3.87754e-08 6.00202e-08 2.17426e-08 -6.28073e-08 -3.68375e-08 0.000919321 0.00103668 
0.244899 0.3801 0.169608 0.287911 0.208469 0.318805 6.4689e-08 3.2163e-08 8.07703e-08 -6.21738e-09 1.13184e-07 -5.48568e-08 -3.75876e-08 0.0010369 0.000959316 
0.390394 0.487443 0.443078 0.469263 0.418874 0.45091 1.38065e-07 1.50919e-07 1.88412e-07 1.93439e-07 1.58554e-07 1.05633e-07 0.00272811 0.00320235 0.00449022 
4.66421e-34 0.659775 0.725414 0.692291 0.414165 0.368593 -4.19667e-34 -0.00442122 -0.0133935 -0.00527984 -0.00426744 -0.00214899 -0.0847433 -0.0883283 -0.0844278 
0.384652 0.465476 0.471576 0.468584 0.435404 0.430984 0.000725997 0.000699453 0.00104001 0.000921818 0.00087336 0.000723471 0.0238886 0.0218749 0.0235949 
0.383186 0.464688 0.469795 0.467288 0.43354 0.429855 8.75897e-05 6.30566e-05 0.000131083 9.77743e-05 0.000107638 7.46285e-05 0.0171882 0.0156753 0.0171866 
4.83444e-34 0.640406 0.772713 0.710181 0.455565 0.361787 4.0504e-34 -0.000897434 -0.000501243 -0.000806164 -0.000125038 -0.00026943 -0.0851638 -0.0903103 -0.0775847 
0.998573 0.749696 0.623769 0.689908 0.894219 0.927603 -0.000399238 -0.000179075 -0.000215651 -0.000203334 -0.000352014 -0.000293405 -0.0677569 -0.0590132 -0.0680162 
0.260844 0.416671 0.393789 0.409728 0.330564 0.347672 -0.0645376 -0.0707159 -0.1324 -0.0989036 -0.100474 -0.0730261 0.047038 0.0450767 0.0438179 
5.82078e-34 0.84882 0.659775 0.764165 0.369971 0.514632 -4.2526e-34 -0.00221314 -0.00442122 -0.00405015 -0.00120076 -0.00102806 -0.0863275 -0.0873472 -0.0883283 
0.382973 0.46154 0.468695 0.46521 0.432654 0.427585 3.39504e-06 1.04251e-05 4.14887e-06 5.3885e-06 3.84606e-06 6.15982e-06 0.0110487 0.0124468 0.0109666 
1.7386e-34 1.671e-34 0.30182 0.165135 0.149712 -1.47362e-34 4.41704e-35 1.50047e-35 -0.0270713 -0.00762904 -0.00569209 8.52895e-35 0.0107993 0.00489205 0.00924211 
0.998807 0.688285 0.819782 0.758187 0.954455 0.92877 -0.0100055 -0.00497375 -0.0221397 -0.00475287 -0.0190733 -0.0103002 -0.102224 -0.119094 -0.138521 
-1.07012e-36 4.54215e-35 0.0212062 0.0059029 -0.00448802 -2.90199e-35 -2.77421e-35 -1.29665e-34 -0.0169421 -0.00548023 -0.00347004 -1.29656e-34 0.00511412 0.0222422 0.0134549 
1.14387e-34 2.77665e-34 0.204654 0.109026 0.109026 -7.77535e-35 -2.94316e-35 -2.2071e-35 1.38082e-07 6.9442e-08 5.67201e-08 -5.15025e-35 0.00595992 0.0044694 0.00544039 
0.75 0.749696 0.986621 0.905115 0.905251 0.749858 -1.27999e-37 -0.000179075 -0.000220032 -0.000219048 -0.000185941 -0.000140476 -0.0484029 -0.0590132 -0.0557346 
0.381464 0.475676 0.460787 0.46842 0.426293 0.437475 -0.00268067 -0.00574731 -0.000764951 -0.0024613 -0.00168157 -0.00432673 0.0229563 0.0258583 0.0250385 
0.381229 0.460423 0.466386 0.46343 0.430343 0.426169 0.000696124 0.00117749 0.00096714 0.00099983 0.000852422 0.00096159 0.0220731 0.0234426 0.0224023 
0.382217 0.461324 0.467023 0.464232 0.431154 0.427153 8.18912e-05 0.000217986 0.000118286 0.000150665 0.000102297 0.000140373 0.0168948 0.0182803 0.0169035 
0.503936 0.489709 0.534682 0.516039 0.516862 0.508872 -0.0835133 -0.0648586 -0.138914 -0.0969765 -0.109534 -0.0765252 0.0337351 0.0227851 0.0259084 
0.38254 0.459601 0.467649 0.463737 0.431725 0.426092 3.6816e-06 1.72597e-06 4.87928e-06 3.79848e-06 3.83931e-06 2.37847e-06 0.0111722 0.00979607 0.0111749 
0.289197 0.434171 0.342828 0.393391 0.316995 0.371942 3.34278e-07 4.18598e-07 9.05802e-07 5.21543e-07 5.28877e-07 4.79376e-07 0.00731365 0.00714465 0.00836713 
0.499998 0.488261 0.487443 0.499994 0.496859 0.497064 9.20148e-08 1.68926e-07 1.50919e-07 1.38474e-07 1.40403e-07 1.55829e-07 0.00212303 0.00358558 0.00320235 
0.503936 0.481107 0.416671 0.450668 0.472233 0.496658 -0.0835133 -0.125126 -0.0707159 -0.0968884 -0.0809976 -0.103314 0.0337351 0.0377302 0.0450767 
0.499997 0.453628 0.495088 0.479634 0.498789 0.488463 1.20628e-06 1.41388e-06 2.42938e-06 1.65139e-06 1.61315e-06 1.40354e-06 0.00912276 0.0095002 0.0100999 
9.35325e-37 -1.07012e-36 -0.00391208 -0.00638535 -0.0047795 -6.80865e-36 5.1884e-36 -2.77421e-35 0.00217768 0.00125176 0.00369236 -1.05229e-35 -0.00142095 0.00511412 -0.000697323 
0.382973 0.468695 0.453628 0.46153 0.422317 0.432654 3.39504e-06 4.14887e-06 1.41388e-06 2.9806e-06 2.28844e-06 3.84606e-06 0.0110487 0.0109666 0.0095002 
0.407802 0.19181 0.0810633 0.110167 0.205131 0.286747 -0.323992 -0.204967 -0.14569 -0.163375 -0.249207 -0.286958 -0.0403725 -0.127692 -0.0409167 
9.35325e-37 -0.00391208 1.70638e-35 -0.00155213 1.88388e-35 -0.0047795 5.1884e-36 0.00217768 5.68297e-36 0.00665995 1.14362e-36 0.00369236 -0.00142095 -0.000697323 -0.00432192 
0.440922 0.342828 0.434171 0.393391 0.437592 0.397757 7.4843e-07 9.05802e-07 4.18598e-07 5.21543e-07 8.73425e-07 7.73642e-07 0.00828349 0.00836713 0.00714465 
0.476243 0.243054 0.524666 0.377931 0.502068 0.374442 -0.0811976 -0.017475 -0.0762515 -0.0409538 -0.0799447 -0.0452113 0.00645519 0.00296088 -0.00483964 
0.503936 0.534682 0.481107 0.51515 0.496658 0.516862 -0.0835133 -0.138914 -0.125126 -0.136149 -0.103314 -0.109534 0.0337351 0.0259084 0.0377302 
0.404412 0.427562 0.488261 0.464376 0.45642 0.416387 1.29997e-07 1.95993e-07 1.68926e-07 1.21764e-07 1.69954e-07 2.47021e-07 0.00274867 0.00427754 0.00358558 
6.61017e-34 4.02472e-34 0.706938 0.405874 0.405945 -2.81559e-34 -3.46728e-34 -2.92211e-34 -0.00027134 -9.34218e-05 -0.000117683 -6.38947e-34 -0.0706676 -0.0595968 -0.0647396 
0.382217 0.467023 0.461218 0.464181 0.427065 0.431154 8.18912e-05 0.000118286 5.82171e-05 8.71697e-05 7.22195e-05 0.000102297 0.0168948 0.0169035 0.0155123 
0.998573 0.996675 0.846171 0.972528 0.968488 0.997603 -0.000399238 -0.00078993 -0.000755451 -0.000722586 -0.000567035 -0.00083239 -0.0677569 -0.076908 -0.0766662 
0.381229 0.466386 0.460708 0.463607 0.426307 0.430343 0.000696124 0.00096714 0.000656766 0.000839363 0.000710016 0.000852422 0.0220731 0.0224023 0.0211711 
0.998807 0.659775 0.84882 0.764165 0.962132 0.909368 -0.0100055 -0.00442122 -0.00221314 -0.00405015 -0.00576381 -0.00892016 -0.102224 -0.0883283 -0.0873472 
0.499996 0.461218 0.495245 0.482324 0.498768 0.490186 5.30468e-05 5.82171e-05 8.5877e-05 6.97575e-05 6.70509e-05 5.78173e-05 0.0150353 0.0155123 0.0160028 
2.95273e-34 1.7386e-34 0.235643 0.124851 0.116357 -8.75318e-35 5.95048e-35 4.41704e-35 -0.0128265 -0.00388509 -0.00243847 1.27549e-34 0.014608 0.0107993 0.0123816 
0.014204 -0.00391208 0.0212062 0.00261466 0.0194345 -0.000522766 -0.0232271 0.00217768 -0.0169421 -0.00764195 -0.0219215 -0.00461582 -9.37968e-05 -0.000697323 0.0134549 
0.407802 0.235734 0.39944 0.322302 0.39406 0.311489 -0.323992 -0.234643 -0.245411 -0.247216 -0.290119 -0.279163 -0.0403725 -0.0112069 0.0225231 
0.381464 0.458763 0.475676 0.466901 0.437475 0.423599 -0.00268067 -0.0153236 -0.00574731 -0.00991868 -0.00432673 -0.0075306 0.0229563 0.0241135 0.0258583 
0.49999 0.460708 0.49502 0.481909 0.498666 0.489941 0.00065749 0.000656766 0.000862532 0.000748878 0.000752612 0.000684317 0.0209465 0.0211711 0.0218064 
0.499926 0.460787 0.496611 0.483393 0.499568 0.491595 -0.000261237 -0.000764951 -0.00249885 -0.00165062 -0.00107222 -0.00047884 0.0271679 0.0250385 0.0271205 
0.98841 0.846171 0.996675 0.972528 0.993374 0.979098 -0.00166146 -0.000755451 -0.00078993 -0.000722586 -0.000541316 -0.00158396 -0.0860392 -0.0766662 -0.076908 
0.998573 0.623769 0.772713 0.702911 0.933825 0.894219 -0.000399238 -0.000215651 -0.000501243 -0.000125096 -0.000549038 -0.000352014 -0.0677569 -0.0680162 -0.0775847 
0.727542 0.59862 0.62809 0.651005 0.681149 0.670251 -0.238388 -0.286948 -0.173199 -0.237525 -0.207005 -0.274015 -0.0137484 -0.000287871 0.00558239 
0.283154 0.151581 0.195157 0.174431 0.243851 0.21951 -0.03335 -0.0128998 -0.00883553 -0.0113617 -0.0196159 -0.0241333 0.0472739 0.0461743 0.0454515 
4.3108e-34 0.0810633 0.19181 0.110167 0.0380184 0.0152353 -6.77319e-35 -0.14569 -0.204967 -0.163375 -0.0210672 -0.0585358 -0.0914784 -0.0409167 -0.127692 
0.499594 0.497008 0.458763 0.483238 0.494301 0.500852 -0.0272729 -0.0135838 -0.0153236 -0.0142477 -0.0219051 -0.0197193 0.0322345 0.0283735 0.0241135 
2.74699e-34 0.524666 0.243054 0.377931 0.133468 0.272313 -3.6931e-35 -0.0762515 -0.017475 -0.0409538 -0.00576071 -0.0181797 -0.00310018 -0.00483964 0.00296088 
0.456989 0.489709 0.502193 0.498627 0.488022 0.47253 -0.0314712 -0.0648586 -0.0462558 -0.0560095 -0.0393562 -0.0463839 0.0225928 0.0227851 0.0295939 
0.503936 0.502193 0.489709 0.498627 0.508872 0.505704 -0.0835133 -0.0462558 -0.0648586 -0.0560095 -0.0765252 -0.0622395 0.0337351 0.0295939 0.0227851 
0.440922 0.434171 0.491754 0.469832 0.472134 0.437592 7.4843e-07 4.18598e-07 7.06995e-07 4.90662e-07 6.02802e-07 8.73425e-07 0.00828349 0.00714465 0.00798364 
1.48335e-34 0.226724 0.194756 0.211332 0.105083 0.122926 -1.90696e-34 -0.00053169 -0.00171175 -0.00110095 -0.000444816 -0.000269201 0.0384971 0.0354203 0.0394743 
0.166834 0.39944 0.235734 0.322302 0.190274 0.27562 -0.147876 -0.245411 -0.234643 -0.247216 -0.189948 -0.210529 0.0134095 0.0225231 -0.0112069 
0.38254 0.467649 0.461674 0.464725 0.427506 0.431725 3.6816e-06 4.87928e-06 1.14515e-05 6.76747e-06 6.8794e-06 3.83931e-06 0.0111722 0.0111749 0.0125834 
0.272718 0.169608 0.3801 0.287911 0.330665 0.223567 4.90524e-08 8.07703e-08 3.2163e-08 -6.21738e-09 2.32612e-08 1.41636e-08 0.00175439 0.000959316 0.0010369 
0.27339 0.380036 0.180926 0.292418 0.229131 0.330917 6.51607e-08 3.87754e-08 -3.12278e-08 6.00202e-08 3.16824e-08 6.09287e-08 0.0017464 0.00103668 0.000919321 
4.06872e-34 6.30683e-34 0.754162 0.446421 0.416868 -5.38615e-34 -2.30707e-34 -3.5932e-34 -0.0428166 -0.0109344 -0.0185864 -5.62482e-34 -0.0436868 -0.0696251 -0.0632549 
0.75 0.437563 0.749696 0.609177 0.749858 0.609436 -1.27999e-37 -5.16936e-05 -0.000179075 -6.64023e-05 -0.000140476 -5.39204e-05 -0.0484029 -0.0541995 -0.0590132 
0.408162 0.380036 0.46683 0.430176 0.441152 0.394568 1.02527e-08 3.87754e-08 4.49321e-08 4.86856e-08 -1.91708e-08 1.65716e-08 -2.04613e-09 0.00103668 0.00136899 
0.408163 0.462972 0.3801 0.427453 0.394598 0.438627 -8.67892e-09 6.07845e-08 3.2163e-08 4.88137e-08 -1.22796e-08 -2.03168e-08 1.54539e-08 0.00145169 0.0010369 
0.592749 0.62809 0.59862 0.651005 0.604975 0.615139 -0.199006 -0.173199 -0.286948 -0.237525 -0.244594 -0.191467 0.0161718 0.00558239 -0.000287871 
0.383186 0.469795 0.462072 0.466043 0.428025 0.43354 8.75897e-05 0.000131083 0.000231624 0.000169194 0.000150233 0.000107638 0.0171882 0.0171866 0.0185946 
0.998573 0.706938 0.937448 0.84346 0.988784 0.936406 -0.000399238 -0.00027134 -0.000204345 -0.000277684 -0.000282987 -0.000385893 -0.0677569 -0.0647396 -0.0581335 
2.68095e-34 1.1444e-34 0.198954 0.105755 0.105754 -6.94157e-35 2.17265e-35 2.89658e-35 1.68189e-07 7.54846e-08 1.34297e-07 5.06923e-35 0.00443217 0.005909 0.00527889 
0.499998 0.461674 0.495371 0.482602 0.498828 0.490379 1.70405e-05 1.14515e-05 9.22956e-06 1.1153e-05 1.24707e-05 1.40328e-05 0.0130544 0.0125834 0.0120721 
0.98841 0.998931 0.84882 0.969694 0.980138 0.995574 -0.00166146 -0.00398364 -0.00221314 -0.00313328 -0.00276562 -0.00378554 -0.0860392 -0.0941866 -0.0873472 
0.384652 0.471576 0.454225 0.463476 0.423362 0.435404 0.000725997 0.00104001 0.00112653 0.00109496 0.000956912 0.00087336 0.0238886 0.0235949 0.0256823 
4.66421e-34 5.82078e-34 0.659775 0.369971 0.368593 -2.24587e-34 -4.19667e-34 -4.2526e-34 -0.00442122 -0.00120076 -0.00214899 -8.44816e-34 -0.0847433 -0.0863275 -0.0883283 
0.408162 0.244899 0.380036 0.318765 0.394568 0.336734 1.02527e-08 -3.35219e-08 3.87754e-08 2.17426e-08 1.65716e-08 -2.72184e-08 -2.04613e-09 -3.68375e-08 0.00103668 
0.244899 0.408163 0.3801 0.394598 0.318805 0.336735 6.4689e-08 -8.67892e-09 3.2163e-08 -1.22796e-08 -5.48568e-08 -9.17155e-08 -3.75876e-08 1.54539e-08 0.0010369 
0.434083 0.235643 0.30182 0.265385 0.380253 0.346131 -0.057398 -0.0128265 -0.0270713 -0.0193456 -0.045118 -0.0322036 0.0151068 0.0123816 0.00924211 
3.52391e-34 0.586547 4.02472e-34 0.32511 -9.79185e-35 0.325137 -1.17475e-34 -8.88178e-05 -2.92211e-34 -1.84671e-05 -5.27154e-34 -4.92715e-05 -0.0479205 -0.0556116 -0.0595968 
4.02472e-34 0.586547 0.706938 0.649335 0.405874 0.32511 -2.92211e-34 -8.88178e-05 -0.00027134 -7.35837e-05 -9.34218e-05 -1.84671e-05 -0.0595968 -0.0556116 -0.0647396 
0.499998 0.46683 0.477904 0.472647 0.494474 0.491706 9.20148e-08 4.49321e-08 1.08623e-07 1.4323e-07 8.12049e-08 6.52137e-08 0.00212303 0.00136899 0.00249791 
0.404412 0.477904 0.46683 0.472647 0.439656 0.447601 1.29997e-07 1.08623e-07 4.49321e-08 1.4323e-07 9.42063e-08 1.47189e-07 0.00274867 0.00249791 0.00136899 
4.41385e-34 0.623769 0.749696 0.689908 0.437363 0.349441 2.85579e-34 -0.000215651 -0.000179075 -0.000203334 -1.79177e-05 -9.52762e-05 -0.0599939 -0.0680162 -0.0590132 
1 0.75 0.986621 0.905251 0.996638 0.9375 -1.64645e-37 -1.27999e-37 -0.000220032 -0.000185941 -0.000185834 -2.24647e-37 -0.0482063 -0.0484029 -0.0557346 
0.998807 0.84882 0.998931 0.969694 0.999075 0.962132 -0.0100055 -0.00221314 -0.00398364 -0.00313328 -0.00401805 -0.00576381 -0.102224 -0.0873472 -0.0941866 
1.1049e-34 1.09809e-34 0.199169 0.105916 0.105994 -6.96021e-35 -1.05648e-34 -9.7169e-35 9.78952e-05 3.15577e-05 3.39388e-05 -2.0282e-34 0.021403 0.0196824 0.0205569 
0.499999 0.462072 0.495448 0.482812 0.498868 0.490534 0.000319792 0.000231624 0.000211459 0.000230386 0.000260654 0.000278695 0.0189657 0.0185946 0.0180092 
1.0903e-34 1.09868e-34 0.198465 0.105481 0.105488 -6.92161e-35 -7.38612e-35 -6.63764e-35 7.59292e-06 2.61278e-06 2.72958e-06 -1.40234e-34 0.0149577 0.0134417 0.014245 
0.98841 0.772713 0.640406 0.710181 0.875754 0.914491 -0.00166146 -0.000501243 -0.000897434 -0.000806164 -0.00150374 -0.0012969 -0.0860392 -0.0775847 -0.0903103 
1.06123e-34 1.08748e-34 0.197718 0.105036 0.105042 -6.78183e-35 6.50206e-35 7.21441e-35 6.80676e-06 1.87207e-06 2.81513e-06 1.37167e-34 0.0132638 0.0147166 0.013937 
1.05912e-34 1.08409e-34 0.197395 0.104752 0.104824 -6.79037e-35 9.26946e-35 9.88912e-35 8.89017e-05 2.65056e-05 3.12969e-05 1.91583e-34 0.0189046 0.0201651 0.0195173 
1.04661e-34 1.06754e-34 0.195674 0.103134 0.103465 -6.89703e-35 1.11347e-34 1.11378e-34 0.000407028 0.000118139 0.000153579 2.22805e-34 0.0226886 0.0226901 0.0228627 
8.20489e-35 1.22441e-34 0.151581 0.0856409 0.0770008 -5.05749e-35 -2.31557e-34 -2.31491e-34 -0.0128998 -0.00304081 -0.00388575 -4.51386e-34 0.0455561 0.0458009 0.0461743 
0.489991 0.528898 0.39944 0.475697 0.458252 0.506645 -0.174981 -0.235072 -0.245411 -0.246457 -0.215287 -0.204446 0.0338686 0.0217198 0.0225231 
9.90526e-35 2.95273e-34 0.206291 0.109855 0.10641 -8.02643e-35 8.88359e-35 5.95048e-35 -0.00351555 -0.00115869 -0.000942257 1.62616e-34 0.0182924 0.014608 0.0178114 
9.92478e-35 2.27694e-34 0.196295 0.104236 0.104237 -6.63754e-35 -4.41672e-35 -3.67963e-35 5.24438e-07 3.27151e-07 2.80634e-07 -8.09631e-35 0.00894393 0.00745133 0.00853021 
0.356816 0.466274 0.47272 0.469582 0.426135 0.421027 3.39647e-07 3.07726e-07 1.98856e-07 1.40309e-07 2.66993e-07 3.7531e-07 0.00555397 0.0067231 0.00531145 
0.937448 0.706938 0.586547 0.649335 0.80056 0.84346 -0.000204345 -0.00027134 -8.88178e-05 -7.35837e-05 -0.00016075 -0.000277684 -0.0581335 -0.0647396 -0.0556116 
0.50003 0.454225 0.498749 0.484434 0.499737 0.488845 0.00126266 0.00112653 0.00126288 0.00130548 0.00128899 0.00123149 0.0248872 0.0256823 0.0241197 
1 0.986621 0.937448 0.995499 0.984341 0.996638 -1.64645e-37 -0.000220032 -0.000204345 -0.000231838 -0.000227117 -0.000185834 -0.0482063 -0.0557346 -0.0581335 
8.37993e-35 8.20489e-35 0.11904 0.0658642 0.0530591 -4.74598e-35 -2.09931e-34 -2.31557e-34 -0.0181114 -0.0053456 -0.00620977 -4.15565e-34 0.0384311 0.0455561 0.0432323 
4.06872e-34 0.754162 0.392082 0.580044 0.21047 0.416868 -2.30707e-34 -0.0428166 -0.0250328 -0.0331769 -0.00754469 -0.0185864 -0.0436868 -0.0632549 -0.0301427 
3.52391e-34 0.75 0.586547 0.673404 0.325137 0.4375 -1.17475e-34 -1.13507e-37 -8.88178e-05 -7.49839e-05 -4.92715e-05 -4.79808e-38 -0.0479205 -0.0479691 -0.0556116 
1.10856e-34 1.1006e-34 0.202068 0.107535 0.107537 -7.36356e-35 5.06474e-35 5.78494e-35 1.85034e-06 5.66131e-07 8.7998e-07 1.08498e-34 0.010332 0.0118011 0.0110627 
2.60626e-34 1.08466e-34 0.202111 0.107563 0.107563 -7.36842e-35 3.62001e-35 4.343e-35 5.60889e-07 1.4894e-07 3.63321e-07 7.96304e-35 0.00738473 0.00885966 0.00839766 
1.07214e-34 1.07159e-34 0.197328 0.104788 0.10481 -6.74212e-35 7.91792e-35 8.60661e-35 2.76228e-05 9.2296e-06 1.01713e-05 1.65249e-34 0.016151 0.0175547 0.0168651 
1.06638e-34 1.06317e-34 0.196462 0.104012 0.104208 -6.77541e-35 1.04381e-34 1.08711e-34 0.000243573 8.12507e-05 8.46764e-05 2.13088e-34 0.0212792 0.0221556 0.0218038 
1.04904e-34 1.03887e-34 0.195443 0.102367 0.102336 -7.05745e-35 1.08084e-34 1.00256e-34 -0.000117591 -3.70963e-05 5.36069e-05 2.0923e-34 0.0220449 0.0204846 0.0215838 
1.08553e-34 1.1338e-34 0.202072 0.107667 0.107874 -7.23765e-35 -1.25315e-34 -1.1485e-34 0.000258358 8.7756e-05 8.93904e-05 -2.4017e-34 0.0253975 0.0232733 0.0242587 
1.08867e-34 1.09886e-34 0.197969 0.105206 0.10523 -6.84215e-35 -8.91723e-35 -8.14344e-35 3.1297e-05 1.02355e-05 9.4831e-06 -1.70603e-34 0.0180603 0.0164921 0.0172638 
1.09083e-34 1.07412e-34 0.197707 0.105044 0.105046 -6.82379e-35 -5.89482e-35 -5.15475e-35 2.12367e-06 6.85959e-07 6.17614e-07 -1.10494e-34 0.0119372 0.0104385 0.0111864 
0.476243 0.527458 0.30182 0.433621 0.386706 0.509606 -0.0811976 -0.11301 -0.0270713 -0.0654363 -0.0488404 -0.0997609 0.00645519 0.0133813 0.00924211 
0.499594 0.475914 0.497008 0.497953 0.500852 0.490881 -0.0272729 -0.0119462 -0.0135838 -0.0133464 -0.0197193 -0.0184644 0.0322345 0.0338849 0.0283735 
0.50021 0.497008 0.475914 0.497953 0.493772 0.499525 -0.00679277 -0.0135838 -0.0119462 -0.0133464 -0.00892304 -0.00985787 0.029099 0.0283735 0.0338849 
0.434083 0.527458 0.534682 0.543276 0.510996 0.477999 -0.057398 -0.11301 -0.138914 -0.132811 -0.0977558 -0.0813816 0.0151068 0.0133813 0.0259084 
0.407802 0.0810633 0.235734 0.163048 0.311489 0.205131 -0.323992 -0.14569 -0.234643 -0.207583 -0.279163 -0.249207 -0.0403725 -0.0409167 -0.0112069 
0.499998 0.477904 0.488261 0.483489 0.497064 0.494474 9.20148e-08 1.08623e-07 1.68926e-07 5.46481e-08 1.55829e-07 8.12049e-08 0.00212303 0.00249791 0.00358558 
2.72645e-34 4.41385e-34 0.437563 0.234433 0.234434 4.79658e-35 1.15391e-34 2.85579e-34 -5.16936e-05 -5.14408e-05 -5.00411e-05 5.16431e-34 -0.0484747 -0.0599939 -0.0541995 
0.998807 0.828095 0.688285 0.763839 0.92877 0.957142 -0.0100055 -0.00326141 -0.00497375 -0.00528016 -0.0103002 -0.00757435 -0.102224 -0.100992 -0.119094 
0.362519 0.194756 0.226724 0.211332 0.301491 0.287063 -0.0061028 -0.00171175 -0.00053169 -0.00110095 -0.00259961 -0.00399201 0.0375092 0.0394743 0.0354203 
0.434083 0.30182 0.527458 0.433621 0.477999 0.380253 -0.057398 -0.0270713 -0.11301 -0.0654363 -0.0813816 -0.045118 0.0151068 0.00924211 0.0133813 
0.404412 0.488261 0.477904 0.483489 0.447601 0.45642 1.29997e-07 1.68926e-07 1.08623e-07 5.46481e-08 1.47189e-07 1.69954e-07 0.00274867 0.00358558 0.00249791 
1.22441e-34 2.4735e-34 0.195157 0.109272 0.103795 -8.21806e-35 -2.31491e-34 -2.16969e-34 -0.00883553 -0.00202043 -0.00265645 -4.36676e-34 0.0458009 0.042673 0.0454515 
4.41385e-34 0.749696 0.437563 0.609177 0.234433 0.437363 2.85579e-34 -0.000179075 -5.16936e-05 -6.64023e-05 -5.14408e-05 -1.79177e-05 -0.0599939 -0.0590132 -0.0541995 
1.1049e-34 0.199169 0.151535 0.175783 0.0792494 0.105994 -1.05648e-34 9.78952e-05 0.000104692 9.11016e-05 3.67022e-05 3.39388e-05 0.021403 0.0205569 0.0222995 
0.75 0.937448 0.586547 0.80056 0.673404 0.859348 -1.13507e-37 -0.000204345 -8.88178e-05 -0.00016075 -7.49839e-05 -0.000173877 -0.0479691 -0.0581335 -0.0556116 
0.308974 0.151535 0.199169 0.175783 0.25714 0.236153 0.000343823 0.000104692 9.78952e-05 9.11016e-05 0.000187983 0.000213261 0.0222415 0.0222995 0.0205569 
1.0903e-34 0.198465 0.149406 0.174396 0.0780203 0.105488 -7.38612e-35 7.59292e-06 1.0151e-05 7.45355e-06 3.747e-06 2.72958e-06 0.0149577 0.014245 0.0157198 
0.166834 0.235734 0.0810633 0.163048 0.131019 0.190274 -0.147876 -0.234643 -0.14569 -0.207583 -0.155968 -0.189948 0.0134095 -0.0112069 -0.0409167 
4.41385e-34 4.53e-34 0.623769 0.349436 0.349441 -1.41344e-34 2.85579e-34 3.42988e-34 -0.000215651 -0.000130666 -9.52762e-05 6.28463e-34 -0.0599939 -0.0720624 -0.0680162 
0.30751 0.149406 0.198465 0.174396 0.256031 0.234342 3.04787e-05 1.0151e-05 7.59292e-06 7.45355e-06 1.48994e-05 1.92544e-05 0.0157449 0.0157198 0.014245 
1.1444e-34 2.60626e-34 0.1927 0.102186 0.102186 -6.12436e-35 2.89658e-35 3.62001e-35 2.54248e-07 3.54966e-07 5.30445e-08 6.51657e-35 0.005909 0.00738473 0.00626052 
4.83444e-34 6.53515e-34 0.640406 0.361636 0.361787 -1.56839e-34 4.0504e-34 4.83129e-34 -0.000897434 -0.00109768 -0.00026943 8.88915e-34 -0.0851638 -0.101928 -0.0903103 
0.284969 0.416547 0.338038 0.381073 0.314006 0.358091 -0.00947556 -0.0167324 -0.0241775 -0.0211455 -0.0158764 -0.0137789 0.0424287 0.0392748 0.0445967 
0.434083 0.534682 0.489709 0.516039 0.468206 0.510996 -0.057398 -0.138914 -0.0648586 -0.0969765 -0.0641692 -0.0977558 0.0151068 0.0259084 0.0227851 
0.476243 0.30182 0.243054 0.277525 0.374442 0.386706 -0.0811976 -0.0270713 -0.017475 -0.0238244 -0.0452113 -0.0488404 0.00645519 0.00924211 0.00296088 
1.08748e-34 0.146105 0.197718 0.172422 0.105036 0.0761938 7.21441e-35 9.64823e-06 6.80676e-06 8.24425e-06 1.87207e-06 2.66334e-06 0.0147166 0.0154383 0.013937 
1.06123e-34 0.197718 0.146124 0.17243 0.0762085 0.105042 6.50206e-35 6.80676e-06 2.49582e-06 2.0771e-06 1.17576e-06 2.81513e-06 0.0132638 0.013937 0.012534 
1.08409e-34 0.145675 0.197395 0.172053 0.104752 0.0759014 9.88912e-35 9.87142e-05 8.89017e-05 9.60011e-05 2.65056e-05 2.79004e-05 0.0201651 0.0207564 0.0195173 
1.05912e-34 0.197395 0.145974 0.172199 0.0760849 0.104824 9.26946e-35 8.89017e-05 3.27027e-05 3.76973e-05 1.31226e-05 3.12969e-05 0.0189046 0.0195173 0.018243 
1.06754e-34 0.143851 0.195674 0.170218 0.103134 0.0743669 1.11378e-34 0.000242361 0.000407028 0.000325629 0.000118139 7.98681e-05 0.0226901 0.022517 0.0228627 
1.04661e-34 0.195674 0.144874 0.170741 0.0751805 0.103465 1.11347e-34 0.000407028 0.000213379 0.00019935 7.88711e-05 0.000153579 0.0226886 0.0228627 0.0225032 
0.306336 0.146124 0.197718 0.17243 0.255037 0.23222 5.72924e-06 2.49582e-06 6.80676e-06 2.0771e-06 7.60439e-06 4.28818e-06 0.0124813 0.012534 0.013937 
0.305975 0.145974 0.197395 0.172199 0.254683 0.231933 0.00010261 3.27027e-05 8.89017e-05 3.76973e-05 0.000110823 6.72665e-05 0.0182281 0.018243 0.0195173 
0.330428 0.197718 0.146105 0.172422 0.246644 0.26884 2.80146e-05 6.80676e-06 9.64823e-06 8.24425e-06 1.90238e-05 1.50397e-05 0.015252 0.013937 0.0154383 
0.304555 0.144874 0.195674 0.170741 0.253048 0.230538 0.000645252 0.000213379 0.000407028 0.00019935 0.000577647 0.000428735 0.0227123 0.0225032 0.0228627 
0.329797 0.197395 0.145675 0.172053 0.246042 0.268372 0.00033664 8.89017e-05 9.87142e-05 9.60011e-05 0.000216664 0.000191502 0.020716 0.0195173 0.0207564 
0.327945 0.195674 0.143851 0.170218 0.243897 0.266314 0.000363566 0.000407028 0.000242361 0.000325629 0.000333704 0.000495132 0.0232079 0.0228627 0.022517 
6.53515e-34 0.828095 0.640406 0.742428 0.361636 0.501977 4.83129e-34 -0.00326141 -0.000897434 -0.000820465 -0.00109768 -0.000522182 -0.101928 -0.100992 -0.0903103 
0.489991 0.481107 0.534682 0.51515 0.522725 0.486495 -0.174981 -0.125126 -0.138914 -0.136149 -0.158607 -0.148732 0.0338686 0.0377302 0.0259084 
0.331098 0.198465 0.147148 0.17331 0.2475 0.269553 7.68501e-06 7.59292e-06 2.74764e-06 2.66544e-06 5.4321e-06 7.94978e-06 0.0128664 0.014245 0.0127 
1.09868e-34 0.147148 0.198465 0.17331 0.105481 0.0767784 -6.63764e-35 2.74764e-06 7.59292e-06 2.66544e-06 2.61278e-06 7.42181e-07 0.0134417 0.0127 0.014245 
0.310301 0.158027 0.207474 0.183353 0.261863 0.239914 0.000146559 0.000123683 0.000346214 0.000238653 0.000349048 0.000160013 0.0314587 0.0324772 0.0291587 
7.98772e-35 0.169608 2.03714e-34 0.0891833 -3.43577e-35 0.0891833 -6.85786e-40 8.07703e-08 -7.35617e-36 1.05756e-07 -7.35751e-36 2.11963e-07 3.13802e-07 0.000959316 0.00148964 
1.671e-34 0.243054 0.30182 0.277525 0.165135 0.116654 1.50047e-35 -0.017475 -0.0270713 -0.0238244 -0.00762904 -0.00371666 0.00489205 0.00296088 0.00924211 
0.407802 0.538517 0.19181 0.337392 0.286747 0.440516 -0.323992 -0.307425 -0.204967 -0.262184 -0.286958 -0.323927 -0.0403725 -0.138559 -0.127692 
1.19462e-34 0.207474 0.158027 0.183353 0.0834116 0.111415 -1.52183e-34 0.000346214 0.000123683 0.000238653 6.0127e-05 0.000129811 0.0308441 0.0291587 0.0324772 
8.19016e-35 2.03414e-34 0.180926 0.0955233 0.0955233 -4.68225e-35 5.85877e-40 7.24305e-36 -3.12278e-08 -5.14317e-08 -1.78546e-07 7.24416e-36 2.64324e-07 0.00147758 0.000919321 
0.331653 0.199169 0.146453 0.173333 0.247551 0.270197 0.000137591 9.78952e-05 3.60972e-05 4.56382e-05 8.5646e-05 0.00012361 0.0189886 0.0205569 0.01887 
0.432161 0.338038 0.416547 0.381073 0.425753 0.389534 -0.0375709 -0.0241775 -0.0167324 -0.0211455 -0.0255234 -0.0317377 0.0416005 0.0445967 0.0392748 
1.10856e-34 0.202068 0.152937 0.177971 0.0799494 0.107537 5.06474e-35 1.85034e-06 7.22035e-07 4.4653e-07 3.79339e-07 8.7998e-07 0.010332 0.0110627 0.00965905 
1.09809e-34 0.146453 0.199169 0.173333 0.105916 0.0764409 -9.7169e-35 3.60972e-05 9.78952e-05 4.56382e-05 3.15577e-05 1.0822e-05 0.0196824 0.01887 0.0205569 
1.1338e-34 0.151535 0.202072 0.177279 0.107667 0.0793242 -1.1485e-34 0.000104692 0.000258358 0.000119175 8.7756e-05 3.8508e-05 0.0232733 0.0222995 0.0242587 
1.1006e-34 0.146124 0.202068 0.174698 0.107535 0.0762098 5.78494e-35 2.49582e-06 1.85034e-06 1.79588e-06 5.66131e-07 8.44876e-07 0.0118011 0.012534 0.0110627 
1.08553e-34 0.202072 0.14212 0.172795 0.0742237 0.107874 -1.25315e-34 0.000258358 0.000205136 0.000203704 7.2157e-05 8.93904e-05 0.0253975 0.0242587 0.0265491 
1.09886e-34 0.149406 0.197969 0.174137 0.105206 0.0780269 -8.14344e-35 1.0151e-05 3.1297e-05 1.07154e-05 1.02355e-05 3.95936e-06 0.0164921 0.0157198 0.0172638 
1.07214e-34 0.197328 0.146105 0.172219 0.0761879 0.10481 7.91792e-35 2.76228e-05 9.64823e-06 9.42084e-06 3.89882e-06 1.01713e-05 0.016151 0.0168651 0.0154383 
1.07159e-34 0.145974 0.197328 0.172157 0.104788 0.0761077 8.60661e-35 3.27027e-05 2.76228e-05 2.78935e-05 9.2296e-06 1.06513e-05 0.0175547 0.018243 0.0168651 
1.06638e-34 0.196462 0.145675 0.17157 0.0758319 0.104208 1.04381e-34 0.000243573 9.87142e-05 0.000105377 3.62092e-05 8.46764e-05 0.0212792 0.0218038 0.0207564 
1.06317e-34 0.144874 0.196462 0.171165 0.104012 0.0753324 1.08711e-34 0.000213379 0.000243573 0.000211671 8.12507e-05 7.273e-05 0.0221556 0.0225032 0.0218038 
1.04904e-34 0.195443 0.143851 0.169711 0.0742528 0.102336 1.08084e-34 -0.000117591 0.000242361 -7.74403e-05 7.48838e-05 5.36069e-05 0.0220449 0.0215838 0.022517 
1.08867e-34 0.197969 0.146453 0.172713 0.0764171 0.10523 -8.91723e-35 3.1297e-05 3.60972e-05 3.02255e-05 1.10323e-05 9.4831e-06 0.0180603 0.0172638 0.01887 
1.03887e-34 0.142966 0.195443 0.169461 0.102367 0.0727523 1.00256e-34 -0.000736477 -0.000117591 -0.000559558 -3.70963e-05 -0.000137517 0.0204846 0.0195535 0.0215838 
1.07412e-34 0.144314 0.197707 0.171553 0.105044 0.0752254 -5.15475e-35 7.30373e-07 2.12367e-06 3.08102e-07 6.85959e-07 1.67991e-07 0.0104385 0.00969066 0.0111864 
1.09083e-34 0.197707 0.147148 0.172915 0.076777 0.105046 -5.89482e-35 2.12367e-06 2.74764e-06 1.97048e-06 9.52601e-07 6.17614e-07 0.0119372 0.0111864 0.0127 
0.362519 0.475914 0.416547 0.450903 0.392232 0.431163 -0.0061028 -0.0119462 -0.0167324 -0.0143149 -0.0106773 -0.0091204 0.0375092 0.0338849 0.0392748 
0.498847 0.497477 0.466274 0.486326 0.494394 0.499931 3.14897e-07 2.17406e-07 3.07726e-07 4.37151e-07 2.79487e-07 2.06429e-07 0.00690755 0.0060292 0.0067231 
8.19016e-35 0.180926 0.244899 0.213806 0.132656 0.0955233 5.85877e-40 -3.12278e-08 -3.35219e-08 -6.28073e-08 -2.34892e-07 -1.78546e-07 2.64324e-07 0.000919321 -3.68375e-08 
0.260844 0.393789 0.265149 0.335013 0.267862 0.330564 -0.0645376 -0.1324 -0.133869 -0.136873 -0.0981976 -0.100474 0.047038 0.0438179 0.0382305 
7.98772e-35 0.244899 0.169608 0.208469 0.0891833 0.132657 -6.85786e-40 6.4689e-08 8.07703e-08 1.13184e-07 2.11963e-07 2.42991e-07 3.13802e-07 -3.75876e-08 0.000959316 
0.355546 0.477867 0.434171 0.458924 0.398672 0.430082 3.0581e-07 1.96176e-07 4.18598e-07 2.77736e-07 3.84677e-07 2.52738e-07 0.00583143 0.00596112 0.00714465 
1.7386e-34 0.30182 0.235643 0.265385 0.124851 0.149712 4.41704e-35 -0.0270713 -0.0128265 -0.0193456 -0.00388509 -0.00569209 0.0107993 0.00924211 0.0123816 
0.362519 0.226724 0.394631 0.320677 0.379511 0.301491 -0.0061028 -0.00053169 -0.00214179 -0.00150497 -0.00374352 -0.00259961 0.0375092 0.0354203 0.0335083 
0.310301 0.394631 0.226724 0.320677 0.270626 0.355941 0.000146559 -0.00214179 -0.00053169 -0.00150497 -0.00018824 -0.000781285 0.0314587 0.0335083 0.0354203 
0.499594 0.502193 0.487028 0.500874 0.495279 0.501609 -0.0272729 -0.0462558 -0.0538879 -0.0505148 -0.0383945 -0.0358621 0.0322345 0.0295939 0.0368488 
2.27694e-34 1.14387e-34 0.187102 0.0990107 0.0990106 -5.46268e-35 -3.67963e-35 -2.94316e-35 2.15581e-07 1.1448e-07 3.30803e-07 -6.62278e-35 0.00745133 0.00595992 0.00639932 
0.499653 0.497477 0.477867 0.497569 0.492998 0.499747 1.54425e-07 2.17406e-07 1.96176e-07 2.35145e-07 1.97521e-07 2.56338e-07 0.00483517 0.0060292 0.00596112 
0.498847 0.477867 0.497477 0.497569 0.499931 0.491654 3.14897e-07 1.96176e-07 2.17406e-07 2.35145e-07 2.06429e-07 3.44801e-07 0.00690755 0.00596112 0.0060292 
0.489794 0.489794 0.499997 0.497484 0.497409 0.499998 -9.23957e-09 -1.28179e-08 4.14522e-09 -2.82544e-08 -2.68875e-08 -1.13657e-07 -6.12559e-09 3.92834e-09 0.000957839 
0.310301 0.226724 0.158027 0.193763 0.239914 0.270626 0.000146559 -0.00053169 0.000123683 -0.000239745 0.000160013 -0.00018824 0.0314587 0.0354203 0.0324772 
1.24131e-34 0.158027 0.226724 0.193763 0.123322 0.0834385 -1.6976e-34 0.000123683 -0.00053169 -0.000239745 -8.40609e-05 5.83715e-05 0.0343548 0.0324772 0.0354203 
0.356816 0.47272 0.427562 0.452844 0.395173 0.426135 3.39647e-07 1.98856e-07 1.95993e-07 2.13896e-07 3.02677e-07 2.66993e-07 0.00555397 0.00531145 0.00427754 
4.53e-34 0.772713 0.623769 0.702911 0.349436 0.455169 3.42988e-34 -0.000501243 -0.000215651 -0.000125096 -0.000130666 -0.00032198 -0.0720624 -0.0775847 -0.0680162 
0.998573 0.772713 0.996675 0.928302 0.997603 0.933825 -0.000399238 -0.000501243 -0.00078993 -0.00071883 -0.00083239 -0.000549038 -0.0677569 -0.0775847 -0.076908 
0.98841 0.996675 0.772713 0.928302 0.914491 0.993374 -0.00166146 -0.00078993 -0.000501243 -0.00071883 -0.0012969 -0.000541316 -0.0860392 -0.076908 -0.0775847 
0.480673 0.394631 0.439757 0.419052 0.463261 0.446104 -0.00269807 -0.00214179 7.94552e-05 -0.000844698 -0.000893974 -0.00258557 0.0303713 0.0335083 0.0294914 
0.310301 0.439757 0.394631 0.419052 0.355941 0.384203 0.000146559 7.94552e-05 -0.00214179 -0.000844698 -0.000781285 2.05758e-05 0.0314587 0.0294914 0.0335083 
1.00691e-33 4.3108e-34 0.19181 0.0380184 0.106924 1.16234e-33 3.36617e-34 -6.77319e-35 -0.204967 -0.0210672 -0.0776331 1.89738e-34 -0.21469 -0.0914784 -0.127692 
0.331098 0.361366 0.198465 0.287729 0.269553 0.346604 7.68501e-06 2.14285e-05 7.59292e-06 1.15794e-05 7.94978e-06 1.4109e-05 0.0128664 0.0144634 0.014245 
0.331653 0.362289 0.199169 0.288597 0.270197 0.34734 0.000137591 0.000300844 9.78952e-05 0.000172551 0.00012361 0.000215819 0.0189886 0.0207122 0.0205569 
0.407802 0.59862 0.695724 0.641625 0.55438 0.532487 -0.323992 -0.286948 -0.315998 -0.309305 -0.333613 -0.322462 -0.0403725 -0.000287871 -0.0522591 
1.24131e-34 1.19462e-34 0.158027 0.0834116 0.0834385 -1.81345e-35 -1.6976e-34 -1.52183e-34 0.000123683 6.0127e-05 5.83715e-05 -3.21683e-34 0.0343548 0.0308441 0.0324772 
0.98841 0.640406 0.828095 0.742428 0.932281 0.875754 -0.00166146 -0.000897434 -0.00326141 -0.000820465 -0.00266986 -0.00150374 -0.0860392 -0.0903103 -0.100992 
0.327945 0.357587 0.195674 0.284151 0.266314 0.342918 0.000363566 0.000825237 0.000407028 0.00062672 0.000495132 0.000562626 0.0232079 0.0233652 0.0228627 
0.329797 0.359266 0.197395 0.285978 0.268372 0.344885 0.00033664 0.00022504 8.89017e-05 0.000158341 0.000191502 0.000260804 0.020716 0.0193792 0.0195173 
0.330428 0.359632 0.197718 0.286344 0.26884 0.345376 2.80146e-05 1.4418e-05 6.80676e-06 1.07592e-05 1.50397e-05 1.80417e-05 0.015252 0.0136964 0.013937 
1.08466e-34 0.152937 0.202111 0.177994 0.107563 0.0799496 4.343e-35 7.22035e-07 5.60889e-07 4.6376e-07 1.4894e-07 2.65837e-07 0.00885966 0.00965905 0.00839766 
1.08466e-34 1.10856e-34 0.152937 0.0799494 0.0799496 -1.73198e-35 4.343e-35 5.06474e-35 7.22035e-07 3.79339e-07 2.65837e-07 9.40778e-35 0.00885966 0.010332 0.00965905 
0.306606 0.202111 0.152937 0.177994 0.235348 0.257169 1.41534e-06 5.60889e-07 7.22035e-07 4.6376e-07 1.05748e-06 7.74242e-07 0.0096421 0.00839766 0.00965905 
1.1338e-34 1.1049e-34 0.151535 0.0792494 0.0793242 -1.52797e-35 -1.1485e-34 -1.05648e-34 0.000104692 3.67022e-05 3.8508e-05 -2.20532e-34 0.0232733 0.021403 0.0222995 
3.24618e-34 4.06872e-34 0.392082 0.21047 0.191986 -4.48761e-35 -1.31894e-34 -2.30707e-34 -0.0250328 -0.00754469 -0.00431139 -3.17149e-34 -0.0221769 -0.0436868 -0.0301427 
1.671e-34 2.74699e-34 0.243054 0.133468 0.116654 -2.90551e-35 1.50047e-35 -3.6931e-35 -0.017475 -0.00576071 -0.00371666 1.3493e-35 0.00489205 -0.00310018 0.00296088 
1.09886e-34 1.0903e-34 0.149406 0.0780203 0.0780269 -1.40604e-35 -8.14344e-35 -7.38612e-35 1.0151e-05 3.747e-06 3.95936e-06 -1.55296e-34 0.0164921 0.0149577 0.0157198 
1.08748e-34 1.07214e-34 0.146105 0.0761879 0.0761938 -1.11395e-35 7.21441e-35 7.91792e-35 9.64823e-06 3.89882e-06 2.66334e-06 1.51323e-34 0.0147166 0.016151 0.0154383 
1.1006e-34 1.06123e-34 0.146124 0.0762085 0.0762098 -1.11054e-35 5.78494e-35 6.50206e-35 2.49582e-06 1.17576e-06 8.44876e-07 1.22871e-34 0.0118011 0.0132638 0.012534 
1.08409e-34 1.06638e-34 0.145675 0.0758319 0.0759014 -1.14533e-35 9.88912e-35 1.04381e-34 9.87142e-05 3.62092e-05 2.79004e-05 2.03242e-34 0.0201651 0.0212792 0.0207564 
1.07159e-34 1.05912e-34 0.145974 0.0760849 0.0761077 -1.11973e-35 8.60661e-35 9.26946e-35 3.27027e-05 1.31226e-05 1.06513e-05 1.78754e-34 0.0175547 0.0189046 0.018243 
1.06754e-34 1.04904e-34 0.143851 0.0742528 0.0743669 -1.33359e-35 1.11378e-34 1.08084e-34 0.000242361 7.48838e-05 7.98681e-05 2.19654e-34 0.0226901 0.0220449 0.022517 
1.06317e-34 1.04661e-34 0.144874 0.0751805 0.0753324 -1.20409e-35 1.08711e-34 1.11347e-34 0.000213379 7.88711e-05 7.273e-05 2.20019e-34 0.0221556 0.0226886 0.0225032 
0.727542 0.695724 0.59862 0.641625 0.670251 0.731719 -0.238388 -0.315998 -0.286948 -0.309305 -0.274015 -0.288681 -0.0137484 -0.0522591 -0.000287871 
1.07412e-34 9.92478e-35 0.144314 0.0752253 0.0752254 -9.54857e-36 -5.15475e-35 -4.41672e-35 7.30373e-07 3.94837e-07 1.67991e-07 -9.57142e-35 0.0104385 0.00894393 0.00969066 
1.09868e-34 1.09083e-34 0.147148 0.076777 0.0767784 -1.20587e-35 -6.63764e-35 -5.89482e-35 2.74764e-06 9.52601e-07 7.42181e-07 -1.25324e-34 0.0134417 0.0119372 0.0127 
1.03887e-34 9.90526e-35 0.142966 0.0736382 0.0727523 -1.26705e-35 1.00256e-34 8.88359e-35 -0.000736477 -0.000274248 -0.000137517 1.90473e-34 0.0204846 0.0182924 0.0195535 
1.09809e-34 1.08867e-34 0.146453 0.0764171 0.0764409 -1.11954e-35 -9.7169e-35 -8.91723e-35 3.60972e-05 1.10323e-05 1.0822e-05 -1.86351e-34 0.0196824 0.0180603 0.01887 
1.11805e-34 1.08553e-34 0.14212 0.0742237 0.0743573 -5.55381e-36 -1.37405e-34 -1.25315e-34 0.000205136 7.2157e-05 6.3582e-05 -2.62765e-34 0.02785 0.0253975 0.0265491 
0.460787 0.475676 0.496611 0.488343 0.483393 0.46842 -0.000764951 -0.00574731 -0.00249885 -0.00393964 -0.00165062 -0.0024613 0.0250385 0.0258583 0.0271205 
0.848326 0.695724 0.829579 0.790533 0.852881 0.763727 -0.230757 -0.315998 -0.200904 -0.266313 -0.23216 -0.289178 -0.111937 -0.0522591 -0.0398787 
9.31486e-35 1.70638e-35 0.000136416 0.000998403 6.59967e-05 1.09002e-34 2.40976e-36 5.68297e-36 0.00159001 0.0120003 0.00439737 2.11781e-35 -0.0226589 -0.00432192 -0.0116073 
0.998807 0.998931 0.828095 0.948467 0.957142 0.999075 -0.0100055 -0.00398364 -0.00326141 -0.00439264 -0.00757435 -0.00401805 -0.102224 -0.0941866 -0.100992 
0.98841 0.828095 0.998931 0.948467 0.995574 0.932281 -0.00166146 -0.00326141 -0.00398364 -0.00439264 -0.00378554 -0.00266986 -0.0860392 -0.100992 -0.0941866 
2.72645e-34 0.437563 0.75 0.609436 0.4375 0.234434 1.15391e-34 -5.16936e-05 -1.27999e-37 -5.39204e-05 -7.9742e-38 -5.00411e-05 -0.0484747 -0.0541995 -0.0484029 
0.304934 0.354042 0.207474 0.287158 0.258768 0.330436 0.00062091 0.000764703 0.000346214 0.000503284 0.000539734 0.000731382 0.0264595 0.0281708 0.0291587 
9.90526e-35 0.206291 0.142966 0.174196 0.0736382 0.10641 8.88359e-35 -0.00351555 -0.000736477 -0.00204899 -0.000274248 -0.000942257 0.0182924 0.0178114 0.0195535 
0.307313 0.142966 0.206291 0.174196 0.259681 0.230939 -0.00464776 -0.000736477 -0.00351555 -0.00204899 -0.00463362 -0.00244273 0.0204727 0.0195535 0.0178114 
0.727542 0.829579 0.695724 0.790533 0.731719 0.782165 -0.238388 -0.200904 -0.315998 -0.266313 -0.288681 -0.222738 -0.0137484 -0.0398787 -0.0522591 
0.50021 0.496611 0.475676 0.488343 0.494715 0.499383 -0.00679277 -0.00249885 -0.00574731 -0.00393964 -0.00648567 -0.00436578 0.029099 0.0271205 0.0258583 
0.305108 0.144314 0.196295 0.170818 0.253706 0.230713 1.438e-06 7.30373e-07 5.24438e-07 5.09846e-07 6.06749e-07 1.04261e-06 0.00977681 0.00969066 0.00853021 
9.92478e-35 0.196295 0.144314 0.170818 0.0752253 0.104237 -4.41672e-35 5.24438e-07 7.30373e-07 5.09846e-07 3.94837e-07 2.80634e-07 0.00894393 0.00853021 0.00969066 
0.115013 0.0656005 0.0212062 0.0403303 0.058911 0.0924411 -0.0476251 -0.0623607 -0.0169421 -0.0367639 -0.0327753 -0.0579406 0.0334942 0.0113706 0.0134549 
0.848326 0.538517 0.695724 0.624053 0.763727 0.728648 -0.230757 -0.307425 -0.315998 -0.329198 -0.289178 -0.279377 -0.111937 -0.138559 -0.0522591 
8.20489e-35 0.151581 0.11904 0.136957 0.0658642 0.0770008 -2.31557e-34 -0.0128998 -0.0181114 -0.0159539 -0.0053456 -0.00388575 0.0455561 0.0461743 0.0432323 
1.00691e-33 0.19181 0.538517 0.337392 0.353719 0.106924 3.36617e-34 -0.204967 -0.307425 -0.262184 -0.22055 -0.0776331 -0.21469 -0.127692 -0.138559 
0.283154 0.195157 0.338038 0.271927 0.31266 0.243851 -0.03335 -0.00883553 -0.0241775 -0.0167965 -0.0289553 -0.0196159 0.0472739 0.0454515 0.0445967 
0.306336 0.197718 0.359632 0.286344 0.334055 0.255037 5.72924e-06 6.80676e-06 1.4418e-05 1.07592e-05 9.67662e-06 7.60439e-06 0.0124813 0.013937 0.0136964 
0.284969 0.338038 0.195157 0.271927 0.241781 0.314006 -0.00947556 -0.0241775 -0.00883553 -0.0167965 -0.00976776 -0.0158764 0.0424287 0.0445967 0.0454515 
0.305975 0.197395 0.359266 0.285978 0.333699 0.254683 0.00010261 8.89017e-05 0.00022504 0.000158341 0.000159202 0.000110823 0.0182281 0.0195173 0.0193792 
0.304555 0.195674 0.357587 0.284151 0.332092 0.253048 0.000645252 0.000407028 0.000825237 0.00062672 0.000795675 0.000577647 0.0227123 0.0228627 0.0233652 
0.308974 0.199169 0.362289 0.288597 0.336705 0.25714 0.000343823 9.78952e-05 0.000300844 0.000172551 0.000339626 0.000187983 0.0222415 0.0205569 0.0207122 
0.30751 0.198465 0.361366 0.287729 0.335538 0.256031 3.04787e-05 7.59292e-06 2.14285e-05 1.15794e-05 2.72507e-05 1.48994e-05 0.0157449 0.014245 0.0144634 
0.461218 0.467023 0.495245 0.484306 0.482324 0.464181 5.82171e-05 0.000118286 8.5877e-05 0.000105132 6.97575e-05 8.71697e-05 0.0155123 0.0169035 0.0160028 
0.445087 0.439757 0.354042 0.401685 0.404945 0.442585 0.000825852 7.94552e-05 0.000764703 0.000663504 0.000790176 0.000406484 0.0276446 0.0294914 0.0281708 
0.499995 0.495245 0.467023 0.484306 0.49163 0.498769 0.0001401 8.5877e-05 0.000118286 0.000105132 0.000136498 0.000108828 0.0170016 0.0160028 0.0169035 
0.458763 0.497008 0.475676 0.488293 0.466901 0.483238 -0.0153236 -0.0135838 -0.00574731 -0.00891646 -0.00991868 -0.0142477 0.0241135 0.0283735 0.0258583 
1.1444e-34 0.1927 0.198954 0.195835 0.105755 0.102186 2.89658e-35 2.54248e-07 1.68189e-07 1.83484e-07 7.54846e-08 5.30445e-08 0.005909 0.00626052 0.00527889 
0.460708 0.466386 0.49502 0.48387 0.481909 0.463607 0.000656766 0.00096714 0.000862532 0.000959534 0.000748878 0.000839363 0.0211711 0.0224023 0.0218064 
0.50021 0.475676 0.497008 0.488293 0.499525 0.494715 -0.00679277 -0.00574731 -0.0135838 -0.00891646 -0.00985787 -0.00648567 0.029099 0.0258583 0.0283735 
0.499975 0.49502 0.466386 0.48387 0.491229 0.498677 0.00110313 0.000862532 0.00096714 0.000959534 0.00109847 0.000972611 0.0229458 0.0218064 0.0224023 
1.14387e-34 0.204654 0.187102 0.195942 0.0990107 0.109026 -2.94316e-35 1.38082e-07 2.15581e-07 1.8615e-07 1.1448e-07 5.67201e-08 0.00595992 0.00544039 0.00639932 
0.499997 0.491754 0.495764 0.499832 0.498957 0.497913 1.20628e-06 7.06995e-07 5.57684e-07 3.82491e-07 8.75951e-07 1.04478e-06 0.00912276 0.00798364 0.00804524 
0.453628 0.468695 0.495088 0.484746 0.479634 0.46153 1.41388e-06 4.14887e-06 2.42938e-06 3.52035e-06 1.65139e-06 2.9806e-06 0.0095002 0.0109666 0.0100999 
0.499997 0.495088 0.468695 0.484746 0.492105 0.498745 4.89753e-06 2.42938e-06 4.14887e-06 3.52035e-06 5.13269e-06 3.23632e-06 0.0110863 0.0100999 0.0109666 
0.848326 0.829579 0.929931 0.883813 0.909342 0.852881 -0.230757 -0.200904 -0.132601 -0.17671 -0.188135 -0.23216 -0.111937 -0.0398787 -0.0829443 
0.499997 0.495371 0.467649 0.484638 0.491979 0.498866 4.89753e-06 9.22956e-06 4.87928e-06 6.5708e-06 4.33119e-06 7.09469e-06 0.0110863 0.0120721 0.0111749 
0.461674 0.467649 0.495371 0.484638 0.482602 0.464725 1.14515e-05 4.87928e-06 9.22956e-06 6.5708e-06 1.1153e-05 6.76747e-06 0.0125834 0.0111749 0.0120721 
0.314711 0.202111 0.357886 0.287123 0.337013 0.261737 4.58672e-07 5.60889e-07 8.43476e-07 5.26987e-07 8.19642e-07 3.40708e-07 0.00717617 0.00839766 0.00844207 
0.306606 0.357886 0.202111 0.287123 0.257169 0.333232 1.41534e-06 8.43476e-07 5.60889e-07 5.26987e-07 7.74242e-07 1.24051e-06 0.0096421 0.00844207 0.00839766 
0.476243 0.62809 0.527458 0.575459 0.509606 0.566903 -0.0811976 -0.173199 -0.11301 -0.141524 -0.0997609 -0.124701 0.00645519 0.00558239 0.0133813 
0.39944 0.528898 0.59862 0.55991 0.49041 0.475697 -0.245411 -0.235072 -0.286948 -0.259984 -0.280751 -0.246457 0.0225231 0.0217198 -0.000287871 
0.499995 0.495448 0.469795 0.485456 0.492562 0.498899 0.0001401 0.000211459 0.000131083 0.000167562 0.000133749 0.000176151 0.0170016 0.0180092 0.0171866 
0.462072 0.469795 0.495448 0.485456 0.482812 0.466043 0.000231624 0.000131083 0.000211459 0.000167562 0.000230386 0.000169194 0.0185946 0.0171866 0.0180092 
0.592749 0.527458 0.62809 0.575459 0.615139 0.573333 -0.199006 -0.11301 -0.173199 -0.141524 -0.191467 -0.154583 0.0161718 0.0133813 0.00558239 
0.407802 0.695724 0.538517 0.624053 0.440516 0.55438 -0.323992 -0.315998 -0.307425 -0.329198 -0.323927 -0.333613 -0.0403725 -0.0522591 -0.138559 
0.499975 0.498749 0.471576 0.489633 0.493178 0.499699 0.00110313 0.00126288 0.00104001 0.001185 0.00104578 0.00122835 0.0229458 0.0241197 0.0235949 
0.592749 0.59862 0.528898 0.55991 0.571317 0.604975 -0.199006 -0.286948 -0.235072 -0.259984 -0.222863 -0.244594 0.0161718 -0.000287871 0.0217198 
0.341331 0.366389 0.206291 0.293491 0.27445 0.35266 -0.0211782 -0.0148422 -0.00351555 -0.00876487 -0.0103677 -0.0180854 0.0161921 0.0196971 0.0178114 
0.454225 0.471576 0.498749 0.489633 0.484434 0.463476 0.00112653 0.00104001 0.00126288 0.001185 0.00130548 0.00109496 0.0256823 0.0235949 0.0241197 
0.755911 0.929931 0.829579 0.883813 0.819562 0.860061 -0.102774 -0.132601 -0.200904 -0.17671 -0.148063 -0.126765 -0.0348974 -0.0829443 -0.0398787 
0.416671 0.481107 0.393789 0.445053 0.409728 0.450668 -0.0707159 -0.125126 -0.1324 -0.131082 -0.0989036 -0.0968884 0.0450767 0.0377302 0.0438179 
0.489991 0.393789 0.481107 0.445053 0.486495 0.442212 -0.174981 -0.1324 -0.125126 -0.131082 -0.148732 -0.157077 0.0338686 0.0438179 0.0377302 
0.289197 0.342828 0.196295 0.275541 0.24486 0.316995 3.34278e-07 9.05802e-07 5.24438e-07 4.9781e-07 3.40799e-07 5.28877e-07 0.00731365 0.00836713 0.00853021 
0.014204 0.0212062 0.0656005 0.0403303 0.0352015 0.0194345 -0.0232271 -0.0169421 -0.0623607 -0.0367639 -0.0422371 -0.0219215 -9.37968e-05 0.0134549 0.0113706 
0.307313 0.206291 0.366389 0.293491 0.336749 0.259681 -0.00464776 -0.00351555 -0.0148422 -0.00876487 -0.00862175 -0.00463362 0.0204727 0.0178114 0.0196971 
0.305108 0.196295 0.342828 0.275541 0.324475 0.253706 1.438e-06 5.24438e-07 9.05802e-07 4.9781e-07 1.26607e-06 6.06749e-07 0.00977681 0.00853021 0.00836713 
0.466274 0.497477 0.47272 0.488402 0.469582 0.486326 3.07726e-07 2.17406e-07 1.98856e-07 2.37849e-07 1.40309e-07 4.37151e-07 0.0067231 0.0060292 0.00531145 
0.503936 0.487028 0.502193 0.500874 0.505704 0.495876 -0.0835133 -0.0538879 -0.0462558 -0.0505148 -0.0622395 -0.0677065 0.0337351 0.0368488 0.0295939 
0.499926 0.491975 0.493207 0.500058 0.498816 0.497383 -0.000261237 0.000907901 0.000930588 0.000918287 0.000583771 0.000467928 0.0271679 0.0265925 0.0252755 
0.49999 0.493808 0.493615 0.499998 0.498294 0.498563 0.00065749 0.000460629 0.000456787 0.000455842 0.000559599 0.0005649 0.0209465 0.0200067 0.0198869 
0.499996 0.493653 0.49373 0.499998 0.498382 0.498461 5.30468e-05 3.03104e-05 2.99304e-05 2.94902e-05 4.08749e-05 4.14048e-05 0.0150353 0.0140406 0.0140337 
0.499653 0.47272 0.497477 0.488402 0.499747 0.494625 1.54425e-07 1.98856e-07 2.17406e-07 2.37849e-07 2.56338e-07 2.24984e-07 0.00483517 0.00531145 0.0060292 
0.498847 0.495764 0.491754 0.499832 0.496109 0.499755 3.14897e-07 5.57684e-07 7.06995e-07 3.82491e-07 3.84893e-07 2.90239e-07 0.00690755 0.00804524 0.00798364 
0.499998 0.49373 0.493653 0.499998 0.498397 0.498446 1.70405e-05 2.99304e-05 3.03104e-05 2.94902e-05 2.21705e-05 2.21249e-05 0.0130544 0.0140337 0.0140406 
0.499999 0.493615 0.493808 0.499998 0.498459 0.498391 0.000319792 0.000456787 0.000460629 0.000455842 0.00037987 0.000379354 0.0189657 0.0198869 0.0200067 
0.50003 0.493207 0.491975 0.500058 0.498176 0.498157 0.00126266 0.000930588 0.000907901 0.000918287 0.00114675 0.00113207 0.0248872 0.0252755 0.0265925 
1.70638e-35 -0.00391208 0.000136416 -0.00171046 0.000998403 -0.00155213 5.68297e-36 0.00217768 0.00159001 0.0042392 0.0120003 0.00665995 -0.00432192 -0.000697323 -0.0116073 
0.014204 0.000136416 -0.00391208 -0.00171046 -0.000522766 0.00171283 -0.0232271 0.00159001 0.00217768 0.0042392 -0.00461582 -0.00955328 -9.37968e-05 -0.0116073 -0.000697323 
9.31486e-35 0.000136416 0.0167533 0.007851 -0.00225718 6.59967e-05 2.40976e-36 0.00159001 -0.0461076 -0.0187431 0.0244627 0.00439737 -0.0226589 -0.0116073 -0.0182508 
0.014204 0.0167533 0.000136416 0.007851 0.00171283 0.0172254 -0.0232271 -0.0461076 0.00159001 -0.0187431 -0.00955328 -0.0322747 -9.37968e-05 -0.0182508 -0.0116073 
