0.501212 0.855291 7.92152e-34 0.59356 0.27299 0.714407 -0.0667926 -0.0455337 2.96288e-34 -0.050284 -0.0367703 -0.0673 -0.121206 -0.106254 -0.132869 
-0.0238914 0.0574766 0.367293 0.187427 0.156344 0.00785492 -0.147251 -0.15196 -0.267836 -0.2189 -0.217545 -0.161571 -0.0745009 -0.00491194 -0.0182653 
0.500003 0.461612 0.495358 0.495913 0.498861 0.490347 -6.80276e-05 -7.29581e-06 -2.09716e-05 -1.2997e-05 -5.15886e-05 -4.86498e-05 0.011029 0.0124791 0.0119832 
0.500002 0.460213 0.495797 0.495478 0.499037 0.489821 0.00184551 0.0031134 0.00288889 0.00312737 0.00232257 0.00244923 0.0169099 0.0185304 0.0178058 
0.500003 0.450464 0.501019 0.490228 0.500732 0.48571 0.0148092 0.0170403 0.0164608 0.017052 0.0159497 0.0163334 0.0227532 0.021139 0.023989 
0.389588 0.369751 0.581506 0.488381 0.518269 0.376466 -0.21502 -0.141906 -0.153121 -0.163006 -0.194555 -0.179926 0.0250257 0.0446765 0.0219895 
0.383085 0.306706 0.202208 0.257269 0.303034 0.347285 -5.56085e-05 -4.03087e-05 -2.29121e-05 -3.42817e-05 -3.7625e-05 -4.64398e-05 0.0110843 0.00965739 0.0111218 
0.507648 0.455488 0.499814 0.484594 0.50449 0.495273 0.000382452 -0.000666125 0.0111876 0.00628052 0.00676516 -0.00197136 0.0259607 0.0357602 0.0275994 
0.926105 0.855291 0.501212 0.714407 0.776998 0.893572 -0.0919757 -0.0455337 -0.0667926 -0.0673 -0.0767262 -0.0689354 -0.106602 -0.106254 -0.121206 
0.396126 0.214367 0.316403 0.268269 0.35866 0.316835 0.0100611 0.00344373 0.00496157 0.00462741 0.00723539 0.00678565 0.0248258 0.0257608 0.0223415 
0.507648 0.493709 0.455488 0.476669 0.495273 0.50671 0.000382452 -0.0310622 -0.000666125 -0.0133085 -0.00197136 -0.013258 0.0259607 0.0345549 0.0357602 
0.356845 0.314759 0.4663 0.40576 0.421057 0.336479 -2.09584e-05 -2.70457e-05 -4.38375e-05 -3.68241e-05 -3.15038e-05 -2.43581e-05 0.00553672 0.00716447 0.00669994 
0.447081 0.4663 0.314759 0.40576 0.390957 0.457229 -5.32735e-05 -4.38375e-05 -2.70457e-05 -3.68241e-05 -4.18995e-05 -4.88393e-05 0.00802033 0.00669994 0.00716447 
0.500002 0.464832 0.49515 0.496527 0.498696 0.49143 0.00184551 0.000736647 0.00105682 0.000935054 0.00141822 0.0012178 0.0169099 0.0153795 0.0160129 
0.500003 0.459548 0.495111 0.495696 0.498756 0.48994 -6.80276e-05 -7.52018e-05 -8.07946e-05 -7.8047e-05 -7.65931e-05 -7.48069e-05 0.011029 0.00971196 0.0100663 
0.500002 0.459548 0.491737 0.47868 0.497904 0.489824 -7.68832e-05 -7.52018e-05 -6.66832e-05 -7.28019e-05 -7.3674e-05 -8.01305e-05 0.00907816 0.00971196 0.00793869 
0.491737 0.459548 0.440879 0.450654 0.4721 0.47868 -6.66832e-05 -7.52018e-05 -5.39291e-05 -6.14243e-05 -6.05286e-05 -7.28019e-05 0.00793869 0.00971196 0.00822052 
0.383827 0.198505 0.307628 0.256092 0.348008 0.301977 0.00114078 0.000348817 0.000328782 0.000391434 0.000660661 0.000769566 0.0166764 0.0166996 0.0152943 
0.396126 0.316403 0.469999 0.409761 0.438564 0.35866 0.0100611 0.00496157 0.00993195 0.00747098 0.0102006 0.00723539 0.0248258 0.0223415 0.0217324 
0.0331807 -0.0404779 -0.0286095 -0.025261 0.0289079 -0.010615 0.157817 0.142867 0.0667123 0.137356 0.132199 0.161584 -0.138707 -0.129293 -0.163051 
0.56714 0.653056 0.515428 0.598131 0.538305 0.635789 -0.0947431 -0.18092 -0.0570141 -0.108618 -0.074658 -0.13637 -0.0148986 -0.000406621 0.000915633 
0.493709 0.484439 0.403656 0.445152 0.456112 0.491417 -0.0310622 -0.107062 -0.0292686 -0.0648503 -0.0327343 -0.0644605 0.0345549 0.0393015 0.0449146 
0.581506 0.515428 0.653056 0.598131 0.616639 0.582493 -0.153121 -0.0570141 -0.18092 -0.108618 -0.166812 -0.101052 0.0219895 0.000915633 -0.000406621 
0.383827 0.307628 0.464832 0.401956 0.430172 0.348008 0.00114078 0.000328782 0.000736647 0.000544536 0.000963087 0.000660661 0.0166764 0.0152943 0.0153795 
0.383085 0.453688 0.306706 0.392797 0.347285 0.422402 -5.56085e-05 -7.16883e-05 -4.03087e-05 -5.63806e-05 -4.64398e-05 -6.78153e-05 0.0110843 0.00948749 0.00965739 
0.527964 0.484439 0.493709 0.491417 0.513377 0.519291 -0.052245 -0.107062 -0.0310622 -0.0644605 -0.0419787 -0.0779729 0.0257079 0.0393015 0.0345549 
0.382429 0.305013 0.459548 0.396726 0.426011 0.346154 -5.3967e-05 -4.23554e-05 -7.52018e-05 -5.74967e-05 -6.43171e-05 -4.77109e-05 0.011027 0.00966405 0.00971196 
0.383085 0.30648 0.461612 0.398941 0.427687 0.347187 -5.56085e-05 -1.92706e-05 -7.29581e-06 -6.52636e-06 -3.87812e-05 -4.25717e-05 0.0110843 0.0125865 0.0124791 
0.500003 0.469999 0.493166 0.498347 0.497675 0.494884 0.0148092 0.00993195 0.0119332 0.0111105 0.0134182 0.0123327 0.0227532 0.0217324 0.0215183 
0.38161 0.304412 0.460213 0.397039 0.426276 0.345473 0.00107368 0.00146249 0.0031134 0.00230378 0.00193361 0.00127975 0.0172408 0.0186522 0.0185304 
0.370192 0.285809 0.450464 0.381238 0.414658 0.330615 0.0101211 0.00966473 0.0170403 0.0135123 0.0135969 0.0102383 0.0208234 0.0190439 0.021139 
0.38161 0.33038 0.196866 0.268464 0.299946 0.357261 0.00107368 0.000307845 0.000325158 0.000375855 0.000723954 0.000613896 0.0172408 0.0155177 0.0172563 
0.383085 0.202208 0.30648 0.257154 0.347187 0.303034 -5.56085e-05 -2.29121e-05 -1.92706e-05 -2.25609e-05 -4.25717e-05 -3.7625e-05 0.0110843 0.0111218 0.0125865 
0.38161 0.461103 0.33038 0.407279 0.357261 0.42678 0.00107368 0.000688314 0.000307845 0.000476776 0.000613896 0.000888012 0.0172408 0.0156534 0.0155177 
0.370192 0.323306 0.184701 0.258977 0.287279 0.348088 0.0101211 0.00496172 0.00340378 0.0046444 0.00685233 0.00728044 0.0208234 0.0206485 0.0201552 
0.38161 0.196866 0.304412 0.253766 0.345473 0.299946 0.00107368 0.000325158 0.00146249 0.000804688 0.00127975 0.000723954 0.0172408 0.0172563 0.0186522 
0.3647 0.295547 0.147745 0.226035 0.260173 0.326133 0.00335454 0.0114499 0.00614324 0.00808396 0.00583155 0.00885842 0.00344343 0.0113882 0.000460766 
0.370192 0.184701 0.285809 0.237878 0.330615 0.287279 0.0101211 0.00340378 0.00966473 0.00622652 0.0102383 0.00685233 0.0208234 0.0201552 0.0190439 
0.442796 0.33038 0.461103 0.407279 0.452416 0.394047 0.000198035 0.000307845 0.000688314 0.000476776 0.000401729 0.000245722 0.0141214 0.0155177 0.0156534 
0.370192 0.45617 0.323306 0.400731 0.348088 0.418938 0.0101211 0.0093791 0.00496172 0.00730054 0.00728044 0.0100924 0.0208234 0.0210686 0.0206485 
0.439645 0.323306 0.45617 0.400731 0.448474 0.389184 0.0053209 0.00496172 0.0093791 0.00730054 0.00713247 0.00542639 0.0199658 0.0206485 0.0210686 
0.390388 0.462972 0.487442 0.476821 0.450906 0.431486 -8.66454e-06 -6.44705e-06 -1.49518e-05 -9.88136e-06 -1.15454e-05 -7.54586e-06 0.00271318 0.00144434 0.00318599 
0.500001 0.487442 0.462972 0.476821 0.490742 0.49686 -9.93085e-06 -1.49518e-05 -6.44705e-06 -9.88136e-06 -8.15467e-06 -1.22521e-05 0.0021127 0.00318599 0.00144434 
0.3647 0.455692 0.295547 0.384701 0.326133 0.416287 0.00335454 0.00598358 0.0114499 0.0113005 0.00885842 0.00403213 0.00344343 0.0158417 0.0113882 
0.426254 0.295547 0.455692 0.384701 0.439786 0.369486 0.0153392 0.0114499 0.00598358 0.0113005 0.0118357 0.0144023 0.0184687 0.0113882 0.0158417 
0.396126 0.466333 0.324667 0.409919 0.362807 0.435978 0.0100611 0.0147056 0.00826016 0.0117111 0.00970922 0.0127074 0.0248258 0.0276873 0.0300822 
0.446497 0.33361 0.463252 0.410095 0.45516 0.397644 0.00527617 0.00200346 0.00321585 0.00266854 0.00416711 0.00347824 0.0197483 0.0183896 0.0181704 
0.383827 0.463252 0.33361 0.410095 0.359734 0.428954 0.00114078 0.00321585 0.00200346 0.00266854 0.0015383 0.00201251 0.0166764 0.0181704 0.0183896 
0.4431 0.330961 0.461606 0.407861 0.452798 0.394456 0.000206177 -4.89302e-06 3.85265e-06 1.06916e-05 8.64351e-05 6.27742e-05 0.0138455 0.0126282 0.012425 
0.382429 0.461606 0.330961 0.407861 0.357854 0.427407 -5.3967e-05 3.85265e-06 -4.89302e-06 1.06916e-05 -3.61944e-05 -3.55104e-05 0.011027 0.012425 0.0126282 
0.500002 0.495358 0.461612 0.495913 0.490454 0.498823 8.56267e-05 -2.09716e-05 -7.29581e-06 -1.2997e-05 3.34518e-05 2.43191e-05 0.01299 0.0119832 0.0124791 
0.3647 0.275526 0.515428 0.40718 0.435338 0.32382 0.00335454 0.0009828 -0.0570141 -0.0203598 -0.0194649 0.00181393 0.00344343 -0.00929216 0.000915633 
0.499997 0.495797 0.460213 0.495478 0.48961 0.499099 0.00447205 0.00288889 0.0031134 0.00312737 0.00381383 0.00362291 0.0188737 0.0178058 0.0185304 
0.447081 0.453688 0.49578 0.480376 0.478246 0.450439 -5.32735e-05 -7.16883e-05 -6.53868e-05 -7.13372e-05 -6.23885e-05 -6.08828e-05 0.00802033 0.00948749 0.00801147 
0.501443 0.501019 0.450464 0.490228 0.485133 0.501476 0.0164896 0.0164608 0.0170403 0.017052 0.0170789 0.0167481 0.0240392 0.023989 0.021139 
2.77641e-34 0.215485 0.295439 0.257108 0.163948 0.115282 -2.19305e-35 -3.34538e-06 -9.95923e-06 -6.20716e-06 -4.36936e-06 -2.4289e-06 0.0044395 0.00293609 0.00425327 
0.500002 0.49578 0.453688 0.480376 0.488493 0.498967 -7.68832e-05 -6.53868e-05 -7.16883e-05 -7.13372e-05 -7.6538e-05 -7.21905e-05 0.00907816 0.00801147 0.00948749 
9.19686e-35 2.68122e-34 0.214853 0.114925 0.114924 -9.18752e-35 1.44298e-35 2.16548e-35 -3.26504e-06 -2.24637e-06 -5.6719e-07 3.60931e-35 0.00294384 0.00441886 0.00283277 
0.214853 2.68122e-34 0.293874 0.16296 0.255962 0.114925 -3.26504e-06 2.16548e-35 -9.51434e-06 -4.12604e-06 -6.05952e-06 -2.24637e-06 0.00283277 0.00441886 0.00417362 
0.446497 0.494913 0.469999 0.484964 0.45887 0.477136 0.00527617 0.0064223 0.00993195 0.00808077 0.0072851 0.00595481 0.0197483 0.0197511 0.0217324 
0.382429 0.197571 0.305013 0.254226 0.346154 0.300712 -5.3967e-05 -2.59711e-05 -4.23554e-05 -3.55814e-05 -4.77109e-05 -3.59186e-05 0.011027 0.0110157 0.00966405 
0.499966 0.469999 0.494913 0.484964 0.499255 0.49362 0.00907832 0.00993195 0.0064223 0.00808077 0.00771881 0.00968198 0.0208224 0.0217324 0.0197511 
0.500003 0.49515 0.464832 0.496527 0.491349 0.498742 0.000570262 0.00105682 0.000736647 0.000935054 0.000651763 0.000788916 0.0149628 0.0160129 0.0153795 
0.500002 0.495111 0.459548 0.495696 0.489824 0.498802 -7.68832e-05 -8.07946e-05 -7.52018e-05 -7.8047e-05 -8.01305e-05 -7.95812e-05 0.00907816 0.0100663 0.00971196 
-0.0286095 -0.0404779 -0.127779 -0.0638252 -0.0900397 -0.025261 0.0667123 0.142867 0.105183 0.132172 0.113128 0.137356 -0.163051 -0.129293 -0.135994 
8.27315e-34 0.841975 0.837868 0.840154 0.506053 0.507629 -2.00354e-34 -0.00446915 -0.00875601 -0.00623116 -0.00326945 -0.00233572 -0.0397477 -0.0355113 -0.0477338 
0.3647 0.147745 0.275526 0.205738 0.32382 0.260173 0.00335454 0.00614324 0.0009828 0.00456697 0.00181393 0.00583155 0.00344343 0.000460766 -0.00929216 
0.306706 0.153038 0.202208 0.178094 0.257269 0.235454 -4.03087e-05 -1.36656e-05 -2.29121e-05 -1.55469e-05 -3.42817e-05 -2.88716e-05 0.00965739 0.00968338 0.0111218 
0.382429 0.330961 0.197571 0.269069 0.300712 0.357854 -5.3967e-05 -4.89302e-06 -2.59711e-05 -2.05111e-05 -3.59186e-05 -3.61944e-05 0.011027 0.0126282 0.0110157 
0.500002 0.466626 0.460213 0.463558 0.489821 0.491416 0.00184551 0.00158599 0.0031134 0.00225129 0.00244923 0.00173296 0.0169099 0.0170768 0.0185304 
0.500003 0.45957 0.450464 0.454929 0.48571 0.487664 0.0148092 0.0132876 0.0170403 0.0150062 0.0163334 0.0145869 0.0227532 0.0216397 0.021139 
0.500003 0.468767 0.461612 0.46529 0.490347 0.492148 -6.80276e-05 -6.12084e-05 -7.29581e-06 -3.71626e-05 -4.86498e-05 -7.30706e-05 0.011029 0.0109608 0.0124791 
0.383827 0.33361 0.198505 0.270735 0.301977 0.359734 0.00114078 0.00200346 0.000348817 0.00099204 0.000769566 0.0015383 0.0166764 0.0183896 0.0166996 
2.03706e-34 0.272714 0.215485 0.244902 0.115287 0.149623 -7.3155e-36 -3.30237e-06 -3.34538e-06 -3.54364e-06 -6.48296e-07 -1.30174e-06 0.00148095 0.00174454 0.00293609 
0.499966 0.493166 0.469999 0.498347 0.49362 0.497857 0.00907832 0.0119332 0.00993195 0.0111105 0.00968198 0.010463 0.0208224 0.0215183 0.0217324 
0.447081 0.357954 0.453688 0.412356 0.450439 0.407909 -5.32735e-05 -4.46369e-05 -7.16883e-05 -5.82866e-05 -6.08828e-05 -5.10956e-05 0.00802033 0.00843741 0.00948749 
0.306706 0.453688 0.357954 0.412356 0.333314 0.392797 -4.03087e-05 -7.16883e-05 -4.46369e-05 -5.82866e-05 -4.42429e-05 -5.63806e-05 0.00965739 0.00948749 0.00843741 
0.390388 0.443068 0.295439 0.380668 0.346587 0.418867 -8.66454e-06 -2.00727e-05 -9.95923e-06 -1.53192e-05 -9.64619e-06 -1.33829e-05 0.00271318 0.00446466 0.00425327 
0.396126 0.324667 0.214367 0.272572 0.316835 0.362807 0.0100611 0.00826016 0.00344373 0.0057536 0.00678565 0.00970922 0.0248258 0.0300822 0.0257608 
0.389588 0.581506 0.577455 0.588193 0.488049 0.518269 -0.21502 -0.153121 -0.234178 -0.193419 -0.229789 -0.194555 0.0250257 0.0219895 0.00785004 
2.77641e-34 9.30944e-35 0.215485 0.115283 0.115282 -9.35354e-35 -2.19305e-35 -1.46269e-35 -3.34538e-06 -6.54369e-07 -2.4289e-06 -3.65481e-35 0.0044395 0.00296178 0.00293609 
-0.0286095 -0.164021 0.0409651 -0.115726 0.0093272 -0.114553 0.0667123 0.00803359 -0.0843856 -0.004096 0.000524343 0.050704 -0.163051 -0.117104 -0.155806 
0.316403 0.214367 0.157882 0.186357 0.243489 0.268269 0.00496157 0.00344373 0.00138284 0.00209046 0.00319484 0.00462741 0.0223415 0.0257608 0.0225476 
0.461257 0.499814 0.455488 0.484594 0.459289 0.486314 0.00944805 0.0111876 -0.000666125 0.00628052 0.00495277 0.0107096 0.031477 0.0275994 0.0357602 
0.35552 0.295439 0.443068 0.380668 0.4043 0.326783 -2.25576e-05 -9.95923e-06 -2.00727e-05 -1.53192e-05 -2.19058e-05 -1.5412e-05 0.00579207 0.00425327 0.00446466 
0.366394 0.420365 0.0409651 0.193497 0.175763 0.387577 -0.252615 -0.0970597 -0.0843856 -0.0555487 -0.168275 -0.186314 -0.113227 -0.189448 -0.155806 
0.4431 0.493638 0.464832 0.482122 0.454579 0.474664 0.000206177 0.000235522 0.000736647 0.000440677 0.000429811 0.000214091 0.0138455 0.0139168 0.0153795 
0.446497 0.469999 0.366543 0.427278 0.411041 0.45887 0.00527617 0.00993195 0.0042976 0.00681451 0.00491393 0.0072851 0.0197483 0.0217324 0.0203156 
0.500003 0.464832 0.493638 0.482122 0.498462 0.491349 0.000570262 0.000736647 0.000235522 0.000440677 0.000375741 0.000651763 0.0149628 0.0153795 0.0139168 
0.305013 0.342766 0.459548 0.410701 0.396726 0.324398 -4.23554e-05 -4.36523e-05 -7.52018e-05 -5.78452e-05 -5.74967e-05 -4.48516e-05 0.00966405 0.00829035 0.00971196 
0.0574766 0.196991 0.367293 0.26105 0.187427 0.132173 -0.15196 -0.157456 -0.267836 -0.21766 -0.2189 -0.159877 -0.00491194 0.0300346 -0.0182653 
0.995097 0.989321 0.730198 0.904527 0.910396 0.993851 -0.0374885 -0.0599611 -0.0382487 -0.0541053 -0.0453638 -0.0506893 -0.0726979 -0.0805298 -0.0643035 
0.30648 0.359745 0.461612 0.41866 0.398941 0.334194 -1.92706e-05 7.79434e-05 -7.29581e-06 5.03102e-05 -6.52636e-06 1.51392e-05 0.0125865 0.0138425 0.0124791 
0.440879 0.459548 0.342766 0.410701 0.397706 0.450654 -5.39291e-05 -7.52018e-05 -4.36523e-05 -5.78452e-05 -4.97822e-05 -6.14243e-05 0.00822052 0.00971196 0.00829035 
0.316403 0.366543 0.469999 0.427278 0.409761 0.342384 0.00496157 0.0042976 0.00993195 0.00681451 0.00747098 0.00470833 0.0223415 0.0203156 0.0217324 
0.304412 0.356261 0.460213 0.416336 0.397039 0.331493 0.00146249 0.00322272 0.0031134 0.00331608 0.00230378 0.00222755 0.0186522 0.0196874 0.0185304 
0.285809 0.334355 0.450464 0.400555 0.381238 0.310544 0.00966473 0.0133607 0.0170403 0.0150802 0.0135123 0.0117471 0.0190439 0.0171849 0.021139 
0.404423 0.380043 0.273399 0.330925 0.345872 0.392578 -9.23009e-06 -3.74188e-06 -3.23994e-06 -3.63279e-06 -5.76047e-06 -5.93226e-06 0.00273698 0.00103209 0.00173933 
0.442796 0.461612 0.359745 0.41866 0.405851 0.45268 0.000198035 -7.29581e-06 7.79434e-05 5.03102e-05 0.000131328 6.50025e-05 0.0141214 0.0124791 0.0138425 
0.439645 0.460213 0.356261 0.416336 0.402438 0.450617 0.0053209 0.0031134 0.00322272 0.00331608 0.00430627 0.00412048 0.0199658 0.0185304 0.0196874 
0.426254 0.450464 0.334355 0.400555 0.38431 0.438937 0.0153392 0.0170403 0.0133607 0.0150802 0.0151111 0.0172457 0.0184687 0.021139 0.0171849 
0.307628 0.198505 0.149417 0.174332 0.234412 0.256092 0.000328782 0.000348817 8.45638e-05 0.000177035 0.000209814 0.000391434 0.0152943 0.0166996 0.015255 
0.390388 0.272714 0.380098 0.330663 0.385302 0.336857 -8.66454e-06 -3.30237e-06 -3.76901e-06 -3.64823e-06 -5.74721e-06 -5.60829e-06 0.00271318 0.00174454 0.00103145 
0.581506 0.369751 0.484439 0.438956 0.529394 0.488381 -0.153121 -0.141906 -0.107062 -0.126218 -0.133755 -0.163006 0.0219895 0.0446765 0.0393015 
0.709938 0.420365 0.366394 0.387577 0.545253 0.598162 -0.282495 -0.0970597 -0.252615 -0.186314 -0.282351 -0.23151 -0.11417 -0.189448 -0.113227 
-1.77472e-34 -1.94623e-34 -0.164021 -0.199162 -0.177479 2.23226e-34 5.75666e-34 4.00096e-34 0.00803359 0.0106679 0.0242365 9.78069e-34 -0.112208 -0.080985 -0.117104 
0.404423 0.466836 0.380043 0.430183 0.392578 0.439664 -9.23009e-06 -6.28964e-06 -3.74188e-06 -5.0019e-06 -5.93226e-06 -7.64615e-06 0.00273698 0.00136263 0.00103209 
0.390388 0.380098 0.462972 0.427452 0.431486 0.385302 -8.66454e-06 -3.76901e-06 -6.44705e-06 -5.11057e-06 -7.54586e-06 -5.74721e-06 0.00271318 0.00103145 0.00144434 
0.4431 0.464832 0.36132 0.421572 0.406689 0.454579 0.000206177 0.000736647 0.000154301 0.000399155 0.000177709 0.000429811 0.0138455 0.0153795 0.0141294 
0.500002 0.470258 0.464832 0.46756 0.49143 0.492799 0.00184551 0.00174047 0.000736647 0.00113833 0.0012178 0.00183232 0.0169099 0.0168435 0.0153795 
0.307628 0.36132 0.464832 0.421572 0.401956 0.335552 0.000328782 0.000154301 0.000736647 0.000399155 0.000544536 0.000228835 0.0152943 0.0141294 0.0153795 
-0.0238914 0.0409651 -0.164021 -0.115726 -0.137623 -0.0226553 -0.147251 -0.0843856 0.00803359 -0.004096 -0.0394512 -0.111941 -0.0745009 -0.155806 -0.117104 
0.389588 0.367293 0.196991 0.26105 0.28646 0.377041 -0.21502 -0.267836 -0.157456 -0.21766 -0.194313 -0.243071 0.0250257 -0.0182653 0.0300346 
9.30944e-35 2.03706e-34 0.215485 0.115287 0.115283 -9.35312e-35 -1.46269e-35 -7.3155e-36 -3.34538e-06 -6.48296e-07 -6.54369e-07 -2.19388e-35 0.00296178 0.00148095 0.00293609 
0.500003 0.467584 0.459548 0.463677 0.48994 0.491947 -6.80276e-05 -6.42936e-05 -7.52018e-05 -7.97228e-05 -7.48069e-05 -6.09322e-05 0.011029 0.0110683 0.00971196 
0.275526 0.381814 0.515428 0.460242 0.40718 0.322365 0.0009828 -0.0260582 -0.0570141 -0.0432085 -0.0203598 -0.00937874 -0.00929216 -0.0177956 0.000915633 
5.65195e-34 8.27315e-34 0.837868 0.506053 0.499865 -6.10732e-34 -2.47391e-34 -2.00354e-34 -0.00875601 -0.00326945 -0.00424471 -4.35397e-34 -0.049341 -0.0397477 -0.0477338 
0.56714 0.515428 0.381814 0.460242 0.480575 0.538305 -0.0947431 -0.0570141 -0.0260582 -0.0432085 -0.0567578 -0.074658 -0.0148986 0.000915633 -0.0177956 
0.324667 0.466333 0.376922 0.42894 0.352464 0.409919 0.00826016 0.0147056 0.00867622 0.011669 0.00893087 0.0117111 0.0300822 0.0276873 0.0337482 
-0.0238914 -0.0662959 0.0574766 -0.0196356 0.00785492 -0.0696826 -0.147251 -0.0498788 -0.15196 -0.0999403 -0.161571 -0.095057 -0.0745009 -0.0174589 -0.00491194 
0.295547 0.107857 0.147745 0.126545 0.226035 0.205937 0.0114499 0.00373172 0.00614324 0.00425336 0.00808396 0.0085495 0.0113882 0.0087082 0.000460766 
0.323306 0.139723 0.184701 0.162959 0.258977 0.239273 0.00496172 0.00126907 0.00340378 0.00194312 0.0046444 0.00327068 0.0206485 0.0203493 0.0201552 
0.33038 0.146114 0.196866 0.172061 0.268464 0.246615 0.000307845 6.62377e-05 0.000325158 0.000151883 0.000375855 0.000190116 0.0155177 0.0157455 0.0172563 
0.285809 0.184701 0.127359 0.156563 0.211052 0.237878 0.00966473 0.00340378 0.00272202 0.00313321 0.00628782 0.00622652 0.0190439 0.0201552 0.0183534 
0.304412 0.196866 0.144709 0.171371 0.230418 0.253766 0.00146249 0.000325158 0.000406314 0.000398905 0.000974258 0.000804688 0.0186522 0.0172563 0.0186461 
0.30648 0.202208 0.146289 0.174855 0.232385 0.257154 -1.92706e-05 -2.29121e-05 -6.40464e-06 -1.28885e-05 -9.96336e-06 -2.25609e-05 0.0125865 0.0111218 0.0126571 
0.693199 0.995097 0.730198 0.910396 0.713805 0.901976 -0.0192571 -0.0374885 -0.0382487 -0.0453638 -0.0268769 -0.0314074 -0.0594615 -0.0726979 -0.0643035 
0.426254 0.455692 0.491 0.47614 0.464618 0.439786 0.0153392 0.00598358 0.0147059 0.0110075 0.0155862 0.0118357 0.0184687 0.0158417 0.022494 
0.439645 0.45617 0.492546 0.478227 0.472372 0.448474 0.0053209 0.0093791 0.00645354 0.00788414 0.00592661 0.00713247 0.0199658 0.0210686 0.0199066 
0.507648 0.491 0.455692 0.47614 0.495111 0.501437 0.000382452 0.0147059 0.00598358 0.0110075 0.00237452 0.00959894 0.0259607 0.022494 0.0158417 
0.442796 0.461103 0.493743 0.480922 0.474683 0.452416 0.000198035 0.000688314 0.000244139 0.000426883 0.000217574 0.000401729 0.0141214 0.0156534 0.0140252 
0.499966 0.492546 0.45617 0.478227 0.487782 0.497628 0.00907832 0.00645354 0.0093791 0.00788414 0.00948282 0.00773668 0.0208224 0.0199066 0.0210686 
0.500003 0.493743 0.461103 0.480922 0.49013 0.498382 0.000570262 0.000244139 0.000688314 0.000426883 0.000636323 0.000381708 0.0149628 0.0140252 0.0156534 
0.426254 0.491 0.450464 0.472641 0.438937 0.464618 0.0153392 0.0147059 0.0170403 0.0176616 0.0172457 0.0155862 0.0184687 0.022494 0.021139 
0.439645 0.492546 0.460213 0.479645 0.450617 0.472372 0.0053209 0.00645354 0.0031134 0.00453862 0.00412048 0.00592661 0.0199658 0.0199066 0.0185304 
0.442796 0.493743 0.461612 0.481103 0.45268 0.474683 0.000198035 0.000244139 -7.29581e-06 7.48085e-05 6.50025e-05 0.000217574 0.0141214 0.0140252 0.0124791 
0.501443 0.450464 0.491 0.472641 0.497648 0.485133 0.0164896 0.0170403 0.0147059 0.0176616 0.0158875 0.0170789 0.0240392 0.021139 0.022494 
0.499997 0.460213 0.492546 0.479645 0.497965 0.48961 0.00447205 0.0031134 0.00645354 0.00453862 0.00540555 0.00381383 0.0188737 0.0185304 0.0199066 
0.500002 0.461612 0.493743 0.481103 0.498463 0.490454 8.56267e-05 -7.29581e-06 0.000244139 7.48085e-05 0.000155553 3.34518e-05 0.01299 0.0124791 0.0140252 
-0.083526 -0.127779 -0.0404779 -0.0638252 -0.0595742 -0.102625 0.0997178 0.105183 0.142867 0.132172 0.125378 0.104077 -0.122525 -0.135994 -0.129293 
2.03423e-34 0.214853 0.273399 0.244966 0.150053 0.11492 7.21316e-36 -3.26504e-06 -3.23994e-06 -3.42925e-06 -1.27819e-06 -6.74971e-07 0.00147191 0.00283277 0.00173933 
5.3702e-34 7.64785e-34 0.845301 0.54006 0.526248 -5.22917e-34 3.49082e-34 4.37485e-34 -0.0250423 -0.0135506 -0.00895829 8.29608e-34 -0.075356 -0.0986475 -0.0841621 
0.500003 0.478748 0.469999 0.474327 0.494884 0.496774 0.0148092 0.0139679 0.00993195 0.0121525 0.0123327 0.0143647 0.0227532 0.0239285 0.0217324 
0.567248 0.692473 0.361819 0.549958 0.457727 0.648962 -0.113796 -0.171235 -0.0348918 -0.0967312 -0.0689979 -0.146373 -0.0454923 -0.0294997 -0.0336444 
0.56714 0.361819 0.692473 0.549958 0.627964 0.484331 -0.0947431 -0.0348918 -0.171235 -0.0967312 -0.13028 -0.0654639 -0.0148986 -0.0336444 -0.0294997 
0.990699 0.837868 0.841975 0.840154 0.976935 0.97608 -0.00820112 -0.00875601 -0.00446915 -0.00623116 -0.00766589 -0.0108787 -0.0460965 -0.0477338 -0.0355113 
0.340763 0.403656 0.484439 0.445152 0.418793 0.37786 -0.0709998 -0.0292686 -0.107062 -0.0648503 -0.0922969 -0.0484981 0.0501177 0.0449146 0.0393015 
0.442796 0.359745 0.33038 0.345446 0.394047 0.405851 0.000198035 7.79434e-05 0.000307845 0.000173252 0.000245722 0.000131328 0.0141214 0.0138425 0.0155177 
0.439645 0.356261 0.323306 0.340415 0.389184 0.402438 0.0053209 0.00322272 0.00496172 0.00400101 0.00542639 0.00430627 0.0199658 0.0196874 0.0206485 
0.426254 0.334355 0.295547 0.314885 0.369486 0.38431 0.0153392 0.0133607 0.0114499 0.0126149 0.0144023 0.0151111 0.0184687 0.0171849 0.0113882 
0.461257 0.376922 0.466333 0.42894 0.463887 0.424581 0.00944805 0.00867622 0.0147056 0.011669 0.0134581 0.00919336 0.031477 0.0337482 0.0276873 
0.305013 0.197571 0.144216 0.171433 0.230609 0.254226 -4.23554e-05 -2.59711e-05 -1.24216e-05 -1.52929e-05 -2.78686e-05 -3.55814e-05 0.00966405 0.0110157 0.0095724 
0.447081 0.314759 0.357954 0.337073 0.407909 0.390957 -5.32735e-05 -2.70457e-05 -4.46369e-05 -3.68064e-05 -5.10956e-05 -4.18995e-05 0.00802033 0.00716447 0.00843741 
0.499655 0.443068 0.487442 0.469258 0.495733 0.483462 -2.74735e-05 -2.00727e-05 -1.49518e-05 -1.76151e-05 -2.03511e-05 -2.44132e-05 0.00481138 0.00446466 0.00318599 
0.499655 0.487442 0.488269 0.499997 0.497988 0.495733 -2.74735e-05 -1.49518e-05 -1.71973e-05 -1.61491e-05 -2.19616e-05 -2.03511e-05 0.00481138 0.00318599 0.00356919 
0.275526 0.147745 0.0894474 0.117537 0.180867 0.205738 0.0009828 0.00614324 0.00118208 0.0031826 0.00196182 0.00456697 -0.00929216 0.000460766 -0.0115702 
0.330961 0.146985 0.197571 0.172761 0.269069 0.247339 -4.89302e-06 -8.57596e-06 -2.59711e-05 -1.58991e-05 -2.05111e-05 -6.75996e-06 0.0126282 0.0124483 0.0110157 
0.926105 0.981989 0.855291 0.97637 0.893572 0.983941 -0.0919757 -0.0815816 -0.0455337 -0.0792273 -0.0689354 -0.0963033 -0.106602 -0.0836085 -0.106254 
8.27315e-34 6.56777e-34 0.841975 0.510525 0.507629 -6.12521e-34 -2.00354e-34 -1.4667e-34 -0.00446915 -0.00165378 -0.00233572 -3.38961e-34 -0.0397477 -0.0294776 -0.0355113 
1.49735e-34 0.178862 0.208331 0.201481 0.0987653 0.0806143 -2.75304e-34 -0.0241103 -0.0891966 -0.0508228 -0.0321979 -0.0145338 0.0436264 0.0499418 0.0442821 
0.356845 0.192738 0.314759 0.257588 0.336479 0.282533 -2.09584e-05 -9.70412e-06 -2.70457e-05 -1.61328e-05 -2.43581e-05 -1.50677e-05 0.00553672 0.00624804 0.00716447 
0.796066 0.709938 0.831613 0.796217 0.845719 0.755764 -0.229217 -0.282495 -0.265653 -0.289249 -0.278884 -0.26177 -0.137949 -0.11417 -0.067164 
0.4431 0.36132 0.330961 0.346485 0.394456 0.406689 0.000206177 0.000154301 -4.89302e-06 5.27608e-05 6.27742e-05 0.000177709 0.0138455 0.0141294 0.0126282 
0.915031 0.796066 0.831613 0.845719 0.872321 0.888975 -0.235139 -0.229217 -0.265653 -0.278884 -0.258991 -0.247194 -0.0937706 -0.137949 -0.067164 
0.507648 0.510217 0.493709 0.513401 0.50671 0.509153 0.000382452 -0.0153029 -0.0310622 -0.0242804 -0.013258 -0.00642741 0.0259607 0.0218888 0.0345549 
0.527964 0.493709 0.510217 0.513401 0.520395 0.513377 -0.052245 -0.0310622 -0.0153029 -0.0242804 -0.0317423 -0.0419787 0.0257079 0.0345549 0.0218888 
-0.0286095 -0.127779 -0.164021 -0.156575 -0.114553 -0.0900397 0.0667123 0.105183 0.00803359 0.0627132 0.050704 0.113128 -0.163051 -0.135994 -0.117104 
5.94484e-34 4.4196e-34 0.693199 0.388646 0.375749 -3.11518e-34 -3.17514e-34 -2.86704e-34 -0.0192571 -0.00531309 -0.00734408 -5.76631e-34 -0.0608326 -0.0570662 -0.0594615 
0.33361 0.147833 0.198505 0.173584 0.270735 0.249349 0.00200346 0.000435142 0.000348817 0.000422822 0.00099204 0.00120249 0.0183896 0.0182947 0.0166996 
0.446497 0.366543 0.33361 0.350261 0.397644 0.411041 0.00527617 0.0042976 0.00200346 0.00302803 0.00347824 0.00491393 0.0197483 0.0203156 0.0183896 
0.500002 0.493638 0.461606 0.480991 0.490354 0.498388 8.56267e-05 0.000235522 3.85265e-06 8.04135e-05 3.58427e-05 0.000153454 0.01299 0.0139168 0.012425 
0.4431 0.461606 0.493638 0.480991 0.474664 0.452798 0.000206177 3.85265e-06 0.000235522 8.04135e-05 0.000214091 8.64351e-05 0.0138455 0.012425 0.0139168 
0.324667 0.159144 0.214367 0.187612 0.272572 0.249517 0.00826016 0.00220426 0.00344373 0.00290936 0.0057536 0.00533906 0.0300822 0.0304133 0.0257608 
0.35552 0.28915 0.187066 0.24062 0.279329 0.323899 -2.25576e-05 -2.23933e-05 -9.66242e-06 -1.47459e-05 -1.61833e-05 -2.38177e-05 0.00579207 0.00725299 0.00634912 
0.969158 0.577044 0.969948 0.835831 0.97192 0.849048 -0.154884 -0.0724349 -0.113552 -0.106532 -0.133043 -0.122319 -0.0943276 -0.0593386 -0.0870079 
0.498846 0.491737 0.43414 0.469806 0.478885 0.496103 -4.90454e-05 -6.66832e-05 -4.43988e-05 -5.47345e-05 -4.95579e-05 -5.72122e-05 0.00687177 0.00793869 0.00709508 
0.404423 0.273399 0.214853 0.244966 0.322276 0.345872 -9.23009e-06 -3.23994e-06 -3.26504e-06 -3.42925e-06 -6.29185e-06 -5.76047e-06 0.00273698 0.00173933 0.00283277 
0.489798 0.408168 0.466836 0.441158 0.479961 0.459187 -3.60474e-06 -2.52528e-06 -6.28964e-06 -3.98119e-06 -4.64371e-06 -3.12721e-06 -3.42043e-08 -4.39909e-08 0.00136263 
0.408162 0.489796 0.462972 0.478473 0.438626 0.459183 -2.53455e-06 -3.64339e-06 -6.44705e-06 -4.72738e-06 -4.04214e-06 -3.1197e-06 4.43488e-08 3.63278e-08 0.00144434 
0.499997 0.494913 0.463252 0.482578 0.491254 0.498894 0.00447205 0.0064223 0.00321585 0.00464363 0.00390451 0.00538164 0.0188737 0.0197511 0.0181704 
0.446497 0.463252 0.494913 0.482578 0.477136 0.45516 0.00527617 0.00321585 0.0064223 0.00464363 0.00595481 0.00416711 0.0197483 0.0181704 0.0197511 
0.499655 0.488269 0.472736 0.481309 0.494634 0.497988 -2.74735e-05 -1.71973e-05 -2.87703e-05 -2.24529e-05 -2.8913e-05 -2.19616e-05 0.00481138 0.00356919 0.00528958 
2.03423e-34 9.19686e-35 0.214853 0.114924 0.11492 -9.18794e-35 7.21316e-36 1.44298e-35 -3.26504e-06 -5.6719e-07 -6.74971e-07 2.16462e-35 0.00147191 0.00294384 0.00283277 
5.94484e-34 0.693199 0.730198 0.713805 0.410365 0.375749 -3.17514e-34 -0.0192571 -0.0382487 -0.0268769 -0.0120948 -0.00734408 -0.0608326 -0.0594615 -0.0643035 
-0.0238914 -0.164021 -0.140569 -0.166643 -0.0947551 -0.137623 -0.147251 0.00803359 -0.0275299 -0.0312731 -0.0789265 -0.0394512 -0.0745009 -0.117104 -0.0635673 
-1.94623e-34 -0.140569 -0.164021 -0.166643 -0.199162 -0.155784 4.00096e-34 -0.0275299 0.00803359 -0.0312731 0.0106679 0.00263784 -0.080985 -0.0635673 -0.117104 
0.390388 0.295439 0.215485 0.257108 0.31317 0.346587 -8.66454e-06 -9.95923e-06 -3.34538e-06 -6.20716e-06 -6.16225e-06 -9.64619e-06 0.00271318 0.00425327 0.00293609 
0.498846 0.43414 0.477855 0.458904 0.491646 0.478885 -4.90454e-05 -4.43988e-05 -3.67213e-05 -4.07786e-05 -4.35633e-05 -4.95579e-05 0.00687177 0.00709508 0.00592705 
0.995097 0.855291 0.989321 0.976934 0.993851 0.979736 -0.0374885 -0.0455337 -0.0599611 -0.0666172 -0.0506893 -0.0538421 -0.0726979 -0.106254 -0.0805298 
0.390388 0.215485 0.272714 0.244902 0.336857 0.31317 -8.66454e-06 -3.34538e-06 -3.30237e-06 -3.54364e-06 -5.60829e-06 -6.16225e-06 0.00271318 0.00293609 0.00174454 
0.501443 0.499814 0.466333 0.487672 0.495821 0.502926 0.0164896 0.0111876 0.0147056 0.0142315 0.0158614 0.0146508 0.0240392 0.0275994 0.0276873 
0.461257 0.466333 0.499814 0.487672 0.486314 0.463887 0.00944805 0.0147056 0.0111876 0.0142315 0.0107096 0.0134581 0.031477 0.0276873 0.0275994 
0.404423 0.214853 0.293874 0.255962 0.354394 0.322276 -9.23009e-06 -3.26504e-06 -9.51434e-06 -6.05952e-06 -9.56364e-06 -6.29185e-06 0.00273698 0.00283277 0.00417362 
0.488269 0.427577 0.472736 0.45286 0.481309 0.464388 -1.71973e-05 -1.75344e-05 -2.87703e-05 -2.27558e-05 -2.24529e-05 -1.74309e-05 0.00356919 0.00426073 0.00528958 
2.607e-34 0.202184 0.314759 0.261799 0.176545 0.107618 3.61554e-35 -1.82344e-05 -2.70457e-05 -2.15143e-05 -1.14773e-05 -8.37423e-06 0.00737944 0.00840021 0.00716447 
2.03423e-34 0.273399 0.180933 0.229139 0.095527 0.150053 7.21316e-36 -3.23994e-06 -1.23506e-06 -2.02851e-06 -8.67547e-07 -1.27819e-06 0.00147191 0.00173933 0.000915601 
2.607e-34 0.314759 0.192738 0.257588 0.102219 0.176545 3.61554e-35 -2.70457e-05 -9.70412e-06 -1.61328e-05 -6.92467e-06 -1.14773e-05 0.00737944 0.00716447 0.00624804 
-1.77472e-34 -0.164021 -0.15395 -0.170885 -0.114504 -0.177479 5.75666e-34 0.00803359 0.0394555 0.0312015 0.0146271 0.0242365 -0.112208 -0.117104 -0.118174 
2.77641e-34 0.295439 0.20463 0.252113 0.109005 0.163948 -2.19305e-35 -9.95923e-06 -7.4249e-06 -9.48604e-06 -2.29461e-06 -4.36936e-06 0.0044395 0.00425327 0.00540157 
0.969158 0.885065 0.577044 0.767998 0.849048 0.936009 -0.154884 -0.165064 -0.0724349 -0.121963 -0.122319 -0.165895 -0.0943276 -0.0757523 -0.0593386 
0.404423 0.293874 0.427577 0.369273 0.4164 0.354394 -9.23009e-06 -9.51434e-06 -1.75344e-05 -1.35879e-05 -1.30171e-05 -9.56364e-06 0.00273698 0.00417362 0.00426073 
5.3702e-34 0.845301 0.715207 0.785451 0.419628 0.526248 3.49082e-34 -0.0250423 -0.0118444 -0.0164626 -0.00445624 -0.00895829 -0.075356 -0.0841621 -0.0718679 
0.75 1 0.937009 0.984153 0.859097 0.9375 -5.9998e-37 -9.16022e-37 -0.00140547 -0.00121455 -0.000914463 -1.77701e-36 -0.00677355 -0.00804371 -0.0173661 
2.38295e-34 0.196698 0.361819 0.283494 0.131489 0.0589 -1.77935e-34 -0.0175922 -0.0348918 -0.0276129 -0.00618395 -0.00319622 -0.0328626 -0.0445513 -0.0336444 
0.845301 0.855291 0.995097 0.979736 0.975838 0.850631 -0.0250423 -0.0455337 -0.0374885 -0.0538421 -0.0381548 -0.033202 -0.0841621 -0.106254 -0.0726979 
0.356845 0.427577 0.293874 0.369273 0.326789 0.395194 -2.09584e-05 -1.75344e-05 -9.51434e-06 -1.35879e-05 -1.45455e-05 -1.94952e-05 0.00553672 0.00426073 0.00417362 
0.340763 0.208331 0.178862 0.201481 0.266915 0.280548 -0.0709998 -0.0891966 -0.0241103 -0.0508228 -0.0495522 -0.0847735 0.0501177 0.0442821 0.0499418 
2.03706e-34 0.169605 0.272714 0.223563 0.149623 0.0891782 -7.3155e-36 -1.15767e-06 -3.30237e-06 -2.02452e-06 -1.30174e-06 -7.87087e-07 0.00148095 0.000953943 0.00174454 
6.56777e-34 0.705261 0.841975 0.779061 0.510525 0.403781 -1.4667e-34 -0.0016945 -0.00446915 -0.00277591 -0.00165378 -0.000702078 -0.0294776 -0.0235066 -0.0355113 
2.62592e-34 3.1167e-34 0.577044 0.295816 0.255422 -3.04665e-34 -3.0358e-34 -3.31862e-34 -0.0724349 -0.0161401 -0.0183134 -5.79105e-34 -0.0571991 -0.0632321 -0.0593386 
0.340763 0.369751 0.208331 0.287726 0.280548 0.355445 -0.0709998 -0.141906 -0.0891966 -0.122533 -0.0847735 -0.105747 0.0501177 0.0446765 0.0442821 
0.989321 0.855291 0.981989 0.97637 0.985363 0.976934 -0.0599611 -0.0455337 -0.0815816 -0.0792273 -0.0709854 -0.0666172 -0.0805298 -0.106254 -0.0836085 
1.49735e-34 0.208331 0.0593024 0.133403 0.0294463 0.0987653 -2.75304e-34 -0.0891966 -0.0664508 -0.0846649 -0.0222694 -0.0321979 0.0436264 0.0442821 0.0242431 
0.802825 0.730198 0.981989 0.897168 0.917271 0.772222 -0.0738662 -0.0382487 -0.0815816 -0.0642293 -0.0822943 -0.0556585 -0.0690028 -0.0643035 -0.0836085 
0.447081 0.49578 0.4663 0.484557 0.457229 0.478246 -5.32735e-05 -6.53868e-05 -4.38375e-05 -5.60838e-05 -4.88393e-05 -6.23885e-05 0.00802033 0.00801147 0.00669994 
0.498846 0.4663 0.49578 0.484557 0.499762 0.494407 -4.90454e-05 -4.38375e-05 -6.53868e-05 -5.60838e-05 -5.58762e-05 -4.87738e-05 0.00687177 0.00669994 0.00801147 
0.567248 0.361819 0.196698 0.283494 0.383854 0.457727 -0.113796 -0.0348918 -0.0175922 -0.0276129 -0.0554868 -0.0689979 -0.0454923 -0.0336444 -0.0445513 
0.56714 0.381814 0.361819 0.371306 0.484331 0.480575 -0.0947431 -0.0260582 -0.0348918 -0.0303489 -0.0654639 -0.0567578 -0.0148986 -0.0177956 -0.0336444 
0.802825 0.969948 0.577044 0.835831 0.696219 0.910682 -0.0738662 -0.113552 -0.0724349 -0.106532 -0.0761878 -0.097167 -0.0690028 -0.0870079 -0.0593386 
4.56384e-34 4.90435e-34 0.777294 0.461713 0.459047 -4.07402e-34 1.54961e-34 2.14506e-34 -0.00380457 -0.00152508 -0.001194 3.73071e-34 -0.0328027 -0.0454958 -0.0384378 
2.38295e-34 0.361819 0.14898 0.239018 0.0564404 0.131489 -1.77935e-34 -0.0348918 -0.000544529 -0.0132255 0.000195357 -0.00618395 -0.0328626 -0.0336444 -0.0210845 
0.998795 0.937009 0.986734 0.995364 0.994318 0.988455 -0.00304729 -0.00140547 -0.00106333 -0.00147425 -0.00224037 -0.00258191 -0.0276808 -0.0173661 -0.0158286 
0.35552 0.187066 0.20463 0.195911 0.286749 0.279329 -2.25576e-05 -9.66242e-06 -7.4249e-06 -8.33339e-06 -1.56905e-05 -1.61833e-05 0.00579207 0.00634912 0.00540157 
0.998795 0.986734 0.750411 0.905547 0.928439 0.994318 -0.00304729 -0.00106333 -0.00123188 -0.00137763 -0.00232861 -0.00224037 -0.0276808 -0.0158286 -0.0197858 
0.499655 0.477855 0.443068 0.462478 0.483462 0.492994 -2.74735e-05 -3.67213e-05 -2.00727e-05 -2.74054e-05 -2.44132e-05 -3.22791e-05 0.00481138 0.00592705 0.00446466 
0.455488 0.335305 0.376922 0.358258 0.422658 0.405778 -0.000666125 -0.00224546 0.00867622 0.00431072 0.00598104 -0.00226681 0.0357602 0.0415146 0.0337482 
0.691413 0.367293 0.577455 0.492126 0.634352 0.557957 -0.265359 -0.267836 -0.234178 -0.260181 -0.250621 -0.275882 -0.02442 -0.0182653 0.00785004 
0.35552 0.443068 0.477855 0.462478 0.430062 0.4043 -2.25576e-05 -2.00727e-05 -3.67213e-05 -2.74054e-05 -2.99857e-05 -2.19058e-05 0.00579207 0.00446466 0.00592705 
0.376922 0.335305 0.232848 0.289469 0.3126 0.358258 0.00867622 -0.00224546 0.00357297 0.0021033 0.00577143 0.00431072 0.0337482 0.0415146 0.0362638 
0.389588 0.577455 0.367293 0.492126 0.377041 0.488049 -0.21502 -0.234178 -0.267836 -0.260181 -0.243071 -0.229789 0.0250257 0.00785004 -0.0182653 
2.27624e-34 0.28915 0.196224 0.2448 0.104179 0.159923 -3.64806e-35 -2.23933e-05 -1.64397e-05 -1.99396e-05 -7.79792e-06 -1.05476e-05 0.00738417 0.00725299 0.00844338 
5.42581e-34 -0.0404779 0.0331807 -0.010615 0.0234574 0.00823227 1.28071e-34 0.142867 0.157817 0.161584 0.133246 0.138321 -0.126279 -0.129293 -0.138707 
0.35552 0.43414 0.28915 0.3719 0.323899 0.398642 -2.25576e-05 -4.43988e-05 -2.23933e-05 -3.51679e-05 -2.38177e-05 -3.24169e-05 0.00579207 0.00709508 0.00725299 
7.64785e-34 0.855291 0.845301 0.850631 0.54006 0.558066 4.37485e-34 -0.0455337 -0.0250423 -0.033202 -0.0135506 -0.024091 -0.0986475 -0.106254 -0.0841621 
1.29658e-34 0.159144 0.232848 0.19774 0.130708 0.0868103 -1.61918e-34 0.00220426 0.00357297 0.00280453 0.00130663 0.000509137 0.0330614 0.0304133 0.0362638 
3.1167e-34 0.357813 0.577044 0.481913 0.295816 0.170048 -3.31862e-34 -0.0239638 -0.0724349 -0.0396571 -0.0161401 -0.00653538 -0.0632321 -0.0617937 -0.0593386 
0.802825 0.577044 0.357813 0.481913 0.603666 0.696219 -0.0738662 -0.0724349 -0.0239638 -0.0396571 -0.0460286 -0.0761878 -0.0690028 -0.0593386 -0.0617937 
0.998795 0.841975 0.705261 0.779061 0.935151 0.966654 -0.00304729 -0.00446915 -0.0016945 -0.00277591 -0.0029675 -0.00462618 -0.0276808 -0.0355113 -0.0235066 
1.4854e-34 1.42169e-34 0.241886 0.142635 0.132748 -1.2201e-34 -2.60697e-34 -2.31581e-34 -0.0106922 -0.00400522 -0.00532614 -4.76616e-34 0.0505807 0.0462106 0.048514 
0.35552 0.20463 0.295439 0.252113 0.326783 0.286749 -2.25576e-05 -7.4249e-06 -9.95923e-06 -9.48604e-06 -1.5412e-05 -1.56905e-05 0.00579207 0.00540157 0.00425327 
0.356845 0.198982 0.192738 0.195868 0.282533 0.285163 -2.09584e-05 -6.41681e-06 -9.70412e-06 -7.63558e-06 -1.50677e-05 -1.43282e-05 0.00553672 0.00526494 0.00624804 
0.489798 0.466836 0.5 0.491778 0.497488 0.479961 -3.60474e-06 -6.28964e-06 -5.83845e-06 -6.18459e-06 -4.50638e-06 -4.64371e-06 -3.42043e-08 0.00136263 0.000953218 
2.27624e-34 0.187066 0.28915 0.24062 0.159923 0.0989749 -3.64806e-35 -9.66242e-06 -2.23933e-05 -1.47459e-05 -1.05476e-05 -6.67946e-06 0.00738417 0.00634912 0.00725299 
0.489796 0.5 0.462972 0.49067 0.478473 0.497411 -3.64339e-06 -5.83845e-06 -6.44705e-06 -6.27172e-06 -4.72738e-06 -4.54387e-06 3.63278e-08 0.000953218 0.00144434 
2.68122e-34 0.198982 0.293874 0.248668 0.16296 0.105773 2.16548e-35 -6.41681e-06 -9.51434e-06 -8.88569e-06 -4.12604e-06 -1.79244e-06 0.00441886 0.00526494 0.00417362 
1.49735e-34 1.4854e-34 0.178862 0.0981235 0.0806143 -7.18614e-35 -2.75304e-34 -2.60697e-34 -0.0241103 -0.00816918 -0.0145338 -4.61666e-34 0.0436264 0.0505807 0.0499418 
-7.05362e-35 -0.15395 -0.0491657 -0.0988632 -0.039111 -0.0833673 5.97572e-34 0.0394555 0.0436748 0.0444691 0.0137771 0.0190854 -0.116928 -0.118174 -0.114395 
-0.0286095 0.0409651 0.420365 0.193497 0.144004 0.0093272 0.0667123 -0.0843856 -0.0970597 -0.0555487 0.035859 0.000524343 -0.163051 -0.155806 -0.189448 
1.41326e-34 1.29658e-34 0.232848 0.130708 0.133125 -8.81422e-35 -1.96399e-34 -1.61918e-34 0.00357297 0.00130663 0.00145262 -3.60721e-34 0.0399202 0.0330614 0.0362638 
-0.0238914 -0.140569 -0.0662959 -0.117427 -0.0696826 -0.0947551 -0.147251 -0.0275299 -0.0498788 -0.0377557 -0.095057 -0.0789265 -0.0745009 -0.0635673 -0.0174589 
0.802825 0.357813 0.730198 0.552909 0.772222 0.603666 -0.0738662 -0.0239638 -0.0382487 -0.0301307 -0.0556585 -0.0460286 -0.0690028 -0.0617937 -0.0643035 
0.595042 0.577044 0.885065 0.767998 0.762077 0.592407 -0.102946 -0.0724349 -0.165064 -0.121963 -0.138824 -0.0895399 -0.059226 -0.0593386 -0.0757523 
7.92152e-34 0.855291 7.64785e-34 0.558066 -5.1829e-34 0.59356 2.96288e-34 -0.0455337 4.37485e-34 -0.024091 1.10728e-33 -0.050284 -0.132869 -0.106254 -0.0986475 
0.324667 0.232848 0.159144 0.19774 0.249517 0.282115 0.00826016 0.00357297 0.00220426 0.00280453 0.00533906 0.0062065 0.0300822 0.0362638 0.0304133 
0.500001 0.5 0.466836 0.491778 0.491711 0.5 -9.93085e-06 -5.83845e-06 -6.28964e-06 -6.18459e-06 -8.0648e-06 -7.62061e-06 0.0021127 0.000953218 0.00136263 
0.500001 0.462972 0.5 0.49067 0.5 0.490742 -9.93085e-06 -6.44705e-06 -5.83845e-06 -6.27172e-06 -7.62061e-06 -8.15467e-06 0.0021127 0.00144434 0.000953218 
6.72262e-34 5.3702e-34 0.715207 0.419628 0.413185 -2.45645e-34 2.75725e-34 3.49082e-34 -0.0118444 -0.00445624 -0.00343597 6.42183e-34 -0.0593426 -0.075356 -0.0718679 
-2.95952e-35 0.0593024 -0.0662959 -0.0070159 -0.064922 -0.0139488 -1.21177e-34 -0.0664508 -0.0498788 -0.0638681 -0.0205662 -0.0226285 0.0176916 0.0242431 -0.0174589 
0.999002 0.995097 0.693199 0.901976 0.912702 0.997659 -0.0201245 -0.0374885 -0.0192571 -0.0314074 -0.0239908 -0.0288524 -0.0622099 -0.0726979 -0.0594615 
6.72262e-34 0.715207 0.841317 0.783016 0.517025 0.413185 2.75725e-34 -0.0118444 -0.0108553 -0.0117518 -0.00395235 -0.00343597 -0.0593426 -0.0718679 -0.0595154 
0.915031 0.831613 0.762855 0.839263 0.865612 0.872321 -0.235139 -0.265653 -0.164035 -0.215746 -0.203555 -0.258991 -0.0937706 -0.067164 -0.0616174 
0.356845 0.293874 0.198982 0.248668 0.285163 0.326789 -2.09584e-05 -9.51434e-06 -6.41681e-06 -8.88569e-06 -1.43282e-05 -1.45455e-05 0.00553672 0.00417362 0.00526494 
0.335984 0.420365 0.880536 0.676876 0.678133 0.394061 -0.00513725 -0.0970597 -0.172017 -0.163594 -0.108981 -0.0459796 -0.140571 -0.189448 -0.138687 
0.989321 0.981989 0.730198 0.897168 0.904527 0.985363 -0.0599611 -0.0815816 -0.0382487 -0.0642293 -0.0541053 -0.0709854 -0.0805298 -0.0836085 -0.0643035 
5.42581e-34 4.95158e-34 -0.0404779 -0.00913921 0.00823227 1.04055e-33 1.28071e-34 9.13128e-35 0.142867 0.126579 0.138321 -1.09313e-34 -0.126279 -0.120856 -0.129293 
0.999002 0.693199 0.635623 0.665496 0.897513 0.912702 -0.0201245 -0.0192571 -0.00977023 -0.0133226 -0.0184558 -0.0239908 -0.0622099 -0.0594615 -0.0537902 
0.999002 0.845301 0.995097 0.975838 0.997659 0.968903 -0.0201245 -0.0250423 -0.0374885 -0.0381548 -0.0288524 -0.0276012 -0.0622099 -0.0841621 -0.0726979 
0.244906 0.180933 0.380043 0.292426 0.318772 0.213813 -1.11404e-06 -1.23506e-06 -3.74188e-06 -2.46465e-06 -2.12493e-06 -1.11568e-06 -5.7073e-09 0.000915601 0.00103209 
0.244898 0.380098 0.169605 0.287909 0.208467 0.318804 -1.10762e-06 -3.76901e-06 -1.15767e-06 -2.46735e-06 -1.08337e-06 -2.14138e-06 1.78294e-08 0.00103145 0.000953943 
0.390388 0.487442 0.443068 0.469258 0.418867 0.450906 -8.66454e-06 -1.49518e-05 -2.00727e-05 -1.76151e-05 -1.33829e-05 -1.15454e-05 0.00271318 0.00318599 0.00446466 
4.4196e-34 0.635623 0.693199 0.665496 0.388646 0.348299 -2.86704e-34 -0.00977023 -0.0192571 -0.0133226 -0.00531309 -0.00353668 -0.0570662 -0.0537902 -0.0594615 
0.396126 0.469999 0.478748 0.474327 0.444962 0.438564 0.0100611 0.00993195 0.0139679 0.0121525 0.0119877 0.0102006 0.0248258 0.0217324 0.0239285 
0.383827 0.464832 0.470258 0.46756 0.434127 0.430172 0.00114078 0.000736647 0.00174047 0.00113833 0.00146754 0.000963087 0.0166764 0.0153795 0.0168435 
4.90435e-34 0.651067 0.777294 0.717554 0.461713 0.368965 2.14506e-34 -0.00448313 -0.00380457 -0.00424479 -0.00152508 -0.00130715 -0.0454958 -0.0502986 -0.0384378 
0.998795 0.750411 0.6261 0.691283 0.895955 0.928439 -0.00304729 -0.00123188 -0.00165996 -0.00146914 -0.00301853 -0.00232861 -0.0276808 -0.0197858 -0.028913 
-0.0238914 0.367293 0.366394 0.359268 0.128102 0.156344 -0.147251 -0.267836 -0.252615 -0.276942 -0.191375 -0.217545 -0.0745009 -0.0182653 -0.113227 
5.65195e-34 0.837868 0.635623 0.746704 0.35461 0.499865 -2.47391e-34 -0.00875601 -0.00977023 -0.00963634 -0.00309752 -0.00424471 -0.049341 -0.0477338 -0.0537902 
0.383085 0.461612 0.468767 0.46529 0.432744 0.427687 -5.56085e-05 -7.29581e-06 -6.12084e-05 -3.71626e-05 -6.08112e-05 -3.87812e-05 0.0110843 0.0124791 0.0109608 
1.29091e-34 1.3564e-34 0.299545 0.125242 0.0997952 -1.00341e-34 -2.39653e-34 -2.87528e-34 -0.0437811 -0.0109658 -0.00869168 -4.94697e-34 -0.0461075 -0.0557668 -0.0518069 
0.999002 0.715207 0.845301 0.785451 0.968903 0.940096 -0.0201245 -0.0118444 -0.0250423 -0.0164626 -0.0276012 -0.0206327 -0.0622099 -0.0718679 -0.0841621 
-7.05362e-35 -1.77472e-34 -0.15395 -0.114504 -0.0833673 6.54788e-35 5.97572e-34 5.75666e-34 0.0394555 0.0146271 0.0190854 1.13148e-33 -0.116928 -0.112208 -0.118174 
1.14359e-34 2.77641e-34 0.20463 0.109005 0.108999 -7.77595e-35 -2.92171e-35 -2.19305e-35 -7.4249e-06 -2.29461e-06 -1.84761e-06 -5.11365e-35 0.00591566 0.0044395 0.00540157 
0.75 0.750411 0.986734 0.905547 0.905445 0.750089 -6.88629e-37 -0.00123188 -0.00106333 -0.00137763 -0.000926217 -0.000646417 -0.00923944 -0.0197858 -0.0158286 
0.3647 0.496874 0.455692 0.473703 0.416287 0.440954 0.00335454 -0.0261779 0.00598358 -0.00601678 0.00403213 -0.00993949 0.00344343 0.0135692 0.0158417 
0.370192 0.450464 0.45957 0.454929 0.421299 0.414658 0.0101211 0.0170403 0.0132876 0.0150062 0.012003 0.0135969 0.0208234 0.021139 0.0216397 
0.38161 0.460213 0.466626 0.463558 0.430631 0.426276 0.00107368 0.0031134 0.00158599 0.00225129 0.00135761 0.00193361 0.0172408 0.0185304 0.0170768 
0.691413 0.692473 0.831613 0.772307 0.765897 0.727945 -0.265359 -0.171235 -0.265653 -0.219378 -0.272013 -0.221218 -0.02442 -0.0294997 -0.067164 
0.382429 0.459548 0.467584 0.463677 0.431639 0.426011 -5.3967e-05 -7.52018e-05 -6.42936e-05 -7.97228e-05 -5.53715e-05 -6.43171e-05 0.011027 0.00971196 0.0110683 
0.28915 0.43414 0.342766 0.393346 0.316939 0.3719 -2.23933e-05 -4.43988e-05 -4.36523e-05 -4.40456e-05 -3.19869e-05 -3.51679e-05 0.00725299 0.00709508 0.00829035 
0.500001 0.488269 0.487442 0.499997 0.49686 0.497068 -9.93085e-06 -1.71973e-05 -1.49518e-05 -1.61491e-05 -1.22521e-05 -1.3153e-05 0.0021127 0.00356919 0.00318599 
0.691413 0.639424 0.367293 0.494531 0.557957 0.676131 -0.265359 -0.298054 -0.267836 -0.294789 -0.275882 -0.289422 -0.02442 -0.0673112 -0.0182653 
0.500002 0.453688 0.495111 0.479681 0.498802 0.488493 -7.68832e-05 -7.16883e-05 -8.07946e-05 -7.46526e-05 -7.95812e-05 -7.6538e-05 0.00907816 0.00948749 0.0100663 
2.25359e-34 -7.05362e-35 -0.0491657 -0.039111 -0.010813 1.97898e-35 2.92619e-34 5.97572e-34 0.0436748 0.0137771 0.00858133 1.13473e-33 -0.114207 -0.116928 -0.114395 
0.383085 0.468767 0.453688 0.461596 0.422402 0.432744 -5.56085e-05 -6.12084e-05 -7.16883e-05 -7.50745e-05 -6.78153e-05 -6.08112e-05 0.0110843 0.0109608 0.00948749 
0.335984 0.0790365 0.0331807 0.0649474 0.141675 0.195854 -0.00513725 0.0859648 0.157817 0.12415 0.109595 0.0665219 -0.140571 -0.12078 -0.138707 
2.25359e-34 -0.0491657 4.56567e-34 -0.0178633 9.52139e-34 -0.010813 2.92619e-34 0.0436748 3.76186e-35 0.0376809 -1.67216e-35 0.00858133 -0.114207 -0.114395 -0.112548 
0.440879 0.342766 0.43414 0.393346 0.437555 0.397706 -5.39291e-05 -4.36523e-05 -4.43988e-05 -4.40456e-05 -5.1552e-05 -4.97822e-05 0.00822052 0.00829035 0.00709508 
0.595042 0.219339 0.577044 0.389996 0.592407 0.408266 -0.102946 -0.025844 -0.0724349 -0.0429345 -0.0895399 -0.0568789 -0.059226 -0.056218 -0.0593386 
0.691413 0.831613 0.639424 0.758619 0.676131 0.765897 -0.265359 -0.265653 -0.298054 -0.296941 -0.289422 -0.272013 -0.02442 -0.067164 -0.0673112 
0.404423 0.427577 0.488269 0.464388 0.45643 0.4164 -9.23009e-06 -1.75344e-05 -1.71973e-05 -1.74309e-05 -1.28859e-05 -1.30171e-05 0.00273698 0.00426073 0.00356919 
6.56777e-34 4.01555e-34 0.705261 0.404757 0.403781 -2.80072e-34 -1.4667e-34 -9.0543e-35 -0.0016945 -0.00044306 -0.000702078 -2.34668e-34 -0.0294776 -0.0183726 -0.0235066 
0.38161 0.466626 0.461103 0.463948 0.42678 0.430631 0.00107368 0.00158599 0.000688314 0.00105374 0.000888012 0.00135761 0.0172408 0.0170768 0.0156534 
0.998795 0.997375 0.841975 0.970135 0.966654 0.998014 -0.00304729 -0.00551579 -0.00446915 -0.00574436 -0.00462618 -0.00453801 -0.0276808 -0.0368733 -0.0355113 
0.370192 0.45957 0.45617 0.458061 0.418938 0.421299 0.0101211 0.0132876 0.0093791 0.0113855 0.0100924 0.012003 0.0208234 0.0216397 0.0210686 
0.999002 0.635623 0.837868 0.746704 0.95382 0.897513 -0.0201245 -0.00977023 -0.00875601 -0.00963634 -0.0156434 -0.0184558 -0.0622099 -0.0537902 -0.0477338 
0.500003 0.461103 0.49515 0.482208 0.498742 0.49013 0.000570262 0.000688314 0.00105682 0.000856803 0.000788916 0.000636323 0.0149628 0.0156534 0.0160129 
2.38295e-34 1.29091e-34 0.196698 0.0717024 0.0589 -5.66232e-35 -1.77935e-34 -2.39653e-34 -0.0175922 -0.00704245 -0.00319622 -3.87534e-34 -0.0328626 -0.0461075 -0.0445513 
-0.083526 -0.0491657 -0.15395 -0.0988632 -0.121072 -0.0734781 0.0997178 0.0436748 0.0394555 0.0444691 0.0744353 0.0742885 -0.122525 -0.114395 -0.118174 
0.335984 0.13564 0.420365 0.262701 0.394061 0.229134 -0.00513725 0.10262 -0.0970597 0.013926 -0.0459796 0.0613728 -0.140571 -0.163618 -0.189448 
0.3647 0.515428 0.496874 0.504303 0.440954 0.435338 0.00335454 -0.0570141 -0.0261779 -0.0415576 -0.00993949 -0.0194649 0.00344343 0.000915633 0.0135692 
0.499966 0.45617 0.493166 0.4784 0.497857 0.487782 0.00907832 0.0093791 0.0119332 0.01057 0.010463 0.00948282 0.0208224 0.0210686 0.0215183 
0.507648 0.455692 0.510217 0.488205 0.509153 0.495111 0.000382452 0.00598358 -0.0153029 -0.00348484 -0.00642741 0.00237452 0.0259607 0.0158417 0.0218888 
0.990699 0.841975 0.997375 0.970135 0.994678 0.976935 -0.00820112 -0.00446915 -0.00551579 -0.00574436 -0.00672807 -0.00766589 -0.0460965 -0.0355113 -0.0368733 
0.998795 0.6261 0.777294 0.706513 0.936062 0.895955 -0.00304729 -0.00165996 -0.00380457 -0.00246737 -0.00411273 -0.00301853 -0.0276808 -0.028913 -0.0384378 
0.969158 0.880536 0.885065 0.948697 0.936009 0.955006 -0.154884 -0.172017 -0.165064 -0.20443 -0.165895 -0.185403 -0.0943276 -0.138687 -0.0757523 
0.0574766 -0.0662959 0.0593024 -0.0070159 0.0566884 -0.0196356 -0.15196 -0.0498788 -0.0664508 -0.0638681 -0.111555 -0.0999403 -0.00491194 -0.0174589 0.0242431 
5.42581e-34 0.0331807 0.0790365 0.0649474 0.013596 0.0234574 1.28071e-34 0.157817 0.0859648 0.12415 0.0709358 0.133246 -0.126279 -0.138707 -0.12078 
0.581506 0.555869 0.515428 0.547709 0.582493 0.575011 -0.153121 -0.0777659 -0.0570141 -0.0671588 -0.101052 -0.113335 0.0219895 0.0169045 0.000915633 
2.62592e-34 0.577044 0.219339 0.389996 0.109476 0.255422 -3.0358e-34 -0.0724349 -0.025844 -0.0429345 -0.0100889 -0.0183134 -0.0571991 -0.0593386 -0.056218 
0.56714 0.692473 0.653056 0.683259 0.635789 0.627964 -0.0947431 -0.171235 -0.18092 -0.179708 -0.13637 -0.13028 -0.0148986 -0.0294997 -0.000406621 
0.691413 0.653056 0.692473 0.683259 0.727945 0.676671 -0.265359 -0.18092 -0.171235 -0.179708 -0.221218 -0.222999 -0.02442 -0.000406621 -0.0294997 
0.440879 0.43414 0.491737 0.469806 0.4721 0.437555 -5.39291e-05 -4.43988e-05 -6.66832e-05 -5.47345e-05 -6.05286e-05 -5.1552e-05 0.00822052 0.00709508 0.00793869 
1.4854e-34 0.241886 0.178862 0.215132 0.0981235 0.132748 -2.60697e-34 -0.0106922 -0.0241103 -0.017888 -0.00816918 -0.00532614 0.0505807 0.048514 0.0499418 
-0.0286095 0.420365 0.13564 0.262701 0.0568023 0.144004 0.0667123 -0.0970597 0.10262 0.013926 0.0994509 0.035859 -0.163051 -0.189448 -0.163618 
0.382429 0.467584 0.461606 0.464651 0.427407 0.431639 -5.3967e-05 -6.42936e-05 3.85265e-06 -3.75237e-05 -3.55104e-05 -5.53715e-05 0.011027 0.0110683 0.012425 
0.272714 0.169605 0.380098 0.287909 0.330663 0.223563 -3.30237e-06 -1.15767e-06 -3.76901e-06 -2.46735e-06 -3.64823e-06 -2.02452e-06 0.00174454 0.000953943 0.00103145 
0.273399 0.380043 0.180933 0.292426 0.229139 0.330925 -3.23994e-06 -3.74188e-06 -1.23506e-06 -2.46465e-06 -2.02851e-06 -3.63279e-06 0.00173933 0.00103209 0.000915601 
3.76377e-34 5.94484e-34 0.730198 0.410365 0.383218 -4.25827e-34 -3.22918e-34 -3.17514e-34 -0.0382487 -0.0120948 -0.0158309 -5.98973e-34 -0.06263 -0.0608326 -0.0643035 
0.75 0.437817 0.750411 0.609547 0.750089 0.609568 -6.88629e-37 -0.000284059 -0.00123188 -0.000520142 -0.000646417 -0.000227993 -0.00923944 -0.0151343 -0.0197858 
0.408168 0.380043 0.466836 0.430183 0.441158 0.394574 -2.52528e-06 -3.74188e-06 -6.28964e-06 -5.0019e-06 -3.98119e-06 -2.97224e-06 -4.39909e-08 0.00103209 0.00136263 
0.408162 0.462972 0.380098 0.427452 0.394598 0.438626 -2.53455e-06 -6.44705e-06 -3.76901e-06 -5.11057e-06 -2.98714e-06 -4.04214e-06 4.43488e-08 0.00144434 0.00103145 
0.915031 0.885065 0.880536 0.948697 0.919891 0.914818 -0.235139 -0.165064 -0.172017 -0.20443 -0.222796 -0.203753 -0.0937706 -0.0757523 -0.138687 
0.383827 0.470258 0.463252 0.466788 0.428954 0.434127 0.00114078 0.00174047 0.00321585 0.00239111 0.00201251 0.00146754 0.0166764 0.0168435 0.0181704 
0.998795 0.705261 0.937009 0.842449 0.988455 0.935151 -0.00304729 -0.0016945 -0.00140547 -0.00189107 -0.00258191 -0.0029675 -0.0276808 -0.0235066 -0.0173661 
2.68122e-34 1.14467e-34 0.198982 0.105778 0.105773 -6.94333e-35 2.16548e-35 2.88942e-35 -6.41681e-06 -1.38285e-06 -1.79244e-06 5.0559e-35 0.00441886 0.00589518 0.00526494 
0.500002 0.461606 0.495358 0.482561 0.498823 0.490354 8.56267e-05 3.85265e-06 -2.09716e-05 -2.00106e-05 2.43191e-05 3.58427e-05 0.01299 0.012425 0.0119832 
0.990699 0.999667 0.837868 0.962571 0.97608 0.997005 -0.00820112 -0.0135679 -0.00875601 -0.0126888 -0.0108787 -0.0113264 -0.0460965 -0.0538587 -0.0477338 
0.396126 0.478748 0.466333 0.473173 0.435978 0.444962 0.0100611 0.0139679 0.0147056 0.0147466 0.0127074 0.0119877 0.0248258 0.0239285 0.0276873 
4.4196e-34 5.65195e-34 0.635623 0.35461 0.348299 -1.96148e-34 -2.86704e-34 -2.47391e-34 -0.00977023 -0.00309752 -0.00353668 -5.20882e-34 -0.0570662 -0.049341 -0.0537902 
0.408168 0.244906 0.380043 0.318772 0.394574 0.336741 -2.52528e-06 -1.11404e-06 -3.74188e-06 -2.12493e-06 -2.97224e-06 -1.74627e-06 -4.39909e-08 -5.7073e-09 0.00103209 
0.244898 0.408162 0.380098 0.394598 0.318804 0.336734 -1.10762e-06 -2.53455e-06 -3.76901e-06 -2.98714e-06 -2.14138e-06 -1.73544e-06 1.78294e-08 4.43488e-08 0.00103145 
0.567248 0.196698 0.299545 0.243694 0.447927 0.383854 -0.113796 -0.0175922 -0.0437811 -0.0292581 -0.0770144 -0.0554868 -0.0454923 -0.0445513 -0.0518069 
2.6624e-34 0.586202 4.01555e-34 0.32474 -9.76757e-35 0.325034 -1.63229e-35 -0.00051325 -9.0543e-35 -0.00022676 -1.22608e-34 -0.000159058 -0.00661282 -0.0143858 -0.0183726 
4.01555e-34 0.586202 0.705261 0.648362 0.404757 0.32474 -9.0543e-35 -0.00051325 -0.0016945 -0.000929849 -0.00044306 -0.00022676 -0.0183726 -0.0143858 -0.0235066 
0.500001 0.466836 0.477911 0.472654 0.494479 0.491711 -9.93085e-06 -6.28964e-06 -1.04693e-05 -8.18351e-06 -1.03853e-05 -8.0648e-06 0.0021127 0.00136263 0.00248653 
0.404423 0.477911 0.466836 0.472654 0.439664 0.44761 -9.23009e-06 -1.04693e-05 -6.28964e-06 -8.18351e-06 -7.64615e-06 -9.96682e-06 0.00273698 0.00248653 0.00136263 
4.42387e-34 0.6261 0.750411 0.691283 0.437996 0.350661 9.86484e-35 -0.00165996 -0.00123188 -0.00146914 -0.000388526 -0.000380749 -0.02085 -0.028913 -0.0197858 
1 0.75 0.986734 0.905445 0.996697 0.9375 -9.16022e-37 -6.88629e-37 -0.00106333 -0.000926217 -0.0010031 -1.41991e-36 -0.00804371 -0.00923944 -0.0158286 
0.999002 0.837868 0.999667 0.962571 0.99975 0.95382 -0.0201245 -0.00875601 -0.0135679 -0.0126888 -0.0163827 -0.0156434 -0.0622099 -0.0477338 -0.0538587 
1.1423e-34 1.11758e-34 0.202823 0.108054 0.1092 -7.10264e-35 -1.04244e-34 -9.41898e-35 0.00139791 0.000463792 0.000521656 -1.99552e-34 0.0212444 0.0191606 0.0201688 
0.499997 0.463252 0.495797 0.483537 0.499099 0.491254 0.00447205 0.00321585 0.00288889 0.0030666 0.00362291 0.00390451 0.0188737 0.0181704 0.0178058 
1.08926e-34 1.09715e-34 0.198343 0.105317 0.105343 -6.92942e-35 -7.17998e-35 -6.49021e-35 3.53544e-05 6.68221e-06 9.97174e-06 -1.3675e-34 0.014545 0.013144 0.0138953 
0.990699 0.777294 0.651067 0.717554 0.882833 0.91899 -0.00820112 -0.00380457 -0.00448313 -0.00424479 -0.00784871 -0.0065318 -0.0460965 -0.0384378 -0.0502986 
1.06274e-34 1.0886e-34 0.197854 0.105185 0.105207 -6.77727e-35 6.58228e-35 7.34399e-35 2.5512e-05 9.48281e-06 5.5337e-06 1.39222e-34 0.0134269 0.0149768 0.0141371 
1.04173e-34 1.04949e-34 0.194205 0.101815 0.102865 -6.66684e-35 9.4766e-35 9.94687e-35 0.0013621 0.000449363 0.000424835 1.93209e-34 0.0192531 0.0201643 0.0197469 
8.59535e-35 8.06758e-35 0.16809 0.0782013 0.0828367 -5.99242e-35 8.48152e-35 6.15323e-35 0.0062168 0.00205096 0.00204259 1.42138e-34 0.0169036 0.0120913 0.0150715 
-1.1587e-34 -2.95952e-35 -0.0662959 -0.064922 -0.109243 -1.17874e-35 1.37101e-34 -1.21177e-34 -0.0498788 -0.0205662 -0.0217065 7.86724e-35 -0.0313137 0.0176916 -0.0174589 
0.709938 0.796066 0.420365 0.633996 0.598162 0.755764 -0.282495 -0.229217 -0.0970597 -0.200101 -0.23151 -0.26177 -0.11417 -0.137949 -0.189448 
5.22996e-35 2.38295e-34 0.14898 0.0564404 0.0522256 -5.66716e-35 -8.66908e-35 -1.77935e-34 -0.000544529 0.000195357 8.58843e-05 -2.47682e-34 -0.0176866 -0.0328626 -0.0210845 
9.91774e-35 2.27624e-34 0.196224 0.104179 0.104166 -6.63795e-35 -4.36908e-35 -3.64806e-35 -1.64397e-05 -7.79792e-06 -6.71628e-06 -8.01497e-35 0.00884597 0.00738417 0.00844338 
0.356845 0.4663 0.472736 0.469603 0.426158 0.421057 -2.09584e-05 -4.38375e-05 -2.87703e-05 -3.53528e-05 -2.53988e-05 -3.15038e-05 0.00553672 0.00669994 0.00528958 
0.937009 0.705261 0.586202 0.648362 0.80004 0.842449 -0.00140547 -0.0016945 -0.00051325 -0.000929849 -0.00104996 -0.00189107 -0.0173661 -0.0235066 -0.0143858 
0.501443 0.466333 0.501019 0.491501 0.501476 0.495821 0.0164896 0.0147056 0.0164608 0.0163698 0.0167481 0.0158614 0.0240392 0.0276873 0.023989 
1 0.986734 0.937009 0.995364 0.984153 0.996697 -9.16022e-37 -0.00106333 -0.00140547 -0.00147425 -0.00121455 -0.0010031 -0.00804371 -0.0158286 -0.0173661 
-1.94623e-34 -1.1587e-34 -0.140569 -0.138604 -0.155784 2.5147e-35 4.00096e-34 1.37101e-34 -0.0275299 -0.00963191 0.00263784 5.71379e-34 -0.080985 -0.0313137 -0.0635673 
3.76377e-34 0.730198 0.357813 0.552909 0.186405 0.383218 -3.22918e-34 -0.0382487 -0.0239638 -0.0301307 -0.00759146 -0.0158309 -0.06263 -0.0643035 -0.0617937 
2.6624e-34 0.75 0.586202 0.673314 0.325034 0.4375 -1.63229e-35 -5.9998e-37 -0.00051325 -0.000308104 -0.000159058 -1.63947e-37 -0.00661282 -0.00677355 -0.0143858 
1.10965e-34 1.102e-34 0.202208 0.107676 0.107656 -7.36506e-35 5.08365e-35 5.82894e-35 -2.29121e-05 -9.64361e-06 -1.04249e-05 1.09136e-34 0.0103725 0.0118927 0.0111218 
2.607e-34 1.08537e-34 0.202184 0.107631 0.107618 -7.37078e-35 3.61554e-35 4.34712e-35 -1.82344e-05 -6.57973e-06 -8.37423e-06 7.96517e-35 0.00737944 0.00886973 0.00840021 
1.07092e-34 1.06603e-34 0.196866 0.104399 0.104667 -6.71045e-35 8.10012e-35 8.83154e-35 0.000325158 0.000117946 0.000103436 1.69029e-34 0.0165055 0.0179804 0.0172563 
9.94876e-35 9.49208e-35 0.184701 0.0935019 0.0963287 -6.39724e-35 1.00883e-34 9.66644e-35 0.00340378 0.00129758 0.00122071 1.94974e-34 0.0203568 0.0194169 0.0201552 
6.90532e-35 6.11228e-35 0.147745 0.058713 0.0635696 -5.43614e-35 2.66418e-35 -2.56828e-35 0.00614324 0.00258272 0.00255162 -2.62694e-36 0.00497638 -0.00559744 0.000460766 
1.19934e-34 1.21036e-34 0.214367 0.115946 0.118694 -7.6807e-35 -1.3668e-34 -1.17498e-34 0.00344373 0.00120519 0.00131057 -2.56742e-34 0.0279485 0.0240297 0.0257608 
1.09492e-34 1.10039e-34 0.198505 0.105383 0.105675 -6.87884e-35 -8.60374e-35 -7.87689e-35 0.000348817 0.000112385 0.000126074 -1.65113e-34 0.0174604 0.0159714 0.0166996 
1.08941e-34 1.07301e-34 0.197571 0.104922 0.104902 -6.82524e-35 -5.79168e-35 -5.08493e-35 -2.59711e-05 -9.54458e-06 -8.61423e-06 -1.08758e-34 0.0117267 0.0102953 0.0110157 
0.595042 0.762855 0.299545 0.54988 0.444959 0.692766 -0.102946 -0.164035 -0.0437811 -0.101593 -0.0735772 -0.132406 -0.059226 -0.0616174 -0.0518069 
0.581506 0.484439 0.555869 0.539434 0.575011 0.529394 -0.153121 -0.107062 -0.0777659 -0.0986903 -0.113335 -0.133755 0.0219895 0.0393015 0.0169045 
0.527964 0.555869 0.484439 0.539434 0.519291 0.540651 -0.052245 -0.0777659 -0.107062 -0.0986903 -0.0779729 -0.0660188 0.0257079 0.0169045 0.0393015 
0.567248 0.762855 0.831613 0.839263 0.766684 0.668342 -0.113796 -0.164035 -0.265653 -0.215746 -0.193601 -0.142178 -0.0454923 -0.0616174 -0.067164 
0.335984 0.0331807 0.13564 0.0822916 0.229134 0.141675 -0.00513725 0.157817 0.10262 0.14009 0.0613728 0.109595 -0.140571 -0.138707 -0.163618 
0.500001 0.477911 0.488269 0.483496 0.497068 0.494479 -9.93085e-06 -1.04693e-05 -1.71973e-05 -1.3369e-05 -1.3153e-05 -1.03853e-05 0.0021127 0.00248653 0.00356919 
1.91409e-34 4.42387e-34 0.437817 0.234654 0.234555 4.78623e-35 2.24188e-35 9.86484e-35 -0.000284059 -0.000253308 -0.000122804 1.44223e-34 -0.00944919 -0.02085 -0.0151343 
0.999002 0.841317 0.715207 0.783016 0.940096 0.966265 -0.0201245 -0.0108553 -0.0118444 -0.0117518 -0.0206327 -0.0174911 -0.0622099 -0.0595154 -0.0718679 
0.340763 0.178862 0.241886 0.215132 0.302494 0.266915 -0.0709998 -0.0241103 -0.0106922 -0.017888 -0.0366362 -0.0495522 0.0501177 0.0499418 0.048514 
0.567248 0.299545 0.762855 0.54988 0.668342 0.447927 -0.113796 -0.0437811 -0.164035 -0.101593 -0.142178 -0.0770144 -0.0454923 -0.0518069 -0.0616174 
0.404423 0.488269 0.477911 0.483496 0.44761 0.45643 -9.23009e-06 -1.71973e-05 -1.04693e-05 -1.3369e-05 -9.96682e-06 -1.28859e-05 0.00273698 0.00356919 0.00248653 
-2.95952e-35 1.49735e-34 0.0593024 0.0294463 -0.0139488 -4.54297e-35 -1.21177e-34 -2.75304e-34 -0.0664508 -0.0222694 -0.0226285 -2.908e-34 0.0176916 0.0436264 0.0242431 
4.42387e-34 0.750411 0.437817 0.609547 0.234654 0.437996 9.86484e-35 -0.00123188 -0.000284059 -0.000520142 -0.000253308 -0.000388526 -0.02085 -0.0197858 -0.0151343 
1.1423e-34 0.202823 0.157882 0.180654 0.0829706 0.1092 -1.04244e-34 0.00139791 0.00138284 0.00143923 0.000451405 0.000521656 0.0212444 0.0201688 0.0225476 
0.75 0.937009 0.586202 0.80004 0.673314 0.859097 -5.9998e-37 -0.00140547 -0.00051325 -0.00104996 -0.000308104 -0.000914463 -0.00677355 -0.0173661 -0.0143858 
0.316403 0.157882 0.202823 0.180654 0.262543 0.243489 0.00496157 0.00138284 0.00139791 0.00143923 0.00293658 0.00319484 0.0223415 0.0225476 0.0201688 
1.08926e-34 0.198343 0.149417 0.174314 0.0779394 0.105343 -7.17998e-35 3.53544e-05 8.45638e-05 6.75792e-05 2.43946e-05 9.97174e-06 0.014545 0.0138953 0.015255 
-0.0286095 0.13564 0.0331807 0.0822916 0.0289079 0.0568023 0.0667123 0.10262 0.157817 0.14009 0.132199 0.0994509 -0.163051 -0.163618 -0.138707 
4.42387e-34 4.56384e-34 0.6261 0.351619 0.350661 -1.42507e-34 9.86484e-35 1.54961e-34 -0.00165996 -0.000559054 -0.000380749 2.5545e-34 -0.02085 -0.0328027 -0.028913 
0.307628 0.149417 0.198343 0.174314 0.25598 0.234412 0.000328782 8.45638e-05 3.53544e-05 6.75792e-05 0.000150624 0.000209814 0.0152943 0.015255 0.0138953 
1.14467e-34 2.607e-34 0.192738 0.102219 0.102217 -6.1252e-35 2.88942e-35 3.61554e-35 -9.70412e-06 -6.92467e-06 -2.87226e-06 6.50729e-35 0.00589518 0.00737944 0.00624804 
4.90435e-34 6.72262e-34 0.651067 0.372352 0.368965 -1.66859e-34 2.14506e-34 2.75725e-34 -0.00448313 -0.00237302 -0.00130715 4.99286e-34 -0.0454958 -0.0593426 -0.0502986 
0.208331 0.369751 0.196991 0.294508 0.203088 0.287726 -0.0891966 -0.141906 -0.157456 -0.158645 -0.123174 -0.122533 0.0442821 0.0446765 0.0300346 
0.567248 0.831613 0.692473 0.772307 0.648962 0.766684 -0.113796 -0.265653 -0.171235 -0.219378 -0.146373 -0.193601 -0.0454923 -0.067164 -0.0294997 
0.595042 0.299545 0.219339 0.264479 0.408266 0.444959 -0.102946 -0.0437811 -0.025844 -0.0344789 -0.0568789 -0.0735772 -0.059226 -0.0518069 -0.056218 
1.0886e-34 0.146114 0.197854 0.17252 0.105185 0.0762801 7.34399e-35 6.62377e-05 2.5512e-05 5.28249e-05 9.48281e-06 2.29209e-05 0.0149768 0.0157455 0.0141371 
1.06274e-34 0.197854 0.146289 0.1726 0.0763458 0.105207 6.58228e-35 2.5512e-05 -6.40464e-06 7.99374e-06 1.1196e-07 5.5337e-06 0.0134269 0.0141371 0.0126571 
1.04949e-34 0.139723 0.194205 0.167634 0.101815 0.0724392 9.94687e-35 0.00126907 0.0013621 0.00145341 0.000449363 0.00037631 0.0201643 0.0203493 0.0197469 
1.04173e-34 0.194205 0.144709 0.170115 0.0751083 0.102865 9.4766e-35 0.0013621 0.000406314 0.000715494 0.000170666 0.000424835 0.0192531 0.0197469 0.0186461 
8.06758e-35 0.107857 0.16809 0.138028 0.0782013 0.0503907 6.15323e-35 0.00373172 0.0062168 0.00522705 0.00205096 0.00102283 0.0120913 0.0087082 0.0150715 
8.59535e-35 0.16809 0.127359 0.147968 0.0617677 0.0828367 8.48152e-35 0.0062168 0.00272202 0.0037956 0.00092785 0.00204259 0.0169036 0.0150715 0.0183534 
0.30648 0.146289 0.197854 0.1726 0.255191 0.232385 -1.92706e-05 -6.40464e-06 2.5512e-05 7.99374e-06 9.45062e-06 -9.96336e-06 0.0125865 0.0126571 0.0141371 
0.304412 0.144709 0.194205 0.170115 0.252402 0.230418 0.00146249 0.000406314 0.0013621 0.000715494 0.0015761 0.000974258 0.0186522 0.0186461 0.0197469 
0.33038 0.197854 0.146114 0.17252 0.246615 0.26892 0.000307845 2.5512e-05 6.62377e-05 5.28249e-05 0.000190116 0.000133712 0.0155177 0.0141371 0.0157455 
0.285809 0.127359 0.16809 0.147968 0.229617 0.211052 0.00966473 0.00272202 0.0062168 0.0037956 0.0083142 0.00628782 0.0190439 0.0183534 0.0150715 
0.323306 0.194205 0.139723 0.167634 0.239273 0.263664 0.00496172 0.0013621 0.00126907 0.00145341 0.00327068 0.00299347 0.0206485 0.0197469 0.0203493 
0.295547 0.16809 0.107857 0.138028 0.205937 0.233955 0.0114499 0.0062168 0.00373172 0.00522705 0.0085495 0.00960194 0.0113882 0.0150715 0.0087082 
6.72262e-34 0.841317 0.651067 0.754892 0.372352 0.517025 2.75725e-34 -0.0108553 -0.00448313 -0.00691753 -0.00237302 -0.00395235 -0.0593426 -0.0595154 -0.0502986 
0.709938 0.639424 0.831613 0.758619 0.796217 0.66922 -0.282495 -0.298054 -0.265653 -0.296941 -0.289249 -0.296821 -0.11417 -0.0673112 -0.067164 
0.330961 0.198343 0.146985 0.173145 0.247339 0.269408 -4.89302e-06 3.53544e-05 -8.57596e-06 7.2119e-06 -6.75996e-06 3.73467e-05 0.0126282 0.0138953 0.0124483 
1.09715e-34 0.146985 0.198343 0.173145 0.105317 0.0766397 -6.49021e-35 -8.57596e-06 3.53544e-05 7.2119e-06 6.68221e-06 2.45065e-06 0.013144 0.0124483 0.0138953 
0.335305 0.184494 0.232848 0.21035 0.289469 0.267162 -0.00224546 -0.000861736 0.00357297 0.00139554 0.0021033 -0.00139165 0.0415146 0.043181 0.0362638 
7.98743e-35 0.169605 2.03706e-34 0.0891782 -3.4368e-35 0.0891785 -6.93639e-40 -1.15767e-06 -7.3155e-36 -7.87087e-07 -7.31392e-36 -3.83866e-07 1.0618e-07 0.000953943 0.00148095 
1.3564e-34 0.219339 0.299545 0.264479 0.125242 0.0892674 -2.87528e-34 -0.025844 -0.0437811 -0.0344789 -0.0109658 -0.00760031 -0.0557668 -0.056218 -0.0518069 
0.335984 0.501212 0.0790365 0.202425 0.195854 0.403621 -0.00513725 -0.0667926 0.0859648 0.0182133 0.0665219 -0.0312652 -0.140571 -0.121206 -0.12078 
1.41326e-34 0.232848 0.184494 0.21035 0.101933 0.133125 -1.96399e-34 0.00357297 -0.000861736 0.00139554 4.87933e-05 0.00145262 0.0399202 0.0362638 0.043181 
8.19036e-35 2.03423e-34 0.180933 0.095527 0.0955267 -4.68331e-35 -7.13871e-40 7.21316e-36 -1.23506e-06 -8.67547e-07 -4.90152e-07 7.21474e-36 -9.78803e-08 0.00147191 0.000915601 
0.33361 0.202823 0.147833 0.175657 0.249349 0.27294 0.00200346 0.00139791 0.000435142 0.000762009 0.00120249 0.00185931 0.0183896 0.0201688 0.0182947 
0.389588 0.196991 0.369751 0.294508 0.376466 0.28646 -0.21502 -0.157456 -0.141906 -0.158645 -0.179926 -0.194313 0.0250257 0.0300346 0.0446765 
1.10965e-34 0.202208 0.153038 0.178094 0.080032 0.107656 5.08365e-35 -2.29121e-05 -1.36656e-05 -1.55469e-05 -4.29073e-06 -1.04249e-05 0.0103725 0.0111218 0.00968338 
1.11758e-34 0.147833 0.202823 0.175657 0.108054 0.0774878 -9.41898e-35 0.000435142 0.00139791 0.000762009 0.000463792 0.000167864 0.0191606 0.0182947 0.0201688 
1.21036e-34 0.157882 0.214367 0.186357 0.115946 0.0842169 -1.17498e-34 0.00138284 0.00344373 0.00209046 0.00120519 0.000498 0.0240297 0.0225476 0.0257608 
1.102e-34 0.146289 0.202208 0.174855 0.107676 0.0763403 5.82894e-35 -6.40464e-06 -2.29121e-05 -1.28885e-05 -9.64361e-06 -3.94273e-06 0.0118927 0.0126571 0.0111218 
1.19934e-34 0.214367 0.159144 0.187612 0.08472 0.118694 -1.3668e-34 0.00344373 0.00220426 0.00290936 0.000709763 0.00131057 0.0279485 0.0257608 0.0304133 
1.10039e-34 0.149417 0.198505 0.174332 0.105383 0.0780175 -7.87689e-35 8.45638e-05 0.000348817 0.000177035 0.000112385 4.10335e-05 0.0159714 0.015255 0.0166996 
1.07092e-34 0.196866 0.146114 0.172061 0.076208 0.104667 8.10012e-35 0.000325158 6.62377e-05 0.000151883 3.84848e-05 0.000103436 0.0165055 0.0172563 0.0157455 
1.06603e-34 0.144709 0.196866 0.171371 0.104399 0.0754978 8.83154e-35 0.000406314 0.000325158 0.000398905 0.000117946 0.000130078 0.0179804 0.0186461 0.0172563 
9.94876e-35 0.184701 0.139723 0.162959 0.0712387 0.0963287 1.00883e-34 0.00340378 0.00126907 0.00194312 0.000484246 0.00122071 0.0203568 0.0201552 0.0203493 
9.49208e-35 0.127359 0.184701 0.156563 0.0935019 0.064383 9.66644e-35 0.00272202 0.00340378 0.00313321 0.00129758 0.000928693 0.0194169 0.0183534 0.0201552 
6.90532e-35 0.147745 0.107857 0.126545 0.0470302 0.0635696 2.66418e-35 0.00614324 0.00373172 0.00425336 0.000904128 0.00255162 0.00497638 0.000460766 0.0087082 
1.09492e-34 0.198505 0.147833 0.173584 0.0770893 0.105675 -8.60374e-35 0.000348817 0.000435142 0.000422822 0.000132757 0.000126074 0.0174604 0.0166996 0.0182947 
6.11228e-35 0.0894474 0.147745 0.117537 0.058713 0.0348173 -2.56828e-35 0.00118208 0.00614324 0.0031826 0.00258272 0.00042755 -0.00559744 -0.0115702 0.000460766 
1.07301e-34 0.144216 0.197571 0.171433 0.104922 0.075142 -5.08493e-35 -1.24216e-05 -2.59711e-05 -1.52929e-05 -9.54458e-06 -3.42433e-06 0.0102953 0.0095724 0.0110157 
1.08941e-34 0.197571 0.146985 0.172761 0.0766418 0.104902 -5.79168e-35 -2.59711e-05 -8.57596e-06 -1.58991e-05 -1.72633e-06 -8.61423e-06 0.0117267 0.0110157 0.0124483 
0.340763 0.484439 0.369751 0.438956 0.355445 0.418793 -0.0709998 -0.107062 -0.141906 -0.126218 -0.105747 -0.0922969 0.0501177 0.0393015 0.0446765 
0.498846 0.497484 0.4663 0.486342 0.494407 0.499935 -4.90454e-05 -3.94357e-05 -4.38375e-05 -4.33449e-05 -4.87738e-05 -4.41386e-05 0.00687177 0.00600199 0.00669994 
8.19036e-35 0.180933 0.244906 0.213813 0.13266 0.0955267 -7.13871e-40 -1.23506e-06 -1.11404e-06 -1.11568e-06 -3.28972e-07 -4.90152e-07 -9.78803e-08 0.000915601 -5.7073e-09 
-0.0238914 0.366394 0.0409651 0.175763 -0.0226553 0.128102 -0.147251 -0.252615 -0.0843856 -0.168275 -0.111941 -0.191375 -0.0745009 -0.113227 -0.155806 
7.98743e-35 0.244898 0.169605 0.208467 0.0891785 0.132653 -6.93639e-40 -1.10762e-06 -1.15767e-06 -1.08337e-06 -3.83866e-07 -2.55726e-07 1.0618e-07 1.78294e-08 0.000953943 
0.35552 0.477855 0.43414 0.458904 0.398642 0.430062 -2.25576e-05 -3.67213e-05 -4.43988e-05 -4.07786e-05 -3.24169e-05 -2.99857e-05 0.00579207 0.00592705 0.00709508 
1.29091e-34 0.299545 0.196698 0.243694 0.0717024 0.0997952 -2.39653e-34 -0.0437811 -0.0175922 -0.0292581 -0.00704245 -0.00869168 -0.0461075 -0.0518069 -0.0445513 
0.340763 0.241886 0.403656 0.334148 0.37786 0.302494 -0.0709998 -0.0106922 -0.0292686 -0.0236093 -0.0484981 -0.0366362 0.0501177 0.048514 0.0449146 
0.335305 0.403656 0.241886 0.334148 0.293444 0.375379 -0.00224546 -0.0292686 -0.0106922 -0.0236093 -0.00752297 -0.0134306 0.0415146 0.0449146 0.048514 
0.581506 0.653056 0.577455 0.633481 0.588193 0.616639 -0.153121 -0.18092 -0.234178 -0.210337 -0.193419 -0.166812 0.0219895 -0.000406621 0.00785004 
2.27624e-34 1.14359e-34 0.187066 0.0989776 0.0989749 -5.46419e-35 -3.64806e-35 -2.92171e-35 -9.66242e-06 -2.83091e-06 -6.67946e-06 -6.56772e-35 0.00738417 0.00591566 0.00634912 
0.499655 0.497484 0.477855 0.497568 0.492994 0.499751 -2.74735e-05 -3.94357e-05 -3.67213e-05 -3.88277e-05 -3.22791e-05 -3.32675e-05 0.00481138 0.00600199 0.00592705 
0.498846 0.477855 0.497484 0.497568 0.499935 0.491646 -4.90454e-05 -3.67213e-05 -3.94357e-05 -3.88277e-05 -4.41386e-05 -4.35633e-05 0.00687177 0.00592705 0.00600199 
0.489796 0.489798 0.5 0.497488 0.497411 0.500001 -3.64339e-06 -3.60474e-06 -5.83845e-06 -4.50638e-06 -4.54387e-06 -3.77274e-06 3.63278e-08 -3.42043e-08 0.000953218 
0.335305 0.241886 0.184494 0.2183 0.267162 0.293444 -0.00224546 -0.0106922 -0.000861736 -0.00428845 -0.00139165 -0.00752297 0.0415146 0.048514 0.043181 
1.42169e-34 0.184494 0.241886 0.2183 0.142635 0.101999 -2.31581e-34 -0.000861736 -0.0106922 -0.00428845 -0.00400522 -0.00135944 0.0462106 0.043181 0.048514 
0.356845 0.472736 0.427577 0.45286 0.395194 0.426158 -2.09584e-05 -2.87703e-05 -1.75344e-05 -2.27558e-05 -1.94952e-05 -2.53988e-05 0.00553672 0.00528958 0.00426073 
4.56384e-34 0.777294 0.6261 0.706513 0.351619 0.459047 1.54961e-34 -0.00380457 -0.00165996 -0.00246737 -0.000559054 -0.001194 -0.0328027 -0.0384378 -0.028913 
0.998795 0.777294 0.997375 0.931587 0.998014 0.936062 -0.00304729 -0.00380457 -0.00551579 -0.00521255 -0.00453801 -0.00411273 -0.0276808 -0.0384378 -0.0368733 
0.990699 0.997375 0.777294 0.931587 0.91899 0.994678 -0.00820112 -0.00551579 -0.00380457 -0.00521255 -0.0065318 -0.00672807 -0.0460965 -0.0368733 -0.0384378 
0.493709 0.403656 0.455488 0.434261 0.476669 0.456112 -0.0310622 -0.0292686 -0.000666125 -0.0131001 -0.0133085 -0.0327343 0.0345549 0.0449146 0.0357602 
0.335305 0.455488 0.403656 0.434261 0.375379 0.405778 -0.00224546 -0.000666125 -0.0292686 -0.0131001 -0.0134306 -0.00226681 0.0415146 0.0357602 0.0449146 
7.92152e-34 5.42581e-34 0.0790365 0.013596 0.0420319 1.05217e-33 2.96288e-34 1.28071e-34 0.0859648 0.0709358 0.0408825 -7.17315e-36 -0.132869 -0.126279 -0.12078 
0.330961 0.36132 0.198343 0.287629 0.269408 0.346485 -4.89302e-06 0.000154301 3.53544e-05 0.0001088 3.73467e-05 5.27608e-05 0.0126282 0.0141294 0.0138953 
0.33361 0.366543 0.202823 0.292686 0.27294 0.350261 0.00200346 0.0042976 0.00139791 0.00279147 0.00185931 0.00302803 0.0183896 0.0203156 0.0201688 
0.335984 0.880536 0.874333 0.877786 0.661357 0.678133 -0.00513725 -0.172017 -0.111812 -0.136213 -0.0868791 -0.108981 -0.140571 -0.138687 -0.124696 
1.42169e-34 1.41326e-34 0.184494 0.101933 0.101999 -2.05389e-35 -2.31581e-34 -1.96399e-34 -0.000861736 4.87933e-05 -0.00135944 -4.25388e-34 0.0462106 0.0399202 0.043181 
0.990699 0.651067 0.841317 0.754892 0.939432 0.882833 -0.00820112 -0.00448313 -0.0108553 -0.00691753 -0.0105764 -0.00784871 -0.0460965 -0.0502986 -0.0595154 
0.295547 0.334355 0.16809 0.257143 0.233955 0.314885 0.0114499 0.0133607 0.0062168 0.00993148 0.00960194 0.0126149 0.0113882 0.0171849 0.0150715 
0.323306 0.356261 0.194205 0.28279 0.263664 0.340415 0.00496172 0.00322272 0.0013621 0.00237565 0.00299347 0.00400101 0.0206485 0.0196874 0.0197469 
0.33038 0.359745 0.197854 0.28648 0.26892 0.345446 0.000307845 7.79434e-05 2.5512e-05 6.08234e-05 0.000133712 0.000173252 0.0155177 0.0138425 0.0141371 
1.08537e-34 0.153038 0.202184 0.178081 0.107631 0.0800218 4.34712e-35 -1.36656e-05 -1.82344e-05 -1.63429e-05 -6.57973e-06 -4.87445e-06 0.00886973 0.00968338 0.00840021 
1.08537e-34 1.10965e-34 0.153038 0.080032 0.0800218 -1.73029e-35 4.34712e-35 5.08365e-35 -1.36656e-05 -4.29073e-06 -4.87445e-06 9.43207e-35 0.00886973 0.0103725 0.00968338 
0.306706 0.202184 0.153038 0.178081 0.235454 0.257257 -4.03087e-05 -1.82344e-05 -1.36656e-05 -1.63429e-05 -2.88716e-05 -2.93346e-05 0.00965739 0.00840021 0.00968338 
1.21036e-34 1.1423e-34 0.157882 0.0829706 0.0842169 -1.52491e-35 -1.17498e-34 -1.04244e-34 0.00138284 0.000451405 0.000498 -2.23397e-34 0.0240297 0.0212444 0.0225476 
3.1167e-34 3.76377e-34 0.357813 0.186405 0.170048 -1.38637e-35 -3.31862e-34 -3.22918e-34 -0.0239638 -0.00759146 -0.00653538 -6.14804e-34 -0.0632321 -0.06263 -0.0617937 
1.3564e-34 2.62592e-34 0.219339 0.109476 0.0892674 -1.33144e-35 -2.87528e-34 -3.0358e-34 -0.025844 -0.0100889 -0.00760031 -5.52895e-34 -0.0557668 -0.0571991 -0.056218 
1.10039e-34 1.08926e-34 0.149417 0.0779394 0.0780175 -1.41845e-35 -7.87689e-35 -7.17998e-35 8.45638e-05 2.43946e-05 4.10335e-05 -1.50694e-34 0.0159714 0.014545 0.015255 
1.0886e-34 1.07092e-34 0.146114 0.076208 0.0762801 -1.10359e-35 7.34399e-35 8.10012e-35 6.62377e-05 3.84848e-05 2.29209e-05 1.54331e-34 0.0149768 0.0165055 0.0157455 
1.102e-34 1.06274e-34 0.146289 0.0763458 0.0763403 -1.10457e-35 5.82894e-35 6.58228e-35 -6.40464e-06 1.1196e-07 -3.94273e-06 1.24109e-34 0.0118927 0.0134269 0.0126571 
1.04949e-34 9.94876e-35 0.139723 0.0712387 0.0724392 -1.17548e-35 9.94687e-35 1.00883e-34 0.00126907 0.000484246 0.00037631 1.98835e-34 0.0201643 0.0203568 0.0203493 
1.06603e-34 1.04173e-34 0.144709 0.0751083 0.0754978 -1.11308e-35 8.83154e-35 9.4766e-35 0.000406314 0.000170666 0.000130078 1.82579e-34 0.0179804 0.0192531 0.0186461 
8.06758e-35 6.90532e-35 0.107857 0.0470302 0.0503907 -1.58311e-35 6.15323e-35 2.66418e-35 0.00373172 0.000904128 0.00102283 8.41727e-35 0.0120913 0.00497638 0.0087082 
9.49208e-35 8.59535e-35 0.127359 0.0617677 0.064383 -1.32361e-35 9.66644e-35 8.48152e-35 0.00272202 0.00092785 0.000928693 1.78479e-34 0.0194169 0.0169036 0.0183534 
0.969158 0.874333 0.880536 0.877786 0.955006 0.95652 -0.154884 -0.111812 -0.172017 -0.136213 -0.185403 -0.153809 -0.0943276 -0.124696 -0.138687 
1.07301e-34 9.91774e-35 0.144216 0.0751521 0.075142 -9.58898e-36 -5.08493e-35 -4.36908e-35 -1.24216e-05 -5.29527e-06 -3.42433e-06 -9.45288e-35 0.0102953 0.00884597 0.0095724 
1.09715e-34 1.08941e-34 0.146985 0.0766418 0.0766397 -1.21365e-35 -6.49021e-35 -5.79168e-35 -8.57596e-06 -1.72633e-06 2.45065e-06 -1.22823e-34 0.013144 0.0117267 0.0124483 
6.11228e-35 5.22996e-35 0.0894474 0.0327469 0.0348173 -1.71944e-35 -2.56828e-35 -8.66908e-35 0.00118208 -0.00045386 0.00042755 -1.13807e-34 -0.00559744 -0.0176866 -0.0115702 
1.11758e-34 1.09492e-34 0.147833 0.0770893 0.0774878 -1.12787e-35 -9.41898e-35 -8.60374e-35 0.000435142 0.000132757 0.000167864 -1.80782e-34 0.0191606 0.0174604 0.0182947 
1.29658e-34 1.19934e-34 0.159144 0.08472 0.0868103 -4.13002e-36 -1.61918e-34 -1.3668e-34 0.00220426 0.000709763 0.000509137 -3.00998e-34 0.0330614 0.0279485 0.0304133 
0.455692 0.496874 0.510217 0.505644 0.488205 0.473703 0.00598358 -0.0261779 -0.0153029 -0.0209725 -0.00348484 -0.00601678 0.0158417 0.0135692 0.0218888 
0.926105 0.874333 0.969948 0.967901 0.982686 0.903625 -0.0919757 -0.111812 -0.113552 -0.132913 -0.115087 -0.101999 -0.106602 -0.124696 -0.0870079 
4.95158e-34 4.56567e-34 -0.03004 -0.0113367 -0.00663159 9.75995e-34 9.13128e-35 3.76186e-35 0.0975932 0.056308 0.082717 -1.27915e-36 -0.120856 -0.112548 -0.118345 
0.999002 0.999667 0.841317 0.957138 0.966265 0.99975 -0.0201245 -0.0135679 -0.0108553 -0.0134691 -0.0174911 -0.0163827 -0.0622099 -0.0538587 -0.0595154 
0.990699 0.841317 0.999667 0.957138 0.997005 0.939432 -0.00820112 -0.0108553 -0.0135679 -0.0134691 -0.0113264 -0.0105764 -0.0460965 -0.0595154 -0.0538587 
1.91409e-34 0.437817 0.75 0.609568 0.4375 0.234555 2.24188e-35 -0.000284059 -6.88629e-37 -0.000227993 -2.4099e-37 -0.000122804 -0.00944919 -0.0151343 -0.00923944 
0.324667 0.376922 0.232848 0.3126 0.282115 0.352464 0.00826016 0.00867622 0.00357297 0.00577143 0.0062065 0.00893087 0.0300822 0.0337482 0.0362638 
5.22996e-35 0.14898 0.0894474 0.115987 0.0327469 0.0522256 -8.66908e-35 -0.000544529 0.00118208 0.000304764 -0.00045386 8.58843e-05 -0.0176866 -0.0210845 -0.0115702 
0.275526 0.0894474 0.14898 0.115987 0.215331 0.180867 0.0009828 0.00118208 -0.000544529 0.000304764 -0.00165176 0.00196182 -0.00929216 -0.0115702 -0.0210845 
0.969158 0.969948 0.874333 0.967901 0.95652 0.97192 -0.154884 -0.113552 -0.111812 -0.132913 -0.153809 -0.133043 -0.0943276 -0.0870079 -0.124696 
0.527964 0.510217 0.496874 0.505644 0.523881 0.520395 -0.052245 -0.0153029 -0.0261779 -0.0209725 -0.0399998 -0.0317423 0.0257079 0.0218888 0.0135692 
0.305013 0.144216 0.196224 0.170732 0.253621 0.230609 -4.23554e-05 -1.24216e-05 -1.64397e-05 -1.47211e-05 -2.76606e-05 -2.78686e-05 0.00966405 0.0095724 0.00844338 
9.91774e-35 0.196224 0.144216 0.170732 0.0751521 0.104166 -4.36908e-35 -1.64397e-05 -1.24216e-05 -1.47211e-05 -5.29527e-06 -6.71628e-06 0.00884597 0.00844338 0.0095724 
-0.164021 -0.127779 -0.15395 -0.149995 -0.170885 -0.156575 0.00803359 0.105183 0.0394555 0.0762911 0.0312015 0.0627132 -0.117104 -0.135994 -0.118174 
0.926105 0.501212 0.874333 0.729432 0.903625 0.776998 -0.0919757 -0.0667926 -0.111812 -0.0871641 -0.101999 -0.0767262 -0.106602 -0.121206 -0.124696 
-1.1587e-34 -0.0662959 -0.140569 -0.117427 -0.138604 -0.109243 1.37101e-34 -0.0498788 -0.0275299 -0.0377557 -0.00963191 -0.0217065 -0.0313137 -0.0174589 -0.0635673 
7.92152e-34 0.0790365 0.501212 0.202425 0.27299 0.0420319 2.96288e-34 0.0859648 -0.0667926 0.0182133 -0.0367703 0.0408825 -0.132869 -0.12078 -0.121206 
0.0574766 0.0593024 0.196991 0.122646 0.132173 0.0566884 -0.15196 -0.0664508 -0.157456 -0.117756 -0.159877 -0.111555 -0.00491194 0.0242431 0.0300346 
0.30648 0.197854 0.359745 0.28648 0.334194 0.255191 -1.92706e-05 2.5512e-05 7.79434e-05 6.08234e-05 1.51392e-05 9.45062e-06 0.0125865 0.0141371 0.0138425 
0.208331 0.196991 0.0593024 0.122646 0.133403 0.203088 -0.0891966 -0.157456 -0.0664508 -0.117756 -0.0846649 -0.123174 0.0442821 0.0300346 0.0242431 
0.304412 0.194205 0.356261 0.28279 0.331493 0.252402 0.00146249 0.0013621 0.00322272 0.00237565 0.00222755 0.0015761 0.0186522 0.0197469 0.0196874 
0.285809 0.16809 0.334355 0.257143 0.310544 0.229617 0.00966473 0.0062168 0.0133607 0.00993148 0.0117471 0.0083142 0.0190439 0.0150715 0.0171849 
0.316403 0.202823 0.366543 0.292686 0.342384 0.262543 0.00496157 0.00139791 0.0042976 0.00279147 0.00470833 0.00293658 0.0223415 0.0201688 0.0203156 
0.307628 0.198343 0.36132 0.287629 0.335552 0.25598 0.000328782 3.53544e-05 0.000154301 0.0001088 0.000228835 0.000150624 0.0152943 0.0138953 0.0141294 
0.461103 0.466626 0.49515 0.4841 0.482208 0.463948 0.000688314 0.00158599 0.00105682 0.00129512 0.000856803 0.00105374 0.0156534 0.0170768 0.0160129 
0.461257 0.455488 0.376922 0.422658 0.424581 0.459289 0.00944805 -0.000666125 0.00867622 0.00598104 0.00919336 0.00495277 0.031477 0.0357602 0.0337482 
0.500002 0.49515 0.466626 0.4841 0.491416 0.498696 0.00184551 0.00105682 0.00158599 0.00129512 0.00173296 0.00141822 0.0169099 0.0160129 0.0170768 
0.515428 0.555869 0.496874 0.528759 0.504303 0.547709 -0.0570141 -0.0777659 -0.0261779 -0.0485993 -0.0415576 -0.0671588 0.000915633 0.0169045 0.0135692 
1.14467e-34 0.192738 0.198982 0.195868 0.105778 0.102217 2.88942e-35 -9.70412e-06 -6.41681e-06 -7.63558e-06 -1.38285e-06 -2.87226e-06 0.00589518 0.00624804 0.00526494 
0.45617 0.45957 0.493166 0.479785 0.4784 0.458061 0.0093791 0.0132876 0.0119332 0.0128508 0.01057 0.0113855 0.0210686 0.0216397 0.0215183 
0.527964 0.496874 0.555869 0.528759 0.540651 0.523881 -0.052245 -0.0261779 -0.0777659 -0.0485993 -0.0660188 -0.0399998 0.0257079 0.0135692 0.0169045 
0.500003 0.493166 0.45957 0.479785 0.487664 0.497675 0.0148092 0.0119332 0.0132876 0.0128508 0.0145869 0.0134182 0.0227532 0.0215183 0.0216397 
1.14359e-34 0.20463 0.187066 0.195911 0.0989776 0.108999 -2.92171e-35 -7.4249e-06 -9.66242e-06 -8.33339e-06 -2.83091e-06 -1.84761e-06 0.00591566 0.00540157 0.00634912 
0.500002 0.491737 0.49578 0.499832 0.498967 0.497904 -7.68832e-05 -6.66832e-05 -6.53868e-05 -6.30171e-05 -7.21905e-05 -7.3674e-05 0.00907816 0.00793869 0.00801147 
0.453688 0.468767 0.495111 0.484793 0.479681 0.461596 -7.16883e-05 -6.12084e-05 -8.07946e-05 -7.61682e-05 -7.46526e-05 -7.50745e-05 0.00948749 0.0109608 0.0100663 
0.500003 0.495111 0.468767 0.484793 0.492148 0.498756 -6.80276e-05 -8.07946e-05 -6.12084e-05 -7.61682e-05 -7.30706e-05 -7.65931e-05 0.011029 0.0100663 0.0109608 
0.926105 0.969948 0.981989 0.976072 0.983941 0.982686 -0.0919757 -0.113552 -0.0815816 -0.0976161 -0.0963033 -0.115087 -0.106602 -0.0870079 -0.0836085 
0.500003 0.495358 0.467584 0.484593 0.491947 0.498861 -6.80276e-05 -2.09716e-05 -6.42936e-05 -5.13877e-05 -6.09322e-05 -5.15886e-05 0.011029 0.0119832 0.0110683 
0.461606 0.467584 0.495358 0.484593 0.482561 0.464651 3.85265e-06 -6.42936e-05 -2.09716e-05 -5.13877e-05 -2.00106e-05 -3.75237e-05 0.012425 0.0110683 0.0119832 
0.314759 0.202184 0.357954 0.287196 0.337073 0.261799 -2.70457e-05 -1.82344e-05 -4.46369e-05 -2.98232e-05 -3.68064e-05 -2.15143e-05 0.00716447 0.00840021 0.00843741 
0.306706 0.357954 0.202184 0.287196 0.257257 0.333314 -4.03087e-05 -4.46369e-05 -1.82344e-05 -2.98232e-05 -2.93346e-05 -4.42429e-05 0.00965739 0.00843741 0.00840021 
0.595042 0.885065 0.762855 0.829061 0.692766 0.762077 -0.102946 -0.165064 -0.164035 -0.171378 -0.132406 -0.138824 -0.059226 -0.0757523 -0.0616174 
0.420365 0.796066 0.880536 0.836464 0.676876 0.633996 -0.0970597 -0.229217 -0.172017 -0.204331 -0.163594 -0.200101 -0.189448 -0.137949 -0.138687 
0.500002 0.495797 0.470258 0.485908 0.492799 0.499037 0.00184551 0.00288889 0.00174047 0.00226932 0.00183232 0.00232257 0.0169099 0.0178058 0.0168435 
0.463252 0.470258 0.495797 0.485908 0.483537 0.466788 0.00321585 0.00174047 0.00288889 0.00226932 0.0030666 0.00239111 0.0181704 0.0168435 0.0178058 
0.915031 0.762855 0.885065 0.829061 0.914818 0.865612 -0.235139 -0.164035 -0.165064 -0.171378 -0.203753 -0.203555 -0.0937706 -0.0616174 -0.0757523 
0.335984 0.874333 0.501212 0.729432 0.403621 0.661357 -0.00513725 -0.111812 -0.0667926 -0.0871641 -0.0312652 -0.0868791 -0.140571 -0.124696 -0.121206 
0.500003 0.501019 0.478748 0.494721 0.496774 0.500732 0.0148092 0.0164608 0.0139679 0.0156628 0.0143647 0.0159497 0.0227532 0.023989 0.0239285 
0.915031 0.880536 0.796066 0.836464 0.888975 0.919891 -0.235139 -0.172017 -0.229217 -0.204331 -0.247194 -0.222796 -0.0937706 -0.138687 -0.137949 
0.361819 0.381814 0.14898 0.263267 0.239018 0.371306 -0.0348918 -0.0260582 -0.000544529 -0.00992954 -0.0132255 -0.0303489 -0.0336444 -0.0177956 -0.0210845 
0.466333 0.478748 0.501019 0.494721 0.491501 0.473173 0.0147056 0.0139679 0.0164608 0.0156628 0.0163698 0.0147466 0.0276873 0.0239285 0.023989 
0.802825 0.981989 0.969948 0.976072 0.910682 0.917271 -0.0738662 -0.0815816 -0.113552 -0.0976161 -0.097167 -0.0822943 -0.0690028 -0.0836085 -0.0870079 
0.367293 0.639424 0.366394 0.515041 0.359268 0.494531 -0.267836 -0.298054 -0.252615 -0.30203 -0.276942 -0.294789 -0.0182653 -0.0673112 -0.113227 
0.709938 0.366394 0.639424 0.515041 0.66922 0.545253 -0.282495 -0.252615 -0.298054 -0.30203 -0.296821 -0.282351 -0.11417 -0.113227 -0.0673112 
0.28915 0.342766 0.196224 0.275472 0.2448 0.316939 -2.23933e-05 -4.36523e-05 -1.64397e-05 -2.79377e-05 -1.99396e-05 -3.19869e-05 0.00725299 0.00829035 0.00844338 
-0.083526 -0.15395 -0.127779 -0.149995 -0.102625 -0.121072 0.0997178 0.0394555 0.105183 0.0762911 0.104077 0.0744353 -0.122525 -0.118174 -0.135994 
0.275526 0.14898 0.381814 0.263267 0.322365 0.215331 0.0009828 -0.000544529 -0.0260582 -0.00992954 -0.00937874 -0.00165176 -0.00929216 -0.0210845 -0.0177956 
0.305013 0.196224 0.342766 0.275472 0.324398 0.253621 -4.23554e-05 -1.64397e-05 -4.36523e-05 -2.79377e-05 -4.48516e-05 -2.76606e-05 0.00966405 0.00844338 0.00829035 
0.4663 0.497484 0.472736 0.488414 0.469603 0.486342 -4.38375e-05 -3.94357e-05 -2.87703e-05 -3.46119e-05 -3.53528e-05 -4.33449e-05 0.00669994 0.00600199 0.00528958 
0.691413 0.577455 0.653056 0.633481 0.676671 0.634352 -0.265359 -0.234178 -0.18092 -0.210337 -0.222999 -0.250621 -0.02442 0.00785004 -0.000406621 
0.507648 0.499814 0.491 0.503314 0.501437 0.50449 0.000382452 0.0111876 0.0147059 0.0126958 0.00959894 0.00676516 0.0259607 0.0275994 0.022494 
0.499966 0.494913 0.492546 0.500021 0.497628 0.499255 0.00907832 0.0064223 0.00645354 0.0064626 0.00773668 0.00771881 0.0208224 0.0197511 0.0199066 
0.500003 0.493638 0.493743 0.5 0.498382 0.498462 0.000570262 0.000235522 0.000244139 0.000255349 0.000381708 0.000375741 0.0149628 0.0139168 0.0140252 
0.499655 0.472736 0.497484 0.488414 0.499751 0.494634 -2.74735e-05 -2.87703e-05 -3.94357e-05 -3.46119e-05 -3.32675e-05 -2.8913e-05 0.00481138 0.00528958 0.00600199 
0.498846 0.49578 0.491737 0.499832 0.496103 0.499762 -4.90454e-05 -6.53868e-05 -6.66832e-05 -6.30171e-05 -5.72122e-05 -5.58762e-05 0.00687177 0.00801147 0.00793869 
0.500002 0.493743 0.493638 0.5 0.498388 0.498463 8.56267e-05 0.000244139 0.000235522 0.000255349 0.000153454 0.000155553 0.01299 0.0140252 0.0139168 
0.499997 0.492546 0.494913 0.500021 0.498894 0.497965 0.00447205 0.00645354 0.0064223 0.0064626 0.00538164 0.00540555 0.0188737 0.0199066 0.0197511 
0.501443 0.491 0.499814 0.503314 0.502926 0.497648 0.0164896 0.0147059 0.0111876 0.0126958 0.0146508 0.0158875 0.0240392 0.022494 0.0275994 
4.56567e-34 -0.0491657 -0.03004 -0.041406 -0.0113367 -0.0178633 3.76186e-35 0.0436748 0.0975932 0.073757 0.056308 0.0376809 -0.112548 -0.114395 -0.118345 
-0.083526 -0.03004 -0.0491657 -0.041406 -0.0734781 -0.058076 0.0997178 0.0975932 0.0436748 0.073757 0.0742885 0.102298 -0.122525 -0.118345 -0.114395 
4.95158e-34 -0.03004 -0.0404779 -0.0403161 -0.00913921 -0.00663159 9.13128e-35 0.0975932 0.142867 0.129647 0.126579 0.082717 -0.120856 -0.118345 -0.129293 
-0.083526 -0.0404779 -0.03004 -0.0403161 -0.058076 -0.0595742 0.0997178 0.142867 0.0975932 0.129647 0.102298 0.125378 -0.122525 -0.129293 -0.118345 
