0.414173 0.821857 7.45704e-34 0.533903 0.229245 0.648699 -0.0447954 -0.0243245 3.14619e-34 -0.0326063 -0.0277042 -0.0431517 -0.12606 -0.119542 -0.1379 
-0.0790622 -0.109331 0.103577 -0.0154943 -0.0129951 -0.0927853 0.0491516 0.0568177 0.0224423 0.0483606 0.0480092 0.0542131 -0.12181 -0.126443 -0.125221 
0.576446 0.427407 0.606073 0.555249 0.591406 0.530755 0.136945 0.14615 0.143917 0.15544 0.142108 0.151195 -0.00637014 -0.0183598 -0.0142228 
0.557015 0.272739 0.628402 0.451921 0.592672 0.418562 0.0365879 -0.0298634 0.00602814 -0.0120578 0.0214128 0.00356073 -0.0643882 -0.0741265 -0.0557752 
0.624634 0.440555 0.708781 0.602295 0.670772 0.541426 -0.167512 -0.117355 -0.21893 -0.177008 -0.193326 -0.149766 -0.0437857 -0.0506855 -0.0418145 
0.157259 0.148104 0.657294 0.37832 0.381355 0.154733 0.000764882 -0.0209428 -0.139027 -0.0753769 -0.0648705 -0.0100786 -0.13319 -0.138318 -0.12696 
0.30372 0.259535 0.101797 0.183751 0.197014 0.28055 0.10464 0.0585939 0.0360536 0.0520894 0.0743676 0.0821033 0.00502844 0.0179348 0.00859593 
0.790066 0.460557 0.743936 0.639082 0.76751 0.672012 -0.262394 -0.192873 -0.26385 -0.246382 -0.265365 -0.247272 -0.0757906 -0.085054 -0.0600574 
0.877753 0.821857 0.414173 0.648699 0.696847 0.852391 -0.0468357 -0.0243245 -0.0447954 -0.0431517 -0.0467017 -0.0363424 -0.118179 -0.119542 -0.12606 
0.547048 0.162365 0.464466 0.323545 0.509227 0.363992 -0.174401 -0.0581093 -0.101022 -0.0890413 -0.137596 -0.123852 0.005383 0.0218349 0.0224475 
0.790066 0.593116 0.460557 0.525002 0.672012 0.723442 -0.262394 -0.204324 -0.192873 -0.200037 -0.247272 -0.247688 -0.0757906 -0.107764 -0.085054 
0.389063 0.333729 0.490843 0.426444 0.446646 0.365265 0.00182532 0.0208608 0.0301475 0.0292801 0.0155862 0.0108552 0.0144509 0.0194085 0.0116124 
0.464634 0.490843 0.333729 0.426444 0.403895 0.480354 0.0601675 0.0301475 0.0208608 0.0292801 0.04093 0.0445809 0.0143414 0.0116124 0.0194085 
0.557015 0.690602 0.49167 0.634492 0.52273 0.659477 0.0365879 0.0944465 0.0705008 0.097572 0.0536466 0.0807732 -0.0643882 -0.0301165 -0.0647012 
0.576446 0.503826 0.54529 0.5588 0.561726 0.565347 0.136945 0.0716416 0.118243 0.0975705 0.128337 0.104723 -0.00637014 -0.0100672 0.000887297 
0.548068 0.503826 0.516551 0.511442 0.536561 0.541177 0.0837446 0.0716416 0.0425243 0.0572591 0.0621693 0.079317 0.000485947 -0.0100672 -0.00250677 
0.516551 0.503826 0.439565 0.469912 0.484923 0.511442 0.0425243 0.0716416 0.0307504 0.0498542 0.0364629 0.0572591 -0.00250677 -0.0100672 -0.00909699 
0.649857 0.376925 0.511729 0.454113 0.591226 0.538771 0.0376905 0.0190665 0.0499687 0.031701 0.0461535 0.0224844 -0.0100285 0.00360873 -0.00653687 
0.547048 0.464466 0.710757 0.642571 0.671659 0.509227 -0.174401 -0.101022 -0.156418 -0.13125 -0.168083 -0.137596 0.005383 0.0224475 -0.0192648 
-0.014355 -0.0210606 -0.0359197 -0.0352859 -0.0286351 -0.0235238 0.0397233 0.0266883 0.0333714 0.0329382 0.0370994 0.0371683 -0.123337 -0.121681 -0.121146 
0.888276 0.785831 0.862618 0.880245 0.874706 0.887245 -0.144661 -0.139487 -0.170527 -0.172916 -0.158543 -0.155427 -0.0928166 -0.118216 -0.0877505 
0.593116 0.445735 0.19813 0.319826 0.39191 0.523036 -0.204324 -0.118403 -0.0978677 -0.106437 -0.14757 -0.163987 -0.107764 -0.131625 -0.119355 
0.657294 0.862618 0.785831 0.880245 0.722371 0.852998 -0.139027 -0.170527 -0.139487 -0.172916 -0.142198 -0.187437 -0.12696 -0.0877505 -0.118216 
0.649857 0.511729 0.690602 0.643436 0.685522 0.591226 0.0376905 0.0499687 0.0944465 0.0771978 0.0672231 0.0461535 -0.0100285 -0.00653687 -0.0301165 
0.30372 0.461386 0.259535 0.364928 0.28055 0.393322 0.10464 0.0991243 0.0585939 0.0837888 0.0821033 0.107523 0.00502844 0.0117753 0.0179348 
0.77798 0.445735 0.593116 0.523036 0.692508 0.636196 -0.223212 -0.118403 -0.204324 -0.163987 -0.218396 -0.182772 -0.105917 -0.131625 -0.107764 
0.435501 0.286203 0.503826 0.409841 0.474797 0.358945 0.0637258 0.0216044 0.0716416 0.0445574 0.0699976 0.0399008 -0.0133849 -0.0139076 -0.0100672 
0.30372 0.133716 0.427407 0.277026 0.361027 0.220777 0.10464 0.0771002 0.14615 0.114109 0.127335 0.0947568 0.00502844 -0.012827 -0.0183598 
0.624634 0.710757 0.485105 0.641829 0.556212 0.682043 -0.167512 -0.156418 -0.10764 -0.137082 -0.136525 -0.166452 -0.0437857 -0.0192648 -0.0498495 
0.103182 -0.00941934 0.272739 0.122662 0.189097 0.0423017 -0.00449937 -0.0328723 -0.0298634 -0.0421306 -0.0225056 -0.0265491 -0.076573 -0.0705885 -0.0741265 
0.162698 0.124008 0.440555 0.259844 0.281402 0.1419 -0.0338869 -0.0153725 -0.117355 -0.0563401 -0.0650191 -0.0233985 -0.0504594 -0.0531943 -0.0506855 
0.103182 0.0604618 -0.0974451 -0.0412351 -0.0190264 0.0730128 -0.00449937 0.042513 -0.00933899 0.00344019 -0.0138794 0.018518 -0.076573 -0.062127 -0.0684241 
0.30372 0.101797 0.133716 0.113958 0.220777 0.197014 0.10464 0.0360536 0.0771002 0.0590316 0.0947568 0.0743676 0.00502844 0.00859593 -0.012827 
0.103182 0.340509 0.0604618 0.192235 0.0730128 0.215935 -0.00449937 0.0693913 0.042513 0.0525641 0.018518 0.0277192 -0.076573 -0.0679126 -0.062127 
0.162698 0.0656873 0.0416956 0.0504095 0.0845187 0.111753 -0.0338869 -0.0373068 -0.0057952 -0.0198605 -0.0156708 -0.0330746 -0.0504594 -0.0546095 -0.0528139 
0.103182 -0.0974451 -0.00941934 -0.0567681 0.0423017 -0.0190264 -0.00449937 -0.00933899 -0.0328723 -0.0243436 -0.0265491 -0.0138794 -0.076573 -0.0684241 -0.0705885 
0.565766 0.30225 0.160473 0.237501 0.354571 0.431156 -0.126991 -0.0616422 -0.0224868 -0.0402149 -0.0613231 -0.0910026 -0.0640329 -0.0588954 -0.0634032 
0.162698 0.0416956 0.124008 0.069474 0.1419 0.0845187 -0.0338869 -0.0057952 -0.0153725 -0.00631839 -0.0233985 -0.0156708 -0.0504594 -0.0528139 -0.0531943 
0.326086 0.0604618 0.340509 0.192235 0.33003 0.185726 0.109997 0.042513 0.0693913 0.0525641 0.091692 0.0743273 -0.0451798 -0.062127 -0.0679126 
0.162698 0.279325 0.0656873 0.158783 0.111753 0.214126 -0.0338869 -0.0651996 -0.0373068 -0.0521567 -0.0330746 -0.0545104 -0.0504594 -0.0531496 -0.0546095 
0.213157 0.0656873 0.279325 0.158783 0.24262 0.129719 -0.0581428 -0.0373068 -0.0651996 -0.0521567 -0.0621746 -0.055604 -0.0624948 -0.0546095 -0.0531496 
0.362306 0.449532 0.477906 0.463985 0.429764 0.411139 -0.01702 -0.0205813 -0.0218357 -0.0219878 -0.0203991 -0.0193138 -0.000723047 0.000465193 0.000527663 
0.500674 0.477906 0.449532 0.463985 0.483316 0.492835 -0.0229583 -0.0218357 -0.0205813 -0.0219878 -0.0223579 -0.0227994 0.00150189 0.000527663 0.000465193 
0.565766 0.701738 0.30225 0.514307 0.431156 0.645551 -0.126991 -0.194809 -0.0616422 -0.126701 -0.0910026 -0.163026 -0.0640329 -0.0643306 -0.0588954 
0.503677 0.30225 0.701738 0.514307 0.605092 0.409047 -0.135994 -0.0616422 -0.194809 -0.126701 -0.165997 -0.0997737 -0.0555366 -0.0588954 -0.0643306 
0.547048 0.652306 0.24293 0.468475 0.408463 0.599354 -0.174401 -0.242295 -0.125969 -0.192294 -0.158926 -0.20975 0.005383 -0.0325947 -0.0127242 
0.707848 0.586879 0.711491 0.689476 0.713702 0.67322 -0.0816384 -0.0198482 -0.0172221 -0.0158545 -0.047581 -0.0445836 -0.0144763 0.00570828 -0.0311679 
0.649857 0.711491 0.586879 0.689476 0.626904 0.701536 0.0376905 -0.0172221 -0.0198482 -0.0158545 0.00910337 0.017895 -0.0100285 -0.0311679 0.00570828 
0.633711 0.4316 0.600082 0.536589 0.61756 0.550515 0.113412 0.0631128 0.12509 0.093893 0.122621 0.0930283 -0.0182883 -0.0126825 -0.0153454 
0.435501 0.600082 0.4316 0.536589 0.434081 0.529388 0.0637258 0.12509 0.0631128 0.093893 0.0656817 0.0944146 -0.0133849 -0.0153454 -0.0126825 
0.597678 0.606073 0.427407 0.555249 0.521466 0.608064 0.155067 0.143917 0.14615 0.15544 0.154333 0.151945 -0.0241373 -0.0142228 -0.0183598 
0.565766 0.462164 0.862618 0.712296 0.743551 0.519344 -0.126991 -0.0759052 -0.170527 -0.134507 -0.157717 -0.101481 -0.0640329 -0.0685149 -0.0877505 
0.530344 0.628402 0.272739 0.451921 0.39769 0.581532 -0.0352061 0.00602814 -0.0298634 -0.0120578 -0.0287648 -0.0156402 -0.0586592 -0.0557752 -0.0741265 
0.464634 0.461386 0.529623 0.510487 0.506224 0.463882 0.0601675 0.0991243 0.0587889 0.0801569 0.0599028 0.0789703 0.0143414 0.0117753 0.00593978 
0.727283 0.708781 0.440555 0.602295 0.609682 0.718351 -0.235331 -0.21893 -0.117355 -0.177008 -0.180811 -0.228306 -0.049075 -0.0418145 -0.0506855 
2.25755e-34 0.185725 0.253511 0.220485 0.128552 0.090295 1.3322e-35 -0.00605893 -0.0102028 -0.00841588 -0.00383776 -0.00234026 -0.00410536 -0.0015658 -0.00358527 
0.548068 0.529623 0.461386 0.510487 0.525692 0.538793 0.0837446 0.0587889 0.0991243 0.0801569 0.0951319 0.0710266 0.000485947 0.00593978 0.0117753 
1.07963e-34 3.14309e-34 0.243524 0.13796 0.135412 -1.04334e-34 3.06445e-35 5.16646e-35 -0.00592476 -0.0021454 -0.00116071 9.02469e-35 0.00649076 0.0115557 0.00660304 
0.243524 3.14309e-34 0.333018 0.195989 0.29112 0.13796 -0.00592476 5.16646e-35 -0.00686824 -0.00300356 -0.00726577 -0.0021454 0.00660304 0.0115557 0.0103427 
0.707848 0.636467 0.710757 0.686725 0.708557 0.695707 -0.0816384 -0.0701583 -0.156418 -0.109809 -0.11742 -0.072992 -0.0144763 -0.0462262 -0.0192648 
0.435501 0.190682 0.286203 0.24122 0.358945 0.319775 0.0637258 0.0136139 0.0216044 0.0200701 0.0399008 0.0358184 -0.0133849 -0.0136616 -0.0139076 
0.552911 0.710757 0.636467 0.686725 0.596192 0.665569 -0.0940371 -0.156418 -0.0701583 -0.109809 -0.0845726 -0.124723 -0.0496292 -0.0192648 -0.0462262 
0.59019 0.49167 0.690602 0.634492 0.658972 0.544698 0.120196 0.0705008 0.0944465 0.097572 0.115642 0.0981067 -0.0486151 -0.0647012 -0.0301165 
0.548068 0.54529 0.503826 0.5588 0.541177 0.550559 0.0837446 0.118243 0.0716416 0.0975705 0.079317 0.101329 0.000485947 0.000887297 -0.0100672 
-0.0359197 -0.0210606 -0.0354015 -0.0295208 -0.0417335 -0.0352859 0.0333714 0.0266883 0.0208048 0.0231495 0.0287876 0.0329382 -0.121146 -0.121681 -0.121265 
8.33404e-34 0.844091 0.843329 0.84384 0.511845 0.511411 -3.2083e-34 -0.00239178 -0.00473604 -0.00334441 -0.00176692 -0.00125187 -0.0648437 -0.0599643 -0.0729773 
0.565766 0.160473 0.462164 0.299143 0.519344 0.354571 -0.126991 -0.0224868 -0.0759052 -0.0431837 -0.101481 -0.0613231 -0.0640329 -0.0634032 -0.0685149 
0.259535 0.123181 0.101797 0.115994 0.183751 0.194186 0.0585939 0.017178 0.0360536 0.0261533 0.0520894 0.0395383 0.0179348 0.0183089 0.00859593 
0.435501 0.4316 0.190682 0.30695 0.319775 0.434081 0.0637258 0.0631128 0.0136139 0.0342457 0.0358184 0.0656817 -0.0133849 -0.0126825 -0.0136616 
0.557015 0.324257 0.272739 0.297801 0.418562 0.445681 0.0365879 0.0205204 -0.0298634 -0.00591393 0.00356073 0.030994 -0.0643882 -0.0760026 -0.0741265 
0.624634 0.363984 0.440555 0.398681 0.541426 0.506262 -0.167512 -0.0866211 -0.117355 -0.100529 -0.149766 -0.13049 -0.0437857 -0.04993 -0.0506855 
0.576446 0.473226 0.427407 0.451704 0.530755 0.536568 0.136945 0.13357 0.14615 0.14205 0.151195 0.139263 -0.00637014 0.000589034 -0.0183598 
0.649857 0.586879 0.376925 0.498729 0.538771 0.626904 0.0376905 -0.0198482 0.0190665 0.00253322 0.0224844 0.00910337 -0.0100285 0.00570828 0.00360873 
1.80797e-34 0.250415 0.185725 0.218749 0.0985281 0.1336 -3.47601e-36 -0.00900299 -0.00605893 -0.0078354 -0.00163497 -0.00307414 -0.000303754 -0.000375538 -0.0015658 
0.552911 0.485105 0.710757 0.641829 0.665569 0.517868 -0.0940371 -0.10764 -0.156418 -0.137082 -0.124723 -0.101738 -0.0496292 -0.0498495 -0.0192648 
0.464634 0.351101 0.461386 0.405994 0.463882 0.412803 0.0601675 0.0515539 0.0991243 0.0765119 0.0789703 0.0581046 0.0143414 0.0192768 0.0117753 
0.259535 0.461386 0.351101 0.405994 0.309284 0.364928 0.0585939 0.0991243 0.0515539 0.0765119 0.0566064 0.0837888 0.0179348 0.0117753 0.0192768 
0.362306 0.416983 0.253511 0.342793 0.311209 0.389533 -0.01702 -0.0158604 -0.0102028 -0.014218 -0.0139542 -0.0176262 -0.000723047 -0.00244672 -0.00358527 
0.547048 0.24293 0.162365 0.201831 0.363992 0.408463 -0.174401 -0.125969 -0.0581093 -0.0955762 -0.123852 -0.158926 0.005383 -0.0127242 0.0218349 
0.157259 0.657294 0.425689 0.544924 0.276638 0.381355 0.000764882 -0.139027 -0.0656239 -0.0995083 -0.0303546 -0.0648705 -0.13319 -0.12696 -0.127855 
2.25755e-34 7.58181e-35 0.185725 0.0933493 0.090295 -8.04923e-35 1.3322e-35 4.91359e-36 -0.00605893 -0.00141944 -0.00234026 2.82743e-35 -0.00410536 -0.00127405 -0.0015658 
-0.0359197 -0.0495051 -0.031822 -0.0607674 -0.0356664 -0.0518301 0.0333714 0.0200983 0.0368127 0.0342926 0.0343851 0.030051 -0.121146 -0.121128 -0.120274 
0.464466 0.162365 0.198097 0.186666 0.331755 0.323545 -0.101022 -0.0581093 -0.0287343 -0.0442783 -0.0681164 -0.0890413 0.0224475 0.0218349 0.0297167 
0.555293 0.743936 0.460557 0.639082 0.507953 0.665956 -0.226418 -0.26385 -0.192873 -0.246382 -0.210782 -0.253056 -0.057468 -0.0600574 -0.085054 
0.310642 0.253511 0.416983 0.342793 0.368331 0.280738 -0.0076521 -0.0102028 -0.0158604 -0.014218 -0.0119999 -0.00983107 -0.00668972 -0.00358527 -0.00244672 
0.0785938 0.15165 -0.031822 0.0280397 0.0068301 0.10795 0.0191588 -0.00598056 0.0368127 0.0238523 0.032238 0.00669067 -0.119384 -0.12021 -0.120274 
0.633711 0.646442 0.690602 0.671225 0.666879 0.657963 0.113412 0.144372 0.0944465 0.123858 0.106993 0.13382 -0.0182883 -0.0324179 -0.0301165 
0.707848 0.710757 0.609276 0.681426 0.676238 0.708557 -0.0816384 -0.156418 -0.0751244 -0.114787 -0.0780065 -0.11742 -0.0144763 -0.0192648 0.0107568 
0.59019 0.690602 0.646442 0.671225 0.62673 0.658972 0.120196 0.0944465 0.144372 0.123858 0.138084 0.115642 -0.0486151 -0.0301165 -0.0324179 
0.286203 0.309831 0.503826 0.412463 0.409841 0.297132 0.0216044 0.0119088 0.0716416 0.036969 0.0445574 0.0172531 -0.0139076 -0.0122414 -0.0100672 
-0.109331 -0.0614022 0.103577 0.030875 -0.0154943 -0.0901797 0.0568177 0.0462988 0.0224423 0.0391793 0.0483606 0.0557335 -0.126443 -0.13281 -0.125221 
0.997382 0.993921 0.769583 0.92806 0.930191 0.996851 -0.0205674 -0.032958 -0.0206194 -0.0289178 -0.0246953 -0.0280018 -0.0964744 -0.103828 -0.0956212 
0.133716 0.157783 0.427407 0.295277 0.277026 0.140652 0.0771002 0.0846544 0.14615 0.116962 0.114109 0.0825067 -0.012827 -0.0367261 -0.0183598 
0.439565 0.503826 0.309831 0.412463 0.380405 0.469912 0.0307504 0.0716416 0.0119088 0.036969 0.0213946 0.0498542 -0.00909699 -0.0100672 -0.0122414 
0.464466 0.609276 0.710757 0.681426 0.642571 0.546899 -0.101022 -0.0751244 -0.156418 -0.114787 -0.13125 -0.0891697 0.0224475 0.0107568 -0.0192648 
-0.00941934 0.0690427 0.272739 0.162273 0.122662 0.0315491 -0.0328723 -0.0502428 -0.0298634 -0.0535549 -0.0421306 -0.042862 -0.0705885 -0.0642279 -0.0741265 
0.124008 0.257872 0.440555 0.349809 0.259844 0.179942 -0.0153725 -0.0543729 -0.117355 -0.0857293 -0.0563401 -0.0311156 -0.0531943 -0.0551663 -0.0506855 
0.430178 0.398498 0.29599 0.352055 0.372448 0.415143 -0.0160855 -0.0141909 -0.00893351 -0.0117603 -0.0129774 -0.0155731 0.00535736 0.00168608 0.00364953 
0.326086 0.427407 0.157783 0.295277 0.23932 0.377939 0.109997 0.14615 0.0846544 0.116962 0.0968052 0.133487 -0.0451798 -0.0183598 -0.0367261 
0.213157 0.272739 0.0690427 0.162273 0.139123 0.24358 -0.0581428 -0.0298634 -0.0502428 -0.0535549 -0.0561978 -0.0523485 -0.0624948 -0.0741265 -0.0642279 
0.503677 0.440555 0.257872 0.349809 0.37751 0.471302 -0.135994 -0.117355 -0.0543729 -0.0857293 -0.091665 -0.130236 -0.0555366 -0.0506855 -0.0551663 
0.511729 0.376925 0.264295 0.325254 0.401967 0.454113 0.0499687 0.0190665 0.0141997 0.0160907 0.0316127 0.031701 -0.00653687 0.00360873 -0.00428635 
0.362306 0.250415 0.361921 0.309824 0.362274 0.310251 -0.01702 -0.00900299 -0.0143169 -0.0118118 -0.0158373 -0.0131367 -0.000723047 -0.000375538 0.000237193 
0.657294 0.148104 0.445735 0.294613 0.548974 0.37832 -0.139027 -0.0209428 -0.118403 -0.06816 -0.128532 -0.0753769 -0.12696 -0.138318 -0.131625 
0.406769 0.15165 0.0785938 0.10795 0.206679 0.273803 -0.0458034 -0.00598056 0.0191588 0.00669067 -0.0115107 -0.0248109 -0.118347 -0.12021 -0.119384 
-2.30365e-35 -3.86522e-35 -0.0495051 -0.0252014 -0.0176375 2.96675e-35 6.08411e-34 6.16205e-34 0.0200983 0.00518481 0.0029654 1.2029e-33 -0.12182 -0.122842 -0.121128 
0.430178 0.479117 0.398498 0.44672 0.415143 0.458412 -0.0160855 -0.0201878 -0.0141909 -0.0175687 -0.0155731 -0.0186472 0.00535736 0.00180554 0.00168608 
0.362306 0.361921 0.449532 0.410552 0.411139 0.362274 -0.01702 -0.0143169 -0.0205813 -0.0178216 -0.0193138 -0.0158373 -0.000723047 0.000237193 0.000465193 
0.633711 0.690602 0.543085 0.643224 0.597886 0.666879 0.113412 0.0944465 0.0807081 0.0946732 0.0989029 0.106993 -0.0182883 -0.0301165 -0.0112664 
0.557015 0.702411 0.690602 0.697189 0.659477 0.651972 0.0365879 0.0431123 0.0944465 0.074222 0.0807732 0.0504666 -0.0643882 -0.0364387 -0.0301165 
0.511729 0.543085 0.690602 0.643224 0.643436 0.53073 0.0499687 0.0807081 0.0944465 0.0946732 0.0771978 0.0670092 -0.00653687 -0.0112664 -0.0301165 
-0.0790622 -0.031822 -0.0495051 -0.0607674 -0.075661 -0.0546625 0.0491516 0.0368127 0.0200983 0.0342926 0.034128 0.0418046 -0.12181 -0.120274 -0.121128 
0.157259 0.103577 -0.0614022 0.030875 0.0461441 0.135519 0.000764882 0.0224423 0.0462988 0.0391793 0.03115 0.0144845 -0.13319 -0.125221 -0.13281 
7.58181e-35 1.80797e-34 0.185725 0.0985281 0.0933493 -8.0046e-35 4.91359e-36 -3.47601e-36 -0.00605893 -0.00163497 -0.00141944 9.14273e-36 -0.00127405 -0.000303754 -0.0015658 
0.576446 0.558232 0.503826 0.530895 0.565347 0.584641 0.136945 0.106081 0.0716416 0.0894926 0.104723 0.123062 -0.00637014 -0.0118257 -0.0100672 
0.462164 0.68334 0.862618 0.799243 0.712296 0.576163 -0.0759052 -0.105701 -0.170527 -0.141834 -0.134507 -0.0920015 -0.0685149 -0.077035 -0.0877505 
5.74995e-34 8.33404e-34 0.843329 0.511845 0.508496 -6.19402e-34 -3.7227e-34 -3.2083e-34 -0.00473604 -0.00176692 -0.00230009 -6.86536e-34 -0.0753281 -0.0648437 -0.0729773 
0.888276 0.862618 0.68334 0.799243 0.811677 0.874706 -0.144661 -0.170527 -0.105701 -0.141834 -0.131249 -0.158543 -0.0928166 -0.0877505 -0.077035 
0.24293 0.652306 0.272683 0.485507 0.252687 0.468475 -0.125969 -0.242295 -0.15066 -0.204435 -0.138851 -0.192294 -0.0127242 -0.0325947 -0.0477717 
-0.0790622 -0.0996563 -0.109331 -0.128653 -0.0927853 -0.106133 0.0491516 0.022116 0.0568177 0.0453386 0.0542131 0.0419899 -0.12181 -0.124579 -0.126443 
0.30225 0.063831 0.160473 0.104844 0.237501 0.164903 -0.0616422 -0.00727288 -0.0224868 -0.0135384 -0.0402149 -0.0270346 -0.0588954 -0.0600016 -0.0634032 
0.0656873 0.0094489 0.0416956 0.0260874 0.0504095 0.0212078 -0.0373068 -0.0084218 -0.0057952 -0.00851873 -0.0198605 -0.0220221 -0.0546095 -0.055853 -0.0528139 
0.0604618 -0.100783 -0.0974451 -0.100849 -0.0412351 -0.0466371 0.042513 0.000258746 -0.00933899 -0.0017291 0.00344019 0.0115687 -0.062127 -0.05592 -0.0684241 
0.124008 0.0416956 0.0335773 0.0378082 0.0700846 0.069474 -0.0153725 -0.0057952 0.000521762 -0.00148442 -0.00363193 -0.00631839 -0.0531943 -0.0528139 -0.0542618 
-0.00941934 -0.0974451 -0.0698673 -0.0870677 -0.0623111 -0.0567681 -0.0328723 -0.00933899 -0.0154441 -0.0131142 -0.0296943 -0.0243436 -0.0705885 -0.0684241 -0.066904 
0.133716 0.101797 -0.00514151 0.0444555 0.0554975 0.113958 0.0771002 0.0360536 0.0213176 0.0289437 0.0496103 0.0590316 -0.012827 0.00859593 -0.010558 
0.714219 0.997382 0.769583 0.930191 0.743688 0.916824 -0.0105411 -0.0205674 -0.0206194 -0.0246953 -0.014666 -0.0171527 -0.0879033 -0.0964744 -0.0956212 
0.503677 0.701738 0.72455 0.717281 0.63073 0.605092 -0.135994 -0.194809 -0.228637 -0.214906 -0.184586 -0.165997 -0.0555366 -0.0643306 -0.0580727 
0.213157 0.279325 0.416868 0.345088 0.31076 0.24262 -0.0581428 -0.0651996 -0.0628793 -0.0698781 -0.0598607 -0.0621746 -0.0624948 -0.0531496 -0.0594692 
0.790066 0.72455 0.701738 0.717281 0.787976 0.778045 -0.262394 -0.228637 -0.194809 -0.214906 -0.241193 -0.254101 -0.0757906 -0.0580727 -0.0643306 
0.326086 0.340509 0.523603 0.436678 0.429176 0.33003 0.109997 0.0693913 0.137561 0.110556 0.128482 0.091692 -0.0451798 -0.0679126 -0.0416828 
0.552911 0.416868 0.279325 0.345088 0.410999 0.482117 -0.0940371 -0.0628793 -0.0651996 -0.0698781 -0.0862557 -0.0776844 -0.0496292 -0.0594692 -0.0531496 
0.59019 0.523603 0.340509 0.436678 0.472609 0.557216 0.120196 0.137561 0.0693913 0.110556 0.0982064 0.130584 -0.0486151 -0.0416828 -0.0679126 
0.503677 0.72455 0.440555 0.596342 0.471302 0.63073 -0.135994 -0.228637 -0.117355 -0.175447 -0.130236 -0.184586 -0.0555366 -0.0580727 -0.0506855 
0.213157 0.416868 0.272739 0.342722 0.24358 0.31076 -0.0581428 -0.0628793 -0.0298634 -0.0452934 -0.0523485 -0.0598607 -0.0624948 -0.0594692 -0.0741265 
0.326086 0.523603 0.427407 0.471463 0.377939 0.429176 0.109997 0.137561 0.14615 0.147336 0.133487 0.128482 -0.0451798 -0.0416828 -0.0183598 
0.727283 0.440555 0.72455 0.596342 0.727731 0.609682 -0.235331 -0.117355 -0.228637 -0.175447 -0.233433 -0.180811 -0.049075 -0.0506855 -0.0580727 
0.530344 0.272739 0.416868 0.342722 0.474166 0.39769 -0.0352061 -0.0298634 -0.0628793 -0.0452934 -0.0508625 -0.0287648 -0.0586592 -0.0741265 -0.0594692 
0.597678 0.427407 0.523603 0.471463 0.566172 0.521466 0.155067 0.14615 0.137561 0.147336 0.151578 0.154333 -0.0241373 -0.0183598 -0.0416828 
-0.0163407 -0.0354015 -0.0210606 -0.0295208 -0.0198855 -0.0254347 0.0119394 0.0208048 0.0266883 0.0231495 0.0190067 0.0163892 -0.121175 -0.121265 -0.121681 
2.25378e-34 0.243524 0.29599 0.27086 0.165777 0.130845 1.03547e-35 -0.00592476 -0.00893351 -0.00766149 -0.00285795 -0.00139862 0.00307692 0.00660304 0.00364953 
5.19158e-34 7.25721e-34 0.827278 0.51194 0.505325 -5.03383e-34 4.43898e-34 5.17315e-34 -0.0135223 -0.00723016 -0.00472712 9.85107e-34 -0.0943066 -0.112551 -0.102047 
0.624634 0.711105 0.710757 0.711086 0.682043 0.70129 -0.167512 -0.208864 -0.156418 -0.181784 -0.166452 -0.193274 -0.0437857 -0.0219045 -0.0192648 
0.837632 0.918663 0.649023 0.854952 0.749075 0.908982 -0.0864367 -0.125731 -0.0766915 -0.113286 -0.0843073 -0.111377 -0.0910219 -0.103246 -0.0796741 
0.888276 0.649023 0.918663 0.854952 0.909565 0.80521 -0.144661 -0.0766915 -0.125731 -0.113286 -0.137058 -0.116816 -0.0928166 -0.0796741 -0.103246 
0.989551 0.843329 0.844091 0.84384 0.978345 0.978164 -0.00439415 -0.00473604 -0.00239178 -0.00334441 -0.00411464 -0.00586078 -0.0692002 -0.0729773 -0.0599643 
0.0326885 0.19813 0.445735 0.319826 0.238518 0.111965 -0.017361 -0.0978677 -0.118403 -0.106437 -0.0676137 -0.0582277 -0.135748 -0.119355 -0.131625 
0.326086 0.157783 0.0604618 0.103107 0.185726 0.23932 0.109997 0.0846544 0.042513 0.0657099 0.0743273 0.0968052 -0.0451798 -0.0367261 -0.062127 
0.213157 0.0690427 0.0656873 0.0678833 0.129719 0.139123 -0.0581428 -0.0502428 -0.0373068 -0.0494859 -0.055604 -0.0561978 -0.0624948 -0.0642279 -0.0546095 
0.503677 0.257872 0.30225 0.28044 0.409047 0.37751 -0.135994 -0.0543729 -0.0616422 -0.05921 -0.0997737 -0.091665 -0.0555366 -0.0551663 -0.0588954 
0.555293 0.272683 0.652306 0.485507 0.609144 0.419822 -0.226418 -0.15066 -0.242295 -0.204435 -0.240296 -0.189936 -0.057468 -0.0477717 -0.0325947 
0.286203 0.190682 0.112494 0.148293 0.19915 0.24122 0.0216044 0.0136139 0.00455012 0.00806431 0.012397 0.0200701 -0.0139076 -0.0136616 -0.0136815 
0.464634 0.333729 0.351101 0.345119 0.412803 0.403895 0.0601675 0.0208608 0.0515539 0.0349502 0.0581046 0.04093 0.0143414 0.0194085 0.0192768 
0.504814 0.416983 0.477906 0.45181 0.492293 0.472713 -0.00901005 -0.0158604 -0.0218357 -0.0196525 -0.0172793 -0.0142133 0.00218239 -0.00244672 0.000527663 
0.504814 0.477906 0.501251 0.502019 0.50734 0.492293 -0.00901005 -0.0218357 -0.0167247 -0.0197482 -0.0136933 -0.0172793 0.00218239 0.000527663 0.00433125 
0.462164 0.160473 0.1417 0.154717 0.292321 0.299143 -0.0759052 -0.0224868 -0.0130146 -0.0176037 -0.0371056 -0.0431837 -0.0685149 -0.0634032 -0.0689804 
0.4316 0.169403 0.190682 0.181128 0.30695 0.306532 0.0631128 0.0110384 0.0136139 0.0135804 0.0342457 0.033391 -0.0126825 -0.0120961 -0.0136616 
0.877753 0.988668 0.821857 0.955555 0.852391 0.965578 -0.0468357 -0.0437156 -0.0243245 -0.043213 -0.0363424 -0.0514583 -0.118179 -0.10673 -0.119542 
8.33404e-34 6.59054e-34 0.844091 0.512957 0.511411 -6.15528e-34 -3.2083e-34 -2.65492e-34 -0.00239178 -0.000887899 -0.00125187 -5.82037e-34 -0.0648437 -0.0539235 -0.0599643 
-2.36582e-34 -0.232853 -0.15072 -0.200509 -0.188452 -0.162939 6.7089e-34 0.0158096 0.035314 0.0274222 0.0287004 0.0177117 -0.128432 -0.128093 -0.133493 
0.389063 0.230732 0.333729 0.291132 0.365265 0.320942 0.00182532 0.00258227 0.0208608 0.0103594 0.0108552 0.00431754 0.0144509 0.0172603 0.0194085 
0.541371 0.406769 0.825064 0.634372 0.701492 0.470628 -0.0568942 -0.0458034 -0.0961536 -0.0739499 -0.0764276 -0.0511402 -0.118501 -0.118347 -0.113531 
0.633711 0.543085 0.4316 0.490171 0.550515 0.597886 0.113412 0.0807081 0.0631128 0.0738662 0.0930283 0.0989029 -0.0182883 -0.0112664 -0.0126825 
0.895209 0.541371 0.825064 0.701492 0.859995 0.758023 -0.0853946 -0.0568942 -0.0961536 -0.0764276 -0.0913127 -0.0759899 -0.111707 -0.118501 -0.113531 
0.790066 0.824512 0.593116 0.757549 0.723442 0.807376 -0.262394 -0.247016 -0.204324 -0.243424 -0.247688 -0.25785 -0.0757906 -0.0846174 -0.107764 
0.77798 0.593116 0.824512 0.757549 0.815274 0.692508 -0.223212 -0.204324 -0.247016 -0.243424 -0.241954 -0.218396 -0.105917 -0.107764 -0.0846174 
-0.0359197 -0.0354015 -0.0495051 -0.0431388 -0.0518301 -0.0417335 0.0333714 0.0208048 0.0200983 0.0208371 0.030051 0.0287876 -0.121146 -0.121265 -0.121128 
6.31799e-34 4.58951e-34 0.714219 0.406892 0.39982 -3.2652e-34 -4.58092e-34 -4.18745e-34 -0.0105411 -0.00305998 -0.00408425 -8.61907e-34 -0.0912653 -0.084636 -0.0879033 
0.586879 0.298953 0.376925 0.342721 0.498729 0.460696 -0.0198482 0.000871418 0.0190665 0.00731956 0.00253322 -0.0107509 0.00570828 0.0139054 0.00360873 
0.707848 0.609276 0.586879 0.602554 0.67322 0.676238 -0.0816384 -0.0751244 -0.0198482 -0.0456621 -0.0445836 -0.0780065 -0.0144763 0.0107568 0.00570828 
0.597678 0.646442 0.600082 0.638761 0.624478 0.622459 0.155067 0.144372 0.12509 0.142583 0.146093 0.150553 -0.0241373 -0.0324179 -0.0153454 
0.633711 0.600082 0.646442 0.638761 0.657963 0.61756 0.113412 0.12509 0.144372 0.142583 0.13382 0.122621 -0.0182883 -0.0153454 -0.0324179 
0.24293 -0.0304139 0.162365 0.0609573 0.201831 0.0885261 -0.125969 -0.0367242 -0.0581093 -0.0495376 -0.0955762 -0.0856304 -0.0127242 -0.00360515 0.0218349 
0.310642 0.238285 0.138438 0.187458 0.227847 0.275156 -0.0076521 0.00142189 -0.00228858 -0.00117731 -0.00433935 -0.00264162 -0.00668972 -0.0102539 -0.00839273 
0.957296 0.703135 0.979353 0.904138 0.971961 0.924949 -0.0686138 -0.0365436 -0.0566128 -0.0513103 -0.0631505 -0.058257 -0.110101 -0.0964251 -0.1085 
0.517659 0.516551 0.414815 0.47247 0.480951 0.517326 0.0237769 0.0425243 0.00943595 0.0237219 0.0161018 0.0328355 0.000831987 -0.00250677 -0.00769141 
0.430178 0.29599 0.243524 0.27086 0.353219 0.372448 -0.0160855 -0.00893351 -0.00592476 -0.00766149 -0.0113431 -0.0129774 0.00535736 0.00364953 0.00660304 
0.494248 0.420037 0.479117 0.454223 0.487976 0.467979 -0.0190821 -0.0141763 -0.0201878 -0.0172105 -0.0196567 -0.016911 -7.69184e-05 -0.000114235 0.00180554 
0.396581 0.485101 0.449532 0.469891 0.425228 0.450296 -0.0141284 -0.0192046 -0.0205813 -0.0198935 -0.0172077 -0.0169777 0.000145338 9.29826e-05 0.000465193 
0.530344 0.636467 0.711491 0.681628 0.650686 0.583463 -0.0352061 -0.0701583 -0.0172221 -0.0400093 -0.0202459 -0.0522099 -0.0586592 -0.0462262 -0.0311679 
0.707848 0.711491 0.636467 0.681628 0.695707 0.713702 -0.0816384 -0.0172221 -0.0701583 -0.0400093 -0.072992 -0.047581 -0.0144763 -0.0311679 -0.0462262 
0.504814 0.501251 0.495411 0.499367 0.510009 0.50734 -0.00901005 -0.0167247 0.00360161 -0.00895284 -0.0038351 -0.0136933 0.00218239 0.00433125 0.00823824 
2.25378e-34 1.07963e-34 0.243524 0.135412 0.130845 -1.04799e-34 1.03547e-35 3.06445e-35 -0.00592476 -0.00116071 -0.00139862 4.81172e-35 0.00307692 0.00649076 0.00660304 
6.31799e-34 0.714219 0.769583 0.743688 0.445171 0.39982 -4.58092e-34 -0.0105411 -0.0206194 -0.014666 -0.00690253 -0.00408425 -0.0912653 -0.0879033 -0.0956212 
-0.0790622 -0.0495051 -0.0616657 -0.0569811 -0.091195 -0.075661 0.0491516 0.0200983 0.0156545 0.0184155 0.0343966 0.034128 -0.12181 -0.121128 -0.122866 
-3.86522e-35 -0.0616657 -0.0495051 -0.0569811 -0.0252014 -0.0231681 6.16205e-34 0.0156545 0.0200983 0.0184155 0.00518481 0.00366285 -0.122842 -0.122866 -0.121128 
0.362306 0.253511 0.185725 0.220485 0.281578 0.311209 -0.01702 -0.0102028 -0.00605893 -0.00841588 -0.0119262 -0.0139542 -0.000723047 -0.00358527 -0.0015658 
0.517659 0.414815 0.470319 0.445116 0.497362 0.480951 0.0237769 0.00943595 -0.000637789 0.00418822 0.00985607 0.0161018 0.000831987 -0.00769141 -0.00271383 
0.997382 0.821857 0.993921 0.961174 0.996851 0.964757 -0.0205674 -0.0243245 -0.032958 -0.0372285 -0.0280018 -0.0297346 -0.0964744 -0.119542 -0.103828 
0.362306 0.185725 0.250415 0.218749 0.310251 0.281578 -0.01702 -0.00605893 -0.00900299 -0.0078354 -0.0131367 -0.0119262 -0.000723047 -0.0015658 -0.000375538 
0.727283 0.743936 0.652306 0.697736 0.734784 0.754462 -0.235331 -0.26385 -0.242295 -0.25571 -0.249587 -0.256256 -0.049075 -0.0600574 -0.0325947 
0.555293 0.652306 0.743936 0.697736 0.665956 0.609144 -0.226418 -0.242295 -0.26385 -0.25571 -0.253056 -0.240296 -0.057468 -0.0325947 -0.0600574 
0.430178 0.243524 0.333018 0.29112 0.387603 0.353219 -0.0160855 -0.00592476 -0.00686824 -0.00726577 -0.0114606 -0.0113431 0.00535736 0.00660304 0.0103427 
0.501251 0.453848 0.495411 0.476482 0.499367 0.484827 -0.0167247 -0.00899878 0.00360161 -0.00356418 -0.00895284 -0.0125365 0.00433125 0.00884381 0.00823824 
2.89309e-34 0.206593 0.333729 0.275563 0.203715 0.122306 1.13611e-34 0.0177064 0.0208608 0.0225167 0.00774426 0.00419358 0.0203417 0.0210379 0.0194085 
2.25378e-34 0.29599 0.194096 0.247366 0.104805 0.165777 1.03547e-35 -0.00893351 -0.00374519 -0.00608773 -0.0015227 -0.00285795 0.00307692 0.00364953 0.00180629 
2.89309e-34 0.333729 0.230732 0.291132 0.126952 0.203715 1.13611e-34 0.0208608 0.00258227 0.0103594 0.00187168 0.00774426 0.0203417 0.0194085 0.0172603 
-2.30365e-35 -0.0495051 -0.0145015 -0.0306607 -0.00733105 -0.0176375 6.08411e-34 0.0200983 0.0055211 0.0112956 0.00114854 0.0029654 -0.12182 -0.121128 -0.121456 
2.25755e-34 0.253511 0.158941 0.20673 0.0778635 0.128552 1.3322e-35 -0.0102028 -0.00412601 -0.00683476 -0.00158984 -0.00383776 -0.00410536 -0.00358527 -0.00629418 
0.957296 0.955152 0.703135 0.88055 0.924949 0.962893 -0.0686138 -0.0731273 -0.0365436 -0.0590771 -0.058257 -0.0712271 -0.110101 -0.104557 -0.0964251 
0.430178 0.333018 0.453848 0.403473 0.443392 0.387603 -0.0160855 -0.00686824 -0.00899878 -0.00845638 -0.0140744 -0.0114606 0.00535736 0.0103427 0.00884381 
5.19158e-34 0.827278 0.700962 0.768569 0.405793 0.505325 4.43898e-34 -0.0135223 -0.00634114 -0.00875766 -0.00231292 -0.00472712 -0.0943066 -0.102047 -0.0914017 
0.75 1 0.937239 0.984257 0.859227 0.9375 -3.2034e-37 -4.88762e-37 -0.000749093 -0.000648369 -0.000488252 -9.48477e-37 -0.0308515 -0.0315296 -0.0412134 
4.78979e-34 0.397565 0.649023 0.532643 0.29029 0.166377 -4.32534e-34 -0.0315643 -0.0766915 -0.0511269 -0.0233287 -0.0103768 -0.0791634 -0.0834231 -0.0796741 
0.827278 0.821857 0.997382 0.964757 0.965011 0.82498 -0.0135223 -0.0243245 -0.0205674 -0.0297346 -0.0208762 -0.0179167 -0.102047 -0.119542 -0.0964744 
0.389063 0.453848 0.333018 0.403473 0.365263 0.425822 0.00182532 -0.00899878 -0.00686824 -0.00845638 -0.0036901 -0.00380734 0.0144509 0.00884381 0.0103427 
0.0326885 -0.15072 -0.232853 -0.200509 -0.13459 -0.0701755 -0.017361 0.035314 0.0158096 0.0274222 0.0177857 0.0240897 -0.135748 -0.133493 -0.128093 
1.80797e-34 0.156714 0.250415 0.20556 0.1336 0.0800637 -3.47601e-36 -0.00353283 -0.00900299 -0.00600343 -0.00307414 -0.00151028 -0.000303754 -7.8708e-05 -0.000375538 
6.59054e-34 0.706156 0.844091 0.780633 0.512957 0.404926 -2.65492e-34 -0.000903326 -0.00239178 -0.00147624 -0.000887899 -0.000374583 -0.0539235 -0.0477184 -0.0599643 
3.68449e-34 3.9776e-34 0.703135 0.385419 0.36197 -4.2244e-34 -4.74612e-34 -4.93495e-34 -0.0365436 -0.00977218 -0.0120503 -9.3486e-34 -0.0940061 -0.0981539 -0.0964251 
0.0326885 0.148104 -0.15072 -0.0150649 -0.0701755 0.094387 -0.017361 -0.0209428 0.035314 0.0265097 0.0240897 -0.0160828 -0.135748 -0.138318 -0.133493 
0.993921 0.821857 0.988668 0.955555 0.991196 0.961174 -0.032958 -0.0243245 -0.0437156 -0.043213 -0.0390606 -0.0372285 -0.103828 -0.119542 -0.10673 
-2.36582e-34 -0.15072 -0.164844 -0.173237 -0.121872 -0.188452 6.7089e-34 0.035314 0.04023 0.0434864 0.0225467 0.0287004 -0.128432 -0.133493 -0.128037 
0.860353 0.769583 0.988668 0.927041 0.949421 0.820429 -0.0377218 -0.0206194 -0.0437156 -0.0339849 -0.0422159 -0.0294017 -0.100755 -0.0956212 -0.10673 
0.464634 0.529623 0.490843 0.512538 0.480354 0.506224 0.0601675 0.0587889 0.0301475 0.042675 0.0445809 0.0599028 0.0143414 0.00593978 0.0116124 
0.517659 0.490843 0.529623 0.512538 0.528403 0.519394 0.0237769 0.0301475 0.0587889 0.042675 0.0399179 0.0268846 0.000831987 0.0116124 0.00593978 
0.837632 0.649023 0.397565 0.532643 0.648503 0.749075 -0.0864367 -0.0766915 -0.0315643 -0.0511269 -0.0617882 -0.0843073 -0.0910219 -0.0796741 -0.0834231 
0.888276 0.68334 0.649023 0.669479 0.80521 0.811677 -0.144661 -0.105701 -0.0766915 -0.0913984 -0.116816 -0.131249 -0.0928166 -0.077035 -0.0796741 
0.860353 0.979353 0.703135 0.904138 0.785761 0.949203 -0.0377218 -0.0566128 -0.0365436 -0.0513103 -0.0387964 -0.0482092 -0.100755 -0.1085 -0.0964251 
4.5454e-34 4.86497e-34 0.774954 0.458313 0.456899 -4.05541e-34 2.63225e-34 3.20497e-34 -0.00202222 -0.000805293 -0.000634109 5.8561e-34 -0.0554156 -0.0675431 -0.0609237 
4.78979e-34 0.649023 0.285209 0.462447 0.135376 0.29029 -4.32534e-34 -0.0766915 -0.0310145 -0.0506652 -0.00860289 -0.0233287 -0.0791634 -0.0796741 -0.0722107 
0.998688 0.937239 0.986673 0.995426 0.994216 0.988598 -0.0016227 -0.000749093 -0.00056792 -0.000786076 -0.00119093 -0.00137478 -0.0511083 -0.0412134 -0.039172 
0.310642 0.138438 0.158941 0.148267 0.237279 0.227847 -0.0076521 -0.00228858 -0.00412601 -0.00317216 -0.00628532 -0.00433935 -0.00668972 -0.00839273 -0.00629418 
0.998688 0.986673 0.750025 0.905331 0.928024 0.994216 -0.0016227 -0.00056792 -0.000655616 -0.000733935 -0.00123885 -0.00119093 -0.0511083 -0.039172 -0.0427042 
0.504814 0.470319 0.416983 0.443291 0.472713 0.492169 -0.00901005 -0.000637789 -0.0158604 -0.0101681 -0.0142133 -0.00532267 0.00218239 -0.00271383 -0.00244672 
0.460557 0.0484524 0.272683 0.155389 0.364409 0.253185 -0.192873 -0.0815482 -0.15066 -0.11855 -0.174182 -0.136319 -0.085054 -0.0886559 -0.0477717 
0.599431 0.103577 0.425689 0.248698 0.507657 0.307473 -0.0880444 0.0224423 -0.0656239 -0.0171309 -0.0761797 -0.0304824 -0.121448 -0.125221 -0.127855 
0.310642 0.416983 0.470319 0.443291 0.40078 0.368331 -0.0076521 -0.0158604 -0.000637789 -0.0101681 -0.00563547 -0.0119999 -0.00668972 -0.00244672 -0.00271383 
0.272683 0.0484524 -0.0542453 -0.0182863 0.0962995 0.155389 -0.15066 -0.0815482 -0.0574814 -0.0683273 -0.101954 -0.11855 -0.0477717 -0.0886559 -0.0464452 
0.157259 0.425689 0.103577 0.248698 0.135519 0.276638 0.000764882 -0.0656239 0.0224423 -0.0171309 0.0144845 -0.0303546 -0.13319 -0.127855 -0.125221 
1.70062e-34 0.238285 0.150219 0.194546 0.0689592 0.113984 5.33386e-35 0.00142189 0.00385453 0.00403308 0.000173756 -2.5065e-05 -0.0105988 -0.0102539 -0.0124564 
5.07001e-34 -0.0210606 -0.014355 -0.0235238 -0.00977958 -0.00914024 3.86149e-35 0.0266883 0.0397233 0.0371683 0.0400743 0.0298194 -0.1234 -0.121681 -0.123337 
0.310642 0.414815 0.238285 0.333247 0.275156 0.362332 -0.0076521 0.00943595 0.00142189 0.00444006 -0.00264162 -0.00117328 -0.00668972 -0.00769141 -0.0102539 
7.25721e-34 0.821857 0.827278 0.82498 0.51194 0.516735 5.17315e-34 -0.0243245 -0.0135223 -0.0179167 -0.00723016 -0.0139227 -0.112551 -0.119542 -0.102047 
-1.01096e-34 -0.0304139 -0.0542453 -0.0541572 -0.131536 -0.0792423 7.48433e-35 -0.0367242 -0.0574814 -0.0494817 -0.0150393 -0.0105895 -0.0193188 -0.00360515 -0.0464452 
3.9776e-34 0.427741 0.703135 0.579519 0.385419 0.217349 -4.93495e-34 -0.0126938 -0.0365436 -0.0212315 -0.00977218 -0.0035529 -0.0981539 -0.0966537 -0.0964251 
0.860353 0.703135 0.427741 0.579519 0.678341 0.785761 -0.0377218 -0.0365436 -0.0126938 -0.0212315 -0.0246551 -0.0387964 -0.100755 -0.0964251 -0.0966537 
0.998688 0.844091 0.706156 0.780633 0.935869 0.967609 -0.0016227 -0.00239178 -0.000903326 -0.00147624 -0.00158191 -0.0024683 -0.0511083 -0.0599643 -0.0477184 
-2.13986e-34 -2.04976e-34 -0.184706 -0.224701 -0.218435 2.04998e-34 6.17797e-34 4.95953e-34 -0.0142318 0.00462342 0.00989164 1.11128e-33 -0.123362 -0.100482 -0.114724 
0.310642 0.158941 0.253511 0.20673 0.280738 0.237279 -0.0076521 -0.00412601 -0.0102028 -0.00683476 -0.00983107 -0.00628532 -0.00668972 -0.00629418 -0.00358527 
0.389063 0.238293 0.230732 0.235064 0.320942 0.325222 0.00182532 -0.00137424 0.00258227 0.000423726 0.00431754 0.000283888 0.0144509 0.014448 0.0172603 
0.494248 0.479117 0.499807 0.497633 0.500151 0.487976 -0.0190821 -0.0201878 -0.0215502 -0.0213733 -0.0203071 -0.0196567 -7.69184e-05 0.00180554 0.000816129 
1.70062e-34 0.138438 0.238285 0.187458 0.113984 0.0651755 5.33386e-35 -0.00228858 0.00142189 -0.00117731 -2.5065e-05 -0.000526413 -0.0105988 -0.00839273 -0.0102539 
0.485101 0.499807 0.449532 0.484253 0.469891 0.494409 -0.0192046 -0.0215502 -0.0205813 -0.0216706 -0.0198935 -0.020444 9.29826e-05 0.000816129 0.000465193 
3.14309e-34 0.238293 0.333018 0.289667 0.195989 0.133173 5.16646e-35 -0.00137424 -0.00686824 -0.00362169 -0.00300356 -0.000998324 0.0115557 0.014448 0.0103427 
-2.36582e-34 -2.13986e-34 -0.232853 -0.182622 -0.162939 1.23843e-34 6.7089e-34 6.17797e-34 0.0158096 0.0112615 0.0177117 1.24102e-33 -0.128432 -0.123362 -0.128093 
-3.63914e-36 -0.0145015 -0.00221787 -0.00668617 -0.000663282 -0.00264252 6.00692e-34 0.0055211 0.00167891 0.00372338 0.000617886 0.00138301 -0.121356 -0.121456 -0.121254 
-0.0359197 -0.031822 0.15165 0.0280397 0.010394 -0.0356664 0.0333714 0.0368127 -0.00598056 0.0238523 0.0252836 0.0343851 -0.121146 -0.120274 -0.12021 
-1.64637e-34 -1.01096e-34 -0.0542453 -0.131536 -0.168493 6.90402e-35 3.00641e-34 7.48433e-35 -0.0574814 -0.0150393 -0.0154351 4.2933e-34 -0.063991 -0.0193188 -0.0464452 
-0.0790622 -0.0616657 -0.0996563 -0.0785629 -0.106133 -0.091195 0.0491516 0.0156545 0.022116 0.0187425 0.0419899 0.0343966 -0.12181 -0.122866 -0.124579 
0.860353 0.427741 0.769583 0.611849 0.820429 0.678341 -0.0377218 -0.0126938 -0.0206194 -0.0163135 -0.0294017 -0.0246551 -0.100755 -0.0966537 -0.0956212 
0.776728 0.703135 0.955152 0.88055 0.896952 0.743953 -0.0560734 -0.0365436 -0.0731273 -0.0590771 -0.0681028 -0.0463029 -0.0954822 -0.0964251 -0.104557 
7.45704e-34 0.821857 7.25721e-34 0.516735 -4.76146e-34 0.533903 3.14619e-34 -0.0243245 5.17315e-34 -0.0139227 1.19562e-33 -0.0326063 -0.1379 -0.119542 -0.112551 
0.24293 -0.0542453 -0.0304139 -0.0541572 0.0885261 0.0786339 -0.125969 -0.0574814 -0.0367242 -0.0494817 -0.0856304 -0.0954917 -0.0127242 -0.0464452 -0.00360515 
0.500674 0.499807 0.479117 0.497633 0.49903 0.500084 -0.0229583 -0.0215502 -0.0201878 -0.0213733 -0.021797 -0.0223941 0.00150189 0.000816129 0.00180554 
0.500674 0.449532 0.499807 0.484253 0.500084 0.483316 -0.0229583 -0.0205813 -0.0215502 -0.0216706 -0.0223941 -0.0223579 0.00150189 0.000465193 0.000816129 
6.61624e-34 5.19158e-34 0.700962 0.405793 0.402457 -2.39655e-34 3.78834e-34 4.43898e-34 -0.00634114 -0.00231292 -0.00179817 8.31875e-34 -0.0803209 -0.0943066 -0.0914017 
-1.03814e-34 -0.164844 -0.0996563 -0.133282 -0.0631528 -0.101035 6.59266e-34 0.04023 0.022116 0.0297071 0.00553219 0.014008 -0.129866 -0.128037 -0.124579 
0.999512 0.997382 0.714219 0.916824 0.92307 0.998864 -0.0109014 -0.0205674 -0.0105411 -0.0171527 -0.013074 -0.0157925 -0.0857556 -0.0964744 -0.0879033 
6.61624e-34 0.700962 0.834262 0.772592 0.508111 0.402457 3.78834e-34 -0.00634114 -0.00581054 -0.00629964 -0.00208396 -0.00179817 -0.0803209 -0.0914017 -0.0807957 
0.895209 0.825064 0.922553 0.930897 0.946082 0.859995 -0.0853946 -0.0961536 -0.0824776 -0.0989764 -0.0889161 -0.0913127 -0.111707 -0.113531 -0.0993134 
0.389063 0.333018 0.238293 0.289667 0.325222 0.365263 0.00182532 -0.00686824 -0.00137424 -0.00362169 0.000283888 -0.0036901 0.0144509 0.0103427 0.014448 
0.216189 0.15165 0.715279 0.404453 0.480592 0.179895 -0.0110967 -0.00598056 -0.0641012 -0.03836 -0.0433432 -0.00880711 -0.121848 -0.12021 -0.118199 
0.993921 0.988668 0.769583 0.927041 0.92806 0.991196 -0.032958 -0.0437156 -0.0206194 -0.0339849 -0.0289178 -0.0390606 -0.103828 -0.10673 -0.0956212 
5.07001e-34 4.98175e-34 -0.0210606 -0.00666782 -0.00914024 1.02328e-33 3.86149e-35 1.27615e-35 0.0266883 0.0188213 0.0298194 -1.56236e-35 -0.1234 -0.120824 -0.121681 
0.999512 0.714219 0.648825 0.682665 0.906253 0.92307 -0.0109014 -0.0105411 -0.00534196 -0.00725758 -0.0100836 -0.013074 -0.0857556 -0.0879033 -0.0805927 
0.999512 0.827278 0.997382 0.965011 0.998864 0.960884 -0.0109014 -0.0135223 -0.0205674 -0.0208762 -0.0157925 -0.0150613 -0.0857556 -0.102047 -0.0964744 
0.255158 0.194096 0.398498 0.310198 0.333803 0.225673 -0.00576876 -0.00374519 -0.0141909 -0.00913864 -0.00977251 -0.00478724 -0.000118786 0.00180629 0.00168608 
0.234756 0.361921 0.156714 0.270464 0.196708 0.304071 -0.00588505 -0.0143169 -0.00353283 -0.0089902 -0.00472512 -0.00985927 0.000134769 0.000237193 -7.8708e-05 
0.362306 0.477906 0.416983 0.45181 0.389533 0.429764 -0.01702 -0.0218357 -0.0158604 -0.0196525 -0.0176262 -0.0203991 -0.000723047 0.000527663 -0.00244672 
4.58951e-34 0.648825 0.714219 0.682665 0.406892 0.361101 -4.18745e-34 -0.00534196 -0.0105411 -0.00725758 -0.00305998 -0.00196914 -0.084636 -0.0805927 -0.0879033 
0.547048 0.710757 0.711105 0.711086 0.656929 0.671659 -0.174401 -0.156418 -0.208864 -0.181784 -0.194266 -0.168083 0.005383 -0.0192648 -0.0219045 
0.649857 0.690602 0.702411 0.697189 0.697426 0.685522 0.0376905 0.0944465 0.0431123 0.074222 0.0435521 0.0672231 -0.0100285 -0.0301165 -0.0364387 
4.86497e-34 0.645608 0.774954 0.713854 0.458313 0.364568 3.20497e-34 -0.00238645 -0.00202222 -0.00226098 -0.000805293 -0.000689569 -0.0675431 -0.0720646 -0.0609237 
0.998688 0.750025 0.624893 0.690568 0.894994 0.928024 -0.0016227 -0.000655616 -0.000881248 -0.000780845 -0.00160449 -0.00123885 -0.0511083 -0.0427042 -0.0516258 
-0.0790622 0.103577 0.0785938 0.096159 -0.0149387 -0.0129951 0.0491516 0.0224423 0.0191588 0.0224754 0.0416714 0.0480092 -0.12181 -0.125221 -0.119384 
5.74995e-34 0.843329 0.648825 0.755711 0.364541 0.508496 -3.7227e-34 -0.00473604 -0.00534196 -0.00524986 -0.00171211 -0.00230009 -0.0753281 -0.0729773 -0.0805927 
0.30372 0.427407 0.473226 0.451704 0.393364 0.361027 0.10464 0.14615 0.13357 0.14205 0.122466 0.127335 0.00502844 -0.0183598 0.000589034 
2.75126e-34 2.56451e-34 0.516995 0.255482 0.231818 -2.13922e-34 -4.32574e-34 -4.63775e-34 -0.0361718 -0.00874027 -0.00915537 -8.63542e-34 -0.0851331 -0.0923834 -0.0886108 
0.999512 0.700962 0.827278 0.768569 0.960884 0.931351 -0.0109014 -0.00634114 -0.0135223 -0.00875766 -0.0150613 -0.0111293 -0.0857556 -0.0914017 -0.102047 
-3.63914e-36 -2.30365e-35 -0.0145015 -0.00733105 -0.00264252 3.47533e-36 6.00692e-34 6.08411e-34 0.0055211 0.00114854 0.00138301 1.20018e-33 -0.121356 -0.12182 -0.121456 
8.01497e-35 2.25755e-34 0.158941 0.0778635 0.0748066 -5.91713e-35 3.41841e-35 1.3322e-35 -0.00412601 -0.00158984 -0.000798977 5.66071e-35 -0.0071636 -0.00410536 -0.00629418 
0.75 0.750025 0.986673 0.905331 0.905337 0.749951 -3.67259e-37 -0.000655616 -0.00056792 -0.000733935 -0.000494376 -0.000345131 -0.0321669 -0.0427042 -0.039172 
0.565766 0.835815 0.701738 0.775561 0.645551 0.733222 -0.126991 -0.208383 -0.194809 -0.207717 -0.163026 -0.174218 -0.0640329 -0.0829871 -0.0643306 
0.162698 0.440555 0.363984 0.398681 0.253097 0.281402 -0.0338869 -0.117355 -0.0866211 -0.100529 -0.0596218 -0.0650191 -0.0504594 -0.0506855 -0.04993 
0.103182 0.272739 0.324257 0.297801 0.21073 0.189097 -0.00449937 -0.0298634 0.0205204 -0.00591393 0.0031907 -0.0225056 -0.076573 -0.0741265 -0.0760026 
0.599431 0.918663 0.825064 0.891022 0.713407 0.821455 -0.0880444 -0.125731 -0.0961536 -0.114207 -0.0939512 -0.120186 -0.121448 -0.103246 -0.113531 
0.435501 0.503826 0.558232 0.530895 0.507137 0.474797 0.0637258 0.0716416 0.106081 0.0894926 0.0849462 0.0699976 -0.0133849 -0.0100672 -0.0118257 
0.238285 0.414815 0.309831 0.366117 0.271912 0.333247 0.00142189 0.00943595 0.0119088 0.0125288 0.00603483 0.00444006 -0.0102539 -0.00769141 -0.0122414 
0.500674 0.501251 0.477906 0.502019 0.492835 0.503411 -0.0229583 -0.0167247 -0.0218357 -0.0197482 -0.0227994 -0.0211308 0.00150189 0.00433125 0.000527663 
0.599431 0.352876 0.103577 0.205424 0.307473 0.478816 -0.0880444 -0.0412083 0.0224423 -0.00741781 -0.0304824 -0.0622809 -0.121448 -0.120488 -0.125221 
0.548068 0.461386 0.54529 0.507512 0.550559 0.525692 0.0837446 0.0991243 0.118243 0.108656 0.101329 0.0951319 0.000485947 0.0117753 0.000887297 
2.52402e-34 -3.63914e-36 -0.00221787 -0.000663282 0.000141995 3.1508e-38 2.9974e-34 6.00692e-34 0.00167891 0.000617886 -0.000295635 1.19812e-33 -0.121291 -0.121356 -0.121254 
0.30372 0.473226 0.461386 0.467213 0.393322 0.393364 0.10464 0.13357 0.0991243 0.117318 0.107523 0.122466 0.00502844 0.000589034 0.0117753 
0.216189 0.030716 -0.014355 -0.000473706 0.03489 0.111527 -0.0110967 0.0388362 0.0397233 0.0425899 0.0260878 0.0141715 -0.121848 -0.125662 -0.123337 
2.52402e-34 -0.00221787 5.03531e-34 -0.000642047 1.01006e-33 0.000141995 2.9974e-34 0.00167891 1.52829e-36 0.000786861 -4.6915e-37 -0.000295635 -0.121291 -0.121254 -0.121057 
0.439565 0.309831 0.414815 0.366117 0.426021 0.380405 0.0307504 0.0119088 0.00943595 0.0125288 0.0189657 0.0213946 -0.00909699 -0.0122414 -0.00769141 
0.776728 0.357236 0.703135 0.534689 0.743953 0.587287 -0.0560734 -0.0169667 -0.0365436 -0.0250286 -0.0463029 -0.0345576 -0.0954822 -0.0929361 -0.0964251 
0.599431 0.825064 0.352876 0.603673 0.478816 0.713407 -0.0880444 -0.0961536 -0.0412083 -0.0738271 -0.0622809 -0.0939512 -0.121448 -0.113531 -0.120488 
0.430178 0.453848 0.501251 0.484827 0.476616 0.443392 -0.0160855 -0.00899878 -0.0167247 -0.0125365 -0.0170556 -0.0140744 0.00535736 0.00884381 0.00433125 
6.59054e-34 4.02066e-34 0.706156 0.405441 0.404926 -2.80314e-34 -2.65492e-34 -2.08713e-34 -0.000903326 -0.000236311 -0.000374583 -4.72855e-34 -0.0539235 -0.0425251 -0.0477184 
0.103182 0.324257 0.340509 0.331464 0.215935 0.21073 -0.00449937 0.0205204 0.0693913 0.0451692 0.0277192 0.0031907 -0.076573 -0.0760026 -0.0679126 
0.998688 0.997038 0.844091 0.971092 0.967609 0.997869 -0.0016227 -0.00294633 -0.00239178 -0.00306886 -0.0024683 -0.00242474 -0.0511083 -0.0602671 -0.0599643 
0.162698 0.363984 0.279325 0.317145 0.214126 0.253097 -0.0338869 -0.0866211 -0.0651996 -0.0748391 -0.0545104 -0.0596218 -0.0504594 -0.04993 -0.0531496 
0.999512 0.648825 0.843329 0.755711 0.957968 0.906253 -0.0109014 -0.00534196 -0.00473604 -0.00524986 -0.00849206 -0.0100836 -0.0857556 -0.0805927 -0.0729773 
0.59019 0.340509 0.49167 0.418394 0.544698 0.472609 0.120196 0.0693913 0.0705008 0.072776 0.0981067 0.0982064 -0.0486151 -0.0679126 -0.0647012 
4.78979e-34 2.75126e-34 0.397565 0.186192 0.166377 -1.19989e-34 -4.32534e-34 -4.32574e-34 -0.0315643 -0.00844196 -0.0103768 -8.00668e-34 -0.0791634 -0.0851331 -0.0834231 
-0.0163407 -0.00221787 -0.0145015 -0.00668617 -0.0159231 -0.0076735 0.0119394 0.00167891 0.0055211 0.00372338 0.00837687 0.00537434 -0.121175 -0.121254 -0.121456 
0.216189 0.0142042 0.15165 0.0694006 0.179895 0.0862761 -0.0110967 0.0252696 -0.00598056 0.0115915 -0.00880711 0.010892 -0.121848 -0.122266 -0.12021 
0.565766 0.862618 0.835815 0.851357 0.733222 0.743551 -0.126991 -0.170527 -0.208383 -0.191308 -0.174218 -0.157717 -0.0640329 -0.0877505 -0.0829871 
0.552911 0.279325 0.485105 0.377452 0.517868 0.410999 -0.0940371 -0.0651996 -0.10764 -0.0866416 -0.101738 -0.0862557 -0.0496292 -0.0531496 -0.0498495 
0.790066 0.701738 0.824512 0.791503 0.807376 0.787976 -0.262394 -0.194809 -0.247016 -0.227041 -0.25785 -0.241193 -0.0757906 -0.0643306 -0.0846174 
0.989551 0.844091 0.997038 0.971092 0.993939 0.978345 -0.00439415 -0.00239178 -0.00294633 -0.00306886 -0.00359086 -0.00411464 -0.0692002 -0.0599643 -0.0602671 
0.998688 0.624893 0.774954 0.70466 0.934945 0.894994 -0.0016227 -0.000881248 -0.00202222 -0.00130682 -0.00219017 -0.00160449 -0.0511083 -0.0516258 -0.0609237 
0.957296 0.715279 0.955152 0.9111 0.962893 0.870995 -0.0686138 -0.0641012 -0.0731273 -0.0774187 -0.0712271 -0.0712283 -0.110101 -0.118199 -0.104557 
-0.109331 -0.0996563 -0.164844 -0.133282 -0.146177 -0.128653 0.0568177 0.022116 0.04023 0.0297071 0.0532108 0.0453386 -0.126443 -0.124579 -0.128037 
5.07001e-34 -0.014355 0.030716 -0.000473706 -0.0120135 -0.00977958 3.86149e-35 0.0397233 0.0388362 0.0425899 0.0451344 0.0400743 -0.1234 -0.123337 -0.125662 
0.657294 0.839187 0.862618 0.873691 0.852998 0.767086 -0.139027 -0.206878 -0.170527 -0.198228 -0.187437 -0.181306 -0.12696 -0.10719 -0.0877505 
3.68449e-34 0.703135 0.357236 0.534689 0.183623 0.36197 -4.74612e-34 -0.0365436 -0.0169667 -0.0250286 -0.00669935 -0.0120503 -0.0940061 -0.0964251 -0.0929361 
0.888276 0.918663 0.785831 0.871572 0.887245 0.909565 -0.144661 -0.125731 -0.139487 -0.138137 -0.155427 -0.137058 -0.0928166 -0.103246 -0.118216 
0.599431 0.785831 0.918663 0.871572 0.821455 0.702133 -0.0880444 -0.139487 -0.125731 -0.138137 -0.120186 -0.11386 -0.121448 -0.118216 -0.103246 
0.439565 0.414815 0.516551 0.47247 0.484923 0.426021 0.0307504 0.00943595 0.0425243 0.0237219 0.0364629 0.0189657 -0.00909699 -0.00769141 -0.00250677 
-2.13986e-34 -0.184706 -0.232853 -0.217687 -0.182622 -0.218435 6.17797e-34 -0.0142318 0.0158096 0.00368767 0.0112615 0.00989164 -0.123362 -0.114724 -0.128093 
-0.0359197 0.15165 0.0142042 0.0694006 -0.0215106 0.010394 0.0333714 -0.00598056 0.0252696 0.0115915 0.0330554 0.0252836 -0.121146 -0.12021 -0.122266 
0.435501 0.558232 0.600082 0.579283 0.529388 0.507137 0.0637258 0.106081 0.12509 0.116668 0.0944146 0.0849462 -0.0133849 -0.0118257 -0.0153454 
0.250415 0.156714 0.361921 0.270464 0.309824 0.20556 -0.00900299 -0.00353283 -0.0143169 -0.0089902 -0.0118118 -0.00600343 -0.000375538 -7.8708e-05 0.000237193 
0.29599 0.398498 0.194096 0.310198 0.247366 0.352055 -0.00893351 -0.0141909 -0.00374519 -0.00913864 -0.00608773 -0.0117603 0.00364953 0.00168608 0.00180629 
4.23186e-34 6.31799e-34 0.769583 0.445171 0.42998 -4.72275e-34 -4.78205e-34 -4.58092e-34 -0.0206194 -0.00690253 -0.00903321 -9.13952e-34 -0.0957267 -0.0912653 -0.0956212 
0.75 0.437669 0.750025 0.609346 0.749951 0.609479 -3.67259e-37 -0.000151539 -0.000655616 -0.000276503 -0.000345131 -0.000121671 -0.0321669 -0.0379785 -0.0427042 
0.420037 0.398498 0.479117 0.44672 0.454223 0.409457 -0.0141763 -0.0141909 -0.0201878 -0.0175687 -0.0172105 -0.0141533 -0.000114235 0.00168608 0.00180554 
0.396581 0.449532 0.361921 0.410552 0.379992 0.425228 -0.0141284 -0.0205813 -0.0143169 -0.0178216 -0.0141387 -0.0172077 0.000145338 0.000465193 0.000237193 
0.895209 0.955152 0.715279 0.9111 0.820561 0.946486 -0.0853946 -0.0731273 -0.0641012 -0.0774187 -0.0764628 -0.0821331 -0.111707 -0.104557 -0.118199 
0.649857 0.702411 0.711491 0.707658 0.701536 0.697426 0.0376905 0.0431123 -0.0172221 0.0137748 0.017895 0.0435521 -0.0100285 -0.0364387 -0.0311679 
0.998688 0.706156 0.937239 0.842955 0.988598 0.935869 -0.0016227 -0.000903326 -0.000749093 -0.00100842 -0.00137478 -0.00158191 -0.0511083 -0.0477184 -0.0412134 
3.14309e-34 1.42251e-34 0.238293 0.13384 0.133173 -8.45983e-35 5.16646e-35 8.02558e-35 -0.00137424 -5.18623e-05 -0.000998324 1.37291e-34 0.0115557 0.016318 0.014448 
0.597678 0.600082 0.606073 0.610805 0.608064 0.624478 0.155067 0.12509 0.143917 0.137864 0.151945 0.146093 -0.0241373 -0.0153454 -0.0142228 
0.989551 0.999308 0.843329 0.965537 0.978164 0.996044 -0.00439415 -0.00730762 -0.00473604 -0.00684474 -0.00586078 -0.00610075 -0.0692002 -0.077171 -0.0729773 
0.547048 0.711105 0.652306 0.691974 0.599354 0.656929 -0.174401 -0.208864 -0.242295 -0.228328 -0.20975 -0.194266 0.005383 -0.0219045 -0.0325947 
4.58951e-34 5.74995e-34 0.648825 0.364541 0.361101 -2.01482e-34 -4.18745e-34 -3.7227e-34 -0.00534196 -0.00171211 -0.00196914 -7.8389e-34 -0.084636 -0.0753281 -0.0805927 
0.420037 0.255158 0.398498 0.333803 0.409457 0.348959 -0.0141763 -0.00576876 -0.0141909 -0.00977251 -0.0141533 -0.00994214 -0.000114235 -0.000118786 0.00168608 
0.234756 0.396581 0.361921 0.379992 0.304071 0.32485 -0.00588505 -0.0141284 -0.0143169 -0.0141387 -0.00985927 -0.0100752 0.000134769 0.000145338 0.000237193 
0.837632 0.397565 0.516995 0.457623 0.704514 0.648503 -0.0864367 -0.0315643 -0.0361718 -0.0338945 -0.0629671 -0.0617882 -0.0910219 -0.0834231 -0.0886108 
3.16614e-34 0.586406 4.02066e-34 0.324952 -9.7746e-35 0.325108 -7.54668e-35 -0.000274014 -2.08713e-34 -0.000120637 -3.59339e-34 -8.55372e-05 -0.0307654 -0.038505 -0.0425251 
4.02066e-34 0.586406 0.706156 0.648893 0.405441 0.324952 -2.08713e-34 -0.000274014 -0.000903326 -0.000493982 -0.000236311 -0.000120637 -0.0425251 -0.038505 -0.0477184 
0.500674 0.479117 0.491015 0.485656 0.501787 0.49903 -0.0229583 -0.0201878 -0.0198902 -0.0206826 -0.0216915 -0.021797 0.00150189 0.00180554 0.00346532 
0.430178 0.491015 0.479117 0.485656 0.458412 0.466925 -0.0160855 -0.0198902 -0.0201878 -0.0206826 -0.0186472 -0.0183265 0.00535736 0.00346532 0.00180554 
4.41833e-34 0.624893 0.750025 0.690568 0.43762 0.349929 2.07737e-34 -0.000881248 -0.000655616 -0.000780845 -0.000205461 -0.000202118 -0.043696 -0.0516258 -0.0427042 
1 0.75 0.986673 0.905337 0.996675 0.9375 -4.88762e-37 -3.67259e-37 -0.00056792 -0.000494376 -0.000535256 -7.56553e-37 -0.0315296 -0.0321669 -0.039172 
0.999512 0.843329 0.999308 0.965537 0.999788 0.957968 -0.0109014 -0.00473604 -0.00730762 -0.00684474 -0.00882141 -0.00849206 -0.0857556 -0.0729773 -0.077171 
1.79585e-34 2.17109e-34 0.340981 0.210437 0.188133 -1.23744e-34 -1.62152e-34 -1.04933e-34 -0.026282 -0.00884283 -0.0114171 -2.37519e-34 0.0299548 0.0197102 0.0242843 
0.530344 0.711491 0.628402 0.681914 0.581532 0.650686 -0.0352061 -0.0172221 0.00602814 0.00199907 -0.0156402 -0.0202459 -0.0586592 -0.0311679 -0.0557752 
1.72811e-34 1.44547e-34 0.290875 0.142978 0.160556 -9.53315e-35 4.51874e-35 6.43849e-35 0.0262611 0.00674662 0.00756559 8.93228e-35 -0.00739997 -0.0114766 -0.00875833 
0.989551 0.774954 0.645608 0.713854 0.878872 0.916758 -0.00439415 -0.00202222 -0.00238645 -0.00226098 -0.00419212 -0.00348844 -0.0692002 -0.0609237 -0.0720646 
-4.70214e-35 -7.86045e-35 -0.0365471 -0.0818228 -0.0627894 2.06733e-35 -9.05909e-35 -2.15504e-34 0.0269775 0.00852818 0.0075982 -3.33166e-34 -0.0206405 -0.0452531 -0.0347971 
-3.26711e-35 -6.04592e-36 -0.0277775 -0.00927045 -0.0265605 2.55411e-35 -3.29831e-34 -2.95745e-34 -0.0231482 -0.00694386 -0.00619944 -6.05142e-34 -0.0655509 -0.0589944 -0.06133 
2.45868e-35 3.21132e-35 0.0699324 0.0257357 0.022242 -1.75676e-35 -2.72708e-34 -2.9051e-34 -0.00752228 -0.00157351 -0.000778294 -5.59157e-34 -0.055478 -0.0587492 -0.0565902 
-4.69073e-35 -1.03814e-34 -0.0996563 -0.0631528 -0.0424163 4.01987e-35 6.22708e-34 6.59266e-34 0.022116 0.00553219 0.0051638 1.25182e-33 -0.124624 -0.129866 -0.124579 
0.406769 0.541371 0.15165 0.334231 0.273803 0.470628 -0.0458034 -0.0568942 -0.00598056 -0.0314574 -0.0248109 -0.0511402 -0.118347 -0.118501 -0.12021 
1.06242e-34 4.78979e-34 0.285209 0.135376 0.114636 -8.69658e-35 -3.62173e-34 -4.32534e-34 -0.0310145 -0.00860289 -0.00662042 -7.36669e-34 -0.0723907 -0.0791634 -0.0722107 
7.01686e-35 1.70062e-34 0.150219 0.0689592 0.0710381 -4.79581e-35 6.64258e-35 5.33386e-35 0.00385453 0.000173756 0.00122441 1.17175e-34 -0.0131417 -0.0105988 -0.0124564 
0.389063 0.490843 0.495411 0.494199 0.452956 0.446646 0.00182532 0.0301475 0.00360161 0.0156445 0.00424465 0.0155862 0.0144509 0.0116124 0.00823824 
0.937239 0.706156 0.586406 0.648893 0.800333 0.842955 -0.000749093 -0.000903326 -0.000274014 -0.000493982 -0.00055971 -0.00100842 -0.0412134 -0.0477184 -0.038505 
0.727283 0.652306 0.708781 0.72771 0.718351 0.734784 -0.235331 -0.242295 -0.21893 -0.2419 -0.228306 -0.249587 -0.049075 -0.0325947 -0.0418145 
1 0.986673 0.937239 0.995426 0.984257 0.996675 -4.88762e-37 -0.00056792 -0.000749093 -0.000786076 -0.000648369 -0.000535256 -0.0315296 -0.039172 -0.0412134 
-3.86522e-35 -4.69073e-35 -0.0616657 -0.0335049 -0.0231681 1.88946e-35 6.16205e-34 6.22708e-34 0.0156545 0.00508015 0.00366285 1.21856e-33 -0.122842 -0.124624 -0.122866 
4.23186e-34 0.769583 0.427741 0.611849 0.226172 0.42998 -4.78205e-34 -0.0206194 -0.0126938 -0.0163135 -0.00462685 -0.00903321 -0.0957267 -0.0956212 -0.0966537 
3.16614e-34 0.75 0.586406 0.673367 0.325108 0.4375 -7.54668e-35 -3.2034e-37 -0.000274014 -0.000164834 -8.55372e-05 -8.77747e-38 -0.0307654 -0.0308515 -0.038505 
6.01092e-35 1.36008e-35 0.101797 0.019154 0.0485225 -4.46713e-35 8.92003e-35 1.88197e-35 0.0360536 0.0138809 0.0128215 7.4367e-35 0.0155646 0.000992368 0.00859593 
2.89309e-34 1.03684e-34 0.206593 0.110021 0.122306 -8.22481e-35 1.13611e-34 1.1143e-34 0.0177064 0.00637181 0.00419358 2.01276e-34 0.0203417 0.0211562 0.0210379 
-8.89633e-35 -7.03647e-35 -0.0974451 -0.0800308 -0.0944124 5.96269e-35 -3.07798e-34 -3.40141e-34 -0.00933899 -0.00902114 -0.0050324 -6.40169e-34 -0.062081 -0.0678978 -0.0684241 
1.75487e-35 2.14938e-35 0.0416956 0.0214402 0.0207382 -1.13174e-35 -2.71494e-34 -2.63129e-34 -0.0057952 0.000923195 -0.000214968 -5.30271e-34 -0.0549674 -0.0536742 -0.0528139 
5.51958e-35 7.63044e-35 0.160473 0.0663299 0.053097 -3.94391e-35 -3.11232e-34 -3.34841e-34 -0.0224868 -0.00525591 -0.00407487 -6.30495e-34 -0.0624354 -0.0669605 -0.0634032 
8.56863e-36 9.67747e-35 0.162365 0.0721345 0.018625 -4.7357e-35 -9.32448e-35 -1.70574e-34 -0.0581093 -0.0243596 -0.0248987 -2.00727e-34 0.0139663 0.0297143 0.0218349 
2.2647e-34 2.12235e-34 0.376925 0.211394 0.221798 -1.34685e-34 -3.80036e-35 1.27903e-35 0.0190665 0.00488498 0.00295064 -3.53624e-35 0.008288 -0.00128434 0.00360873 
1.08979e-34 9.02579e-35 0.190682 0.0890249 0.099261 -6.02262e-35 7.23948e-35 7.3502e-35 0.0136139 0.00357575 0.00445205 1.34613e-34 -0.0135795 -0.0140915 -0.0136616 
0.776728 0.922553 0.516995 0.775107 0.654113 0.868348 -0.0560734 -0.0824776 -0.0361718 -0.065061 -0.0474243 -0.0707654 -0.0954822 -0.0993134 -0.0886108 
0.657294 0.445735 0.839187 0.676936 0.767086 0.548974 -0.139027 -0.118403 -0.206878 -0.177674 -0.181306 -0.128532 -0.12696 -0.131625 -0.10719 
0.77798 0.839187 0.445735 0.676936 0.636196 0.809671 -0.223212 -0.206878 -0.118403 -0.177674 -0.182772 -0.216207 -0.105917 -0.10719 -0.131625 
0.837632 0.922553 0.825064 0.930897 0.931697 0.885286 -0.0864367 -0.0824776 -0.0961536 -0.0989764 -0.106541 -0.0853637 -0.0910219 -0.0993134 -0.113531 
0.216189 -0.014355 0.0142042 -0.00696976 0.0862761 0.03489 -0.0110967 0.0397233 0.0252696 0.0329826 0.010892 0.0260878 -0.121848 -0.123337 -0.122266 
0.500674 0.491015 0.501251 0.49643 0.503411 0.501787 -0.0229583 -0.0198902 -0.0167247 -0.0185254 -0.0211308 -0.0216915 0.00150189 0.00346532 0.00433125 
2.38927e-34 4.41833e-34 0.437669 0.234524 0.234472 4.78675e-35 7.6813e-35 2.07737e-34 -0.000151539 -0.000135349 -6.63286e-05 3.61754e-34 -0.0322794 -0.043696 -0.0379785 
0.999512 0.834262 0.700962 0.772592 0.931351 0.961686 -0.0109014 -0.00581054 -0.00634114 -0.00629964 -0.0111293 -0.00943632 -0.0857556 -0.0807957 -0.0914017 
0.0326885 -0.232853 -0.184706 -0.217687 -0.085742 -0.13459 -0.017361 0.0158096 -0.0142318 0.00368767 -0.0087511 0.0177857 -0.135748 -0.128093 -0.114724 
0.837632 0.516995 0.922553 0.775107 0.885286 0.704514 -0.0864367 -0.0361718 -0.0824776 -0.065061 -0.0853637 -0.0629671 -0.0910219 -0.0886108 -0.0993134 
0.430178 0.501251 0.491015 0.49643 0.466925 0.476616 -0.0160855 -0.0167247 -0.0198902 -0.0185254 -0.0183265 -0.0170556 0.00535736 0.00433125 0.00346532 
-1.03814e-34 -2.36582e-34 -0.164844 -0.121872 -0.101035 9.59579e-35 6.59266e-34 6.7089e-34 0.04023 0.0225467 0.014008 1.25883e-33 -0.129866 -0.128432 -0.128037 
4.41833e-34 0.750025 0.437669 0.609346 0.234524 0.43762 2.07737e-34 -0.000655616 -0.000151539 -0.000276503 -0.000135349 -0.000205461 -0.043696 -0.0427042 -0.0379785 
1.79585e-34 0.340981 0.198097 0.275458 0.116026 0.188133 -1.62152e-34 -0.026282 -0.0287343 -0.0317221 -0.00929912 -0.0114171 0.0299548 0.0242843 0.0297167 
0.75 0.937239 0.586406 0.800333 0.673367 0.859227 -3.2034e-37 -0.000749093 -0.000274014 -0.00055971 -0.000164834 -0.000488252 -0.0308515 -0.0412134 -0.038505 
0.464466 0.198097 0.340981 0.275458 0.410042 0.331755 -0.101022 -0.0287343 -0.026282 -0.0317221 -0.0641629 -0.0681164 0.0224475 0.0297167 0.0242843 
1.72811e-34 0.290875 0.264295 0.280144 0.133315 0.160556 4.51874e-35 0.0262611 0.0141997 0.0199568 0.00475262 0.00756559 -0.00739997 -0.00875833 -0.00428635 
-0.0359197 0.0142042 -0.014355 -0.00696976 -0.0286351 -0.0215106 0.0333714 0.0252696 0.0397233 0.0329826 0.0370994 0.0330554 -0.121146 -0.122266 -0.123337 
4.41833e-34 4.5454e-34 0.624893 0.350435 0.349929 -1.42324e-34 2.07737e-34 2.63225e-34 -0.000881248 -0.000297231 -0.000202118 4.71931e-34 -0.043696 -0.0554156 -0.0516258 
0.511729 0.264295 0.290875 0.280144 0.409408 0.401967 0.0499687 0.0141997 0.0262611 0.0199568 0.0390159 0.0316127 -0.00653687 -0.00428635 -0.00875833 
1.42251e-34 2.89309e-34 0.230732 0.126952 0.12926 -7.50547e-35 8.02558e-35 1.13611e-34 0.00258227 0.00187168 0.00039227 1.79213e-34 0.016318 0.0203417 0.0172603 
4.86497e-34 6.61624e-34 0.645608 0.366354 0.364568 -1.65493e-34 3.20497e-34 3.78834e-34 -0.00238645 -0.00126705 -0.000689569 7.04112e-34 -0.0675431 -0.0803209 -0.0720646 
-0.15072 0.148104 -0.0614022 0.0311146 -0.105549 -0.0150649 0.035314 -0.0209428 0.0462988 0.0254641 0.0433593 0.0265097 -0.133493 -0.138318 -0.13281 
0.837632 0.825064 0.918663 0.891022 0.908982 0.931697 -0.0864367 -0.0961536 -0.125731 -0.114207 -0.111377 -0.106541 -0.0910219 -0.113531 -0.103246 
0.776728 0.516995 0.357236 0.442255 0.587287 0.654113 -0.0560734 -0.0361718 -0.0169667 -0.0241845 -0.0345576 -0.0474243 -0.0954822 -0.0886108 -0.0929361 
-7.86045e-35 -0.100783 -0.0365471 -0.0829895 -0.0818228 -0.0792797 -2.15504e-34 0.000258746 0.0269775 0.0120715 0.00852818 0.00149328 -0.0452531 -0.05592 -0.0347971 
-4.70214e-35 -0.0365471 -0.00514151 -0.0253669 -0.0370938 -0.0627894 -9.05909e-35 0.0269775 0.0213176 0.0259681 0.00628826 0.0075982 -0.0206405 -0.0347971 -0.010558 
-6.04592e-36 0.0094489 -0.0277775 -0.00562852 -0.00927045 0.0036345 -2.95745e-34 -0.0084218 -0.0231482 -0.0138245 -0.00694386 -0.00279151 -0.0589944 -0.055853 -0.06133 
-3.26711e-35 -0.0277775 -0.0698673 -0.0488512 -0.0360678 -0.0265605 -3.29831e-34 -0.0231482 -0.0154441 -0.0207304 -0.0049928 -0.00619944 -0.0655509 -0.06133 -0.066904 
3.21132e-35 0.063831 0.0699324 0.0675063 0.0257357 0.0204228 -2.9051e-34 -0.00727288 -0.00752228 -0.008268 -0.00157351 -0.00107461 -0.0587492 -0.0600016 -0.0565902 
2.45868e-35 0.0699324 0.0335773 0.0469449 0.0142722 0.022242 -2.72708e-34 -0.00752228 0.000521762 -0.00210158 0.000524769 -0.000778294 -0.055478 -0.0565902 -0.0542618 
0.133716 -0.00514151 -0.0365471 -0.0253669 0.0392105 0.0554975 0.0771002 0.0213176 0.0269775 0.0259681 0.0523506 0.0496103 -0.012827 -0.010558 -0.0347971 
-0.00941934 -0.0698673 -0.0277775 -0.0488512 -0.0300179 -0.0623111 -0.0328723 -0.0154441 -0.0231482 -0.0207304 -0.0367606 -0.0296943 -0.0705885 -0.066904 -0.06133 
0.0604618 -0.0365471 -0.100783 -0.0829895 -0.0466371 -0.0070679 0.042513 0.0269775 0.000258746 0.0120715 0.0115687 0.0346248 -0.062127 -0.0347971 -0.05592 
0.124008 0.0335773 0.0699324 0.0469449 0.0977072 0.0700846 -0.0153725 0.000521762 -0.00752228 -0.00210158 -0.0106304 -0.00363193 -0.0531943 -0.0542618 -0.0565902 
0.0656873 -0.0277775 0.0094489 -0.00562852 0.0212078 0.0140035 -0.0373068 -0.0231482 -0.0084218 -0.0138245 -0.0220221 -0.0326929 -0.0546095 -0.06133 -0.055853 
0.30225 0.0699324 0.063831 0.0675063 0.164903 0.159931 -0.0616422 -0.00752228 -0.00727288 -0.008268 -0.0270346 -0.0271824 -0.0588954 -0.0565902 -0.0600016 
6.61624e-34 0.834262 0.645608 0.748499 0.366354 0.508111 3.78834e-34 -0.00581054 -0.00238645 -0.00368015 -0.00126705 -0.00208396 -0.0803209 -0.0807957 -0.0720646 
0.406769 0.352876 0.825064 0.603673 0.634372 0.378011 -0.0458034 -0.0412083 -0.0961536 -0.0738271 -0.0739499 -0.0433982 -0.118347 -0.120488 -0.113531 
0.4316 0.290875 0.169403 0.227205 0.306532 0.370746 0.0631128 0.0262611 0.0110384 0.0175643 0.033391 0.0430462 -0.0126825 -0.00875833 -0.0120961 
1.44547e-34 0.169403 0.290875 0.227205 0.142978 0.0909273 6.43849e-35 0.0110384 0.0262611 0.0175643 0.00674662 0.00291035 -0.0114766 -0.0120961 -0.00875833 
0.0484524 -0.208318 -0.0542453 -0.151285 -0.0182863 -0.108718 -0.0815482 -0.0148551 -0.0574814 -0.0348782 -0.0683273 -0.0401018 -0.0886559 -0.0864576 -0.0464452 
7.50112e-35 0.156714 1.80797e-34 0.0800637 -3.36692e-35 0.0820597 -2.16806e-36 -0.00353283 -3.47601e-36 -0.00151028 6.17036e-37 -0.00125336 0.000256891 -7.8708e-05 -0.000303754 
2.56451e-34 0.357236 0.516995 0.442255 0.255482 0.17018 -4.63775e-34 -0.0169667 -0.0361718 -0.0241845 -0.00874027 -0.00525208 -0.0923834 -0.0929361 -0.0886108 
0.216189 0.414173 0.030716 0.156088 0.111527 0.301757 -0.0110967 -0.0447954 0.0388362 0.00130188 0.0141715 -0.0249934 -0.121848 -0.12606 -0.125662 
-1.64637e-34 -0.0542453 -0.208318 -0.151285 -0.171505 -0.168493 3.00641e-34 -0.0574814 -0.0148551 -0.0348782 -0.00500709 -0.0154351 -0.063991 -0.0464452 -0.0864576 
8.68199e-35 2.25378e-34 0.194096 0.104805 0.102665 -4.84922e-35 -2.12323e-36 1.03547e-35 -0.00374519 -0.0015227 -0.00130539 1.44224e-35 -0.000242194 0.00307692 0.00180629 
0.586879 0.340981 0.298953 0.329776 0.460696 0.482112 -0.0198482 -0.026282 0.000871418 -0.0114977 -0.0107509 -0.0332087 0.00570828 0.0242843 0.0139054 
0.157259 -0.0614022 0.148104 0.0311146 0.154733 0.0461441 0.000764882 0.0462988 -0.0209428 0.0254641 -0.0100786 0.03115 -0.13319 -0.13281 -0.138318 
6.01092e-35 0.101797 0.123181 0.115994 0.0535868 0.0485225 8.92003e-35 0.0360536 0.017178 0.0261533 0.00601813 0.0128215 0.0155646 0.00859593 0.0183089 
2.17109e-34 0.298953 0.340981 0.329776 0.210437 0.167167 -1.04933e-34 0.000871418 -0.026282 -0.0114977 -0.00884283 -0.00273197 0.0197102 0.0139054 0.0242843 
9.67747e-35 0.198097 0.162365 0.186666 0.0721345 0.0871653 -1.70574e-34 -0.0287343 -0.0581093 -0.0442783 -0.0243596 -0.0120082 0.0297143 0.0297167 0.0218349 
1.36008e-35 -0.00514151 0.101797 0.0444555 0.019154 -0.0159439 1.88197e-35 0.0213176 0.0360536 0.0289437 0.0138809 0.00697401 0.000992368 -0.010558 0.00859593 
8.56863e-36 0.162365 -0.0304139 0.0609573 -0.0418001 0.018625 -9.32448e-35 -0.0581093 -0.0367242 -0.0495376 -0.0121583 -0.0248987 0.0139663 0.0218349 -0.00360515 
2.12235e-34 0.264295 0.376925 0.325254 0.211394 0.147478 1.27903e-35 0.0141997 0.0190665 0.0160907 0.00488498 0.00363649 -0.00128434 -0.00428635 0.00360873 
-8.89633e-35 -0.0974451 -0.100783 -0.100849 -0.0818972 -0.0944124 -3.07798e-34 -0.00933899 0.000258746 -0.0017291 -0.00127308 -0.0050324 -0.062081 -0.0684241 -0.05592 
-7.03647e-35 -0.0698673 -0.0974451 -0.0870677 -0.0800308 -0.0487977 -3.40141e-34 -0.0154441 -0.00933899 -0.0131142 -0.00902114 -0.00516087 -0.0678978 -0.066904 -0.0684241 
1.75487e-35 0.0416956 0.0094489 0.0260874 0.0109511 0.0207382 -2.71494e-34 -0.0057952 -0.0084218 -0.00851873 -0.00117331 -0.000214968 -0.0549674 -0.0528139 -0.055853 
2.14938e-35 0.0335773 0.0416956 0.0378082 0.0214402 0.0139236 -2.63129e-34 0.000521762 -0.0057952 -0.00148442 0.000923195 0.000546845 -0.0536742 -0.0542618 -0.0528139 
5.51958e-35 0.160473 0.063831 0.104844 0.0266291 0.053097 -3.11232e-34 -0.0224868 -0.00727288 -0.0135384 -0.00149518 -0.00407487 -0.0624354 -0.0634032 -0.0600016 
2.2647e-34 0.376925 0.298953 0.342721 0.169433 0.221798 -3.80036e-35 0.0190665 0.000871418 0.00731956 -2.47539e-05 0.00295064 0.008288 0.00360873 0.0139054 
7.63044e-35 0.1417 0.160473 0.154717 0.0663299 0.0525625 -3.34841e-34 -0.0130146 -0.0224868 -0.0176037 -0.00525591 -0.00340189 -0.0669605 -0.0689804 -0.0634032 
9.02579e-35 0.112494 0.190682 0.148293 0.0890249 0.0563083 7.3502e-35 0.00455012 0.0136139 0.00806431 0.00357575 0.00161791 -0.0140915 -0.0136815 -0.0136616 
1.08979e-34 0.190682 0.169403 0.181128 0.0807964 0.099261 7.23948e-35 0.0136139 0.0110384 0.0135804 0.0026115 0.00445205 -0.0135795 -0.0136616 -0.0120961 
0.0326885 0.445735 0.148104 0.294613 0.094387 0.238518 -0.017361 -0.118403 -0.0209428 -0.06816 -0.0160828 -0.0676137 -0.135748 -0.131625 -0.138318 
0.517659 0.516058 0.490843 0.510323 0.519394 0.518311 0.0237769 0.0104413 0.0301475 0.0188634 0.0268846 0.0168229 0.000831987 0.00479679 0.0116124 
8.68199e-35 0.194096 0.255158 0.225673 0.139106 0.102665 -2.12323e-36 -0.00374519 -0.00576876 -0.00478724 -0.00186812 -0.00130539 -0.000242194 0.00180629 -0.000118786 
-0.0790622 0.0785938 -0.031822 0.0068301 -0.0546625 -0.0149387 0.0491516 0.0191588 0.0368127 0.032238 0.0418046 0.0416714 -0.12181 -0.119384 -0.120274 
7.50112e-35 0.234756 0.156714 0.196708 0.0820597 0.126108 -2.16806e-36 -0.00588505 -0.00353283 -0.00472512 -0.00125336 -0.00195083 0.000256891 0.000134769 -7.8708e-05 
0.310642 0.470319 0.414815 0.445116 0.362332 0.40078 -0.0076521 -0.000637789 0.00943595 0.00418822 -0.00117328 -0.00563547 -0.00668972 -0.00271383 -0.00769141 
2.75126e-34 0.516995 0.397565 0.457623 0.186192 0.231818 -4.32574e-34 -0.0361718 -0.0315643 -0.0338945 -0.00844196 -0.00915537 -0.0851331 -0.0886108 -0.0834231 
0.0326885 -0.184706 0.19813 -0.0132578 0.111965 -0.085742 -0.017361 -0.0142318 -0.0978677 -0.0394208 -0.0582277 -0.0087511 -0.135748 -0.114724 -0.119355 
0.0484524 0.19813 -0.184706 -0.0132578 -0.0876576 0.118368 -0.0815482 -0.0978677 -0.0142318 -0.0394208 -0.0366769 -0.0870626 -0.0886559 -0.119355 -0.114724 
0.657294 0.785831 0.425689 0.619259 0.544924 0.722371 -0.139027 -0.139487 -0.0656239 -0.106596 -0.0995083 -0.142198 -0.12696 -0.118216 -0.127855 
1.70062e-34 8.01497e-35 0.138438 0.0654593 0.0651755 -4.11783e-35 5.33386e-35 3.41841e-35 -0.00228858 -0.00054417 -0.000526413 8.83414e-35 -0.0105988 -0.0071636 -0.00839273 
0.504814 0.516058 0.470319 0.505783 0.492169 0.511629 -0.00901005 0.0104413 -0.000637789 0.00490994 -0.00532267 -0.0008562 0.00218239 0.00479679 -0.00271383 
0.517659 0.470319 0.516058 0.505783 0.518311 0.497362 0.0237769 -0.000637789 0.0104413 0.00490994 0.0168229 0.00985607 0.000831987 -0.00271383 0.00479679 
0.485101 0.494248 0.499807 0.500151 0.494409 0.499855 -0.0192046 -0.0190821 -0.0215502 -0.0203071 -0.020444 -0.0193928 9.29826e-05 -7.69184e-05 0.000816129 
0.0484524 -0.184706 -0.208318 -0.203096 -0.108718 -0.0876576 -0.0815482 -0.0142318 -0.0148551 -0.0157543 -0.0401018 -0.0366769 -0.0886559 -0.114724 -0.0864576 
-2.04976e-34 -0.208318 -0.184706 -0.203096 -0.224701 -0.184666 4.95953e-34 -0.0148551 -0.0142318 -0.0157543 0.00462342 0.00141006 -0.100482 -0.0864576 -0.114724 
0.389063 0.495411 0.453848 0.476482 0.425822 0.452956 0.00182532 0.00360161 -0.00899878 -0.00356418 -0.00380734 0.00424465 0.0144509 0.00823824 0.00884381 
4.5454e-34 0.774954 0.624893 0.70466 0.350435 0.456899 2.63225e-34 -0.00202222 -0.000881248 -0.00130682 -0.000297231 -0.000634109 -0.0554156 -0.0609237 -0.0516258 
0.998688 0.774954 0.997038 0.930095 0.997869 0.934945 -0.0016227 -0.00202222 -0.00294633 -0.00277894 -0.00242474 -0.00219017 -0.0511083 -0.0609237 -0.0602671 
0.989551 0.997038 0.774954 0.930095 0.916758 0.993939 -0.00439415 -0.00294633 -0.00202222 -0.00277894 -0.00348844 -0.00359086 -0.0692002 -0.0602671 -0.0609237 
0.593116 0.19813 0.460557 0.326487 0.525002 0.39191 -0.204324 -0.0978677 -0.192873 -0.145943 -0.200037 -0.14757 -0.107764 -0.119355 -0.085054 
0.0484524 0.460557 0.19813 0.326487 0.118368 0.253185 -0.0815482 -0.192873 -0.0978677 -0.145943 -0.0870626 -0.136319 -0.0886559 -0.085054 -0.119355 
7.45704e-34 5.07001e-34 0.030716 -0.0120135 0.0299644 1.06955e-33 3.14619e-34 3.86149e-35 0.0388362 0.0451344 0.0288314 7.94542e-36 -0.1379 -0.1234 -0.125662 
0.4316 0.543085 0.290875 0.431724 0.370746 0.490171 0.0631128 0.0807081 0.0262611 0.0491951 0.0430462 0.0738662 -0.0126825 -0.0112664 -0.00875833 
0.586879 0.609276 0.340981 0.490183 0.482112 0.602554 -0.0198482 -0.0751244 -0.026282 -0.0580913 -0.0332087 -0.0456621 0.00570828 0.0107568 0.0242843 
0.216189 0.715279 0.770722 0.740542 0.515691 0.480592 -0.0110967 -0.0641012 -0.0547965 -0.0594345 -0.0461755 -0.0433432 -0.121848 -0.118199 -0.119967 
-2.04976e-34 -1.64637e-34 -0.208318 -0.171505 -0.184666 1.5623e-35 4.95953e-34 3.00641e-34 -0.0148551 -0.00500709 0.00141006 8.21528e-34 -0.100482 -0.063991 -0.0864576 
0.989551 0.645608 0.834262 0.748499 0.935504 0.878872 -0.00439415 -0.00238645 -0.00581054 -0.00368015 -0.005674 -0.00419212 -0.0692002 -0.0720646 -0.0807957 
0.30225 0.257872 0.0699324 0.148988 0.159931 0.28044 -0.0616422 -0.0543729 -0.00752228 -0.0245265 -0.0271824 -0.05921 -0.0588954 -0.0551663 -0.0565902 
0.0656873 0.0690427 -0.0277775 0.0043506 0.0140035 0.0678833 -0.0373068 -0.0502428 -0.0231482 -0.041814 -0.0326929 -0.0494859 -0.0546095 -0.0642279 -0.06133 
0.0604618 0.157783 -0.0365471 0.046695 -0.0070679 0.103107 0.042513 0.0846544 0.0269775 0.0562183 0.0346248 0.0657099 -0.062127 -0.0367261 -0.0347971 
1.03684e-34 0.123181 0.206593 0.166304 0.110021 0.0691025 1.1143e-34 0.017178 0.0177064 0.0188881 0.00637181 0.00533294 0.0211562 0.0183089 0.0210379 
1.03684e-34 6.01092e-35 0.123181 0.0535868 0.0691025 -2.14518e-35 1.1143e-34 8.92003e-35 0.017178 0.00601813 0.00533294 1.79931e-34 0.0211562 0.0155646 0.0183089 
0.259535 0.206593 0.123181 0.166304 0.194186 0.237745 0.0585939 0.0177064 0.017178 0.0188881 0.0395383 0.0379993 0.0179348 0.0210379 0.0183089 
9.67747e-35 1.79585e-34 0.198097 0.116026 0.0871653 -2.26647e-35 -1.70574e-34 -1.62152e-34 -0.0287343 -0.00929912 -0.0120082 -2.93108e-34 0.0297143 0.0299548 0.0297167 
3.9776e-34 4.23186e-34 0.427741 0.226172 0.217349 -1.72938e-35 -4.93495e-34 -4.78205e-34 -0.0126938 -0.00462685 -0.0035529 -9.49907e-34 -0.0981539 -0.0957267 -0.0966537 
2.56451e-34 3.68449e-34 0.357236 0.183623 0.17018 -2.67441e-35 -4.63775e-34 -4.74612e-34 -0.0169667 -0.00669935 -0.00525208 -9.12835e-34 -0.0923834 -0.0940061 -0.0929361 
2.12235e-34 1.72811e-34 0.264295 0.133315 0.147478 -2.13639e-35 1.27903e-35 4.51874e-35 0.0141997 0.00475262 0.00363649 4.27054e-35 -0.00128434 -0.00739997 -0.00428635 
-7.86045e-35 -8.89633e-35 -0.100783 -0.0818972 -0.0792797 -1.49867e-36 -2.15504e-34 -3.07798e-34 0.000258746 -0.00127308 0.00149328 -5.31682e-34 -0.0452531 -0.062081 -0.05592 
1.36008e-35 -4.70214e-35 -0.00514151 -0.0370938 -0.0159439 -1.81494e-35 1.88197e-35 -9.05909e-35 0.0213176 0.00628826 0.00697401 -9.81322e-35 0.000992368 -0.0206405 -0.010558 
-6.04592e-36 1.75487e-35 0.0094489 0.0109511 0.0036345 3.49205e-36 -2.95745e-34 -2.71494e-34 -0.0084218 -0.00117331 -0.00279151 -5.56132e-34 -0.0589944 -0.0549674 -0.055853 
-7.03647e-35 -3.26711e-35 -0.0698673 -0.0360678 -0.0487977 1.18375e-35 -3.40141e-34 -3.29831e-34 -0.0154441 -0.0049928 -0.00516087 -6.54474e-34 -0.0678978 -0.0655509 -0.066904 
3.21132e-35 5.51958e-35 0.063831 0.0266291 0.0204228 -6.45481e-36 -2.9051e-34 -3.11232e-34 -0.00727288 -0.00149518 -0.00107461 -5.92998e-34 -0.0587492 -0.0624354 -0.0600016 
2.14938e-35 2.45868e-35 0.0335773 0.0142722 0.0139236 -3.93783e-36 -2.63129e-34 -2.72708e-34 0.000521762 0.000524769 0.000546845 -5.34446e-34 -0.0536742 -0.055478 -0.0542618 
0.957296 0.770722 0.715279 0.740542 0.870995 0.8913 -0.0686138 -0.0547965 -0.0641012 -0.0594345 -0.0712283 -0.0659655 -0.110101 -0.119967 -0.118199 
9.02579e-35 7.01686e-35 0.112494 0.0522039 0.0563083 -8.44908e-36 7.3502e-35 6.64258e-35 0.00455012 0.00130447 0.00161791 1.34647e-34 -0.0140915 -0.0131417 -0.0136815 
1.44547e-34 1.08979e-34 0.169403 0.0807964 0.0909273 -1.2338e-35 6.43849e-35 7.23948e-35 0.0110384 0.0026115 0.00291035 1.22959e-34 -0.0114766 -0.0135795 -0.0120961 
7.63044e-35 1.06242e-34 0.1417 0.0653784 0.0525625 -1.15838e-35 -3.34841e-34 -3.62173e-34 -0.0130146 -0.00303705 -0.00340189 -6.8181e-34 -0.0669605 -0.0723907 -0.0689804 
2.17109e-34 2.2647e-34 0.298953 0.169433 0.167167 -1.73238e-35 -1.04933e-34 -3.80036e-35 0.000871418 -2.47539e-05 -0.00273197 -1.37113e-34 0.0197102 0.008288 0.0139054 
-1.01096e-34 8.56863e-36 -0.0304139 -0.0418001 -0.0792423 -2.45292e-35 7.48433e-35 -9.32448e-35 -0.0367242 -0.0121583 -0.0105895 2.81745e-35 -0.0193188 0.0139663 -0.00360515 
0.701738 0.835815 0.824512 0.836162 0.791503 0.775561 -0.194809 -0.208383 -0.247016 -0.231178 -0.227041 -0.207717 -0.0643306 -0.0829871 -0.0846174 
0.877753 0.770722 0.979353 0.925495 0.95648 0.827271 -0.0468357 -0.0547965 -0.0566128 -0.0613995 -0.0572965 -0.0521404 -0.118179 -0.119967 -0.1085 
4.98175e-34 5.03531e-34 -0.00537809 -0.000900567 -0.00186518 1.00841e-33 1.27615e-35 1.52829e-36 0.00751588 0.00190912 0.00602137 -7.5435e-37 -0.120824 -0.121057 -0.121285 
0.999512 0.999308 0.834262 0.953367 0.961686 0.999788 -0.0109014 -0.00730762 -0.00581054 -0.00725027 -0.00943632 -0.00882141 -0.0857556 -0.077171 -0.0807957 
0.989551 0.834262 0.999308 0.953367 0.996044 0.935504 -0.00439415 -0.00581054 -0.00730762 -0.00725027 -0.00610075 -0.005674 -0.0692002 -0.0807957 -0.077171 
2.38927e-34 0.437669 0.75 0.609479 0.4375 0.234472 7.6813e-35 -0.000151539 -3.67259e-37 -0.000121671 -1.29095e-37 -6.63286e-05 -0.0322794 -0.0379785 -0.0321669 
0.24293 0.272683 -0.0542453 0.0962995 0.0786339 0.252687 -0.125969 -0.15066 -0.0574814 -0.101954 -0.0954917 -0.138851 -0.0127242 -0.0477717 -0.0464452 
1.06242e-34 0.285209 0.1417 0.20836 0.0653784 0.114636 -3.62173e-34 -0.0310145 -0.0130146 -0.0203963 -0.00303705 -0.00662042 -0.0723907 -0.0722107 -0.0689804 
0.462164 0.1417 0.285209 0.20836 0.379919 0.292321 -0.0759052 -0.0130146 -0.0310145 -0.0203963 -0.0501704 -0.0371056 -0.0685149 -0.0689804 -0.0722107 
0.957296 0.979353 0.770722 0.925495 0.8913 0.971961 -0.0686138 -0.0566128 -0.0547965 -0.0613995 -0.0659655 -0.0631505 -0.110101 -0.1085 -0.119967 
0.77798 0.824512 0.835815 0.836162 0.842518 0.815274 -0.223212 -0.247016 -0.208383 -0.231178 -0.231875 -0.241954 -0.105917 -0.0846174 -0.0829871 
0.286203 0.112494 0.150219 0.130968 0.215005 0.19915 0.0216044 0.00455012 0.00385453 0.00466168 0.0113311 0.012397 -0.0139076 -0.0136815 -0.0124564 
7.01686e-35 0.150219 0.112494 0.130968 0.0522039 0.0710381 6.64258e-35 0.00385453 0.00455012 0.00466168 0.00130447 0.00122441 -0.0131417 -0.0124564 -0.0136815 
-0.0495051 -0.0354015 -0.0145015 -0.0256059 -0.0306607 -0.0431388 0.0200983 0.0208048 0.0055211 0.0123493 0.0112956 0.0208371 -0.121128 -0.121265 -0.121456 
0.877753 0.414173 0.770722 0.616171 0.827271 0.696847 -0.0468357 -0.0447954 -0.0547965 -0.051634 -0.0521404 -0.0467017 -0.118179 -0.12606 -0.119967 
-4.69073e-35 -0.0996563 -0.0616657 -0.0785629 -0.0335049 -0.0424163 6.22708e-34 0.022116 0.0156545 0.0187425 0.00508015 0.0051638 -0.124624 -0.124579 -0.122866 
7.45704e-34 0.030716 0.414173 0.156088 0.229245 0.0299644 3.14619e-34 0.0388362 -0.0447954 0.00130188 -0.0277042 0.0288314 -0.1379 -0.125662 -0.12606 
-0.109331 -0.164844 -0.0614022 -0.144268 -0.0901797 -0.146177 0.0568177 0.04023 0.0462988 0.0530273 0.0557335 0.0532108 -0.126443 -0.128037 -0.13281 
0.133716 -0.0365471 0.157783 0.046695 0.140652 0.0392105 0.0771002 0.0269775 0.0846544 0.0562183 0.0825067 0.0523506 -0.012827 -0.0347971 -0.0367261 
-0.15072 -0.0614022 -0.164844 -0.144268 -0.173237 -0.105549 0.035314 0.0462988 0.04023 0.0530273 0.0434864 0.0433593 -0.133493 -0.13281 -0.128037 
-0.00941934 -0.0277775 0.0690427 0.0043506 0.0315491 -0.0300179 -0.0328723 -0.0231482 -0.0502428 -0.041814 -0.042862 -0.0367606 -0.0705885 -0.06133 -0.0642279 
0.124008 0.0699324 0.257872 0.148988 0.179942 0.0977072 -0.0153725 -0.00752228 -0.0543729 -0.0245265 -0.0311156 -0.0106304 -0.0531943 -0.0565902 -0.0551663 
0.464466 0.340981 0.609276 0.490183 0.546899 0.410042 -0.101022 -0.026282 -0.0751244 -0.0580913 -0.0891697 -0.0641629 0.0224475 0.0242843 0.0107568 
0.511729 0.290875 0.543085 0.431724 0.53073 0.409408 0.0499687 0.0262611 0.0807081 0.0491951 0.0670092 0.0390159 -0.00653687 -0.00875833 -0.0112664 
0.340509 0.324257 0.49167 0.412732 0.418394 0.331464 0.0693913 0.0205204 0.0705008 0.0464232 0.072776 0.0451692 -0.0679126 -0.0760026 -0.0647012 
0.555293 0.460557 0.272683 0.364409 0.419822 0.507953 -0.226418 -0.192873 -0.15066 -0.174182 -0.189936 -0.210782 -0.057468 -0.085054 -0.0477717 
0.557015 0.49167 0.324257 0.412732 0.445681 0.52273 0.0365879 0.0705008 0.0205204 0.0464232 0.030994 0.0536466 -0.0643882 -0.0647012 -0.0760026 
0.862618 0.839187 0.835815 0.857248 0.851357 0.873691 -0.170527 -0.206878 -0.208383 -0.21843 -0.191308 -0.198228 -0.0877505 -0.10719 -0.0829871 
1.42251e-34 0.230732 0.238293 0.235064 0.13384 0.12926 8.02558e-35 0.00258227 -0.00137424 0.000423726 -5.18623e-05 0.00039227 0.016318 0.0172603 0.014448 
0.279325 0.363984 0.485105 0.427553 0.377452 0.317145 -0.0651996 -0.0866211 -0.10764 -0.102102 -0.0866416 -0.0748391 -0.0531496 -0.04993 -0.0498495 
0.77798 0.835815 0.839187 0.857248 0.809671 0.842518 -0.223212 -0.208383 -0.206878 -0.21843 -0.216207 -0.231875 -0.105917 -0.0829871 -0.10719 
0.624634 0.485105 0.363984 0.427553 0.506262 0.556212 -0.167512 -0.10764 -0.0866211 -0.102102 -0.13049 -0.136525 -0.0437857 -0.0498495 -0.04993 
8.01497e-35 0.158941 0.138438 0.148267 0.0654593 0.0748066 3.41841e-35 -0.00412601 -0.00228858 -0.00317216 -0.00054417 -0.000798977 -0.0071636 -0.00629418 -0.00839273 
0.548068 0.516551 0.529623 0.532436 0.538793 0.536561 0.0837446 0.0425243 0.0587889 0.0507354 0.0710266 0.0621693 0.000485947 -0.00250677 0.00593978 
0.461386 0.473226 0.54529 0.517812 0.507512 0.467213 0.0991243 0.13357 0.118243 0.128045 0.108656 0.117318 0.0117753 0.000589034 0.000887297 
0.576446 0.54529 0.473226 0.517812 0.536568 0.561726 0.136945 0.118243 0.13357 0.128045 0.139263 0.128337 -0.00637014 0.000887297 0.000589034 
0.877753 0.979353 0.988668 0.984261 0.965578 0.95648 -0.0468357 -0.0566128 -0.0437156 -0.0509532 -0.0514583 -0.0572965 -0.118179 -0.1085 -0.10673 
0.576446 0.606073 0.558232 0.592111 0.584641 0.591406 0.136945 0.143917 0.106081 0.12732 0.123062 0.142108 -0.00637014 -0.0142228 -0.0118257 
0.600082 0.558232 0.606073 0.592111 0.610805 0.579283 0.12509 0.106081 0.143917 0.12732 0.137864 0.116668 -0.0153454 -0.0118257 -0.0142228 
0.333729 0.206593 0.351101 0.283534 0.345119 0.275563 0.0208608 0.0177064 0.0515539 0.0364371 0.0349502 0.0225167 0.0194085 0.0210379 0.0192768 
0.259535 0.351101 0.206593 0.283534 0.237745 0.309284 0.0585939 0.0515539 0.0177064 0.0364371 0.0379993 0.0566064 0.0179348 0.0192768 0.0210379 
0.776728 0.955152 0.922553 0.940102 0.868348 0.896952 -0.0560734 -0.0731273 -0.0824776 -0.0786593 -0.0707654 -0.0681028 -0.0954822 -0.104557 -0.0993134 
0.15165 0.541371 0.715279 0.627613 0.404453 0.334231 -0.00598056 -0.0568942 -0.0641012 -0.0609086 -0.03836 -0.0314574 -0.12021 -0.118501 -0.118199 
0.557015 0.628402 0.702411 0.675025 0.651972 0.592672 0.0365879 0.00602814 0.0431123 0.0317149 0.0504666 0.0214128 -0.0643882 -0.0557752 -0.0364387 
0.711491 0.702411 0.628402 0.675025 0.681914 0.707658 -0.0172221 0.0431123 0.00602814 0.0317149 0.00199907 0.0137748 -0.0311679 -0.0364387 -0.0557752 
0.895209 0.922553 0.955152 0.940102 0.946486 0.946082 -0.0853946 -0.0824776 -0.0731273 -0.0786593 -0.0821331 -0.0889161 -0.111707 -0.0993134 -0.104557 
0.216189 0.770722 0.414173 0.616171 0.301757 0.515691 -0.0110967 -0.0547965 -0.0447954 -0.051634 -0.0249934 -0.0461755 -0.121848 -0.119967 -0.12606 
0.624634 0.708781 0.711105 0.718847 0.70129 0.670772 -0.167512 -0.21893 -0.208864 -0.217592 -0.193274 -0.193326 -0.0437857 -0.0418145 -0.0219045 
0.895209 0.715279 0.541371 0.627613 0.758023 0.820561 -0.0853946 -0.0641012 -0.0568942 -0.0609086 -0.0759899 -0.0764628 -0.111707 -0.118199 -0.118501 
0.649023 0.68334 0.285209 0.489729 0.462447 0.669479 -0.0766915 -0.105701 -0.0310145 -0.0634128 -0.0506652 -0.0913984 -0.0796741 -0.077035 -0.0722107 
0.652306 0.711105 0.708781 0.718847 0.72771 0.691974 -0.242295 -0.208864 -0.21893 -0.217592 -0.2419 -0.228328 -0.0325947 -0.0219045 -0.0418145 
0.860353 0.988668 0.979353 0.984261 0.949203 0.949421 -0.0377218 -0.0437156 -0.0566128 -0.0509532 -0.0482092 -0.0422159 -0.100755 -0.10673 -0.1085 
0.103577 0.352876 0.0785938 0.195469 0.096159 0.205424 0.0224423 -0.0412083 0.0191588 -0.00608851 0.0224754 -0.00741781 -0.125221 -0.120488 -0.119384 
0.406769 0.0785938 0.352876 0.195469 0.378011 0.206679 -0.0458034 0.0191588 -0.0412083 -0.00608851 -0.0433982 -0.0115107 -0.118347 -0.119384 -0.120488 
0.238285 0.309831 0.150219 0.231 0.194546 0.271912 0.00142189 0.0119088 0.00385453 0.00884686 0.00403308 0.00603483 -0.0102539 -0.0122414 -0.0124564 
-0.0163407 -0.0145015 -0.0354015 -0.0256059 -0.0254347 -0.0159231 0.0119394 0.0055211 0.0208048 0.0123493 0.0163892 0.00837687 -0.121175 -0.121456 -0.121265 
0.462164 0.285209 0.68334 0.489729 0.576163 0.379919 -0.0759052 -0.0310145 -0.105701 -0.0634128 -0.0920015 -0.0501704 -0.0685149 -0.0722107 -0.077035 
0.286203 0.150219 0.309831 0.231 0.297132 0.215005 0.0216044 0.00385453 0.0119088 0.00884686 0.0172531 0.0113311 -0.0139076 -0.0124564 -0.0122414 
0.490843 0.516058 0.495411 0.509048 0.494199 0.510323 0.0301475 0.0104413 0.00360161 0.00617036 0.0156445 0.0188634 0.0116124 0.00479679 0.00823824 
0.599431 0.425689 0.785831 0.619259 0.702133 0.507657 -0.0880444 -0.0656239 -0.139487 -0.106596 -0.11386 -0.0761797 -0.121448 -0.127855 -0.118216 
0.790066 0.743936 0.72455 0.767012 0.778045 0.76751 -0.262394 -0.26385 -0.228637 -0.256877 -0.254101 -0.265365 -0.0757906 -0.0600574 -0.0580727 
0.552911 0.636467 0.416868 0.534646 0.482117 0.596192 -0.0940371 -0.0701583 -0.0628793 -0.0667891 -0.0776844 -0.0845726 -0.0496292 -0.0462262 -0.0594692 
0.59019 0.646442 0.523603 0.598228 0.557216 0.62673 0.120196 0.144372 0.137561 0.146181 0.130584 0.138084 -0.0486151 -0.0324179 -0.0416828 
0.504814 0.495411 0.516058 0.509048 0.511629 0.510009 -0.00901005 0.00360161 0.0104413 0.00617036 -0.0008562 -0.0038351 0.00218239 0.00823824 0.00479679 
0.517659 0.529623 0.516551 0.532436 0.517326 0.528403 0.0237769 0.0587889 0.0425243 0.0507354 0.0328355 0.0399179 0.000831987 0.00593978 -0.00250677 
0.597678 0.523603 0.646442 0.598228 0.622459 0.566172 0.155067 0.137561 0.144372 0.146181 0.150553 0.151578 -0.0241373 -0.0416828 -0.0324179 
0.530344 0.416868 0.636467 0.534646 0.583463 0.474166 -0.0352061 -0.0628793 -0.0701583 -0.0667891 -0.0522099 -0.0508625 -0.0586592 -0.0594692 -0.0462262 
0.727283 0.72455 0.743936 0.767012 0.754462 0.727731 -0.235331 -0.228637 -0.26385 -0.256877 -0.256256 -0.233433 -0.049075 -0.0580727 -0.0600574 
5.03531e-34 -0.00221787 -0.00537809 -0.00429804 -0.000900567 -0.000642047 1.52829e-36 0.00167891 0.00751588 0.00406719 0.00190912 0.000786861 -0.121057 -0.121254 -0.121285 
-0.0163407 -0.00537809 -0.00221787 -0.00429804 -0.0076735 -0.0110522 0.0119394 0.00751588 0.00167891 0.00406719 0.00537434 0.0102939 -0.121175 -0.121285 -0.121254 
4.98175e-34 -0.00537809 -0.0210606 -0.0119601 -0.00666782 -0.00186518 1.27615e-35 0.00751588 0.0266883 0.0160897 0.0188213 0.00602137 -0.120824 -0.121285 -0.121681 
-0.0163407 -0.0210606 -0.00537809 -0.0119601 -0.0110522 -0.0198855 0.0119394 0.0266883 0.00751588 0.0160897 0.0102939 0.0190067 -0.121175 -0.121681 -0.121285 
