0.424263 0.82572 7.51664e-34 0.541085 0.235359 0.656533 -0.0487756 -0.0268995 3.11275e-34 -0.034925 -0.0302161 -0.046559 -0.125496 -0.118169 -0.137741 
-0.103907 -0.130457 0.174147 0.0243769 0.0252761 -0.111377 0.0781452 0.0632802 0.0148515 0.0454008 0.0595114 0.0749686 -0.134648 -0.146741 -0.147404 
0.505216 0.455063 0.507106 0.502573 0.506658 0.494183 0.025623 0.0533219 0.0390049 0.0482158 0.03208 0.038698 0.0100129 0.0177367 0.00823139 
0.566943 0.372041 0.616619 0.526041 0.591405 0.493116 0.137395 0.118196 0.123414 0.129721 0.132906 0.138603 -0.0090585 -0.0400071 -0.0164205 
0.600718 0.346906 0.672042 0.524221 0.637295 0.481689 -0.0966798 -0.0983858 -0.155729 -0.132601 -0.125622 -0.104628 -0.0610841 -0.0661454 -0.049191 
0.23413 0.231519 0.744405 0.478627 0.477152 0.232375 -0.0432865 -0.0915183 -0.209875 -0.14986 -0.128065 -0.068424 -0.153848 -0.148426 -0.13 
0.38531 0.324243 0.216079 0.274157 0.312605 0.35908 0.0174749 0.00179869 0.00434215 0.00389399 0.0111284 0.00830798 0.0191659 0.0164822 0.0200851 
0.761865 0.5674 0.742321 0.701085 0.752444 0.725315 -0.277309 -0.250289 -0.256948 -0.26786 -0.269831 -0.281117 -0.0573008 -0.043622 -0.0408198 
0.882405 0.82572 0.424263 0.656533 0.705473 0.856884 -0.0519079 -0.0268995 -0.0487756 -0.046559 -0.0513664 -0.0403159 -0.116314 -0.118169 -0.125496 
0.597249 0.266646 0.488541 0.391591 0.550265 0.444065 -0.106374 -0.0387131 -0.0337336 -0.0454275 -0.068213 -0.0811336 0.0209694 0.0394334 0.026724 
0.761865 0.679879 0.5674 0.622438 0.725315 0.757972 -0.277309 -0.278993 -0.250289 -0.267852 -0.281117 -0.290301 -0.0573008 -0.0783908 -0.043622 
0.368205 0.330988 0.473498 0.418416 0.431769 0.350424 -0.00661623 -0.00512063 -0.00763674 -0.00667434 -0.00784385 -0.00614 0.00691659 0.0104092 0.00818682 
0.45635 0.473498 0.330988 0.418416 0.405282 0.465525 -0.00315975 -0.00763674 -0.00512063 -0.00667434 -0.00529378 -0.00571888 0.0108631 0.00818682 0.0104092 
0.566943 0.544037 0.519488 0.564293 0.543487 0.582237 0.137395 0.0947296 0.134209 0.118273 0.137075 0.119774 -0.0090585 0.00213965 -0.000900102 
0.505216 0.455415 0.497909 0.496396 0.502132 0.491067 0.025623 0.00537439 0.0132637 0.00968283 0.0191705 0.0139028 0.0100129 0.00476646 0.011295 
0.501099 0.455415 0.488507 0.474351 0.496886 0.488679 0.00359369 0.00537439 -0.00415442 -2.41797e-05 -0.000911789 0.00437116 0.00861806 0.00476646 0.00655462 
0.488507 0.455415 0.430724 0.442842 0.465273 0.474351 -0.00415442 0.00537439 -0.00314964 0.000806804 -0.0036179 -2.41797e-05 0.00655462 0.00476646 0.00463961 
0.506305 0.280078 0.374479 0.333119 0.443732 0.411778 0.0685733 0.0216034 0.0379491 0.0309978 0.0520835 0.0411945 0.00422745 0.0072662 0.00290488 
0.597249 0.488541 0.711031 0.646775 0.685903 0.550265 -0.106374 -0.0337336 -0.0338156 -0.0348602 -0.0711166 -0.068213 0.0209694 0.026724 -0.0170068 
-0.0115551 -0.0215055 -0.0307318 -0.0362236 -0.0241044 -0.0222101 0.0408351 0.027913 0.0540746 0.0423651 0.0449272 0.0391509 -0.122697 -0.122115 -0.121568 
0.857471 0.836459 0.807468 0.881934 0.831978 0.895646 -0.179139 -0.193778 -0.205265 -0.224983 -0.195165 -0.203169 -0.0873967 -0.122949 -0.0781271 
0.679879 0.55569 0.303377 0.4257 0.501707 0.62353 -0.278993 -0.202602 -0.17532 -0.190029 -0.22893 -0.248157 -0.0783908 -0.125187 -0.0895375 
0.744405 0.807468 0.836459 0.881934 0.79158 0.864527 -0.209875 -0.205265 -0.193778 -0.224983 -0.205141 -0.245877 -0.13 -0.0781271 -0.122949 
0.506305 0.374479 0.544037 0.482752 0.53285 0.443732 0.0685733 0.0379491 0.0947296 0.0641339 0.0832752 0.0520835 0.00422745 0.00290488 0.00213965 
0.38531 0.459863 0.324243 0.404887 0.35908 0.428309 0.0174749 0.00596301 0.00179869 0.00392831 0.00830798 0.0115351 0.0191659 0.0135848 0.0164822 
0.804115 0.55569 0.679879 0.62353 0.749919 0.718049 -0.285933 -0.202602 -0.278993 -0.248157 -0.288667 -0.266041 -0.0881494 -0.125187 -0.0783908 
0.376795 0.286179 0.455415 0.384351 0.420487 0.332044 0.0104065 -7.81823e-05 0.00537439 0.00245518 0.00858615 0.00429664 0.00215984 0.00234947 0.00476646 
0.38531 0.294232 0.455063 0.384332 0.423115 0.344249 0.0174749 0.0256563 0.0533219 0.0420332 0.0339999 0.0221303 0.0191659 0.0220582 0.0177367 
0.600718 0.711031 0.49968 0.651033 0.54826 0.683189 -0.0966798 -0.0338156 -0.0348738 -0.0275899 -0.0646505 -0.0591816 -0.0610841 -0.0170068 -0.0704973 
0.231232 0.0707415 0.372041 0.207934 0.291564 0.148043 0.102077 0.0602294 0.118196 0.0880809 0.112593 0.0834847 -0.0116324 -0.0362911 -0.0400071 
0.123825 0.0579619 0.346906 0.186969 0.230496 0.0895555 -0.0521776 -0.0463071 -0.0983858 -0.0765294 -0.078223 -0.0575059 -0.0747521 -0.0631143 -0.0661454 
0.231232 0.229029 0.0382854 0.132936 0.125259 0.228528 0.102077 0.072119 0.0328543 0.0566389 0.0701982 0.0900582 -0.0116324 0.012209 -0.00826392 
0.38531 0.216079 0.294232 0.261789 0.344249 0.312605 0.0174749 0.00434215 0.0256563 0.0134004 0.0221303 0.0111284 0.0191659 0.0200851 0.0220582 
0.231232 0.423127 0.229029 0.325097 0.228528 0.335051 0.102077 0.122722 0.072119 0.102349 0.0900582 0.119581 -0.0116324 0.00618774 0.012209 
0.123825 0.0413906 -0.0514705 -0.022097 0.0155646 0.0766641 -0.0521776 -0.0017446 -0.0222239 -0.026973 -0.0427736 -0.029505 -0.0747521 -0.0751037 -0.0687426 
0.231232 0.0382854 0.0707415 0.0457821 0.148043 0.125259 0.102077 0.0328543 0.0602294 0.0493382 0.0834847 0.0701982 -0.0116324 -0.00826392 -0.0362911 
0.447715 0.207464 0.119166 0.168031 0.265208 0.316846 -0.121 -0.0444052 -0.0140441 -0.0270464 -0.0501593 -0.0747625 -0.0576222 -0.0549278 -0.0593827 
0.123825 -0.0514705 0.0579619 0.000360117 0.0895555 0.0155646 -0.0521776 -0.0222239 -0.0463071 -0.0371621 -0.0575059 -0.0427736 -0.0747521 -0.0687426 -0.0631143 
0.411879 0.229029 0.423127 0.325097 0.417355 0.33003 0.0855013 0.072119 0.122722 0.102349 0.104371 0.0844829 0.0167541 0.012209 0.00618774 
0.123825 0.316455 0.0413906 0.166582 0.0766641 0.210855 -0.0521776 -0.0153977 -0.0017446 -0.0137701 -0.029505 -0.0443227 -0.0747521 -0.0794475 -0.0751037 
0.276629 0.0413906 0.316455 0.166582 0.291584 0.145858 0.0497657 -0.0017446 -0.0153977 -0.0137701 0.0174232 0.015616 -0.0676494 -0.0751037 -0.0794475 
0.386528 0.461567 0.485204 0.474831 0.447294 0.429019 -0.004697 -0.0045578 -0.00787683 -0.00611157 -0.00639076 -0.00472376 0.00275586 0.00157217 0.00314237 
0.500027 0.485204 0.461567 0.474831 0.489739 0.495966 -0.00640252 -0.00787683 -0.0045578 -0.00611157 -0.00560366 -0.00721125 0.00209552 0.00314237 0.00157217 
0.447715 0.575565 0.207464 0.382705 0.316846 0.518077 -0.121 -0.184823 -0.0444052 -0.107953 -0.0747625 -0.155859 -0.0576222 -0.0565857 -0.0549278 
0.371739 0.207464 0.575565 0.382705 0.469422 0.287086 -0.113914 -0.0444052 -0.184823 -0.107953 -0.146054 -0.0821729 -0.0567814 -0.0549278 -0.0565857 
0.597249 0.696936 0.358615 0.559907 0.496847 0.653129 -0.106374 -0.209574 -0.121158 -0.171462 -0.12174 -0.155569 0.0209694 -0.0103163 0.0262814 
0.666349 0.496704 0.639587 0.589851 0.655351 0.597061 0.0361733 0.0409712 0.0898987 0.0635126 0.066816 0.045616 -0.00455073 0.00995316 -0.00662288 
0.506305 0.639587 0.496704 0.589851 0.505478 0.58262 0.0685733 0.0898987 0.0409712 0.0635126 0.0577334 0.0820435 0.00422745 -0.00662288 0.00995316 
0.483791 0.337554 0.477312 0.420845 0.479314 0.418784 0.057565 0.0189707 0.0386639 0.0292235 0.0484467 0.0360485 0.00284379 0.000993582 0.00435782 
0.376795 0.477312 0.337554 0.420845 0.356921 0.432334 0.0104065 0.0386639 0.0189707 0.0292235 0.0148716 0.0224324 0.00215984 0.00435782 0.000993582 
0.517237 0.507106 0.455063 0.502573 0.494928 0.513866 0.0640155 0.0390049 0.0533219 0.0482158 0.0603069 0.0507416 0.0102875 0.00823139 0.0177367 
0.447715 0.374046 0.807468 0.624618 0.648992 0.4154 -0.121 -0.0756842 -0.205265 -0.145827 -0.168657 -0.0990515 -0.0576222 -0.0624683 -0.0781271 
0.58618 0.616619 0.372041 0.526041 0.483865 0.607327 0.105697 0.123414 0.118196 0.129721 0.116306 0.117369 -0.0340947 -0.0164205 -0.0400071 
0.45635 0.459863 0.498205 0.485132 0.484055 0.458512 -0.00315975 0.00596301 -0.00302163 0.000654575 -0.00346636 0.000830209 0.0108631 0.0135848 0.00863211 
0.665365 0.672042 0.346906 0.524221 0.515232 0.66848 -0.19109 -0.155729 -0.0983858 -0.132601 -0.142039 -0.17488 -0.0513258 -0.049191 -0.0661454 
2.68765e-34 0.21208 0.288037 0.251917 0.158074 0.111857 -2.01063e-35 -0.0015775 -0.00392726 -0.00268737 -0.00149695 -0.000800433 0.00353629 0.00279095 0.00359493 
0.501099 0.498205 0.459863 0.485132 0.491887 0.500415 0.00359369 -0.00302163 0.00596301 0.000654575 0.00493217 -0.000150585 0.00861806 0.00863211 0.0135848 
9.37644e-35 2.76351e-34 0.218038 0.118195 0.11726 -9.27567e-35 1.43325e-35 2.33761e-35 -0.00153148 -0.000767966 -0.000353904 4.10858e-35 0.00299871 0.00527199 0.00293799 
0.218038 2.76351e-34 0.301083 0.168665 0.260911 0.118195 -0.00153148 2.33761e-35 -0.00387926 -0.00145892 -0.00265678 -0.000767966 0.00293799 0.00527199 0.00474531 
0.666349 0.657205 0.711031 0.690571 0.691874 0.683683 0.0361733 0.0664098 -0.0338156 0.0216161 0.00453246 0.0579242 -0.00455073 -0.0358955 -0.0170068 
0.376795 0.179954 0.286179 0.235247 0.332044 0.286716 0.0104065 0.00135466 -7.81823e-05 0.00145047 0.00429664 0.00594407 0.00215984 0.00124133 0.00234947 
0.589607 0.711031 0.657205 0.690571 0.629741 0.675105 0.0180295 -0.0338156 0.0664098 0.0216161 0.0469717 -0.000279852 -0.0565412 -0.0170068 -0.0358955 
0.538384 0.519488 0.544037 0.564293 0.554906 0.532581 0.111052 0.134209 0.0947296 0.118273 0.106241 0.123678 0.00590176 -0.000900102 0.00213965 
0.501099 0.497909 0.455415 0.496396 0.488679 0.501003 0.00359369 0.0132637 0.00537439 0.00968283 0.00437116 0.00795255 0.00861806 0.011295 0.00476646 
-0.0307318 -0.0215055 -0.0434509 -0.0328709 -0.0479459 -0.0362236 0.0540746 0.027913 0.0317006 0.0291066 0.0452503 0.0423651 -0.121568 -0.122115 -0.123031 
8.32665e-34 0.84383 0.842657 0.843387 0.511145 0.510955 -3.0756e-34 -0.00264516 -0.00522807 -0.00369682 -0.00194836 -0.00138192 -0.0620735 -0.0572721 -0.0701885 
0.447715 0.119166 0.374046 0.226671 0.4154 0.265208 -0.121 -0.0140441 -0.0756842 -0.0359899 -0.0990515 -0.0501593 -0.0576222 -0.0593827 -0.0624683 
0.324243 0.170748 0.216079 0.195647 0.274157 0.254922 0.00179869 8.16094e-05 0.00434215 0.00155824 0.00389399 0.000673225 0.0164822 0.0168115 0.0200851 
0.376795 0.337554 0.179954 0.258865 0.286716 0.356921 0.0104065 0.0189707 0.00135466 0.00814634 0.00594407 0.0148716 0.00215984 0.000993582 0.00124133 
0.566943 0.41398 0.372041 0.391452 0.493116 0.500578 0.137395 0.136092 0.118196 0.130269 0.138603 0.142265 -0.0090585 -0.0121125 -0.0400071 
0.600718 0.341441 0.346906 0.34142 0.481689 0.480536 -0.0966798 -0.0634856 -0.0983858 -0.082723 -0.104628 -0.0778274 -0.0610841 -0.0750999 -0.0661454 
0.505216 0.470892 0.455063 0.464308 0.494183 0.495943 0.025623 0.0248737 0.0533219 0.0379166 0.038698 0.0254416 0.0100129 0.0151816 0.0177367 
0.506305 0.496704 0.280078 0.398182 0.411778 0.505478 0.0685733 0.0409712 0.0216034 0.0319745 0.0411945 0.0577334 0.00422745 0.00995316 0.0072662 
2.02115e-34 0.271262 0.21208 0.24254 0.114159 0.148961 -8.53178e-36 -0.00183252 -0.0015775 -0.00179582 -0.000349643 -0.000616972 0.00150653 0.00181729 0.00279095 
0.589607 0.49968 0.711031 0.651033 0.675105 0.5463 0.0180295 -0.0348738 -0.0338156 -0.0275899 -0.000279852 -0.00765182 -0.0565412 -0.0704973 -0.0170068 
0.45635 0.374198 0.459863 0.423924 0.458512 0.420864 -0.00315975 -0.00297265 0.00596301 0.00061072 0.000830209 -0.0032437 0.0108631 0.0131683 0.0135848 
0.324243 0.459863 0.374198 0.423924 0.350643 0.404887 0.00179869 0.00596301 -0.00297265 0.00061072 -0.000824928 0.00392831 0.0164822 0.0135848 0.0131683 
0.386528 0.436546 0.288037 0.372931 0.341059 0.413459 -0.004697 -0.00811367 -0.00392726 -0.00623866 -0.00451304 -0.00642274 0.00275586 0.00394555 0.00359493 
0.597249 0.358615 0.266646 0.317819 0.444065 0.496847 -0.106374 -0.121158 -0.0387131 -0.0818171 -0.0811336 -0.12174 0.0209694 0.0262814 0.0394334 
0.23413 0.744405 0.515133 0.635559 0.365062 0.477152 -0.0432865 -0.209875 -0.112707 -0.162978 -0.0760724 -0.128065 -0.153848 -0.13 -0.144286 
2.68765e-34 9.11928e-35 0.21208 0.112848 0.111857 -9.25676e-35 -2.01063e-35 -1.465e-35 -0.0015775 -0.000375511 -0.000800433 -3.12074e-35 0.00353629 0.00288877 0.00279095 
-0.0307318 -0.072545 -0.0150121 -0.0723463 -0.0262771 -0.0619224 0.0540746 0.0435627 0.0684728 0.0676197 0.0633364 0.0568079 -0.121568 -0.124776 -0.124601 
0.488541 0.266646 0.262147 0.273735 0.380778 0.391591 -0.0337336 -0.0387131 -0.0088112 -0.0232828 -0.0240604 -0.0454275 0.026724 0.0394334 0.0320065 
0.639601 0.742321 0.5674 0.701085 0.604656 0.711482 -0.240746 -0.256948 -0.250289 -0.26786 -0.245582 -0.254905 -0.0217888 -0.0408198 -0.043622 
0.343388 0.288037 0.436546 0.372931 0.395047 0.3168 -0.00639813 -0.00392726 -0.00811367 -0.00623866 -0.00750546 -0.0052418 0.00408658 0.00359493 0.00394555 
0.13053 0.16657 -0.0150121 0.0575794 0.0455174 0.148147 0.0370084 -0.00143882 0.0684728 0.0439506 0.0599796 0.0209918 -0.130577 -0.119179 -0.124601 
0.483791 0.530548 0.544037 0.538871 0.513637 0.51521 0.057565 0.0803614 0.0947296 0.0893584 0.0749488 0.0689015 0.00284379 0.00646739 0.00213965 
0.666349 0.711031 0.570115 0.662263 0.629832 0.691874 0.0361733 -0.0338156 0.0140775 -0.00567319 0.0261453 0.00453246 -0.00455073 -0.0170068 0.0144338 
0.538384 0.544037 0.530548 0.538871 0.538734 0.554906 0.111052 0.0947296 0.0803614 0.0893584 0.0959249 0.106241 0.00590176 0.00213965 0.00646739 
0.286179 0.325488 0.455415 0.398357 0.384351 0.305972 -7.81823e-05 -0.00421888 0.00537439 -0.000602059 0.00245518 -0.00235414 0.00234947 0.00328654 0.00476646 
-0.130457 -0.0306437 0.174147 0.0861865 0.0243769 -0.0844423 0.0632802 0.0201272 0.0148515 0.0201018 0.0454008 0.0466996 -0.146741 -0.154808 -0.147404 
0.997105 0.993341 0.764974 0.925255 0.927833 0.996497 -0.0226135 -0.0361901 -0.0226816 -0.0318389 -0.0271478 -0.0307518 -0.0938339 -0.10115 -0.0919514 
0.294232 0.316375 0.455063 0.396152 0.384332 0.307144 0.0256563 0.0571116 0.0533219 0.0586634 0.0420332 0.0402739 0.0220582 0.0200708 0.0177367 
0.430724 0.455415 0.325488 0.398357 0.383934 0.442842 -0.00314964 0.00537439 -0.00421888 -0.000602059 -0.0038252 0.000806804 0.00463961 0.00476646 0.00328654 
0.488541 0.570115 0.711031 0.662263 0.646775 0.537138 -0.0337336 0.0140775 -0.0338156 -0.00567319 -0.0348602 -0.00890389 0.026724 0.0144338 -0.0170068 
0.0707415 0.103515 0.372041 0.231257 0.207934 0.0790506 0.0602294 0.0446672 0.118196 0.0776456 0.0880809 0.0541576 -0.0362911 -0.06024 -0.0400071 
0.0579619 0.167854 0.346906 0.251093 0.186969 0.111575 -0.0463071 -0.0577987 -0.0983858 -0.0894761 -0.0765294 -0.0510873 -0.0631143 -0.0567405 -0.0661454 
0.408291 0.380966 0.274852 0.332116 0.348542 0.394796 -0.00509781 -0.00268114 -0.00180537 -0.00230973 -0.00329329 -0.00375832 0.0026832 0.000891356 0.00166589 
0.411879 0.455063 0.316375 0.396152 0.365029 0.437653 0.0855013 0.0533219 0.0571116 0.0586634 0.072834 0.0687444 0.0167541 0.0177367 0.0200708 
0.276629 0.372041 0.103515 0.231257 0.184592 0.322171 0.0497657 0.118196 0.0446672 0.0776456 0.0450175 0.0873999 -0.0676494 -0.0400071 -0.06024 
0.371739 0.346906 0.167854 0.251093 0.261106 0.35811 -0.113914 -0.0983858 -0.0577987 -0.0894761 -0.0824896 -0.113093 -0.0567814 -0.0661454 -0.0567405 
0.374479 0.280078 0.181092 0.229307 0.285597 0.333119 0.0379491 0.0216034 0.00893084 0.0139495 0.0226445 0.0309978 0.00290488 0.0072662 0.00308892 
0.386528 0.271262 0.379187 0.329483 0.383121 0.334244 -0.004697 -0.00183252 -0.00269858 -0.00231881 -0.00360749 -0.00314293 0.00275586 0.00181729 0.00116571 
0.744405 0.231519 0.55569 0.394465 0.648185 0.478627 -0.209875 -0.0915183 -0.202602 -0.150244 -0.208471 -0.14986 -0.13 -0.148426 -0.125187 
0.443266 0.16657 0.13053 0.148147 0.254346 0.30095 -0.0503468 -0.00143882 0.0370084 0.0209918 -0.00688086 -0.021865 -0.125086 -0.119179 -0.130577 
-3.05412e-35 -6.42385e-35 -0.072545 -0.0396424 -0.0222487 5.1049e-35 6.33354e-34 6.63012e-34 0.0435627 0.0116349 0.00683411 1.24755e-33 -0.125393 -0.129909 -0.124776 
0.408291 0.468104 0.380966 0.431422 0.394796 0.442042 -0.00509781 -0.00454029 -0.00268114 -0.00361312 -0.00375832 -0.00489275 0.0026832 0.0012474 0.000891356 
0.386528 0.379187 0.461567 0.426173 0.429019 0.383121 -0.004697 -0.00269858 -0.0045578 -0.00363266 -0.00472376 -0.00360749 0.00275586 0.00116571 0.00157217 
0.483791 0.544037 0.403113 0.48564 0.449295 0.513637 0.057565 0.0947296 0.0399114 0.0647451 0.0494763 0.0749488 0.00284379 0.00213965 0.00174181 
0.566943 0.598584 0.544037 0.571271 0.582237 0.60121 0.137395 0.106523 0.0947296 0.104831 0.119774 0.125682 -0.0090585 -0.00299869 0.00213965 
0.374479 0.403113 0.544037 0.48564 0.482752 0.389743 0.0379491 0.0399114 0.0947296 0.0647451 0.0641339 0.0398801 0.00290488 0.00174181 0.00213965 
-0.103907 -0.0150121 -0.072545 -0.0723463 -0.111141 -0.0532755 0.0781452 0.0684728 0.0435627 0.0676197 0.0704149 0.0712931 -0.134648 -0.124601 -0.124776 
0.23413 0.174147 -0.0306437 0.0861865 0.106674 0.209528 -0.0432865 0.0148515 0.0201272 0.0201018 -0.00507539 -0.0117212 -0.153848 -0.147404 -0.154808 
9.11928e-35 2.02115e-34 0.21208 0.114159 0.112848 -9.20021e-35 -1.465e-35 -8.53178e-36 -0.0015775 -0.000349643 -0.000375511 -2.13957e-35 0.00288877 0.00150653 0.00279095 
0.505216 0.470329 0.455415 0.462321 0.491067 0.49666 0.025623 0.0195655 0.00537439 0.0110879 0.0139028 0.0230077 0.0100129 0.00520695 0.00476646 
0.374046 0.608664 0.807468 0.729686 0.624618 0.492441 -0.0756842 -0.119349 -0.205265 -0.162967 -0.145827 -0.0979178 -0.0624683 -0.0702697 -0.0781271 
5.73809e-34 8.32665e-34 0.842657 0.511145 0.507453 -6.18369e-34 -3.58444e-34 -3.0756e-34 -0.00522807 -0.00194836 -0.002534 -6.58747e-34 -0.0724454 -0.0620735 -0.0701885 
0.857471 0.807468 0.608664 0.729686 0.754589 0.831978 -0.179139 -0.205265 -0.119349 -0.162967 -0.154819 -0.195165 -0.0873967 -0.0781271 -0.0702697 
0.358615 0.696936 0.391636 0.580938 0.374548 0.559907 -0.121158 -0.209574 -0.175395 -0.200608 -0.148576 -0.171462 0.0262814 -0.0103163 0.000315262 
-0.103907 -0.182102 -0.130457 -0.193967 -0.111377 -0.164284 0.0781452 0.036945 0.0632802 0.0656128 0.0749686 0.0705332 -0.134648 -0.136922 -0.146741 
0.207464 0.0498469 0.119166 0.0769368 0.168031 0.11186 -0.0444052 -0.00464875 -0.0140441 -0.00811057 -0.0270464 -0.0180668 -0.0549278 -0.0567585 -0.0593827 
0.0413906 -0.086053 -0.0514705 -0.0678024 -0.022097 -0.0488119 -0.0017446 -0.011281 -0.0222239 -0.0158102 -0.026973 -0.0183171 -0.0751037 -0.0674866 -0.0687426 
0.229029 0.0651731 0.0382854 0.0522303 0.132936 0.146931 0.072119 0.0176339 0.0328543 0.0245931 0.0566389 0.0470915 0.012209 0.0100848 -0.00826392 
0.0579619 -0.0514705 -0.00886917 -0.0277471 0.00770854 0.000360117 -0.0463071 -0.0222239 -0.0144594 -0.0179316 -0.0313075 -0.0371621 -0.0631143 -0.0687426 -0.0625597 
0.0707415 0.0382854 -0.0489862 -0.014502 0.000551254 0.0457821 0.0602294 0.0328543 0.0137545 0.0226142 0.0343864 0.0493382 -0.0362911 -0.00826392 -0.0326202 
0.294232 0.216079 0.144712 0.182488 0.226271 0.261789 0.0256563 0.00434215 0.00660838 0.00626028 0.0167249 0.0134004 0.0220582 0.0200851 0.021844 
0.711685 0.997105 0.764974 0.927833 0.740139 0.915031 -0.0115883 -0.0226135 -0.0226816 -0.0271478 -0.0161155 -0.0188635 -0.0846962 -0.0938339 -0.0919514 
0.371739 0.575565 0.625275 0.601269 0.503913 0.469422 -0.113914 -0.184823 -0.202724 -0.19832 -0.158975 -0.146054 -0.0567814 -0.0565857 -0.055937 
0.276629 0.316455 0.49847 0.410836 0.391068 0.291584 0.0497657 -0.0153977 0.0623002 0.0277402 0.061813 0.0174232 -0.0676494 -0.0794475 -0.0585689 
0.761865 0.625275 0.575565 0.601269 0.703079 0.709943 -0.277309 -0.202724 -0.184823 -0.19832 -0.240765 -0.243322 -0.0573008 -0.055937 -0.0565857 
0.411879 0.423127 0.504474 0.474769 0.464629 0.417355 0.0855013 0.122722 0.0933633 0.110927 0.0913419 0.104371 0.0167541 0.00618774 0.011877 
0.589607 0.49847 0.316455 0.410836 0.459198 0.544219 0.0180295 0.0623002 -0.0153977 0.0277402 0.00292028 0.0414994 -0.0565412 -0.0585689 -0.0794475 
0.538384 0.504474 0.423127 0.474769 0.498378 0.521273 0.111052 0.0933633 0.122722 0.110927 0.121794 0.103332 0.00590176 0.011877 0.00618774 
0.371739 0.625275 0.346906 0.484898 0.35811 0.503913 -0.113914 -0.202724 -0.0983858 -0.144144 -0.113093 -0.158975 -0.0567814 -0.055937 -0.0661454 
0.276629 0.49847 0.372041 0.428602 0.322171 0.391068 0.0497657 0.0623002 0.118196 0.0975295 0.0873999 0.061813 -0.0676494 -0.0585689 -0.0400071 
0.411879 0.504474 0.455063 0.479721 0.437653 0.464629 0.0855013 0.0933633 0.0533219 0.0724277 0.0687444 0.0913419 0.0167541 0.011877 0.0177367 
0.665365 0.346906 0.625275 0.484898 0.646565 0.515232 -0.19109 -0.0983858 -0.202724 -0.144144 -0.199391 -0.142039 -0.0513258 -0.0661454 -0.055937 
0.58618 0.372041 0.49847 0.428602 0.544999 0.483865 0.105697 0.118196 0.0623002 0.0975295 0.0891278 0.116306 -0.0340947 -0.0400071 -0.0585689 
0.517237 0.455063 0.504474 0.479721 0.514762 0.494928 0.0640155 0.0533219 0.0933633 0.0724277 0.0782667 0.0603069 0.0102875 0.0177367 0.011877 
-0.0178646 -0.0434509 -0.0215055 -0.0328709 -0.021503 -0.0295857 0.0129363 0.0317006 0.027913 0.0291066 0.0203858 0.0219575 -0.122567 -0.123031 -0.122115 
2.04874e-34 0.218038 0.274852 0.247226 0.15067 0.115953 6.06382e-36 -0.00153148 -0.00180537 -0.00174081 -0.000616161 -0.000359376 0.00145086 0.00293799 0.00166589 
5.21288e-34 7.30413e-34 0.829488 0.515251 0.507847 -5.05573e-34 4.33708e-34 5.09082e-34 -0.0149015 -0.00798413 -0.0052269 9.68961e-34 -0.0922805 -0.111176 -0.100151 
0.600718 0.721906 0.711031 0.715216 0.683189 0.691273 -0.0966798 -0.119491 -0.0338156 -0.0719229 -0.0591816 -0.103435 -0.0610841 -0.0209225 -0.0170068 
0.810343 0.920043 0.591517 0.820755 0.707917 0.893506 -0.103453 -0.158821 -0.0891605 -0.137593 -0.100012 -0.136611 -0.0856247 -0.102902 -0.072748 
0.857471 0.591517 0.920043 0.820755 0.896524 0.75503 -0.179139 -0.0891605 -0.158821 -0.137593 -0.172015 -0.139425 -0.0873967 -0.072748 -0.102902 
0.989693 0.842657 0.84383 0.843387 0.978173 0.97791 -0.00485624 -0.00522807 -0.00264516 -0.00369682 -0.00454651 -0.00647067 -0.0666711 -0.0701885 -0.0572721 
0.112588 0.303377 0.55569 0.4257 0.334969 0.204228 -0.0889452 -0.17532 -0.202602 -0.190029 -0.151415 -0.138406 -0.1287 -0.0895375 -0.125187 
0.411879 0.316375 0.229029 0.276698 0.33003 0.365029 0.0855013 0.0571116 0.072119 0.0660936 0.0844829 0.072834 0.0167541 0.0200708 0.012209 
0.276629 0.103515 0.0413906 0.0670596 0.145858 0.184592 0.0497657 0.0446672 -0.0017446 0.0196585 0.015616 0.0450175 -0.0676494 -0.06024 -0.0751037 
0.371739 0.167854 0.207464 0.185039 0.287086 0.261106 -0.113914 -0.0577987 -0.0444052 -0.0516158 -0.0821729 -0.0824896 -0.0567814 -0.0567405 -0.0549278 
0.639601 0.391636 0.696936 0.580938 0.673706 0.529115 -0.240746 -0.175395 -0.209574 -0.200608 -0.228763 -0.211396 -0.0217888 0.000315262 -0.0103163 
0.286179 0.179954 0.126275 0.152278 0.210093 0.235247 -7.81823e-05 0.00135466 -0.000293908 0.000343551 -0.000340631 0.00145047 0.00234947 0.00124133 0.00220052 
0.45635 0.330988 0.374198 0.354309 0.420864 0.405282 -0.00315975 -0.00512063 -0.00297265 -0.00461968 -0.0032437 -0.00529378 0.0108631 0.0104092 0.0131683 
0.49902 0.436546 0.485204 0.465082 0.49398 0.479448 -0.00975029 -0.00811367 -0.00787683 -0.00820384 -0.00901507 -0.00927009 0.00469259 0.00394555 0.00314237 
0.49902 0.485204 0.490773 0.499932 0.499253 0.49398 -0.00975029 -0.00787683 -0.00844601 -0.00831045 -0.00932851 -0.00901507 0.00469259 0.00314237 0.00360727 
0.374046 0.119166 0.107064 0.114683 0.228852 0.226671 -0.0756842 -0.0140441 -0.010662 -0.0128907 -0.033772 -0.0359899 -0.0624683 -0.0593827 -0.0638377 
0.337554 0.137946 0.179954 0.158643 0.258865 0.243515 0.0189707 0.00296112 0.00135466 0.00267483 0.00814634 0.00999096 0.000993582 0.000681445 0.00124133 
0.882405 0.987793 0.82572 0.957732 0.856884 0.967401 -0.0519079 -0.0480732 -0.0268995 -0.0474352 -0.0403159 -0.0565329 -0.116314 -0.103857 -0.118169 
8.32665e-34 6.58779e-34 0.84383 0.512664 0.510955 -6.15169e-34 -3.0756e-34 -2.52422e-34 -0.00264516 -0.000980149 -0.00138192 -5.5524e-34 -0.0620735 -0.0512323 -0.0572721 
-3.10408e-34 -0.256482 -0.133064 -0.206549 -0.266247 -0.235916 6.77418e-34 -0.0126647 -0.0010114 -0.00687364 0.0226285 0.0165274 -0.132879 -0.12336 -0.145981 
0.368205 0.205259 0.330988 0.272945 0.350424 0.295452 -0.00661623 -0.00226958 -0.00512063 -0.0035369 -0.00614 -0.0043013 0.00691659 0.00857103 0.0104092 
0.564535 0.443266 0.853527 0.672269 0.730735 0.499466 -0.0620633 -0.0503468 -0.115543 -0.0884867 -0.0881931 -0.0554306 -0.120203 -0.125086 -0.118294 
0.483791 0.403113 0.337554 0.368704 0.418784 0.449295 0.057565 0.0399114 0.0189707 0.0288961 0.0360485 0.0494763 0.00284379 0.00174181 0.000993582 
0.907529 0.564535 0.853527 0.730735 0.880008 0.778858 -0.0978479 -0.0620633 -0.115543 -0.0881931 -0.106475 -0.0856943 -0.11168 -0.120203 -0.118294 
0.761865 0.776913 0.679879 0.782972 0.757972 0.769161 -0.277309 -0.271781 -0.278993 -0.292957 -0.290301 -0.279264 -0.0573008 -0.0680975 -0.0783908 
0.804115 0.679879 0.776913 0.782972 0.804337 0.749919 -0.285933 -0.278993 -0.271781 -0.292957 -0.285025 -0.288667 -0.0881494 -0.0783908 -0.0680975 
-0.0307318 -0.0434509 -0.072545 -0.0582374 -0.0619224 -0.0479459 0.0540746 0.0317006 0.0435627 0.0380134 0.0568079 0.0452503 -0.121568 -0.123031 -0.124776 
6.27297e-34 4.56891e-34 0.711685 0.404665 0.396898 -3.24841e-34 -4.41887e-34 -4.03949e-34 -0.0115883 -0.00334806 -0.0044814 -8.29415e-34 -0.0877468 -0.0815404 -0.0846962 
0.496704 0.246144 0.280078 0.265968 0.398182 0.390449 0.0409712 0.0111456 0.0216034 0.0170367 0.0319745 0.0244784 0.00995316 0.0136755 0.0072662 
0.666349 0.570115 0.496704 0.537757 0.597061 0.629832 0.0361733 0.0140775 0.0409712 0.0314475 0.045616 0.0261453 -0.00455073 0.0144338 0.00995316 
0.517237 0.530548 0.477312 0.507908 0.509632 0.524369 0.0640155 0.0803614 0.0386639 0.0568214 0.0508198 0.0722672 0.0102875 0.00646739 0.00435782 
0.483791 0.477312 0.530548 0.507908 0.51521 0.479314 0.057565 0.0386639 0.0803614 0.0568214 0.0689015 0.0484467 0.00284379 0.00435782 0.00646739 
0.358615 0.0885276 0.266646 0.185472 0.317819 0.214671 -0.121158 -0.0360734 -0.0387131 -0.0430728 -0.0818171 -0.0871661 0.0262814 0.0347522 0.0394334 
0.343388 0.272194 0.174594 0.22534 0.266003 0.309287 -0.00639813 -0.0039757 -0.00218713 -0.00310255 -0.0042479 -0.00539895 0.00408658 0.00370083 0.00375155 
0.959572 0.689785 0.978399 0.896937 0.972398 0.918151 -0.0761281 -0.0406967 -0.0625306 -0.0572852 -0.0698945 -0.0653025 -0.107357 -0.0912753 -0.105429 
0.497744 0.488507 0.423413 0.462603 0.473179 0.493995 -0.00709784 -0.00415442 -0.00701005 -0.00587373 -0.00736762 -0.00578377 0.00629237 0.00655462 0.0045244 
0.408291 0.274852 0.218038 0.247226 0.326071 0.348542 -0.00509781 -0.00180537 -0.00153148 -0.00174081 -0.00334586 -0.00329329 0.0026832 0.00166589 0.00293799 
0.489894 0.407986 0.468104 0.441803 0.480515 0.459228 -0.00336133 -0.00220055 -0.00454029 -0.00320174 -0.00385679 -0.00294288 -2.0548e-05 -4.22461e-05 0.0012474 
0.40835 0.489725 0.461567 0.477905 0.437956 0.459156 -0.00223096 -0.0033604 -0.0045578 -0.00387497 -0.00322186 -0.00294921 4.08163e-05 1.80909e-05 0.00157217 
0.58618 0.657205 0.639587 0.663293 0.641379 0.622216 0.105697 0.0664098 0.0898987 0.0894666 0.106545 0.0872151 -0.0340947 -0.0358955 -0.00662288 
0.666349 0.639587 0.657205 0.663293 0.683683 0.655351 0.0361733 0.0898987 0.0664098 0.0894666 0.0579242 0.066816 -0.00455073 -0.00662288 -0.0358955 
0.49902 0.490773 0.478536 0.485295 0.497059 0.499253 -0.00975029 -0.00844601 -0.0091472 -0.00911198 -0.00970177 -0.00932851 0.00469259 0.00360727 0.00582513 
2.04874e-34 9.37644e-35 0.218038 0.11726 0.115953 -9.33296e-35 6.06382e-36 1.43325e-35 -0.00153148 -0.000353904 -0.000359376 2.20699e-35 0.00145086 0.00299871 0.00293799 
6.27297e-34 0.711685 0.764974 0.740139 0.440943 0.396898 -4.41887e-34 -0.0115883 -0.0226816 -0.0161155 -0.00755737 -0.0044814 -0.0877468 -0.0846962 -0.0919514 
-0.103907 -0.072545 -0.113315 -0.0943499 -0.148248 -0.111141 0.0781452 0.0435627 0.0330172 0.0432194 0.0676791 0.0704149 -0.134648 -0.124776 -0.13114 
-6.42385e-35 -0.113315 -0.072545 -0.0943499 -0.0396424 -0.0428918 6.63012e-34 0.0330172 0.0435627 0.0432194 0.0116349 0.00751163 -0.129909 -0.13114 -0.124776 
0.386528 0.288037 0.21208 0.251917 0.309331 0.341059 -0.004697 -0.00392726 -0.0015775 -0.00268737 -0.0032042 -0.00451304 0.00275586 0.00359493 0.00279095 
0.497744 0.423413 0.472287 0.450736 0.488137 0.473179 -0.00709784 -0.00701005 -0.00906345 -0.00821398 -0.00849713 -0.00736762 0.00629237 0.0045244 0.00490916 
0.997105 0.82572 0.993341 0.963021 0.996497 0.966581 -0.0226135 -0.0268995 -0.0361901 -0.0408065 -0.0307518 -0.0326392 -0.0938339 -0.118169 -0.10115 
0.386528 0.21208 0.271262 0.24254 0.334244 0.309331 -0.004697 -0.0015775 -0.00183252 -0.00179582 -0.00314293 -0.0032042 0.00275586 0.00279095 0.00181729 
0.665365 0.742321 0.696936 0.722811 0.727671 0.719286 -0.19109 -0.256948 -0.209574 -0.234014 -0.203544 -0.225032 -0.0513258 -0.0408198 -0.0103163 
0.639601 0.696936 0.742321 0.722811 0.711482 0.673706 -0.240746 -0.209574 -0.256948 -0.234014 -0.254905 -0.228763 -0.0217888 -0.0103163 -0.0408198 
0.408291 0.218038 0.301083 0.260911 0.3599 0.326071 -0.00509781 -0.00153148 -0.00387926 -0.00265678 -0.00467367 -0.00334586 0.0026832 0.00293799 0.00474531 
0.490773 0.434174 0.478536 0.459364 0.485295 0.469015 -0.00844601 -0.00756267 -0.0091472 -0.00857058 -0.00911198 -0.00810034 0.00360727 0.00468691 0.00582513 
2.80995e-34 0.220764 0.330988 0.280069 0.191701 0.120553 5.1475e-35 -0.00177749 -0.00512063 -0.0029806 -0.00190707 -0.000999088 0.0111048 0.0135622 0.0104092 
2.04874e-34 0.274852 0.180861 0.229726 0.0955456 0.15067 6.06382e-36 -0.00180537 -0.000655198 -0.0011389 -0.000339023 -0.000616161 0.00145086 0.00166589 0.000852051 
2.80995e-34 0.330988 0.205259 0.272945 0.111685 0.191701 5.1475e-35 -0.00512063 -0.00226958 -0.0035369 -0.00106901 -0.00190707 0.0111048 0.0104092 0.00857103 
-3.05412e-35 -0.072545 -0.0147452 -0.0411215 -0.00539717 -0.0222487 6.33354e-34 0.0435627 0.00875929 0.0219316 0.00261781 0.00683411 -0.125393 -0.124776 -0.123986 
2.68765e-34 0.288037 0.194872 0.243272 0.103073 0.158074 -2.01063e-35 -0.00392726 -0.00228398 -0.00322999 -0.000704562 -0.00149695 0.00353629 0.00359493 0.00376867 
0.959572 0.952133 0.689785 0.870204 0.918151 0.962677 -0.0761281 -0.0827351 -0.0406967 -0.0666638 -0.0653025 -0.07951 -0.107357 -0.101194 -0.0912753 
0.408291 0.301083 0.434174 0.37672 0.421668 0.3599 -0.00509781 -0.00387926 -0.00756267 -0.00584581 -0.00638346 -0.00467367 0.0026832 0.00474531 0.00468691 
5.21288e-34 0.829488 0.70269 0.770627 0.407433 0.507847 4.33708e-34 -0.0149015 -0.0069974 -0.00966788 -0.00256287 -0.0052269 -0.0922805 -0.100151 -0.0893022 
0.75 1 0.937211 0.984244 0.859211 0.9375 -3.54003e-37 -5.40238e-37 -0.000828196 -0.000716621 -0.000539553 -1.04826e-36 -0.028205 -0.0289544 -0.0385946 
4.20375e-34 0.358499 0.591517 0.483126 0.249489 0.142244 -4.05598e-34 -0.0362713 -0.0891605 -0.0583086 -0.0246109 -0.0109443 -0.0727269 -0.0766401 -0.072748 
0.829488 0.82572 0.997105 0.966581 0.966338 0.828081 -0.0149015 -0.0268995 -0.0226135 -0.0326392 -0.022955 -0.0197246 -0.100151 -0.118169 -0.0938339 
0.368205 0.434174 0.301083 0.37672 0.336284 0.404105 -0.00661623 -0.00756267 -0.00387926 -0.00584581 -0.00525152 -0.00728407 0.00691659 0.00468691 0.00474531 
0.112588 -0.133064 -0.256482 -0.206549 -0.096252 -0.0261759 -0.0889452 -0.0010114 -0.0126647 -0.00687364 -0.0328739 -0.0287027 -0.1287 -0.145981 -0.12336 
2.02115e-34 0.169664 0.271262 0.222967 0.148961 0.0891474 -8.53178e-36 -0.000600934 -0.00183252 -0.0011134 -0.000616972 -0.000309296 0.00150653 0.0010157 0.00181729 
6.58779e-34 0.706047 0.84383 0.780442 0.512664 0.404789 -2.52422e-34 -0.000998736 -0.00264516 -0.00163368 -0.000980149 -0.000413813 -0.0512323 -0.0450555 -0.0572721 
3.55039e-34 3.8741e-34 0.689785 0.37455 0.34856 -4.08942e-34 -4.48649e-34 -4.71817e-34 -0.0406967 -0.0107817 -0.013283 -8.83748e-34 -0.0884114 -0.0934646 -0.0912753 
0.112588 0.231519 -0.133064 0.0382849 -0.0261759 0.170837 -0.0889452 -0.0915183 -0.0010114 -0.0261624 -0.0287027 -0.086774 -0.1287 -0.148426 -0.145981 
0.993341 0.82572 0.987793 0.957732 0.990453 0.963021 -0.0361901 -0.0268995 -0.0480732 -0.0474352 -0.0428658 -0.0408065 -0.10115 -0.118169 -0.103857 
-3.10408e-34 -0.133064 -0.252287 -0.216428 -0.202477 -0.266247 6.77418e-34 -0.0010114 0.0419722 0.0305497 0.0275784 0.0226285 -0.132879 -0.145981 -0.144051 
0.853913 0.764974 0.987793 0.923534 0.945764 0.814889 -0.0417495 -0.0226816 -0.0480732 -0.0374485 -0.0466603 -0.0324166 -0.0967683 -0.0919514 -0.103857 
0.45635 0.498205 0.473498 0.489415 0.465525 0.484055 -0.00315975 -0.00302163 -0.00763674 -0.00615164 -0.00571888 -0.00346636 0.0108631 0.00863211 0.00818682 
0.497744 0.473498 0.498205 0.489415 0.500493 0.497192 -0.00709784 -0.00763674 -0.00302163 -0.00615164 -0.00521849 -0.00767746 0.00629237 0.00818682 0.00863211 
0.810343 0.591517 0.358499 0.483126 0.608544 0.707917 -0.103453 -0.0891605 -0.0362713 -0.0583086 -0.0715147 -0.100012 -0.0856247 -0.072748 -0.0766401 
0.857471 0.608664 0.591517 0.604601 0.75503 0.754589 -0.179139 -0.119349 -0.0891605 -0.104853 -0.139425 -0.154819 -0.0873967 -0.0702697 -0.072748 
0.853913 0.978399 0.689785 0.896937 0.775914 0.944956 -0.0417495 -0.0625306 -0.0406967 -0.0572852 -0.0430119 -0.053472 -0.0967683 -0.105429 -0.0912753 
4.54762e-34 4.86969e-34 0.775241 0.45872 0.457156 -4.05763e-34 2.51394e-34 3.08936e-34 -0.00223817 -0.000890426 -0.000700707 5.62424e-34 -0.0529458 -0.0651406 -0.0584692 
4.20375e-34 0.591517 0.233053 0.402761 0.108967 0.249489 -4.05598e-34 -0.0891605 -0.031328 -0.0551271 -0.00821726 -0.0246109 -0.0727269 -0.072748 -0.0663762 
0.998702 0.937211 0.98668 0.995418 0.994229 0.988581 -0.00179509 -0.000828196 -0.000627658 -0.000869129 -0.00131746 -0.00152058 -0.0485402 -0.0385946 -0.036614 
0.343388 0.174594 0.194872 0.184672 0.275138 0.266003 -0.00639813 -0.00218713 -0.00228398 -0.00224352 -0.00446722 -0.0042479 0.00408658 0.00375155 0.00376867 
0.998702 0.98668 0.750072 0.905357 0.928074 0.994229 -0.00179509 -0.000627658 -0.00072484 -0.000811426 -0.00137014 -0.00131746 -0.0485402 -0.036614 -0.0401974 
0.49902 0.472287 0.436546 0.455929 0.479448 0.49003 -0.00975029 -0.00906345 -0.00811367 -0.0089153 -0.00927009 -0.00964278 0.00469259 0.00490916 0.00394555 
0.5674 0.15641 0.391636 0.276143 0.479709 0.368499 -0.250289 -0.13077 -0.175395 -0.159908 -0.216035 -0.194053 -0.043622 -0.0394081 0.000315262 
0.666294 0.174147 0.515133 0.330733 0.588082 0.384916 -0.122336 0.0148515 -0.112707 -0.0473347 -0.116691 -0.0550377 -0.135126 -0.147404 -0.144286 
0.343388 0.436546 0.472287 0.455929 0.420287 0.395047 -0.00639813 -0.00811367 -0.00906345 -0.0089153 -0.00813146 -0.00750546 0.00408658 0.00394555 0.00490916 
0.391636 0.15641 0.0614622 0.0981288 0.22007 0.276143 -0.175395 -0.13077 -0.07783 -0.105759 -0.129053 -0.159908 0.000315262 -0.0394081 0.00573201 
0.23413 0.515133 0.174147 0.330733 0.209528 0.365062 -0.0432865 -0.112707 0.0148515 -0.0473347 -0.0117212 -0.0760724 -0.153848 -0.144286 -0.147404 
2.08607e-34 0.272194 0.177595 0.226343 0.0914056 0.145418 -1.95549e-35 -0.0039757 -0.00157495 -0.0025882 -0.000913508 -0.00169575 0.00348259 0.00370083 0.00296245 
5.06519e-34 -0.0215055 -0.0115551 -0.0222101 -0.0102062 -0.00967547 3.76542e-35 0.027913 0.0408351 0.0391509 0.0382968 0.0277426 -0.123275 -0.122115 -0.122697 
0.343388 0.423413 0.272194 0.356829 0.309287 0.386142 -0.00639813 -0.00701005 -0.0039757 -0.00596119 -0.00539895 -0.00717355 0.00408658 0.0045244 0.00370083 
7.30413e-34 0.82572 0.829488 0.828081 0.515251 0.521783 5.09082e-34 -0.0268995 -0.0149015 -0.0197246 -0.00798413 -0.015236 -0.111176 -0.118169 -0.100151 
-1.08583e-36 0.0885276 0.0614622 0.0727942 -0.0284553 0.00799472 -1.60619e-34 -0.0360734 -0.07783 -0.0574083 -0.0254081 -0.0118939 0.0269141 0.0347522 0.00573201 
3.8741e-34 0.419453 0.689785 0.568382 0.37455 0.211514 -4.71817e-34 -0.0140114 -0.0406967 -0.0234559 -0.0107817 -0.00395599 -0.0934646 -0.0922337 -0.0912753 
0.853913 0.689785 0.419453 0.568382 0.66977 0.775914 -0.0417495 -0.0406967 -0.0140114 -0.0234559 -0.0271945 -0.0430119 -0.0967683 -0.0912753 -0.0922337 
0.998702 0.84383 0.706047 0.780442 0.935782 0.967493 -0.00179509 -0.00264516 -0.000998736 -0.00163368 -0.00174942 -0.00272985 -0.0485402 -0.0572721 -0.0450555 
-2.42289e-34 -1.90271e-34 -0.115475 -0.225818 -0.25173 1.84173e-34 5.29149e-34 2.79535e-34 -0.0611081 -0.0121404 -0.00671683 8.62282e-34 -0.109197 -0.0604028 -0.0852057 
0.343388 0.194872 0.288037 0.243272 0.3168 0.275138 -0.00639813 -0.00228398 -0.00392726 -0.00322999 -0.0052418 -0.00446722 0.00408658 0.00376867 0.00359493 
0.368205 0.208221 0.205259 0.20676 0.295452 0.296248 -0.00661623 -0.00210125 -0.00226958 -0.00218519 -0.0043013 -0.0044036 0.00691659 0.00672576 0.00857103 
0.489894 0.468104 0.500005 0.492395 0.497677 0.480515 -0.00336133 -0.00454029 -0.00462404 -0.00470161 -0.00392918 -0.00385679 -2.0548e-05 0.0012474 0.000956603 
2.08607e-34 0.174594 0.272194 0.22534 0.145418 0.0895199 -1.95549e-35 -0.00218713 -0.0039757 -0.00310255 -0.00169575 -0.00100809 0.00348259 0.00375155 0.00370083 
0.489725 0.500005 0.461567 0.490019 0.477905 0.497257 -0.0033604 -0.00462404 -0.0045578 -0.00472817 -0.00387497 -0.00393033 1.80909e-05 0.000956603 0.00157217 
2.76351e-34 0.208221 0.301083 0.257211 0.168665 0.111355 2.33761e-35 -0.00210125 -0.00387926 -0.00313597 -0.00145892 -0.000605394 0.00527199 0.00672576 0.00474531 
-3.10408e-34 -2.42289e-34 -0.256482 -0.240549 -0.235916 1.49317e-34 6.77418e-34 5.29149e-34 -0.0126647 0.00269594 0.0165274 1.2053e-33 -0.132879 -0.109197 -0.12336 
-1.11333e-36 -0.0147452 -8.34637e-05 -0.00419312 0.00220359 0.00166603 6.1002e-34 0.00875929 -0.000706575 0.00364228 -0.000209854 0.00169285 -0.123247 -0.123986 -0.122913 
-0.0307318 -0.0150121 0.16657 0.0575794 0.0272946 -0.0262771 0.0540746 0.0684728 -0.00143882 0.0439506 0.0389346 0.0633364 -0.121568 -0.124601 -0.119179 
-9.32328e-35 -1.08583e-36 0.0614622 -0.0284553 -0.0874136 2.78934e-36 2.44714e-35 -1.60619e-34 -0.07783 -0.0254081 -0.0283383 -5.88932e-35 -0.0107734 0.0269141 0.00573201 
-0.103907 -0.113315 -0.182102 -0.146312 -0.164284 -0.148248 0.0781452 0.0330172 0.036945 0.0354099 0.0705332 0.0676791 -0.134648 -0.13114 -0.136922 
0.853913 0.419453 0.764974 0.604873 0.814889 0.66977 -0.0417495 -0.0140114 -0.0226816 -0.0179534 -0.0324166 -0.0271945 -0.0967683 -0.0922337 -0.0919514 
0.758311 0.689785 0.952133 0.870204 0.885708 0.728155 -0.0640265 -0.0406967 -0.0827351 -0.0666638 -0.0776804 -0.0522866 -0.0900151 -0.0912753 -0.101194 
7.51664e-34 0.82572 7.30413e-34 0.521783 -4.80965e-34 0.541085 3.11275e-34 -0.0268995 5.09082e-34 -0.015236 1.18832e-33 -0.034925 -0.137741 -0.118169 -0.111176 
0.358615 0.0614622 0.0885276 0.0727942 0.214671 0.208916 -0.121158 -0.07783 -0.0360734 -0.0574083 -0.0871661 -0.112413 0.0262814 0.00573201 0.0347522 
0.500027 0.500005 0.468104 0.492395 0.492672 0.500009 -0.00640252 -0.00462404 -0.00454029 -0.00470161 -0.00557048 -0.00545282 0.00209552 0.000956603 0.0012474 
0.500027 0.461567 0.500005 0.490019 0.500009 0.489739 -0.00640252 -0.0045578 -0.00462404 -0.00472817 -0.00545282 -0.00560366 0.00209552 0.00157217 0.000956603 
6.62904e-34 5.21288e-34 0.70269 0.407433 0.403739 -2.4035e-34 3.67627e-34 4.33708e-34 -0.0069974 -0.00256287 -0.0019904 8.11445e-34 -0.0780478 -0.0922805 -0.0893022 
-1.81654e-34 -0.252287 -0.182102 -0.219883 -0.121414 -0.181636 7.41994e-34 0.0419722 0.036945 0.0405607 0.011347 0.021597 -0.144992 -0.144051 -0.136922 
0.999453 0.997105 0.711685 0.915031 0.921816 0.99873 -0.0120164 -0.0226135 -0.0115883 -0.0188635 -0.0143894 -0.0173731 -0.0831692 -0.0938339 -0.0846962 
6.62904e-34 0.70269 0.835131 0.773865 0.509183 0.403739 3.67627e-34 -0.0069974 -0.00641893 -0.00695379 -0.0023045 -0.0019904 -0.0780478 -0.0893022 -0.0784861 
0.907529 0.853527 0.913081 0.938277 0.948737 0.880008 -0.0978479 -0.115543 -0.0964855 -0.118563 -0.103769 -0.106475 -0.11168 -0.118294 -0.0955446 
0.368205 0.301083 0.208221 0.257211 0.296248 0.336284 -0.00661623 -0.00387926 -0.00210125 -0.00313597 -0.0044036 -0.00525152 0.00691659 0.00474531 0.00672576 
0.223705 0.16657 0.730867 0.419622 0.493841 0.188384 -0.0151218 -0.00143882 -0.0706642 -0.0399761 -0.0475678 -0.00829128 -0.119881 -0.119179 -0.117004 
0.993341 0.987793 0.764974 0.923534 0.925255 0.990453 -0.0361901 -0.0480732 -0.0226816 -0.0374485 -0.0318389 -0.0428658 -0.10115 -0.103857 -0.0919514 
5.06519e-34 5.00121e-34 -0.0215055 -0.00730034 -0.00967547 1.02564e-33 3.76542e-35 1.06718e-35 0.027913 0.0163585 0.0277426 -1.42992e-35 -0.123275 -0.121381 -0.122115 
0.999453 0.711685 0.647227 0.680595 0.905186 0.921816 -0.0120164 -0.0115883 -0.00587814 -0.00798491 -0.0111007 -0.0143894 -0.0831692 -0.0846962 -0.077607 
0.999453 0.829488 0.997105 0.966338 0.99873 0.961877 -0.0120164 -0.0149015 -0.0226135 -0.022955 -0.0173731 -0.0165735 -0.0831692 -0.100151 -0.0938339 
0.244216 0.180861 0.380966 0.292831 0.318729 0.213425 -0.000803504 -0.000655198 -0.00268114 -0.00160573 -0.00159771 -0.000714396 -2.07547e-05 0.000852051 0.000891356 
0.245596 0.379187 0.169664 0.287511 0.208842 0.31885 -0.000811761 -0.00269858 -0.000600934 -0.00157963 -0.000695131 -0.00160488 2.48738e-05 0.00116571 0.0010157 
0.386528 0.485204 0.436546 0.465082 0.413459 0.447294 -0.004697 -0.00787683 -0.00811367 -0.00820384 -0.00642274 -0.00639076 0.00275586 0.00314237 0.00394555 
4.56891e-34 0.647227 0.711685 0.680595 0.404665 0.359553 -4.03949e-34 -0.00587814 -0.0115883 -0.00798491 -0.00334806 -0.00216128 -0.0815404 -0.077607 -0.0846962 
0.597249 0.711031 0.721906 0.715216 0.685342 0.685903 -0.106374 -0.0338156 -0.119491 -0.0719229 -0.11252 -0.0711166 0.0209694 -0.0170068 -0.0209225 
0.506305 0.544037 0.598584 0.571271 0.561944 0.53285 0.0685733 0.0947296 0.106523 0.104831 0.0866366 0.0832752 0.00422745 0.00213965 -0.00299869 
4.86969e-34 0.646271 0.775241 0.714305 0.45872 0.365092 3.08936e-34 -0.00263859 -0.00223817 -0.00250053 -0.000890426 -0.000762357 -0.0651406 -0.0696957 -0.0584692 
0.998702 0.750072 0.625039 0.690654 0.895111 0.928074 -0.00179509 -0.00072484 -0.000974782 -0.000863515 -0.00177501 -0.00137014 -0.0485402 -0.0401974 -0.049144 
-0.103907 0.174147 0.13053 0.160897 0.0135299 0.0252761 0.0781452 0.0148515 0.0370084 0.0294494 0.0638305 0.0595114 -0.134648 -0.147404 -0.130577 
5.73809e-34 0.842657 0.647227 0.754616 0.36334 0.507453 -3.58444e-34 -0.00522807 -0.00587814 -0.00578428 -0.00188093 -0.002534 -0.0724454 -0.0701885 -0.077607 
0.38531 0.455063 0.470892 0.464308 0.433916 0.423115 0.0174749 0.0533219 0.0248737 0.0379166 0.0219276 0.0339999 0.0191659 0.0177367 0.0151816 
2.49803e-34 2.38589e-34 0.486728 0.236318 0.209742 -1.95341e-34 -4.02191e-34 -4.34597e-34 -0.0416931 -0.00968127 -0.00999846 -8.00356e-34 -0.0785719 -0.0861696 -0.0820378 
0.999453 0.70269 0.829488 0.770627 0.961877 0.932433 -0.0120164 -0.0069974 -0.0149015 -0.00966788 -0.0165735 -0.0122705 -0.0831692 -0.0893022 -0.100151 
-1.11333e-36 -3.05412e-35 -0.0147452 -0.00539717 0.00166603 3.43953e-36 6.1002e-34 6.33354e-34 0.00875929 0.00261781 0.00169285 1.22598e-33 -0.123247 -0.125393 -0.123986 
1.06267e-34 2.68765e-34 0.194872 0.103073 0.101422 -7.4185e-35 -2.03368e-35 -2.01063e-35 -0.00228398 -0.000704562 -0.000582218 -3.65553e-35 0.00393215 0.00353629 0.00376867 
0.75 0.750072 0.98668 0.905357 0.90535 0.749968 -4.05897e-37 -0.00072484 -0.000627658 -0.000811426 -0.000546347 -0.000381337 -0.0296589 -0.0401974 -0.036614 
0.447715 0.762748 0.575565 0.674288 0.518077 0.626946 -0.121 -0.232801 -0.184823 -0.213228 -0.155859 -0.17924 -0.0576222 -0.0705599 -0.0565857 
0.123825 0.346906 0.341441 0.34142 0.225965 0.230496 -0.0521776 -0.0983858 -0.0634856 -0.082723 -0.0640128 -0.078223 -0.0747521 -0.0661454 -0.0750999 
0.231232 0.372041 0.41398 0.391452 0.322663 0.291564 0.102077 0.118196 0.136092 0.130269 0.121617 0.112593 -0.0116324 -0.0400071 -0.0121125 
0.666294 0.920043 0.853527 0.909793 0.760815 0.859306 -0.122336 -0.158821 -0.115543 -0.143445 -0.121042 -0.159809 -0.135126 -0.102902 -0.118294 
0.376795 0.455415 0.470329 0.462321 0.431065 0.420487 0.0104065 0.00537439 0.0195655 0.0110879 0.0152938 0.00858615 0.00215984 0.00476646 0.00520695 
0.272194 0.423413 0.325488 0.379141 0.298964 0.356829 -0.0039757 -0.00701005 -0.00421888 -0.0054327 -0.00422181 -0.00596119 0.00370083 0.0045244 0.00328654 
0.500027 0.490773 0.485204 0.499932 0.495966 0.498058 -0.00640252 -0.00844601 -0.00787683 -0.00831045 -0.00721125 -0.00748821 0.00209552 0.00360727 0.00314237 
0.666294 0.40866 0.174147 0.276408 0.384916 0.542254 -0.122336 -0.0522947 0.0148515 -0.0162749 -0.0550377 -0.0852344 -0.135126 -0.13336 -0.147404 
0.501099 0.459863 0.497909 0.483765 0.501003 0.491887 0.00359369 0.00596301 0.0132637 0.00959059 0.00795255 0.00493217 0.00861806 0.0135848 0.011295 
2.56605e-34 -1.11333e-36 -8.34637e-05 0.00220359 0.0014289 -1.02158e-36 3.02977e-34 6.1002e-34 -0.000706575 -0.000209854 -0.0014967 1.21548e-33 -0.122903 -0.123247 -0.122913 
0.38531 0.470892 0.459863 0.465734 0.428309 0.433916 0.0174749 0.0248737 0.00596301 0.0135583 0.0115351 0.0219276 0.0191659 0.0151816 0.0135848 
0.223705 0.0309506 -0.0115551 -0.000185784 0.0364255 0.113709 -0.0151218 0.0363207 0.0408351 0.0412954 0.024997 0.0111021 -0.119881 -0.125076 -0.122697 
2.56605e-34 -8.34637e-05 5.10321e-34 0.000197892 1.02299e-33 0.0014289 3.02977e-34 -0.000706575 -5.6207e-37 -0.00171974 5.32549e-37 -0.0014967 -0.122903 -0.122913 -0.122584 
0.430724 0.325488 0.423413 0.379141 0.426868 0.383934 -0.00314964 -0.00421888 -0.00701005 -0.0054327 -0.00565916 -0.0038252 0.00463961 0.00328654 0.0045244 
0.758311 0.339107 0.689785 0.517643 0.728155 0.566065 -0.0640265 -0.0191066 -0.0406967 -0.0278724 -0.0522866 -0.0388907 -0.0900151 -0.0869418 -0.0912753 
0.666294 0.853527 0.40866 0.649848 0.542254 0.760815 -0.122336 -0.115543 -0.0522947 -0.0913128 -0.0852344 -0.121042 -0.135126 -0.118294 -0.13336 
0.408291 0.434174 0.490773 0.469015 0.460271 0.421668 -0.00509781 -0.00756267 -0.00844601 -0.00810034 -0.00690063 -0.00638346 0.0026832 0.00468691 0.00360727 
6.58779e-34 4.02005e-34 0.706047 0.405359 0.404789 -2.80286e-34 -2.52422e-34 -1.95722e-34 -0.000998736 -0.000261 -0.000413813 -4.4665e-34 -0.0512323 -0.0398695 -0.0450555 
0.231232 0.41398 0.423127 0.418689 0.335051 0.322663 0.102077 0.136092 0.122722 0.132454 0.119581 0.121617 -0.0116324 -0.0121125 0.00618774 
0.998702 0.99708 0.84383 0.970976 0.967493 0.997887 -0.00179509 -0.00325792 -0.00264516 -0.0033937 -0.00272985 -0.00268075 -0.0485402 -0.0577031 -0.0572721 
0.123825 0.341441 0.316455 0.328146 0.210855 0.225965 -0.0521776 -0.0634856 -0.0153977 -0.0423983 -0.0443227 -0.0640128 -0.0747521 -0.0750999 -0.0794475 
0.999453 0.647227 0.842657 0.754616 0.957462 0.905186 -0.0120164 -0.00587814 -0.00522807 -0.00578428 -0.00936106 -0.0111007 -0.0831692 -0.077607 -0.0701885 
0.538384 0.423127 0.519488 0.472536 0.532581 0.498378 0.111052 0.122722 0.134209 0.13002 0.123678 0.121794 0.00590176 0.00618774 -0.000900102 
4.20375e-34 2.49803e-34 0.358499 0.164248 0.142244 -1.03796e-34 -4.05598e-34 -4.02191e-34 -0.0362713 -0.00906708 -0.0109443 -7.36591e-34 -0.0727269 -0.0785719 -0.0766401 
-0.0178646 -8.34637e-05 -0.0147452 -0.00419312 -0.0171505 -0.00677481 0.0129363 -0.000706575 0.00875929 0.00364228 0.0106005 0.00345539 -0.122567 -0.122913 -0.123986 
0.223705 0.0221424 0.16657 0.0812956 0.188384 0.091278 -0.0151218 0.0300596 -0.00143882 0.0184428 -0.00829128 0.0109128 -0.119881 -0.120615 -0.119179 
0.447715 0.807468 0.762748 0.788028 0.626946 0.648992 -0.121 -0.205265 -0.232801 -0.221539 -0.17924 -0.168657 -0.0576222 -0.0781271 -0.0705599 
0.589607 0.316455 0.49968 0.410843 0.5463 0.459198 0.0180295 -0.0153977 -0.0348738 -0.0221427 -0.00765182 0.00292028 -0.0565412 -0.0794475 -0.0704973 
0.761865 0.575565 0.776913 0.697514 0.769161 0.703079 -0.277309 -0.184823 -0.271781 -0.231409 -0.279264 -0.240765 -0.0573008 -0.0565857 -0.0680975 
0.989693 0.84383 0.99708 0.970976 0.994031 0.978173 -0.00485624 -0.00264516 -0.00325792 -0.0033937 -0.00397136 -0.00454651 -0.0666711 -0.0572721 -0.0577031 
0.998702 0.625039 0.775241 0.704885 0.935081 0.895111 -0.00179509 -0.000974782 -0.00223817 -0.00144681 -0.00242255 -0.00177501 -0.0485402 -0.049144 -0.0584692 
0.959572 0.730867 0.952133 0.919092 0.962677 0.879233 -0.0761281 -0.0706642 -0.0827351 -0.0868049 -0.07951 -0.0792923 -0.107357 -0.117004 -0.101194 
-0.130457 -0.182102 -0.252287 -0.219883 -0.201347 -0.193967 0.0632802 0.036945 0.0419722 0.0405607 0.0598003 0.0656128 -0.146741 -0.136922 -0.144051 
5.06519e-34 -0.0115551 0.0309506 -0.000185784 -0.0130674 -0.0102062 3.76542e-35 0.0408351 0.0363207 0.0412954 0.0438407 0.0382968 -0.123275 -0.122697 -0.125076 
0.744405 0.844148 0.807468 0.845523 0.864527 0.814407 -0.209875 -0.265877 -0.205265 -0.245914 -0.245877 -0.24995 -0.13 -0.0952616 -0.0781271 
3.55039e-34 0.689785 0.339107 0.517643 0.173295 0.34856 -4.48649e-34 -0.0406967 -0.0191066 -0.0278724 -0.00728683 -0.013283 -0.0884114 -0.0912753 -0.0869418 
0.857471 0.920043 0.836459 0.895061 0.895646 0.896524 -0.179139 -0.158821 -0.193778 -0.182635 -0.203169 -0.172015 -0.0873967 -0.102902 -0.122949 
0.666294 0.836459 0.920043 0.895061 0.859306 0.763761 -0.122336 -0.193778 -0.158821 -0.182635 -0.159809 -0.161804 -0.135126 -0.122949 -0.102902 
0.430724 0.423413 0.488507 0.462603 0.465273 0.426868 -0.00314964 -0.00701005 -0.00415442 -0.00587373 -0.0036179 -0.00565916 0.00463961 0.0045244 0.00655462 
-2.42289e-34 -0.115475 -0.256482 -0.201756 -0.240549 -0.25173 5.29149e-34 -0.0611081 -0.0126647 -0.0340001 0.00269594 -0.00671683 -0.109197 -0.0852057 -0.12336 
-0.0307318 0.16657 0.0221424 0.0812956 -0.0123123 0.0272946 0.0540746 -0.00143882 0.0300596 0.0184428 0.0444448 0.0389346 -0.121568 -0.119179 -0.120615 
0.376795 0.470329 0.477312 0.472695 0.432334 0.431065 0.0104065 0.0195655 0.0386639 0.0284714 0.0224324 0.0152938 0.00215984 0.00520695 0.00435782 
0.271262 0.169664 0.379187 0.287511 0.329483 0.222967 -0.00183252 -0.000600934 -0.00269858 -0.00157963 -0.00231881 -0.0011134 0.00181729 0.0010157 0.00116571 
0.274852 0.380966 0.180861 0.292831 0.229726 0.332116 -0.00180537 -0.00268114 -0.000655198 -0.00160573 -0.0011389 -0.00230973 0.00166589 0.000891356 0.000852051 
4.17478e-34 6.27297e-34 0.764974 0.440943 0.424285 -4.67075e-34 -4.59209e-34 -4.41887e-34 -0.0226816 -0.00755737 -0.00988406 -8.76536e-34 -0.0916762 -0.0877468 -0.0919514 
0.75 0.437687 0.750072 0.60937 0.749968 0.609489 -4.05897e-37 -0.000167358 -0.00072484 -0.000305607 -0.000381337 -0.000134381 -0.0296589 -0.0354805 -0.0401974 
0.407986 0.380966 0.468104 0.431422 0.441803 0.394893 -0.00220055 -0.00268114 -0.00454029 -0.00361312 -0.00320174 -0.00237931 -4.22461e-05 0.000891356 0.0012474 
0.40835 0.461567 0.379187 0.426173 0.394286 0.437956 -0.00223096 -0.0045578 -0.00269858 -0.00363266 -0.00240482 -0.00322186 4.08163e-05 0.00157217 0.00116571 
0.907529 0.952133 0.730867 0.919092 0.835684 0.950465 -0.0978479 -0.0827351 -0.0706642 -0.0868049 -0.0860984 -0.0935085 -0.11168 -0.101194 -0.117004 
0.506305 0.598584 0.639587 0.620129 0.58262 0.561944 0.0685733 0.106523 0.0898987 0.100497 0.0820435 0.0866366 0.00422745 -0.00299869 -0.00662288 
0.998702 0.706047 0.937211 0.842894 0.988581 0.935782 -0.00179509 -0.000998736 -0.000828196 -0.00111479 -0.00152058 -0.00174942 -0.0485402 -0.0450555 -0.0385946 
2.76351e-34 1.2236e-34 0.208221 0.112869 0.111355 -7.24462e-35 2.33761e-35 3.70226e-35 -0.00210125 -0.000520542 -0.000605394 6.4069e-35 0.00527199 0.00773952 0.00672576 
0.517237 0.477312 0.507106 0.496618 0.513866 0.509632 0.0640155 0.0386639 0.0390049 0.0389572 0.0507416 0.0508198 0.0102875 0.00435782 0.00823139 
0.989693 0.999357 0.842657 0.965176 0.97791 0.996164 -0.00485624 -0.00806572 -0.00522807 -0.0075537 -0.00647067 -0.0067349 -0.0666711 -0.0746151 -0.0701885 
0.597249 0.721906 0.696936 0.717616 0.653129 0.685342 -0.106374 -0.119491 -0.209574 -0.163936 -0.155569 -0.11252 0.0209694 -0.0209225 -0.0103163 
4.56891e-34 5.73809e-34 0.647227 0.36334 0.359553 -2.00874e-34 -4.03949e-34 -3.58444e-34 -0.00587814 -0.00188093 -0.00216128 -7.54544e-34 -0.0815404 -0.0724454 -0.077607 
0.407986 0.244216 0.380966 0.318729 0.394893 0.336215 -0.00220055 -0.000803504 -0.00268114 -0.00159771 -0.00237931 -0.00153543 -4.22461e-05 -2.07547e-05 0.000891356 
0.245596 0.40835 0.379187 0.394286 0.31885 0.337266 -0.000811761 -0.00223096 -0.00269858 -0.00240482 -0.00160488 -0.00154185 2.48738e-05 4.08163e-05 0.00116571 
0.810343 0.358499 0.486728 0.423208 0.672697 0.608544 -0.103453 -0.0362713 -0.0416931 -0.0390051 -0.0730353 -0.0715147 -0.0856247 -0.0766401 -0.0820378 
3.11075e-34 0.586381 4.02005e-34 0.324926 -9.77378e-35 0.325099 -6.89647e-35 -0.000302725 -1.95722e-34 -0.000133346 -3.33312e-34 -9.43489e-05 -0.0281099 -0.0358535 -0.0398695 
4.02005e-34 0.586381 0.706047 0.648829 0.405359 0.324926 -1.95722e-34 -0.000302725 -0.000998736 -0.000546325 -0.000261 -0.000133346 -0.0398695 -0.0358535 -0.0450555 
0.500027 0.468104 0.480071 0.474401 0.495575 0.492672 -0.00640252 -0.00454029 -0.00640809 -0.0054332 -0.00653003 -0.00557048 0.00209552 0.0012474 0.00243404 
0.408291 0.480071 0.468104 0.474401 0.442042 0.450718 -0.00509781 -0.00640809 -0.00454029 -0.0054332 -0.00489275 -0.00586 0.0026832 0.00243404 0.0012474 
4.41899e-34 0.625039 0.750072 0.690654 0.437665 0.350017 1.95806e-34 -0.000974782 -0.00072484 -0.000863515 -0.00022721 -0.000223252 -0.041198 -0.049144 -0.0401974 
1 0.75 0.98668 0.90535 0.996678 0.9375 -5.40238e-37 -4.05897e-37 -0.000627658 -0.000546347 -0.000591615 -8.36314e-37 -0.0289544 -0.0296589 -0.036614 
0.999453 0.842657 0.999357 0.965176 0.999789 0.957462 -0.0120164 -0.00522807 -0.00806572 -0.0075537 -0.00973397 -0.00936106 -0.0831692 -0.0701885 -0.0746151 
2.04616e-34 1.98404e-34 0.342202 0.198384 0.203142 -1.24596e-34 -1.36759e-34 -7.98461e-35 0.00692795 0.00315756 0.000997757 -2.18772e-34 0.0275627 0.0168925 0.0218851 
0.58618 0.639587 0.616619 0.637198 0.607327 0.641379 0.105697 0.0898987 0.123414 0.1128 0.117369 0.106545 -0.0340947 -0.00662288 -0.0164205 
1.20408e-34 1.0821e-34 0.210293 0.104724 0.112243 -7.12913e-35 -3.75013e-36 -3.6426e-37 0.0103768 0.00274388 0.00345836 -1.29227e-35 0.00162773 0.000678229 0.0012822 
0.989693 0.775241 0.646271 0.714305 0.879359 0.917033 -0.00485624 -0.00223817 -0.00263859 -0.00250053 -0.00463397 -0.00385681 -0.0666711 -0.0584692 -0.0696957 
9.17471e-35 6.53539e-35 0.159998 0.0701586 0.0873285 -6.07418e-35 1.12344e-34 8.96522e-35 0.0211983 0.00784956 0.00702144 1.84364e-34 0.0216043 0.0163586 0.0199789 
-6.96799e-35 -7.75329e-35 -0.0646996 -0.0849981 -0.0822737 3.73738e-35 -2.06783e-34 -3.05973e-34 0.00965443 0.000367498 0.00084535 -5.24832e-34 -0.0430624 -0.0622239 -0.0559147 
1.0868e-35 2.69568e-35 0.0431269 0.0246968 0.0160757 -5.99301e-36 -3.04673e-34 -2.84544e-34 -0.0168397 -0.00217818 -0.0027147 -5.75755e-34 -0.0610313 -0.0574407 -0.057106 
-9.05511e-35 -1.81654e-34 -0.182102 -0.121414 -0.0867922 8.07282e-35 6.84641e-34 7.41994e-34 0.036945 0.011347 0.0117249 1.37791e-33 -0.135624 -0.144992 -0.136922 
0.443266 0.564535 0.16657 0.353793 0.30095 0.499466 -0.0503468 -0.0620633 -0.00143882 -0.0296857 -0.021865 -0.0554306 -0.125086 -0.120203 -0.119179 
8.25153e-35 4.20375e-34 0.233053 0.108967 0.0886126 -6.80585e-35 -3.33931e-34 -4.05598e-34 -0.031328 -0.00821726 -0.00622743 -6.7786e-34 -0.0667344 -0.0727269 -0.0663762 
8.59839e-35 2.08607e-34 0.177595 0.0914056 0.0901251 -6.02651e-35 -1.38487e-35 -1.95549e-35 -0.00157495 -0.000913508 -0.000552565 -3.02667e-35 0.00271173 0.00348259 0.00296245 
0.368205 0.473498 0.478536 0.476308 0.435231 0.431769 -0.00661623 -0.00763674 -0.0091472 -0.00864711 -0.00813891 -0.00784385 0.00691659 0.00818682 0.00582513 
0.937211 0.706047 0.586381 0.648829 0.800298 0.842894 -0.000828196 -0.000998736 -0.000302725 -0.000546325 -0.000618648 -0.00111479 -0.0385946 -0.0450555 -0.0358535 
0.665365 0.696936 0.672042 0.727611 0.66848 0.727671 -0.19109 -0.209574 -0.155729 -0.181472 -0.17488 -0.203544 -0.0513258 -0.0103163 -0.049191 
1 0.98668 0.937211 0.995418 0.984244 0.996678 -5.40238e-37 -0.000627658 -0.000828196 -0.000869129 -0.000716621 -0.000591615 -0.0289544 -0.036614 -0.0385946 
-6.42385e-35 -9.05511e-35 -0.113315 -0.0650003 -0.0428918 4.08018e-35 6.63012e-34 6.84641e-34 0.0330172 0.0110213 0.00751163 1.30436e-33 -0.129909 -0.135624 -0.13114 
4.17478e-34 0.764974 0.419453 0.604873 0.221211 0.424285 -4.59209e-34 -0.0226816 -0.0140114 -0.0179534 -0.005018 -0.00988406 -0.0916762 -0.0919514 -0.0922337 
3.11075e-34 0.75 0.586381 0.673361 0.325099 0.4375 -6.89647e-35 -3.54003e-37 -0.000302725 -0.000182055 -9.43489e-05 -9.69215e-38 -0.0281099 -0.028205 -0.0358535 
1.23867e-34 1.16773e-34 0.216079 0.117412 0.120938 -8.03499e-35 9.11384e-35 1.07715e-34 0.00434215 0.00164878 0.00117337 1.94966e-34 0.0183791 0.0214411 0.0200851 
2.80995e-34 1.22277e-34 0.220764 0.121773 0.120553 -8.0626e-35 5.1475e-35 7.18676e-35 -0.00177749 -0.000532695 -0.000999088 1.27053e-34 0.0111048 0.0147435 0.0135622 
1.17097e-35 -2.99673e-35 0.0382854 -0.0280455 -0.000948079 -1.92786e-35 2.66278e-35 -8.25172e-35 0.0328543 0.0127707 0.0113048 -8.57305e-35 0.00297935 -0.0191039 -0.00826392 
-5.65471e-35 -2.61751e-35 -0.0514705 -0.0338007 -0.054569 4.09409e-35 -3.47488e-34 -3.32927e-34 -0.0222239 -0.0105293 -0.00728519 -6.61076e-34 -0.0692107 -0.066121 -0.0687426 
4.31146e-35 5.64436e-35 0.119166 0.0487635 0.0409349 -3.05077e-35 -2.88821e-34 -3.08971e-34 -0.0140441 -0.00302409 -0.00218397 -5.88396e-34 -0.058366 -0.0621108 -0.0593827 
1.11192e-34 1.76967e-34 0.266646 0.164125 0.128689 -9.83905e-35 -2.23631e-34 -1.993e-34 -0.0387131 -0.0152853 -0.0186761 -3.78486e-34 0.0411982 0.0376262 0.0394334 
1.70033e-34 1.48097e-34 0.280078 0.146168 0.160482 -9.62321e-35 -3.98304e-35 -1.54311e-35 0.0216034 0.00555332 0.00569872 -7.08291e-35 0.00939096 0.0044042 0.0072662 
9.71089e-35 9.28431e-35 0.179954 0.0899827 0.0914622 -6.14039e-35 -2.8685e-36 -8.33189e-36 0.00135466 0.000446786 0.000752046 -1.29442e-35 0.000811078 0.00175809 0.00124133 
0.758311 0.913081 0.486728 0.751135 0.629354 0.853522 -0.0640265 -0.0964855 -0.0416931 -0.075291 -0.0543585 -0.0816928 -0.0900151 -0.0955446 -0.0820378 
0.744405 0.55569 0.844148 0.753185 0.814407 0.648185 -0.209875 -0.202602 -0.265877 -0.257159 -0.24995 -0.208471 -0.13 -0.125187 -0.0952616 
0.804115 0.844148 0.55569 0.753185 0.718049 0.824939 -0.285933 -0.265877 -0.202602 -0.257159 -0.266041 -0.278185 -0.0881494 -0.0952616 -0.125187 
0.810343 0.913081 0.853527 0.938277 0.931399 0.867937 -0.103453 -0.0964855 -0.115543 -0.118563 -0.130045 -0.101654 -0.0856247 -0.0955446 -0.118294 
0.223705 -0.0115551 0.0221424 -0.0029194 0.091278 0.0364255 -0.0151218 0.0408351 0.0300596 0.0351299 0.0109128 0.024997 -0.119881 -0.122697 -0.120615 
0.500027 0.480071 0.490773 0.485892 0.498058 0.495575 -0.00640252 -0.00640809 -0.00844601 -0.00739817 -0.00748821 -0.00653003 0.00209552 0.00243404 0.00360727 
2.33732e-34 4.41899e-34 0.437687 0.234539 0.234482 4.78671e-35 7.08649e-35 1.95806e-34 -0.000167358 -0.000149416 -7.31088e-05 3.37968e-34 -0.029783 -0.041198 -0.0354805 
0.999453 0.835131 0.70269 0.773865 0.932433 0.962253 -0.0120164 -0.00641893 -0.0069974 -0.00695379 -0.0122705 -0.010408 -0.0831692 -0.0784861 -0.0893022 
0.112588 -0.256482 -0.115475 -0.201756 -0.0208449 -0.096252 -0.0889452 -0.0126647 -0.0611081 -0.0340001 -0.0683497 -0.0328739 -0.1287 -0.12336 -0.0852057 
0.810343 0.486728 0.913081 0.751135 0.867937 0.672697 -0.103453 -0.0416931 -0.0964855 -0.075291 -0.101654 -0.0730353 -0.0856247 -0.0820378 -0.0955446 
0.408291 0.490773 0.480071 0.485892 0.450718 0.460271 -0.00509781 -0.00844601 -0.00640809 -0.00739817 -0.00586 -0.00690063 0.0026832 0.00360727 0.00243404 
-1.81654e-34 -3.10408e-34 -0.252287 -0.202477 -0.181636 1.53775e-34 7.41994e-34 6.77418e-34 0.0419722 0.0275784 0.021597 1.3561e-33 -0.144992 -0.132879 -0.144051 
4.41899e-34 0.750072 0.437687 0.60937 0.234539 0.437665 1.95806e-34 -0.00072484 -0.000167358 -0.000305607 -0.000149416 -0.00022721 -0.041198 -0.0401974 -0.0354805 
2.04616e-34 0.342202 0.262147 0.307369 0.153401 0.203142 -1.36759e-34 0.00692795 -0.0088112 -0.00371035 -0.00148646 0.000997757 0.0275627 0.0218851 0.0320065 
0.75 0.937211 0.586381 0.800298 0.673361 0.859211 -3.54003e-37 -0.000828196 -0.000302725 -0.000618648 -0.000182055 -0.000539553 -0.028205 -0.0385946 -0.0358535 
0.488541 0.262147 0.342202 0.307369 0.422081 0.380778 -0.0337336 -0.0088112 0.00692795 -0.00371035 -0.0117291 -0.0240604 0.026724 0.0320065 0.0218851 
1.20408e-34 0.210293 0.181092 0.196025 0.0901236 0.112243 -3.75013e-36 0.0103768 0.00893084 0.0103431 0.00255541 0.00345836 0.00162773 0.0012822 0.00308892 
-0.0307318 0.0221424 -0.0115551 -0.0029194 -0.0241044 -0.0123123 0.0540746 0.0300596 0.0408351 0.0351299 0.0449272 0.0444448 -0.121568 -0.120615 -0.122697 
4.41899e-34 4.54762e-34 0.625039 0.350576 0.350017 -1.42345e-34 1.95806e-34 2.51394e-34 -0.000974782 -0.000328313 -0.000223252 4.48273e-34 -0.041198 -0.0529458 -0.049144 
0.374479 0.181092 0.210293 0.196025 0.292592 0.285597 0.0379491 0.00893084 0.0103768 0.0103431 0.0226668 0.0226445 0.00290488 0.00308892 0.0012822 
1.2236e-34 2.80995e-34 0.205259 0.111685 0.11065 -6.41085e-35 3.70226e-35 5.1475e-35 -0.00226958 -0.00106901 -0.000681546 9.28407e-35 0.00773952 0.0111048 0.00857103 
4.86969e-34 6.62904e-34 0.646271 0.367068 0.365092 -1.65651e-34 3.08936e-34 3.67627e-34 -0.00263859 -0.00139797 -0.000762357 6.81852e-34 -0.0651406 -0.0780478 -0.0696957 
-0.133064 0.231519 -0.0306437 0.0911792 -0.0846346 0.0382849 -0.0010114 -0.0915183 0.0201272 -0.0244514 0.0132967 -0.0261624 -0.145981 -0.148426 -0.154808 
0.810343 0.853527 0.920043 0.909793 0.893506 0.931399 -0.103453 -0.115543 -0.158821 -0.143445 -0.136611 -0.130045 -0.0856247 -0.118294 -0.102902 
0.758311 0.486728 0.339107 0.418249 0.566065 0.629354 -0.0640265 -0.0416931 -0.0191066 -0.0273051 -0.0388907 -0.0543585 -0.0900151 -0.0820378 -0.0869418 
6.53539e-35 0.0651731 0.159998 0.114001 0.0701586 0.0309815 8.96522e-35 0.0176339 0.0211983 0.0213623 0.00784956 0.00551844 0.0163586 0.0100848 0.0199789 
9.17471e-35 0.159998 0.144712 0.156443 0.07277 0.0873285 1.12344e-34 0.0211983 0.00660838 0.0122077 0.00270266 0.00702144 0.0216043 0.0199789 0.021844 
-7.75329e-35 -0.086053 -0.0646996 -0.0880539 -0.0849981 -0.0668091 -3.05973e-34 -0.011281 0.00965443 -0.00246127 0.000367498 -0.00197524 -0.0622239 -0.0674866 -0.0559147 
-6.96799e-35 -0.0646996 -0.0489862 -0.0631313 -0.0614187 -0.0822737 -2.06783e-34 0.00965443 0.0137545 0.0148599 0.00330072 0.00084535 -0.0430624 -0.0559147 -0.0326202 
2.69568e-35 0.0498469 0.0431269 0.049776 0.0246968 0.0209188 -2.84544e-34 -0.00464875 -0.0168397 -0.0084707 -0.00217818 -0.000428481 -0.0574407 -0.0567585 -0.057106 
1.0868e-35 0.0431269 -0.00886917 0.0173025 0.00116923 0.0160757 -3.04673e-34 -0.0168397 -0.0144594 -0.0169686 -0.00315792 -0.0027147 -0.0610313 -0.057106 -0.0625597 
0.294232 0.144712 0.159998 0.156443 0.231667 0.226271 0.0256563 0.00660838 0.0211983 0.0122077 0.0269165 0.0167249 0.0220582 0.021844 0.0199789 
0.0707415 -0.0489862 -0.0646996 -0.0631313 -0.010414 0.000551254 0.0602294 0.0137545 0.00965443 0.0148599 0.0291161 0.0343864 -0.0362911 -0.0326202 -0.0559147 
0.229029 0.159998 0.0651731 0.114001 0.146931 0.199408 0.072119 0.0211983 0.0176339 0.0213623 0.0470915 0.0466398 0.012209 0.0199789 0.0100848 
0.0579619 -0.00886917 0.0431269 0.0173025 0.0484327 0.00770854 -0.0463071 -0.0144594 -0.0168397 -0.0169686 -0.0333237 -0.0313075 -0.0631143 -0.0625597 -0.057106 
0.0413906 -0.0646996 -0.086053 -0.0880539 -0.0488119 -0.0297306 -0.0017446 0.00965443 -0.011281 -0.00246127 -0.0183171 0.00294115 -0.0751037 -0.0559147 -0.0674866 
0.207464 0.0431269 0.0498469 0.049776 0.11186 0.104439 -0.0444052 -0.0168397 -0.00464875 -0.0084707 -0.0180668 -0.0249893 -0.0549278 -0.057106 -0.0567585 
6.62904e-34 0.835131 0.646271 0.749282 0.367068 0.509183 3.67627e-34 -0.00641893 -0.00263859 -0.00406965 -0.00139797 -0.0023045 -0.0780478 -0.0784861 -0.0696957 
0.443266 0.40866 0.853527 0.649848 0.672269 0.424664 -0.0503468 -0.0522947 -0.115543 -0.0913128 -0.0884867 -0.0506252 -0.125086 -0.13336 -0.118294 
0.337554 0.210293 0.137946 0.172 0.243515 0.278857 0.0189707 0.0103768 0.00296112 0.00583052 0.00999096 0.0164379 0.000993582 0.0012822 0.000681445 
1.0821e-34 0.137946 0.210293 0.172 0.104724 0.0710908 -3.6426e-37 0.00296112 0.0103768 0.00583052 0.00274388 0.00119675 0.000678229 0.000681445 0.0012822 
0.15641 -0.135565 0.0614622 -0.0518796 0.0981288 -0.011183 -0.13077 -0.0409578 -0.07783 -0.0595195 -0.105759 -0.086596 -0.0394081 -0.0388547 0.00573201 
8.01671e-35 0.169664 2.02115e-34 0.0891474 -3.44696e-35 0.0894822 -3.67592e-37 -0.000600934 -8.53178e-36 -0.000309296 -7.66531e-36 -0.000200679 5.14067e-05 0.0010157 0.00150653 
2.38589e-34 0.339107 0.486728 0.418249 0.236318 0.158326 -4.34597e-34 -0.0191066 -0.0416931 -0.0273051 -0.00968127 -0.00587016 -0.0861696 -0.0869418 -0.0820378 
0.223705 0.424263 0.0309506 0.160565 0.113709 0.309336 -0.0151218 -0.0487756 0.0363207 -0.00153753 0.0111021 -0.0286376 -0.119881 -0.125496 -0.125076 
-9.32328e-35 0.0614622 -0.135565 -0.0518796 -0.1319 -0.0874136 2.44714e-35 -0.07783 -0.0409578 -0.0595195 -0.01273 -0.0283383 -0.0107734 0.00573201 -0.0388547 
8.161e-35 2.04874e-34 0.180861 0.0955456 0.0951983 -4.66859e-35 -3.77975e-37 6.06382e-36 -0.000655198 -0.000339023 -0.000220291 6.91233e-36 -5.1901e-05 0.00145086 0.000852051 
0.496704 0.342202 0.246144 0.299657 0.390449 0.432926 0.0409712 0.00692795 0.0111456 0.0103768 0.0244784 0.0165301 0.00995316 0.0218851 0.0136755 
0.23413 -0.0306437 0.231519 0.0911792 0.232375 0.106674 -0.0432865 0.0201272 -0.0915183 -0.0244514 -0.068424 -0.00507539 -0.153848 -0.154808 -0.148426 
1.23867e-34 0.216079 0.170748 0.195647 0.0919285 0.120938 9.11384e-35 0.00434215 8.16094e-05 0.00155824 0.00034503 0.00117337 0.0183791 0.0200851 0.0168115 
1.98404e-34 0.246144 0.342202 0.299657 0.198384 0.138463 -7.98461e-35 0.0111456 0.00692795 0.0103768 0.00315756 0.00198267 0.0168925 0.0136755 0.0218851 
1.76967e-34 0.262147 0.266646 0.273735 0.164125 0.144436 -1.993e-34 -0.0088112 -0.0387131 -0.0232828 -0.0152853 -0.00487756 0.0376262 0.0320065 0.0394334 
1.16773e-34 0.144712 0.216079 0.182488 0.117412 0.0790155 1.07715e-34 0.00660838 0.00434215 0.00626028 0.00164878 0.00191574 0.0214411 0.021844 0.0200851 
1.11192e-34 0.266646 0.0885276 0.185472 0.0482869 0.128689 -2.23631e-34 -0.0387131 -0.0360734 -0.0430728 -0.0132596 -0.0186761 0.0411982 0.0394334 0.0347522 
1.48097e-34 0.181092 0.280078 0.229307 0.146168 0.0987402 -1.54311e-35 0.00893084 0.0216034 0.0139495 0.00555332 0.00282413 0.0044042 0.00308892 0.0072662 
1.17097e-35 0.0382854 0.0651731 0.0522303 0.0131676 -0.000948079 2.66278e-35 0.0328543 0.0176339 0.0245931 0.00592845 0.0113048 0.00297935 -0.00826392 0.0100848 
-2.99673e-35 -0.0489862 0.0382854 -0.014502 -0.0280455 -0.047437 -8.25172e-35 0.0137545 0.0328543 0.0226142 0.0127707 0.00476798 -0.0191039 -0.0326202 -0.00826392 
-5.65471e-35 -0.0514705 -0.086053 -0.0678024 -0.0584903 -0.054569 -3.47488e-34 -0.0222239 -0.011281 -0.0158102 -0.00454205 -0.00728519 -0.0692107 -0.0687426 -0.0674866 
-2.61751e-35 -0.00886917 -0.0514705 -0.0277471 -0.0338007 -0.0107454 -3.32927e-34 -0.0144594 -0.0222239 -0.0179316 -0.0105293 -0.00467367 -0.066121 -0.0625597 -0.0687426 
4.31146e-35 0.119166 0.0498469 0.0769368 0.0238421 0.0409349 -2.88821e-34 -0.0140441 -0.00464875 -0.00811057 2.40592e-05 -0.00218397 -0.058366 -0.0593827 -0.0567585 
1.70033e-34 0.280078 0.246144 0.265968 0.12968 0.160482 -3.98304e-35 0.0216034 0.0111456 0.0170367 0.00233674 0.00569872 0.00939096 0.0072662 0.0136755 
5.64436e-35 0.107064 0.119166 0.114683 0.0487635 0.0380067 -3.08971e-34 -0.010662 -0.0140441 -0.0128907 -0.00302409 -0.00255719 -0.0621108 -0.0638377 -0.0593827 
9.28431e-35 0.126275 0.179954 0.152278 0.0899827 0.0631 -8.33189e-36 -0.000293908 0.00135466 0.000343551 0.000446786 0.000106582 0.00175809 0.00220052 0.00124133 
9.71089e-35 0.179954 0.137946 0.158643 0.0680408 0.0914622 -2.8685e-36 0.00135466 0.00296112 0.00267483 0.00090771 0.000752046 0.000811078 0.00124133 0.000681445 
0.112588 0.55569 0.231519 0.394465 0.170837 0.334969 -0.0889452 -0.202602 -0.0915183 -0.150244 -0.086774 -0.151415 -0.1287 -0.125187 -0.148426 
0.497744 0.499145 0.473498 0.490735 0.497192 0.50013 -0.00709784 -0.00913281 -0.00763674 -0.00879877 -0.00767746 -0.00826585 0.00629237 0.00622201 0.00818682 
8.161e-35 0.180861 0.244216 0.213425 0.131841 0.0951983 -3.77975e-37 -0.000655198 -0.000803504 -0.000714396 -0.000236286 -0.000220291 -5.1901e-05 0.000852051 -2.07547e-05 
-0.103907 0.13053 -0.0150121 0.0455174 -0.0532755 0.0135299 0.0781452 0.0370084 0.0684728 0.0599796 0.0712931 0.0638305 -0.134648 -0.130577 -0.124601 
8.01671e-35 0.245596 0.169664 0.208842 0.0894822 0.133474 -3.67592e-37 -0.000811761 -0.000600934 -0.000695131 -0.000200679 -0.000240248 5.14067e-05 2.48738e-05 0.0010157 
0.343388 0.472287 0.423413 0.450736 0.386142 0.420287 -0.00639813 -0.00906345 -0.00701005 -0.00821398 -0.00717355 -0.00813146 0.00408658 0.00490916 0.0045244 
2.49803e-34 0.486728 0.358499 0.423208 0.164248 0.209742 -4.02191e-34 -0.0416931 -0.0362713 -0.0390051 -0.00906708 -0.00999846 -0.0785719 -0.0820378 -0.0766401 
0.112588 -0.115475 0.303377 0.0752653 0.204228 -0.0208449 -0.0889452 -0.0611081 -0.17532 -0.108793 -0.138406 -0.0683497 -0.1287 -0.0852057 -0.0895375 
0.15641 0.303377 -0.115475 0.0752653 -0.00315109 0.224082 -0.13077 -0.17532 -0.0611081 -0.108793 -0.0924159 -0.152308 -0.0394081 -0.0895375 -0.0852057 
0.744405 0.836459 0.515133 0.697389 0.635559 0.79158 -0.209875 -0.193778 -0.112707 -0.162256 -0.162978 -0.205141 -0.13 -0.122949 -0.144286 
2.08607e-34 1.06267e-34 0.174594 0.0904975 0.0895199 -5.21239e-35 -1.95549e-35 -2.03368e-35 -0.00218713 -0.000607466 -0.00100809 -3.61829e-35 0.00348259 0.00393215 0.00375155 
0.49902 0.499145 0.472287 0.495736 0.49003 0.500203 -0.00975029 -0.00913281 -0.00906345 -0.00916724 -0.00964278 -0.0097356 0.00469259 0.00622201 0.00490916 
0.497744 0.472287 0.499145 0.495736 0.50013 0.488137 -0.00709784 -0.00906345 -0.00913281 -0.00916724 -0.00826585 -0.00849713 0.00629237 0.00490916 0.00622201 
0.489725 0.489894 0.500005 0.497677 0.497257 0.500015 -0.0033604 -0.00336133 -0.00462404 -0.00392918 -0.00393033 -0.00361307 1.80909e-05 -2.0548e-05 0.000956603 
0.15641 -0.115475 -0.135565 -0.143365 -0.011183 -0.00315109 -0.13077 -0.0611081 -0.0409578 -0.0526084 -0.086596 -0.0924159 -0.0394081 -0.0852057 -0.0388547 
-1.90271e-34 -0.135565 -0.115475 -0.143365 -0.225818 -0.168495 2.79535e-34 -0.0409578 -0.0611081 -0.0526084 -0.0121404 -0.00960921 -0.0604028 -0.0388547 -0.0852057 
0.368205 0.478536 0.434174 0.459364 0.404105 0.435231 -0.00661623 -0.0091472 -0.00756267 -0.00857058 -0.00728407 -0.00813891 0.00691659 0.00582513 0.00468691 
4.54762e-34 0.775241 0.625039 0.704885 0.350576 0.457156 2.51394e-34 -0.00223817 -0.000974782 -0.00144681 -0.000328313 -0.000700707 -0.0529458 -0.0584692 -0.049144 
0.998702 0.775241 0.99708 0.930278 0.997887 0.935081 -0.00179509 -0.00223817 -0.00325792 -0.00307361 -0.00268075 -0.00242255 -0.0485402 -0.0584692 -0.0577031 
0.989693 0.99708 0.775241 0.930278 0.917033 0.994031 -0.00485624 -0.00325792 -0.00223817 -0.00307361 -0.00385681 -0.00397136 -0.0666711 -0.0577031 -0.0584692 
0.679879 0.303377 0.5674 0.439002 0.622438 0.501707 -0.278993 -0.17532 -0.250289 -0.21882 -0.267852 -0.22893 -0.0783908 -0.0895375 -0.043622 
0.15641 0.5674 0.303377 0.439002 0.224082 0.368499 -0.13077 -0.250289 -0.17532 -0.21882 -0.152308 -0.194053 -0.0394081 -0.043622 -0.0895375 
7.51664e-34 5.06519e-34 0.0309506 -0.0130674 0.0305673 1.06748e-33 3.11275e-34 3.76542e-35 0.0363207 0.0438407 0.0272017 8.38967e-36 -0.137741 -0.123275 -0.125076 
0.337554 0.403113 0.210293 0.315032 0.278857 0.368704 0.0189707 0.0399114 0.0103768 0.024112 0.0164379 0.0288961 0.000993582 0.00174181 0.0012822 
0.496704 0.570115 0.342202 0.465847 0.432926 0.537757 0.0409712 0.0140775 0.00692795 0.00203398 0.0165301 0.0314475 0.00995316 0.0144338 0.0218851 
0.223705 0.730867 0.779937 0.752311 0.52709 0.493841 -0.0151218 -0.0706642 -0.0606185 -0.065507 -0.0504652 -0.0475678 -0.119881 -0.117004 -0.118236 
-1.90271e-34 -9.32328e-35 -0.135565 -0.1319 -0.168495 -7.97276e-36 2.79535e-34 2.44714e-35 -0.0409578 -0.01273 -0.00960921 3.59871e-34 -0.0604028 -0.0107734 -0.0388547 
0.989693 0.646271 0.835131 0.749282 0.935989 0.879359 -0.00485624 -0.00263859 -0.00641893 -0.00406965 -0.00626711 -0.00463397 -0.0666711 -0.0696957 -0.0784861 
0.207464 0.167854 0.0431269 0.0909739 0.104439 0.185039 -0.0444052 -0.0577987 -0.0168397 -0.0353231 -0.0249893 -0.0516158 -0.0549278 -0.0567405 -0.057106 
0.0413906 0.103515 -0.0646996 0.00497884 -0.0297306 0.0670596 -0.0017446 0.0446672 0.00965443 0.0247325 0.00294115 0.0196585 -0.0751037 -0.06024 -0.0559147 
0.229029 0.316375 0.159998 0.242357 0.199408 0.276698 0.072119 0.0571116 0.0211983 0.0406151 0.0466398 0.0660936 0.012209 0.0200708 0.0199789 
1.22277e-34 0.170748 0.220764 0.196813 0.121773 0.0920131 7.18676e-35 8.16094e-05 -0.00177749 -0.000712957 -0.000532695 1.9401e-05 0.0147435 0.0168115 0.0135622 
1.22277e-34 1.23867e-34 0.170748 0.0919285 0.0920131 -1.79286e-35 7.18676e-35 9.11384e-35 8.16094e-05 0.00034503 1.9401e-05 1.62511e-34 0.0147435 0.0183791 0.0168115 
0.324243 0.220764 0.170748 0.196813 0.254922 0.27721 0.00179869 -0.00177749 8.16094e-05 -0.000712957 0.000673225 -0.000790882 0.0164822 0.0135622 0.0168115 
1.76967e-34 2.04616e-34 0.262147 0.153401 0.144436 -2.27563e-35 -1.993e-34 -1.36759e-34 -0.0088112 -0.00148646 -0.00487756 -3.20123e-34 0.0376262 0.0275627 0.0320065 
3.8741e-34 4.17478e-34 0.419453 0.221211 0.211514 -1.73378e-35 -4.71817e-34 -4.59209e-34 -0.0140114 -0.005018 -0.00395599 -9.06973e-34 -0.0934646 -0.0916762 -0.0922337 
2.38589e-34 3.55039e-34 0.339107 0.173295 0.158326 -2.54621e-35 -4.34597e-34 -4.48649e-34 -0.0191066 -0.00728683 -0.00587016 -8.54763e-34 -0.0861696 -0.0884114 -0.0869418 
1.48097e-34 1.20408e-34 0.181092 0.0901236 0.0987402 -1.5736e-35 -1.54311e-35 -3.75013e-36 0.00893084 0.00255541 0.00282413 -3.00179e-35 0.0044042 0.00162773 0.00308892 
6.53539e-35 1.17097e-35 0.0651731 0.0131676 0.0309815 -1.85121e-35 8.96522e-35 2.66278e-35 0.0176339 0.00592845 0.00551844 9.56973e-35 0.0163586 0.00297935 0.0100848 
1.16773e-34 9.17471e-35 0.144712 0.07277 0.0790155 -1.28748e-35 1.07715e-34 1.12344e-34 0.00660838 0.00270266 0.00191574 2.11682e-34 0.0214411 0.0216043 0.021844 
-7.75329e-35 -5.65471e-35 -0.086053 -0.0584903 -0.0668091 5.87499e-36 -3.05973e-34 -3.47488e-34 -0.011281 -0.00454205 -0.00197524 -6.4872e-34 -0.0622239 -0.0692107 -0.0674866 
-2.99673e-35 -6.96799e-35 -0.0489862 -0.0614187 -0.047437 -1.52107e-35 -8.25172e-35 -2.06783e-34 0.0137545 0.00330072 0.00476798 -3.08412e-34 -0.0191039 -0.0430624 -0.0326202 
2.69568e-35 4.31146e-35 0.0498469 0.0238421 0.0209188 -4.13755e-36 -2.84544e-34 -2.88821e-34 -0.00464875 2.40592e-05 -0.000428481 -5.65391e-34 -0.0574407 -0.058366 -0.0567585 
-2.61751e-35 1.0868e-35 -0.00886917 0.00116923 -0.0107454 7.58463e-36 -3.32927e-34 -3.04673e-34 -0.0144594 -0.00315792 -0.00467367 -6.21038e-34 -0.066121 -0.0610313 -0.0625597 
0.959572 0.779937 0.730867 0.752311 0.879233 0.897675 -0.0761281 -0.0606185 -0.0706642 -0.065507 -0.0792923 -0.0731423 -0.107357 -0.118236 -0.117004 
9.28431e-35 8.59839e-35 0.126275 0.0634031 0.0631 -1.02771e-35 -8.33189e-36 -1.38487e-35 -0.000293908 -0.00013651 0.000106582 -2.20202e-35 0.00175809 0.00271173 0.00220052 
1.0821e-34 9.71089e-35 0.137946 0.0680408 0.0710908 -1.23267e-35 -3.6426e-37 -2.8685e-36 0.00296112 0.00090771 0.00119675 -7.27106e-36 0.000678229 0.000811078 0.000681445 
5.64436e-35 8.25153e-35 0.107064 0.0486127 0.0380067 -8.94957e-36 -3.08971e-34 -3.33931e-34 -0.010662 -0.00267919 -0.00255719 -6.30512e-34 -0.0621108 -0.0667344 -0.0638377 
1.98404e-34 1.70033e-34 0.246144 0.12968 0.138463 -1.49191e-35 -7.98461e-35 -3.98304e-35 0.0111456 0.00233674 0.00198267 -1.30436e-34 0.0168925 0.00939096 0.0136755 
-1.08583e-36 1.11192e-34 0.0885276 0.0482869 0.00799472 -1.70864e-35 -1.60619e-34 -2.23631e-34 -0.0360734 -0.0132596 -0.0118939 -3.38116e-34 0.0269141 0.0411982 0.0347522 
0.575565 0.762748 0.776913 0.775614 0.697514 0.674288 -0.184823 -0.232801 -0.271781 -0.256256 -0.231409 -0.213228 -0.0565857 -0.0705599 -0.0680975 
0.882405 0.779937 0.978399 0.929539 0.958719 0.834126 -0.0519079 -0.0606185 -0.0625306 -0.0678476 -0.0631523 -0.057821 -0.116314 -0.118236 -0.105429 
5.00121e-34 5.10321e-34 -0.00583414 -0.000740887 -0.00211877 1.01731e-33 1.06718e-35 -5.6207e-37 0.00405834 -0.00130329 0.0028424 -1.33462e-36 -0.121381 -0.122584 -0.122463 
0.999453 0.999357 0.835131 0.953833 0.962253 0.999789 -0.0120164 -0.00806572 -0.00641893 -0.00800301 -0.010408 -0.00973397 -0.0831692 -0.0746151 -0.0784861 
0.989693 0.835131 0.999357 0.953833 0.996164 0.935989 -0.00485624 -0.00641893 -0.00806572 -0.00800301 -0.0067349 -0.00626711 -0.0666711 -0.0784861 -0.0746151 
2.33732e-34 0.437687 0.75 0.609489 0.4375 0.234482 7.08649e-35 -0.000167358 -4.05897e-37 -0.000134381 -1.42504e-37 -7.31088e-05 -0.029783 -0.0354805 -0.0296589 
0.358615 0.391636 0.0614622 0.22007 0.208916 0.374548 -0.121158 -0.175395 -0.07783 -0.129053 -0.112413 -0.148576 0.0262814 0.000315262 0.00573201 
8.25153e-35 0.233053 0.107064 0.163195 0.0486127 0.0886126 -3.33931e-34 -0.031328 -0.010662 -0.0190568 -0.00267919 -0.00622743 -0.0667344 -0.0663762 -0.0638377 
0.374046 0.107064 0.233053 0.163195 0.309814 0.228852 -0.0756842 -0.010662 -0.031328 -0.0190568 -0.0502668 -0.033772 -0.0624683 -0.0638377 -0.0663762 
0.959572 0.978399 0.779937 0.929539 0.897675 0.972398 -0.0761281 -0.0625306 -0.0606185 -0.0678476 -0.0731423 -0.0698945 -0.107357 -0.105429 -0.118236 
0.804115 0.776913 0.762748 0.775614 0.814714 0.804337 -0.285933 -0.271781 -0.232801 -0.256256 -0.27391 -0.285025 -0.0881494 -0.0680975 -0.0705599 
0.286179 0.126275 0.177595 0.151967 0.2332 0.210093 -7.81823e-05 -0.000293908 -0.00157495 -0.000853363 -0.00123439 -0.000340631 0.00234947 0.00220052 0.00296245 
8.59839e-35 0.177595 0.126275 0.151967 0.0634031 0.0901251 -1.38487e-35 -0.00157495 -0.000293908 -0.000853363 -0.00013651 -0.000552565 0.00271173 0.00296245 0.00220052 
-0.072545 -0.0434509 -0.0147452 -0.0311818 -0.0411215 -0.0582374 0.0435627 0.0317006 0.00875929 0.0191258 0.0219316 0.0380134 -0.124776 -0.123031 -0.123986 
0.882405 0.424263 0.779937 0.62637 0.834126 0.705473 -0.0519079 -0.0487756 -0.0606185 -0.0565267 -0.057821 -0.0513664 -0.116314 -0.125496 -0.118236 
-9.05511e-35 -0.182102 -0.113315 -0.146312 -0.0650003 -0.0867922 6.84641e-34 0.036945 0.0330172 0.0354099 0.0110213 0.0117249 -0.135624 -0.136922 -0.13114 
7.51664e-34 0.0309506 0.424263 0.160565 0.235359 0.0305673 3.11275e-34 0.0363207 -0.0487756 -0.00153753 -0.0302161 0.0272017 -0.137741 -0.125076 -0.125496 
-0.130457 -0.252287 -0.0306437 -0.171712 -0.0844423 -0.201347 0.0632802 0.0419722 0.0201272 0.0453314 0.0466996 0.0598003 -0.146741 -0.144051 -0.154808 
0.294232 0.159998 0.316375 0.242357 0.307144 0.231667 0.0256563 0.0211983 0.0571116 0.0406151 0.0402739 0.0269165 0.0220582 0.0199789 0.0200708 
-0.133064 -0.0306437 -0.252287 -0.171712 -0.216428 -0.0846346 -0.0010114 0.0201272 0.0419722 0.0453314 0.0305497 0.0132967 -0.145981 -0.154808 -0.144051 
0.0707415 -0.0646996 0.103515 0.00497884 0.0790506 -0.010414 0.0602294 0.00965443 0.0446672 0.0247325 0.0541576 0.0291161 -0.0362911 -0.0559147 -0.06024 
0.0579619 0.0431269 0.167854 0.0909739 0.111575 0.0484327 -0.0463071 -0.0168397 -0.0577987 -0.0353231 -0.0510873 -0.0333237 -0.0631143 -0.057106 -0.0567405 
0.488541 0.342202 0.570115 0.465847 0.537138 0.422081 -0.0337336 0.00692795 0.0140775 0.00203398 -0.00890389 -0.0117291 0.026724 0.0218851 0.0144338 
0.374479 0.210293 0.403113 0.315032 0.389743 0.292592 0.0379491 0.0103768 0.0399114 0.024112 0.0398801 0.0226668 0.00290488 0.0012822 0.00174181 
0.423127 0.41398 0.519488 0.475412 0.472536 0.418689 0.122722 0.136092 0.134209 0.13997 0.13002 0.132454 0.00618774 -0.0121125 -0.000900102 
0.639601 0.5674 0.391636 0.479709 0.529115 0.604656 -0.240746 -0.250289 -0.175395 -0.216035 -0.211396 -0.245582 -0.0217888 -0.043622 0.000315262 
0.566943 0.519488 0.41398 0.475412 0.500578 0.543487 0.137395 0.134209 0.136092 0.13997 0.142265 0.137075 -0.0090585 -0.000900102 -0.0121125 
0.807468 0.844148 0.762748 0.824277 0.788028 0.845523 -0.205265 -0.265877 -0.232801 -0.260832 -0.221539 -0.245914 -0.0781271 -0.0952616 -0.0705599 
1.2236e-34 0.205259 0.208221 0.20676 0.112869 0.11065 3.70226e-35 -0.00226958 -0.00210125 -0.00218519 -0.000520542 -0.000681546 0.00773952 0.00857103 0.00672576 
0.316455 0.341441 0.49968 0.427144 0.410843 0.328146 -0.0153977 -0.0634856 -0.0348738 -0.0532774 -0.0221427 -0.0423983 -0.0794475 -0.0750999 -0.0704973 
0.804115 0.762748 0.844148 0.824277 0.824939 0.814714 -0.285933 -0.232801 -0.265877 -0.260832 -0.278185 -0.27391 -0.0881494 -0.0705599 -0.0952616 
0.600718 0.49968 0.341441 0.427144 0.480536 0.54826 -0.0966798 -0.0348738 -0.0634856 -0.0532774 -0.0778274 -0.0646505 -0.0610841 -0.0704973 -0.0750999 
1.06267e-34 0.194872 0.174594 0.184672 0.0904975 0.101422 -2.03368e-35 -0.00228398 -0.00218713 -0.00224352 -0.000607466 -0.000582218 0.00393215 0.00376867 0.00375155 
0.501099 0.488507 0.498205 0.499599 0.500415 0.496886 0.00359369 -0.00415442 -0.00302163 -0.00314259 -0.000150585 -0.000911789 0.00861806 0.00655462 0.00863211 
0.459863 0.470892 0.497909 0.488201 0.483765 0.465734 0.00596301 0.0248737 0.0132637 0.0183667 0.00959059 0.0135583 0.0135848 0.0151816 0.011295 
0.505216 0.497909 0.470892 0.488201 0.495943 0.502132 0.025623 0.0132637 0.0248737 0.0183667 0.0254416 0.0191705 0.0100129 0.011295 0.0151816 
0.882405 0.978399 0.987793 0.983319 0.967401 0.958719 -0.0519079 -0.0625306 -0.0480732 -0.0561426 -0.0565329 -0.0631523 -0.116314 -0.105429 -0.103857 
0.505216 0.507106 0.470329 0.492272 0.49666 0.506658 0.025623 0.0390049 0.0195655 0.028314 0.0230077 0.03208 0.0100129 0.00823139 0.00520695 
0.477312 0.470329 0.507106 0.492272 0.496618 0.472695 0.0386639 0.0195655 0.0390049 0.028314 0.0389572 0.0284714 0.00435782 0.00520695 0.00823139 
0.330988 0.220764 0.374198 0.306311 0.354309 0.280069 -0.00512063 -0.00177749 -0.00297265 -0.00229603 -0.00461968 -0.0029806 0.0104092 0.0135622 0.0131683 
0.324243 0.374198 0.220764 0.306311 0.27721 0.350643 0.00179869 -0.00297265 -0.00177749 -0.00229603 -0.000790882 -0.000824928 0.0164822 0.0131683 0.0135622 
0.758311 0.952133 0.913081 0.934072 0.853522 0.885708 -0.0640265 -0.0827351 -0.0964855 -0.0905567 -0.0816928 -0.0776804 -0.0900151 -0.101194 -0.0955446 
0.16657 0.564535 0.730867 0.647 0.419622 0.353793 -0.00143882 -0.0620633 -0.0706642 -0.0666526 -0.0399761 -0.0296857 -0.119179 -0.120203 -0.117004 
0.566943 0.616619 0.598584 0.616905 0.60121 0.591405 0.137395 0.123414 0.106523 0.119979 0.125682 0.132906 -0.0090585 -0.0164205 -0.00299869 
0.639587 0.598584 0.616619 0.616905 0.637198 0.620129 0.0898987 0.106523 0.123414 0.119979 0.1128 0.100497 -0.00662288 -0.00299869 -0.0164205 
0.907529 0.913081 0.952133 0.934072 0.950465 0.948737 -0.0978479 -0.0964855 -0.0827351 -0.0905567 -0.0935085 -0.103769 -0.11168 -0.0955446 -0.101194 
0.223705 0.779937 0.424263 0.62637 0.309336 0.52709 -0.0151218 -0.0606185 -0.0487756 -0.0565267 -0.0286376 -0.0504652 -0.119881 -0.118236 -0.125496 
0.600718 0.672042 0.721906 0.710245 0.691273 0.637295 -0.0966798 -0.155729 -0.119491 -0.136591 -0.103435 -0.125622 -0.0610841 -0.049191 -0.0209225 
0.907529 0.730867 0.564535 0.647 0.778858 0.835684 -0.0978479 -0.0706642 -0.0620633 -0.0666526 -0.0856943 -0.0860984 -0.11168 -0.117004 -0.120203 
0.591517 0.608664 0.233053 0.41927 0.402761 0.604601 -0.0891605 -0.119349 -0.031328 -0.0676325 -0.0551271 -0.104853 -0.072748 -0.0702697 -0.0663762 
0.696936 0.721906 0.672042 0.710245 0.727611 0.717616 -0.209574 -0.119491 -0.155729 -0.136591 -0.181472 -0.163936 -0.0103163 -0.0209225 -0.049191 
0.853913 0.987793 0.978399 0.983319 0.944956 0.945764 -0.0417495 -0.0480732 -0.0625306 -0.0561426 -0.053472 -0.0466603 -0.0967683 -0.103857 -0.105429 
0.174147 0.40866 0.13053 0.252169 0.160897 0.276408 0.0148515 -0.0522947 0.0370084 -0.00243626 0.0294494 -0.0162749 -0.147404 -0.13336 -0.130577 
0.443266 0.13053 0.40866 0.252169 0.424664 0.254346 -0.0503468 0.0370084 -0.0522947 -0.00243626 -0.0506252 -0.00688086 -0.125086 -0.130577 -0.13336 
0.272194 0.325488 0.177595 0.256033 0.226343 0.298964 -0.0039757 -0.00421888 -0.00157495 -0.00250938 -0.0025882 -0.00422181 0.00370083 0.00328654 0.00296245 
-0.0178646 -0.0147452 -0.0434509 -0.0311818 -0.0295857 -0.0171505 0.0129363 0.00875929 0.0317006 0.0191258 0.0219575 0.0106005 -0.122567 -0.123986 -0.123031 
0.374046 0.233053 0.608664 0.41927 0.492441 0.309814 -0.0756842 -0.031328 -0.119349 -0.0676325 -0.0979178 -0.0502668 -0.0624683 -0.0663762 -0.0702697 
0.286179 0.177595 0.325488 0.256033 0.305972 0.2332 -7.81823e-05 -0.00157495 -0.00421888 -0.00250938 -0.00235414 -0.00123439 0.00234947 0.00296245 0.00328654 
0.473498 0.499145 0.478536 0.492336 0.476308 0.490735 -0.00763674 -0.00913281 -0.0091472 -0.00945112 -0.00864711 -0.00879877 0.00818682 0.00622201 0.00582513 
0.666294 0.515133 0.836459 0.697389 0.763761 0.588082 -0.122336 -0.112707 -0.193778 -0.162256 -0.161804 -0.116691 -0.135126 -0.144286 -0.122949 
0.761865 0.742321 0.625275 0.713227 0.709943 0.752444 -0.277309 -0.256948 -0.202724 -0.235758 -0.243322 -0.269831 -0.0573008 -0.0408198 -0.055937 
0.589607 0.657205 0.49847 0.589547 0.544219 0.629741 0.0180295 0.0664098 0.0623002 0.069763 0.0414994 0.0469717 -0.0565412 -0.0358955 -0.0585689 
0.538384 0.530548 0.504474 0.526607 0.521273 0.538734 0.111052 0.0803614 0.0933633 0.0869358 0.103332 0.0959249 0.00590176 0.00646739 0.011877 
0.49902 0.478536 0.499145 0.492336 0.500203 0.497059 -0.00975029 -0.0091472 -0.00913281 -0.00945112 -0.0097356 -0.00970177 0.00469259 0.00582513 0.00622201 
0.497744 0.498205 0.488507 0.499599 0.493995 0.500493 -0.00709784 -0.00302163 -0.00415442 -0.00314259 -0.00578377 -0.00521849 0.00629237 0.00863211 0.00655462 
0.517237 0.504474 0.530548 0.526607 0.524369 0.514762 0.0640155 0.0933633 0.0803614 0.0869358 0.0722672 0.0782667 0.0102875 0.011877 0.00646739 
0.58618 0.49847 0.657205 0.589547 0.622216 0.544999 0.105697 0.0623002 0.0664098 0.069763 0.0872151 0.0891278 -0.0340947 -0.0585689 -0.0358955 
0.665365 0.625275 0.742321 0.713227 0.719286 0.646565 -0.19109 -0.202724 -0.256948 -0.235758 -0.225032 -0.199391 -0.0513258 -0.055937 -0.0408198 
5.10321e-34 -8.34637e-05 -0.00583414 -0.00387145 -0.000740887 0.000197892 -5.6207e-37 -0.000706575 0.00405834 0.000887417 -0.00130329 -0.00171974 -0.122584 -0.122913 -0.122463 
-0.0178646 -0.00583414 -8.34637e-05 -0.00387145 -0.00677481 -0.0118878 0.0129363 0.00405834 -0.000706575 0.000887417 0.00345539 0.00853274 -0.122567 -0.122463 -0.122913 
5.00121e-34 -0.00583414 -0.0215055 -0.0130395 -0.00730034 -0.00211877 1.06718e-35 0.00405834 0.027913 0.0142692 0.0163585 0.0028424 -0.121381 -0.122463 -0.122115 
-0.0178646 -0.0215055 -0.00583414 -0.0130395 -0.0118878 -0.021503 0.0129363 0.027913 0.00405834 0.0142692 0.00853274 0.0203858 -0.122567 -0.122115 -0.122463 
