0.416115 0.822573 7.47101e-34 0.535256 0.23042 0.650194 -0.0455745 -0.0248137 3.14335e-34 -0.0330431 -0.0281372 -0.0438065 -0.126111 -0.119405 -0.137991 
-0.0833047 -0.114916 0.115541 -0.00980515 -0.00721434 -0.0970744 0.0555757 0.0612228 0.02411 0.0512576 0.0528408 0.0603012 -0.123213 -0.129454 -0.128502 
0.557843 0.439739 0.581794 0.548001 0.570014 0.526225 0.113835 0.142331 0.126577 0.143274 0.121435 0.134877 4.0747e-06 -0.00422492 -0.00683737 
0.575301 0.289326 0.641061 0.472681 0.60823 0.439785 0.067905 -0.00771596 0.0348231 0.0147462 0.0516809 0.0336287 -0.0601465 -0.0790622 -0.0552409 
0.610083 0.413355 0.696891 0.579106 0.656934 0.51877 -0.158712 -0.109845 -0.211828 -0.170255 -0.184993 -0.142651 -0.0462272 -0.0504951 -0.041518 
0.171848 0.163447 0.674108 0.397068 0.398926 0.169382 -0.004303 -0.0321277 -0.150722 -0.0871131 -0.0741075 -0.0183625 -0.137484 -0.141671 -0.128739 
0.328389 0.287705 0.142473 0.219745 0.234414 0.30848 0.0911676 0.0436916 0.0305194 0.0415383 0.0646496 0.0671512 0.0141298 0.0211288 0.0166756 
0.787495 0.483173 0.745839 0.654094 0.767106 0.685626 -0.269521 -0.207643 -0.26833 -0.256306 -0.271368 -0.258865 -0.0713672 -0.0778038 -0.0549694 
0.878616 0.822573 0.416115 0.650194 0.698487 0.853236 -0.0478321 -0.0248137 -0.0455745 -0.0438065 -0.0476334 -0.0371139 -0.117949 -0.119405 -0.126111 
0.564146 0.18746 0.479888 0.345203 0.526593 0.386971 -0.167993 -0.0561303 -0.0910334 -0.0831656 -0.129055 -0.119688 0.00960507 0.0271893 0.02378 
0.787495 0.612495 0.483173 0.545985 0.685626 0.733493 -0.269521 -0.220927 -0.207643 -0.216119 -0.258865 -0.260011 -0.0713672 -0.103443 -0.0778038 
0.387383 0.341986 0.484725 0.428079 0.444859 0.367527 -0.00590486 0.00801708 0.0125048 0.01253 0.00211128 0.000307782 0.0123837 0.0178524 0.0113121 
0.463114 0.484725 0.341986 0.428079 0.40964 0.475871 0.037867 0.0125048 0.00801708 0.01253 0.0221973 0.0242918 0.0148198 0.0113121 0.0178524 
0.575301 0.67118 0.51146 0.636446 0.541998 0.661676 0.067905 0.111789 0.101691 0.121944 0.0851009 0.10688 -0.0601465 -0.0238247 -0.0559917 
0.557843 0.483288 0.532081 0.537315 0.545641 0.540383 0.113835 0.0504117 0.0921248 0.0725074 0.103456 0.0803845 4.0747e-06 -0.00635018 0.00587381 
0.531241 0.483288 0.5028 0.494395 0.520145 0.521025 0.0585213 0.0504117 0.0232674 0.0364917 0.0394292 0.0552488 0.00367346 -0.00635018 0.000565014 
0.5028 0.483288 0.43084 0.455186 0.472929 0.494395 0.0232674 0.0504117 0.0167894 0.0323407 0.0198915 0.0364917 0.000565014 -0.00635018 -0.00514835 
0.630634 0.360325 0.483141 0.430964 0.566176 0.519458 0.0545009 0.0229663 0.0536237 0.0363405 0.0557427 0.0322875 -0.00849213 0.0031404 -0.00554563 
0.564146 0.479888 0.714464 0.653136 0.681454 0.526593 -0.167993 -0.0910334 -0.139668 -0.116478 -0.155182 -0.129055 0.00960507 0.02378 -0.0207921 
-0.0146821 -0.0212081 -0.035454 -0.0355983 -0.0286857 -0.0237718 0.039107 0.025956 0.0354181 0.0333168 0.0373196 0.0365789 -0.123293 -0.12176 -0.121102 
0.884243 0.795698 0.855011 0.882526 0.868937 0.890045 -0.150938 -0.148112 -0.177739 -0.182541 -0.165594 -0.163681 -0.0920484 -0.11964 -0.0862742 
0.612495 0.466646 0.217278 0.339195 0.413054 0.543397 -0.220927 -0.133313 -0.11354 -0.122056 -0.164409 -0.180663 -0.103443 -0.132246 -0.115778 
0.674108 0.855011 0.795698 0.882526 0.735893 0.85755 -0.150722 -0.177739 -0.148112 -0.182541 -0.152495 -0.198611 -0.128739 -0.0862742 -0.11964 
0.630634 0.483141 0.67118 0.615338 0.66462 0.566176 0.0545009 0.0536237 0.111789 0.0853716 0.0839184 0.0557427 -0.00849213 -0.00554563 -0.0238247 
0.328389 0.462417 0.287705 0.381127 0.30848 0.406196 0.0911676 0.0744283 0.0436916 0.0630578 0.0671512 0.0867696 0.0141298 0.0151155 0.0211288 
0.786641 0.466646 0.612495 0.543397 0.706895 0.653785 -0.237072 -0.133313 -0.220927 -0.180663 -0.233993 -0.199093 -0.103451 -0.132246 -0.103443 
0.41207 0.279814 0.483288 0.395109 0.452347 0.343901 0.0489026 0.0140559 0.0504117 0.0306072 0.0519399 0.0289849 -0.0105255 -0.0104403 -0.00635018 
0.328389 0.173495 0.439739 0.305561 0.380728 0.255226 0.0911676 0.0769281 0.142331 0.113637 0.118173 0.087998 0.0141298 0.00153823 -0.00422492 
0.610083 0.714464 0.473995 0.636939 0.541872 0.677539 -0.158712 -0.139668 -0.101127 -0.12353 -0.128378 -0.153177 -0.0462272 -0.0207921 -0.0542671 
0.117779 -0.0132068 0.289326 0.12758 0.200082 0.0461076 0.0228185 -0.0193092 -0.00771596 -0.0242913 0.00292082 -0.00513528 -0.0733589 -0.0741595 -0.0790622 
0.149918 0.113941 0.413355 0.238694 0.261033 0.129788 -0.0433245 -0.0166419 -0.109845 -0.0544892 -0.0652887 -0.0295645 -0.0519739 -0.0525308 -0.0504951 
0.117779 0.0852537 -0.0930389 -0.0261147 -0.00873446 0.091008 0.0228185 0.0640214 0.00107904 0.0223659 0.0064041 0.0448254 -0.0733589 -0.0485475 -0.0640455 
0.328389 0.142473 0.173495 0.157936 0.255226 0.234414 0.0911676 0.0305194 0.0769281 0.0553369 0.087998 0.0646496 0.0141298 0.0166756 0.00153823 
0.117779 0.362981 0.0852537 0.215409 0.091008 0.2356 0.0228185 0.101906 0.0640214 0.0819593 0.0448254 0.0607358 -0.0733589 -0.0561173 -0.0485475 
0.149918 0.0514829 0.0333125 0.0361463 0.0743919 0.102323 -0.0433245 -0.0444492 -0.0115744 -0.0297809 -0.0253247 -0.0437421 -0.0519739 -0.0596125 -0.0542287 
0.117779 -0.0930389 -0.0132068 -0.0599445 0.0461076 -0.00873446 0.0228185 0.00107904 -0.0193092 -0.0111228 -0.00513528 0.0064041 -0.0733589 -0.0640455 -0.0741595 
0.54428 0.284097 0.151243 0.22348 0.337334 0.409653 -0.127567 -0.0580337 -0.0213406 -0.0381157 -0.0600944 -0.0887528 -0.0627022 -0.0581729 -0.0625483 
0.149918 0.0333125 0.113941 0.062992 0.129788 0.0743919 -0.0433245 -0.0115744 -0.0166419 -0.0118541 -0.0295645 -0.0253247 -0.0519739 -0.0542287 -0.0525308 
0.348761 0.0852537 0.362981 0.215409 0.352797 0.212941 0.12759 0.0640214 0.101906 0.0819593 0.117361 0.0974592 -0.0282804 -0.0485475 -0.0561173 
0.149918 0.276431 0.0514829 0.154516 0.102323 0.205899 -0.0433245 -0.0702579 -0.0444492 -0.0610154 -0.0437421 -0.0637252 -0.0519739 -0.0587534 -0.0596125 
0.219403 0.0514829 0.276431 0.154516 0.245837 0.12655 -0.054718 -0.0444492 -0.0702579 -0.0610154 -0.0645359 -0.059432 -0.0701496 -0.0596125 -0.0587534 
0.370509 0.45384 0.479611 0.467549 0.435474 0.417377 -0.0140724 -0.0161472 -0.0194779 -0.0181039 -0.0173295 -0.0154821 0.000722203 0.000975605 0.00169302 
0.499968 0.479611 0.45384 0.467549 0.485406 0.493281 -0.0191601 -0.0194779 -0.0161472 -0.0181039 -0.0179932 -0.0196038 0.00182078 0.00169302 0.000975605 
0.54428 0.679287 0.284097 0.489588 0.409653 0.622903 -0.127567 -0.19508 -0.0580337 -0.12346 -0.0887528 -0.163428 -0.0627022 -0.0622297 -0.0581729 
0.476049 0.284097 0.679287 0.489588 0.578996 0.384725 -0.130242 -0.0580337 -0.19508 -0.12346 -0.162738 -0.094758 -0.0542599 -0.0581729 -0.0622297 
0.564146 0.664398 0.268919 0.490712 0.43178 0.614861 -0.167993 -0.243354 -0.129246 -0.194758 -0.157455 -0.206605 0.00960507 -0.0269211 -0.00370983 
0.711189 0.580961 0.713049 0.684782 0.715797 0.672707 -0.0601884 -0.00337606 0.00802837 0.00551676 -0.0242251 -0.0241176 -0.0156435 0.00502548 -0.0308502 
0.630634 0.713049 0.580961 0.684782 0.613753 0.692726 0.0545009 0.00802837 -0.00337606 0.00551676 0.0264372 0.0400061 -0.00849213 -0.0308502 0.00502548 
0.601577 0.400915 0.567028 0.502374 0.584346 0.515445 0.11194 0.0543378 0.111533 0.0819208 0.114836 0.0852455 -0.0136353 -0.0106391 -0.0102151 
0.41207 0.567028 0.400915 0.502374 0.40641 0.498032 0.0489026 0.111533 0.0543378 0.0819208 0.0534553 0.0782503 -0.0105255 -0.0102151 -0.0106391 
0.586041 0.581794 0.439739 0.548001 0.522344 0.589267 0.150619 0.126577 0.142331 0.143274 0.150029 0.140176 -0.0131409 -0.00683737 -0.00422492 
0.54428 0.446175 0.855011 0.697806 0.728068 0.50049 -0.127567 -0.076702 -0.177739 -0.137841 -0.161312 -0.102346 -0.0627022 -0.06721 -0.0862742 
0.546073 0.641061 0.289326 0.472681 0.416699 0.596894 -0.0134406 0.0348231 -0.00771596 0.0147462 -0.00716609 0.0104851 -0.0620534 -0.0552409 -0.0790622 
0.463114 0.462417 0.517459 0.502313 0.498611 0.463491 0.037867 0.0744283 0.03568 0.0547138 0.0367789 0.055133 0.0148198 0.0151155 0.00762484 
0.712491 0.696891 0.413355 0.579106 0.584589 0.704848 -0.23095 -0.211828 -0.109845 -0.170255 -0.174545 -0.222614 -0.0473386 -0.041518 -0.0504951 
2.3921e-34 0.194787 0.264262 0.230821 0.137841 0.0974811 5.97933e-37 -0.00500748 -0.00932606 -0.00729352 -0.00355048 -0.0020886 -0.00140888 0.000136946 -0.00094761 
0.531241 0.517459 0.462417 0.502313 0.515179 0.52436 0.0585213 0.03568 0.0744283 0.0547138 0.0687765 0.0465389 0.00367346 0.00762484 0.0151155 
1.03219e-34 3.03987e-34 0.234985 0.131838 0.12937 -1.00092e-34 2.44181e-35 4.15578e-35 -0.00507618 -0.00204325 -0.00105166 7.42115e-35 0.00519923 0.00961338 0.00526906 
0.234985 3.03987e-34 0.324722 0.188352 0.281918 0.131838 -0.00507618 4.15578e-35 -0.00824767 -0.00329765 -0.00709307 -0.00204325 0.00526906 0.00961338 0.00853229 
0.711189 0.642804 0.714464 0.689431 0.71296 0.700462 -0.0601884 -0.0500962 -0.139668 -0.090904 -0.0981258 -0.050473 -0.0156435 -0.0499862 -0.0207921 
0.41207 0.182003 0.279814 0.233125 0.343901 0.303307 0.0489026 0.00987775 0.0140559 0.0143059 0.0289849 0.0276499 -0.0105255 -0.0111804 -0.0104403 
0.552216 0.714464 0.642804 0.689431 0.599896 0.664799 -0.0816245 -0.139668 -0.0500962 -0.090904 -0.0679267 -0.108586 -0.0545282 -0.0207921 -0.0499862 
0.593665 0.51146 0.67118 0.636446 0.651159 0.556804 0.140742 0.101691 0.111789 0.121944 0.134447 0.12462 -0.0368316 -0.0559917 -0.0238247 
0.531241 0.532081 0.483288 0.537315 0.521025 0.534737 0.0585213 0.0921248 0.0504117 0.0725074 0.0552488 0.0750465 0.00367346 0.00587381 -0.00635018 
-0.035454 -0.0212081 -0.0359215 -0.0297472 -0.0422923 -0.0355983 0.0354181 0.025956 0.0216585 0.023079 0.0302802 0.0333168 -0.121102 -0.12176 -0.121492 
8.33269e-34 0.844044 0.843207 0.843758 0.511717 0.511328 -3.18902e-34 -0.00243783 -0.0048262 -0.00340861 -0.00180031 -0.00127571 -0.0644389 -0.0595745 -0.0725687 
0.54428 0.151243 0.446175 0.285146 0.50049 0.337334 -0.127567 -0.0213406 -0.076702 -0.0424307 -0.102346 -0.0600944 -0.0627022 -0.0625483 -0.06721 
0.287705 0.149379 0.142473 0.150723 0.219745 0.224294 0.0436916 0.0119255 0.0305194 0.0202332 0.0415383 0.0285582 0.0211288 0.021306 0.0166756 
0.41207 0.400915 0.182003 0.286841 0.303307 0.40641 0.0489026 0.0543378 0.00987775 0.0278735 0.0276499 0.0534553 -0.0105255 -0.0106391 -0.0111804 
0.575301 0.345177 0.289326 0.31611 0.439785 0.466848 0.067905 0.053669 -0.00771596 0.0229459 0.0336287 0.0645603 -0.0601465 -0.0729867 -0.0790622 
0.610083 0.345411 0.413355 0.374845 0.51877 0.487293 -0.158712 -0.0846181 -0.109845 -0.095651 -0.142651 -0.12432 -0.0462272 -0.0520595 -0.0504951 
0.557843 0.47586 0.439739 0.459654 0.526225 0.528205 0.113835 0.113742 0.142331 0.129176 0.134877 0.116767 4.0747e-06 0.00849143 -0.00422492 
0.630634 0.580961 0.360325 0.486822 0.519458 0.613753 0.0545009 -0.00337606 0.0229663 0.0127289 0.0322875 0.0264372 -0.00849213 0.00502548 0.0031404 
1.88784e-34 0.25815 0.194787 0.227252 0.104413 0.139638 -6.13198e-36 -0.00707659 -0.00500748 -0.00629046 -0.00129155 -0.00240444 0.000439108 0.000536545 0.000136946 
0.552216 0.473995 0.714464 0.636939 0.664799 0.512102 -0.0816245 -0.101127 -0.139668 -0.12353 -0.108586 -0.0925031 -0.0545282 -0.0542671 -0.0207921 
0.463114 0.365369 0.462417 0.414835 0.463491 0.419236 0.037867 0.0325772 0.0744283 0.0539922 0.055133 0.0366993 0.0148198 0.0197418 0.0151155 
0.287705 0.462417 0.365369 0.414835 0.330111 0.381127 0.0436916 0.0744283 0.0325772 0.0539922 0.0389558 0.0630578 0.0211288 0.0151155 0.0197418 
0.370509 0.422324 0.264262 0.351963 0.320954 0.39719 -0.0140724 -0.01597 -0.00932606 -0.013499 -0.0120677 -0.015676 0.000722203 3.98529e-05 -0.00094761 
0.564146 0.268919 0.18746 0.229201 0.386971 0.43178 -0.167993 -0.129246 -0.0561303 -0.0962217 -0.119688 -0.157455 0.00960507 -0.00370983 0.0271893 
0.171848 0.674108 0.441277 0.561367 0.29277 0.398926 -0.004303 -0.150722 -0.0718126 -0.109017 -0.0359044 -0.0741075 -0.137484 -0.128739 -0.131114 
2.3921e-34 8.12067e-35 0.194787 0.100166 0.0974811 -8.49743e-35 5.97933e-37 -3.07212e-36 -0.00500748 -0.00117667 -0.0020886 6.52182e-36 -0.00140888 0.000387311 0.000136946 
-0.035454 -0.051041 -0.0292691 -0.0618596 -0.0345023 -0.0526868 0.0354181 0.0231795 0.0415372 0.03882 0.0378808 0.0332605 -0.121102 -0.121561 -0.120479 
0.479888 0.18746 0.218187 0.210391 0.350552 0.345203 -0.0910334 -0.0561303 -0.0253588 -0.041459 -0.0611623 -0.0831656 0.02378 0.0271893 0.0308502 
0.574762 0.745839 0.483173 0.654094 0.529063 0.677757 -0.235266 -0.26833 -0.207643 -0.256306 -0.222519 -0.259739 -0.049856 -0.0549694 -0.0778038 
0.319144 0.264262 0.422324 0.351963 0.375523 0.291297 -0.00951621 -0.00932606 -0.01597 -0.013499 -0.0131289 -0.0100383 -0.00303936 -0.00094761 3.98529e-05 
0.0857953 0.153259 -0.0292691 0.031665 0.011969 0.112788 0.0232068 -0.00617658 0.0415372 0.0264279 0.0372409 0.00883626 -0.120315 -0.119732 -0.120479 
0.601577 0.629855 0.67118 0.653427 0.6401 0.631523 0.11194 0.148862 0.111789 0.134916 0.114207 0.133788 -0.0136353 -0.0223594 -0.0238247 
0.711189 0.714464 0.614927 0.687759 0.679961 0.71296 -0.0601884 -0.139668 -0.058008 -0.0967729 -0.0581931 -0.0981258 -0.0156435 -0.0207921 0.0102474 
0.593665 0.67118 0.629855 0.653427 0.620371 0.651159 0.140742 0.111789 0.148862 0.134916 0.150343 0.134447 -0.0368316 -0.0238247 -0.0223594 
0.279814 0.309506 0.483288 0.401511 0.395109 0.293949 0.0140559 0.00460154 0.0504117 0.0232099 0.0306072 0.00952016 -0.0104403 -0.00822767 -0.00635018 
-0.114916 -0.0579748 0.115541 0.0405557 -0.00980515 -0.0910384 0.0612228 0.0446464 0.02411 0.039122 0.0512576 0.0578545 -0.129454 -0.137176 -0.128502 
0.997331 0.993811 0.76873 0.927539 0.929753 0.996785 -0.0209517 -0.0335709 -0.0210079 -0.0294705 -0.0251582 -0.0285223 -0.096093 -0.103438 -0.0950367 
0.173495 0.190854 0.439739 0.321722 0.305561 0.178714 0.0769281 0.097902 0.142331 0.123291 0.113637 0.088928 0.00153823 -0.0197255 -0.00422492 
0.43084 0.483288 0.309506 0.401511 0.375805 0.455186 0.0167894 0.0504117 0.00460154 0.0232099 0.0106 0.0323407 -0.00514835 -0.00635018 -0.00822767 
0.479888 0.614927 0.714464 0.687759 0.653136 0.557249 -0.0910334 -0.058008 -0.139668 -0.0967729 -0.116478 -0.0752341 0.02378 0.0102474 -0.0207921 
-0.0132068 0.062678 0.289326 0.167354 0.12758 0.0253435 -0.0193092 -0.0457671 -0.00771596 -0.0404561 -0.0242913 -0.0338681 -0.0741595 -0.0709944 -0.0790622 
0.113941 0.23814 0.413355 0.32418 0.238694 0.165019 -0.0166419 -0.0491357 -0.109845 -0.0807892 -0.0544892 -0.0280626 -0.0525308 -0.0540349 -0.0504951 
0.423504 0.392037 0.288194 0.344676 0.364378 0.40825 -0.0147796 -0.0112366 -0.00716161 -0.0093837 -0.0110934 -0.0130866 0.00435679 0.00133206 0.00286678 
0.348761 0.439739 0.190854 0.321722 0.267508 0.397526 0.12759 0.142331 0.097902 0.123291 0.113205 0.140183 -0.0282804 -0.00422492 -0.0197255 
0.219403 0.289326 0.062678 0.167354 0.139557 0.253662 -0.054718 -0.00771596 -0.0457671 -0.0404561 -0.0525686 -0.0390466 -0.0701496 -0.0790622 -0.0709944 
0.476049 0.413355 0.23814 0.32418 0.352186 0.443577 -0.130242 -0.109845 -0.0491357 -0.0807892 -0.0860099 -0.123688 -0.0542599 -0.0504951 -0.0540349 
0.483141 0.360325 0.243473 0.304865 0.375544 0.430964 0.0536237 0.0229663 0.0141804 0.0177765 0.033002 0.0363405 -0.00554563 0.0031404 -0.00390527 
0.370509 0.25815 0.368323 0.317145 0.369665 0.318693 -0.0140724 -0.00707659 -0.0111246 -0.00923797 -0.0126121 -0.0106051 0.000722203 0.000536545 0.000664084 
0.674108 0.163447 0.466646 0.313204 0.568169 0.397068 -0.150722 -0.0321277 -0.133313 -0.081944 -0.142153 -0.0871131 -0.128739 -0.141671 -0.132246 
0.411961 0.153259 0.0857953 0.112788 0.212895 0.27735 -0.0464594 -0.00617658 0.0232068 0.00883626 -0.010323 -0.0248398 -0.11874 -0.119732 -0.120315 
-2.28303e-35 -4.0606e-35 -0.051041 -0.0255138 -0.0171186 3.04372e-35 6.11564e-34 6.22604e-34 0.0231795 0.00590803 0.00312334 1.20936e-33 -0.122308 -0.123827 -0.121561 
0.423504 0.475239 0.392037 0.441312 0.40825 0.452975 -0.0147796 -0.0163673 -0.0112366 -0.0140812 -0.0130866 -0.0159184 0.00435679 0.0015874 0.00133206 
0.370509 0.368323 0.45384 0.416208 0.417377 0.369665 -0.0140724 -0.0111246 -0.0161472 -0.0138826 -0.0154821 -0.0126121 0.000722203 0.000664084 0.000975605 
0.601577 0.67118 0.509331 0.613587 0.564056 0.6401 0.11194 0.111789 0.0781812 0.0998745 0.0966703 0.114207 -0.0136353 -0.0238247 -0.00911165 
0.575301 0.698589 0.67118 0.686196 0.661676 0.659967 0.067905 0.0680753 0.111789 0.096739 0.10688 0.0794226 -0.0601465 -0.0329848 -0.0238247 
0.483141 0.509331 0.67118 0.613587 0.615338 0.499075 0.0536237 0.0781812 0.111789 0.0998745 0.0853716 0.0676944 -0.00554563 -0.00911165 -0.0238247 
-0.0833047 -0.0292691 -0.051041 -0.0618596 -0.0802926 -0.0547504 0.0555757 0.0415372 0.0231795 0.03882 0.0396016 0.0471531 -0.123213 -0.120479 -0.121561 
0.171848 0.115541 -0.0579748 0.0405557 0.0568631 0.149289 -0.004303 0.02411 0.0446464 0.039122 0.0276227 0.012957 -0.137484 -0.128502 -0.137176 
8.12067e-35 1.88784e-34 0.194787 0.104413 0.100166 -8.42335e-35 -3.07212e-36 -6.13198e-36 -0.00500748 -0.00129155 -0.00117667 -2.99537e-36 0.000387311 0.000439108 0.000136946 
0.557843 0.529369 0.483288 0.505556 0.540383 0.558322 0.113835 0.0853552 0.0504117 0.0673773 0.0803845 0.100217 4.0747e-06 -0.00742206 -0.00635018 
0.446175 0.670966 0.855011 0.788439 0.697806 0.561721 -0.076702 -0.108798 -0.177739 -0.146532 -0.137841 -0.0938709 -0.06721 -0.0757056 -0.0862742 
5.74778e-34 8.33269e-34 0.843207 0.511717 0.508305 -6.19217e-34 -3.70233e-34 -3.18902e-34 -0.0048262 -0.00180031 -0.00234332 -6.82445e-34 -0.0749009 -0.0644389 -0.0725687 
0.884243 0.855011 0.670966 0.788439 0.802803 0.868937 -0.150938 -0.177739 -0.108798 -0.146532 -0.135988 -0.165594 -0.0920484 -0.0862742 -0.0757056 
0.268919 0.664398 0.297633 0.50761 0.278787 0.490712 -0.129246 -0.243354 -0.160027 -0.210062 -0.145261 -0.194758 -0.00370983 -0.0269211 -0.0382883 
-0.0833047 -0.111092 -0.114916 -0.14017 -0.0970744 -0.115128 0.0555757 0.0253605 0.0612228 0.050757 0.0603012 0.0479421 -0.123213 -0.126381 -0.129454 
0.284097 0.0595967 0.151243 0.0979266 0.22348 0.154132 -0.0580337 -0.00633943 -0.0213406 -0.0126113 -0.0381157 -0.0249223 -0.0581729 -0.059243 -0.0625483 
0.0514829 -0.007966 0.0333125 0.0134858 0.0361463 0.000289666 -0.0444492 -0.0126941 -0.0115744 -0.0141961 -0.0297809 -0.0304774 -0.0596125 -0.059316 -0.0542287 
0.0852537 -0.0816586 -0.0930389 -0.0924284 -0.0261147 -0.0197212 0.0640214 0.00882418 0.00107904 0.00864901 0.0223659 0.0301717 -0.0485475 -0.0440116 -0.0640455 
0.113941 0.0333125 0.0340181 0.0352819 0.0656187 0.062992 -0.0166419 -0.0115744 -0.000261589 -0.00429239 -0.00465133 -0.0118541 -0.0525308 -0.0542287 -0.0540979 
-0.0132068 -0.0930389 -0.0908936 -0.0994416 -0.0751015 -0.0599445 -0.0193092 0.00107904 -0.0131205 -0.00640673 -0.0232067 -0.0111228 -0.0741595 -0.0640455 -0.0687112 
0.173495 0.142473 0.0359722 0.0884607 0.100206 0.157936 0.0769281 0.0305194 0.0218832 0.0272373 0.0508681 0.0553369 0.00153823 0.0166756 0.0025921 
0.713753 0.997331 0.76873 0.929753 0.743034 0.916494 -0.0107373 -0.0209517 -0.0210079 -0.0251582 -0.0149381 -0.0174735 -0.0874124 -0.096093 -0.0950367 
0.476049 0.679287 0.704476 0.695525 0.604486 0.578996 -0.130242 -0.19508 -0.226375 -0.213952 -0.180125 -0.162738 -0.0542599 -0.0622297 -0.0556882 
0.219403 0.276431 0.427544 0.34923 0.321002 0.245837 -0.054718 -0.0702579 -0.0527063 -0.0673736 -0.0529493 -0.0645359 -0.0701496 -0.0587534 -0.0658216 
0.787495 0.704476 0.679287 0.695525 0.773878 0.766116 -0.269521 -0.226375 -0.19508 -0.213952 -0.244041 -0.255681 -0.0713672 -0.0556882 -0.0622297 
0.348761 0.362981 0.530656 0.454415 0.444911 0.352797 0.12759 0.101906 0.151634 0.135473 0.144579 0.117361 -0.0282804 -0.0561173 -0.0272145 
0.552216 0.427544 0.276431 0.34923 0.408554 0.487358 -0.0816245 -0.0527063 -0.0702579 -0.0673736 -0.0821555 -0.0668474 -0.0545282 -0.0658216 -0.0587534 
0.593665 0.530656 0.362981 0.454415 0.49028 0.562387 0.140742 0.151634 0.101906 0.135473 0.126367 0.148515 -0.0368316 -0.0272145 -0.0561173 
0.476049 0.704476 0.413355 0.569586 0.443577 0.604486 -0.130242 -0.226375 -0.109845 -0.169275 -0.123688 -0.180125 -0.0542599 -0.0556882 -0.0504951 
0.219403 0.427544 0.289326 0.357575 0.253662 0.321002 -0.054718 -0.0527063 -0.00771596 -0.0297011 -0.0390466 -0.0529493 -0.0701496 -0.0658216 -0.0790622 
0.348761 0.530656 0.439739 0.481388 0.397526 0.444911 0.12759 0.151634 0.142331 0.15191 0.140183 0.144579 -0.0282804 -0.0272145 -0.00422492 
0.712491 0.413355 0.704476 0.569586 0.710063 0.584589 -0.23095 -0.109845 -0.226375 -0.169275 -0.230313 -0.174545 -0.0473386 -0.0504951 -0.0556882 
0.546073 0.289326 0.427544 0.357575 0.487746 0.416699 -0.0134406 -0.00771596 -0.0527063 -0.0297011 -0.0343079 -0.00716609 -0.0620534 -0.0790622 -0.0658216 
0.586041 0.439739 0.530656 0.481388 0.564342 0.522344 0.150619 0.142331 0.151634 0.15191 0.155491 0.150029 -0.0131409 -0.00422492 -0.0272145 
-0.016019 -0.0359215 -0.0212081 -0.0297472 -0.0198571 -0.0254038 0.011399 0.0216585 0.025956 0.023079 0.0183888 0.0164768 -0.121365 -0.121492 -0.12176 
2.178e-34 0.234985 0.288194 0.262521 0.159889 0.125343 8.1487e-36 -0.00507618 -0.00716161 -0.0063222 -0.00232568 -0.00119542 0.00245415 0.00526906 0.00286678 
5.19551e-34 7.26595e-34 0.827683 0.512555 0.505791 -5.03778e-34 4.42547e-34 5.16346e-34 -0.0137796 -0.00737351 -0.00482117 9.83213e-34 -0.0940442 -0.112414 -0.101809 
0.610083 0.714094 0.714464 0.71393 0.677539 0.694835 -0.158712 -0.198616 -0.139668 -0.1678 -0.153177 -0.182464 -0.0462272 -0.0211151 -0.0207921 
0.833171 0.919523 0.639452 0.849707 0.742265 0.906788 -0.0891973 -0.130974 -0.079077 -0.117512 -0.0870798 -0.115434 -0.0899979 -0.103266 -0.078307 
0.884243 0.639452 0.919523 0.849707 0.908332 0.79735 -0.150938 -0.079077 -0.130974 -0.117512 -0.143045 -0.121063 -0.0920484 -0.078307 -0.103266 
0.989576 0.843207 0.844044 0.843758 0.978314 0.978118 -0.0044786 -0.0048262 -0.00243783 -0.00340861 -0.00419354 -0.00597267 -0.0688407 -0.0725687 -0.0595745 
0.0458355 0.217278 0.466646 0.339195 0.256109 0.127873 -0.0294672 -0.11354 -0.133313 -0.122056 -0.0822359 -0.0730895 -0.136543 -0.115778 -0.132246 
0.348761 0.190854 0.0852537 0.133428 0.212941 0.267508 0.12759 0.097902 0.0640214 0.0845165 0.0974592 0.113205 -0.0282804 -0.0197255 -0.0485475 
0.219403 0.062678 0.0514829 0.0584694 0.12655 0.139557 -0.054718 -0.0457671 -0.0444492 -0.0523947 -0.059432 -0.0525686 -0.0701496 -0.0709944 -0.0596125 
0.476049 0.23814 0.284097 0.260842 0.384725 0.352186 -0.130242 -0.0491357 -0.0580337 -0.054619 -0.094758 -0.0860099 -0.0542599 -0.0540349 -0.0581729 
0.574762 0.297633 0.664398 0.50761 0.625292 0.443731 -0.235266 -0.160027 -0.243354 -0.210062 -0.24513 -0.199628 -0.049856 -0.0382883 -0.0269211 
0.279814 0.182003 0.112023 0.144107 0.196721 0.233125 0.0140559 0.00987775 0.00288486 0.00563453 0.00804397 0.0143059 -0.0104403 -0.0111804 -0.0102859 
0.463114 0.341986 0.365369 0.356729 0.419236 0.40964 0.037867 0.00801708 0.0325772 0.0187097 0.0366993 0.0221973 0.0148198 0.0178524 0.0197418 
0.500466 0.422324 0.479611 0.455326 0.491268 0.472984 -0.0140002 -0.01597 -0.0194779 -0.0183794 -0.0179885 -0.0162836 0.00335467 3.98529e-05 0.00169302 
0.500466 0.479611 0.496849 0.500124 0.502972 0.491268 -0.0140002 -0.0194779 -0.0178079 -0.0189934 -0.0165864 -0.0179885 0.00335467 0.00169302 0.00422204 
0.446175 0.151243 0.134755 0.146443 0.280268 0.285146 -0.076702 -0.0213406 -0.0127121 -0.0170796 -0.0369162 -0.0424307 -0.06721 -0.0625483 -0.0678478 
0.400915 0.156458 0.182003 0.169664 0.286841 0.28355 0.0543378 0.00909242 0.00987775 0.0106729 0.0278735 0.0282823 -0.0106391 -0.0104038 -0.0111804 
0.878616 0.988493 0.822573 0.955958 0.853236 0.965904 -0.0478321 -0.0445481 -0.0248137 -0.0440181 -0.0371139 -0.0524392 -0.117949 -0.106298 -0.119405 
8.33269e-34 6.59004e-34 0.844044 0.512904 0.511328 -6.15464e-34 -3.18902e-34 -2.63604e-34 -0.00243783 -0.000904812 -0.00127571 -5.78139e-34 -0.0644389 -0.0535339 -0.0595745 
-2.532e-34 -0.242535 -0.151574 -0.20616 -0.204784 -0.178237 6.78067e-34 0.0114109 0.0305417 0.0225197 0.0292279 0.0183771 -0.130049 -0.128919 -0.1368 
0.387383 0.228559 0.341986 0.293674 0.367527 0.319071 -0.00590486 -0.000871371 0.00801708 0.00263823 0.000307782 -0.00204573 0.0123837 0.0152154 0.0178524 
0.545001 0.411961 0.829555 0.640051 0.705945 0.474824 -0.057962 -0.0464594 -0.099051 -0.0758213 -0.0781485 -0.0519011 -0.118369 -0.11874 -0.113938 
0.601577 0.509331 0.400915 0.456467 0.515445 0.564056 0.11194 0.0781812 0.0543378 0.0674587 0.0852455 0.0966703 -0.0136353 -0.00911165 -0.0106391 
0.897008 0.545001 0.829555 0.705945 0.863047 0.761296 -0.0874574 -0.057962 -0.099051 -0.0781485 -0.0936974 -0.0776752 -0.111418 -0.118369 -0.113938 
0.787495 0.818707 0.612495 0.766123 0.733493 0.803076 -0.269521 -0.254914 -0.220927 -0.256281 -0.260011 -0.265638 -0.0713672 -0.0813224 -0.103443 
0.786641 0.612495 0.818707 0.766123 0.816862 0.706895 -0.237072 -0.220927 -0.254914 -0.256281 -0.253082 -0.233993 -0.103451 -0.103443 -0.0813224 
-0.035454 -0.0359215 -0.051041 -0.0441667 -0.0526868 -0.0422923 0.0354181 0.0216585 0.0231795 0.022854 0.0332605 0.0302802 -0.121102 -0.121492 -0.121561 
6.30961e-34 4.5857e-34 0.713753 0.406479 0.399277 -3.2622e-34 -4.55574e-34 -4.16516e-34 -0.0107373 -0.0031146 -0.00415956 -8.56881e-34 -0.0907113 -0.0841668 -0.0874124 
0.580961 0.294955 0.360325 0.332258 0.486822 0.456303 -0.00337606 0.00448687 0.0229663 0.0117442 0.0127289 -0.000682701 0.00502548 0.0126768 0.0031404 
0.711189 0.614927 0.580961 0.602976 0.672707 0.679961 -0.0601884 -0.058008 -0.00337606 -0.0283259 -0.0241176 -0.0581931 -0.0156435 0.0102474 0.00502548 
0.586041 0.629855 0.567028 0.611045 0.599059 0.60832 0.150619 0.148862 0.111533 0.135001 0.134752 0.150613 -0.0131409 -0.0223594 -0.0102151 
0.601577 0.567028 0.629855 0.611045 0.631523 0.584346 0.11194 0.111533 0.148862 0.135001 0.133788 0.114836 -0.0136353 -0.0102151 -0.0223594 
0.268919 -0.00716661 0.18746 0.0884087 0.229201 0.115068 -0.129246 -0.0385913 -0.0561303 -0.05053 -0.0962217 -0.0894831 -0.00370983 0.00537735 0.0271893 
0.319144 0.245412 0.147796 0.196597 0.237824 0.283186 -0.00951621 -0.00191178 -0.00306136 -0.00296794 -0.00588635 -0.00563311 -0.00303936 -0.00622551 -0.00465407 
0.957571 0.700668 0.979117 0.902762 0.971945 0.923609 -0.070044 -0.0372973 -0.0577438 -0.0524026 -0.0644456 -0.0595254 -0.109593 -0.0955227 -0.108 
0.507316 0.5028 0.413208 0.464127 0.473919 0.505475 0.00847243 0.0232674 0.00020869 0.00985792 0.00366641 0.0154684 0.00295987 0.000565014 -0.00388547 
0.423504 0.288194 0.234985 0.262521 0.344515 0.364378 -0.0147796 -0.00716161 -0.00507618 -0.0063222 -0.0102052 -0.0110934 0.00435679 0.00286678 0.00526906 
0.492654 0.415208 0.475239 0.449696 0.485274 0.464671 -0.0147438 -0.0108553 -0.0163673 -0.0135123 -0.0154472 -0.0131541 -5.85931e-05 -0.000107024 0.0015874 
0.40125 0.486876 0.45384 0.472839 0.429945 0.453716 -0.0107864 -0.0147131 -0.0161472 -0.0153584 -0.013293 -0.0130606 0.000118542 6.85123e-05 0.000975605 
0.546073 0.642804 0.713049 0.687945 0.660442 0.594415 -0.0134406 -0.0500962 0.00802837 -0.0148153 0.00610491 -0.0312682 -0.0620534 -0.0499862 -0.0308502 
0.711189 0.713049 0.642804 0.687945 0.700462 0.715797 -0.0601884 0.00802837 -0.0500962 -0.0148153 -0.050473 -0.0242251 -0.0156435 -0.0308502 -0.0499862 
0.500466 0.496849 0.489308 0.493856 0.503736 0.502972 -0.0140002 -0.0178079 -0.00635887 -0.0139147 -0.0111254 -0.0165864 0.00335467 0.00422204 0.00777148 
2.178e-34 1.03219e-34 0.234985 0.12937 0.125343 -1.00855e-34 8.1487e-36 2.44181e-35 -0.00507618 -0.00105166 -0.00119542 3.85039e-35 0.00245415 0.00519923 0.00526906 
6.30961e-34 0.713753 0.76873 0.743034 0.444382 0.399277 -4.55574e-34 -0.0107373 -0.0210079 -0.0149381 -0.00702771 -0.00415956 -0.0907113 -0.0874124 -0.0950367 
-0.0833047 -0.051041 -0.0676066 -0.0606948 -0.0993713 -0.0802926 0.0555757 0.0231795 0.0183456 0.0219545 0.0400301 0.0396016 -0.123213 -0.121561 -0.124034 
-4.0606e-35 -0.0676066 -0.051041 -0.0606948 -0.0255138 -0.0245246 6.22604e-34 0.0183456 0.0231795 0.0219545 0.00590803 0.00418455 -0.123827 -0.124034 -0.121561 
0.370509 0.264262 0.194787 0.230821 0.29102 0.320954 -0.0140724 -0.00932606 -0.00500748 -0.00729352 -0.00986177 -0.0120677 0.000722203 -0.00094761 0.000136946 
0.507316 0.413208 0.467564 0.443006 0.490427 0.473919 0.00847243 0.00020869 -0.00809755 -0.00426379 -0.00134163 0.00366641 0.00295987 -0.00388547 7.99932e-05 
0.997331 0.822573 0.993811 0.961513 0.996785 0.965095 -0.0209517 -0.0248137 -0.0335709 -0.0379078 -0.0285223 -0.0302832 -0.096093 -0.119405 -0.103438 
0.370509 0.194787 0.25815 0.227252 0.318693 0.29102 -0.0140724 -0.00500748 -0.00707659 -0.00629046 -0.0106051 -0.00986177 0.000722203 0.000136946 0.000536545 
0.712491 0.745839 0.664398 0.705032 0.733728 0.747654 -0.23095 -0.26833 -0.243354 -0.258361 -0.246913 -0.255298 -0.0473386 -0.0549694 -0.0269211 
0.574762 0.664398 0.745839 0.705032 0.677757 0.625292 -0.235266 -0.243354 -0.26833 -0.258361 -0.259739 -0.24513 -0.049856 -0.0269211 -0.0549694 
0.423504 0.234985 0.324722 0.281918 0.379741 0.344515 -0.0147796 -0.00507618 -0.00824767 -0.00709307 -0.011734 -0.0102052 0.00435679 0.00526906 0.00853229 
0.496849 0.448864 0.489308 0.471555 0.493856 0.479677 -0.0178079 -0.0131234 -0.00635887 -0.0105712 -0.0139147 -0.0153897 0.00422204 0.00756534 0.00777148 
2.98109e-34 0.222721 0.341986 0.287932 0.20846 0.129485 9.79285e-35 0.00983551 0.00801708 0.0114612 0.00283062 0.00168507 0.0187911 0.0210207 0.0178524 
2.178e-34 0.288194 0.188489 0.240404 0.100976 0.159889 8.1487e-36 -0.00716161 -0.00291141 -0.00479632 -0.00124888 -0.00232568 0.00245415 0.00286678 0.00141577 
2.98109e-34 0.341986 0.228559 0.293674 0.126734 0.20846 9.79285e-35 0.00801708 -0.000871371 0.00263823 8.87219e-05 0.00283062 0.0187911 0.0178524 0.0152154 
-2.28303e-35 -0.051041 -0.0137595 -0.0310151 -0.00651177 -0.0171186 6.11564e-34 0.0231795 0.00558453 0.012421 0.00112029 0.00312334 -0.122308 -0.121561 -0.121805 
2.3921e-34 0.264262 0.169258 0.21768 0.0853867 0.137841 5.97933e-37 -0.00932606 -0.00433743 -0.00672461 -0.00154914 -0.00355048 -0.00140888 -0.00094761 -0.0029494 
0.957571 0.954425 0.700668 0.878591 0.923609 0.962686 -0.070044 -0.0747922 -0.0372973 -0.0604042 -0.0595254 -0.0727414 -0.109593 -0.103875 -0.0955227 
0.423504 0.324722 0.448864 0.397076 0.437299 0.379741 -0.0147796 -0.00824767 -0.0131234 -0.0112577 -0.0149413 -0.011734 0.00435679 0.00853229 0.00756534 
5.19551e-34 0.827683 0.701278 0.768946 0.406095 0.505791 4.42547e-34 -0.0137796 -0.00646296 -0.00892664 -0.00235981 -0.00482117 -0.0940442 -0.101809 -0.0911246 
0.75 1 0.937234 0.984254 0.859224 0.9375 -3.26492e-37 -4.9816e-37 -0.000763514 -0.000660832 -0.000497628 -9.66703e-37 -0.0304704 -0.0311616 -0.0408374 
4.6855e-34 0.390711 0.639452 0.524188 0.282943 0.161954 -4.27054e-34 -0.0324227 -0.079077 -0.0524659 -0.0236871 -0.0105406 -0.0778451 -0.0820982 -0.078307 
0.827683 0.822573 0.997331 0.965095 0.965256 0.825553 -0.0137796 -0.0248137 -0.0209517 -0.0302832 -0.0212662 -0.0182561 -0.101809 -0.119405 -0.096093 
0.387383 0.448864 0.324722 0.397076 0.359591 0.421768 -0.00590486 -0.0131234 -0.00824767 -0.0112577 -0.00786468 -0.0099007 0.0123837 0.00756534 0.00853229 
0.0458355 -0.151574 -0.242535 -0.20616 -0.13041 -0.0639031 -0.0294672 0.0305417 0.0114109 0.0225197 0.00978957 0.0161785 -0.136543 -0.1368 -0.128919 
1.88784e-34 0.162197 0.25815 0.212427 0.139638 0.0838625 -6.13198e-36 -0.00268997 -0.00707659 -0.00464399 -0.00240444 -0.00118517 0.000439108 0.000389118 0.000536545 
6.59004e-34 0.706136 0.844044 0.780599 0.512904 0.404901 -2.63604e-34 -0.000920707 -0.00243783 -0.00150477 -0.000904812 -0.000381759 -0.0535339 -0.0473343 -0.0595745 
3.65951e-34 3.9582e-34 0.700668 0.383375 0.359464 -4.19983e-34 -4.69966e-34 -4.89822e-34 -0.0372973 -0.00995615 -0.012274 -9.2591e-34 -0.0930044 -0.0973557 -0.0955227 
0.0458355 0.163447 -0.151574 -0.00669052 -0.0639031 0.107922 -0.0294672 -0.0321277 0.0305417 0.0191066 0.0161785 -0.0275105 -0.136543 -0.141671 -0.1368 
0.993811 0.822573 0.988493 0.955958 0.991052 0.961513 -0.0335709 -0.0248137 -0.0445481 -0.0440181 -0.0397837 -0.0379078 -0.103438 -0.119405 -0.106298 
-2.532e-34 -0.151574 -0.181845 -0.183971 -0.136093 -0.204784 6.78067e-34 0.0305417 0.0431502 0.0437616 0.0247033 0.0292279 -0.130049 -0.1368 -0.130911 
0.859143 0.76873 0.988493 0.926385 0.948723 0.819398 -0.0384798 -0.0210079 -0.0445481 -0.0346437 -0.0430573 -0.0299732 -0.100097 -0.0950367 -0.106298 
0.463114 0.517459 0.484725 0.50365 0.475871 0.498611 0.037867 0.03568 0.0125048 0.022265 0.0242918 0.0367789 0.0148198 0.00762484 0.0113121 
0.507316 0.484725 0.517459 0.50365 0.516085 0.509652 0.00847243 0.0125048 0.03568 0.022265 0.0208012 0.0102017 0.00295987 0.0113121 0.00762484 
0.833171 0.639452 0.390711 0.524188 0.641716 0.742265 -0.0891973 -0.079077 -0.0324227 -0.0524659 -0.0634867 -0.0870798 -0.0899979 -0.078307 -0.0820982 
0.884243 0.670966 0.639452 0.658733 0.79735 0.802803 -0.150938 -0.108798 -0.079077 -0.094198 -0.121063 -0.135988 -0.0920484 -0.0757056 -0.078307 
0.859143 0.979117 0.700668 0.902762 0.783924 0.948387 -0.0384798 -0.0577438 -0.0372973 -0.0524026 -0.0395832 -0.0491992 -0.100097 -0.108 -0.0955227 
4.54581e-34 4.86583e-34 0.775006 0.458388 0.456946 -4.0558e-34 2.61553e-34 3.18876e-34 -0.00206142 -0.000820863 -0.000646318 5.82355e-34 -0.055067 -0.0672075 -0.060578 
4.6855e-34 0.639452 0.275539 0.452026 0.130337 0.282943 -4.27054e-34 -0.079077 -0.0313713 -0.0517285 -0.00861523 -0.0236871 -0.0778451 -0.078307 -0.070957 
0.998691 0.937234 0.986674 0.995424 0.994218 0.988595 -0.00165403 -0.000763514 -0.000578833 -0.000801213 -0.00121393 -0.0014013 -0.0507415 -0.0408374 -0.0388071 
0.319144 0.147796 0.169258 0.158179 0.247817 0.237824 -0.00951621 -0.00306136 -0.00433743 -0.00369558 -0.00730113 -0.00588635 -0.00303936 -0.00465407 -0.0029494 
0.998691 0.986674 0.750034 0.905336 0.928033 0.994218 -0.00165403 -0.000578833 -0.000668246 -0.000748068 -0.00126275 -0.00121393 -0.0507415 -0.0388071 -0.0423486 
0.500466 0.467564 0.422324 0.445234 0.472984 0.488543 -0.0140002 -0.00809755 -0.01597 -0.0134568 -0.0162836 -0.0115368 0.00335467 7.99932e-05 3.98529e-05 
0.483173 0.0678443 0.297633 0.178623 0.388294 0.275193 -0.207643 -0.0924897 -0.160027 -0.129502 -0.186672 -0.150073 -0.0778038 -0.0807222 -0.0382883 
0.61021 0.115541 0.441277 0.263124 0.52116 0.32028 -0.0925215 0.02411 -0.0718126 -0.0196671 -0.0814582 -0.0325425 -0.123613 -0.128502 -0.131114 
0.319144 0.422324 0.467564 0.445234 0.404444 0.375523 -0.00951621 -0.01597 -0.00809755 -0.0134568 -0.00991907 -0.0131289 -0.00303936 3.98529e-05 7.99932e-05 
0.297633 0.0678443 -0.0319931 0.00231546 0.120672 0.178623 -0.160027 -0.0924897 -0.0631108 -0.0770416 -0.110244 -0.129502 -0.0382883 -0.0807222 -0.0364431 
0.171848 0.441277 0.115541 0.263124 0.149289 0.29277 -0.004303 -0.0718126 0.02411 -0.0196671 0.012957 -0.0359044 -0.137484 -0.131114 -0.128502 
1.78087e-34 0.245412 0.15432 0.200313 0.072934 0.120797 3.18811e-35 -0.00191178 0.00145695 0.000796415 -0.000521308 -0.00123116 -0.00666182 -0.00622551 -0.00863561 
5.0685e-34 -0.0212081 -0.0146821 -0.0237718 -0.0100938 -0.00936776 3.80141e-35 0.025956 0.039107 0.0365789 0.0394769 0.0289885 -0.123414 -0.12176 -0.123293 
0.319144 0.413208 0.245412 0.336694 0.283186 0.366807 -0.00951621 0.00020869 -0.00191178 -0.00171595 -0.00563311 -0.00626195 -0.00303936 -0.00388547 -0.00622551 
7.26595e-34 0.822573 0.827683 0.825553 0.512555 0.517672 5.16346e-34 -0.0248137 -0.0137796 -0.0182561 -0.00737351 -0.0141712 -0.112414 -0.119405 -0.101809 
-8.41234e-35 -0.00716661 -0.0319931 -0.0304531 -0.115055 -0.0643462 2.367e-35 -0.0385913 -0.0631108 -0.0528822 -0.0171768 -0.0113341 -0.00938317 0.00537735 -0.0364431 
3.9582e-34 0.426183 0.700668 0.577442 0.383375 0.216244 -4.89822e-34 -0.0129425 -0.0372973 -0.021645 -0.00995615 -0.00362637 -0.0973557 -0.0959146 -0.0955227 
0.859143 0.700668 0.426183 0.577442 0.676743 0.783924 -0.0384798 -0.0372973 -0.0129425 -0.021645 -0.0251315 -0.0395832 -0.100097 -0.0955227 -0.0959146 
0.998691 0.844044 0.706136 0.780599 0.935853 0.967588 -0.00165403 -0.00243783 -0.000920707 -0.00150477 -0.00161239 -0.00251588 -0.0507415 -0.0595745 -0.0473343 
-2.23169e-34 -2.06809e-34 -0.175711 -0.229634 -0.229134 2.06284e-34 6.11313e-34 4.65004e-34 -0.0226876 0.00189836 0.00731546 1.0834e-33 -0.122631 -0.0948665 -0.111289 
0.319144 0.169258 0.264262 0.21768 0.291297 0.247817 -0.00951621 -0.00433743 -0.00932606 -0.00672461 -0.0100383 -0.00730113 -0.00303936 -0.0029494 -0.00094761 
0.387383 0.232016 0.228559 0.230633 0.319071 0.320744 -0.00590486 -0.00309506 -0.000871371 -0.00212696 -0.00204573 -0.00459064 0.0123837 0.0122917 0.0152154 
0.492654 0.475239 0.49978 0.495658 0.499229 0.485274 -0.0147438 -0.0163673 -0.0169287 -0.0170353 -0.0157919 -0.0154472 -5.85931e-05 0.0015874 0.00090732 
1.78087e-34 0.147796 0.245412 0.196597 0.120797 0.0709908 3.18811e-35 -0.00306136 -0.00191178 -0.00296794 -0.00123116 -0.00108191 -0.00666182 -0.00465407 -0.00622551 
0.486876 0.49978 0.45384 0.48626 0.472839 0.495453 -0.0147131 -0.0169287 -0.0161472 -0.0169768 -0.0153584 -0.015793 6.85123e-05 0.00090732 0.000975605 
3.03987e-34 0.232016 0.324722 0.282008 0.188352 0.127682 4.15578e-35 -0.00309506 -0.00824767 -0.00552614 -0.00329765 -0.00122051 0.00961338 0.0122917 0.00853229 
-2.532e-34 -2.23169e-34 -0.242535 -0.196502 -0.178237 1.32241e-34 6.78067e-34 6.11313e-34 0.0114109 0.0101599 0.0183771 1.2474e-33 -0.130049 -0.122631 -0.128919 
-2.90409e-36 -0.0137595 -0.00163558 -0.00569465 -4.48092e-05 -0.00153546 6.01714e-34 0.00558453 0.00109867 0.00339438 0.000474006 0.00134428 -0.121591 -0.121805 -0.121489 
-0.035454 -0.0292691 0.153259 0.031665 0.0117764 -0.0345023 0.0354181 0.0415372 -0.00617658 0.0264279 0.0262895 0.0378808 -0.121102 -0.120479 -0.119732 
-1.55166e-34 -8.41234e-35 -0.0319931 -0.115055 -0.157245 5.66636e-35 2.51885e-34 2.367e-35 -0.0631108 -0.0171768 -0.0185629 3.35332e-34 -0.0547188 -0.00938317 -0.0364431 
-0.0833047 -0.0676066 -0.111092 -0.0871816 -0.115128 -0.0993713 0.0555757 0.0183456 0.0253605 0.0216448 0.0479421 0.0400301 -0.123213 -0.124034 -0.126381 
0.859143 0.426183 0.76873 0.610547 0.819398 0.676743 -0.0384798 -0.0129425 -0.0210079 -0.0166229 -0.0299732 -0.0251315 -0.100097 -0.0959146 -0.0950367 
0.773423 0.700668 0.954425 0.878591 0.89486 0.741068 -0.0574029 -0.0372973 -0.0747922 -0.0604042 -0.0697214 -0.0473307 -0.0944724 -0.0955227 -0.103875 
7.47101e-34 0.822573 7.26595e-34 0.517672 -4.7705e-34 0.535256 3.14335e-34 -0.0248137 5.16346e-34 -0.0141712 1.1954e-33 -0.0330431 -0.137991 -0.119405 -0.112414 
0.268919 -0.0319931 -0.00716661 -0.0304531 0.115068 0.105014 -0.129246 -0.0631108 -0.0385913 -0.0528822 -0.0894831 -0.102185 -0.00370983 -0.0364431 0.00537735 
0.499968 0.49978 0.475239 0.495658 0.496559 0.499805 -0.0191601 -0.0169287 -0.0163673 -0.0170353 -0.0180204 -0.0180481 0.00182078 0.00090732 0.0015874 
0.499968 0.45384 0.49978 0.48626 0.499805 0.485406 -0.0191601 -0.0161472 -0.0169287 -0.0169768 -0.0180481 -0.0179932 0.00182078 0.000975605 0.00090732 
6.61858e-34 5.19551e-34 0.701278 0.406095 0.402693 -2.39778e-34 3.77284e-34 4.42547e-34 -0.00646296 -0.00235981 -0.0018339 8.29154e-34 -0.0800103 -0.0940442 -0.0911246 
-1.161e-34 -0.181845 -0.111092 -0.147924 -0.070824 -0.114144 6.75302e-34 0.0431502 0.0253605 0.0330859 0.00655246 0.0160963 -0.132666 -0.130911 -0.126381 
0.999501 0.997331 0.713753 0.916494 0.922841 0.998839 -0.0111079 -0.0209517 -0.0107373 -0.0174735 -0.0133193 -0.0160877 -0.0853852 -0.096093 -0.0874124 
6.61858e-34 0.701278 0.83442 0.772824 0.508307 0.402693 3.77284e-34 -0.00646296 -0.00592237 -0.00642055 -0.00212455 -0.0018339 -0.0800103 -0.0911246 -0.080478 
0.897008 0.829555 0.920817 0.931899 0.946307 0.863047 -0.0874574 -0.099051 -0.0847198 -0.101984 -0.0912763 -0.0936974 -0.111418 -0.113938 -0.0985342 
0.387383 0.324722 0.232016 0.282008 0.320744 0.359591 -0.00590486 -0.00824767 -0.00309506 -0.00552614 -0.00459064 -0.00786468 0.0123837 0.00853229 0.0122917 
0.217696 0.153259 0.717912 0.406853 0.483057 0.180837 -0.0120941 -0.00617658 -0.0654877 -0.0391089 -0.0444596 -0.00939682 -0.121674 -0.119732 -0.117857 
0.993811 0.988493 0.76873 0.926385 0.927539 0.991052 -0.0335709 -0.0445481 -0.0210079 -0.0346437 -0.0294705 -0.0397837 -0.103438 -0.106298 -0.0950367 
5.0685e-34 4.98542e-34 -0.0212081 -0.00675589 -0.00936776 1.02387e-33 3.80141e-35 1.2033e-35 0.025956 0.0178546 0.0289885 -1.49219e-35 -0.123414 -0.120923 -0.12176 
0.999501 0.713753 0.648532 0.682285 0.906058 0.922841 -0.0111079 -0.0107373 -0.00544177 -0.00739297 -0.0102725 -0.0133193 -0.0853852 -0.0874124 -0.0801456 
0.999501 0.827683 0.997331 0.965256 0.998839 0.961066 -0.0111079 -0.0137796 -0.0209517 -0.0212662 -0.0160877 -0.0153435 -0.0853852 -0.101809 -0.096093 
0.250033 0.188489 0.392037 0.303288 0.327576 0.220246 -0.00430322 -0.00291141 -0.0112366 -0.00711644 -0.00752735 -0.00361239 -9.5652e-05 0.00141577 0.00133206 
0.239788 0.368323 0.162197 0.277216 0.202055 0.310115 -0.00436798 -0.0111246 -0.00268997 -0.00691442 -0.00353081 -0.00752603 0.000106734 0.000664084 0.000389118 
0.370509 0.479611 0.422324 0.455326 0.39719 0.435474 -0.0140724 -0.0194779 -0.01597 -0.0183794 -0.015676 -0.0173295 0.000722203 0.00169302 3.98529e-05 
4.5857e-34 0.648532 0.713753 0.682285 0.406479 0.360815 -4.16516e-34 -0.00544177 -0.0107373 -0.00739297 -0.0031146 -0.00200524 -0.0841668 -0.0801456 -0.0874124 
0.564146 0.714464 0.714094 0.71393 0.667742 0.681454 -0.167993 -0.139668 -0.198616 -0.1678 -0.185093 -0.155182 0.00960507 -0.0207921 -0.0211151 
0.630634 0.67118 0.698589 0.686196 0.683608 0.66462 0.0545009 0.111789 0.0680753 0.096739 0.0640521 0.0839184 -0.00849213 -0.0238247 -0.0329848 
4.86583e-34 0.645729 0.775006 0.713936 0.458388 0.364664 3.18876e-34 -0.00243259 -0.00206142 -0.00230469 -0.000820863 -0.000702934 -0.0672075 -0.0717354 -0.060578 
0.998691 0.750034 0.62492 0.690584 0.895015 0.928033 -0.00165403 -0.000668246 -0.000898276 -0.000795911 -0.0016355 -0.00126275 -0.0507415 -0.0423486 -0.0512749 
-0.0833047 0.115541 0.0857953 0.10695 -0.0105136 -0.00721434 0.0555757 0.02411 0.0232068 0.0258043 0.0469643 0.0528408 -0.123213 -0.128502 -0.120315 
5.74778e-34 0.843207 0.648532 0.755511 0.36432 0.508305 -3.70233e-34 -0.0048262 -0.00544177 -0.00534867 -0.00174362 -0.00234332 -0.0749009 -0.0725687 -0.0801456 
0.328389 0.439739 0.47586 0.459654 0.407495 0.380728 0.0911676 0.142331 0.113742 0.129176 0.10565 0.118173 0.0141298 -0.00422492 0.00849143 
2.70557e-34 2.53199e-34 0.511687 0.251987 0.227811 -2.10626e-34 -4.26649e-34 -4.58354e-34 -0.0370858 -0.00890469 -0.00930924 -8.51549e-34 -0.0838586 -0.0912322 -0.0873783 
0.999501 0.701278 0.827683 0.768946 0.961066 0.93155 -0.0111079 -0.00646296 -0.0137796 -0.00892664 -0.0153435 -0.0113411 -0.0853852 -0.0911246 -0.101809 
-2.90409e-36 -2.28303e-35 -0.0137595 -0.00651177 -0.00153546 3.10507e-36 6.01714e-34 6.11564e-34 0.00558453 0.00112029 0.00134428 1.20371e-33 -0.121591 -0.122308 -0.121805 
8.71921e-35 2.3921e-34 0.169258 0.0853867 0.0822392 -6.36913e-35 1.62274e-35 5.97933e-37 -0.00433743 -0.00154914 -0.000949581 2.54498e-35 -0.00357898 -0.00140888 -0.0029494 
0.75 0.750034 0.986674 0.905336 0.905339 0.749954 -3.74319e-37 -0.000668246 -0.000578833 -0.000748068 -0.000503876 -0.000351757 -0.0318111 -0.0423486 -0.0388071 
0.54428 0.825258 0.679287 0.758913 0.622903 0.715367 -0.127567 -0.214993 -0.19508 -0.211109 -0.163428 -0.177049 -0.0627022 -0.0807519 -0.0622297 
0.149918 0.413355 0.345411 0.374845 0.237449 0.261033 -0.0433245 -0.109845 -0.0846181 -0.095651 -0.0642485 -0.0652887 -0.0519739 -0.0504951 -0.0520595 
0.117779 0.289326 0.345177 0.31611 0.227534 0.200082 0.0228185 -0.00771596 0.053669 0.0229459 0.0339016 0.00292082 -0.0733589 -0.0790622 -0.0729867 
0.61021 0.919523 0.829555 0.894338 0.720977 0.828249 -0.0925215 -0.130974 -0.099051 -0.118659 -0.0976244 -0.126079 -0.123613 -0.103266 -0.113938 
0.41207 0.483288 0.529369 0.505556 0.479883 0.452347 0.0489026 0.0504117 0.0853552 0.0673773 0.0669616 0.0519399 -0.0105255 -0.00635018 -0.00742206 
0.245412 0.413208 0.309506 0.365313 0.27591 0.336694 -0.00191178 0.00020869 0.00460154 0.00368842 0.0008455 -0.00171595 -0.00622551 -0.00388547 -0.00822767 
0.499968 0.496849 0.479611 0.500124 0.493281 0.500816 -0.0191601 -0.0178079 -0.0194779 -0.0189934 -0.0196038 -0.0192556 0.00182078 0.00422204 0.00169302 
0.61021 0.361086 0.115541 0.216936 0.32028 0.488629 -0.0925215 -0.0421439 0.02411 -0.00697086 -0.0325425 -0.0648333 -0.123613 -0.121982 -0.128502 
0.531241 0.462417 0.532081 0.501681 0.534737 0.515179 0.0585213 0.0744283 0.0921248 0.0830095 0.0750465 0.0687765 0.00367346 0.0151155 0.00587381 
2.53076e-34 -2.90409e-36 -0.00163558 -4.48092e-05 0.000313191 -2.47567e-37 3.0018e-34 6.01714e-34 0.00109867 0.000474006 -0.000485845 1.20049e-33 -0.121529 -0.121591 -0.121489 
0.328389 0.47586 0.462417 0.469069 0.406196 0.407495 0.0911676 0.113742 0.0744283 0.0937206 0.0867696 0.10565 0.0141298 0.00849143 0.0151155 
0.217696 0.0306904 -0.0146821 -0.000850718 0.0346494 0.111946 -0.0120941 0.0383974 0.039107 0.0420346 0.0254162 0.0134609 -0.121674 -0.125701 -0.123293 
2.53076e-34 -0.00163558 5.04631e-34 -0.000446271 1.01198e-33 0.000313191 3.0018e-34 0.00109867 1.05801e-36 0.000257044 -2.57719e-37 -0.000485845 -0.121529 -0.121489 -0.121292 
0.43084 0.309506 0.413208 0.365313 0.421076 0.375805 0.0167894 0.00460154 0.00020869 0.00368842 0.0072707 0.0106 -0.00514835 -0.00822767 -0.00388547 
0.773423 0.353902 0.700668 0.531542 0.741068 0.583449 -0.0574029 -0.0173341 -0.0372973 -0.0255353 -0.0473307 -0.0353039 -0.0944724 -0.0918458 -0.0955227 
0.61021 0.829555 0.361086 0.610756 0.488629 0.720977 -0.0925215 -0.099051 -0.0421439 -0.0759575 -0.0648333 -0.0976244 -0.123613 -0.113938 -0.121982 
0.423504 0.448864 0.496849 0.479677 0.471399 0.437299 -0.0147796 -0.0131234 -0.0178079 -0.0153897 -0.0169352 -0.0149413 0.00435679 0.00756534 0.00422204 
6.59004e-34 4.02055e-34 0.706136 0.405426 0.404901 -2.80309e-34 -2.63604e-34 -2.06841e-34 -0.000920707 -0.000240834 -0.000381759 -4.6907e-34 -0.0535339 -0.0421423 -0.0473343 
0.117779 0.345177 0.362981 0.352425 0.2356 0.227534 0.0228185 0.053669 0.101906 0.0797395 0.0607358 0.0339016 -0.0733589 -0.0729867 -0.0561173 
0.998691 0.997045 0.844044 0.971071 0.967588 0.997872 -0.00165403 -0.0030031 -0.00243783 -0.00312799 -0.00251588 -0.00247142 -0.0507415 -0.0599011 -0.0595745 
0.149918 0.345411 0.276431 0.307295 0.205899 0.237449 -0.0433245 -0.0846181 -0.0702579 -0.0774387 -0.0637252 -0.0642485 -0.0519739 -0.0520595 -0.0587534 
0.999501 0.648532 0.843207 0.755511 0.957876 0.906058 -0.0111079 -0.00544177 -0.0048262 -0.00534867 -0.00865257 -0.0102725 -0.0853852 -0.0801456 -0.0725687 
0.593665 0.362981 0.51146 0.438815 0.556804 0.49028 0.140742 0.101906 0.101691 0.105105 0.12462 0.126367 -0.0368316 -0.0561173 -0.0559917 
4.6855e-34 2.70557e-34 0.390711 0.182184 0.161954 -1.17098e-34 -4.27054e-34 -4.26649e-34 -0.0324227 -0.00855994 -0.0105406 -7.87876e-34 -0.0778451 -0.0838586 -0.0820982 
-0.016019 -0.00163558 -0.0137595 -0.00569465 -0.0153369 -0.0070745 0.011399 0.00109867 0.00558453 0.00339438 0.00814268 0.00460023 -0.121365 -0.121489 -0.121805 
0.217696 0.0143172 0.153259 0.0700485 0.180837 0.0865018 -0.0120941 0.0250765 -0.00617658 0.0116167 -0.00939682 0.0102865 -0.121674 -0.122012 -0.119732 
0.54428 0.855011 0.825258 0.842518 0.715367 0.728068 -0.127567 -0.177739 -0.214993 -0.198382 -0.177049 -0.161312 -0.0627022 -0.0862742 -0.0807519 
0.552216 0.276431 0.473995 0.370705 0.512102 0.408554 -0.0816245 -0.0702579 -0.101127 -0.085456 -0.0925031 -0.0821555 -0.0545282 -0.0587534 -0.0542671 
0.787495 0.679287 0.818707 0.776288 0.803076 0.773878 -0.269521 -0.19508 -0.254914 -0.230473 -0.265638 -0.244041 -0.0713672 -0.0622297 -0.0813224 
0.989576 0.844044 0.997045 0.971071 0.993956 0.978314 -0.0044786 -0.00243783 -0.0030031 -0.00312799 -0.00366012 -0.00419354 -0.0688407 -0.0595745 -0.0599011 
0.998691 0.62492 0.775006 0.704701 0.934969 0.895015 -0.00165403 -0.000898276 -0.00206142 -0.00133219 -0.00223246 -0.0016355 -0.0507415 -0.0512749 -0.060578 
0.957571 0.717912 0.954425 0.912264 0.962686 0.872315 -0.070044 -0.0654877 -0.0747922 -0.0791272 -0.0727414 -0.0727732 -0.109593 -0.117857 -0.103875 
-0.114916 -0.111092 -0.181845 -0.147924 -0.15778 -0.14017 0.0612228 0.0253605 0.0431502 0.0330859 0.0574633 0.050757 -0.129454 -0.126381 -0.130911 
5.0685e-34 -0.0146821 0.0306904 -0.000850718 -0.0122393 -0.0100938 3.80141e-35 0.039107 0.0383974 0.0420346 0.0449941 0.0394769 -0.123414 -0.123293 -0.125701 
0.674108 0.843223 0.855011 0.871349 0.85755 0.778091 -0.150722 -0.218995 -0.177739 -0.208185 -0.198611 -0.194065 -0.128739 -0.105865 -0.0862742 
3.65951e-34 0.700668 0.353902 0.531542 0.181693 0.359464 -4.69966e-34 -0.0372973 -0.0173341 -0.0255353 -0.00680909 -0.012274 -0.0930044 -0.0955227 -0.0918458 
0.884243 0.919523 0.795698 0.876609 0.890045 0.908332 -0.150938 -0.130974 -0.148112 -0.145245 -0.163681 -0.143045 -0.0920484 -0.103266 -0.11964 
0.61021 0.795698 0.919523 0.876609 0.828249 0.713034 -0.0925215 -0.148112 -0.130974 -0.145245 -0.126079 -0.120819 -0.123613 -0.11964 -0.103266 
0.43084 0.413208 0.5028 0.464127 0.472929 0.421076 0.0167894 0.00020869 0.0232674 0.00985792 0.0198915 0.0072707 -0.00514835 -0.00388547 0.000565014 
-2.23169e-34 -0.175711 -0.242535 -0.219224 -0.196502 -0.229134 6.11313e-34 -0.0226876 0.0114109 -0.00264865 0.0101599 0.00731546 -0.122631 -0.111289 -0.128919 
-0.035454 0.153259 0.0143172 0.0700485 -0.0211058 0.0117764 0.0354181 -0.00617658 0.0250765 0.0116167 0.0337 0.0262895 -0.121102 -0.119732 -0.122012 
0.41207 0.529369 0.567028 0.54767 0.498032 0.479883 0.0489026 0.0853552 0.111533 0.0989431 0.0782503 0.0669616 -0.0105255 -0.00742206 -0.0102151 
0.25815 0.162197 0.368323 0.277216 0.317145 0.212427 -0.00707659 -0.00268997 -0.0111246 -0.00691442 -0.00923797 -0.00464399 0.000536545 0.000389118 0.000664084 
0.288194 0.392037 0.188489 0.303288 0.240404 0.344676 -0.00716161 -0.0112366 -0.00291141 -0.00711644 -0.00479632 -0.0093837 0.00286678 0.00133206 0.00141577 
4.22113e-34 6.30961e-34 0.76873 0.444382 0.428911 -4.71324e-34 -4.75114e-34 -4.55574e-34 -0.0210079 -0.00702771 -0.00919694 -9.07927e-34 -0.0950628 -0.0907113 -0.0950367 
0.75 0.437672 0.750034 0.60935 0.749954 0.609481 -3.74319e-37 -0.000154442 -0.000668246 -0.000281822 -0.000351757 -0.000124002 -0.0318111 -0.0376246 -0.0423486 
0.415208 0.392037 0.475239 0.441312 0.449696 0.403866 -0.0108553 -0.0112366 -0.0163673 -0.0140812 -0.0135123 -0.0109644 -0.000107024 0.00133206 0.0015874 
0.40125 0.45384 0.368323 0.416208 0.385464 0.429945 -0.0107864 -0.0161472 -0.0111246 -0.0138826 -0.0108593 -0.013293 0.000118542 0.000975605 0.000664084 
0.897008 0.954425 0.717912 0.912264 0.822886 0.946907 -0.0874574 -0.0747922 -0.0654877 -0.0791272 -0.0781867 -0.0840499 -0.111418 -0.103875 -0.117857 
0.630634 0.698589 0.713049 0.707047 0.692726 0.683608 0.0545009 0.0680753 0.00802837 0.0394091 0.0400061 0.0640521 -0.00849213 -0.0329848 -0.0308502 
0.998691 0.706136 0.937234 0.842944 0.988595 0.935853 -0.00165403 -0.000920707 -0.000763514 -0.00102782 -0.0014013 -0.00161239 -0.0507415 -0.0473343 -0.0408374 
3.03987e-34 1.39096e-34 0.232016 0.129697 0.127682 -8.14939e-35 4.15578e-35 6.79581e-35 -0.00309506 -0.000609793 -0.00122051 1.16603e-34 0.00961338 0.0140276 0.0122917 
0.586041 0.567028 0.581794 0.581412 0.589267 0.599059 0.150619 0.111533 0.126577 0.12148 0.140176 0.134752 -0.0131409 -0.0102151 -0.00683737 
0.989576 0.999317 0.843207 0.965472 0.978118 0.996066 -0.0044786 -0.00744714 -0.0048262 -0.00697508 -0.00597267 -0.00621732 -0.0688407 -0.0768066 -0.0725687 
0.564146 0.714094 0.664398 0.699216 0.614861 0.667742 -0.167993 -0.198616 -0.243354 -0.222959 -0.206605 -0.185093 0.00960507 -0.0211151 -0.0269211 
4.5857e-34 5.74778e-34 0.648532 0.36432 0.360815 -2.01374e-34 -4.16516e-34 -3.70233e-34 -0.00544177 -0.00174362 -0.00200524 -7.7949e-34 -0.0841668 -0.0749009 -0.0801456 
0.415208 0.250033 0.392037 0.327576 0.403866 0.343398 -0.0108553 -0.00430322 -0.0112366 -0.00752735 -0.0109644 -0.00760812 -0.000107024 -9.5652e-05 0.00133206 
0.239788 0.40125 0.368323 0.385464 0.310115 0.330182 -0.00436798 -0.0107864 -0.0111246 -0.0108593 -0.00752603 -0.0076539 0.000106734 0.000118542 0.000664084 
0.833171 0.390711 0.511687 0.451588 0.699098 0.641716 -0.0891973 -0.0324227 -0.0370858 -0.0347814 -0.0646698 -0.0634867 -0.0899979 -0.0820982 -0.0873783 
3.15815e-34 0.586401 4.02055e-34 0.324947 -9.77446e-35 0.325106 -7.45299e-35 -0.000279269 -2.06841e-34 -0.000122958 -3.55588e-34 -8.71645e-05 -0.0303826 -0.0381229 -0.0421423 
4.02055e-34 0.586401 0.706136 0.648881 0.405426 0.324947 -2.06841e-34 -0.000279269 -0.000920707 -0.000503507 -0.000240834 -0.000122958 -0.0421423 -0.0381229 -0.0473343 
0.499968 0.475239 0.487082 0.481692 0.499167 0.496559 -0.0191601 -0.0163673 -0.0178648 -0.017446 -0.0187752 -0.0180204 0.00182078 0.0015874 0.00313492 
0.423504 0.487082 0.475239 0.481692 0.452975 0.461698 -0.0147796 -0.0178648 -0.0163673 -0.017446 -0.0159184 -0.0166736 0.00435679 0.00313492 0.0015874 
4.41845e-34 0.62492 0.750034 0.690584 0.437628 0.349945 2.06045e-34 -0.000898276 -0.000668246 -0.000795911 -0.000209424 -0.000205996 -0.043342 -0.0512749 -0.0423486 
1 0.75 0.986674 0.905339 0.996676 0.9375 -4.9816e-37 -3.74319e-37 -0.000578833 -0.000503876 -0.000545548 -7.71112e-37 -0.0311616 -0.0318111 -0.0388071 
0.999501 0.843207 0.999317 0.965472 0.999788 0.957876 -0.0111079 -0.0048262 -0.00744714 -0.00697508 -0.00898957 -0.00865257 -0.0853852 -0.0725687 -0.0768066 
1.91511e-34 2.19537e-34 0.350652 0.214938 0.198451 -1.27415e-34 -1.57603e-34 -9.43165e-35 -0.0190012 -0.00604985 -0.00881023 -2.29146e-34 0.0295774 0.0181115 0.0233064 
0.546073 0.713049 0.641061 0.688249 0.596894 0.660442 -0.0134406 0.00802837 0.0348231 0.0297163 0.0104851 0.00610491 -0.0620534 -0.0308502 -0.0552409 
1.57801e-34 1.32048e-34 0.266456 0.130118 0.145963 -8.71901e-35 4.11673e-35 5.60238e-35 0.0235212 0.00595855 0.00694231 7.87899e-35 -0.0067027 -0.00996455 -0.00774415 
0.989576 0.775006 0.645729 0.713936 0.87896 0.916808 -0.0044786 -0.00206142 -0.00243259 -0.00230469 -0.00427293 -0.00355569 -0.0688407 -0.060578 -0.0717354 
-1.60982e-35 -5.78145e-35 0.00169994 -0.0577106 -0.0311426 -1.18742e-36 -1.67498e-35 -1.41104e-34 0.0333234 0.012347 0.0109706 -1.90219e-34 -0.00602234 -0.0308659 -0.0189609 
-5.3154e-35 -2.31466e-35 -0.0535993 -0.0285103 -0.0490197 4.01962e-35 -3.45482e-34 -3.17495e-34 -0.0239963 -0.00922708 -0.00734316 -6.41458e-34 -0.068652 -0.0630775 -0.0659693 
2.56561e-35 3.09773e-35 0.0668368 0.0255015 0.0237831 -1.83244e-35 -2.69649e-34 -2.85822e-34 -0.0057223 -0.000557678 -0.00017733 -5.5276e-34 -0.0549393 -0.0579423 -0.0558117 
-5.19382e-35 -1.161e-34 -0.111092 -0.070824 -0.0472684 4.59255e-35 6.32097e-34 6.75302e-34 0.0253605 0.00655246 0.00605175 1.27308e-33 -0.126286 -0.132666 -0.126381 
0.411961 0.545001 0.153259 0.337048 0.27735 0.474824 -0.0464594 -0.057962 -0.00617658 -0.031764 -0.0248398 -0.0519011 -0.11874 -0.118369 -0.119732 
1.01588e-34 4.6855e-34 0.275539 0.130337 0.109554 -8.32882e-35 -3.56251e-34 -4.27054e-34 -0.0313713 -0.00861523 -0.00658473 -7.24345e-34 -0.0711914 -0.0778451 -0.070957 
7.17522e-35 1.78087e-34 0.15432 0.072934 0.0734698 -5.05952e-35 4.70287e-35 3.18811e-35 0.00145695 -0.000521308 0.000444382 7.94354e-35 -0.00937683 -0.00666182 -0.00863561 
0.387383 0.484725 0.489308 0.487849 0.4495 0.444859 -0.00590486 0.0125048 -0.00635887 0.00187468 -0.0055106 0.00211128 0.0123837 0.0113121 0.00777148 
0.937234 0.706136 0.586401 0.648881 0.800327 0.842944 -0.000763514 -0.000920707 -0.000279269 -0.000503507 -0.00057047 -0.00102782 -0.0408374 -0.0473343 -0.0381229 
0.712491 0.664398 0.696891 0.728053 0.704848 0.733728 -0.23095 -0.243354 -0.211828 -0.23689 -0.222614 -0.246913 -0.0473386 -0.0269211 -0.041518 
1 0.986674 0.937234 0.995424 0.984254 0.996676 -4.9816e-37 -0.000578833 -0.000763514 -0.000801213 -0.000660832 -0.000545548 -0.0311616 -0.0388071 -0.0408374 
-4.0606e-35 -5.19382e-35 -0.0676066 -0.0367855 -0.0245246 2.12247e-35 6.22604e-34 6.32097e-34 0.0183456 0.00588672 0.00418455 1.2311e-33 -0.123827 -0.126286 -0.124034 
4.22113e-34 0.76873 0.426183 0.610547 0.225231 0.428911 -4.75114e-34 -0.0210079 -0.0129425 -0.0166229 -0.00470552 -0.00919694 -0.0950628 -0.0950367 -0.0959146 
3.15815e-34 0.75 0.586401 0.673366 0.325106 0.4375 -7.45299e-35 -3.26492e-37 -0.000279269 -0.000167991 -8.71645e-05 -8.94537e-38 -0.0303826 -0.0304704 -0.0381229 
8.74884e-35 4.71962e-35 0.142473 0.0538164 0.0788125 -6.0733e-35 1.10207e-34 6.90776e-35 0.0305194 0.0118897 0.0107322 1.51587e-34 0.02037 0.0114826 0.0166756 
2.98109e-34 1.1825e-34 0.222721 0.122627 0.129485 -8.59894e-35 9.79285e-35 1.11661e-34 0.00983551 0.00364433 0.00168507 1.98252e-34 0.0187911 0.0218079 0.0210207 
-8.83315e-35 -8.31503e-35 -0.0930389 -0.092539 -0.0985805 5.47424e-35 -2.58826e-34 -3.29894e-34 0.00107904 -0.00520741 -0.00218618 -5.92019e-34 -0.052981 -0.0664196 -0.0640455 
1.02303e-35 2.04701e-35 0.0333125 0.0203525 0.0155425 -5.73855e-36 -2.87893e-34 -2.68282e-34 -0.0115744 -0.000605631 -0.00164182 -5.46867e-34 -0.0578759 -0.0544571 -0.0542287 
5.15039e-35 7.17906e-35 0.151243 0.0620682 0.0493224 -3.67389e-35 -3.06649e-34 -3.2951e-34 -0.0213406 -0.00518581 -0.00392616 -6.21255e-34 -0.0615648 -0.0659142 -0.0625483 
3.03357e-35 1.17651e-34 0.18746 0.0948478 0.0427781 -5.90999e-35 -1.29822e-34 -1.83766e-34 -0.0561303 -0.0237603 -0.0246829 -2.51939e-34 0.0213156 0.0326264 0.0271893 
2.17568e-34 1.98251e-34 0.360325 0.197538 0.210961 -1.26988e-34 -3.06476e-35 1.42361e-35 0.0229663 0.00586562 0.00439146 -3.011e-35 0.00715551 -0.00139913 0.0031404 
1.02013e-34 8.71323e-35 0.182003 0.085302 0.093289 -5.84492e-35 6.0265e-35 5.7187e-35 0.00987775 0.00281719 0.00357862 1.08828e-34 -0.0113321 -0.010991 -0.0111804 
0.773423 0.920817 0.511687 0.770948 0.64972 0.865664 -0.0574029 -0.0847198 -0.0370858 -0.0667546 -0.0485746 -0.0725692 -0.0944724 -0.0985342 -0.0873783 
0.674108 0.466646 0.843223 0.693263 0.778091 0.568169 -0.150722 -0.133313 -0.218995 -0.192717 -0.194065 -0.142153 -0.128739 -0.132246 -0.105865 
0.786641 0.843223 0.466646 0.693263 0.653785 0.815956 -0.237072 -0.218995 -0.133313 -0.192717 -0.199093 -0.229361 -0.103451 -0.105865 -0.132246 
0.833171 0.920817 0.829555 0.931899 0.931729 0.882318 -0.0891973 -0.0847198 -0.099051 -0.101984 -0.110136 -0.0879304 -0.0899979 -0.0985342 -0.113938 
0.217696 -0.0146821 0.0143172 -0.00724519 0.0865018 0.0346494 -0.0120941 0.039107 0.0250765 0.0325033 0.0102865 0.0254162 -0.121674 -0.123293 -0.122012 
0.499968 0.487082 0.496849 0.492395 0.500816 0.499167 -0.0191601 -0.0178648 -0.0178079 -0.0179481 -0.0192556 -0.0187752 0.00182078 0.00313492 0.00422204 
2.38192e-34 4.41845e-34 0.437672 0.234527 0.234474 4.78675e-35 7.59701e-35 2.06045e-34 -0.000154442 -0.000137937 -6.75861e-05 3.58384e-34 -0.0319257 -0.043342 -0.0376246 
0.999501 0.83442 0.701278 0.772824 0.93155 0.961789 -0.0111079 -0.00592237 -0.00646296 -0.00642055 -0.0113411 -0.00961612 -0.0853852 -0.080478 -0.0911246 
0.0458355 -0.242535 -0.175711 -0.219224 -0.0759531 -0.13041 -0.0294672 0.0114109 -0.0226876 -0.00264865 -0.019153 0.00978957 -0.136543 -0.128919 -0.111289 
0.833171 0.511687 0.920817 0.770948 0.882318 0.699098 -0.0891973 -0.0370858 -0.0847198 -0.0667546 -0.0879304 -0.0646698 -0.0899979 -0.0873783 -0.0985342 
0.423504 0.496849 0.487082 0.492395 0.461698 0.471399 -0.0147796 -0.0178079 -0.0178648 -0.0179481 -0.0166736 -0.0169352 0.00435679 0.00422204 0.00313492 
-1.161e-34 -2.532e-34 -0.181845 -0.136093 -0.114144 1.06478e-34 6.75302e-34 6.78067e-34 0.0431502 0.0247033 0.0160963 1.27952e-33 -0.132666 -0.130049 -0.130911 
4.41845e-34 0.750034 0.437672 0.60935 0.234527 0.437628 2.06045e-34 -0.000668246 -0.000154442 -0.000281822 -0.000137937 -0.000209424 -0.043342 -0.0423486 -0.0376246 
1.91511e-34 0.350652 0.218187 0.290467 0.129229 0.198451 -1.57603e-34 -0.0190012 -0.0253588 -0.0265524 -0.00781672 -0.00881023 0.0295774 0.0233064 0.0308502 
0.75 0.937234 0.586401 0.800327 0.673366 0.859224 -3.26492e-37 -0.000763514 -0.000279269 -0.00057047 -0.000167991 -0.000497628 -0.0304704 -0.0408374 -0.0381229 
0.479888 0.218187 0.350652 0.290467 0.423187 0.350552 -0.0910334 -0.0253588 -0.0190012 -0.0265524 -0.0548323 -0.0611623 0.02378 0.0308502 0.0233064 
1.57801e-34 0.266456 0.243473 0.2571 0.121447 0.145963 4.11673e-35 0.0235212 0.0141804 0.0190441 0.00444727 0.00694231 -0.0067027 -0.00774415 -0.00390527 
-0.035454 0.0143172 -0.0146821 -0.00724519 -0.0286857 -0.0211058 0.0354181 0.0250765 0.039107 0.0325033 0.0373196 0.0337 -0.121102 -0.122012 -0.123293 
4.41845e-34 4.54581e-34 0.62492 0.350461 0.349945 -1.42328e-34 2.06045e-34 2.61553e-34 -0.000898276 -0.000302936 -0.000205996 4.68586e-34 -0.043342 -0.055067 -0.0512749 
0.483141 0.243473 0.266456 0.2571 0.379927 0.375544 0.0536237 0.0141804 0.0235212 0.0190441 0.03851 0.033002 -0.00554563 -0.00390527 -0.00774415 
1.39096e-34 2.98109e-34 0.228559 0.126734 0.126874 -7.26009e-35 6.79581e-35 9.79285e-35 -0.000871371 8.87219e-05 -0.000487481 1.61113e-34 0.0140276 0.0187911 0.0152154 
4.86583e-34 6.61858e-34 0.645729 0.366485 0.364664 -1.6552e-34 3.18876e-34 3.77284e-34 -0.00243259 -0.00129142 -0.000702934 7.01035e-34 -0.0672075 -0.0800103 -0.0717354 
-0.151574 0.163447 -0.0579748 0.0413731 -0.104564 -0.00669052 0.0305417 -0.0321277 0.0446464 0.0189018 0.0403219 0.0191066 -0.1368 -0.141671 -0.137176 
0.833171 0.829555 0.919523 0.894338 0.906788 0.931729 -0.0891973 -0.099051 -0.130974 -0.118659 -0.115434 -0.110136 -0.0899979 -0.113938 -0.103266 
0.773423 0.511687 0.353902 0.437942 0.583449 0.64972 -0.0574029 -0.0370858 -0.0173341 -0.0247146 -0.0353039 -0.0485746 -0.0944724 -0.0873783 -0.0918458 
-5.78145e-35 -0.0816586 0.00169994 -0.0522571 -0.0577106 -0.068353 -1.41104e-34 0.00882418 0.0333234 0.019868 0.012347 0.0036962 -0.0308659 -0.0440116 -0.0189609 
-1.60982e-35 0.00169994 0.0359722 0.017237 -0.00898035 -0.0311426 -1.67498e-35 0.0333234 0.0218832 0.0285254 0.00688364 0.0109706 -0.00602234 -0.0189609 0.0025921 
-2.31466e-35 -0.007966 -0.0535993 -0.0286689 -0.0285103 -0.00742321 -3.17495e-34 -0.0126941 -0.0239963 -0.0170325 -0.00922708 -0.00403271 -0.0630775 -0.059316 -0.0659693 
-5.3154e-35 -0.0535993 -0.0908936 -0.0722666 -0.0547282 -0.0490197 -3.45482e-34 -0.0239963 -0.0131205 -0.0193625 -0.00530319 -0.00734316 -0.068652 -0.0659693 -0.0687112 
3.09773e-35 0.0595967 0.0668368 0.0634722 0.0255015 0.0192259 -2.85822e-34 -0.00633943 -0.0057223 -0.00684848 -0.000557678 -0.000731098 -0.0579423 -0.059243 -0.0558117 
2.56561e-35 0.0668368 0.0340181 0.0465882 0.0165598 0.0237831 -2.69649e-34 -0.0057223 -0.000261589 -0.00153425 0.000560508 -0.00017733 -0.0549393 -0.0558117 -0.0540979 
0.173495 0.0359722 0.00169994 0.017237 0.0827709 0.100206 0.0769281 0.0218832 0.0333234 0.0285254 0.0583668 0.0508681 0.00153823 0.0025921 -0.0189609 
-0.0132068 -0.0908936 -0.0535993 -0.0722666 -0.0461695 -0.0751015 -0.0193092 -0.0131205 -0.0239963 -0.0193625 -0.0333489 -0.0232067 -0.0741595 -0.0687112 -0.0659693 
0.0852537 0.00169994 -0.0816586 -0.0522571 -0.0197212 0.0272755 0.0640214 0.0333234 0.00882418 0.019868 0.0301717 0.049848 -0.0485475 -0.0189609 -0.0440116 
0.113941 0.0340181 0.0668368 0.0465882 0.0911903 0.0656187 -0.0166419 -0.000261589 -0.0057223 -0.00153425 -0.00863035 -0.00465133 -0.0525308 -0.0540979 -0.0558117 
0.0514829 -0.0535993 -0.007966 -0.0286689 0.000289666 -0.00618978 -0.0444492 -0.0239963 -0.0126941 -0.0170325 -0.0304774 -0.037189 -0.0596125 -0.0659693 -0.059316 
0.284097 0.0668368 0.0595967 0.0634722 0.154132 0.148533 -0.0580337 -0.0057223 -0.00633943 -0.00684848 -0.0249223 -0.0241341 -0.0581729 -0.0558117 -0.059243 
6.61858e-34 0.83442 0.645729 0.748641 0.366485 0.508307 3.77284e-34 -0.00592237 -0.00243259 -0.00375139 -0.00129142 -0.00212455 -0.0800103 -0.080478 -0.0717354 
0.411961 0.361086 0.829555 0.610756 0.640051 0.384746 -0.0464594 -0.0421439 -0.099051 -0.0759575 -0.0758213 -0.0441056 -0.11874 -0.121982 -0.113938 
0.400915 0.266456 0.156458 0.208117 0.28355 0.342042 0.0543378 0.0235212 0.00909242 0.0150583 0.0282823 0.0384031 -0.0106391 -0.00774415 -0.0104038 
1.32048e-34 0.156458 0.266456 0.208117 0.130118 0.083149 5.60238e-35 0.00909242 0.0235212 0.0150583 0.00595855 0.00261108 -0.00996455 -0.0104038 -0.00774415 
0.0678443 -0.199379 -0.0319931 -0.135994 0.00231546 -0.0927099 -0.0924897 -0.019779 -0.0631108 -0.040442 -0.0770416 -0.0494588 -0.0807222 -0.079043 -0.0364431 
7.73699e-35 0.162197 1.88784e-34 0.0838625 -3.41269e-35 0.0853919 -1.65404e-36 -0.00268997 -6.13198e-36 -0.00118517 -2.89612e-36 -0.000946168 0.000201876 0.000389118 0.000439108 
2.53199e-34 0.353902 0.511687 0.437942 0.251987 0.167983 -4.58354e-34 -0.0173341 -0.0370858 -0.0247146 -0.00890469 -0.00535988 -0.0912322 -0.0918458 -0.0873783 
0.217696 0.416115 0.0306904 0.156985 0.111946 0.303355 -0.0120941 -0.0455745 0.0383974 0.000796761 0.0134609 -0.0258105 -0.121674 -0.126111 -0.125701 
-1.55166e-34 -0.0319931 -0.199379 -0.135994 -0.168673 -0.157245 2.51885e-34 -0.0631108 -0.019779 -0.040442 -0.00675266 -0.0185629 -0.0547188 -0.0364431 -0.079043 
8.44472e-35 2.178e-34 0.188489 0.100976 0.0993399 -4.75473e-35 -1.65352e-36 8.1487e-36 -0.00291141 -0.00124888 -0.00101306 1.14539e-35 -0.000194926 0.00245415 0.00141577 
0.580961 0.350652 0.294955 0.332472 0.456303 0.483402 -0.00337606 -0.0190012 0.00448687 -0.00586811 -0.000682701 -0.0215458 0.00502548 0.0233064 0.0126768 
0.171848 -0.0579748 0.163447 0.0413731 0.169382 0.0568631 -0.004303 0.0446464 -0.0321277 0.0189018 -0.0183625 0.0276227 -0.137484 -0.137176 -0.141671 
8.74884e-35 0.142473 0.149379 0.150723 0.0735202 0.0788125 1.10207e-34 0.0305194 0.0119255 0.0202332 0.00455456 0.0107322 0.02037 0.0166756 0.021306 
2.19537e-34 0.294955 0.350652 0.332472 0.214938 0.165628 -9.43165e-35 0.00448687 -0.0190012 -0.00586811 -0.00604985 -0.00144879 0.0181115 0.0126768 0.0233064 
1.17651e-34 0.218187 0.18746 0.210391 0.0948478 0.103779 -1.83766e-34 -0.0253588 -0.0561303 -0.041459 -0.0237603 -0.0110235 0.0326264 0.0308502 0.0271893 
4.71962e-35 0.0359722 0.142473 0.0884607 0.0538164 0.0124009 6.90776e-35 0.0218832 0.0305194 0.0272373 0.0118897 0.00704384 0.0114826 0.0025921 0.0166756 
3.03357e-35 0.18746 -0.00716661 0.0884087 -0.0244661 0.0427781 -1.29822e-34 -0.0561303 -0.0385913 -0.05053 -0.0130036 -0.0246829 0.0213156 0.0271893 0.00537735 
1.98251e-34 0.243473 0.360325 0.304865 0.197538 0.1354 1.42361e-35 0.0141804 0.0229663 0.0177765 0.00586562 0.00380499 -0.00139913 -0.00390527 0.0031404 
-8.83315e-35 -0.0930389 -0.0816586 -0.0924284 -0.0785265 -0.0985805 -2.58826e-34 0.00107904 0.00882418 0.00864901 0.00158739 -0.00218618 -0.052981 -0.0640455 -0.0440116 
-8.31503e-35 -0.0908936 -0.0930389 -0.0994416 -0.092539 -0.0654687 -3.29894e-34 -0.0131205 0.00107904 -0.00640673 -0.00520741 -0.00400916 -0.0664196 -0.0687112 -0.0640455 
1.02303e-35 0.0333125 -0.007966 0.0134858 0.00311303 0.0155425 -2.87893e-34 -0.0115744 -0.0126941 -0.0141961 -0.0023474 -0.00164182 -0.0578759 -0.0542287 -0.059316 
2.04701e-35 0.0340181 0.0333125 0.0352819 0.0203525 0.0155029 -2.68282e-34 -0.000261589 -0.0115744 -0.00429239 -0.000605631 0.000152383 -0.0544571 -0.0540979 -0.0542287 
5.15039e-35 0.151243 0.0595967 0.0979266 0.0246357 0.0493224 -3.06649e-34 -0.0213406 -0.00633943 -0.0126113 -0.00132249 -0.00392616 -0.0615648 -0.0625483 -0.059243 
2.17568e-34 0.360325 0.294955 0.332258 0.164184 0.210961 -3.06476e-35 0.0229663 0.00448687 0.0117442 0.000945684 0.00439146 0.00715551 0.0031404 0.0126768 
7.17906e-35 0.134755 0.151243 0.146443 0.0620682 0.049457 -3.2951e-34 -0.0127121 -0.0213406 -0.0170796 -0.00518581 -0.00329229 -0.0659142 -0.0678478 -0.0625483 
8.71323e-35 0.112023 0.182003 0.144107 0.085302 0.055174 5.7187e-35 0.00288486 0.00987775 0.00563453 0.00281719 0.00119057 -0.010991 -0.0102859 -0.0111804 
1.02013e-34 0.182003 0.156458 0.169664 0.0746114 0.093289 6.0265e-35 0.00987775 0.00909242 0.0106729 0.00229984 0.00357862 -0.0113321 -0.0111804 -0.0104038 
0.0458355 0.466646 0.163447 0.313204 0.107922 0.256109 -0.0294672 -0.133313 -0.0321277 -0.081944 -0.0275105 -0.0822359 -0.136543 -0.132246 -0.141671 
0.507316 0.507745 0.484725 0.502112 0.509652 0.508986 0.00847243 -0.0017481 0.0125048 0.00398822 0.0102017 0.00306937 0.00295987 0.00570164 0.0113121 
8.44472e-35 0.188489 0.250033 0.220246 0.135493 0.0993399 -1.65352e-36 -0.00291141 -0.00430322 -0.00361239 -0.00138179 -0.00101306 -0.000194926 0.00141577 -9.5652e-05 
-0.0833047 0.0857953 -0.0292691 0.011969 -0.0547504 -0.0105136 0.0555757 0.0232068 0.0415372 0.0372409 0.0471531 0.0469643 -0.123213 -0.120315 -0.120479 
7.73699e-35 0.239788 0.162197 0.202055 0.0853919 0.12978 -1.65404e-36 -0.00436798 -0.00268997 -0.00353081 -0.000946168 -0.00142468 0.000201876 0.000106734 0.000389118 
0.319144 0.467564 0.413208 0.443006 0.366807 0.404444 -0.00951621 -0.00809755 0.00020869 -0.00426379 -0.00626195 -0.00991907 -0.00303936 7.99932e-05 -0.00388547 
2.70557e-34 0.511687 0.390711 0.451588 0.182184 0.227811 -4.26649e-34 -0.0370858 -0.0324227 -0.0347814 -0.00855994 -0.00930924 -0.0838586 -0.0873783 -0.0820982 
0.0458355 -0.175711 0.217278 0.00132657 0.127873 -0.0759531 -0.0294672 -0.0226876 -0.11354 -0.0524995 -0.0730895 -0.019153 -0.136543 -0.111289 -0.115778 
0.0678443 0.217278 -0.175711 0.00132657 -0.0746006 0.136855 -0.0924897 -0.11354 -0.0226876 -0.0524995 -0.0473518 -0.100595 -0.0807222 -0.115778 -0.111289 
0.674108 0.795698 0.441277 0.633111 0.561367 0.735893 -0.150722 -0.148112 -0.0718126 -0.114746 -0.109017 -0.152495 -0.128739 -0.11964 -0.131114 
1.78087e-34 8.71921e-35 0.147796 0.0718914 0.0709908 -4.45443e-35 3.18811e-35 1.62274e-35 -0.00306136 -0.000798352 -0.00108191 5.12772e-35 -0.00666182 -0.00357898 -0.00465407 
0.500466 0.507745 0.467564 0.499057 0.488543 0.505125 -0.0140002 -0.0017481 -0.00809755 -0.00502223 -0.0115368 -0.00918651 0.00335467 0.00570164 7.99932e-05 
0.507316 0.467564 0.507745 0.499057 0.508986 0.490427 0.00847243 -0.00809755 -0.0017481 -0.00502223 0.00306937 -0.00134163 0.00295987 7.99932e-05 0.00570164 
0.486876 0.492654 0.49978 0.499229 0.495453 0.499945 -0.0147131 -0.0147438 -0.0169287 -0.0157919 -0.015793 -0.0150246 6.85123e-05 -5.85931e-05 0.00090732 
0.0678443 -0.175711 -0.199379 -0.196009 -0.0927099 -0.0746006 -0.0924897 -0.0226876 -0.019779 -0.0226106 -0.0494588 -0.0473518 -0.0807222 -0.111289 -0.079043 
-2.06809e-34 -0.199379 -0.175711 -0.196009 -0.229634 -0.18619 4.65004e-34 -0.019779 -0.0226876 -0.0226106 0.00189836 -0.000392396 -0.0948665 -0.079043 -0.111289 
0.387383 0.489308 0.448864 0.471555 0.421768 0.4495 -0.00590486 -0.00635887 -0.0131234 -0.0105712 -0.0099007 -0.0055106 0.0123837 0.00777148 0.00756534 
4.54581e-34 0.775006 0.62492 0.704701 0.350461 0.456946 2.61553e-34 -0.00206142 -0.000898276 -0.00133219 -0.000302936 -0.000646318 -0.055067 -0.060578 -0.0512749 
0.998691 0.775006 0.997045 0.930128 0.997872 0.934969 -0.00165403 -0.00206142 -0.0030031 -0.00283258 -0.00247142 -0.00223246 -0.0507415 -0.060578 -0.0599011 
0.989576 0.997045 0.775006 0.930128 0.916808 0.993956 -0.0044786 -0.0030031 -0.00206142 -0.00283258 -0.00355569 -0.00366012 -0.0688407 -0.0599011 -0.060578 
0.612495 0.217278 0.483173 0.347986 0.545985 0.413054 -0.220927 -0.11354 -0.207643 -0.162 -0.216119 -0.164409 -0.103443 -0.115778 -0.0778038 
0.0678443 0.483173 0.217278 0.347986 0.136855 0.275193 -0.0924897 -0.207643 -0.11354 -0.162 -0.100595 -0.150073 -0.0807222 -0.0778038 -0.115778 
7.47101e-34 5.0685e-34 0.0306904 -0.0122393 0.0301381 1.06991e-33 3.14335e-34 3.80141e-35 0.0383974 0.0449941 0.0286641 8.09142e-36 -0.137991 -0.123414 -0.125701 
0.400915 0.509331 0.266456 0.400148 0.342042 0.456467 0.0543378 0.0781812 0.0235212 0.0466407 0.0384031 0.0674587 -0.0106391 -0.00911165 -0.00774415 
0.580961 0.614927 0.350652 0.49726 0.483402 0.602976 -0.00337606 -0.058008 -0.0190012 -0.0460802 -0.0215458 -0.0283259 0.00502548 0.0102474 0.0233064 
0.217696 0.717912 0.772404 0.742619 0.517933 0.483057 -0.0120941 -0.0654877 -0.055995 -0.0607434 -0.0472212 -0.0444596 -0.121674 -0.117857 -0.119743 
-2.06809e-34 -1.55166e-34 -0.199379 -0.168673 -0.18619 1.13281e-35 4.65004e-34 2.51885e-34 -0.019779 -0.00675266 -0.000392396 7.48352e-34 -0.0948665 -0.0547188 -0.079043 
0.989576 0.645729 0.83442 0.748641 0.935593 0.87896 -0.0044786 -0.00243259 -0.00592237 -0.00375139 -0.00578286 -0.00427293 -0.0688407 -0.0717354 -0.080478 
0.284097 0.23814 0.0668368 0.137633 0.148533 0.260842 -0.0580337 -0.0491357 -0.0057223 -0.020803 -0.0241341 -0.054619 -0.0581729 -0.0540349 -0.0558117 
0.0514829 0.062678 -0.0535993 -0.0121893 -0.00618978 0.0584694 -0.0444492 -0.0457671 -0.0239963 -0.0412857 -0.037189 -0.0523947 -0.0596125 -0.0709944 -0.0659693 
0.0852537 0.190854 0.00169994 0.0844386 0.0272755 0.133428 0.0640214 0.097902 0.0333234 0.0670686 0.049848 0.0845165 -0.0485475 -0.0197255 -0.0189609 
1.1825e-34 0.149379 0.222721 0.187792 0.122627 0.0841564 1.11661e-34 0.0119255 0.00983551 0.0120691 0.00364433 0.00357808 0.0218079 0.021306 0.0210207 
1.1825e-34 8.74884e-35 0.149379 0.0735202 0.0841564 -2.10264e-35 1.11661e-34 1.10207e-34 0.0119255 0.00455456 0.00357808 2.06992e-34 0.0218079 0.02037 0.021306 
0.287705 0.222721 0.149379 0.187792 0.224294 0.261733 0.0436916 0.00983551 0.0119255 0.0120691 0.0285582 0.0254735 0.0211288 0.0210207 0.021306 
1.17651e-34 1.91511e-34 0.218187 0.129229 0.103779 -2.26461e-35 -1.83766e-34 -1.57603e-34 -0.0253588 -0.00781672 -0.0110235 -3.05434e-34 0.0326264 0.0295774 0.0308502 
3.9582e-34 4.22113e-34 0.426183 0.225231 0.216244 -1.73173e-35 -4.89822e-34 -4.75114e-34 -0.0129425 -0.00470552 -0.00362637 -9.42726e-34 -0.0973557 -0.0950628 -0.0959146 
2.53199e-34 3.65951e-34 0.353902 0.181693 0.167983 -2.65455e-35 -4.58354e-34 -4.69966e-34 -0.0173341 -0.00680909 -0.00535988 -9.02251e-34 -0.0912322 -0.0930044 -0.0918458 
1.98251e-34 1.57801e-34 0.243473 0.121447 0.1354 -1.97057e-35 1.42361e-35 4.11673e-35 0.0141804 0.00444727 0.00380499 3.96362e-35 -0.00139913 -0.0067027 -0.00390527 
-5.78145e-35 -8.83315e-35 -0.0816586 -0.0785265 -0.068353 -9.0131e-36 -1.41104e-34 -2.58826e-34 0.00882418 0.00158739 0.0036962 -4.16097e-34 -0.0308659 -0.052981 -0.0440116 
4.71962e-35 -1.60982e-35 0.0359722 -0.00898035 0.0124009 -1.92071e-35 6.90776e-35 -1.67498e-35 0.0218832 0.00688364 0.00704384 2.63423e-35 0.0114826 -0.00602234 0.0025921 
-2.31466e-35 1.02303e-35 -0.007966 0.00311303 -0.00742321 6.74944e-36 -3.17495e-34 -2.87893e-34 -0.0126941 -0.0023474 -0.00403271 -5.90372e-34 -0.0630775 -0.0578759 -0.059316 
-8.31503e-35 -5.3154e-35 -0.0908936 -0.0547282 -0.0654687 1.04633e-35 -3.29894e-34 -3.45482e-34 -0.0131205 -0.00530319 -0.00400916 -6.64745e-34 -0.0664196 -0.068652 -0.0687112 
3.09773e-35 5.15039e-35 0.0595967 0.0246357 0.0192259 -6.25133e-36 -2.85822e-34 -3.06649e-34 -0.00633943 -0.00132249 -0.000731098 -5.8496e-34 -0.0579423 -0.0615648 -0.059243 
2.04701e-35 2.56561e-35 0.0340181 0.0165598 0.0155029 -2.94349e-36 -2.68282e-34 -2.69649e-34 -0.000261589 0.000560508 0.000152383 -5.34969e-34 -0.0544571 -0.0549393 -0.0540979 
0.957571 0.772404 0.717912 0.742619 0.872315 0.892343 -0.070044 -0.055995 -0.0654877 -0.0607434 -0.0727732 -0.0673859 -0.109593 -0.119743 -0.117857 
8.71323e-35 7.17522e-35 0.112023 0.0526227 0.055174 -9.23347e-36 5.7187e-35 4.70287e-35 0.00288486 0.000815356 0.00119057 1.00804e-34 -0.010991 -0.00937683 -0.0102859 
1.32048e-34 1.02013e-34 0.156458 0.0746114 0.083149 -1.19737e-35 5.60238e-35 6.0265e-35 0.00909242 0.00229984 0.00261108 1.04718e-34 -0.00996455 -0.0113321 -0.0104038 
7.17906e-35 1.01588e-34 0.134755 0.0619804 0.049457 -1.10244e-35 -3.2951e-34 -3.56251e-34 -0.0127121 -0.0029441 -0.00329229 -6.70778e-34 -0.0659142 -0.0711914 -0.0678478 
2.19537e-34 2.17568e-34 0.294955 0.164184 0.165628 -1.70377e-35 -9.43165e-35 -3.06476e-35 0.00448687 0.000945684 -0.00144879 -1.2398e-34 0.0181115 0.00715551 0.0126768 
-8.41234e-35 3.03357e-35 -0.00716661 -0.0244661 -0.0643462 -2.40743e-35 2.367e-35 -1.29822e-34 -0.0385913 -0.0130036 -0.0113341 -5.79735e-35 -0.00938317 0.0213156 0.00537735 
0.679287 0.825258 0.818707 0.82802 0.776288 0.758913 -0.19508 -0.214993 -0.254914 -0.2385 -0.230473 -0.211109 -0.0622297 -0.0807519 -0.0813224 
0.878616 0.772404 0.979117 0.926192 0.956867 0.828546 -0.0478321 -0.055995 -0.0577438 -0.0626877 -0.058443 -0.0532766 -0.117949 -0.119743 -0.108 
4.98542e-34 5.04631e-34 -0.00526889 -0.000802181 -0.00184397 1.00982e-33 1.2033e-35 1.05801e-36 0.0064777 0.00120765 0.00518775 -7.91543e-37 -0.120923 -0.121292 -0.121468 
0.999501 0.999317 0.83442 0.953451 0.961789 0.999788 -0.0111079 -0.00744714 -0.00592237 -0.00738889 -0.00961612 -0.00898957 -0.0853852 -0.0768066 -0.080478 
0.989576 0.83442 0.999317 0.953451 0.996066 0.935593 -0.0044786 -0.00592237 -0.00744714 -0.00738889 -0.00621732 -0.00578286 -0.0688407 -0.080478 -0.0768066 
2.38192e-34 0.437672 0.75 0.609481 0.4375 0.234474 7.59701e-35 -0.000154442 -3.74319e-37 -0.000124002 -1.31562e-37 -6.75861e-05 -0.0319257 -0.0376246 -0.0318111 
0.268919 0.297633 -0.0319931 0.120672 0.105014 0.278787 -0.129246 -0.160027 -0.0631108 -0.110244 -0.102185 -0.145261 -0.00370983 -0.0382883 -0.0364431 
1.01588e-34 0.275539 0.134755 0.199675 0.0619804 0.109554 -3.56251e-34 -0.0313713 -0.0127121 -0.020358 -0.0029441 -0.00658473 -0.0711914 -0.070957 -0.0678478 
0.446175 0.134755 0.275539 0.199675 0.367115 0.280268 -0.076702 -0.0127121 -0.0313713 -0.020358 -0.0506638 -0.0369162 -0.06721 -0.0678478 -0.070957 
0.957571 0.979117 0.772404 0.926192 0.892343 0.971945 -0.070044 -0.0577438 -0.055995 -0.0626877 -0.0673859 -0.0644456 -0.109593 -0.108 -0.119743 
0.786641 0.818707 0.825258 0.82802 0.840726 0.816862 -0.237072 -0.254914 -0.214993 -0.2385 -0.242162 -0.253082 -0.103451 -0.0813224 -0.0807519 
0.279814 0.112023 0.15432 0.132717 0.215071 0.196721 0.0140559 0.00288486 0.00145695 0.00254654 0.00660869 0.00804397 -0.0104403 -0.0102859 -0.00863561 
7.17522e-35 0.15432 0.112023 0.132717 0.0526227 0.0734698 4.70287e-35 0.00145695 0.00288486 0.00254654 0.000815356 0.000444382 -0.00937683 -0.00863561 -0.0102859 
-0.051041 -0.0359215 -0.0137595 -0.0255763 -0.0310151 -0.0441667 0.0231795 0.0216585 0.00558453 0.0127829 0.012421 0.022854 -0.121561 -0.121492 -0.121805 
0.878616 0.416115 0.772404 0.61815 0.828546 0.698487 -0.0478321 -0.0455745 -0.055995 -0.0526604 -0.0532766 -0.0476334 -0.117949 -0.126111 -0.119743 
-5.19382e-35 -0.111092 -0.0676066 -0.0871816 -0.0367855 -0.0472684 6.32097e-34 0.0253605 0.0183456 0.0216448 0.00588672 0.00605175 -0.126286 -0.126381 -0.124034 
7.47101e-34 0.0306904 0.416115 0.156985 0.23042 0.0301381 3.14335e-34 0.0383974 -0.0455745 0.000796761 -0.0281372 0.0286641 -0.137991 -0.125701 -0.126111 
-0.114916 -0.181845 -0.0579748 -0.151866 -0.0910384 -0.15778 0.0612228 0.0431502 0.0446464 0.0549164 0.0578545 0.0574633 -0.129454 -0.130911 -0.137176 
0.173495 0.00169994 0.190854 0.0844386 0.178714 0.0827709 0.0769281 0.0333234 0.097902 0.0670686 0.088928 0.0583668 0.00153823 -0.0189609 -0.0197255 
-0.151574 -0.0579748 -0.181845 -0.151866 -0.183971 -0.104564 0.0305417 0.0446464 0.0431502 0.0549164 0.0437616 0.0403219 -0.1368 -0.137176 -0.130911 
-0.0132068 -0.0535993 0.062678 -0.0121893 0.0253435 -0.0461695 -0.0193092 -0.0239963 -0.0457671 -0.0412857 -0.0338681 -0.0333489 -0.0741595 -0.0659693 -0.0709944 
0.113941 0.0668368 0.23814 0.137633 0.165019 0.0911903 -0.0166419 -0.0057223 -0.0491357 -0.020803 -0.0280626 -0.00863035 -0.0525308 -0.0558117 -0.0540349 
0.479888 0.350652 0.614927 0.49726 0.557249 0.423187 -0.0910334 -0.0190012 -0.058008 -0.0460802 -0.0752341 -0.0548323 0.02378 0.0233064 0.0102474 
0.483141 0.266456 0.509331 0.400148 0.499075 0.379927 0.0536237 0.0235212 0.0781812 0.0466407 0.0676944 0.03851 -0.00554563 -0.00774415 -0.00911165 
0.362981 0.345177 0.51146 0.433559 0.438815 0.352425 0.101906 0.053669 0.101691 0.0811944 0.105105 0.0797395 -0.0561173 -0.0729867 -0.0559917 
0.574762 0.483173 0.297633 0.388294 0.443731 0.529063 -0.235266 -0.207643 -0.160027 -0.186672 -0.199628 -0.222519 -0.049856 -0.0778038 -0.0382883 
0.575301 0.51146 0.345177 0.433559 0.466848 0.541998 0.067905 0.101691 0.053669 0.0811944 0.0645603 0.0851009 -0.0601465 -0.0559917 -0.0729867 
0.855011 0.843223 0.825258 0.854408 0.842518 0.871349 -0.177739 -0.218995 -0.214993 -0.228281 -0.198382 -0.208185 -0.0862742 -0.105865 -0.0807519 
1.39096e-34 0.228559 0.232016 0.230633 0.129697 0.126874 6.79581e-35 -0.000871371 -0.00309506 -0.00212696 -0.000609793 -0.000487481 0.0140276 0.0152154 0.0122917 
0.276431 0.345411 0.473995 0.413093 0.370705 0.307295 -0.0702579 -0.0846181 -0.101127 -0.0988277 -0.085456 -0.0774387 -0.0587534 -0.0520595 -0.0542671 
0.786641 0.825258 0.843223 0.854408 0.815956 0.840726 -0.237072 -0.214993 -0.218995 -0.228281 -0.229361 -0.242162 -0.103451 -0.0807519 -0.105865 
0.610083 0.473995 0.345411 0.413093 0.487293 0.541872 -0.158712 -0.101127 -0.0846181 -0.0988277 -0.12432 -0.128378 -0.0462272 -0.0542671 -0.0520595 
8.71921e-35 0.169258 0.147796 0.158179 0.0718914 0.0822392 1.62274e-35 -0.00433743 -0.00306136 -0.00369558 -0.000798352 -0.000949581 -0.00357898 -0.0029494 -0.00465407 
0.531241 0.5028 0.517459 0.518289 0.52436 0.520145 0.0585213 0.0232674 0.03568 0.0298031 0.0465389 0.0394292 0.00367346 0.000565014 0.00762484 
0.462417 0.47586 0.532081 0.51179 0.501681 0.469069 0.0744283 0.113742 0.0921248 0.103788 0.0830095 0.0937206 0.0151155 0.00849143 0.00587381 
0.557843 0.532081 0.47586 0.51179 0.528205 0.545641 0.113835 0.0921248 0.113742 0.103788 0.116767 0.103456 4.0747e-06 0.00587381 0.00849143 
0.878616 0.979117 0.988493 0.984054 0.965904 0.956867 -0.0478321 -0.0577438 -0.0445481 -0.0519488 -0.0524392 -0.058443 -0.117949 -0.108 -0.106298 
0.557843 0.581794 0.529369 0.563622 0.558322 0.570014 0.113835 0.126577 0.0853552 0.106821 0.100217 0.121435 4.0747e-06 -0.00683737 -0.00742206 
0.567028 0.529369 0.581794 0.563622 0.581412 0.54767 0.111533 0.0853552 0.126577 0.106821 0.12148 0.0989431 -0.0102151 -0.00742206 -0.00683737 
0.341986 0.222721 0.365369 0.301578 0.356729 0.287932 0.00801708 0.00983551 0.0325772 0.0222956 0.0187097 0.0114612 0.0178524 0.0210207 0.0197418 
0.287705 0.365369 0.222721 0.301578 0.261733 0.330111 0.0436916 0.0325772 0.00983551 0.0222956 0.0254735 0.0389558 0.0211288 0.0197418 0.0210207 
0.773423 0.954425 0.920817 0.93889 0.865664 0.89486 -0.0574029 -0.0747922 -0.0847198 -0.0806031 -0.0725692 -0.0697214 -0.0944724 -0.103875 -0.0985342 
0.153259 0.545001 0.717912 0.630759 0.406853 0.337048 -0.00617658 -0.057962 -0.0654877 -0.0621205 -0.0391089 -0.031764 -0.119732 -0.118369 -0.117857 
0.575301 0.641061 0.698589 0.680295 0.659967 0.60823 0.067905 0.0348231 0.0680753 0.0600193 0.0794226 0.0516809 -0.0601465 -0.0552409 -0.0329848 
0.713049 0.698589 0.641061 0.680295 0.688249 0.707047 0.00802837 0.0680753 0.0348231 0.0600193 0.0297163 0.0394091 -0.0308502 -0.0329848 -0.0552409 
0.897008 0.920817 0.954425 0.93889 0.946907 0.946307 -0.0874574 -0.0847198 -0.0747922 -0.0806031 -0.0840499 -0.0912763 -0.111418 -0.0985342 -0.103875 
0.217696 0.772404 0.416115 0.61815 0.303355 0.517933 -0.0120941 -0.055995 -0.0455745 -0.0526604 -0.0258105 -0.0472212 -0.121674 -0.119743 -0.126111 
0.610083 0.696891 0.714094 0.714795 0.694835 0.656934 -0.158712 -0.211828 -0.198616 -0.20857 -0.182464 -0.184993 -0.0462272 -0.041518 -0.0211151 
0.897008 0.717912 0.545001 0.630759 0.761296 0.822886 -0.0874574 -0.0654877 -0.057962 -0.0621205 -0.0776752 -0.0781867 -0.111418 -0.117857 -0.118369 
0.639452 0.670966 0.275539 0.477398 0.452026 0.658733 -0.079077 -0.108798 -0.0313713 -0.0646088 -0.0517285 -0.094198 -0.078307 -0.0757056 -0.070957 
0.664398 0.714094 0.696891 0.714795 0.728053 0.699216 -0.243354 -0.198616 -0.211828 -0.20857 -0.23689 -0.222959 -0.0269211 -0.0211151 -0.041518 
0.859143 0.988493 0.979117 0.984054 0.948387 0.948723 -0.0384798 -0.0445481 -0.0577438 -0.0519488 -0.0491992 -0.0430573 -0.100097 -0.106298 -0.108 
0.115541 0.361086 0.0857953 0.203645 0.10695 0.216936 0.02411 -0.0421439 0.0232068 -0.00438512 0.0258043 -0.00697086 -0.128502 -0.121982 -0.120315 
0.411961 0.0857953 0.361086 0.203645 0.384746 0.212895 -0.0464594 0.0232068 -0.0421439 -0.00438512 -0.0441056 -0.010323 -0.11874 -0.120315 -0.121982 
0.245412 0.309506 0.15432 0.233875 0.200313 0.27591 -0.00191178 0.00460154 0.00145695 0.00397894 0.000796415 0.0008455 -0.00622551 -0.00822767 -0.00863561 
-0.016019 -0.0137595 -0.0359215 -0.0255763 -0.0254038 -0.0153369 0.011399 0.00558453 0.0216585 0.0127829 0.0164768 0.00814268 -0.121365 -0.121805 -0.121492 
0.446175 0.275539 0.670966 0.477398 0.561721 0.367115 -0.076702 -0.0313713 -0.108798 -0.0646088 -0.0938709 -0.0506638 -0.06721 -0.070957 -0.0757056 
0.279814 0.15432 0.309506 0.233875 0.293949 0.215071 0.0140559 0.00145695 0.00460154 0.00397894 0.00952016 0.00660869 -0.0104403 -0.00863561 -0.00822767 
0.484725 0.507745 0.489308 0.501799 0.487849 0.502112 0.0125048 -0.0017481 -0.00635887 -0.00480078 0.00187468 0.00398822 0.0113121 0.00570164 0.00777148 
0.61021 0.441277 0.795698 0.633111 0.713034 0.52116 -0.0925215 -0.0718126 -0.148112 -0.114746 -0.120819 -0.0814582 -0.123613 -0.131114 -0.11964 
0.787495 0.745839 0.704476 0.757191 0.766116 0.767106 -0.269521 -0.26833 -0.226375 -0.257116 -0.255681 -0.271368 -0.0713672 -0.0549694 -0.0556882 
0.552216 0.642804 0.427544 0.543514 0.487358 0.599896 -0.0816245 -0.0500962 -0.0527063 -0.0502289 -0.0668474 -0.0679267 -0.0545282 -0.0499862 -0.0658216 
0.593665 0.629855 0.530656 0.593696 0.562387 0.620371 0.140742 0.148862 0.151634 0.153993 0.148515 0.150343 -0.0368316 -0.0223594 -0.0272145 
0.500466 0.489308 0.507745 0.501799 0.505125 0.503736 -0.0140002 -0.00635887 -0.0017481 -0.00480078 -0.00918651 -0.0111254 0.00335467 0.00777148 0.00570164 
0.507316 0.517459 0.5028 0.518289 0.505475 0.516085 0.00847243 0.03568 0.0232674 0.0298031 0.0154684 0.0208012 0.00295987 0.00762484 0.000565014 
0.586041 0.530656 0.629855 0.593696 0.60832 0.564342 0.150619 0.151634 0.148862 0.153993 0.150613 0.155491 -0.0131409 -0.0272145 -0.0223594 
0.546073 0.427544 0.642804 0.543514 0.594415 0.487746 -0.0134406 -0.0527063 -0.0500962 -0.0502289 -0.0312682 -0.0343079 -0.0620534 -0.0658216 -0.0499862 
0.712491 0.704476 0.745839 0.757191 0.747654 0.710063 -0.23095 -0.226375 -0.26833 -0.257116 -0.255298 -0.230313 -0.0473386 -0.0556882 -0.0549694 
5.04631e-34 -0.00163558 -0.00526889 -0.00399393 -0.000802181 -0.000446271 1.05801e-36 0.00109867 0.0064777 0.00319822 0.00120765 0.000257044 -0.121292 -0.121489 -0.121468 
-0.016019 -0.00526889 -0.00163558 -0.00399393 -0.0070745 -0.0108461 0.011399 0.0064777 0.00109867 0.00319822 0.00460023 0.00939311 -0.121365 -0.121468 -0.121489 
4.98542e-34 -0.00526889 -0.0212081 -0.0119723 -0.00675589 -0.00184397 1.2033e-35 0.0064777 0.025956 0.0150696 0.0178546 0.00518775 -0.120923 -0.121468 -0.12176 
-0.016019 -0.0212081 -0.00526889 -0.0119723 -0.0108461 -0.0198571 0.011399 0.025956 0.0064777 0.0150696 0.00939311 0.0183888 -0.121365 -0.12176 -0.121468 
