0.44225 0.833349 7.59629e-34 0.554048 0.245469 0.670779 -0.0539942 -0.0314088 3.03496e-34 -0.0386454 -0.0335876 -0.0517729 -0.123181 -0.114752 -0.136073 
-0.0943393 -0.114596 0.272724 0.0893092 0.0923404 -0.0999708 0.0667766 0.0215281 -0.0407006 -0.00650888 0.0222263 0.0493995 -0.166747 -0.174127 -0.176729 
0.500059 0.463264 0.494888 0.496334 0.498585 0.491343 -0.00135962 0.00141133 0.000814994 0.0012979 -0.000475401 -0.000234983 0.0109602 0.0139223 0.0114761 
0.500479 0.435883 0.505226 0.490096 0.503353 0.480746 0.0393232 0.0527206 0.0473032 0.0514333 0.043709 0.0460828 0.0165213 0.0180896 0.0163317 
0.564456 0.406289 0.609996 0.537526 0.586149 0.509011 0.0615911 0.0470866 0.0219152 0.0408441 0.0450242 0.0634968 -0.000244238 -0.0401038 -0.00491891 
0.351685 0.35445 0.814276 0.611497 0.616113 0.349215 -0.14411 -0.213177 -0.304909 -0.273783 -0.246856 -0.183401 -0.163865 -0.122617 -0.107528 
0.38688 0.310231 0.206704 0.261369 0.307611 0.351176 -0.00143615 -0.00131822 -0.000570366 -0.000989985 -0.00100777 -0.0014451 0.0124454 0.0105269 0.0127205 
0.698498 0.583783 0.675715 0.66075 0.689278 0.690257 -0.159698 -0.184797 -0.0971682 -0.141817 -0.126243 -0.174937 -0.0347497 0.0210523 -0.00598934 
0.892354 0.833349 0.44225 0.670779 0.722097 0.865789 -0.0604833 -0.0314088 -0.0539942 -0.0517729 -0.0578894 -0.0469536 -0.112652 -0.114752 -0.123181 
0.479236 0.295281 0.395771 0.352823 0.440127 0.399235 0.00452326 0.00408495 0.0216506 0.011695 0.0136105 -0.000610728 0.033722 0.0408138 0.0296138 
0.698498 0.694115 0.583783 0.641411 0.690257 0.723877 -0.159698 -0.258987 -0.184797 -0.222466 -0.174937 -0.209433 -0.0347497 -0.0203738 0.0210523 
0.357711 0.316408 0.467182 0.407118 0.422028 0.337698 -0.000784238 -0.00100074 -0.00174505 -0.0014335 -0.00124372 -0.000907666 0.00554936 0.00737881 0.00676524 
0.448688 0.467182 0.316408 0.407118 0.392754 0.458424 -0.00205019 -0.00174505 -0.00100074 -0.0014335 -0.00157529 -0.00192013 0.00824886 0.00676524 0.00737881 
0.500479 0.472032 0.491623 0.499605 0.496663 0.497653 0.0393232 0.0215043 0.0283996 0.0259001 0.033941 0.0304015 0.0165213 0.0129617 0.0166889 
0.500059 0.457492 0.495833 0.494993 0.49911 0.488712 -0.00135962 -0.0024413 -0.00239392 -0.00242604 -0.00198257 -0.00211598 0.0109602 0.00914148 0.0102973 
0.500019 0.457492 0.491025 0.477351 0.497486 0.488881 -0.0026449 -0.0024413 -0.00246745 -0.00256737 -0.00264201 -0.00264937 0.00905849 0.00914148 0.00787307 
0.491025 0.457492 0.439078 0.448655 0.470753 0.477351 -0.00246745 -0.0024413 -0.00204998 -0.0022405 -0.00227576 -0.00256737 0.00787307 0.00914148 0.00794439 
0.404411 0.211456 0.312718 0.264937 0.360106 0.320011 0.0243563 0.00649202 0.00856222 0.0086705 0.0154718 0.0154188 0.0136535 0.0137397 0.0116082 
0.479236 0.395771 0.536343 0.483956 0.519504 0.440127 0.00452326 0.0216506 0.0523994 0.030915 0.028512 0.0136105 0.033722 0.0296138 0.0197974 
0.014679 -0.0225504 -0.0145574 -0.0336781 0.00190407 -0.00913525 0.0677171 0.0596124 0.0988592 0.0840002 0.079243 0.0708772 -0.121914 -0.122865 -0.127408 
0.770889 0.873553 0.683386 0.834533 0.727657 0.867216 -0.214311 -0.277263 -0.222677 -0.273511 -0.224984 -0.262233 -0.0769183 -0.11386 -0.07009 
0.694115 0.667079 0.408989 0.536956 0.577386 0.686576 -0.258987 -0.298512 -0.227765 -0.268107 -0.248962 -0.286985 -0.0203738 -0.0765211 -0.00490734 
0.814276 0.683386 0.873553 0.834533 0.845036 0.824958 -0.304909 -0.222677 -0.277263 -0.273511 -0.293729 -0.290149 -0.107528 -0.07009 -0.11386 
0.404411 0.312718 0.472032 0.409407 0.443125 0.360106 0.0243563 0.00856222 0.0215043 0.0151812 0.023873 0.0154718 0.0136535 0.0116082 0.0129617 
0.38688 0.455823 0.310231 0.395911 0.351176 0.4254 -0.00143615 -0.00239615 -0.00131822 -0.00191409 -0.0014451 -0.00204533 0.0124454 0.00997307 0.0105269 
0.767368 0.667079 0.694115 0.686576 0.739435 0.754639 -0.276541 -0.298512 -0.258987 -0.286985 -0.271871 -0.306691 -0.0579713 -0.0765211 -0.0203738 
0.378593 0.301438 0.457492 0.393553 0.423017 0.342211 -0.00137469 -0.00133296 -0.0024413 -0.00190479 -0.00191091 -0.00143948 0.00960756 0.00873245 0.00914148 
0.38688 0.311015 0.463264 0.402344 0.430785 0.351529 -0.00143615 9.49238e-06 0.00141133 0.000740585 -0.000435278 -0.000805697 0.0124454 0.0149594 0.0139223 
0.564456 0.536343 0.510881 0.552724 0.538162 0.571276 0.0615911 0.0523994 0.0856794 0.0698169 0.0757015 0.0598544 -0.000244238 0.0197974 0.00188096 
0.361963 0.266449 0.435883 0.36084 0.401571 0.317682 0.0247566 0.0263834 0.0527206 0.0408899 0.0381571 0.0262387 0.0200298 0.0185807 0.0180896 
0.241327 0.107906 0.406289 0.243769 0.310381 0.172095 0.0679759 0.0350005 0.0470866 0.0415396 0.0618041 0.0525576 -0.0199419 -0.0433995 -0.0401038 
0.361963 0.326579 0.183879 0.260828 0.28293 0.3469 0.0247566 0.00898715 0.00715444 0.00945237 0.016309 0.015893 0.0200298 0.0191702 0.0199106 
0.38688 0.206704 0.311015 0.262159 0.351529 0.307611 -0.00143615 -0.000570366 9.49238e-06 -0.000423953 -0.000805697 -0.00100777 0.0124454 0.0127205 0.0149594 
0.361963 0.454628 0.326579 0.401222 0.3469 0.41484 0.0247566 0.0203528 0.00898715 0.0145058 0.015893 0.0232869 0.0200298 0.018001 0.0191702 
0.241327 0.220357 0.0446636 0.131322 0.13668 0.227525 0.0679759 0.0533967 0.0223074 0.0392086 0.0462253 0.0634647 -0.0199419 0.00284388 -0.0191815 
0.361963 0.183879 0.266449 0.229521 0.317682 0.28293 0.0247566 0.00715444 0.0263834 0.0158286 0.0262387 0.016309 0.0200298 0.0199106 0.0185807 
0.325394 0.146101 0.0469388 0.0871264 0.163594 0.224006 -0.101196 -0.0310301 -0.024246 -0.0408549 -0.0596703 -0.065129 -0.0691479 -0.0722387 -0.0654644 
0.241327 0.0446636 0.107906 0.0673412 0.172095 0.13668 0.0679759 0.0223074 0.0350005 0.030182 0.0525576 0.0462253 -0.0199419 -0.0191815 -0.0433995 
0.442229 0.326579 0.454628 0.401222 0.449282 0.392222 0.00790653 0.00898715 0.0203528 0.0145058 0.0134266 0.00875146 0.016478 0.0191702 0.018001 
0.241327 0.41071 0.220357 0.314588 0.227525 0.331065 0.0679759 0.0890996 0.0533967 0.0759848 0.0634647 0.0837893 -0.0199419 0.00271513 0.00284388 
0.393237 0.220357 0.41071 0.314588 0.401022 0.315112 0.0684749 0.0533967 0.0890996 0.0759848 0.079124 0.0657082 0.0134551 0.00284388 0.00271513 
0.390244 0.462953 0.487338 0.47676 0.450762 0.431422 -0.000316641 -0.000246543 -0.000587214 -0.000384931 -0.000449795 -0.000281017 0.00275813 0.00146622 0.00320749 
0.500006 0.487338 0.462953 0.47676 0.490722 0.49683 -0.000386266 -0.000587214 -0.000246543 -0.000384931 -0.000322615 -0.000480579 0.00211266 0.00320749 0.00146622 
0.325394 0.485929 0.146101 0.311801 0.224006 0.409995 -0.101196 -0.116225 -0.0310301 -0.0699118 -0.065129 -0.117954 -0.0691479 -0.0706442 -0.0722387 
0.363248 0.146101 0.485929 0.311801 0.417138 0.254163 -0.0244793 -0.0310301 -0.116225 -0.0699118 -0.0688429 -0.0330256 -0.0638295 -0.0722387 -0.0706442 
0.479236 0.600574 0.379846 0.504905 0.441034 0.540932 0.00452326 -0.0432861 -0.0421426 -0.0497366 -0.0186855 -0.0164302 0.033722 0.0248328 0.0477756 
0.491655 0.376742 0.489431 0.447058 0.490082 0.44544 0.046375 0.0285802 0.0460701 0.0379567 0.0474146 0.0393563 0.0189495 0.0175012 0.0165306 
0.404411 0.489431 0.376742 0.447058 0.39067 0.455272 0.0243563 0.0460701 0.0285802 0.0379567 0.0272946 0.0356155 0.0136535 0.0165306 0.0175012 
0.443735 0.326828 0.46 0.404927 0.451891 0.392291 0.00788647 0.000577996 0.00171893 0.00134095 0.0044455 0.00324011 0.0114519 0.0101128 0.0108894 
0.378593 0.46 0.326828 0.404927 0.353624 0.424312 -0.00137469 0.00171893 0.000577996 0.00134095 -0.00056226 -0.000305611 0.00960756 0.0108894 0.0101128 
0.500068 0.494888 0.463264 0.496334 0.491034 0.498677 0.0048803 0.000814994 0.00141133 0.0012979 0.00306467 0.00262179 0.0129475 0.0114761 0.0139223 
0.325394 0.249843 0.683386 0.480077 0.507302 0.289742 -0.101196 -0.0690914 -0.222677 -0.139718 -0.155939 -0.0919583 -0.0691479 -0.0614435 -0.07009 
0.50568 0.505226 0.435883 0.490096 0.478778 0.506981 0.0584158 0.0473032 0.0527206 0.0514333 0.0573356 0.0524815 0.016517 0.0163317 0.0180896 
0.448688 0.455823 0.496282 0.481608 0.479386 0.45232 -0.00205019 -0.00239615 -0.00246164 -0.00254774 -0.00233505 -0.00223595 0.00824886 0.00997307 0.00806526 
0.619944 0.609996 0.406289 0.537526 0.524508 0.615033 -0.0130052 0.0219152 0.0470866 0.0408441 0.0228296 0.00644826 -0.0200654 -0.00491891 -0.0401038 
2.77088e-34 0.215338 0.295015 0.256854 0.163593 0.115108 -2.21725e-35 -0.000113405 -0.000361247 -0.000220095 -0.000141127 -7.07755e-05 0.00443975 0.00297585 0.00427777 
0.500019 0.496282 0.455823 0.481608 0.489532 0.499248 -0.0026449 -0.00246164 -0.00239615 -0.00254774 -0.00260172 -0.00261366 0.00905849 0.00806526 0.00997307 
9.20399e-35 2.68623e-34 0.214991 0.115092 0.115018 -9.19002e-35 1.41782e-35 2.14243e-35 -0.000106766 -6.54829e-05 -2.52712e-05 3.58963e-35 0.00289803 0.00441586 0.00279159 
0.214991 2.68623e-34 0.294277 0.163301 0.256202 0.115092 -0.000106766 2.14243e-35 -0.000350419 -0.000133611 -0.000211858 -6.54829e-05 0.00279159 0.00441586 0.00414681 
0.491655 0.522416 0.536343 0.531863 0.512815 0.514739 0.046375 0.06396 0.0523994 0.061597 0.0486865 0.0553971 0.0189495 0.0157233 0.0197974 
0.378593 0.193092 0.301438 0.250098 0.342211 0.296104 -0.00137469 -0.000610171 -0.00133296 -0.000983292 -0.00143948 -0.00094589 0.00960756 0.00935692 0.00873245 
0.524398 0.536343 0.522416 0.531863 0.526608 0.543611 0.0780457 0.0523994 0.06396 0.061597 0.0716733 0.0687665 0.012157 0.0197974 0.0157233 
0.500157 0.491623 0.472032 0.499605 0.494669 0.497522 0.0187562 0.0283996 0.0215043 0.0259001 0.0204985 0.0234394 0.0149284 0.0166889 0.0129617 
0.500019 0.495833 0.457492 0.494993 0.488881 0.499165 -0.0026449 -0.00239392 -0.0024413 -0.00242604 -0.00264937 -0.00257815 0.00905849 0.0102973 0.00914148 
-0.0145574 -0.0225504 -0.0718486 -0.0482854 -0.0619777 -0.0336781 0.0988592 0.0596124 0.0664212 0.0656396 0.0895422 0.0840002 -0.127408 -0.122865 -0.126553 
8.31192e-34 0.8433 0.841302 0.842474 0.509752 0.510047 -2.79813e-34 -0.00315433 -0.0061939 -0.00440033 -0.00230105 -0.00163788 -0.0562891 -0.0516184 -0.0643789 
0.325394 0.0469388 0.249843 0.135831 0.289742 0.163594 -0.101196 -0.024246 -0.0690914 -0.0415197 -0.0919583 -0.0596703 -0.0691479 -0.0654644 -0.0614435 
0.310231 0.156116 0.206704 0.181957 0.261369 0.238969 -0.00131822 -0.000405665 -0.000570366 -0.000481895 -0.000989985 -0.000899068 0.0105269 0.0106559 0.0127205 
0.378593 0.326828 0.193092 0.264064 0.296104 0.353624 -0.00137469 0.000577996 -0.000610171 -0.000326973 -0.00094589 -0.00056226 0.00960756 0.0101128 0.00935692 
0.500479 0.452947 0.435883 0.444834 0.480746 0.484243 0.0393232 0.0353848 0.0527206 0.043461 0.0460828 0.0382014 0.0165213 0.0186178 0.0180896 
0.564456 0.417318 0.406289 0.4081 0.509011 0.503609 0.0615911 0.0836341 0.0470866 0.0683648 0.0634968 0.0792739 -0.000244238 -0.014239 -0.0401038 
0.500059 0.470931 0.463264 0.467449 0.491343 0.493278 -0.00135962 -0.00148234 0.00141133 -0.000260699 -0.000234983 -0.00159256 0.0109602 0.011698 0.0139223 
0.404411 0.376742 0.211456 0.297862 0.320011 0.39067 0.0243563 0.0285802 0.00649202 0.0160333 0.0154188 0.0272946 0.0136535 0.0175012 0.0137397 
2.03686e-34 0.272703 0.215338 0.244833 0.115283 0.149649 -7.50256e-36 -0.000107584 -0.000113405 -0.000115076 -2.1279e-05 -3.75696e-05 0.00150516 0.0017772 0.00297585 
0.524398 0.510881 0.536343 0.552724 0.543611 0.5197 0.0780457 0.0856794 0.0523994 0.0698169 0.0687665 0.0828938 0.012157 0.00188096 0.0197974 
0.448688 0.360409 0.455823 0.414825 0.45232 0.409984 -0.00205019 -0.00158965 -0.00239615 -0.00205312 -0.00223595 -0.00188086 0.00824886 0.00889105 0.00997307 
0.310231 0.455823 0.360409 0.414825 0.336293 0.395911 -0.00131822 -0.00239615 -0.00158965 -0.00205312 -0.00151246 -0.00191409 0.0105269 0.00997307 0.00889105 
0.390244 0.442664 0.295015 0.380222 0.346326 0.418607 -0.000316641 -0.000798978 -0.000361247 -0.000583882 -0.00035103 -0.000518782 0.00275813 0.0044931 0.00427777 
0.479236 0.379846 0.295281 0.344978 0.399235 0.441034 0.00452326 -0.0421426 0.00408495 -0.0156425 -0.000610728 -0.0186855 0.033722 0.0477756 0.0408138 
0.351685 0.814276 0.654311 0.750525 0.504633 0.616113 -0.14411 -0.304909 -0.214855 -0.276325 -0.182429 -0.246856 -0.163865 -0.107528 -0.151604 
2.77088e-34 9.30191e-35 0.215338 0.115185 0.115108 -9.35085e-35 -2.21725e-35 -1.48801e-35 -0.000113405 -2.61639e-05 -7.07755e-05 -3.67321e-35 0.00443975 0.0030073 0.00297585 
-0.0145574 -0.164799 0.0198506 -0.0939819 0.00338607 -0.0893951 0.0988592 0.0809951 0.107023 0.116051 0.11046 0.105425 -0.127408 -0.136189 -0.145585 
0.395771 0.295281 0.225112 0.265563 0.324164 0.352823 0.0216506 0.00408495 0.00709416 0.00641914 0.0151332 0.011695 0.0296138 0.0408138 0.0309831 
0.603295 0.675715 0.583783 0.66075 0.598658 0.656355 -0.117452 -0.0971682 -0.184797 -0.141817 -0.150892 -0.107439 0.023468 -0.00598934 0.0210523 
0.354553 0.295015 0.442664 0.380222 0.403655 0.326123 -0.000848587 -0.000361247 -0.000798978 -0.000583882 -0.00084962 -0.000574407 0.00575751 0.00427777 0.0044931 
0.224284 0.221508 0.0198506 0.128189 0.117286 0.234546 0.0236935 0.00710959 0.107023 0.0624016 0.0694427 0.0189144 -0.159079 -0.127815 -0.145585 
0.443735 0.494315 0.472032 0.48498 0.458125 0.475528 0.00788647 0.0100758 0.0215043 0.0153439 0.0138925 0.00896929 0.0114519 0.0130682 0.0129617 
0.491655 0.536343 0.429404 0.490101 0.46576 0.512815 0.046375 0.0523994 0.0353789 0.0406907 0.0416759 0.0486865 0.0189495 0.0197974 0.0228556 
0.500157 0.472032 0.494315 0.48498 0.499264 0.494669 0.0187562 0.0215043 0.0100758 0.0153439 0.0140829 0.0204985 0.0149284 0.0129617 0.0130682 
0.301438 0.340347 0.457492 0.408144 0.393553 0.321421 -0.00133296 -0.0014922 -0.0024413 -0.00202102 -0.00190479 -0.0014752 0.00873245 0.00784102 0.00914148 
-0.114596 0.0355293 0.272724 0.163195 0.0893092 -0.0412215 0.0215281 -0.0651318 -0.0407006 -0.0475987 -0.00650888 -0.0173647 -0.174127 -0.167008 -0.176729 
0.996612 0.992392 0.756073 0.919961 0.923346 0.995871 -0.0263499 -0.0419505 -0.0264725 -0.0371655 -0.0316094 -0.0356565 -0.0883339 -0.0957008 -0.0849103 
0.311015 0.361963 0.463264 0.420888 0.402344 0.338009 9.49238e-06 0.00346648 0.00141133 0.00287563 0.000740585 0.0013413 0.0149594 0.016696 0.0139223 
0.439078 0.457492 0.340347 0.408144 0.395565 0.448655 -0.00204998 -0.0024413 -0.0014922 -0.00202102 -0.00181479 -0.0022405 0.00794439 0.00914148 0.00784102 
0.395771 0.429404 0.536343 0.490101 0.483956 0.414736 0.0216506 0.0353789 0.0523994 0.0406907 0.030915 0.0297845 0.0296138 0.0228556 0.0197974 
0.266449 0.295489 0.435883 0.374704 0.36084 0.281965 0.0263834 0.0475924 0.0527206 0.0516942 0.0408899 0.0364775 0.0185807 0.0144507 0.0180896 
0.107906 0.173354 0.406289 0.283509 0.243769 0.131323 0.0350005 0.00830553 0.0470866 0.0206048 0.0415396 0.0240548 -0.0433995 -0.0615771 -0.0401038 
0.404577 0.380025 0.273417 0.330922 0.34595 0.392628 -0.000340838 -0.000142672 -0.000105241 -0.000129158 -0.00020707 -0.000223049 0.00269203 0.00100969 0.00170662 
0.442229 0.463264 0.361963 0.420888 0.406576 0.453728 0.00790653 0.00141133 0.00346648 0.00287563 0.00554537 0.00408626 0.016478 0.0139223 0.016696 
0.393237 0.435883 0.295489 0.374704 0.345995 0.417708 0.0684749 0.0527206 0.0475924 0.0516942 0.0594196 0.0605189 0.0134551 0.0180896 0.0144507 
0.363248 0.406289 0.173354 0.283509 0.263958 0.380392 -0.0244793 0.0470866 0.00830553 0.0206048 -0.00772661 0.012764 -0.0638295 -0.0401038 -0.0615771 
0.312718 0.211456 0.150481 0.180095 0.23729 0.264937 0.00856222 0.00649202 0.00209114 0.00376963 0.00528433 0.0086705 0.0116082 0.0137397 0.01167 
0.390244 0.272703 0.380126 0.330675 0.385262 0.336788 -0.000316641 -0.000107584 -0.000143164 -0.00012981 -0.000213921 -0.000198192 0.00275813 0.0017772 0.00105337 
0.814276 0.35445 0.667079 0.523337 0.741716 0.611497 -0.304909 -0.213177 -0.298512 -0.272873 -0.30737 -0.273783 -0.107528 -0.122617 -0.0765211 
0.52941 0.221508 0.224284 0.234546 0.35289 0.37306 -0.0778763 0.00710959 0.0236935 0.0189144 -0.0280492 -0.0272438 -0.144854 -0.127815 -0.159079 
-8.2521e-35 -1.58984e-34 -0.164799 -0.117634 -0.0695188 1.6373e-34 6.87749e-34 7.54993e-34 0.0809951 0.0302183 0.027602 1.32519e-33 -0.132208 -0.143897 -0.136189 
0.404577 0.466856 0.380025 0.430185 0.392628 0.439734 -0.000340838 -0.000241485 -0.000142672 -0.000190139 -0.000223049 -0.000289096 0.00269203 0.00134341 0.00100969 
0.390244 0.380126 0.462953 0.427456 0.431422 0.385262 -0.000316641 -0.000143164 -0.000246543 -0.000192402 -0.000281017 -0.000213921 0.00275813 0.00105337 0.00146622 
0.443735 0.472032 0.361469 0.425716 0.407158 0.458125 0.00788647 0.0215043 0.00566337 0.0125544 0.00685012 0.0138925 0.0114519 0.0129617 0.0108416 
0.500479 0.485409 0.472032 0.478535 0.497653 0.501017 0.0393232 0.0362039 0.0215043 0.0286614 0.0304015 0.0382915 0.0165213 0.0147076 0.0129617 
0.312718 0.361469 0.472032 0.425716 0.409407 0.337725 0.00856222 0.00566337 0.0215043 0.0125544 0.0151812 0.0071644 0.0116082 0.0108416 0.0129617 
-0.0943393 0.0198506 -0.164799 -0.0939819 -0.156304 -0.0202948 0.0667766 0.107023 0.0809951 0.116051 0.106507 0.0858165 -0.166747 -0.145585 -0.136189 
0.351685 0.272724 0.0355293 0.163195 0.195185 0.314723 -0.14411 -0.0407006 -0.0651318 -0.0475987 -0.0956336 -0.0907262 -0.163865 -0.176729 -0.167008 
9.30191e-35 2.03686e-34 0.215338 0.115283 0.115185 -9.34372e-35 -1.48801e-35 -7.50256e-36 -0.000113405 -2.1279e-05 -2.61639e-05 -2.22632e-35 0.0030073 0.00150516 0.00297585 
0.500059 0.465427 0.457492 0.461494 0.488712 0.490882 -0.00135962 -0.00139471 -0.0024413 -0.0022292 -0.00211598 -0.0012777 0.0109602 0.0102112 0.00914148 
0.249843 0.476131 0.683386 0.593409 0.480077 0.358846 -0.0690914 -0.121021 -0.222677 -0.170513 -0.139718 -0.0925644 -0.0614435 -0.0640527 -0.07009 
5.71475e-34 8.31192e-34 0.841302 0.509752 0.505396 -6.16195e-34 -3.29846e-34 -2.79813e-34 -0.0061939 -0.00230105 -0.00298358 -6.01003e-34 -0.0664926 -0.0562891 -0.0643789 
0.770889 0.683386 0.476131 0.593409 0.635799 0.727657 -0.214311 -0.222677 -0.121021 -0.170513 -0.17001 -0.224984 -0.0769183 -0.07009 -0.0640527 
0.379846 0.600574 0.422895 0.535365 0.403588 0.504905 -0.0421426 -0.0432861 -0.0939515 -0.0769923 -0.0665109 -0.0497366 0.0477756 0.0248328 0.0473574 
-0.0943393 -0.302551 -0.114596 -0.244242 -0.0999708 -0.221186 0.0667766 0.0329989 0.0215281 0.0508238 0.0493995 0.072317 -0.166747 -0.15716 -0.174127 
0.146101 -0.0209468 0.0469388 0.0104765 0.0871264 0.0406182 -0.0310301 -0.0128006 -0.024246 -0.0175848 -0.0408549 -0.0287634 -0.0722387 -0.0665212 -0.0654644 
0.220357 0.0515262 0.0446636 0.0470703 0.131322 0.134934 0.0533967 0.013364 0.0223074 0.0173154 0.0392086 0.0348001 0.00284388 -0.000677018 -0.0191815 
0.326579 0.145062 0.183879 0.166354 0.260828 0.244272 0.00898715 0.00195192 0.00715444 0.00375962 0.00945237 0.00554534 0.0191702 0.019274 0.0199106 
0.107906 0.0446636 -0.0233408 0.00272925 0.0337487 0.0673412 0.0350005 0.0223074 0.00662459 0.0132964 0.0174185 0.030182 -0.0433995 -0.0191815 -0.0407806 
0.266449 0.183879 0.116772 0.151488 0.195595 0.229521 0.0263834 0.00715444 0.00716125 0.0076677 0.0172041 0.0158286 0.0185807 0.0199106 0.0178127 
0.311015 0.206704 0.150814 0.179572 0.237326 0.262159 9.49238e-06 -0.000570366 -1.91174e-06 -0.000234624 7.70149e-05 -0.000423953 0.0149594 0.0127205 0.0151206 
0.706725 0.996612 0.756073 0.923346 0.733263 0.91157 -0.0135294 -0.0263499 -0.0264725 -0.0316094 -0.0187932 -0.0220257 -0.0782496 -0.0883339 -0.0849103 
0.363248 0.485929 0.582943 0.538712 0.480049 0.417138 -0.0244793 -0.116225 -0.0576645 -0.0866109 -0.0356167 -0.0688429 -0.0638295 -0.0706442 -0.0459391 
0.393237 0.41071 0.488048 0.458451 0.446086 0.401022 0.0684749 0.0890996 0.0746685 0.0845891 0.0738325 0.079124 0.0134551 0.00271513 0.0144285 
0.698498 0.582943 0.485929 0.538712 0.620487 0.647168 -0.159698 -0.0576645 -0.116225 -0.0866109 -0.136935 -0.1053 -0.0347497 -0.0459391 -0.0706442 
0.442229 0.454628 0.493103 0.47833 0.473886 0.449282 0.00790653 0.0203528 0.0103017 0.0149917 0.00909498 0.0134266 0.016478 0.018001 0.01487 
0.524398 0.488048 0.41071 0.458451 0.48434 0.506145 0.0780457 0.0746685 0.0890996 0.0845891 0.0874904 0.0783356 0.012157 0.0144285 0.00271513 
0.500157 0.493103 0.454628 0.47833 0.487016 0.497743 0.0187562 0.0103017 0.0203528 0.0149917 0.0201197 0.0142236 0.0149284 0.01487 0.018001 
0.363248 0.582943 0.406289 0.488131 0.380392 0.480049 -0.0244793 -0.0576645 0.0470866 0.00552002 0.012764 -0.0356167 -0.0638295 -0.0459391 -0.0401038 
0.393237 0.488048 0.435883 0.46121 0.417708 0.446086 0.0684749 0.0746685 0.0527206 0.0642479 0.0605189 0.0738325 0.0134551 0.0144285 0.0180896 
0.442229 0.493103 0.463264 0.481575 0.453728 0.473886 0.00790653 0.0103017 0.00141133 0.004803 0.00408626 0.00909498 0.016478 0.01487 0.0139223 
0.619944 0.406289 0.582943 0.488131 0.603739 0.524508 -0.0130052 0.0470866 -0.0576645 0.00552002 -0.0329019 0.0228296 -0.0200654 -0.0401038 -0.0459391 
0.50568 0.435883 0.488048 0.46121 0.499469 0.478778 0.0584158 0.0527206 0.0746685 0.0642479 0.0661365 0.0573356 0.016517 0.0180896 0.0144285 
0.500068 0.463264 0.493103 0.481575 0.498501 0.491034 0.0048803 0.00141133 0.0103017 0.004803 0.00737342 0.00306467 0.0129475 0.0139223 0.01487 
-0.0405978 -0.0718486 -0.0225504 -0.0482854 -0.0356552 -0.0575134 0.0366682 0.0664212 0.0596124 0.0656396 0.048538 0.0513397 -0.125273 -0.126553 -0.122865 
2.03439e-34 0.214991 0.273417 0.245035 0.150026 0.11492 7.03184e-36 -0.000106766 -0.000105241 -0.000109493 -3.7758e-05 -2.32185e-05 0.00144794 0.00279159 0.00170662 
5.25423e-34 7.39222e-34 0.833803 0.521609 0.51267 -5.10287e-34 4.11209e-34 4.8952e-34 -0.0174628 -0.00932089 -0.00614078 9.31065e-34 -0.0877661 -0.10768 -0.0958611 
0.564456 0.585561 0.536343 0.560186 0.571276 0.591887 0.0615911 0.0266511 0.0523994 0.0460654 0.0598544 0.0456892 -0.000244238 0.0171421 0.0197974 
0.746458 0.893627 0.483846 0.738843 0.622382 0.842644 -0.129689 -0.213215 -0.0967079 -0.166167 -0.116517 -0.176291 -0.0764472 -0.0955302 -0.0646974 
0.770889 0.483846 0.893627 0.738843 0.840266 0.648092 -0.214311 -0.0967079 -0.213215 -0.166167 -0.21715 -0.158745 -0.0769183 -0.0646974 -0.0955302 
0.98998 0.841302 0.8433 0.842474 0.977829 0.977399 -0.00577164 -0.0061939 -0.00315433 -0.00440033 -0.00540266 -0.00766579 -0.0613249 -0.0643789 -0.0516184 
0.225184 0.408989 0.667079 0.536956 0.455704 0.317928 -0.197145 -0.227765 -0.298512 -0.268107 -0.262076 -0.226574 -0.0625946 -0.00490734 -0.0765211 
0.442229 0.361963 0.326579 0.345507 0.392222 0.406576 0.00790653 0.00346648 0.00898715 0.005954 0.00875146 0.00554537 0.016478 0.016696 0.0191702 
0.393237 0.295489 0.220357 0.260081 0.315112 0.345995 0.0684749 0.0475924 0.0533967 0.0515838 0.0657082 0.0594196 0.0134551 0.0144507 0.00284388 
0.363248 0.173354 0.146101 0.15617 0.254163 0.263958 -0.0244793 0.00830553 -0.0310301 -0.0133612 -0.0330256 -0.00772661 -0.0638295 -0.0615771 -0.0722387 
0.603295 0.422895 0.600574 0.535365 0.603972 0.51968 -0.117452 -0.0939515 -0.0432861 -0.0769923 -0.0758203 -0.110354 0.023468 0.0473574 0.0248328 
0.301438 0.193092 0.141203 0.167606 0.227074 0.250098 -0.00133296 -0.000610171 -0.000362463 -0.000464117 -0.000861252 -0.000983292 0.00873245 0.00935692 0.00859303 
0.448688 0.316408 0.360409 0.339158 0.409984 0.392754 -0.00205019 -0.00100074 -0.00158965 -0.00131757 -0.00188086 -0.00157529 0.00824886 0.00737881 0.00889105 
0.499617 0.442664 0.487338 0.469035 0.495635 0.483197 -0.00112731 -0.000798978 -0.000587214 -0.000694616 -0.000824321 -0.000985848 0.00481229 0.0044931 0.00320749 
0.499617 0.487338 0.488407 0.5 0.498075 0.495635 -0.00112731 -0.000587214 -0.000686513 -0.000651723 -0.000893178 -0.000824321 0.00481229 0.00320749 0.00354785 
0.249843 0.0469388 0.0673983 0.061439 0.143964 0.135831 -0.0690914 -0.024246 -0.0127423 -0.0182129 -0.0341594 -0.0415197 -0.0614435 -0.0654644 -0.0624384 
0.326828 0.142493 0.193092 0.168049 0.264064 0.242447 0.000577996 -1.99211e-05 -0.000610171 -0.000279101 -0.000326973 0.000260411 0.0101128 0.00990501 0.00935692 
0.892354 0.986591 0.833349 0.962309 0.865789 0.971614 -0.0604833 -0.0558413 -0.0314088 -0.0548683 -0.0469536 -0.0654136 -0.112652 -0.0983335 -0.114752 
8.31192e-34 6.58228e-34 0.8433 0.512081 0.510047 -6.1439e-34 -2.79813e-34 -2.24954e-34 -0.00315433 -0.0011615 -0.00163788 -4.991e-34 -0.0562891 -0.0455792 -0.0516184 
-3.12832e-34 -0.157451 -0.0612918 -0.137081 -0.28974 -0.250044 4.37702e-34 -0.0722396 -0.100803 -0.0897177 -0.0190708 -0.00517467 -0.0977195 -0.058396 -0.123765 
0.357711 0.193794 0.316408 0.258971 0.337698 0.283554 -0.000784238 -0.000335231 -0.00100074 -0.000608137 -0.000907666 -0.000575195 0.00554936 0.00637168 0.00737881 
0.622765 0.52941 0.900875 0.751255 0.792978 0.572064 -0.0805256 -0.0778763 -0.162332 -0.135785 -0.125661 -0.078382 -0.130895 -0.144854 -0.125511 
0.443735 0.361469 0.326828 0.343675 0.392291 0.407158 0.00788647 0.00566337 0.000577996 0.00265367 0.00324011 0.00685012 0.0114519 0.0108416 0.0101128 
0.931892 0.622765 0.900875 0.792978 0.915459 0.824336 -0.12821 -0.0805256 -0.162332 -0.125661 -0.144197 -0.112583 -0.114466 -0.130895 -0.125511 
0.698498 0.69352 0.694115 0.741555 0.723877 0.6975 -0.159698 -0.199373 -0.258987 -0.233863 -0.209433 -0.182016 -0.0347497 -0.0556912 -0.0203738 
0.767368 0.694115 0.69352 0.741555 0.740293 0.739435 -0.276541 -0.258987 -0.199373 -0.233863 -0.238451 -0.271871 -0.0579713 -0.0203738 -0.0556912 
-0.0145574 -0.0718486 -0.164799 -0.113332 -0.0893951 -0.0619777 0.0988592 0.0664212 0.0809951 0.073503 0.105425 0.0895422 -0.127408 -0.126553 -0.136189 
6.1879e-34 4.52929e-34 0.706725 0.400423 0.391375 -3.2124e-34 -4.10183e-34 -3.73923e-34 -0.0135294 -0.00385752 -0.00519011 -7.64893e-34 -0.0808968 -0.0752733 -0.0782496 
0.376742 0.173116 0.211456 0.192602 0.297862 0.28633 0.0285802 0.00567898 0.00649202 0.00665171 0.0160333 0.0163514 0.0175012 0.0176099 0.0137397 
0.491655 0.429404 0.376742 0.404901 0.44544 0.46576 0.046375 0.0353789 0.0285802 0.0334516 0.0393563 0.0416759 0.0189495 0.0228556 0.0175012 
0.500068 0.494315 0.46 0.480671 0.489894 0.498517 0.0048803 0.0100758 0.00171893 0.00495832 0.00318016 0.00729896 0.0129475 0.0130682 0.0108894 
0.443735 0.46 0.494315 0.480671 0.475528 0.451891 0.00788647 0.00171893 0.0100758 0.00495832 0.00896929 0.0044455 0.0114519 0.0108894 0.0130682 
0.379846 0.209077 0.295281 0.257736 0.344978 0.301651 -0.0421426 -0.00895463 0.00408495 -0.00424178 -0.0156425 -0.0273052 0.0477756 0.0511433 0.0408138 
0.354553 0.287412 0.185978 0.239197 0.278226 0.322578 -0.000848587 -0.000851294 -0.000328379 -0.000550421 -0.000605341 -0.000891981 0.00575751 0.00700444 0.0062029 
0.966213 0.663488 0.977762 0.88358 0.974967 0.905184 -0.0914464 -0.0486709 -0.0735338 -0.0689831 -0.0828082 -0.0792556 -0.104046 -0.0827333 -0.100344 
0.498689 0.491025 0.432847 0.468685 0.478125 0.49573 -0.00198107 -0.00246745 -0.00170948 -0.00208994 -0.00193438 -0.00222659 0.00684611 0.00787307 0.00696052 
0.404577 0.273417 0.214991 0.245035 0.322426 0.34595 -0.000340838 -0.000105241 -0.000106766 -0.000109493 -0.000228447 -0.00020707 0.00269203 0.00170662 0.00279159 
0.489781 0.408102 0.466856 0.441137 0.479955 0.459145 -0.000157832 -0.000105275 -0.000241485 -0.000160735 -0.000191105 -0.000144107 -8.0422e-07 -2.67656e-06 0.00134341 
0.408237 0.489822 0.462953 0.478488 0.438655 0.459235 -0.000106768 -0.000156631 -0.000246543 -0.000192686 -0.000163187 -0.000144663 2.48742e-06 4.90924e-07 0.00146622 
0.50568 0.522416 0.489431 0.508935 0.508172 0.514411 0.0584158 0.06396 0.0460701 0.0540813 0.0523966 0.061454 0.016517 0.0157233 0.0165306 
0.491655 0.489431 0.522416 0.508935 0.514739 0.490082 0.046375 0.0460701 0.06396 0.0540813 0.0553971 0.0474146 0.0189495 0.0165306 0.0157233 
0.499617 0.488407 0.473208 0.481573 0.494833 0.498075 -0.00112731 -0.000686513 -0.0011863 -0.000910598 -0.00117921 -0.000893178 0.00481229 0.00354785 0.00527828 
2.03439e-34 9.20399e-35 0.214991 0.115018 0.11492 -9.19693e-35 7.03184e-36 1.41782e-35 -0.000106766 -2.52712e-05 -2.32185e-05 2.13194e-35 0.00144794 0.00289803 0.00279159 
6.1879e-34 0.706725 0.756073 0.733263 0.433024 0.391375 -4.10183e-34 -0.0135294 -0.0264725 -0.0187932 -0.00869555 -0.00519011 -0.0808968 -0.0782496 -0.0849103 
-0.0943393 -0.164799 -0.236669 -0.196733 -0.218198 -0.156304 0.0667766 0.0809951 0.0490288 0.0733063 0.0882225 0.106507 -0.166747 -0.136189 -0.148845 
-1.58984e-34 -0.236669 -0.164799 -0.196733 -0.117634 -0.122612 7.54993e-34 0.0490288 0.0809951 0.0733063 0.0302183 0.0179688 -0.143897 -0.148845 -0.136189 
0.390244 0.295015 0.215338 0.256854 0.313022 0.346326 -0.000316641 -0.000361247 -0.000113405 -0.000220095 -0.000220905 -0.00035103 0.00275813 0.00427777 0.00297585 
0.498689 0.432847 0.477311 0.458021 0.491237 0.478125 -0.00198107 -0.00170948 -0.00147944 -0.00161258 -0.00174749 -0.00193438 0.00684611 0.00696052 0.0059127 
0.996612 0.833349 0.992392 0.96675 0.995871 0.970092 -0.0263499 -0.0314088 -0.0419505 -0.0470694 -0.0356565 -0.0378246 -0.0883339 -0.114752 -0.0957008 
0.390244 0.215338 0.272703 0.244833 0.336788 0.313022 -0.000316641 -0.000113405 -0.000107584 -0.000115076 -0.000198192 -0.000220905 0.00275813 0.00297585 0.0017772 
0.619944 0.675715 0.600574 0.646982 0.642152 0.656516 -0.0130052 -0.0971682 -0.0432861 -0.06556 -0.0266168 -0.051897 -0.0200654 -0.00598934 0.0248328 
0.603295 0.600574 0.675715 0.646982 0.656355 0.603972 -0.117452 -0.0432861 -0.0971682 -0.06556 -0.107439 -0.0758203 0.023468 0.0248328 -0.00598934 
0.404577 0.214991 0.294277 0.256202 0.354656 0.322426 -0.000340838 -0.000106766 -0.000350419 -0.000211858 -0.000359918 -0.000228447 0.00269203 0.00279159 0.00414681 
0.488407 0.427967 0.473208 0.453304 0.481573 0.464646 -0.000686513 -0.000690915 -0.0011863 -0.000921795 -0.000910598 -0.000701736 0.00354785 0.00422979 0.00527828 
2.62901e-34 0.204543 0.316408 0.263868 0.178108 0.109155 3.70461e-35 -0.000601607 -0.00100074 -0.000801168 -0.00039459 -0.000235551 0.00768847 0.0089309 0.00737881 
2.03439e-34 0.273417 0.180871 0.229108 0.0954799 0.150026 7.03184e-36 -0.000105241 -3.61579e-05 -6.42487e-05 -2.1698e-05 -3.7758e-05 0.00144794 0.00170662 0.000896858 
2.62901e-34 0.316408 0.193794 0.258971 0.103111 0.178108 3.70461e-35 -0.00100074 -0.000335231 -0.000608137 -0.000197889 -0.00039459 0.00768847 0.00737881 0.00637168 
-8.2521e-35 -0.164799 -0.0376271 -0.0928589 -0.0181876 -0.0695188 6.87749e-34 0.0809951 0.0269317 0.0506636 0.0126625 0.027602 -0.132208 -0.136189 -0.12816 
2.77088e-34 0.295015 0.203908 0.251534 0.1086 0.163593 -2.21725e-35 -0.000361247 -0.000264754 -0.000340453 -7.06865e-05 -0.000141127 0.00443975 0.00427777 0.00535212 
0.966213 0.945736 0.663488 0.849428 0.905184 0.9633 -0.0914464 -0.103055 -0.0486709 -0.081679 -0.0792556 -0.0973469 -0.104046 -0.0965569 -0.0827333 
0.404577 0.294277 0.427967 0.369689 0.416656 0.354656 -0.000340838 -0.000350419 -0.000690915 -0.00052138 -0.000492288 -0.000359918 0.00269203 0.00414681 0.00422979 
5.25423e-34 0.833803 0.706107 0.77466 0.410649 0.51267 4.11209e-34 -0.0174628 -0.00824513 -0.0114037 -0.00303305 -0.00614078 -0.0877661 -0.0958611 -0.0846824 
0.75 1 0.937155 0.984219 0.85918 0.9375 -4.20804e-37 -6.4265e-37 -0.000986231 -0.000852334 -0.000641341 -1.2466e-36 -0.0226312 -0.0235223 -0.0330759 
3.30731e-34 0.293213 0.483846 0.395145 0.189811 0.109109 -3.73438e-34 -0.0393065 -0.0967079 -0.0624473 -0.0221829 -0.0093556 -0.0661386 -0.0684068 -0.0646974 
0.833803 0.833349 0.996612 0.970092 0.968901 0.834096 -0.0174628 -0.0314088 -0.0263499 -0.0378246 -0.0267494 -0.023042 -0.0958611 -0.114752 -0.0883339 
0.357711 0.427967 0.294277 0.369689 0.327395 0.395788 -0.000784238 -0.000690915 -0.000350419 -0.00052138 -0.000543901 -0.000749999 0.00554936 0.00422979 0.00414681 
0.225184 -0.0612918 -0.157451 -0.137081 -0.000569726 0.0507468 -0.197145 -0.100803 -0.0722396 -0.0897177 -0.130585 -0.138802 -0.0625946 -0.123765 -0.058396 
2.03686e-34 0.169669 0.272703 0.223599 0.149649 0.0892242 -7.50256e-36 -3.32743e-05 -0.000107584 -6.31078e-05 -3.75696e-05 -1.98278e-05 0.00150516 0.000972994 0.0017772 
6.58228e-34 0.705829 0.8433 0.780052 0.512081 0.404515 -2.24954e-34 -0.00118968 -0.00315433 -0.00195301 -0.0011615 -0.000491549 -0.0455792 -0.0394519 -0.0516184 
3.30928e-34 3.68425e-34 0.663488 0.354739 0.324392 -3.82694e-34 -4.08087e-34 -4.34494e-34 -0.0486709 -0.0125072 -0.015249 -7.99914e-34 -0.07964 -0.0853783 -0.0827333 
0.225184 0.35445 -0.0612918 0.11987 0.0507468 0.279674 -0.197145 -0.213177 -0.100803 -0.139423 -0.138802 -0.203696 -0.0625946 -0.122617 -0.123765 
0.992392 0.833349 0.986591 0.962309 0.989321 0.96675 -0.0419505 -0.0314088 -0.0558413 -0.0548683 -0.04961 -0.0470694 -0.0957008 -0.114752 -0.0983335 
-3.12832e-34 -0.0612918 -0.295621 -0.203247 -0.28179 -0.28974 4.37702e-34 -0.100803 -0.00260052 -0.0401197 0.0116553 -0.0190708 -0.0977195 -0.123765 -0.149109 
0.841777 0.756073 0.986591 0.917001 0.939188 0.804335 -0.0492542 -0.0264725 -0.0558413 -0.0437308 -0.0548518 -0.0379173 -0.0895921 -0.0849103 -0.0983335 
0.448688 0.496282 0.467182 0.485341 0.458424 0.479386 -0.00205019 -0.00246164 -0.00174505 -0.0021485 -0.00192013 -0.00233505 0.00824886 0.00806526 0.00676524 
0.498689 0.467182 0.496282 0.485341 0.499874 0.494793 -0.00198107 -0.00174505 -0.00246164 -0.0021485 -0.00221146 -0.00193149 0.00684611 0.00676524 0.00806526 
0.746458 0.483846 0.293213 0.395145 0.53059 0.622382 -0.129689 -0.0967079 -0.0393065 -0.0624473 -0.0817026 -0.116517 -0.0764472 -0.0646974 -0.0684068 
0.770889 0.476131 0.483846 0.484425 0.648092 0.635799 -0.214311 -0.121021 -0.0967079 -0.109653 -0.158745 -0.17001 -0.0769183 -0.0640527 -0.0646974 
0.841777 0.977762 0.663488 0.88358 0.757047 0.937359 -0.0492542 -0.0735338 -0.0486709 -0.0689831 -0.0509269 -0.0633933 -0.0895921 -0.100344 -0.0827333 
4.55204e-34 4.87907e-34 0.775824 0.459531 0.457668 -4.06247e-34 2.26345e-34 2.84333e-34 -0.00267408 -0.0010597 -0.000831967 5.13191e-34 -0.0477149 -0.0600235 -0.0532664 
3.30731e-34 0.483846 0.165312 0.30745 0.0794746 0.189811 -3.73438e-34 -0.0967079 -0.0273622 -0.0537539 -0.00549151 -0.0221829 -0.0661386 -0.0646974 -0.0619133 
0.998728 0.937155 0.986695 0.995403 0.994254 0.988545 -0.00214198 -0.000986231 -0.000746269 -0.00103511 -0.00157224 -0.00181365 -0.0431222 -0.0330759 -0.0312162 
0.354553 0.185978 0.203908 0.195002 0.285876 0.278226 -0.000848587 -0.000328379 -0.000264754 -0.000294433 -0.000570229 -0.000605341 0.00575751 0.0062029 0.00535212 
0.998728 0.986695 0.750165 0.90541 0.928177 0.994254 -0.00214198 -0.000746269 -0.000862923 -0.000966068 -0.00163335 -0.00157224 -0.0431222 -0.0312162 -0.0349007 
0.499617 0.477311 0.442664 0.461985 0.483197 0.49275 -0.00112731 -0.00147944 -0.000798978 -0.00110563 -0.000985848 -0.00131262 0.00481229 0.0059127 0.0044931 
0.583783 0.271125 0.422895 0.359985 0.504421 0.439449 -0.184797 -0.137481 -0.0939515 -0.120514 -0.139282 -0.168013 0.0210523 0.0400019 0.0473574 
0.777165 0.272724 0.654311 0.458013 0.716085 0.511111 -0.203566 -0.0407006 -0.214855 -0.136039 -0.209261 -0.133129 -0.147022 -0.176729 -0.151604 
0.354553 0.442664 0.477311 0.461985 0.429232 0.403655 -0.000848587 -0.000798978 -0.00147944 -0.00110563 -0.00119072 -0.00084962 0.00575751 0.0044931 0.0059127 
0.422895 0.271125 0.205956 0.23821 0.315192 0.359985 -0.0939515 -0.137481 -0.052862 -0.0978544 -0.0818295 -0.120514 0.0473574 0.0400019 0.0552881 
0.351685 0.654311 0.272724 0.458013 0.314723 0.504633 -0.14411 -0.214855 -0.0407006 -0.136039 -0.0907262 -0.182429 -0.163865 -0.151604 -0.176729 
2.25517e-34 0.287412 0.19381 0.242671 0.102626 0.15838 -3.54208e-35 -0.000851294 -0.000553448 -0.000730942 -0.000219035 -0.000347295 0.00706395 0.00700444 0.00787355 
5.13091e-34 -0.0225504 0.014679 -0.00913525 -0.00318033 -0.00601827 5.43011e-35 0.0596124 0.0677171 0.0708772 0.0510491 0.045767 -0.123286 -0.122865 -0.121914 
0.354553 0.432847 0.287412 0.370266 0.322578 0.397464 -0.000848587 -0.00170948 -0.000851294 -0.00132799 -0.000891981 -0.0012507 0.00575751 0.00696052 0.00700444 
7.39222e-34 0.833349 0.833803 0.834096 0.521609 0.531088 4.8952e-34 -0.0314088 -0.0174628 -0.023042 -0.00932089 -0.0174048 -0.10768 -0.114752 -0.0958611 
1.38205e-34 0.209077 0.205956 0.218948 0.133236 0.114253 -2.88767e-34 -0.00895463 -0.052862 -0.0273271 -0.0177487 -0.00483658 0.0553255 0.0511433 0.0552881 
3.68425e-34 0.404188 0.663488 0.547298 0.354739 0.201055 -4.34494e-34 -0.0163666 -0.0486709 -0.0275183 -0.0125072 -0.00468488 -0.0853783 -0.0843315 -0.0827333 
0.841777 0.663488 0.404188 0.547298 0.653501 0.757047 -0.0492542 -0.0486709 -0.0163666 -0.0275183 -0.0318204 -0.0509269 -0.0895921 -0.0827333 -0.0843315 
0.998728 0.8433 0.705829 0.780052 0.935607 0.967259 -0.00214198 -0.00315433 -0.00118968 -0.00195301 -0.00208551 -0.00325488 -0.0431222 -0.0516184 -0.0394519 
-1.60897e-34 -5.00408e-35 0.0183925 -0.083513 -0.154309 2.93025e-35 1.15507e-34 -1.69314e-34 -0.10458 -0.0369579 -0.0393259 6.82804e-35 -0.0323041 0.0263885 0.00420172 
0.354553 0.203908 0.295015 0.251534 0.326123 0.285876 -0.000848587 -0.000264754 -0.000361247 -0.000340453 -0.000574407 -0.000570229 0.00575751 0.00535212 0.00427777 
0.357711 0.199644 0.193794 0.19672 0.283554 0.285961 -0.000784238 -0.000233165 -0.000335231 -0.000276132 -0.000575195 -0.000526581 0.00554936 0.00530338 0.00637168 
0.489781 0.466856 0.500005 0.49179 0.497487 0.479955 -0.000157832 -0.000241485 -0.000237903 -0.00024466 -0.000192316 -0.000191105 -8.0422e-07 0.00134341 0.000953025 
2.25517e-34 0.185978 0.287412 0.239197 0.15838 0.0980615 -3.54208e-35 -0.000328379 -0.000851294 -0.000550421 -0.000347295 -0.000188161 0.00706395 0.0062029 0.00700444 
0.489822 0.500005 0.462953 0.490667 0.478488 0.497423 -0.000156631 -0.000237903 -0.000246543 -0.000247335 -0.000192686 -0.000191263 4.90924e-07 0.000953025 0.00146622 
2.68623e-34 0.199644 0.294277 0.249212 0.163301 0.106148 2.14243e-35 -0.000233165 -0.000350419 -0.000320627 -0.000133611 -5.80256e-05 0.00441586 0.00530338 0.00414681 
-3.12832e-34 -1.60897e-34 -0.157451 -0.200923 -0.250044 7.18898e-35 4.37702e-34 1.15507e-34 -0.0722396 -0.0223636 -0.00517467 6.68491e-34 -0.0977195 -0.0323041 -0.058396 
-9.17329e-36 -0.0376271 -0.00675007 -0.0222881 -0.000566275 -0.00760281 6.35752e-34 0.0269317 0.00358267 0.0140077 -0.000898515 0.00379674 -0.127612 -0.12816 -0.125732 
-0.0145574 0.0198506 0.221508 0.128189 0.0858664 0.00338607 0.0988592 0.107023 0.00710959 0.0624016 0.0657775 0.11046 -0.127408 -0.145585 -0.127815 
7.60492e-35 1.38205e-34 0.205956 0.133236 0.0914738 -8.83803e-35 -2.9118e-34 -2.88767e-34 -0.052862 -0.0177487 -0.0202592 -5.28898e-34 0.0535673 0.0553255 0.0552881 
-0.0943393 -0.236669 -0.302551 -0.26954 -0.221186 -0.218198 0.0667766 0.0490288 0.0329989 0.0431404 0.072317 0.0882225 -0.166747 -0.148845 -0.15716 
0.841777 0.404188 0.756073 0.591759 0.804335 0.653501 -0.0492542 -0.0163666 -0.0264725 -0.0209218 -0.0379173 -0.0318204 -0.0895921 -0.0843315 -0.0849103 
0.719903 0.663488 0.945736 0.849428 0.861555 0.696343 -0.0788019 -0.0486709 -0.103055 -0.081679 -0.0966856 -0.0637246 -0.0815396 -0.0827333 -0.0965569 
7.59629e-34 0.833349 7.39222e-34 0.531088 -4.90467e-34 0.554048 3.03496e-34 -0.0314088 4.8952e-34 -0.0174048 1.16406e-33 -0.0386454 -0.136073 -0.114752 -0.10768 
0.379846 0.205956 0.209077 0.218948 0.301651 0.305112 -0.0421426 -0.052862 -0.00895463 -0.0273271 -0.0273052 -0.0556103 0.0477756 0.0552881 0.0511433 
0.500006 0.500005 0.466856 0.49179 0.491737 0.500006 -0.000386266 -0.000237903 -0.000241485 -0.00024466 -0.000316467 -0.000302401 0.00211266 0.000953025 0.00134341 
0.500006 0.462953 0.500005 0.490667 0.500006 0.490722 -0.000386266 -0.000246543 -0.000237903 -0.000247335 -0.000302401 -0.000322615 0.00211266 0.00146622 0.000953025 
6.65438e-34 5.25423e-34 0.706107 0.410649 0.406243 -2.41875e-34 3.43532e-34 4.11209e-34 -0.00824513 -0.00303305 -0.00235877 7.66715e-34 -0.073143 -0.0877661 -0.0846824 
-2.88223e-34 -0.295621 -0.302551 -0.304969 -0.237199 -0.2913 7.555e-34 -0.00260052 0.0329989 0.0189867 0.0134236 0.0136137 -0.14953 -0.149109 -0.15716 
0.99934 0.996612 0.706725 0.91157 0.919351 0.998476 -0.0141418 -0.0263499 -0.0135294 -0.0220257 -0.0168557 -0.0203085 -0.0777239 -0.0883339 -0.0782496 
6.65438e-34 0.706107 0.836869 0.776394 0.511309 0.406243 3.43532e-34 -0.00824513 -0.00760604 -0.00821033 -0.00273634 -0.00235877 -0.073143 -0.0846824 -0.0735247 
0.931892 0.900875 0.888511 0.945062 0.949546 0.915459 -0.12821 -0.162332 -0.124141 -0.159421 -0.136007 -0.144197 -0.114466 -0.125511 -0.0893954 
0.357711 0.294277 0.199644 0.249212 0.285961 0.327395 -0.000784238 -0.000350419 -0.000233165 -0.000320627 -0.000526581 -0.000543901 0.00554936 0.00414681 0.00530338 
0.240044 0.221508 0.768205 0.464982 0.525365 0.224563 -0.0146783 0.00710959 -0.0841531 -0.0449911 -0.0522705 -0.00176791 -0.117461 -0.127815 -0.120299 
0.992392 0.986591 0.756073 0.917001 0.919961 0.989321 -0.0419505 -0.0558413 -0.0264725 -0.0437308 -0.0371655 -0.04961 -0.0957008 -0.0983335 -0.0849103 
5.13091e-34 5.0063e-34 -0.0225504 -0.00882999 -0.00601827 1.02756e-33 5.43011e-35 2.33991e-35 0.0596124 0.0357837 0.045767 -3.06508e-35 -0.123286 -0.121847 -0.122865 
0.99934 0.706725 0.644069 0.676527 0.903087 0.919351 -0.0141418 -0.0135294 -0.00688638 -0.00935628 -0.0130257 -0.0168557 -0.0777239 -0.0782496 -0.0714861 
0.99934 0.833803 0.996612 0.968901 0.998476 0.963818 -0.0141418 -0.0174628 -0.0263499 -0.0267494 -0.0203085 -0.0193855 -0.0777239 -0.0958611 -0.0883339 
0.244815 0.180871 0.380025 0.292382 0.318709 0.213736 -3.86753e-05 -3.61579e-05 -0.000142672 -8.54114e-05 -8.25337e-05 -3.54863e-05 -1.12355e-06 0.000896858 0.00100969 
0.244995 0.380126 0.169669 0.287959 0.208548 0.318875 -3.90933e-05 -0.000143164 -3.32743e-05 -8.42596e-05 -3.44718e-05 -8.2609e-05 1.37912e-06 0.00105337 0.000972994 
0.390244 0.487338 0.442664 0.469035 0.418607 0.450762 -0.000316641 -0.000587214 -0.000798978 -0.000694616 -0.000518782 -0.000449795 0.00275813 0.00320749 0.0044931 
4.52929e-34 0.644069 0.706725 0.676527 0.400423 0.356554 -3.73923e-34 -0.00688638 -0.0135294 -0.00935628 -0.00385752 -0.00251288 -0.0752733 -0.0714861 -0.0782496 
0.479236 0.536343 0.585561 0.560186 0.540988 0.519504 0.00452326 0.0523994 0.0266511 0.0460654 0.0115526 0.028512 0.033722 0.0197974 0.0171421 
0.404411 0.472032 0.485409 0.478535 0.453213 0.443125 0.0243563 0.0215043 0.0362039 0.0286614 0.0307311 0.023873 0.0136535 0.0129617 0.0147076 
4.87907e-34 0.647604 0.775824 0.715216 0.459531 0.366127 2.84333e-34 -0.00313727 -0.00267408 -0.00297761 -0.0010597 -0.000905516 -0.0600235 -0.0646376 -0.0532664 
0.998728 0.750165 0.625333 0.690828 0.895346 0.928177 -0.00214198 -0.000862923 -0.00116248 -0.00102894 -0.00211798 -0.00163335 -0.0431222 -0.0349007 -0.0438932 
-0.0943393 0.272724 0.224284 0.257292 0.0774702 0.0923404 0.0667766 -0.0407006 0.0236935 -0.00689845 0.0496183 0.0222263 -0.166747 -0.176729 -0.159079 
5.71475e-34 0.841302 0.644069 0.752428 0.361008 0.505396 -3.29846e-34 -0.0061939 -0.00688638 -0.00680769 -0.0021958 -0.00298358 -0.0664926 -0.0643789 -0.0714861 
0.38688 0.463264 0.470931 0.467449 0.435731 0.430785 -0.00143615 0.00141133 -0.00148234 -0.000260699 -0.00151072 -0.000435278 0.0124454 0.0139223 0.011698 
2.0911e-34 2.07872e-34 0.429113 0.203564 0.174243 -1.63228e-34 -3.63359e-34 -3.92375e-34 -0.0494656 -0.0106178 -0.0103399 -7.15996e-34 -0.0704005 -0.0772383 -0.0728529 
0.99934 0.706107 0.833803 0.77466 0.963818 0.934534 -0.0141418 -0.00824513 -0.0174628 -0.0114037 -0.0193855 -0.0144334 -0.0777239 -0.0846824 -0.0958611 
-9.17329e-36 -8.2521e-35 -0.0376271 -0.0181876 -0.00760281 1.52229e-35 6.35752e-34 6.87749e-34 0.0269317 0.0126625 0.00379674 1.27404e-33 -0.127612 -0.132208 -0.12816 
1.13677e-34 2.77088e-34 0.203908 0.1086 0.108404 -7.74878e-35 -2.8953e-35 -2.21725e-35 -0.000264754 -7.06865e-05 -7.16964e-05 -5.07265e-35 0.00583697 0.00443975 0.00535212 
0.75 0.750165 0.986695 0.90541 0.905376 0.750001 -4.82623e-37 -0.000862923 -0.000746269 -0.000966068 -0.000649422 -0.000452929 -0.0243605 -0.0349007 -0.0312162 
0.325394 0.642057 0.485929 0.561257 0.409995 0.493474 -0.101196 -0.205942 -0.116225 -0.161484 -0.117954 -0.152418 -0.0691479 -0.0701579 -0.0706442 
0.241327 0.406289 0.417318 0.4081 0.328167 0.310381 0.0679759 0.0470866 0.0836341 0.0683648 0.0777304 0.0618041 -0.0199419 -0.0401038 -0.014239 
0.361963 0.435883 0.452947 0.444834 0.413016 0.401571 0.0247566 0.0527206 0.0353848 0.043461 0.0308122 0.0381571 0.0200298 0.0180896 0.0186178 
0.777165 0.893627 0.900875 0.924328 0.83989 0.897691 -0.203566 -0.213215 -0.162332 -0.19967 -0.186555 -0.233367 -0.147022 -0.0955302 -0.125511 
0.378593 0.457492 0.465427 0.461494 0.428628 0.423017 -0.00137469 -0.0024413 -0.00139471 -0.0022292 -0.00131817 -0.00191091 0.00960756 0.00914148 0.0102112 
0.287412 0.432847 0.340347 0.391512 0.31483 0.370266 -0.000851294 -0.00170948 -0.0014922 -0.00163957 -0.00115351 -0.00132799 0.00700444 0.00696052 0.00784102 
0.500006 0.488407 0.487338 0.5 0.49683 0.497115 -0.000386266 -0.000686513 -0.000587214 -0.000651723 -0.000480579 -0.000518173 0.00211266 0.00354785 0.00320749 
0.777165 0.517181 0.272724 0.388868 0.511111 0.657358 -0.203566 -0.101282 -0.0407006 -0.0709174 -0.133129 -0.154825 -0.147022 -0.155799 -0.176729 
0.500019 0.455823 0.495833 0.481237 0.499165 0.489532 -0.0026449 -0.00239615 -0.00239392 -0.00241527 -0.00257815 -0.00260172 0.00905849 0.00997307 0.0102973 
2.60736e-34 -9.17329e-36 -0.00675007 -0.000566275 0.00415956 1.85988e-36 3.08832e-34 6.35752e-34 0.00358267 -0.000898515 -0.00273587 1.24763e-33 -0.125193 -0.127612 -0.125732 
0.38688 0.470931 0.455823 0.463798 0.4254 0.435731 -0.00143615 -0.00148234 -0.00239615 -0.00222839 -0.00204533 -0.00151072 0.0124454 0.011698 0.00997307 
0.240044 0.0361624 0.014679 0.0146563 0.059041 0.123947 -0.0146783 0.0386245 0.0677171 0.0545706 0.039921 0.0153913 -0.117461 -0.122493 -0.121914 
2.60736e-34 -0.00675007 5.16552e-34 -0.00116996 1.04122e-33 0.00415956 3.08832e-34 0.00358267 2.18947e-36 0.00013309 -1.87845e-37 -0.00273587 -0.125193 -0.125732 -0.12445 
0.439078 0.340347 0.432847 0.391512 0.436021 0.395565 -0.00204998 -0.0014922 -0.00170948 -0.00163957 -0.00193838 -0.00181479 0.00794439 0.00784102 0.00696052 
0.719903 0.306528 0.663488 0.485516 0.696343 0.525083 -0.0788019 -0.0223723 -0.0486709 -0.0327459 -0.0637246 -0.0460782 -0.0815396 -0.0779127 -0.0827333 
0.777165 0.900875 0.517181 0.73952 0.657358 0.83989 -0.203566 -0.162332 -0.101282 -0.146869 -0.154825 -0.186555 -0.147022 -0.125511 -0.155799 
0.404577 0.427967 0.488407 0.464646 0.456606 0.416656 -0.000340838 -0.000690915 -0.000686513 -0.000701736 -0.000501936 -0.000492288 0.00269203 0.00422979 0.00354785 
6.58228e-34 4.01883e-34 0.705829 0.405199 0.404515 -2.80216e-34 -2.24954e-34 -1.68371e-34 -0.00118968 -0.00030977 -0.000491549 -3.91539e-34 -0.0455792 -0.034279 -0.0394519 
0.361963 0.452947 0.454628 0.454131 0.41484 0.413016 0.0247566 0.0353848 0.0203528 0.0272949 0.0232869 0.0308122 0.0200298 0.0186178 0.018001 
0.998728 0.997165 0.8433 0.970733 0.967259 0.997925 -0.00214198 -0.00388066 -0.00315433 -0.00404454 -0.00325488 -0.00319131 -0.0431222 -0.0522927 -0.0516184 
0.241327 0.417318 0.41071 0.412681 0.331065 0.328167 0.0679759 0.0836341 0.0890996 0.0903025 0.0837893 0.0777304 -0.0199419 -0.014239 0.00271513 
0.99934 0.644069 0.841302 0.752428 0.956441 0.903087 -0.0141418 -0.00688638 -0.0061939 -0.00680769 -0.0110316 -0.0130257 -0.0777239 -0.0714861 -0.0643789 
0.500157 0.454628 0.491623 0.476478 0.497522 0.487016 0.0187562 0.0203528 0.0283996 0.0242774 0.0234394 0.0201197 0.0149284 0.018001 0.0166889 
3.30731e-34 2.0911e-34 0.293213 0.132079 0.109109 -7.97668e-35 -3.73438e-34 -3.63359e-34 -0.0393065 -0.00888512 -0.0093556 -6.6455e-34 -0.0661386 -0.0704005 -0.0684068 
-0.0405978 -0.00675007 -0.0376271 -0.0222881 -0.0445117 -0.0227462 0.0366682 0.00358267 0.0269317 0.0140077 0.0321186 0.0172666 -0.125273 -0.125732 -0.12816 
0.240044 0.0648712 0.221508 0.134221 0.224563 0.121869 -0.0146783 0.0532386 0.00710959 0.0382672 -0.00176791 0.0237078 -0.117461 -0.121759 -0.127815 
0.325394 0.683386 0.642057 0.663669 0.493474 0.507302 -0.101196 -0.222677 -0.205942 -0.218146 -0.152418 -0.155939 -0.0691479 -0.07009 -0.0701579 
0.524398 0.41071 0.510881 0.461879 0.5197 0.48434 0.0780457 0.0890996 0.0856794 0.090051 0.0828938 0.0874904 0.012157 0.00271513 0.00188096 
0.698498 0.485929 0.69352 0.60074 0.6975 0.620487 -0.159698 -0.116225 -0.199373 -0.152649 -0.182016 -0.136935 -0.0347497 -0.0706442 -0.0556912 
0.98998 0.8433 0.997165 0.970733 0.994214 0.977829 -0.00577164 -0.00315433 -0.00388066 -0.00404454 -0.00473386 -0.00540266 -0.0613249 -0.0516184 -0.0522927 
0.998728 0.625333 0.775824 0.705341 0.935357 0.895346 -0.00214198 -0.00116248 -0.00267408 -0.00173112 -0.00288879 -0.00211798 -0.0431222 -0.0438932 -0.0532664 
0.966213 0.768205 0.945736 0.937324 0.9633 0.900121 -0.0914464 -0.0841531 -0.103055 -0.108741 -0.0973469 -0.0972113 -0.104046 -0.120299 -0.0965569 
-0.114596 -0.302551 -0.295621 -0.304969 -0.21619 -0.244242 0.0215281 0.0329989 -0.00260052 0.0189867 0.0227253 0.0508238 -0.174127 -0.15716 -0.149109 
5.13091e-34 0.014679 0.0361624 0.0146563 -0.0117926 -0.00318033 5.43011e-35 0.0677171 0.0386245 0.0545706 0.0447796 0.0510491 -0.123286 -0.121914 -0.122493 
0.814276 0.791562 0.683386 0.756897 0.824958 0.818535 -0.304909 -0.287418 -0.222677 -0.264788 -0.290149 -0.305128 -0.107528 -0.0731283 -0.07009 
3.30928e-34 0.663488 0.306528 0.485516 0.155651 0.324392 -4.08087e-34 -0.0486709 -0.0223723 -0.0327459 -0.00808194 -0.015249 -0.07964 -0.0827333 -0.0779127 
0.770889 0.893627 0.873553 0.895406 0.867216 0.840266 -0.214311 -0.213215 -0.277263 -0.251884 -0.262233 -0.21715 -0.0769183 -0.0955302 -0.11386 
0.777165 0.873553 0.893627 0.895406 0.897691 0.840091 -0.203566 -0.277263 -0.213215 -0.251884 -0.233367 -0.252805 -0.147022 -0.11386 -0.0955302 
0.439078 0.432847 0.491025 0.468685 0.470753 0.436021 -0.00204998 -0.00170948 -0.00246745 -0.00208994 -0.00227576 -0.00193838 0.00794439 0.00696052 0.00787307 
-1.60897e-34 0.0183925 -0.157451 -0.0870143 -0.200923 -0.154309 1.15507e-34 -0.10458 -0.0722396 -0.08729 -0.0223636 -0.0393259 -0.0323041 0.00420172 -0.058396 
-0.0145574 0.221508 0.0648712 0.134221 0.0245382 0.0858664 0.0988592 0.00710959 0.0532386 0.0382672 0.0777219 0.0657775 -0.127408 -0.127815 -0.121759 
0.378593 0.465427 0.46 0.462522 0.424312 0.428628 -0.00137469 -0.00139471 0.00171893 -0.000111618 -0.000305611 -0.00131817 0.00960756 0.0102112 0.0108894 
0.272703 0.169669 0.380126 0.287959 0.330675 0.223599 -0.000107584 -3.32743e-05 -0.000143164 -8.42596e-05 -0.00012981 -6.31078e-05 0.0017772 0.000972994 0.00105337 
0.273417 0.380025 0.180871 0.292382 0.229108 0.330922 -0.000105241 -0.000142672 -3.61579e-05 -8.54114e-05 -6.42487e-05 -0.000129158 0.00170662 0.00100969 0.000896858 
4.07013e-34 6.1879e-34 0.756073 0.433024 0.413806 -4.56612e-34 -4.24164e-34 -4.10183e-34 -0.0264725 -0.00869555 -0.011331 -8.05688e-34 -0.0842219 -0.0808968 -0.0849103 
0.75 0.437721 0.750165 0.609418 0.750001 0.60951 -4.82623e-37 -0.000198452 -0.000862923 -0.000363475 -0.000452929 -0.000159369 -0.0243605 -0.0302014 -0.0349007 
0.408102 0.380025 0.466856 0.430185 0.441137 0.39453 -0.000105275 -0.000142672 -0.000241485 -0.000190139 -0.000160735 -0.000118735 -2.67656e-06 0.00100969 0.00134341 
0.408237 0.462953 0.380126 0.427456 0.39465 0.438655 -0.000106768 -0.000246543 -0.000143164 -0.000192402 -0.000119968 -0.000163187 2.48742e-06 0.00146622 0.00105337 
0.931892 0.945736 0.768205 0.937324 0.86998 0.957959 -0.12821 -0.103055 -0.0841531 -0.108741 -0.110069 -0.119565 -0.114466 -0.0965569 -0.120299 
0.404411 0.485409 0.489431 0.487322 0.455272 0.453213 0.0243563 0.0362039 0.0460701 0.0414929 0.0356155 0.0307311 0.0136535 0.0147076 0.0165306 
0.998728 0.705829 0.937155 0.84277 0.988545 0.935607 -0.00214198 -0.00118968 -0.000986231 -0.00132717 -0.00181365 -0.00208551 -0.0431222 -0.0394519 -0.0330759 
2.68623e-34 1.15122e-34 0.199644 0.106326 0.106148 -6.96577e-35 2.14243e-35 2.91103e-35 -0.000233165 -5.87557e-05 -5.80256e-05 5.08988e-35 0.00441586 0.00596388 0.00530338 
0.500068 0.46 0.494888 0.481481 0.498677 0.489894 0.0048803 0.00171893 0.000814994 0.00107224 0.00262179 0.00318016 0.0129475 0.0108894 0.0114761 
0.98998 0.999451 0.841302 0.964438 0.977399 0.996399 -0.00577164 -0.00953852 -0.0061939 -0.00893532 -0.00766579 -0.00797043 -0.0613249 -0.0692175 -0.0643789 
0.479236 0.585561 0.600574 0.598279 0.540932 0.540988 0.00452326 0.0266511 -0.0432861 -0.00408119 -0.0164302 0.0115526 0.033722 0.0171421 0.0248328 
4.52929e-34 5.71475e-34 0.644069 0.361008 0.356554 -1.99535e-34 -3.73923e-34 -3.29846e-34 -0.00688638 -0.0021958 -0.00251288 -6.94519e-34 -0.0752733 -0.0664926 -0.0714861 
0.408102 0.244815 0.380025 0.318709 0.39453 0.336654 -0.000105275 -3.86753e-05 -0.000142672 -8.25337e-05 -0.000118735 -7.85679e-05 -2.67656e-06 -1.12355e-06 0.00100969 
0.244995 0.408237 0.380126 0.39465 0.318875 0.336829 -3.90933e-05 -0.000106768 -0.000143164 -0.000119968 -8.2609e-05 -7.82986e-05 1.37912e-06 2.48742e-06 0.00105337 
0.746458 0.293213 0.429113 0.361339 0.606395 0.53059 -0.129689 -0.0393065 -0.0494656 -0.0441589 -0.0867519 -0.0817026 -0.0764472 -0.0684068 -0.0728529 
2.99413e-34 0.586333 4.01883e-34 0.324876 -9.77199e-35 0.325082 -5.52732e-35 -0.000359507 -1.68371e-34 -0.000158673 -2.78512e-34 -0.000111341 -0.0225186 -0.0302702 -0.034279 
4.01883e-34 0.586333 0.705829 0.6487 0.405199 0.324876 -1.68371e-34 -0.000359507 -0.00118968 -0.000651532 -0.00030977 -0.000158673 -0.034279 -0.0302702 -0.0394519 
0.500006 0.466856 0.477995 0.472704 0.494518 0.491737 -0.000386266 -0.000241485 -0.000416908 -0.000314559 -0.000409661 -0.000316467 0.00211266 0.00134341 0.00246191 
0.404577 0.477995 0.466856 0.472704 0.439734 0.447732 -0.000340838 -0.000416908 -0.000241485 -0.000314559 -0.000289096 -0.000382372 0.00269203 0.00246191 0.00134341 
4.42031e-34 0.625333 0.750165 0.690828 0.437755 0.350188 1.70591e-34 -0.00116248 -0.000862923 -0.00102894 -0.000270859 -0.00026487 -0.0359177 -0.0438932 -0.0349007 
1 0.75 0.986695 0.905376 0.996684 0.9375 -6.4265e-37 -4.82623e-37 -0.000746269 -0.000649422 -0.000703676 -9.95197e-37 -0.0235223 -0.0243605 -0.0312162 
0.99934 0.841302 0.999451 0.964438 0.999791 0.956441 -0.0141418 -0.0061939 -0.00953852 -0.00893532 -0.0115026 -0.0110316 -0.0777239 -0.0643789 -0.0692175 
1.57946e-34 1.41312e-34 0.257832 0.139906 0.14959 -8.93949e-35 -1.26957e-34 -9.34653e-35 0.0134604 0.00404529 0.00448676 -2.31085e-34 0.0266603 0.0197875 0.0233318 
0.50568 0.489431 0.505226 0.501337 0.506981 0.508172 0.0584158 0.0460701 0.0473032 0.047654 0.0524815 0.0523966 0.016517 0.0165306 0.0163317 
1.07416e-34 1.06326e-34 0.195131 0.101862 0.102916 -6.81103e-35 -5.33966e-35 -5.02279e-35 0.00129334 0.000356036 0.000479084 -1.04794e-34 0.0109714 0.0102343 0.0105789 
0.98998 0.775824 0.647604 0.715216 0.880335 0.917588 -0.00577164 -0.00267408 -0.00313727 -0.00297761 -0.00550826 -0.00458899 -0.0613249 -0.0532664 -0.0646376 
1.09654e-34 1.10449e-34 0.201342 0.107739 0.108757 -6.90096e-35 8.00716e-35 9.14658e-35 0.00114465 0.000442969 0.000346347 1.70435e-34 0.0162794 0.0184979 0.017362 
6.96443e-35 4.75956e-35 0.134112 0.0496513 0.0642323 -5.01368e-35 8.23617e-35 4.01966e-35 0.0184076 0.00653106 0.00608373 1.07965e-34 0.0156226 0.006667 0.0122035 
-3.88089e-35 -3.40159e-35 -0.0112465 -0.0430172 -0.0472734 1.76869e-35 -2.41635e-34 -3.1479e-34 0.00020195 -0.00230831 -0.00178746 -5.59014e-34 -0.049419 -0.0634637 -0.0590629 
-1.95797e-34 -2.88223e-34 -0.302551 -0.237199 -0.200279 1.45823e-34 7.78753e-34 7.555e-34 0.0329989 0.0134236 0.020861 1.49547e-33 -0.153036 -0.14953 -0.15716 
0.52941 0.622765 0.221508 0.411007 0.37306 0.572064 -0.0778763 -0.0805256 0.00710959 -0.0324648 -0.0272438 -0.078382 -0.144854 -0.130895 -0.127815 
5.82363e-35 3.30731e-34 0.165312 0.0794746 0.063181 -4.679e-35 -3.1567e-34 -3.73438e-34 -0.0273622 -0.00549151 -0.00452767 -6.29316e-34 -0.0632569 -0.0661386 -0.0619133 
9.72241e-35 2.25517e-34 0.19381 0.102626 0.102213 -6.57129e-35 -4.04337e-35 -3.54208e-35 -0.000553448 -0.000219035 -0.000203376 -7.50698e-35 0.00814672 0.00706395 0.00787355 
0.357711 0.467182 0.473208 0.47026 0.426857 0.422028 -0.000784238 -0.00174505 -0.0011863 -0.00144578 -0.00101503 -0.00124372 0.00554936 0.00676524 0.00527828 
0.937155 0.705829 0.586333 0.6487 0.800227 0.84277 -0.000986231 -0.00118968 -0.000359507 -0.000651532 -0.000736015 -0.00132717 -0.0330759 -0.0394519 -0.0302702 
0.619944 0.600574 0.609996 0.627385 0.615033 0.642152 -0.0130052 -0.0432861 0.0219152 -0.00454289 0.00644826 -0.0266168 -0.0200654 0.0248328 -0.00491891 
1 0.986695 0.937155 0.995403 0.984219 0.996684 -6.4265e-37 -0.000746269 -0.000986231 -0.00103511 -0.000852334 -0.000703676 -0.0235223 -0.0312162 -0.0330759 
-1.58984e-34 -1.95797e-34 -0.236669 -0.158608 -0.122612 1.06411e-34 7.54993e-34 7.78753e-34 0.0490288 0.0210687 0.0179688 1.45757e-33 -0.143897 -0.153036 -0.148845 
4.07013e-34 0.756073 0.404188 0.591759 0.212383 0.413806 -4.24164e-34 -0.0264725 -0.0163666 -0.0209218 -0.00561887 -0.011331 -0.0842219 -0.0849103 -0.0843315 
2.99413e-34 0.75 0.586333 0.673348 0.325082 0.4375 -5.52732e-35 -4.20804e-37 -0.000359507 -0.000215961 -0.000111341 -1.14858e-37 -0.0225186 -0.0226312 -0.0302702 
1.14044e-34 1.13881e-34 0.206704 0.111427 0.110986 -7.50373e-35 5.66919e-35 6.81782e-35 -0.000570366 -0.000224668 -0.000234372 1.2527e-34 0.0116122 0.0139379 0.0127205 
2.62901e-34 1.10578e-34 0.204543 0.109578 0.109155 -7.44586e-35 3.70461e-35 4.65455e-35 -0.000601607 -0.000206798 -0.000235551 8.45117e-35 0.00768847 0.00954249 0.0089309 
1.02098e-34 9.21504e-35 0.183879 0.0928174 0.0987766 -6.41234e-35 9.90356e-35 9.82878e-35 0.00715444 0.00270783 0.00238882 1.91327e-34 0.019761 0.0193531 0.0199106 
8.20122e-36 -1.877e-35 0.0446636 -0.0201667 -0.00243966 -1.92882e-35 -3.32145e-35 -1.37445e-34 0.0223074 0.00852845 0.00738453 -1.90193e-34 -0.00844409 -0.0294184 -0.0191815 
-3.7816e-36 2.62139e-35 0.0469388 0.0186441 -0.00164626 5.05321e-36 -3.37868e-34 -3.23855e-34 -0.024246 -0.00946235 -0.00696064 -6.40408e-34 -0.0671841 -0.0644189 -0.0654644 
1.73598e-34 1.79604e-34 0.295281 0.176989 0.178799 -1.12115e-34 -2.30933e-34 -1.71906e-34 0.00408495 0.00190184 0.000322792 -4.03914e-34 0.0464829 0.0353047 0.0408138 
1.22443e-34 1.14775e-34 0.211456 0.110918 0.116146 -7.21773e-35 -7.2774e-35 -5.97774e-35 0.00649202 0.00205189 0.00242168 -1.38066e-34 0.0153081 0.0125134 0.0137397 
1.05247e-34 1.04231e-34 0.193092 0.101607 0.101165 -6.69815e-35 -4.7691e-35 -4.47329e-35 -0.000610171 -0.000209086 -0.000196761 -9.20734e-35 0.00963259 0.00901505 0.00935692 
0.719903 0.888511 0.429113 0.700004 0.580233 0.820457 -0.0788019 -0.124141 -0.0494656 -0.0921082 -0.0656307 -0.102099 -0.0815396 -0.0893954 -0.0728529 
0.814276 0.667079 0.791562 0.787173 0.818535 0.741716 -0.304909 -0.298512 -0.287418 -0.310992 -0.305128 -0.30737 -0.107528 -0.0765211 -0.0731283 
0.767368 0.791562 0.667079 0.787173 0.754639 0.782675 -0.276541 -0.287418 -0.298512 -0.310992 -0.306691 -0.285607 -0.0579713 -0.0731283 -0.0765211 
0.746458 0.888511 0.900875 0.945062 0.916143 0.825662 -0.129689 -0.124141 -0.162332 -0.159421 -0.174752 -0.130661 -0.0764472 -0.0893954 -0.125511 
0.240044 0.014679 0.0648712 0.0310004 0.121869 0.059041 -0.0146783 0.0677171 0.0532386 0.060035 0.0237078 0.039921 -0.117461 -0.121914 -0.121759 
0.500006 0.477995 0.488407 0.483608 0.497115 0.494518 -0.000386266 -0.000416908 -0.000686513 -0.000538707 -0.000518173 -0.000409661 0.00211266 0.00246191 0.00354785 
2.22751e-34 4.42031e-34 0.437721 0.23457 0.234501 4.78651e-35 5.82952e-35 1.70591e-34 -0.000198452 -0.00017689 -8.60122e-05 2.87696e-34 -0.0245073 -0.0359177 -0.0302014 
0.99934 0.836869 0.706107 0.776394 0.934534 0.963383 -0.0141418 -0.00760604 -0.00824513 -0.00821033 -0.0144334 -0.0122663 -0.0777239 -0.0735247 -0.0846824 
0.225184 -0.157451 0.0183925 -0.0870143 0.0931878 -0.000569726 -0.197145 -0.0722396 -0.10458 -0.08729 -0.153696 -0.130585 -0.0625946 -0.058396 0.00420172 
0.746458 0.429113 0.888511 0.700004 0.825662 0.606395 -0.129689 -0.0494656 -0.124141 -0.0921082 -0.130661 -0.0867519 -0.0764472 -0.0728529 -0.0893954 
0.404577 0.488407 0.477995 0.483608 0.447732 0.456606 -0.000340838 -0.000686513 -0.000416908 -0.000538707 -0.000382372 -0.000501936 0.00269203 0.00354785 0.00246191 
-2.88223e-34 -3.12832e-34 -0.295621 -0.28179 -0.2913 1.8146e-34 7.555e-34 4.37702e-34 -0.00260052 0.0116553 0.0136137 1.23284e-33 -0.14953 -0.0977195 -0.149109 
4.42031e-34 0.750165 0.437721 0.609418 0.23457 0.437755 1.70591e-34 -0.000862923 -0.000198452 -0.000363475 -0.00017689 -0.000270859 -0.0359177 -0.0349007 -0.0302014 
1.57946e-34 0.257832 0.225112 0.243053 0.12174 0.14959 -1.26957e-34 0.0134604 0.00709416 0.0105506 0.00237251 0.00448676 0.0266603 0.0233318 0.0309831 
0.75 0.937155 0.586333 0.800227 0.673348 0.85918 -4.20804e-37 -0.000986231 -0.000359507 -0.000736015 -0.000215961 -0.000641341 -0.0226312 -0.0330759 -0.0302702 
0.395771 0.225112 0.257832 0.243053 0.335605 0.324164 0.0216506 0.00709416 0.0134604 0.0105506 0.0195495 0.0151332 0.0296138 0.0309831 0.0233318 
1.07416e-34 0.195131 0.150481 0.172797 0.0773659 0.102916 -5.33966e-35 0.00129334 0.00209114 0.00188326 0.000592064 0.000479084 0.0109714 0.0105789 0.01167 
-0.0145574 0.0648712 0.014679 0.0310004 0.00190407 0.0245382 0.0988592 0.0532386 0.0677171 0.060035 0.079243 0.0777219 -0.127408 -0.121759 -0.121914 
4.42031e-34 4.55204e-34 0.625333 0.350858 0.350188 -1.42397e-34 1.70591e-34 2.26345e-34 -0.00116248 -0.000389415 -0.00026487 3.98221e-34 -0.0359177 -0.0477149 -0.0438932 
0.312718 0.150481 0.195131 0.172797 0.255543 0.23729 0.00856222 0.00209114 0.00129334 0.00188326 0.00427059 0.00528433 0.0116082 0.01167 0.0105789 
1.15122e-34 2.62901e-34 0.193794 0.103111 0.102967 -6.14029e-35 2.91103e-35 3.70461e-35 -0.000335231 -0.000197889 -9.69927e-05 6.69866e-35 0.00596388 0.00768847 0.00637168 
4.87907e-34 6.65438e-34 0.647604 0.368483 0.366127 -1.66031e-34 2.84333e-34 3.43532e-34 -0.00313727 -0.00164547 -0.000905516 6.34153e-34 -0.0600235 -0.073143 -0.0646376 
-0.0612918 0.35445 0.0355293 0.179164 -0.0365688 0.11987 -0.100803 -0.213177 -0.0651318 -0.133599 -0.0745986 -0.139423 -0.123765 -0.122617 -0.167008 
0.746458 0.900875 0.893627 0.924328 0.842644 0.916143 -0.129689 -0.162332 -0.213215 -0.19967 -0.176291 -0.174752 -0.0764472 -0.125511 -0.0955302 
0.719903 0.429113 0.306528 0.373896 0.525083 0.580233 -0.0788019 -0.0494656 -0.0223723 -0.0319337 -0.0460782 -0.0656307 -0.0815396 -0.0728529 -0.0779127 
1.10449e-34 0.145062 0.201342 0.174305 0.107739 0.0768248 9.14658e-35 0.00195192 0.00114465 0.00180613 0.000442969 0.000619247 0.0184979 0.019274 0.017362 
1.09654e-34 0.201342 0.150814 0.177127 0.0795131 0.108757 8.00716e-35 0.00114465 -1.91174e-06 0.000386855 8.78033e-05 0.000346347 0.0162794 0.017362 0.0151206 
4.75956e-35 0.0515262 0.134112 0.0927282 0.0496513 0.0183898 4.01966e-35 0.013364 0.0184076 0.0170507 0.00653106 0.00398412 0.006667 -0.000677018 0.0122035 
6.96443e-35 0.134112 0.116772 0.127431 0.0534925 0.0642323 8.23617e-35 0.0184076 0.00716125 0.0112673 0.00259614 0.00608373 0.0156226 0.0122035 0.0178127 
-3.40159e-35 -0.0209468 -0.0112465 -0.0250696 -0.0430172 -0.0300387 -3.1479e-34 -0.0128006 0.00020195 -0.00860413 -0.00230831 -0.00310046 -0.0634637 -0.0665212 -0.0590629 
-3.88089e-35 -0.0112465 -0.0233408 -0.0230502 -0.0407338 -0.0472734 -2.41635e-34 0.00020195 0.00662459 0.00569174 0.000929261 -0.00178746 -0.049419 -0.0590629 -0.0407806 
0.311015 0.150814 0.201342 0.177127 0.259614 0.237326 9.49238e-06 -1.91174e-06 0.00114465 0.000386855 0.000888539 7.70149e-05 0.0149594 0.0151206 0.017362 
0.266449 0.116772 0.134112 0.127431 0.203183 0.195595 0.0263834 0.00716125 0.0184076 0.0112673 0.0246319 0.0172041 0.0185807 0.0178127 0.0122035 
0.326579 0.201342 0.145062 0.174305 0.244272 0.270113 0.00898715 0.00114465 0.00195192 0.00180613 0.00554534 0.00430379 0.0191702 0.017362 0.019274 
0.107906 -0.0233408 -0.0112465 -0.0230502 0.0390839 0.0337487 0.0350005 0.00662459 0.00020195 0.00569174 0.0101638 0.0174185 -0.0433995 -0.0407806 -0.0590629 
0.220357 0.134112 0.0515262 0.0927282 0.134934 0.179998 0.0533967 0.0184076 0.013364 0.0170507 0.0348001 0.0359672 0.00284388 0.0122035 -0.000677018 
0.146101 -0.0112465 -0.0209468 -0.0250696 0.0406182 0.0475194 -0.0310301 0.00020195 -0.0128006 -0.00860413 -0.0287634 -0.0151267 -0.0722387 -0.0590629 -0.0665212 
6.65438e-34 0.836869 0.647604 0.750859 0.368483 0.511309 3.43532e-34 -0.00760604 -0.00313727 -0.00484149 -0.00164547 -0.00273634 -0.073143 -0.0735247 -0.0646376 
0.52941 0.517181 0.900875 0.73952 0.751255 0.522199 -0.0778763 -0.101282 -0.162332 -0.146869 -0.135785 -0.0885783 -0.144854 -0.155799 -0.125511 
0.326828 0.195131 0.142493 0.168712 0.242447 0.26529 0.000577996 0.00129334 -1.99211e-05 0.000407277 0.000260411 0.00151708 0.0101128 0.0105789 0.00990501 
1.06326e-34 0.142493 0.195131 0.168712 0.101862 0.0735111 -5.02279e-35 -1.99211e-05 0.00129334 0.000407277 0.000356036 0.000111793 0.0102343 0.00990501 0.0105789 
0.271125 0.0444383 0.205956 0.132872 0.23821 0.147054 -0.137481 -0.0505031 -0.052862 -0.0567067 -0.0978544 -0.104458 0.0400019 0.0409589 0.0552881 
7.99238e-35 0.169669 2.03686e-34 0.0892242 -3.43634e-35 0.0892436 -2.18491e-38 -3.32743e-05 -7.50256e-36 -1.98278e-05 -7.45002e-36 -1.14054e-05 3.6123e-06 0.000972994 0.00150516 
2.07872e-34 0.306528 0.429113 0.373896 0.203564 0.138258 -3.92375e-34 -0.0223723 -0.0494656 -0.0319337 -0.0106178 -0.00665478 -0.0772383 -0.0779127 -0.0728529 
0.240044 0.44225 0.0361624 0.168714 0.123947 0.324419 -0.0146783 -0.0539942 0.0386245 -0.00296835 0.0153913 -0.0308024 -0.117461 -0.123181 -0.122493 
7.60492e-35 0.205956 0.0444383 0.132872 0.0199774 0.0914738 -2.9118e-34 -0.052862 -0.0505031 -0.0567067 -0.0163861 -0.0202592 0.0535673 0.0552881 0.0409589 
8.18554e-35 2.03439e-34 0.180871 0.0954799 0.0954601 -4.68318e-35 -2.24994e-38 7.03184e-36 -3.61579e-05 -2.1698e-05 -1.27083e-05 7.08228e-36 -3.6186e-06 0.00144794 0.000896858 
0.376742 0.257832 0.173116 0.215155 0.28633 0.324301 0.0285802 0.0134604 0.00567898 0.00893186 0.0163514 0.0211831 0.0175012 0.0233318 0.0176099 
0.351685 0.0355293 0.35445 0.179164 0.349215 0.195185 -0.14411 -0.0651318 -0.213177 -0.133599 -0.183401 -0.0956336 -0.163865 -0.167008 -0.122617 
1.14044e-34 0.206704 0.156116 0.181957 0.0823211 0.110986 5.66919e-35 -0.000570366 -0.000405665 -0.000481895 -0.000110558 -0.000234372 0.0116122 0.0127205 0.0106559 
1.41312e-34 0.173116 0.257832 0.215155 0.139906 0.0953178 -9.34653e-35 0.00567898 0.0134604 0.00893186 0.00404529 0.00167001 0.0197875 0.0176099 0.0233318 
1.79604e-34 0.225112 0.295281 0.265563 0.176989 0.128845 -1.71906e-34 0.00709416 0.00408495 0.00641914 0.00190184 0.00162333 0.0353047 0.0309831 0.0408138 
1.13881e-34 0.150814 0.206704 0.179572 0.111427 0.0794819 6.81782e-35 -1.91174e-06 -0.000570366 -0.000234624 -0.000224668 -2.97467e-05 0.0139379 0.0151206 0.0127205 
1.73598e-34 0.295281 0.209077 0.257736 0.124434 0.178799 -2.30933e-34 0.00408495 -0.00895463 -0.00424178 -0.00239758 0.000322792 0.0464829 0.0408138 0.0511433 
1.14775e-34 0.150481 0.211456 0.180095 0.110918 0.0792593 -5.97774e-35 0.00209114 0.00649202 0.00376963 0.00205189 0.00083182 0.0125134 0.01167 0.0137397 
1.02098e-34 0.183879 0.145062 0.166354 0.0748578 0.0987766 9.90356e-35 0.00715444 0.00195192 0.00375962 0.000931439 0.00238882 0.019761 0.0199106 0.019274 
9.21504e-35 0.116772 0.183879 0.151488 0.0928174 0.0603316 9.82878e-35 0.00716125 0.00715444 0.0076677 0.00270783 0.00225686 0.0193531 0.0178127 0.0199106 
8.20122e-36 0.0446636 0.0515262 0.0470703 0.00540954 -0.00243966 -3.32145e-35 0.0223074 0.013364 0.0173154 0.00400092 0.00738453 -0.00844409 -0.0191815 -0.000677018 
-1.877e-35 -0.0233408 0.0446636 0.00272925 -0.0201667 -0.0335432 -1.37445e-34 0.00662459 0.0223074 0.0132964 0.00852845 0.00248389 -0.0294184 -0.0407806 -0.0191815 
-3.7816e-36 0.0469388 -0.0209468 0.0104765 -0.0192255 -0.00164626 -3.37868e-34 -0.024246 -0.0128006 -0.0175848 -0.00487529 -0.00696064 -0.0671841 -0.0654644 -0.0665212 
1.22443e-34 0.211456 0.173116 0.192602 0.0899607 0.116146 -7.2774e-35 0.00649202 0.00567898 0.00665171 0.00153847 0.00242168 0.0153081 0.0137397 0.0176099 
2.62139e-35 0.0673983 0.0469388 0.061439 0.0186441 0.0243269 -3.23855e-34 -0.0127423 -0.024246 -0.0182129 -0.00946235 -0.00362124 -0.0644189 -0.0624384 -0.0654644 
1.04231e-34 0.141203 0.193092 0.167606 0.101607 0.0729217 -4.47329e-35 -0.000362463 -0.000610171 -0.000464117 -0.000209086 -9.02899e-05 0.00901505 0.00859303 0.00935692 
1.05247e-34 0.193092 0.142493 0.168049 0.0734643 0.101165 -4.7691e-35 -0.000610171 -1.99211e-05 -0.000279101 2.0575e-05 -0.000196761 0.00963259 0.00935692 0.00990501 
0.225184 0.667079 0.35445 0.523337 0.279674 0.455704 -0.197145 -0.298512 -0.213177 -0.272873 -0.203696 -0.262076 -0.0625946 -0.0765211 -0.122617 
0.498689 0.497671 0.467182 0.486848 0.494793 0.499968 -0.00198107 -0.00159848 -0.00174505 -0.00171275 -0.00193149 -0.00179305 0.00684611 0.00601128 0.00676524 
8.18554e-35 0.180871 0.244815 0.213736 0.132559 0.0954601 -2.24994e-38 -3.61579e-05 -3.86753e-05 -3.54863e-05 -1.1335e-05 -1.27083e-05 -3.6186e-06 0.000896858 -1.12355e-06 
-0.0943393 0.224284 0.0198506 0.117286 -0.0202948 0.0774702 0.0667766 0.0236935 0.107023 0.0694427 0.0858165 0.0496183 -0.166747 -0.159079 -0.145585 
7.99238e-35 0.244995 0.169669 0.208548 0.0892436 0.132756 -2.18491e-38 -3.90933e-05 -3.32743e-05 -3.44718e-05 -1.14054e-05 -1.12107e-05 3.6123e-06 1.37912e-06 0.000972994 
0.354553 0.477311 0.432847 0.458021 0.397464 0.429232 -0.000848587 -0.00147944 -0.00170948 -0.00161258 -0.0012507 -0.00119072 0.00575751 0.0059127 0.00696052 
2.0911e-34 0.429113 0.293213 0.361339 0.132079 0.174243 -3.63359e-34 -0.0494656 -0.0393065 -0.0441589 -0.00888512 -0.0103399 -0.0704005 -0.0728529 -0.0684068 
0.225184 0.0183925 0.408989 0.195061 0.317928 0.0931878 -0.197145 -0.10458 -0.227765 -0.175539 -0.226574 -0.153696 -0.0625946 0.00420172 -0.00490734 
0.271125 0.408989 0.0183925 0.195061 0.143598 0.335141 -0.137481 -0.227765 -0.10458 -0.175539 -0.132837 -0.18341 0.0400019 -0.00490734 0.00420172 
0.814276 0.873553 0.654311 0.796829 0.750525 0.845036 -0.304909 -0.277263 -0.214855 -0.265327 -0.276325 -0.293729 -0.107528 -0.11386 -0.151604 
2.25517e-34 1.13677e-34 0.185978 0.0982153 0.0980615 -5.45078e-35 -3.54208e-35 -2.8953e-35 -0.000328379 -9.52792e-05 -0.000188161 -6.36562e-35 0.00706395 0.00583697 0.0062029 
0.499617 0.497671 0.477311 0.497384 0.49275 0.499803 -0.00112731 -0.00159848 -0.00147944 -0.00157763 -0.00131262 -0.00135422 0.00481229 0.00601128 0.0059127 
0.498689 0.477311 0.497671 0.497384 0.499968 0.491237 -0.00198107 -0.00147944 -0.00159848 -0.00157763 -0.00179305 -0.00174749 0.00684611 0.0059127 0.00601128 
0.489822 0.489781 0.500005 0.497487 0.497423 0.500005 -0.000156631 -0.000157832 -0.000237903 -0.000192316 -0.000191263 -0.000177339 4.90924e-07 -8.0422e-07 0.000953025 
0.271125 0.0183925 0.0444383 0.0245355 0.147054 0.143598 -0.137481 -0.10458 -0.0505031 -0.07569 -0.104458 -0.132837 0.0400019 0.00420172 0.0409589 
-5.00408e-35 0.0444383 0.0183925 0.0245355 -0.083513 -0.0287447 -1.69314e-34 -0.0505031 -0.10458 -0.07569 -0.0369579 -0.0190706 0.0263885 0.0409589 0.00420172 
0.357711 0.473208 0.427967 0.453304 0.395788 0.426857 -0.000784238 -0.0011863 -0.000690915 -0.000921795 -0.000749999 -0.00101503 0.00554936 0.00527828 0.00422979 
4.55204e-34 0.775824 0.625333 0.705341 0.350858 0.457668 2.26345e-34 -0.00267408 -0.00116248 -0.00173112 -0.000389415 -0.000831967 -0.0477149 -0.0532664 -0.0438932 
0.998728 0.775824 0.997165 0.930652 0.997925 0.935357 -0.00214198 -0.00267408 -0.00388066 -0.00366399 -0.00319131 -0.00288879 -0.0431222 -0.0532664 -0.0522927 
0.98998 0.997165 0.775824 0.930652 0.917588 0.994214 -0.00577164 -0.00388066 -0.00267408 -0.00366399 -0.00458899 -0.00473386 -0.0613249 -0.0522927 -0.0532664 
0.694115 0.408989 0.583783 0.510729 0.641411 0.577386 -0.258987 -0.227765 -0.184797 -0.213625 -0.222466 -0.248962 -0.0203738 -0.00490734 0.0210523 
0.271125 0.583783 0.408989 0.510729 0.335141 0.439449 -0.137481 -0.184797 -0.227765 -0.213625 -0.18341 -0.168013 0.0400019 0.0210523 -0.00490734 
7.59629e-34 5.13091e-34 0.0361624 -0.0117926 0.0311706 1.05767e-33 3.03496e-34 5.43011e-35 0.0386245 0.0447796 0.0252398 6.64573e-36 -0.136073 -0.123286 -0.122493 
0.326828 0.361469 0.195131 0.285539 0.26529 0.343675 0.000577996 0.00566337 0.00129334 0.00353115 0.00151708 0.00265367 0.0101128 0.0108416 0.0105789 
0.376742 0.429404 0.257832 0.357492 0.324301 0.404901 0.0285802 0.0353789 0.0134604 0.0240698 0.0211831 0.0334516 0.0175012 0.0228556 0.0233318 
0.240044 0.768205 0.800526 0.780358 0.551322 0.525365 -0.0146783 -0.0841531 -0.0699538 -0.0758637 -0.0547401 -0.0522705 -0.117461 -0.120299 -0.116457 
-5.00408e-35 7.60492e-35 0.0444383 0.0199774 -0.0287447 -2.99917e-35 -1.69314e-34 -2.9118e-34 -0.0505031 -0.0163861 -0.0190706 -3.94726e-34 0.0263885 0.0535673 0.0409589 
0.98998 0.647604 0.836869 0.750859 0.936954 0.880335 -0.00577164 -0.00313727 -0.00760604 -0.00484149 -0.00742878 -0.00550826 -0.0613249 -0.0646376 -0.0735247 
0.146101 0.173354 -0.0112465 0.06818 0.0475194 0.15617 -0.0310301 0.00830553 0.00020195 0.00164954 -0.0151267 -0.0133612 -0.0722387 -0.0615771 -0.0590629 
0.220357 0.295489 0.134112 0.218148 0.179998 0.260081 0.0533967 0.0475924 0.0184076 0.0336727 0.0359672 0.0515838 0.00284388 0.0144507 0.0122035 
0.326579 0.361963 0.201342 0.289762 0.270113 0.345507 0.00898715 0.00346648 0.00114465 0.00247379 0.00430379 0.005954 0.0191702 0.016696 0.017362 
1.10578e-34 0.156116 0.204543 0.180843 0.109578 0.081987 4.65455e-35 -0.000405665 -0.000601607 -0.000518288 -0.000206798 -0.000125219 0.00954249 0.0106559 0.0089309 
1.10578e-34 1.14044e-34 0.156116 0.0823211 0.081987 -1.7173e-35 4.65455e-35 5.66919e-35 -0.000405665 -0.000110558 -0.000125219 1.0368e-34 0.00954249 0.0116122 0.0106559 
0.310231 0.204543 0.156116 0.180843 0.238969 0.26027 -0.00131822 -0.000601607 -0.000405665 -0.000518288 -0.000899068 -0.000979689 0.0105269 0.0089309 0.0106559 
1.79604e-34 1.57946e-34 0.225112 0.12174 0.128845 -1.82852e-35 -1.71906e-34 -1.26957e-34 0.00709416 0.00237251 0.00162333 -3.06007e-34 0.0353047 0.0266603 0.0309831 
3.68425e-34 4.07013e-34 0.404188 0.212383 0.201055 -1.68353e-35 -4.34494e-34 -4.24164e-34 -0.0163666 -0.00561887 -0.00468488 -8.30541e-34 -0.0853783 -0.0842219 -0.0843315 
2.07872e-34 3.30928e-34 0.306528 0.155651 0.138258 -2.23423e-35 -3.92375e-34 -4.08087e-34 -0.0223723 -0.00808194 -0.00665478 -7.67654e-34 -0.0772383 -0.07964 -0.0779127 
1.14775e-34 1.07416e-34 0.150481 0.0773659 0.0792593 -1.404e-35 -5.97774e-35 -5.33966e-35 0.00209114 0.000592064 0.00083182 -1.15845e-34 0.0125134 0.0109714 0.01167 
1.10449e-34 1.02098e-34 0.145062 0.0748578 0.0768248 -1.13546e-35 9.14658e-35 9.90356e-35 0.00195192 0.000931439 0.000619247 1.87826e-34 0.0184979 0.019761 0.019274 
1.13881e-34 1.09654e-34 0.150814 0.0795131 0.0794819 -1.07153e-35 6.81782e-35 8.00716e-35 -1.91174e-06 8.78033e-05 -2.97467e-05 1.48141e-34 0.0139379 0.0162794 0.0151206 
4.75956e-35 8.20122e-36 0.0515262 0.00540954 0.0183898 -1.82921e-35 4.01966e-35 -3.32145e-35 0.013364 0.00400092 0.00398412 -8.13437e-36 0.006667 -0.00844409 -0.000677018 
9.21504e-35 6.96443e-35 0.116772 0.0534925 0.0603316 -1.36574e-35 9.82878e-35 8.23617e-35 0.00716125 0.00259614 0.00225686 1.72157e-34 0.0193531 0.0156226 0.0178127 
-3.40159e-35 -3.7816e-36 -0.0209468 -0.0192255 -0.0300387 2.68479e-36 -3.1479e-34 -3.37868e-34 -0.0128006 -0.00487529 -0.00310046 -6.43354e-34 -0.0634637 -0.0671841 -0.0665212 
-1.877e-35 -3.88089e-35 -0.0233408 -0.0407338 -0.0335432 -1.39099e-35 -1.37445e-34 -2.41635e-34 0.00662459 0.000929261 0.00248389 -3.89652e-34 -0.0294184 -0.049419 -0.0407806 
0.966213 0.800526 0.768205 0.780358 0.900121 0.913465 -0.0914464 -0.0699538 -0.0841531 -0.0758637 -0.0972113 -0.0872182 -0.104046 -0.116457 -0.120299 
1.04231e-34 9.72241e-35 0.141203 0.0732467 0.0729217 -9.90994e-36 -4.47329e-35 -4.04337e-35 -0.000362463 -0.000127433 -9.02899e-05 -8.47826e-35 0.00901505 0.00814672 0.00859303 
1.06326e-34 1.05247e-34 0.142493 0.0734643 0.0735111 -1.2442e-35 -5.02279e-35 -4.7691e-35 -1.99211e-05 2.0575e-05 0.000111793 -9.80578e-35 0.0102343 0.00963259 0.00990501 
2.62139e-35 5.82363e-35 0.0673983 0.0351669 0.0243269 -1.31729e-36 -3.23855e-34 -3.1567e-34 -0.0127423 -0.00179797 -0.00362124 -6.23012e-34 -0.0644189 -0.0632569 -0.0624384 
1.41312e-34 1.22443e-34 0.173116 0.0899607 0.0953178 -1.08405e-35 -9.34653e-35 -7.2774e-35 0.00567898 0.00153847 0.00167001 -1.73324e-34 0.0197875 0.0153081 0.0176099 
1.38205e-34 1.73598e-34 0.209077 0.124434 0.114253 -5.10391e-36 -2.88767e-34 -2.30933e-34 -0.00895463 -0.00239758 -0.00483658 -5.03181e-34 0.0553255 0.0464829 0.0511433 
0.485929 0.642057 0.69352 0.67423 0.60074 0.561257 -0.116225 -0.205942 -0.199373 -0.206361 -0.152649 -0.161484 -0.0706442 -0.0701579 -0.0556912 
0.892354 0.800526 0.977762 0.939268 0.964451 0.849131 -0.0604833 -0.0699538 -0.0735338 -0.07975 -0.0737091 -0.0670105 -0.112652 -0.116457 -0.100344 
5.0063e-34 5.16552e-34 -0.0130499 -0.00358811 -0.00480384 1.02738e-33 2.33991e-35 2.18947e-36 0.0177769 0.00220516 0.0122704 -3.73702e-36 -0.121847 -0.12445 -0.123764 
0.99934 0.999451 0.836869 0.954778 0.963383 0.999791 -0.0141418 -0.00953852 -0.00760604 -0.00946296 -0.0122663 -0.0115026 -0.0777239 -0.0692175 -0.0735247 
0.98998 0.836869 0.999451 0.954778 0.996399 0.936954 -0.00577164 -0.00760604 -0.00953852 -0.00946296 -0.00797043 -0.00742878 -0.0613249 -0.0735247 -0.0692175 
2.22751e-34 0.437721 0.75 0.60951 0.4375 0.234501 5.82952e-35 -0.000198452 -4.82623e-37 -0.000159369 -1.68631e-37 -8.60122e-05 -0.0245073 -0.0302014 -0.0243605 
0.379846 0.422895 0.205956 0.315192 0.305112 0.403588 -0.0421426 -0.0939515 -0.052862 -0.0818295 -0.0556103 -0.0665109 0.0477756 0.0473574 0.0552881 
5.82363e-35 0.165312 0.0673983 0.110118 0.0351669 0.063181 -3.1567e-34 -0.0273622 -0.0127423 -0.018093 -0.00179797 -0.00452767 -0.0632569 -0.0619133 -0.0624384 
0.249843 0.0673983 0.165312 0.110118 0.212397 0.143964 -0.0690914 -0.0127423 -0.0273622 -0.018093 -0.0471968 -0.0341594 -0.0614435 -0.0624384 -0.0619133 
0.966213 0.977762 0.800526 0.939268 0.913465 0.974967 -0.0914464 -0.0735338 -0.0699538 -0.07975 -0.0872182 -0.0828082 -0.104046 -0.100344 -0.116457 
0.767368 0.69352 0.642057 0.67423 0.733414 0.740293 -0.276541 -0.199373 -0.205942 -0.206361 -0.245668 -0.238451 -0.0579713 -0.0556912 -0.0701579 
0.301438 0.141203 0.19381 0.167975 0.250542 0.227074 -0.00133296 -0.000362463 -0.000553448 -0.000468968 -0.000933814 -0.000861252 0.00873245 0.00859303 0.00787355 
9.72241e-35 0.19381 0.141203 0.167975 0.0732467 0.102213 -4.04337e-35 -0.000553448 -0.000362463 -0.000468968 -0.000127433 -0.000203376 0.00814672 0.00787355 0.00859303 
-0.164799 -0.0718486 -0.0376271 -0.063634 -0.0928589 -0.113332 0.0809951 0.0664212 0.0269317 0.0455617 0.0506636 0.073503 -0.136189 -0.126553 -0.12816 
0.892354 0.44225 0.800526 0.64696 0.849131 0.722097 -0.0604833 -0.0539942 -0.0699538 -0.0629131 -0.0670105 -0.0578894 -0.112652 -0.123181 -0.116457 
-1.95797e-34 -0.302551 -0.236669 -0.26954 -0.158608 -0.200279 7.78753e-34 0.0329989 0.0490288 0.0431404 0.0210687 0.020861 -0.153036 -0.15716 -0.148845 
7.59629e-34 0.0361624 0.44225 0.168714 0.245469 0.0311706 3.03496e-34 0.0386245 -0.0539942 -0.00296835 -0.0335876 0.0252398 -0.136073 -0.122493 -0.123181 
-0.114596 -0.295621 0.0355293 -0.157616 -0.0412215 -0.21619 0.0215281 -0.00260052 -0.0651318 -0.0152789 -0.0173647 0.0227253 -0.174127 -0.149109 -0.167008 
0.311015 0.201342 0.361963 0.289762 0.338009 0.259614 9.49238e-06 0.00114465 0.00346648 0.00247379 0.0013413 0.000888539 0.0149594 0.017362 0.016696 
-0.0612918 0.0355293 -0.295621 -0.157616 -0.203247 -0.0365688 -0.100803 -0.0651318 -0.00260052 -0.0152789 -0.0401197 -0.0745986 -0.123765 -0.167008 -0.149109 
0.266449 0.134112 0.295489 0.218148 0.281965 0.203183 0.0263834 0.0184076 0.0475924 0.0336727 0.0364775 0.0246319 0.0185807 0.0122035 0.0144507 
0.107906 -0.0112465 0.173354 0.06818 0.131323 0.0390839 0.0350005 0.00020195 0.00830553 0.00164954 0.0240548 0.0101638 -0.0433995 -0.0590629 -0.0615771 
0.395771 0.257832 0.429404 0.357492 0.414736 0.335605 0.0216506 0.0134604 0.0353789 0.0240698 0.0297845 0.0195495 0.0296138 0.0233318 0.0228556 
0.312718 0.195131 0.361469 0.285539 0.337725 0.255543 0.00856222 0.00129334 0.00566337 0.00353115 0.0071644 0.00427059 0.0116082 0.0105789 0.0108416 
0.454628 0.452947 0.491623 0.476323 0.476478 0.454131 0.0203528 0.0353848 0.0283996 0.0319857 0.0242774 0.0272949 0.018001 0.0186178 0.0166889 
0.603295 0.583783 0.422895 0.504421 0.51968 0.598658 -0.117452 -0.184797 -0.0939515 -0.139282 -0.110354 -0.150892 0.023468 0.0210523 0.0473574 
0.500479 0.491623 0.452947 0.476323 0.484243 0.496663 0.0393232 0.0283996 0.0353848 0.0319857 0.0382014 0.033941 0.0165213 0.0166889 0.0186178 
0.683386 0.791562 0.642057 0.734386 0.663669 0.756897 -0.222677 -0.287418 -0.205942 -0.250965 -0.218146 -0.264788 -0.07009 -0.0731283 -0.0701579 
1.15122e-34 0.193794 0.199644 0.19672 0.106326 0.102967 2.91103e-35 -0.000335231 -0.000233165 -0.000276132 -5.87557e-05 -9.69927e-05 0.00596388 0.00637168 0.00530338 
0.41071 0.417318 0.510881 0.472211 0.461879 0.412681 0.0890996 0.0836341 0.0856794 0.0892325 0.090051 0.0903025 0.00271513 -0.014239 0.00188096 
0.767368 0.642057 0.791562 0.734386 0.782675 0.733414 -0.276541 -0.205942 -0.287418 -0.250965 -0.285607 -0.245668 -0.0579713 -0.0701579 -0.0731283 
0.564456 0.510881 0.417318 0.472211 0.503609 0.538162 0.0615911 0.0856794 0.0836341 0.0892325 0.0792739 0.0757015 -0.000244238 0.00188096 -0.014239 
1.13677e-34 0.203908 0.185978 0.195002 0.0982153 0.108404 -2.8953e-35 -0.000264754 -0.000328379 -0.000294433 -9.52792e-05 -7.16964e-05 0.00583697 0.00535212 0.0062029 
0.500019 0.491025 0.496282 0.499728 0.499248 0.497486 -0.0026449 -0.00246745 -0.00246164 -0.00241201 -0.00261366 -0.00264201 0.00905849 0.00787307 0.00806526 
0.455823 0.470931 0.495833 0.486251 0.481237 0.463798 -0.00239615 -0.00148234 -0.00239392 -0.00208219 -0.00241527 -0.00222839 0.00997307 0.011698 0.0102973 
0.500059 0.495833 0.470931 0.486251 0.493278 0.49911 -0.00135962 -0.00239392 -0.00148234 -0.00208219 -0.00159256 -0.00198257 0.0109602 0.0102973 0.011698 
0.892354 0.977762 0.986591 0.982316 0.971614 0.964451 -0.0604833 -0.0735338 -0.0558413 -0.0654533 -0.0654136 -0.0737091 -0.112652 -0.100344 -0.0983335 
0.500059 0.494888 0.465427 0.483239 0.490882 0.498585 -0.00135962 0.000814994 -0.00139471 -0.000559269 -0.0012777 -0.000475401 0.0109602 0.0114761 0.0102112 
0.46 0.465427 0.494888 0.483239 0.481481 0.462522 0.00171893 -0.00139471 0.000814994 -0.000559269 0.00107224 -0.000111618 0.0108894 0.0102112 0.0114761 
0.316408 0.204543 0.360409 0.289732 0.339158 0.263868 -0.00100074 -0.000601607 -0.00158965 -0.00107188 -0.00131757 -0.000801168 0.00737881 0.0089309 0.00889105 
0.310231 0.360409 0.204543 0.289732 0.26027 0.336293 -0.00131822 -0.00158965 -0.000601607 -0.00107188 -0.000979689 -0.00151246 0.0105269 0.00889105 0.0089309 
0.719903 0.945736 0.888511 0.91942 0.820457 0.861555 -0.0788019 -0.103055 -0.124141 -0.115632 -0.102099 -0.0966856 -0.0815396 -0.0965569 -0.0893954 
0.221508 0.622765 0.768205 0.695004 0.464982 0.411007 0.00710959 -0.0805256 -0.0841531 -0.0824867 -0.0449911 -0.0324648 -0.127815 -0.130895 -0.120299 
0.500479 0.505226 0.485409 0.499141 0.501017 0.503353 0.0393232 0.0473032 0.0362039 0.0421266 0.0382915 0.043709 0.0165213 0.0163317 0.0147076 
0.489431 0.485409 0.505226 0.499141 0.501337 0.487322 0.0460701 0.0362039 0.0473032 0.0421266 0.047654 0.0414929 0.0165306 0.0147076 0.0163317 
0.931892 0.888511 0.945736 0.91942 0.957959 0.949546 -0.12821 -0.124141 -0.103055 -0.115632 -0.119565 -0.136007 -0.114466 -0.0893954 -0.0965569 
0.240044 0.800526 0.44225 0.64696 0.324419 0.551322 -0.0146783 -0.0699538 -0.0539942 -0.0629131 -0.0308024 -0.0547401 -0.117461 -0.116457 -0.123181 
0.564456 0.609996 0.585561 0.607254 0.591887 0.586149 0.0615911 0.0219152 0.0266511 0.0291226 0.0456892 0.0450242 -0.000244238 -0.00491891 0.0171421 
0.931892 0.768205 0.622765 0.695004 0.824336 0.86998 -0.12821 -0.0841531 -0.0805256 -0.0824867 -0.112583 -0.110069 -0.114466 -0.120299 -0.130895 
0.483846 0.476131 0.165312 0.309421 0.30745 0.484425 -0.0967079 -0.121021 -0.0273622 -0.0645601 -0.0537539 -0.109653 -0.0646974 -0.0640527 -0.0619133 
0.600574 0.585561 0.609996 0.607254 0.627385 0.598279 -0.0432861 0.0266511 0.0219152 0.0291226 -0.00454289 -0.00408119 0.0248328 0.0171421 -0.00491891 
0.841777 0.986591 0.977762 0.982316 0.937359 0.939188 -0.0492542 -0.0558413 -0.0735338 -0.0654533 -0.0633933 -0.0548518 -0.0895921 -0.0983335 -0.100344 
0.272724 0.517181 0.224284 0.354561 0.257292 0.388868 -0.0407006 -0.101282 0.0236935 -0.0336389 -0.00689845 -0.0709174 -0.176729 -0.155799 -0.159079 
0.52941 0.224284 0.517181 0.354561 0.522199 0.35289 -0.0778763 0.0236935 -0.101282 -0.0336389 -0.0885783 -0.0280492 -0.144854 -0.159079 -0.155799 
0.287412 0.340347 0.19381 0.27293 0.242671 0.31483 -0.000851294 -0.0014922 -0.000553448 -0.000996828 -0.000730942 -0.00115351 0.00700444 0.00784102 0.00787355 
-0.0405978 -0.0376271 -0.0718486 -0.063634 -0.0575134 -0.0445117 0.0366682 0.0269317 0.0664212 0.0455617 0.0513397 0.0321186 -0.125273 -0.12816 -0.126553 
0.249843 0.165312 0.476131 0.309421 0.358846 0.212397 -0.0690914 -0.0273622 -0.121021 -0.0645601 -0.0925644 -0.0471968 -0.0614435 -0.0619133 -0.0640527 
0.301438 0.19381 0.340347 0.27293 0.321421 0.250542 -0.00133296 -0.000553448 -0.0014922 -0.000996828 -0.0014752 -0.000933814 0.00873245 0.00787355 0.00784102 
0.467182 0.497671 0.473208 0.488785 0.47026 0.486848 -0.00174505 -0.00159848 -0.0011863 -0.00140062 -0.00144578 -0.00171275 0.00676524 0.00601128 0.00527828 
0.777165 0.654311 0.873553 0.796829 0.840091 0.716085 -0.203566 -0.214855 -0.277263 -0.265327 -0.252805 -0.209261 -0.147022 -0.151604 -0.11386 
0.698498 0.675715 0.582943 0.653161 0.647168 0.689278 -0.159698 -0.0971682 -0.0576645 -0.0741599 -0.1053 -0.126243 -0.0347497 -0.00598934 -0.0459391 
0.524398 0.522416 0.488048 0.513033 0.506145 0.526608 0.0780457 0.06396 0.0746685 0.0690462 0.0783356 0.0716733 0.012157 0.0157233 0.0144285 
0.500157 0.494315 0.493103 0.500081 0.497743 0.499264 0.0187562 0.0100758 0.0103017 0.0104746 0.0142236 0.0140829 0.0149284 0.0130682 0.01487 
0.499617 0.473208 0.497671 0.488785 0.499803 0.494833 -0.00112731 -0.0011863 -0.00159848 -0.00140062 -0.00135422 -0.00117921 0.00481229 0.00527828 0.00601128 
0.498689 0.496282 0.491025 0.499728 0.49573 0.499874 -0.00198107 -0.00246164 -0.00246745 -0.00241201 -0.00222659 -0.00221146 0.00684611 0.00806526 0.00787307 
0.500068 0.493103 0.494315 0.500081 0.498517 0.498501 0.0048803 0.0103017 0.0100758 0.0104746 0.00729896 0.00737342 0.0129475 0.01487 0.0130682 
0.50568 0.488048 0.522416 0.513033 0.514411 0.499469 0.0584158 0.0746685 0.06396 0.0690462 0.061454 0.0661365 0.016517 0.0144285 0.0157233 
0.619944 0.582943 0.675715 0.653161 0.656516 0.603739 -0.0130052 -0.0576645 -0.0971682 -0.0741599 -0.051897 -0.0329019 -0.0200654 -0.0459391 -0.00598934 
5.16552e-34 -0.00675007 -0.0130499 -0.0120958 -0.00358811 -0.00116996 2.18947e-36 0.00358267 0.0177769 0.00974842 0.00220516 0.00013309 -0.12445 -0.125732 -0.123764 
-0.0405978 -0.0130499 -0.00675007 -0.0120958 -0.0227462 -0.0254826 0.0366682 0.0177769 0.00358267 0.00974842 0.0172666 0.0275682 -0.125273 -0.123764 -0.125732 
5.0063e-34 -0.0130499 -0.0225504 -0.0208882 -0.00882999 -0.00480384 2.33991e-35 0.0177769 0.0596124 0.037686 0.0357837 0.0122704 -0.121847 -0.123764 -0.122865 
-0.0405978 -0.0225504 -0.0130499 -0.0208882 -0.0254826 -0.0356552 0.0366682 0.0596124 0.0177769 0.037686 0.0275682 0.048538 -0.125273 -0.122865 -0.123764 
