0.456787 0.839252 7.65634e-34 0.564533 0.253517 0.68208 -0.0583731 -0.0350248 2.96665e-34 -0.0417912 -0.0363359 -0.056108 -0.120891 -0.111624 -0.134414 
-0.0935964 -0.103999 0.335216 0.104315 0.104099 -0.0944829 0.0172202 -0.0514279 -0.117819 -0.0670582 -0.0240074 -0.00854973 -0.183466 -0.164398 -0.185051 
0.500022 0.462411 0.495126 0.496123 0.498747 0.490748 -0.000909764 -0.000316283 -0.000472422 -0.000384659 -0.000754866 -0.000713993 0.0110087 0.0129479 0.0118244 
0.49999 0.451739 0.498407 0.492831 0.500048 0.486705 0.0145396 0.0219717 0.0211566 0.0225734 0.0177241 0.0184305 0.016888 0.0193676 0.0173797 
0.513227 0.4283 0.53649 0.506553 0.523939 0.489183 0.0443441 0.0587319 0.0330819 0.0483953 0.0404767 0.0530314 0.0181812 0.0017309 0.0176585 
0.41448 0.385236 0.77179 0.615073 0.64756 0.393108 -0.25257 -0.267122 -0.306485 -0.304712 -0.307205 -0.26964 -0.123691 -0.0469076 -0.0637276 
0.384315 0.307734 0.203636 0.258508 0.304481 0.348459 -0.000707142 -0.000482439 -0.000263704 -0.000400967 -0.000484458 -0.000591554 0.0115023 0.00991535 0.0116339 
0.62306 0.517278 0.584719 0.570955 0.604554 0.602875 -0.0602959 -0.0951378 -0.02257 -0.0577694 -0.0386751 -0.0825672 9.01e-05 0.039454 0.0190936 
0.900036 0.839252 0.456787 0.68208 0.735203 0.872658 -0.0674896 -0.0350248 -0.0583731 -0.056108 -0.0631676 -0.0522908 -0.109324 -0.111624 -0.120891 
0.438984 0.26411 0.357199 0.315363 0.404323 0.369156 0.0227973 0.0101531 0.0215703 0.0164231 0.0241297 0.0167468 0.0316733 0.0349483 0.0263366 
0.62306 0.619033 0.517278 0.570593 0.602875 0.639597 -0.0602959 -0.161832 -0.0951378 -0.127191 -0.0825672 -0.109777 9.01e-05 0.0164659 0.039454 
0.357076 0.315207 0.466532 0.40612 0.421311 0.336805 -0.000228055 -0.000307559 -0.000520605 -0.000432783 -0.000364474 -0.000270104 0.0055389 0.007223 0.00671587 
0.447519 0.466532 0.315207 0.40612 0.391441 0.457548 -0.000655812 -0.000520605 -0.000307559 -0.000432783 -0.00049139 -0.000590823 0.00808216 0.00671587 0.007223 
0.49999 0.465971 0.494378 0.497087 0.498131 0.49268 0.0145396 0.00607463 0.00874816 0.00775859 0.0114766 0.0098979 0.016888 0.0143472 0.0163971 
0.500022 0.458934 0.49534 0.495481 0.498875 0.489545 -0.000909764 -0.000932775 -0.00101115 -0.000985444 -0.000985429 -0.000966694 0.0110087 0.00955175 0.0101353 
0.500009 0.458934 0.491544 0.478304 0.497788 0.489548 -0.000947216 -0.000932775 -0.000790678 -0.000881986 -0.000886433 -0.000977509 0.00907358 0.00955175 0.00792327 
0.491544 0.458934 0.440388 0.450089 0.471732 0.478304 -0.000790678 -0.000932775 -0.000666688 -0.000780916 -0.000734278 -0.000881986 0.00792327 0.00955175 0.00814577 
0.388641 0.201409 0.307865 0.25742 0.350066 0.305982 0.00866991 0.00241687 0.00249207 0.00288805 0.00504683 0.00564546 0.015046 0.0150888 0.0136877 
0.438984 0.357199 0.492803 0.445795 0.472334 0.404323 0.0227973 0.0215703 0.040664 0.0313061 0.0324716 0.0241297 0.0316733 0.0263366 0.0226867 
0.0384433 -0.0183545 -0.00526969 -0.0239644 0.0282758 0.00634149 0.0928771 0.0913834 0.119574 0.114703 0.103271 0.101076 -0.12151 -0.122989 -0.135602 
0.705758 0.84649 0.619476 0.777093 0.661719 0.820054 -0.20979 -0.30294 -0.18544 -0.251925 -0.205434 -0.264945 -0.0741937 -0.0923741 -0.065106 
0.619033 0.629047 0.402673 0.514444 0.529062 0.627643 -0.161832 -0.267981 -0.161735 -0.217726 -0.169032 -0.214651 0.0164659 -0.015836 0.0394345 
0.77179 0.619476 0.84649 0.777093 0.810261 0.766548 -0.306485 -0.18544 -0.30294 -0.251925 -0.307105 -0.248749 -0.0637276 -0.065106 -0.0923741 
0.388641 0.307865 0.465971 0.402755 0.432677 0.350066 0.00866991 0.00249207 0.00607463 0.00434805 0.00766561 0.00504683 0.015046 0.0136877 0.0143472 
0.384315 0.454317 0.307734 0.393705 0.348459 0.42332 -0.000707142 -0.000881846 -0.000482439 -0.000695803 -0.000591554 -0.000838444 0.0115023 0.00962389 0.00991535 
0.697135 0.629047 0.619033 0.627643 0.665216 0.691482 -0.182879 -0.267981 -0.161832 -0.214651 -0.174352 -0.230983 -0.0219817 -0.015836 0.0164659 
0.38118 0.303969 0.458934 0.395796 0.425084 0.34496 -0.000697838 -0.000494922 -0.000932775 -0.000713888 -0.000822723 -0.000600258 0.0105926 0.00938702 0.00955175 
0.384315 0.308142 0.462411 0.40031 0.428811 0.348668 -0.000707142 -0.00032188 -0.000316283 -0.000293256 -0.000602622 -0.000559486 0.0115023 0.0133854 0.0129479 
0.513227 0.492803 0.489848 0.509109 0.502295 0.51331 0.0443441 0.040664 0.0490653 0.0436489 0.0476113 0.0407139 0.0181812 0.0226867 0.0171978 
0.377143 0.2938 0.451739 0.38626 0.419502 0.338393 0.00825221 0.0100829 0.0219717 0.0162488 0.0143078 0.00940207 0.0188654 0.01977 0.0193676 
0.316602 0.202524 0.4283 0.317529 0.369248 0.262342 0.044703 0.0366222 0.0587319 0.0501241 0.0532087 0.042397 0.00889155 -0.00477904 0.0017309 
0.377143 0.330519 0.194369 0.267624 0.296426 0.35569 0.00825221 0.00236348 0.00234592 0.00283496 0.00541211 0.00477661 0.0188654 0.0170454 0.0188626 
0.384315 0.203636 0.308142 0.258817 0.348668 0.304481 -0.000707142 -0.000263704 -0.00032188 -0.000314638 -0.000559486 -0.000484458 0.0115023 0.0116339 0.0133854 
0.377143 0.460164 0.330519 0.406774 0.35569 0.424531 0.00825221 0.0056702 0.00236348 0.00385828 0.00477661 0.00713183 0.0188654 0.0166705 0.0170454 
0.316602 0.285475 0.127452 0.210766 0.225946 0.301391 0.044703 0.0267015 0.0152065 0.0226823 0.0308884 0.0356499 0.00889155 0.0165013 0.0070694 
0.377143 0.194369 0.2938 0.247902 0.338393 0.296426 0.00825221 0.00234592 0.0100829 0.00567886 0.00940207 0.00541211 0.0188654 0.0188626 0.01977 
0.329322 0.191035 0.0400223 0.106838 0.164814 0.242621 -0.0409591 0.0177542 -0.00573282 -0.00310281 -0.0243147 -0.00766913 -0.0629412 -0.0428455 -0.0589773 
0.316602 0.127452 0.202524 0.164177 0.262342 0.225946 0.044703 0.0152065 0.0366222 0.0256001 0.042397 0.0308884 0.00889155 0.0070694 -0.00477904 
0.443384 0.330519 0.460164 0.406774 0.452394 0.394546 0.00152631 0.00236348 0.0056702 0.00385828 0.00327084 0.00194451 0.01498 0.0170454 0.0166705 
0.316602 0.432954 0.285475 0.366525 0.301391 0.381891 0.044703 0.0462788 0.0267015 0.0381997 0.0356499 0.0469802 0.00889155 0.0170881 0.0165013 
0.420998 0.285475 0.432954 0.366525 0.42707 0.3616 0.0320514 0.0267015 0.0462788 0.0381997 0.0390479 0.0310263 0.0192644 0.0165013 0.0170881 
0.390349 0.462966 0.487417 0.476807 0.45087 0.431468 -8.86758e-05 -6.79148e-05 -0.00016093 -0.000105392 -0.00012391 -7.78486e-05 0.00272507 0.00145 0.00319168 
0.500004 0.487417 0.462966 0.476807 0.490738 0.496854 -0.000105161 -0.00016093 -6.79148e-05 -0.000105392 -8.80281e-05 -0.000130968 0.00211263 0.00319168 0.00145 
0.329322 0.479845 0.191035 0.332372 0.242621 0.407682 -0.0409591 -0.0273819 0.0177542 0.00441197 -0.00766913 -0.0366734 -0.0629412 -0.0378837 -0.0428455 
0.392725 0.191035 0.479845 0.332372 0.428538 0.297071 0.0352868 0.0177542 -0.0273819 0.00441197 0.00859686 0.0291012 -0.0189204 -0.0428455 -0.0378837 
0.438984 0.511196 0.370028 0.449245 0.410048 0.475223 0.0227973 -0.00437417 -0.00379091 -0.00910214 0.0105813 0.00974201 0.0316733 0.0321261 0.0432882 
0.465342 0.347159 0.472114 0.422123 0.468401 0.415412 0.0309358 0.0133269 0.0225892 0.0183546 0.0270389 0.022089 0.0195661 0.0173708 0.0172546 
0.388641 0.472114 0.347159 0.422123 0.36816 0.436283 0.00866991 0.0225892 0.0133269 0.0183546 0.0110864 0.0148244 0.015046 0.0172546 0.0173708 
0.442513 0.32933 0.460806 0.406605 0.452015 0.393193 0.00157137 -0.00022832 -0.000215799 -0.000153463 0.000528097 0.000340388 0.012985 0.0117718 0.0119248 
0.38118 0.460806 0.32933 0.406605 0.356369 0.426274 -0.000697838 -0.000215799 -0.00022832 -0.000153463 -0.000525465 -0.000569747 0.0105926 0.0119248 0.0117718 
0.500014 0.495126 0.462411 0.496123 0.490823 0.498709 0.000512796 -0.000472422 -0.000316283 -0.000384659 4.89628e-05 -5.43822e-05 0.0129786 0.0118244 0.0129479 
0.329322 0.217075 0.619476 0.431937 0.4682 0.275401 -0.0409591 -0.0521176 -0.18544 -0.107434 -0.104818 -0.0523134 -0.0629412 -0.0667081 -0.065106 
0.499946 0.498407 0.451739 0.492831 0.484365 0.500775 0.0296633 0.0211566 0.0219717 0.0225734 0.0262414 0.0253275 0.0186394 0.0173797 0.0193676 
0.447519 0.454317 0.495921 0.480726 0.478559 0.450967 -0.000655812 -0.000881846 -0.000792468 -0.000865941 -0.000748281 -0.000759439 0.00808216 0.00962389 0.00802548 
0.553096 0.53649 0.4283 0.506553 0.50116 0.544375 0.0262004 0.0330819 0.0587319 0.0483953 0.0463592 0.0305075 0.0110139 0.0176585 0.0017309 
2.77483e-34 0.215438 0.295323 0.257034 0.163845 0.115228 -2.1995e-35 -3.29084e-05 -0.000104073 -6.34733e-05 -4.1486e-05 -2.11406e-05 0.00443941 0.00294677 0.00426003 
0.500009 0.495921 0.454317 0.480726 0.4888 0.499049 -0.000947216 -0.000792468 -0.000881846 -0.000865941 -0.00094315 -0.000880352 0.00907358 0.00802548 0.00962389 
9.19938e-35 2.68268e-34 0.2149 0.114977 0.114957 -9.18887e-35 1.4361e-35 2.15922e-35 -3.11291e-05 -1.95403e-05 -7.04652e-06 3.60387e-35 0.00293128 0.00441793 0.00282155 
0.2149 2.68268e-34 0.293987 0.16306 0.256034 0.114977 -3.11291e-05 2.15922e-35 -0.000100645 -3.92316e-05 -6.11173e-05 -1.95403e-05 0.00282155 0.00441793 0.00416601 
0.465342 0.502153 0.492803 0.499486 0.480523 0.490873 0.0309358 0.037506 0.040664 0.0406147 0.036353 0.0348264 0.0195661 0.0190699 0.0226867 
0.38118 0.196136 0.303969 0.252973 0.34496 0.299245 -0.000697838 -0.000281488 -0.000494922 -0.000406318 -0.000600258 -0.000469845 0.0105926 0.0104833 0.00938702 
0.500961 0.492803 0.502153 0.499486 0.503821 0.505467 0.044061 0.040664 0.037506 0.0406147 0.0413492 0.0434085 0.0194096 0.0226867 0.0190699 
0.50004 0.494378 0.465971 0.497087 0.491851 0.498525 0.00483971 0.00874816 0.00607463 0.00775859 0.00550637 0.0066382 0.0149573 0.0163971 0.0143472 
0.500009 0.49534 0.458934 0.495481 0.489548 0.498914 -0.000947216 -0.00101115 -0.000932775 -0.000985444 -0.000977509 -0.000989779 0.00907358 0.0101353 0.00955175 
-0.00526969 -0.0183545 -0.0931237 -0.0549584 -0.0680351 -0.0239644 0.119574 0.0913834 0.0883862 0.0969612 0.112614 0.114703 -0.135602 -0.122989 -0.130408 
8.30033e-34 0.842883 0.840236 0.841755 0.508656 0.509333 -2.55685e-34 -0.00355448 -0.00695221 -0.0049531 -0.00257803 -0.00183919 -0.0512697 -0.0467019 -0.0593397 
0.329322 0.0400223 0.217075 0.112776 0.275401 0.164814 -0.0409591 -0.00573282 -0.0521176 -0.0263878 -0.0523134 -0.0243147 -0.0629412 -0.0589773 -0.0667081 
0.307734 0.153965 0.203636 0.179282 0.258508 0.236495 -0.000482439 -0.000149756 -0.000263704 -0.000190506 -0.000400967 -0.000330243 0.00991535 0.00998014 0.0116339 
0.38118 0.32933 0.196136 0.267375 0.299245 0.356369 -0.000697838 -0.00022832 -0.000281488 -0.000312029 -0.000469845 -0.000525465 0.0105926 0.0117718 0.0104833 
0.49999 0.463233 0.451739 0.458018 0.486705 0.489448 0.0145396 0.0123548 0.0219717 0.0167181 0.0184305 0.0136702 0.016888 0.0180834 0.0193676 
0.513227 0.436688 0.4283 0.431218 0.489183 0.484796 0.0443441 0.0536128 0.0587319 0.0559404 0.0530314 0.0522598 0.0181812 0.0122696 0.0017309 
0.500022 0.469502 0.462411 0.466114 0.490748 0.492547 -0.000909764 -0.000844762 -0.000316283 -0.000627551 -0.000713993 -0.000946197 0.0110087 0.0111821 0.0129479 
0.388641 0.347159 0.201409 0.277975 0.305982 0.36816 0.00866991 0.0133269 0.00241687 0.00676939 0.00564546 0.0110864 0.015046 0.0173708 0.0150888 
2.03692e-34 0.272704 0.215438 0.244876 0.115279 0.149623 -7.36511e-36 -3.1036e-05 -3.29084e-05 -3.32419e-05 -6.08532e-06 -1.11208e-05 0.00148733 0.00175317 0.00294677 
0.500961 0.489848 0.492803 0.509109 0.505467 0.49648 0.044061 0.0490653 0.040664 0.0436489 0.0434085 0.0465519 0.0194096 0.0171978 0.0226867 
0.447519 0.358636 0.454317 0.413053 0.450967 0.408477 -0.000655812 -0.000520893 -0.000881846 -0.000705672 -0.000759439 -0.000608655 0.00808216 0.00856567 0.00962389 
0.307734 0.454317 0.358636 0.413053 0.334159 0.393705 -0.000482439 -0.000881846 -0.000520893 -0.000705672 -0.000518653 -0.000695803 0.00991535 0.00962389 0.00856567 
0.390349 0.442967 0.295323 0.380552 0.346516 0.4188 -8.86758e-05 -0.000223872 -0.000104073 -0.000165253 -9.93257e-05 -0.000144621 0.00272507 0.00447267 0.00426003 
0.438984 0.370028 0.26411 0.327935 0.369156 0.410048 0.0227973 -0.00379091 0.0101531 0.00737595 0.0167468 0.0105813 0.0316733 0.0432882 0.0349483 
0.41448 0.77179 0.713374 0.760276 0.57299 0.64756 -0.25257 -0.306485 -0.29309 -0.322759 -0.278258 -0.307205 -0.123691 -0.0637276 -0.12604 
2.77483e-34 9.30689e-35 0.215438 0.11525 0.115228 -9.35222e-35 -2.1995e-35 -1.46954e-35 -3.29084e-05 -7.37144e-06 -2.11406e-05 -3.6597e-35 0.00443941 0.00297411 0.00294677 
-0.00526969 -0.207366 0.0352861 -0.0976481 0.0215957 -0.0961711 0.119574 0.0888417 0.107003 0.124043 0.121823 0.119426 -0.135602 -0.145321 -0.163712 
0.357199 0.26411 0.188803 0.227817 0.281903 0.315363 0.0215703 0.0101531 0.00574429 0.00767367 0.0136727 0.0164231 0.0263366 0.0349483 0.0269936 
0.520834 0.584719 0.517278 0.570955 0.522508 0.564599 -0.0472776 -0.02257 -0.0951378 -0.0577694 -0.0704849 -0.0353364 0.0355427 0.0190936 0.039454 
0.355266 0.295323 0.442967 0.380552 0.404135 0.326608 -0.000248961 -0.000104073 -0.000223872 -0.000165253 -0.000242742 -0.000166394 0.00578371 0.00426003 0.00447267 
0.27941 0.263779 0.0352861 0.170404 0.153711 0.288084 -0.00208076 0.016271 0.107003 0.0633826 0.0578804 0.011049 -0.181704 -0.137473 -0.163712 
0.442513 0.493496 0.465971 0.482297 0.454675 0.474291 0.00157137 0.0019342 0.00607463 0.00369683 0.00347404 0.00170848 0.012985 0.013623 0.0143472 
0.465342 0.492803 0.393581 0.455854 0.434572 0.480523 0.0309358 0.040664 0.024065 0.0332582 0.0282635 0.036353 0.0195661 0.0226867 0.0213083 
0.50004 0.465971 0.493496 0.482297 0.498486 0.491851 0.00483971 0.00607463 0.0019342 0.00369683 0.00318739 0.00550637 0.0149573 0.0143472 0.013623 
0.303969 0.342097 0.458934 0.409979 0.395796 0.323555 -0.000494922 -0.000488726 -0.000932775 -0.000702612 -0.000713888 -0.00050849 0.00938702 0.00816403 0.00955175 
-0.103999 0.0700169 0.335216 0.18728 0.104315 -0.0318439 -0.0514279 -0.163571 -0.117819 -0.135909 -0.0670582 -0.101842 -0.164398 -0.122704 -0.185051 
0.996173 0.991524 0.748998 0.915691 0.919762 0.995303 -0.029297 -0.0464939 -0.0294067 -0.0413219 -0.035097 -0.0395225 -0.0835358 -0.0909492 -0.0789325 
0.308142 0.361121 0.462411 0.419829 0.40031 0.335824 -0.00032188 0.000482737 -0.000316283 0.000197491 -0.000293256 -4.12924e-05 0.0133854 0.0148726 0.0129479 
0.440388 0.458934 0.342097 0.409979 0.397121 0.450089 -0.000666688 -0.000932775 -0.000488726 -0.000702612 -0.000590884 -0.000780916 0.00814577 0.00955175 0.00816403 
0.357199 0.393581 0.492803 0.455854 0.445795 0.37633 0.0215703 0.024065 0.040664 0.0332582 0.0313061 0.0236836 0.0263366 0.0213083 0.0226867 
0.2938 0.336094 0.451739 0.402406 0.38626 0.316377 0.0100829 0.0204646 0.0219717 0.0220932 0.0162488 0.0148222 0.01977 0.0193925 0.0193676 
0.202524 0.24699 0.4283 0.343102 0.317529 0.221158 0.0366222 0.0419651 0.0587319 0.0492532 0.0501241 0.0408399 -0.00477904 -0.0189799 0.0017309 
0.404468 0.380047 0.273414 0.330934 0.3459 0.392598 -9.49637e-05 -4.0157e-05 -3.04471e-05 -3.67809e-05 -5.83594e-05 -6.22965e-05 0.0027249 0.00102618 0.00173058 
0.443384 0.462411 0.361121 0.419829 0.406831 0.45348 0.00152631 -0.000316283 0.000482737 0.000197491 0.000942136 0.000369972 0.01498 0.0129479 0.0148726 
0.420998 0.451739 0.336094 0.402406 0.382238 0.438003 0.0320514 0.0219717 0.0204646 0.0220932 0.0266375 0.0269984 0.0192644 0.0193676 0.0193925 
0.392725 0.4283 0.24699 0.343102 0.318963 0.410898 0.0352868 0.0587319 0.0419651 0.0492532 0.0411067 0.0517005 -0.0189204 0.0017309 -0.0189799 
0.307865 0.201409 0.148816 0.174972 0.234161 0.25742 0.00249207 0.00241687 0.000619143 0.0012558 0.00155687 0.00288805 0.0136877 0.0150888 0.0136721 
0.390349 0.272704 0.380101 0.33066 0.385288 0.336834 -8.86758e-05 -3.1036e-05 -4.03113e-05 -3.6951e-05 -5.99226e-05 -5.60531e-05 0.00272507 0.00175317 0.00103718 
0.77179 0.385236 0.629047 0.524849 0.704851 0.615073 -0.306485 -0.267122 -0.267981 -0.281017 -0.291397 -0.304712 -0.0637276 -0.0469076 -0.015836 
0.599323 0.263779 0.27941 0.288084 0.42088 0.42723 -0.110581 0.016271 -0.00208076 0.011049 -0.0558104 -0.0360418 -0.158616 -0.137473 -0.181704 
-1.28195e-34 -2.22342e-34 -0.207366 -0.180989 -0.118483 2.60867e-34 7.14734e-34 7.83065e-34 0.0888417 0.0397642 0.0424755 1.35431e-33 -0.135349 -0.148158 -0.145321 
0.404468 0.466846 0.380047 0.43019 0.392598 0.439687 -9.49637e-05 -6.64172e-05 -4.0157e-05 -5.28479e-05 -6.22965e-05 -7.97889e-05 0.0027249 0.00135757 0.00102618 
0.390349 0.380101 0.462966 0.427451 0.431468 0.385288 -8.86758e-05 -4.03113e-05 -6.79148e-05 -5.35372e-05 -7.78486e-05 -5.99226e-05 0.00272507 0.00103718 0.00145 
0.442513 0.465971 0.360427 0.421654 0.405934 0.454675 0.00157137 0.00607463 0.00115862 0.00321287 0.00135665 0.00347404 0.012985 0.0143472 0.0128744 
0.49999 0.474076 0.465971 0.469816 0.49268 0.494814 0.0145396 0.0135546 0.00607463 0.00923992 0.0098979 0.0143156 0.016888 0.0158021 0.0143472 
0.307865 0.360427 0.465971 0.421654 0.402755 0.335059 0.00249207 0.00115862 0.00607463 0.00321287 0.00434805 0.00177077 0.0136877 0.0128744 0.0143472 
-0.0935964 0.0352861 -0.207366 -0.0976481 -0.162393 -0.010093 0.0172202 0.107003 0.0888417 0.124043 0.101924 0.0721809 -0.183466 -0.163712 -0.145321 
0.41448 0.335216 0.0700169 0.18728 0.237546 0.370399 -0.25257 -0.117819 -0.163571 -0.135909 -0.206835 -0.193876 -0.123691 -0.185051 -0.122704 
9.30689e-35 2.03692e-34 0.215438 0.115279 0.11525 -9.3499e-35 -1.46954e-35 -7.36511e-36 -3.29084e-05 -6.08532e-06 -7.37144e-06 -2.20258e-35 0.00297411 0.00148733 0.00294677 
0.500022 0.466836 0.458934 0.462986 0.489545 0.49157 -0.000909764 -0.000858651 -0.000932775 -0.000979688 -0.000966694 -0.000855114 0.0110087 0.0108138 0.00955175 
0.217075 0.414708 0.619476 0.529994 0.431937 0.309503 -0.0521176 -0.110166 -0.18544 -0.147634 -0.107434 -0.0794001 -0.0667081 -0.0676306 -0.065106 
5.69641e-34 8.30033e-34 0.840236 0.508656 0.503779 -6.14483e-34 -3.05052e-34 -2.55685e-34 -0.00695221 -0.00257803 -0.00333664 -5.50984e-34 -0.0613416 -0.0512697 -0.0593397 
0.705758 0.619476 0.414708 0.529994 0.568393 0.661719 -0.20979 -0.18544 -0.110166 -0.147634 -0.159754 -0.205434 -0.0741937 -0.065106 -0.0676306 
0.370028 0.511196 0.398822 0.46759 0.386176 0.449245 -0.00379091 -0.00437417 -0.0391242 -0.0254648 -0.0200563 -0.00910214 0.0432882 0.0321261 0.0475404 
-0.0935964 -0.308874 -0.103999 -0.237206 -0.0944829 -0.227311 0.0172202 0.0132978 -0.0514279 0.00154173 -0.00854973 0.034335 -0.183466 -0.147914 -0.164398 
0.191035 0.00434761 0.0400223 0.015054 0.106838 0.0872883 0.0177542 0.00392105 -0.00573282 0.00150393 -0.00310281 0.00986422 -0.0428455 -0.0432123 -0.0589773 
0.285475 0.107895 0.127452 0.118756 0.210766 0.201383 0.0267015 0.00666869 0.0152065 0.00962188 0.0226823 0.0173694 0.0165013 0.0145467 0.0070694 
0.330519 0.14681 0.194369 0.171629 0.267624 0.247097 0.00236348 0.000499864 0.00234592 0.00111059 0.00283496 0.00144525 0.0170454 0.0173174 0.0188626 
0.202524 0.127452 0.0542246 0.0896891 0.126715 0.164177 0.0366222 0.0152065 0.00998092 0.0125174 0.0232737 0.0256001 -0.00477904 0.0070694 -0.00617951 
0.2938 0.194369 0.137139 0.166674 0.220822 0.247902 0.0100829 0.00234592 0.00272083 0.00276238 0.00659759 0.00567886 0.01977 0.0188626 0.0194607 
0.308142 0.203636 0.147931 0.176437 0.234169 0.258817 -0.00032188 -0.000263704 -8.93529e-05 -0.00016566 -0.000185193 -0.000314638 0.0133854 0.0116339 0.0135116 
0.702812 0.996173 0.748998 0.919762 0.727821 0.908824 -0.0150461 -0.029297 -0.0294067 -0.035097 -0.0208791 -0.0245 -0.0727167 -0.0835358 -0.0789325 
0.392725 0.479845 0.543285 0.517756 0.474784 0.428538 0.0352868 -0.0273819 0.0166681 0.00014726 0.0318116 0.00859686 -0.0189204 -0.0378837 -0.00401816 
0.420998 0.432954 0.485966 0.464619 0.458993 0.42707 0.0320514 0.0462788 0.0380558 0.0425761 0.0356244 0.0390479 0.0192644 0.0170881 0.0192332 
0.62306 0.543285 0.479845 0.517756 0.580549 0.58672 -0.0602959 0.0166681 -0.0273819 0.00014726 -0.0402101 -0.0163391 9.01e-05 -0.00401816 -0.0378837 
0.443384 0.460164 0.493856 0.48078 0.475041 0.452394 0.00152631 0.0056702 0.00200296 0.00358005 0.00173699 0.00327084 0.01498 0.0166705 0.0143287 
0.500961 0.485966 0.432954 0.464619 0.47817 0.494194 0.044061 0.0380558 0.0462788 0.0425761 0.0461916 0.041849 0.0194096 0.0192332 0.0170881 
0.50004 0.493856 0.460164 0.48078 0.48968 0.49836 0.00483971 0.00200296 0.0056702 0.00358005 0.00536747 0.00323341 0.0149573 0.0143287 0.0166705 
0.392725 0.543285 0.4283 0.480712 0.410898 0.474784 0.0352868 0.0166681 0.0587319 0.0475958 0.0517005 0.0318116 -0.0189204 -0.00401816 0.0017309 
0.420998 0.485966 0.451739 0.470804 0.438003 0.458993 0.0320514 0.0380558 0.0219717 0.0298108 0.0269984 0.0356244 0.0192644 0.0192332 0.0193676 
0.443384 0.493856 0.462411 0.481611 0.45348 0.475041 0.00152631 0.00200296 -0.000316283 0.000470995 0.000369972 0.00173699 0.01498 0.0143287 0.0129479 
0.553096 0.4283 0.543285 0.480712 0.550768 0.50116 0.0262004 0.0587319 0.0166681 0.0475958 0.0231395 0.0463592 0.0110139 0.0017309 -0.00401816 
0.499946 0.451739 0.485966 0.470804 0.495063 0.484365 0.0296633 0.0219717 0.0380558 0.0298108 0.0339169 0.0262414 0.0186394 0.0193676 0.0192332 
0.500014 0.462411 0.493856 0.481611 0.498598 0.490823 0.000512796 -0.000316283 0.00200296 0.000470995 0.00117127 4.89628e-05 0.0129786 0.0129479 0.0143287 
-0.0610597 -0.0931237 -0.0183545 -0.0549584 -0.0435424 -0.0790931 0.0629956 0.0883862 0.0913834 0.0969612 0.0781751 0.0784049 -0.126113 -0.130408 -0.122989 
2.03438e-34 0.2149 0.273414 0.244994 0.150054 0.114927 7.16451e-36 -3.11291e-05 -3.04471e-05 -3.17592e-05 -1.11199e-05 -6.60985e-06 0.00146548 0.00282155 0.00173058 
5.28698e-34 7.46236e-34 0.837184 0.526665 0.516508 -5.13986e-34 3.91324e-34 4.72041e-34 -0.0195048 -0.0104077 -0.00687718 8.97076e-34 -0.083759 -0.104509 -0.0920343 
0.513227 0.509807 0.492803 0.500716 0.51331 0.520921 0.0443441 0.0283458 0.040664 0.0375897 0.0407139 0.0359052 0.0181812 0.0249029 0.0226867 
0.691851 0.853101 0.417522 0.674338 0.559136 0.791115 -0.143195 -0.240511 -0.094252 -0.173467 -0.120619 -0.196724 -0.0702992 -0.0867098 -0.0633923 
0.705758 0.417522 0.853101 0.674338 0.78557 0.580174 -0.20979 -0.094252 -0.240511 -0.173467 -0.22731 -0.157187 -0.0741937 -0.0633923 -0.0867098 
0.990204 0.840236 0.842883 0.841755 0.977558 0.976995 -0.00649269 -0.00695221 -0.00355448 -0.0049531 -0.00607617 -0.00860608 -0.0566509 -0.0593397 -0.0467019 
0.268137 0.402673 0.629047 0.514444 0.461042 0.34371 -0.201844 -0.161735 -0.267981 -0.217726 -0.246056 -0.186912 0.00960542 0.0394345 -0.015836 
0.443384 0.361121 0.330519 0.346473 0.394546 0.406831 0.00152631 0.000482737 0.00236348 0.00128127 0.00194451 0.000942136 0.01498 0.0148726 0.0170454 
0.420998 0.336094 0.285475 0.312235 0.3616 0.382238 0.0320514 0.0204646 0.0267015 0.0235982 0.0310263 0.0266375 0.0192644 0.0193925 0.0165013 
0.392725 0.24699 0.191035 0.215669 0.297071 0.318963 0.0352868 0.0419651 0.0177542 0.032525 0.0291012 0.0411067 -0.0189204 -0.0189799 -0.0428455 
0.520834 0.398822 0.511196 0.46759 0.516854 0.460715 -0.0472776 -0.0391242 -0.00437417 -0.0254648 -0.0210575 -0.0470038 0.0355427 0.0475404 0.0321261 
0.303969 0.196136 0.143305 0.17025 0.229559 0.252973 -0.000494922 -0.000281488 -0.000135431 -0.000185343 -0.000320154 -0.000406318 0.00938702 0.0104833 0.00927394 
0.447519 0.315207 0.358636 0.337644 0.408477 0.391441 -0.000655812 -0.000307559 -0.000520893 -0.000417409 -0.000608655 -0.00049139 0.00808216 0.007223 0.00856567 
0.499648 0.442967 0.487417 0.469203 0.49571 0.483397 -0.000315542 -0.000223872 -0.00016093 -0.000192031 -0.000227473 -0.000275554 0.00481157 0.00447267 0.00319168 
0.499648 0.487417 0.488306 0.5 0.498012 0.49571 -0.000315542 -0.00016093 -0.000188545 -0.000178194 -0.000246968 -0.000227473 0.00481157 0.00319168 0.00356326 
0.217075 0.0400223 0.0305825 0.0310579 0.108356 0.112776 -0.0521176 -0.00573282 -0.0133235 -0.0118725 -0.0333135 -0.0263878 -0.0667081 -0.0589773 -0.063793 
0.32933 0.145337 0.196136 0.171168 0.267375 0.245526 -0.00022832 -0.000100791 -0.000281488 -0.000184716 -0.000312029 -0.000162308 0.0117718 0.0115603 0.0104833 
0.900036 0.985396 0.839252 0.965763 0.872658 0.974652 -0.0674896 -0.0619671 -0.0350248 -0.0608218 -0.0522908 -0.0725213 -0.109324 -0.0935156 -0.111624 
8.30033e-34 6.57795e-34 0.842883 0.511622 0.509333 -6.13777e-34 -2.55685e-34 -2.01048e-34 -0.00355448 -0.00130413 -0.00183919 -4.50339e-34 -0.0512697 -0.0406632 -0.0467019 
-2.00312e-34 -0.0383782 0.000691818 -0.0354384 -0.183088 -0.145656 7.63027e-35 -0.0790317 -0.154734 -0.118658 -0.0531996 -0.0241554 -0.033934 0.00808929 -0.0511502 
0.357076 0.193034 0.315207 0.257968 0.336805 0.282811 -0.000228055 -0.000102369 -0.000307559 -0.000185403 -0.000270104 -0.000169998 0.0055389 0.00628212 0.007223 
0.670676 0.599323 0.924844 0.809581 0.838033 0.631489 -0.100814 -0.110581 -0.200415 -0.18065 -0.160918 -0.104632 -0.138932 -0.158616 -0.126588 
0.442513 0.360427 0.32933 0.344997 0.393193 0.405934 0.00157137 0.00115862 -0.00022832 0.000285212 0.000340388 0.00135665 0.012985 0.0128744 0.0117718 
0.946557 0.670676 0.924844 0.838033 0.935346 0.85731 -0.15374 -0.100814 -0.200415 -0.160918 -0.17599 -0.137157 -0.115055 -0.138932 -0.126588 
0.62306 0.636762 0.619033 0.660068 0.639597 0.632161 -0.0602959 -0.0985966 -0.161832 -0.13198 -0.109777 -0.0782967 9.01e-05 -0.0215707 0.0164659 
0.697135 0.619033 0.636762 0.660068 0.672313 0.665216 -0.182879 -0.161832 -0.0985966 -0.13198 -0.13949 -0.174352 -0.0219817 0.0164659 -0.0215707 
-0.00526969 -0.0931237 -0.207366 -0.143171 -0.0961711 -0.0680351 0.119574 0.0883862 0.0888417 0.085449 0.119426 0.112614 -0.135602 -0.130408 -0.145321 
6.1214e-34 4.49824e-34 0.702812 0.397109 0.387061 -3.18391e-34 -3.83055e-34 -3.48027e-34 -0.0150461 -0.00424837 -0.00573104 -7.09711e-34 -0.0750697 -0.0698804 -0.0727167 
0.347159 0.155824 0.201409 0.178688 0.277975 0.260772 0.0133269 0.00271036 0.00241687 0.00280261 0.00676939 0.00776082 0.0173708 0.0174795 0.0150888 
0.465342 0.393581 0.347159 0.370248 0.415412 0.434572 0.0309358 0.024065 0.0133269 0.0186541 0.022089 0.0282635 0.0195661 0.0213083 0.0173708 
0.500014 0.493496 0.460806 0.480509 0.490005 0.49828 0.000512796 0.0019342 -0.000215799 0.000522476 7.40503e-05 0.0011521 0.0129786 0.013623 0.0119248 
0.442513 0.460806 0.493496 0.480509 0.474291 0.452015 0.00157137 -0.000215799 0.0019342 0.000522476 0.00170848 0.000528097 0.012985 0.0119248 0.013623 
0.370028 0.205662 0.26411 0.23806 0.327935 0.301519 -0.00379091 0.00102381 0.0101531 0.00538315 0.00737595 -0.000152975 0.0432882 0.0444757 0.0349483 
0.355266 0.288676 0.186763 0.240229 0.279031 0.323546 -0.000248961 -0.000264079 -0.000100717 -0.000168826 -0.000180227 -0.000268349 0.00578371 0.00718404 0.00630837 
0.97033 0.642309 0.976695 0.872482 0.976183 0.893704 -0.103932 -0.0544888 -0.0822375 -0.0778929 -0.0930993 -0.0898213 -0.10084 -0.075791 -0.0958382 
0.498808 0.491544 0.4338 0.469508 0.478689 0.496007 -0.000595492 -0.000790678 -0.000520595 -0.000650734 -0.000585297 -0.000688935 0.00686513 0.00792327 0.00706043 
0.404468 0.273414 0.2149 0.244994 0.322323 0.3459 -9.49637e-05 -3.04471e-05 -3.11291e-05 -3.17592e-05 -6.45001e-05 -5.83594e-05 0.0027249 0.00173058 0.00282155 
0.489797 0.408158 0.466846 0.441158 0.479964 0.459181 -4.33562e-05 -2.95825e-05 -6.64172e-05 -4.4625e-05 -5.25245e-05 -3.97429e-05 -2.18116e-07 -7.22168e-07 0.00135757 
0.408178 0.489803 0.462966 0.478476 0.438632 0.459195 -2.99804e-05 -4.30971e-05 -6.79148e-05 -5.30168e-05 -4.5322e-05 -3.99078e-05 6.7346e-07 1.3965e-07 0.00145 
0.499946 0.502153 0.472114 0.491713 0.49649 0.501904 0.0296633 0.037506 0.0225892 0.0301136 0.0266913 0.0336506 0.0186394 0.0190699 0.0172546 
0.465342 0.472114 0.502153 0.491713 0.490873 0.468401 0.0309358 0.0225892 0.037506 0.0301136 0.0348264 0.0270389 0.0195661 0.0172546 0.0190699 
0.499648 0.488306 0.472858 0.481378 0.494686 0.498012 -0.000315542 -0.000188545 -0.00033637 -0.000253259 -0.000332028 -0.000246968 0.00481157 0.00356326 0.00528571 
2.03438e-34 9.19938e-35 0.2149 0.114957 0.114927 -9.19112e-35 7.16451e-36 1.4361e-35 -3.11291e-05 -7.04652e-06 -6.60985e-06 2.15572e-35 0.00146548 0.00293128 0.00282155 
6.1214e-34 0.702812 0.748998 0.727821 0.426859 0.387061 -3.83055e-34 -0.0150461 -0.0294067 -0.0208791 -0.00954483 -0.00573104 -0.0750697 -0.0727167 -0.0789325 
-0.0935964 -0.207366 -0.286969 -0.240014 -0.233086 -0.162393 0.0172202 0.0888417 0.0440102 0.0765431 0.0704366 0.101924 -0.183466 -0.145321 -0.153597 
-2.22342e-34 -0.286969 -0.207366 -0.240014 -0.180989 -0.184098 7.83065e-34 0.0440102 0.0888417 0.0765431 0.0397642 0.0214616 -0.148158 -0.153597 -0.145321 
0.390349 0.295323 0.215438 0.257034 0.313126 0.346516 -8.86758e-05 -0.000104073 -3.29084e-05 -6.34733e-05 -6.25825e-05 -9.93257e-05 0.00272507 0.00426003 0.00294677 
0.498808 0.4338 0.477718 0.458677 0.491543 0.478689 -0.000595492 -0.000520595 -0.000428543 -0.000477482 -0.00051475 -0.000585297 0.00686513 0.00706043 0.0059242 
0.996173 0.839252 0.991524 0.969578 0.995303 0.972797 -0.029297 -0.0350248 -0.0464939 -0.052071 -0.0395225 -0.0419609 -0.0835358 -0.111624 -0.0909492 
0.390349 0.215438 0.272704 0.244876 0.336834 0.313126 -8.86758e-05 -3.29084e-05 -3.1036e-05 -3.32419e-05 -5.60531e-05 -6.25825e-05 0.00272507 0.00294677 0.00175317 
0.553096 0.584719 0.511196 0.553255 0.5517 0.573974 0.0262004 -0.02257 -0.00437417 -0.0110269 0.0104209 0.00522415 0.0110139 0.0190936 0.0321261 
0.520834 0.511196 0.584719 0.553255 0.564599 0.516854 -0.0472776 -0.00437417 -0.02257 -0.0110269 -0.0353364 -0.0210575 0.0355427 0.0321261 0.0190936 
0.404468 0.2149 0.293987 0.256034 0.354468 0.322323 -9.49637e-05 -3.11291e-05 -0.000100645 -6.11173e-05 -0.000101203 -6.45001e-05 0.0027249 0.00282155 0.00416601 
0.488306 0.42768 0.472858 0.452975 0.481378 0.464456 -0.000188545 -0.000193233 -0.00033637 -0.00025906 -0.000253259 -0.000194113 0.00356326 0.00425196 0.00528571 
2.61322e-34 0.202859 0.315207 0.262375 0.176987 0.108062 3.64068e-35 -0.000199906 -0.000307559 -0.000254674 -0.00012461 -7.82365e-05 0.0074684 0.00855507 0.007223 
2.03438e-34 0.273414 0.180927 0.229141 0.0955208 0.150054 7.16451e-36 -3.04471e-05 -1.07837e-05 -1.87997e-05 -6.58149e-06 -1.11199e-05 0.00146548 0.00173058 0.000910563 
2.61322e-34 0.315207 0.193034 0.257968 0.102472 0.176987 3.64068e-35 -0.000307559 -0.000102369 -0.000185403 -6.38075e-05 -0.00012461 0.0074684 0.007223 0.00628212 
-1.28195e-34 -0.207366 -0.0693116 -0.135161 -0.0397036 -0.118483 7.14734e-34 0.0888417 0.0430244 0.0649896 0.021321 0.0424755 -0.135349 -0.145321 -0.129593 
2.77483e-34 0.295323 0.204429 0.251954 0.10889 0.163845 -2.1995e-35 -0.000104073 -7.79669e-05 -9.94137e-05 -2.07097e-05 -4.1486e-05 0.00443941 0.00426003 0.00538809 
0.97033 0.937958 0.642309 0.831536 0.893704 0.961823 -0.103932 -0.118834 -0.0544888 -0.0926685 -0.0898213 -0.111836 -0.10084 -0.0918539 -0.075791 
0.404468 0.293987 0.42768 0.369385 0.41647 0.354468 -9.49637e-05 -0.000100645 -0.000193233 -0.000147211 -0.000137122 -0.000101203 0.0027249 0.00416601 0.00425196 
5.28698e-34 0.837184 0.708801 0.777831 0.413197 0.516508 3.91324e-34 -0.0195048 -0.00923703 -0.0127843 -0.00340853 -0.00687718 -0.083759 -0.0920343 -0.0805896 
0.75 1 0.937111 0.984199 0.859154 0.9375 -4.73434e-37 -7.23335e-37 -0.0011107 -0.000959243 -0.000721535 -1.40284e-36 -0.0177779 -0.0187805 -0.0282659 
2.72707e-34 0.251481 0.417522 0.339523 0.152244 0.0898176 -3.66589e-34 -0.038744 -0.094252 -0.0630933 -0.0250315 -0.0101193 -0.0644024 -0.0640276 -0.0633923 
0.837184 0.839252 0.996173 0.972797 0.970887 0.838783 -0.0195048 -0.0350248 -0.029297 -0.0419609 -0.0297695 -0.0257029 -0.0920343 -0.111624 -0.0835358 
0.357076 0.42768 0.293987 0.369385 0.326953 0.39535 -0.000228055 -0.000193233 -0.000100645 -0.000147211 -0.000156879 -0.000213188 0.0055389 0.00425196 0.00416601 
0.268137 0.000691818 -0.0383782 -0.0354384 0.0889115 0.125268 -0.201844 -0.154734 -0.0790317 -0.118658 -0.152348 -0.189066 0.00960542 -0.0511502 0.00808929 
2.03692e-34 0.169614 0.272704 0.223565 0.149623 0.0891853 -7.36511e-36 -9.99988e-06 -3.1036e-05 -1.84852e-05 -1.11208e-05 -6.06859e-06 0.00148733 0.000958996 0.00175317 
6.57795e-34 0.705657 0.842883 0.779746 0.511622 0.404298 -2.01048e-34 -0.00133998 -0.00355448 -0.00220413 -0.00130413 -0.000552773 -0.0406632 -0.0345749 -0.0467019 
3.13612e-34 3.54083e-34 0.642309 0.339858 0.30687 -3.63066e-34 -3.76206e-34 -4.03747e-34 -0.0544888 -0.013482 -0.0162248 -7.33636e-34 -0.0728542 -0.0787973 -0.075791 
0.268137 0.385236 0.000691818 0.172193 0.125268 0.319701 -0.201844 -0.267122 -0.154734 -0.214357 -0.189066 -0.236126 0.00960542 -0.0469076 -0.0511502 
0.991524 0.839252 0.985396 0.965763 0.988245 0.969578 -0.0464939 -0.0350248 -0.0619671 -0.0608218 -0.0549306 -0.052071 -0.0909492 -0.111624 -0.0935156 
-2.00312e-34 0.000691818 -0.231248 -0.14308 -0.235139 -0.183088 7.63027e-35 -0.154734 -0.0570587 -0.100249 -0.0187335 -0.0531996 -0.033934 -0.0511502 -0.105038 
0.831954 0.748998 0.985396 0.911716 0.933721 0.795878 -0.0549973 -0.0294067 -0.0619671 -0.0486266 -0.0612357 -0.0421395 -0.0835153 -0.0789325 -0.0935156 
0.447519 0.495921 0.466532 0.484768 0.457548 0.478559 -0.000655812 -0.000792468 -0.000520605 -0.00066264 -0.000590823 -0.000748281 0.00808216 0.00802548 0.00671587 
0.498808 0.466532 0.495921 0.484768 0.499794 0.49451 -0.000595492 -0.000520605 -0.000792468 -0.00066264 -0.000685073 -0.000578455 0.00686513 0.00671587 0.00802548 
0.691851 0.417522 0.251481 0.339523 0.473953 0.559136 -0.143195 -0.094252 -0.038744 -0.0630933 -0.0853405 -0.120619 -0.0702992 -0.0633923 -0.0640276 
0.705758 0.414708 0.417522 0.420035 0.580174 0.568393 -0.20979 -0.110166 -0.094252 -0.104975 -0.157187 -0.159754 -0.0741937 -0.0676306 -0.0633923 
0.831954 0.976695 0.642309 0.872482 0.741924 0.930973 -0.0549973 -0.0822375 -0.0544888 -0.0778929 -0.0568442 -0.0710933 -0.0835153 -0.0958382 -0.075791 
4.55553e-34 4.88648e-34 0.776282 0.460171 0.458072 -4.06628e-34 2.04411e-34 2.62754e-34 -0.00301757 -0.00119364 -0.000935746 4.70009e-34 -0.0431318 -0.0555311 -0.0487056 
2.72707e-34 0.417522 0.120434 0.251229 0.0555066 0.152244 -3.66589e-34 -0.094252 -0.0288367 -0.0552245 -0.00961601 -0.0250315 -0.0644024 -0.0633923 -0.0634663 
0.998749 0.937111 0.986707 0.995391 0.994274 0.988517 -0.00241509 -0.0011107 -0.000839718 -0.00116583 -0.0017729 -0.00204436 -0.0383914 -0.0282659 -0.0265014 
0.355266 0.186763 0.204429 0.195658 0.286513 0.279031 -0.000248961 -0.000100717 -7.79669e-05 -8.80979e-05 -0.000168367 -0.000180227 0.00578371 0.00630837 0.00538809 
0.998749 0.986707 0.750239 0.905452 0.928257 0.994274 -0.00241509 -0.000839718 -0.000971781 -0.00108793 -0.00184075 -0.0017729 -0.0383914 -0.0265014 -0.0302656 
0.499648 0.477718 0.442967 0.462355 0.483397 0.492935 -0.000315542 -0.000428543 -0.000223872 -0.000314016 -0.000275554 -0.000373068 0.00481157 0.0059242 0.00447267 
0.517278 0.304646 0.398822 0.360965 0.455484 0.418722 -0.0951378 -0.086284 -0.0391242 -0.0628602 -0.0671274 -0.0968355 0.039454 0.0538463 0.0475404 
0.831002 0.335216 0.713374 0.532832 0.774197 0.595522 -0.269716 -0.117819 -0.29309 -0.235016 -0.283568 -0.219335 -0.140718 -0.185051 -0.12604 
0.355266 0.442967 0.477718 0.462355 0.42985 0.404135 -0.000248961 -0.000223872 -0.000428543 -0.000314016 -0.000345503 -0.000242742 0.00578371 0.00447267 0.0059242 
0.398822 0.304646 0.253529 0.283538 0.331864 0.360965 -0.0391242 -0.086284 -0.0181029 -0.0504569 -0.0330889 -0.0628602 0.0475404 0.0538463 0.0537774 
0.41448 0.713374 0.335216 0.532832 0.370399 0.57299 -0.25257 -0.29309 -0.117819 -0.235016 -0.193876 -0.278258 -0.123691 -0.12604 -0.185051 
2.27027e-34 0.288676 0.195532 0.244205 0.10373 0.159485 -3.61807e-35 -0.000264079 -0.000185328 -0.000234987 -7.28336e-05 -0.000110451 0.00729188 0.00718404 0.00827649 
5.18999e-34 -0.0183545 0.0384433 0.00634149 0.00462734 -0.00078263 7.20768e-35 0.0913834 0.0928771 0.101076 0.0658611 0.0667473 -0.122755 -0.122989 -0.12151 
0.355266 0.4338 0.288676 0.371464 0.323546 0.398335 -0.000248961 -0.000520595 -0.000264079 -0.000407355 -0.000268349 -0.000372493 0.00578371 0.00706043 0.00718404 
7.46236e-34 0.839252 0.837184 0.838783 0.526665 0.538554 4.72041e-34 -0.0350248 -0.0195048 -0.0257029 -0.0104077 -0.0191933 -0.104509 -0.111624 -0.0920343 
1.58439e-34 0.205662 0.253529 0.240037 0.160262 0.11608 -2.46776e-34 0.00102381 -0.0181029 -0.00561105 -0.00536564 -0.00101263 0.0491052 0.0444757 0.0537774 
3.54083e-34 0.392444 0.642309 0.530835 0.339858 0.193155 -4.03747e-34 -0.0180857 -0.0544888 -0.0304218 -0.013482 -0.00517047 -0.0787973 -0.0778004 -0.075791 
0.831954 0.642309 0.392444 0.530835 0.640677 0.741924 -0.0549973 -0.0544888 -0.0180857 -0.0304218 -0.0352271 -0.0568442 -0.0835153 -0.075791 -0.0778004 
0.998749 0.842883 0.705657 0.779746 0.93547 0.967075 -0.00241509 -0.00355448 -0.00133998 -0.00220413 -0.00235005 -0.00366801 -0.0383914 -0.0467019 -0.0345749 
-2.74999e-35 6.35447e-35 0.116201 0.0466974 -0.0111656 -6.58349e-35 -1.66347e-34 -2.92942e-34 -0.0837524 -0.031565 -0.0353543 -3.6002e-34 0.02428 0.0533413 0.0457282 
0.355266 0.204429 0.295323 0.251954 0.326608 0.286513 -0.000248961 -7.79669e-05 -0.000104073 -9.94137e-05 -0.000166394 -0.000168367 0.00578371 0.00538809 0.00426003 
0.357076 0.199169 0.193034 0.196107 0.282811 0.285381 -0.000228055 -6.82557e-05 -0.000102369 -8.21081e-05 -0.000169998 -0.000154514 0.0055389 0.00527516 0.00628212 
0.489797 0.466846 0.500003 0.491784 0.49749 0.479964 -4.33562e-05 -6.64172e-05 -6.49615e-05 -6.69398e-05 -5.26323e-05 -5.25245e-05 -2.18116e-07 0.00135757 0.00095314 
2.27027e-34 0.186763 0.288676 0.240229 0.159485 0.0987163 -3.61807e-35 -0.000100717 -0.000264079 -0.000168826 -0.000110451 -6.0949e-05 0.00729188 0.00630837 0.00718404 
0.489803 0.500003 0.462966 0.49067 0.478476 0.497415 -4.30971e-05 -6.49615e-05 -6.79148e-05 -6.76868e-05 -5.30168e-05 -5.23929e-05 1.3965e-07 0.00095314 0.00145 
2.68268e-34 0.199169 0.293987 0.248821 0.16306 0.105881 2.15922e-35 -6.82557e-05 -0.000100645 -9.33684e-05 -3.92316e-05 -1.68511e-05 0.00441793 0.00527516 0.00416601 
-2.00312e-34 -2.74999e-35 -0.0383782 -0.0773963 -0.145656 -9.65135e-36 7.63027e-35 -1.66347e-34 -0.0790317 -0.0290545 -0.0241554 6.4365e-35 -0.033934 0.02428 0.00808929 
-2.37547e-35 -0.0693116 -0.018306 -0.0476158 -0.00853118 -0.0254732 6.49849e-34 0.0430244 0.0127077 0.0259155 7.74293e-05 0.00718266 -0.129437 -0.129593 -0.125873 
-0.00526969 0.0352861 0.263779 0.170404 0.123443 0.0215957 0.119574 0.107003 0.016271 0.0633826 0.0782354 0.121823 -0.135602 -0.163712 -0.137473 
1.41093e-34 1.58439e-34 0.253529 0.160262 0.145238 -1.05506e-34 -2.92355e-34 -2.46776e-34 -0.0181029 -0.00536564 -0.00710169 -5.21884e-34 0.0568678 0.0491052 0.0537774 
-0.0935964 -0.286969 -0.308874 -0.300502 -0.227311 -0.233086 0.0172202 0.0440102 0.0132978 0.0306942 0.034335 0.0704366 -0.183466 -0.153597 -0.147914 
0.831954 0.392444 0.748998 0.581508 0.795878 0.640677 -0.0549973 -0.0180857 -0.0294067 -0.0231466 -0.0421395 -0.0352271 -0.0835153 -0.0778004 -0.0789325 
0.687968 0.642309 0.937958 0.831536 0.83997 0.670328 -0.0885013 -0.0544888 -0.118834 -0.0926685 -0.110305 -0.0715731 -0.0747116 -0.075791 -0.0918539 
7.65634e-34 0.839252 7.46236e-34 0.538554 -4.98099e-34 0.564533 2.96665e-34 -0.0350248 4.72041e-34 -0.0191933 1.14135e-33 -0.0417912 -0.134414 -0.111624 -0.104509 
0.370028 0.253529 0.205662 0.240037 0.301519 0.319579 -0.00379091 -0.0181029 0.00102381 -0.00561105 -0.000152975 -0.0143438 0.0432882 0.0537774 0.0444757 
0.500004 0.500003 0.466846 0.491784 0.49172 0.500004 -0.000105161 -6.49615e-05 -6.64172e-05 -6.69398e-05 -8.63528e-05 -8.23952e-05 0.00211263 0.00095314 0.00135757 
0.500004 0.462966 0.500003 0.49067 0.500004 0.490738 -0.000105161 -6.79148e-05 -6.49615e-05 -6.76868e-05 -8.23952e-05 -8.80281e-05 0.00211263 0.00145 0.00095314 
6.67438e-34 5.28698e-34 0.708801 0.413197 0.408227 -2.43075e-34 3.22362e-34 3.91324e-34 -0.00923703 -0.00340853 -0.00265216 7.27146e-34 -0.0688204 -0.083759 -0.0805896 
-2.81181e-34 -0.231248 -0.308874 -0.281728 -0.265377 -0.270733 5.19223e-34 -0.0570587 0.0132978 -0.0168125 0.00282108 -0.0119353 -0.10674 -0.105038 -0.147914 
0.999239 0.996173 0.702812 0.908824 0.917397 0.998246 -0.0158184 -0.029297 -0.0150461 -0.0245 -0.0187892 -0.0226258 -0.0729715 -0.0835358 -0.0727167 
6.67438e-34 0.708801 0.838235 0.778385 0.512988 0.408227 3.22362e-34 -0.00923703 -0.00854476 -0.00920676 -0.00307916 -0.00265216 -0.0688204 -0.0805896 -0.0691567 
0.946557 0.924844 0.863953 0.941639 0.94408 0.935346 -0.15374 -0.200415 -0.143728 -0.189461 -0.160751 -0.17599 -0.115055 -0.126588 -0.0834769 
0.357076 0.293987 0.199169 0.248821 0.285381 0.326953 -0.000228055 -0.000100645 -6.82557e-05 -9.33684e-05 -0.000154514 -0.000156879 0.0055389 0.00416601 0.00527516 
0.254042 0.263779 0.797586 0.504423 0.551595 0.258095 -0.0138524 0.016271 -0.096381 -0.0531049 -0.0570791 0.00217762 -0.115836 -0.137473 -0.123083 
0.991524 0.985396 0.748998 0.911716 0.915691 0.988245 -0.0464939 -0.0619671 -0.0294067 -0.0486266 -0.0413219 -0.0549306 -0.0909492 -0.0935156 -0.0789325 
5.18999e-34 4.97901e-34 -0.0183545 -0.00832216 -0.00078263 1.02234e-33 7.20768e-35 4.05253e-35 0.0913834 0.0603371 0.0667473 -5.05684e-35 -0.122755 -0.121227 -0.122989 
0.999239 0.702812 0.641585 0.673322 0.901432 0.917397 -0.0158184 -0.0150461 -0.00767689 -0.010432 -0.0145363 -0.0187892 -0.0729715 -0.0727167 -0.066204 
0.999239 0.837184 0.996173 0.970887 0.998246 0.965328 -0.0158184 -0.0195048 -0.029297 -0.0297695 -0.0226258 -0.0216181 -0.0729715 -0.0920343 -0.0835358 
0.244892 0.180927 0.380047 0.292424 0.318765 0.213803 -1.13331e-05 -1.07837e-05 -4.0157e-05 -2.46059e-05 -2.35863e-05 -1.04844e-05 -2.95143e-07 0.000910563 0.00102618 
0.244916 0.380101 0.169614 0.287915 0.20848 0.318816 -1.14946e-05 -4.03113e-05 -9.99988e-06 -2.43182e-05 -1.02351e-05 -2.36511e-05 3.64339e-07 0.00103718 0.000958996 
0.390349 0.487417 0.442967 0.469203 0.4188 0.45087 -8.86758e-05 -0.00016093 -0.000223872 -0.000192031 -0.000144621 -0.00012391 0.00272507 0.00319168 0.00447267 
4.49824e-34 0.641585 0.702812 0.673322 0.397109 0.354201 -3.48027e-34 -0.00767689 -0.0150461 -0.010432 -0.00424837 -0.00278565 -0.0698804 -0.066204 -0.0727167 
0.438984 0.492803 0.509807 0.500716 0.480404 0.472334 0.0227973 0.040664 0.0283458 0.0375897 0.0238522 0.0324716 0.0316733 0.0226867 0.0249029 
0.388641 0.465971 0.474076 0.469816 0.438762 0.432677 0.00866991 0.00607463 0.0135546 0.00923992 0.0112996 0.00766561 0.015046 0.0143472 0.0158021 
4.88648e-34 0.648654 0.776282 0.715933 0.460171 0.366944 2.62754e-34 -0.00353149 -0.00301757 -0.00335418 -0.00119364 -0.00101909 -0.0555311 -0.0601923 -0.0487056 
0.998749 0.750239 0.625564 0.690965 0.89553 0.928257 -0.00241509 -0.000971781 -0.00131048 -0.00115936 -0.00238821 -0.00184075 -0.0383914 -0.0302656 -0.0392944 
-0.0935964 0.335216 0.27941 0.308456 0.0931306 0.104099 0.0172202 -0.117819 -0.00208076 -0.0571378 0.0257491 -0.0240074 -0.183466 -0.185051 -0.181704 
5.69641e-34 0.840236 0.641585 0.750705 0.359177 0.503779 -3.05052e-34 -0.00695221 -0.00767689 -0.00761069 -0.00244172 -0.00333664 -0.0613416 -0.0593397 -0.066204 
0.384315 0.462411 0.469502 0.466114 0.433728 0.428811 -0.000707142 -0.000316283 -0.000844762 -0.000627551 -0.000800315 -0.000602622 0.0115023 0.0129479 0.0111821 
1.83165e-34 1.8769e-34 0.387229 0.18243 0.152773 -1.41581e-34 -3.41315e-34 -3.61631e-34 -0.0529266 -0.0107135 -0.00996034 -6.61924e-34 -0.0658141 -0.0708667 -0.0666213 
0.999239 0.708801 0.837184 0.777831 0.965328 0.93618 -0.0158184 -0.00923703 -0.0195048 -0.0127843 -0.0216181 -0.0161479 -0.0729715 -0.0805896 -0.0920343 
-2.37547e-35 -1.28195e-34 -0.0693116 -0.0397036 -0.0254732 3.21668e-35 6.49849e-34 7.14734e-34 0.0430244 0.021321 0.00718266 1.29231e-33 -0.129437 -0.135349 -0.129593 
1.14166e-34 2.77483e-34 0.204429 0.10889 0.108831 -7.76796e-35 -2.91463e-35 -2.1995e-35 -7.79669e-05 -2.07097e-05 -2.07387e-05 -5.10243e-35 0.00589419 0.00443941 0.00538809 
0.75 0.750239 0.986707 0.905452 0.905397 0.750027 -5.43101e-37 -0.000971781 -0.000839718 -0.00108793 -0.000730663 -0.000509372 -0.0197241 -0.0302656 -0.0265014 
0.329322 0.596548 0.479845 0.532884 0.407682 0.468914 -0.0409591 -0.127148 -0.0273819 -0.0730042 -0.0366734 -0.0811664 -0.0629412 -0.0493255 -0.0378837 
0.316602 0.4283 0.436688 0.431218 0.38141 0.369248 0.044703 0.0587319 0.0536128 0.0559404 0.0508793 0.0532087 0.00889155 0.0017309 0.0122696 
0.377143 0.451739 0.463233 0.458018 0.426491 0.419502 0.00825221 0.0219717 0.0123548 0.0167181 0.0105262 0.0143078 0.0188654 0.0193676 0.0180834 
0.831002 0.853101 0.924844 0.916601 0.881042 0.894573 -0.269716 -0.240511 -0.200415 -0.235871 -0.239204 -0.275944 -0.140718 -0.0867098 -0.126588 
0.38118 0.458934 0.466836 0.462986 0.430635 0.425084 -0.000697838 -0.000932775 -0.000858651 -0.000979688 -0.000756017 -0.000822723 0.0105926 0.00955175 0.0108138 
0.288676 0.4338 0.342097 0.392853 0.316362 0.371464 -0.000264079 -0.000520595 -0.000488726 -0.000515259 -0.00036758 -0.000407355 0.00718404 0.00706043 0.00816403 
0.500004 0.488306 0.487417 0.5 0.496854 0.497082 -0.000105161 -0.000188545 -0.00016093 -0.000178194 -0.000130968 -0.0001413 0.00211263 0.00356326 0.00319168 
0.831002 0.601393 0.335216 0.467133 0.595522 0.734606 -0.269716 -0.15526 -0.117819 -0.13633 -0.219335 -0.226015 -0.140718 -0.169256 -0.185051 
0.500009 0.454317 0.49534 0.480155 0.498914 0.4888 -0.000947216 -0.000881846 -0.00101115 -0.00094146 -0.000989779 -0.00094315 0.00907358 0.00962389 0.0101353 
2.57854e-34 -2.37547e-35 -0.018306 -0.00853118 0.00442968 7.41527e-36 3.09816e-34 6.49849e-34 0.0127077 7.74293e-05 -0.00223624 1.25363e-33 -0.124917 -0.129437 -0.125873 
0.384315 0.469502 0.454317 0.462281 0.42332 0.433728 -0.000707142 -0.000844762 -0.000881846 -0.000935892 -0.000838444 -0.000800315 0.0115023 0.0111821 0.00962389 
0.254042 0.042633 0.0384433 0.0295746 0.0816684 0.13465 -0.0138524 0.0410912 0.0928771 0.0671729 0.0537856 0.0199227 -0.115836 -0.119863 -0.12151 
2.57854e-34 -0.018306 5.10664e-34 -0.00458371 1.03844e-33 0.00442968 3.09816e-34 0.0127077 9.36177e-36 0.00737901 -3.38647e-36 -0.00223624 -0.124917 -0.125873 -0.123649 
0.440388 0.342097 0.4338 0.392853 0.437146 0.397121 -0.000666688 -0.000488726 -0.000520595 -0.000515259 -0.000608067 -0.000590884 0.00814577 0.00816403 0.00706043 
0.687968 0.283763 0.642309 0.461284 0.670328 0.493869 -0.0885013 -0.0238994 -0.0544888 -0.0357014 -0.0715731 -0.0500838 -0.0747116 -0.0711779 -0.075791 
0.831002 0.924844 0.601393 0.801298 0.734606 0.881042 -0.269716 -0.200415 -0.15526 -0.201779 -0.226015 -0.239204 -0.140718 -0.126588 -0.169256 
0.404468 0.42768 0.488306 0.464456 0.456478 0.41647 -9.49637e-05 -0.000193233 -0.000188545 -0.000194113 -0.000138197 -0.000137122 0.0027249 0.00425196 0.00356326 
6.57795e-34 4.01787e-34 0.705657 0.405072 0.404298 -2.80161e-34 -2.01048e-34 -1.44558e-34 -0.00133998 -0.000348202 -0.000552773 -3.4359e-34 -0.0406632 -0.0294125 -0.0345749 
0.377143 0.463233 0.460164 0.461975 0.424531 0.426491 0.00825221 0.0123548 0.0056702 0.00852237 0.00713183 0.0105262 0.0188654 0.0180834 0.0166705 
0.998749 0.997231 0.842883 0.970541 0.967075 0.997954 -0.00241509 -0.00437099 -0.00355448 -0.00455663 -0.00366801 -0.00359336 -0.0383914 -0.047568 -0.0467019 
0.316602 0.436688 0.432954 0.434302 0.381891 0.38141 0.044703 0.0536128 0.0462788 0.0507142 0.0469802 0.0508793 0.00889155 0.0122696 0.0170881 
0.999239 0.641585 0.840236 0.750705 0.955634 0.901432 -0.0158184 -0.00767689 -0.00695221 -0.00761069 -0.0123445 -0.0145363 -0.0729715 -0.066204 -0.0593397 
0.50004 0.460164 0.494378 0.481191 0.498525 0.48968 0.00483971 0.0056702 0.00874816 0.00708552 0.0066382 0.00536747 0.0149573 0.0166705 0.0163971 
2.72707e-34 1.83165e-34 0.251481 0.112938 0.0898176 -6.26165e-35 -3.66589e-34 -3.41315e-34 -0.038744 -0.0085134 -0.0101193 -6.32463e-34 -0.0644024 -0.0658141 -0.0640276 
-0.0610597 -0.018306 -0.0693116 -0.0476158 -0.0739389 -0.0425544 0.0629956 0.0127077 0.0430244 0.0259155 0.0543295 0.0354697 -0.126113 -0.125873 -0.129593 
0.254042 0.102369 0.263779 0.177981 0.258095 0.15062 -0.0138524 0.0693204 0.016271 0.050976 0.00217762 0.0351379 -0.115836 -0.124399 -0.137473 
0.329322 0.619476 0.596548 0.607599 0.468914 0.4682 -0.0409591 -0.18544 -0.127148 -0.1569 -0.0811664 -0.104818 -0.0629412 -0.065106 -0.0493255 
0.500961 0.432954 0.489848 0.46387 0.49648 0.47817 0.044061 0.0462788 0.0490653 0.0484464 0.0465519 0.0461916 0.0194096 0.0170881 0.0171978 
0.62306 0.479845 0.636762 0.568048 0.632161 0.580549 -0.0602959 -0.0273819 -0.0985966 -0.0587084 -0.0782967 -0.0402101 9.01e-05 -0.0378837 -0.0215707 
0.990204 0.842883 0.997231 0.970541 0.994357 0.977558 -0.00649269 -0.00355448 -0.00437099 -0.00455663 -0.00533421 -0.00607617 -0.0566509 -0.0467019 -0.047568 
0.998749 0.625564 0.776282 0.7057 0.935574 0.89553 -0.00241509 -0.00131048 -0.00301757 -0.00195513 -0.00325609 -0.00238821 -0.0383914 -0.0392944 -0.0487056 
0.97033 0.797586 0.937958 0.949523 0.961823 0.915984 -0.103932 -0.096381 -0.118834 -0.127468 -0.111836 -0.11273 -0.10084 -0.123083 -0.0918539 
-0.103999 -0.308874 -0.231248 -0.281728 -0.194502 -0.237206 -0.0514279 0.0132978 -0.0570587 -0.0168125 -0.043197 0.00154173 -0.164398 -0.147914 -0.105038 
5.18999e-34 0.0384433 0.042633 0.0295746 -0.00875879 0.00462734 7.20768e-35 0.0928771 0.0410912 0.0671729 0.0463215 0.0658611 -0.122755 -0.12151 -0.119863 
0.77179 0.730733 0.619476 0.696376 0.766548 0.764349 -0.306485 -0.217629 -0.18544 -0.206613 -0.248749 -0.263322 -0.0637276 -0.0464508 -0.065106 
3.13612e-34 0.642309 0.283763 0.461284 0.143984 0.30687 -3.76206e-34 -0.0544888 -0.0238994 -0.0357014 -0.00831581 -0.0162248 -0.0728542 -0.075791 -0.0711779 
0.705758 0.853101 0.84649 0.862393 0.820054 0.78557 -0.20979 -0.240511 -0.30294 -0.278714 -0.264945 -0.22731 -0.0741937 -0.0867098 -0.0923741 
0.831002 0.84649 0.853101 0.862393 0.894573 0.849578 -0.269716 -0.30294 -0.240511 -0.278714 -0.275944 -0.302491 -0.140718 -0.0923741 -0.0867098 
0.440388 0.4338 0.491544 0.469508 0.471732 0.437146 -0.000666688 -0.000520595 -0.000790678 -0.000650734 -0.000734278 -0.000608067 0.00814577 0.00706043 0.00792327 
-2.74999e-35 0.116201 -0.0383782 0.04361 -0.0773963 -0.0111656 -1.66347e-34 -0.0837524 -0.0790317 -0.0858774 -0.0290545 -0.0353543 0.02428 0.0457282 0.00808929 
-0.00526969 0.263779 0.102369 0.177981 0.0543749 0.123443 0.119574 0.016271 0.0693204 0.050976 0.0952405 0.0782354 -0.135602 -0.137473 -0.124399 
0.38118 0.466836 0.460806 0.463818 0.426274 0.430635 -0.000697838 -0.000858651 -0.000215799 -0.000612771 -0.000569747 -0.000756017 0.0105926 0.0108138 0.0119248 
0.272704 0.169614 0.380101 0.287915 0.33066 0.223565 -3.1036e-05 -9.99988e-06 -4.03113e-05 -2.43182e-05 -3.6951e-05 -1.84852e-05 0.00175317 0.000958996 0.00103718 
0.273414 0.380047 0.180927 0.292424 0.229141 0.330934 -3.04471e-05 -4.0157e-05 -1.07837e-05 -2.46059e-05 -1.87997e-05 -3.67809e-05 0.00173058 0.00102618 0.000910563 
3.98962e-34 6.1214e-34 0.748998 0.426859 0.405712 -4.48422e-34 -3.94672e-34 -3.83055e-34 -0.0294067 -0.00954483 -0.0124077 -7.45936e-34 -0.077979 -0.0750697 -0.0789325 
0.75 0.437749 0.750239 0.609456 0.750027 0.609527 -5.43101e-37 -0.000222987 -0.000971781 -0.000409118 -0.000509372 -0.000179084 -0.0197241 -0.0255803 -0.0302656 
0.408158 0.380047 0.466846 0.43019 0.441158 0.394571 -2.95825e-05 -4.0157e-05 -6.64172e-05 -5.28479e-05 -4.4625e-05 -3.34029e-05 -7.22168e-07 0.00102618 0.00135757 
0.408178 0.462966 0.380101 0.427451 0.394607 0.438632 -2.99804e-05 -6.79148e-05 -4.03113e-05 -5.35372e-05 -3.37369e-05 -4.5322e-05 6.7346e-07 0.00145 0.00103718 
0.946557 0.937958 0.797586 0.949523 0.894927 0.96017 -0.15374 -0.118834 -0.096381 -0.127468 -0.131288 -0.140717 -0.115055 -0.0918539 -0.123083 
0.388641 0.474076 0.472114 0.472791 0.436283 0.438762 0.00866991 0.0135546 0.0225892 0.0177659 0.0148244 0.0112996 0.015046 0.0158021 0.0172546 
0.998749 0.705657 0.937111 0.842672 0.988517 0.93547 -0.00241509 -0.00133998 -0.0011107 -0.0014944 -0.00204436 -0.00235005 -0.0383914 -0.0345749 -0.0282659 
2.68268e-34 1.14654e-34 0.199169 0.105934 0.105881 -6.95003e-35 2.15922e-35 2.89503e-35 -6.82557e-05 -1.67378e-05 -1.68511e-05 5.06492e-35 0.00441793 0.00591359 0.00527516 
0.500014 0.460806 0.495126 0.48204 0.498709 0.490005 0.000512796 -0.000215799 -0.000472422 -0.000432141 -5.43822e-05 7.40503e-05 0.0129786 0.0119248 0.0118244 
0.990204 0.999521 0.840236 0.963854 0.976995 0.996581 -0.00649269 -0.0106997 -0.00695221 -0.0100224 -0.00860608 -0.00894419 -0.0566509 -0.0645036 -0.0593397 
0.438984 0.509807 0.511196 0.512234 0.475223 0.480404 0.0227973 0.0283458 -0.00437417 0.0141818 0.00974201 0.0238522 0.0316733 0.0249029 0.0321261 
4.49824e-34 5.69641e-34 0.641585 0.359177 0.354201 -1.98476e-34 -3.48027e-34 -3.05052e-34 -0.00767689 -0.00244172 -0.00278565 -6.42733e-34 -0.0698804 -0.0613416 -0.066204 
0.408158 0.244892 0.380047 0.318765 0.394571 0.336728 -2.95825e-05 -1.13331e-05 -4.0157e-05 -2.35863e-05 -3.34029e-05 -2.22736e-05 -7.22168e-07 -2.95143e-07 0.00102618 
0.244916 0.408178 0.380101 0.394607 0.318816 0.336753 -1.14946e-05 -2.99804e-05 -4.03113e-05 -3.37369e-05 -2.36511e-05 -2.22384e-05 3.64339e-07 6.7346e-07 0.00103718 
0.691851 0.251481 0.387229 0.318736 0.554479 0.473953 -0.143195 -0.038744 -0.0529266 -0.0454741 -0.0932477 -0.0853405 -0.0702992 -0.0640276 -0.0666213 
2.89263e-34 0.586295 4.01787e-34 0.324836 -9.77059e-35 0.325069 -4.33538e-35 -0.000404257 -1.44558e-34 -0.000178636 -2.30808e-34 -0.000124749 -0.0176514 -0.0254094 -0.0294125 
4.01787e-34 0.586295 0.705657 0.648599 0.405072 0.324836 -1.44558e-34 -0.000404257 -0.00133998 -0.000734388 -0.000348202 -0.000178636 -0.0294125 -0.0254094 -0.0345749 
0.500004 0.466846 0.477936 0.47267 0.494491 0.49172 -0.000105161 -6.64172e-05 -0.00011388 -8.61297e-05 -0.000111642 -8.63528e-05 0.00211263 0.00135757 0.00247994 
0.404468 0.477936 0.466846 0.47267 0.439687 0.447645 -9.49637e-05 -0.00011388 -6.64172e-05 -8.61297e-05 -7.97889e-05 -0.000105245 0.0027249 0.00247994 0.00135757 
4.42135e-34 0.625564 0.750239 0.690965 0.437825 0.350323 1.48526e-34 -0.00131048 -0.000971781 -0.00115936 -0.00030529 -0.000297747 -0.0312957 -0.0392944 -0.0302656 
1 0.75 0.986707 0.905397 0.996688 0.9375 -7.23335e-37 -5.43101e-37 -0.000839718 -0.000730663 -0.000791973 -1.12041e-36 -0.0187805 -0.0197241 -0.0265014 
0.999239 0.840236 0.999521 0.963854 0.999785 0.955634 -0.0158184 -0.00695221 -0.0106997 -0.0100224 -0.0128977 -0.0123445 -0.0729715 -0.0593397 -0.0645036 
1.3304e-34 1.22671e-34 0.223675 0.120043 0.125949 -7.71632e-35 -1.14128e-34 -9.15115e-35 0.00768382 0.00240757 0.00279826 -2.11772e-34 0.0237426 0.0190159 0.0212476 
0.499946 0.472114 0.498407 0.48908 0.500775 0.49649 0.0296633 0.0225892 0.0211566 0.022154 0.0253275 0.0266913 0.0186394 0.0172546 0.0173797 
1.07817e-34 1.08272e-34 0.196716 0.103802 0.103979 -6.88602e-35 -6.44112e-35 -5.96345e-35 0.000216065 4.30956e-05 6.91852e-05 -1.243e-34 0.0130825 0.0120821 0.0126201 
0.990204 0.776282 0.648654 0.715933 0.881101 0.918025 -0.00649269 -0.00301757 -0.00353149 -0.00335418 -0.00619826 -0.00516629 -0.0566509 -0.0487056 -0.0601923 
1.07693e-34 1.10024e-34 0.199534 0.106588 0.106738 -6.82149e-35 7.09097e-35 8.06261e-35 0.000133684 5.88293e-05 3.36559e-05 1.51324e-34 0.0144626 0.0164125 0.01536 
9.37788e-35 8.55985e-35 0.175009 0.0848815 0.0911265 -6.15496e-35 9.68303e-35 8.69927e-35 0.00802819 0.00275589 0.00255956 1.77586e-34 0.0192649 0.0170357 0.018593 
1.53886e-35 -2.05378e-36 0.0648406 -0.00530874 0.00657557 -2.48331e-35 -6.19638e-35 -1.58095e-34 0.0160995 0.00578101 0.00497218 -2.33362e-34 -0.0138154 -0.0331234 -0.0230306 
-2.44565e-34 -2.81181e-34 -0.308874 -0.265377 -0.257412 1.21888e-34 7.45418e-34 5.19223e-34 0.0132978 0.00282108 0.015086 1.27703e-33 -0.147369 -0.10674 -0.147914 
0.599323 0.670676 0.263779 0.458054 0.42723 0.631489 -0.110581 -0.100814 0.016271 -0.0399217 -0.0360418 -0.104632 -0.158616 -0.138932 -0.137473 
3.17491e-35 2.72707e-34 0.120434 0.0555066 0.0363619 -2.20929e-35 -3.25996e-34 -3.66589e-34 -0.0288367 -0.00961601 -0.00666918 -6.27931e-34 -0.0649315 -0.0644024 -0.0634663 
9.85949e-35 2.27027e-34 0.195532 0.10373 0.103591 -6.61908e-35 -4.27275e-35 -3.61807e-35 -0.000185328 -7.28336e-05 -6.92354e-05 -7.86553e-35 0.00863773 0.00729188 0.00827649 
0.357076 0.466532 0.472858 0.469774 0.42634 0.421311 -0.000228055 -0.000520605 -0.00033637 -0.000419278 -0.000290541 -0.000364474 0.0055389 0.00671587 0.00528571 
0.937111 0.705657 0.586295 0.648599 0.800171 0.842672 -0.0011107 -0.00133998 -0.000404257 -0.000734388 -0.000828473 -0.0014944 -0.0282659 -0.0345749 -0.0254094 
0.553096 0.511196 0.53649 0.537448 0.544375 0.5517 0.0262004 -0.00437417 0.0330819 0.0180626 0.0305075 0.0104209 0.0110139 0.0321261 0.0176585 
1 0.986707 0.937111 0.995391 0.984199 0.996688 -7.23335e-37 -0.000839718 -0.0011107 -0.00116583 -0.000959243 -0.000791973 -0.0187805 -0.0265014 -0.0282659 
-2.22342e-34 -2.44565e-34 -0.286969 -0.219611 -0.184098 1.37347e-34 7.83065e-34 7.45418e-34 0.0440102 0.0187652 0.0214616 1.46267e-33 -0.148158 -0.147369 -0.153597 
3.98962e-34 0.748998 0.392444 0.581508 0.20572 0.405712 -3.94672e-34 -0.0294067 -0.0180857 -0.0231466 -0.00604778 -0.0124077 -0.077979 -0.0789325 -0.0778004 
2.89263e-34 0.75 0.586295 0.673338 0.325069 0.4375 -4.33538e-35 -4.73434e-37 -0.000404257 -0.000242681 -0.000124749 -1.28999e-37 -0.0176514 -0.0177779 -0.0254094 
1.11939e-34 1.11462e-34 0.203636 0.108928 0.108718 -7.40531e-35 5.2656e-35 6.15566e-35 -0.000263704 -0.000104916 -0.000105142 1.14393e-34 0.010762 0.0125758 0.0116339 
2.61322e-34 1.09144e-34 0.202859 0.108204 0.108062 -7.3921e-35 3.64068e-35 4.43792e-35 -0.000199906 -6.96142e-05 -7.82365e-05 8.10798e-35 0.0074684 0.00906996 0.00855507 
1.06606e-34 1.03241e-34 0.194369 0.102048 0.104009 -6.65045e-35 8.95287e-35 9.60596e-35 0.00234592 0.000880792 0.000764441 1.836e-34 0.0181257 0.0193487 0.0188626 
6.3925e-35 4.414e-35 0.127452 0.0449481 0.0575169 -4.77229e-35 6.12193e-35 1.13217e-35 0.0152065 0.00585383 0.00540765 6.04637e-35 0.0114454 0.00108246 0.0070694 
-1.11336e-35 1.08697e-36 0.0400223 -0.00853866 -0.0177695 -4.96213e-37 -2.48998e-34 -3.08165e-34 -0.00573282 -0.00479413 -0.00370755 -5.53982e-34 -0.0504423 -0.0618047 -0.0589773 
1.5657e-34 1.52588e-34 0.26411 0.149419 0.156178 -9.49411e-35 -1.93268e-34 -1.46313e-34 0.0101531 0.00327734 0.00330892 -3.47035e-34 0.0396526 0.0303606 0.0349483 
1.13103e-34 1.10684e-34 0.201409 0.106225 0.108264 -6.94929e-35 -7.82959e-35 -7.00567e-35 0.00241687 0.000794154 0.000923771 -1.50416e-34 0.0161018 0.0143338 0.0150888 
1.07664e-34 1.06323e-34 0.196136 0.103859 0.103644 -6.7887e-35 -5.45211e-35 -4.89472e-35 -0.000281488 -9.81914e-05 -9.64169e-05 -1.03306e-34 0.0110239 0.00989284 0.0104833 
0.687968 0.863953 0.387229 0.658144 0.542045 0.790842 -0.0885013 -0.143728 -0.0529266 -0.101734 -0.0717662 -0.115738 -0.0747116 -0.0834769 -0.0666213 
0.77179 0.629047 0.730733 0.724901 0.764349 0.704851 -0.306485 -0.267981 -0.217629 -0.251145 -0.263322 -0.291397 -0.0637276 -0.015836 -0.0464508 
0.697135 0.730733 0.629047 0.724901 0.691482 0.717717 -0.182879 -0.217629 -0.267981 -0.251145 -0.230983 -0.200756 -0.0219817 -0.0464508 -0.015836 
0.691851 0.863953 0.924844 0.941639 0.893086 0.787011 -0.143195 -0.143728 -0.200415 -0.189461 -0.204502 -0.148681 -0.0702992 -0.0834769 -0.126588 
0.254042 0.0384433 0.102369 0.063025 0.15062 0.0816684 -0.0138524 0.0928771 0.0693204 0.0802954 0.0351379 0.0537856 -0.115836 -0.12151 -0.124399 
0.500004 0.477936 0.488306 0.483527 0.497082 0.494491 -0.000105161 -0.00011388 -0.000188545 -0.000147338 -0.0001413 -0.000111642 0.00211263 0.00247994 0.00356326 
2.13137e-34 4.42135e-34 0.437749 0.234593 0.234516 4.78635e-35 4.72921e-35 1.48526e-34 -0.000222987 -0.000198578 -9.62003e-05 2.4369e-34 -0.0198888 -0.0312957 -0.0255803 
0.999239 0.838235 0.708801 0.778385 0.93618 0.964265 -0.0158184 -0.00854476 -0.00923703 -0.00920676 -0.0161479 -0.0137364 -0.0729715 -0.0691567 -0.0805896 
0.268137 -0.0383782 0.116201 0.04361 0.175117 0.0889115 -0.201844 -0.0790317 -0.0837524 -0.0858774 -0.148713 -0.152348 0.00960542 0.00808929 0.0457282 
0.691851 0.387229 0.863953 0.658144 0.787011 0.554479 -0.143195 -0.0529266 -0.143728 -0.101734 -0.148681 -0.0932477 -0.0702992 -0.0666213 -0.0834769 
0.404468 0.488306 0.477936 0.483527 0.447645 0.456478 -9.49637e-05 -0.000188545 -0.00011388 -0.000147338 -0.000105245 -0.000138197 0.0027249 0.00356326 0.00247994 
-2.81181e-34 -2.00312e-34 -0.231248 -0.235139 -0.270733 1.14019e-34 5.19223e-34 7.63027e-35 -0.0570587 -0.0187335 -0.0119353 7.37299e-34 -0.10674 -0.033934 -0.105038 
4.42135e-34 0.750239 0.437749 0.609456 0.234593 0.437825 1.48526e-34 -0.000971781 -0.000222987 -0.000409118 -0.000198578 -0.00030529 -0.0312957 -0.0302656 -0.0255803 
1.3304e-34 0.223675 0.188803 0.2068 0.100606 0.125949 -1.14128e-34 0.00768382 0.00574429 0.00703824 0.00176199 0.00279826 0.0237426 0.0212476 0.0269936 
0.75 0.937111 0.586295 0.800171 0.673338 0.859154 -4.73434e-37 -0.0011107 -0.000404257 -0.000828473 -0.000242681 -0.000721535 -0.0177779 -0.0282659 -0.0254094 
0.357199 0.188803 0.223675 0.2068 0.293864 0.281903 0.0215703 0.00574429 0.00768382 0.00703824 0.0143814 0.0136727 0.0263366 0.0269936 0.0212476 
1.07817e-34 0.196716 0.148816 0.173018 0.0771471 0.103979 -6.44112e-35 0.000216065 0.000619143 0.000476933 0.000176657 6.91852e-05 0.0130825 0.0126201 0.0136721 
-0.00526969 0.102369 0.0384433 0.063025 0.0282758 0.0543749 0.119574 0.0693204 0.0928771 0.0802954 0.103271 0.0952405 -0.135602 -0.124399 -0.12151 
4.42135e-34 4.55553e-34 0.625564 0.35108 0.350323 -1.42438e-34 1.48526e-34 2.04411e-34 -0.00131048 -0.0004377 -0.000297747 3.54388e-34 -0.0312957 -0.0431318 -0.0392944 
0.307865 0.148816 0.196716 0.173018 0.254868 0.234161 0.00249207 0.000619143 0.000216065 0.000476933 0.0010999 0.00155687 0.0136877 0.0136721 0.0126201 
1.14654e-34 2.61322e-34 0.193034 0.102472 0.102431 -6.12924e-35 2.89503e-35 3.64068e-35 -0.000102369 -6.38075e-05 -2.97184e-05 6.56167e-35 0.00591359 0.0074684 0.00628212 
4.88648e-34 6.67438e-34 0.648654 0.369602 0.366944 -1.66329e-34 2.62754e-34 3.22362e-34 -0.00353149 -0.00184217 -0.00101909 5.92196e-34 -0.0555311 -0.0688204 -0.0601923 
0.000691818 0.385236 0.0700169 0.221785 0.00475635 0.172193 -0.154734 -0.267122 -0.163571 -0.229447 -0.151878 -0.214357 -0.0511502 -0.0469076 -0.122704 
0.691851 0.924844 0.853101 0.916601 0.791115 0.893086 -0.143195 -0.200415 -0.240511 -0.235871 -0.196724 -0.204502 -0.0702992 -0.126588 -0.0867098 
0.687968 0.387229 0.283763 0.342247 0.493869 0.542045 -0.0885013 -0.0529266 -0.0238994 -0.0340792 -0.0500838 -0.0717662 -0.0747116 -0.0666213 -0.0711779 
1.10024e-34 0.14681 0.199534 0.173902 0.106588 0.0771132 8.06261e-35 0.000499864 0.000133684 0.000382764 5.88293e-05 0.000169671 0.0164125 0.0173174 0.01536 
1.07693e-34 0.199534 0.147931 0.174404 0.0775576 0.106738 7.09097e-35 0.000133684 -8.93529e-05 -8.222e-06 -5.57927e-06 3.36559e-05 0.0144626 0.01536 0.0135116 
8.55985e-35 0.107895 0.175009 0.142369 0.0848815 0.0536246 8.69927e-35 0.00666869 0.00802819 0.0080034 0.00275589 0.00200278 0.0170357 0.0145467 0.018593 
9.37788e-35 0.175009 0.137139 0.157454 0.0691079 0.0911265 9.68303e-35 0.00802819 0.00272083 0.00456606 0.00106012 0.00255956 0.0192649 0.018593 0.0194607 
-2.05378e-36 0.00434761 0.0648406 0.0283059 -0.00530874 -0.0183133 -1.58095e-34 0.00392105 0.0160995 0.0092181 0.00578101 0.000851116 -0.0331234 -0.0432123 -0.0230306 
1.53886e-35 0.0648406 0.0542246 0.0576199 0.00805051 0.00657557 -6.19638e-35 0.0160995 0.00998092 0.0126098 0.00290897 0.00497218 -0.0138154 -0.0230306 -0.00617951 
0.308142 0.147931 0.199534 0.174404 0.256984 0.234169 -0.00032188 -8.93529e-05 0.000133684 -8.222e-06 -3.32078e-05 -0.000185193 0.0133854 0.0135116 0.01536 
0.2938 0.137139 0.175009 0.157454 0.237656 0.220822 0.0100829 0.00272083 0.00802819 0.00456606 0.0100917 0.00659759 0.01977 0.0194607 0.018593 
0.330519 0.199534 0.14681 0.173902 0.247097 0.270227 0.00236348 0.000133684 0.000499864 0.000382764 0.00144525 0.000978047 0.0170454 0.01536 0.0173174 
0.202524 0.0542246 0.0648406 0.0576199 0.132184 0.126715 0.0366222 0.00998092 0.0160995 0.0126098 0.0264046 0.0232737 -0.00477904 -0.00617951 -0.0230306 
0.285475 0.175009 0.107895 0.142369 0.201383 0.235167 0.0267015 0.00802819 0.00666869 0.0080034 0.0173694 0.016871 0.0165013 0.018593 0.0145467 
0.191035 0.0648406 0.00434761 0.0283059 0.0872883 0.116492 0.0177542 0.0160995 0.00392105 0.0092181 0.00986422 0.0194541 -0.0428455 -0.0230306 -0.0432123 
6.67438e-34 0.838235 0.648654 0.752097 0.369602 0.512988 3.22362e-34 -0.00854476 -0.00353149 -0.00545156 -0.00184217 -0.00307916 -0.0688204 -0.0691567 -0.0601923 
0.599323 0.601393 0.924844 0.801298 0.809581 0.600592 -0.110581 -0.15526 -0.200415 -0.201779 -0.18065 -0.13184 -0.158616 -0.169256 -0.126588 
0.32933 0.196716 0.145337 0.171344 0.245526 0.267629 -0.00022832 0.000216065 -0.000100791 -3.40594e-06 -0.000162308 0.000171978 0.0117718 0.0126201 0.0115603 
1.08272e-34 0.145337 0.196716 0.171344 0.103802 0.0754292 -5.96345e-35 -0.000100791 0.000216065 -3.40594e-06 4.30956e-05 9.53033e-06 0.0120821 0.0115603 0.0126201 
0.304646 0.147241 0.253529 0.206081 0.283538 0.226182 -0.086284 -0.0276254 -0.0181029 -0.0258913 -0.0504569 -0.0616185 0.0538463 0.0557404 0.0537774 
7.98839e-35 0.169614 2.03692e-34 0.0891853 -3.43645e-35 0.0891907 -6.59458e-39 -9.99988e-06 -7.36511e-36 -6.06859e-06 -7.35004e-36 -3.46771e-06 1.09878e-06 0.000958996 0.00148733 
1.8769e-34 0.283763 0.387229 0.342247 0.18243 0.125297 -3.61631e-34 -0.0238994 -0.0529266 -0.0340792 -0.0107135 -0.00691129 -0.0708667 -0.0711779 -0.0666213 
0.254042 0.456787 0.042633 0.175658 0.13465 0.337435 -0.0138524 -0.0583731 0.0410912 -0.00368685 0.0199227 -0.0325224 -0.115836 -0.120891 -0.119863 
1.41093e-34 0.253529 0.147241 0.206081 0.0912478 0.145238 -2.92355e-34 -0.0181029 -0.0276254 -0.0258913 -0.00760143 -0.00710169 0.0568678 0.0537774 0.0557404 
8.18952e-35 2.03438e-34 0.180927 0.0955208 0.0955152 -4.68364e-35 -6.73296e-39 7.16451e-36 -1.07837e-05 -6.58149e-06 -3.88203e-06 7.17909e-36 -1.08233e-06 0.00146548 0.000910563 
0.347159 0.223675 0.155824 0.189334 0.260772 0.290642 0.0133269 0.00768382 0.00271036 0.0045802 0.00776082 0.0112607 0.0173708 0.0212476 0.0174795 
0.41448 0.0700169 0.385236 0.221785 0.393108 0.237546 -0.25257 -0.163571 -0.267122 -0.229447 -0.26964 -0.206835 -0.123691 -0.122704 -0.0469076 
1.11939e-34 0.203636 0.153965 0.179282 0.0807397 0.108718 5.2656e-35 -0.000263704 -0.000149756 -0.000190506 -4.59282e-05 -0.000105142 0.010762 0.0116339 0.00998014 
1.22671e-34 0.155824 0.223675 0.189334 0.120043 0.0835717 -9.15115e-35 0.00271036 0.00768382 0.0045802 0.00240757 0.000929881 0.0190159 0.0174795 0.0212476 
1.52588e-34 0.188803 0.26411 0.227817 0.149419 0.106103 -1.46313e-34 0.00574429 0.0101531 0.00767367 0.00327734 0.00159802 0.0303606 0.0269936 0.0349483 
1.11462e-34 0.147931 0.203636 0.176437 0.108928 0.077465 6.15566e-35 -8.93529e-05 -0.000263704 -0.00016566 -0.000104916 -4.02673e-05 0.0125758 0.0135116 0.0116339 
1.5657e-34 0.26411 0.205662 0.23806 0.114516 0.156178 -1.93268e-34 0.0101531 0.00102381 0.00538315 0.000628156 0.00330892 0.0396526 0.0349483 0.0444757 
1.10684e-34 0.148816 0.201409 0.174972 0.106225 0.0776988 -7.00567e-35 0.000619143 0.00241687 0.0012558 0.000794154 0.000291502 0.0143338 0.0136721 0.0150888 
1.06606e-34 0.194369 0.14681 0.171629 0.0765905 0.104009 8.95287e-35 0.00234592 0.000499864 0.00111059 0.000285347 0.000764441 0.0181257 0.0188626 0.0173174 
1.03241e-34 0.137139 0.194369 0.166674 0.102048 0.0716913 9.60596e-35 0.00272083 0.00234592 0.00276238 0.000880792 0.0008465 0.0193487 0.0194607 0.0188626 
6.3925e-35 0.127452 0.107895 0.118756 0.0471877 0.0575169 6.12193e-35 0.0152065 0.00666869 0.00962188 0.00230039 0.00540765 0.0114454 0.0070694 0.0145467 
4.414e-35 0.0542246 0.127452 0.0896891 0.0449481 0.0178446 1.13217e-35 0.00998092 0.0152065 0.0125174 0.00585383 0.00339117 0.00108246 -0.00617951 0.0070694 
-1.11336e-35 0.0400223 0.00434761 0.015054 -0.0217067 -0.0177695 -2.48998e-34 -0.00573282 0.00392105 0.00150393 -0.00064201 -0.00370755 -0.0504423 -0.0589773 -0.0432123 
1.13103e-34 0.201409 0.155824 0.178688 0.0810365 0.108264 -7.82959e-35 0.00241687 0.00271036 0.00280261 0.000793529 0.000923771 0.0161018 0.0150888 0.0174795 
1.08697e-36 0.0305825 0.0400223 0.0310579 -0.00853866 -0.00222641 -3.08165e-34 -0.0133235 -0.00573282 -0.0118725 -0.00479413 -0.00340032 -0.0618047 -0.063793 -0.0589773 
1.06323e-34 0.143305 0.196136 0.17025 0.103859 0.0744534 -4.89472e-35 -0.000135431 -0.000281488 -0.000185343 -9.81914e-05 -3.79778e-05 0.00989284 0.00927394 0.0104833 
1.07664e-34 0.196136 0.145337 0.171168 0.0754939 0.103644 -5.45211e-35 -0.000281488 -0.000100791 -0.000184716 -2.18945e-05 -9.64169e-05 0.0110239 0.0104833 0.0115603 
0.268137 0.629047 0.385236 0.524849 0.319701 0.461042 -0.201844 -0.267981 -0.267122 -0.281017 -0.236126 -0.246056 0.00960542 -0.015836 -0.0469076 
0.498808 0.497534 0.466532 0.486474 0.49451 0.499946 -0.000595492 -0.000463528 -0.000520605 -0.000503304 -0.000578455 -0.000528442 0.00686513 0.00600412 0.00671587 
8.18952e-35 0.180927 0.244892 0.213803 0.132641 0.0955152 -6.73296e-39 -1.07837e-05 -1.13331e-05 -1.04844e-05 -3.38963e-06 -3.88203e-06 -1.08233e-06 0.000910563 -2.95143e-07 
-0.0935964 0.27941 0.0352861 0.153711 -0.010093 0.0931306 0.0172202 -0.00208076 0.107003 0.0578804 0.0721809 0.0257491 -0.183466 -0.181704 -0.163712 
7.98839e-35 0.244916 0.169614 0.20848 0.0891907 0.132674 -6.59458e-39 -1.14946e-05 -9.99988e-06 -1.02351e-05 -3.46771e-06 -3.3078e-06 1.09878e-06 3.64339e-07 0.000958996 
0.355266 0.477718 0.4338 0.458677 0.398335 0.42985 -0.000248961 -0.000428543 -0.000520595 -0.000477482 -0.000372493 -0.000345503 0.00578371 0.0059242 0.00706043 
1.83165e-34 0.387229 0.251481 0.318736 0.112938 0.152773 -3.41315e-34 -0.0529266 -0.038744 -0.0454741 -0.0085134 -0.00996034 -0.0658141 -0.0666213 -0.0640276 
0.268137 0.116201 0.402673 0.252312 0.34371 0.175117 -0.201844 -0.0837524 -0.161735 -0.138329 -0.186912 -0.148713 0.00960542 0.0457282 0.0394345 
0.304646 0.402673 0.116201 0.252312 0.221566 0.350438 -0.086284 -0.161735 -0.0837524 -0.138329 -0.0932995 -0.12478 0.0538463 0.0394345 0.0457282 
0.77179 0.84649 0.713374 0.809455 0.760276 0.810261 -0.306485 -0.30294 -0.29309 -0.314436 -0.322759 -0.307105 -0.0637276 -0.0923741 -0.12604 
2.27027e-34 1.14166e-34 0.186763 0.0987605 0.0987163 -5.46066e-35 -3.61807e-35 -2.91463e-35 -0.000100717 -2.93695e-05 -6.0949e-05 -6.51012e-35 0.00729188 0.00589419 0.00630837 
0.499648 0.497534 0.477718 0.497523 0.492935 0.499767 -0.000315542 -0.000463528 -0.000428543 -0.000456746 -0.000373068 -0.000385086 0.00481157 0.00600412 0.0059242 
0.498808 0.477718 0.497534 0.497523 0.499946 0.491543 -0.000595492 -0.000428543 -0.000463528 -0.000456746 -0.000528442 -0.00051475 0.00686513 0.0059242 0.00600412 
0.489803 0.489797 0.500003 0.49749 0.497415 0.500004 -4.30971e-05 -4.33562e-05 -6.49615e-05 -5.26323e-05 -5.23929e-05 -4.84176e-05 1.3965e-07 -2.18116e-07 0.00095314 
0.304646 0.116201 0.147241 0.137256 0.226182 0.221566 -0.086284 -0.0837524 -0.0276254 -0.0518977 -0.0616185 -0.0932995 0.0538463 0.0457282 0.0557404 
6.35447e-35 0.147241 0.116201 0.137256 0.0466974 0.0654169 -2.92942e-34 -0.0276254 -0.0837524 -0.0518977 -0.031565 -0.0123734 0.0533413 0.0557404 0.0457282 
0.357076 0.472858 0.42768 0.452975 0.39535 0.42634 -0.000228055 -0.00033637 -0.000193233 -0.00025906 -0.000213188 -0.000290541 0.0055389 0.00528571 0.00425196 
4.55553e-34 0.776282 0.625564 0.7057 0.35108 0.458072 2.04411e-34 -0.00301757 -0.00131048 -0.00195513 -0.0004377 -0.000935746 -0.0431318 -0.0487056 -0.0392944 
0.998749 0.776282 0.997231 0.930946 0.997954 0.935574 -0.00241509 -0.00301757 -0.00437099 -0.00412909 -0.00359336 -0.00325609 -0.0383914 -0.0487056 -0.047568 
0.990204 0.997231 0.776282 0.930946 0.918025 0.994357 -0.00649269 -0.00437099 -0.00301757 -0.00412909 -0.00516629 -0.00533421 -0.0566509 -0.047568 -0.0487056 
0.619033 0.402673 0.517278 0.473987 0.570593 0.529062 -0.161832 -0.161735 -0.0951378 -0.130765 -0.127191 -0.169032 0.0164659 0.0394345 0.039454 
0.304646 0.517278 0.402673 0.473987 0.350438 0.418722 -0.086284 -0.0951378 -0.161735 -0.130765 -0.12478 -0.0968355 0.0538463 0.039454 0.0394345 
7.65634e-34 5.18999e-34 0.042633 -0.00875879 0.0318205 1.04571e-33 2.96665e-34 7.20768e-35 0.0410912 0.0463215 0.0241803 5.3245e-36 -0.134414 -0.122755 -0.119863 
0.32933 0.360427 0.196716 0.286191 0.267629 0.344997 -0.00022832 0.00115862 0.000216065 0.000753184 0.000171978 0.000285212 0.0117718 0.0128744 0.0126201 
0.347159 0.393581 0.223675 0.318209 0.290642 0.370248 0.0133269 0.024065 0.00768382 0.0153979 0.0112607 0.0186541 0.0173708 0.0213083 0.0212476 
0.254042 0.797586 0.816734 0.802669 0.571291 0.551595 -0.0138524 -0.096381 -0.0777285 -0.0848693 -0.058702 -0.0570791 -0.115836 -0.123083 -0.114872 
6.35447e-35 1.41093e-34 0.147241 0.0912478 0.0654169 -2.68789e-35 -2.92942e-34 -2.92355e-34 -0.0276254 -0.00760143 -0.0123734 -5.44266e-34 0.0533413 0.0568678 0.0557404 
0.990204 0.648654 0.838235 0.752097 0.937711 0.881101 -0.00649269 -0.00353149 -0.00854476 -0.00545156 -0.00834552 -0.00619826 -0.0566509 -0.0601923 -0.0691567 
0.191035 0.24699 0.0648406 0.150976 0.116492 0.215669 0.0177542 0.0419651 0.0160995 0.0287222 0.0194541 0.032525 -0.0428455 -0.0189799 -0.0230306 
0.285475 0.336094 0.175009 0.262111 0.235167 0.312235 0.0267015 0.0204646 0.00802819 0.0146055 0.016871 0.0235982 0.0165013 0.0193925 0.018593 
0.330519 0.361121 0.199534 0.288154 0.270227 0.346473 0.00236348 0.000482737 0.000133684 0.000369316 0.000978047 0.00128127 0.0170454 0.0148726 0.01536 
1.09144e-34 0.153965 0.202859 0.178889 0.108204 0.0806176 4.43792e-35 -0.000149756 -0.000199906 -0.000180843 -6.96142e-05 -4.81147e-05 0.00906996 0.00998014 0.00855507 
1.09144e-34 1.11939e-34 0.153965 0.0807397 0.0806176 -1.7244e-35 4.43792e-35 5.2656e-35 -0.000149756 -4.59282e-05 -4.81147e-05 9.71992e-35 0.00906996 0.010762 0.00998014 
0.307734 0.202859 0.153965 0.178889 0.236495 0.258121 -0.000482439 -0.000199906 -0.000149756 -0.000180843 -0.000330243 -0.000340098 0.00991535 0.00855507 0.00998014 
1.52588e-34 1.3304e-34 0.188803 0.100606 0.106103 -1.53661e-35 -1.46313e-34 -1.14128e-34 0.00574429 0.00176199 0.00159802 -2.67068e-34 0.0303606 0.0237426 0.0269936 
3.54083e-34 3.98962e-34 0.392444 0.20572 0.193155 -1.63083e-35 -4.03747e-34 -3.94672e-34 -0.0180857 -0.00604778 -0.00517047 -7.67448e-34 -0.0787973 -0.077979 -0.0778004 
1.8769e-34 3.13612e-34 0.283763 0.143984 0.125297 -1.98184e-35 -3.61631e-34 -3.76206e-34 -0.0238994 -0.00831581 -0.00691129 -7.02872e-34 -0.0708667 -0.0728542 -0.0711779 
1.10684e-34 1.07817e-34 0.148816 0.0771471 0.0776988 -1.42447e-35 -7.00567e-35 -6.44112e-35 0.000619143 0.000176657 0.000291502 -1.35326e-34 0.0143338 0.0130825 0.0136721 
1.10024e-34 1.06606e-34 0.14681 0.0765905 0.0771132 -1.09568e-35 8.06261e-35 8.95287e-35 0.000499864 0.000285347 0.000169671 1.69393e-34 0.0164125 0.0181257 0.0173174 
1.11462e-34 1.07693e-34 0.147931 0.0775576 0.077465 -1.08568e-35 6.15566e-35 7.09097e-35 -8.93529e-05 -5.57927e-06 -4.02673e-05 1.32521e-34 0.0125758 0.0144626 0.0135116 
8.55985e-35 6.3925e-35 0.107895 0.0471877 0.0536246 -1.45408e-35 8.69927e-35 6.12193e-35 0.00666869 0.00230039 0.00200278 1.40326e-34 0.0170357 0.0114454 0.0145467 
1.03241e-34 9.37788e-35 0.137139 0.0691079 0.0716913 -1.18501e-35 9.60596e-35 9.68303e-35 0.00272083 0.00106012 0.0008465 1.89613e-34 0.0193487 0.0192649 0.0194607 
-2.05378e-36 -1.11336e-35 0.00434761 -0.0217067 -0.0183133 -1.39505e-35 -1.58095e-34 -2.48998e-34 0.00392105 -0.00064201 0.000851116 -4.12675e-34 -0.0331234 -0.0504423 -0.0432123 
4.414e-35 1.53886e-35 0.0542246 0.00805051 0.0178446 -1.80903e-35 1.13217e-35 -6.19638e-35 0.00998092 0.00290897 0.00339117 -6.19838e-35 0.00108246 -0.0138154 -0.00617951 
0.97033 0.816734 0.797586 0.802669 0.915984 0.925388 -0.103932 -0.0777285 -0.096381 -0.0848693 -0.11273 -0.099107 -0.10084 -0.114872 -0.123083 
1.06323e-34 9.85949e-35 0.143305 0.074573 0.0744534 -9.70616e-36 -4.89472e-35 -4.27275e-35 -0.000135431 -4.955e-05 -3.79778e-05 -9.15303e-35 0.00989284 0.00863773 0.00927394 
1.08272e-34 1.07664e-34 0.145337 0.0754939 0.0754292 -1.23183e-35 -5.96345e-35 -5.45211e-35 -0.000100791 -2.18945e-05 9.53033e-06 -1.14111e-34 0.0120821 0.0110239 0.0115603 
1.08697e-36 3.17491e-35 0.0305825 0.00941215 -0.00222641 -1.53847e-36 -3.08165e-34 -3.25996e-34 -0.0133235 -0.00441205 -0.00340032 -6.22494e-34 -0.0618047 -0.0649315 -0.063793 
1.22671e-34 1.13103e-34 0.155824 0.0810365 0.0835717 -1.0768e-35 -9.15115e-35 -7.82959e-35 0.00271036 0.000793529 0.000929881 -1.73185e-34 0.0190159 0.0161018 0.0174795 
1.58439e-34 1.5657e-34 0.205662 0.114516 0.11608 -3.31352e-36 -2.46776e-34 -1.93268e-34 0.00102381 0.000628156 -0.00101263 -4.38352e-34 0.0491052 0.0396526 0.0444757 
0.479845 0.596548 0.636762 0.622961 0.568048 0.532884 -0.0273819 -0.127148 -0.0985966 -0.112321 -0.0587084 -0.0730042 -0.0378837 -0.0493255 -0.0215707 
0.900036 0.816734 0.976695 0.946434 0.968655 0.86086 -0.0674896 -0.0777285 -0.0822375 -0.0895909 -0.0822595 -0.0744952 -0.109324 -0.114872 -0.0958382 
4.97901e-34 5.10664e-34 -0.0196426 -0.00684174 -0.0066388 1.0216e-33 4.05253e-35 9.36177e-36 0.0389257 0.0127682 0.0285083 -5.56724e-36 -0.121227 -0.123649 -0.123052 
0.999239 0.999521 0.838235 0.955517 0.964265 0.999785 -0.0158184 -0.0106997 -0.00854476 -0.0106155 -0.0137364 -0.0128977 -0.0729715 -0.0645036 -0.0691567 
0.990204 0.838235 0.999521 0.955517 0.996581 0.937711 -0.00649269 -0.00854476 -0.0106997 -0.0106155 -0.00894419 -0.00834552 -0.0566509 -0.0691567 -0.0645036 
2.13137e-34 0.437749 0.75 0.609527 0.4375 0.234516 4.72921e-35 -0.000222987 -5.43101e-37 -0.000179084 -1.89246e-37 -9.62003e-05 -0.0198888 -0.0255803 -0.0197241 
0.370028 0.398822 0.253529 0.331864 0.319579 0.386176 -0.00379091 -0.0391242 -0.0181029 -0.0330889 -0.0143438 -0.0200563 0.0432882 0.0475404 0.0537774 
3.17491e-35 0.120434 0.0305825 0.0719844 0.00941215 0.0363619 -3.25996e-34 -0.0288367 -0.0133235 -0.0191274 -0.00441205 -0.00666918 -0.0649315 -0.0634663 -0.063793 
0.217075 0.0305825 0.120434 0.0719844 0.169904 0.108356 -0.0521176 -0.0133235 -0.0288367 -0.0191274 -0.0476476 -0.0333135 -0.0667081 -0.063793 -0.0634663 
0.97033 0.976695 0.816734 0.946434 0.925388 0.976183 -0.103932 -0.0822375 -0.0777285 -0.0895909 -0.099107 -0.0930993 -0.10084 -0.0958382 -0.114872 
0.697135 0.636762 0.596548 0.622961 0.673563 0.672313 -0.182879 -0.0985966 -0.127148 -0.112321 -0.153101 -0.13949 -0.0219817 -0.0215707 -0.0493255 
0.303969 0.143305 0.195532 0.169924 0.252735 0.229559 -0.000494922 -0.000135431 -0.000185328 -0.000165008 -0.000327545 -0.000320154 0.00938702 0.00927394 0.00827649 
9.85949e-35 0.195532 0.143305 0.169924 0.074573 0.103591 -4.27275e-35 -0.000185328 -0.000135431 -0.000165008 -4.955e-05 -6.92354e-05 0.00863773 0.00827649 0.00927394 
-0.207366 -0.0931237 -0.0693116 -0.0949467 -0.135161 -0.143171 0.0888417 0.0883862 0.0430244 0.0669314 0.0649896 0.085449 -0.145321 -0.130408 -0.129593 
0.900036 0.456787 0.816734 0.663577 0.86086 0.735203 -0.0674896 -0.0583731 -0.0777285 -0.0682464 -0.0744952 -0.0631676 -0.109324 -0.120891 -0.114872 
-2.44565e-34 -0.308874 -0.286969 -0.300502 -0.219611 -0.257412 7.45418e-34 0.0132978 0.0440102 0.0306942 0.0187652 0.015086 -0.147369 -0.147914 -0.153597 
7.65634e-34 0.042633 0.456787 0.175658 0.253517 0.0318205 2.96665e-34 0.0410912 -0.0583731 -0.00368685 -0.0363359 0.0241803 -0.134414 -0.119863 -0.120891 
-0.103999 -0.231248 0.0700169 -0.118812 -0.0318439 -0.194502 -0.0514279 -0.0570587 -0.163571 -0.0935612 -0.101842 -0.043197 -0.164398 -0.105038 -0.122704 
0.308142 0.199534 0.361121 0.288154 0.335824 0.256984 -0.00032188 0.000133684 0.000482737 0.000369316 -4.12924e-05 -3.32078e-05 0.0133854 0.01536 0.0148726 
0.000691818 0.0700169 -0.231248 -0.118812 -0.14308 0.00475635 -0.154734 -0.163571 -0.0570587 -0.0935612 -0.100249 -0.151878 -0.0511502 -0.122704 -0.105038 
0.2938 0.175009 0.336094 0.262111 0.316377 0.237656 0.0100829 0.00802819 0.0204646 0.0146055 0.0148222 0.0100917 0.01977 0.018593 0.0193925 
0.202524 0.0648406 0.24699 0.150976 0.221158 0.132184 0.0366222 0.0160995 0.0419651 0.0287222 0.0408399 0.0264046 -0.00477904 -0.0230306 -0.0189799 
0.357199 0.223675 0.393581 0.318209 0.37633 0.293864 0.0215703 0.00768382 0.024065 0.0153979 0.0236836 0.0143814 0.0263366 0.0212476 0.0213083 
0.307865 0.196716 0.360427 0.286191 0.335059 0.254868 0.00249207 0.000216065 0.00115862 0.000753184 0.00177077 0.0010999 0.0136877 0.0126201 0.0128744 
0.460164 0.463233 0.494378 0.482318 0.481191 0.461975 0.0056702 0.0123548 0.00874816 0.0104632 0.00708552 0.00852237 0.0166705 0.0180834 0.0163971 
0.520834 0.517278 0.398822 0.455484 0.460715 0.522508 -0.0472776 -0.0951378 -0.0391242 -0.0671274 -0.0470038 -0.0704849 0.0355427 0.039454 0.0475404 
0.49999 0.494378 0.463233 0.482318 0.489448 0.498131 0.0145396 0.00874816 0.0123548 0.0104632 0.0136702 0.0114766 0.016888 0.0163971 0.0180834 
0.619476 0.730733 0.596548 0.675934 0.607599 0.696376 -0.18544 -0.217629 -0.127148 -0.171352 -0.1569 -0.206613 -0.065106 -0.0464508 -0.0493255 
1.14654e-34 0.193034 0.199169 0.196107 0.105934 0.102431 2.89503e-35 -0.000102369 -6.82557e-05 -8.21081e-05 -1.67378e-05 -2.97184e-05 0.00591359 0.00628212 0.00527516 
0.432954 0.436688 0.489848 0.468398 0.46387 0.434302 0.0462788 0.0536128 0.0490653 0.0523308 0.0484464 0.0507142 0.0170881 0.0122696 0.0171978 
0.697135 0.596548 0.730733 0.675934 0.717717 0.673563 -0.182879 -0.127148 -0.217629 -0.171352 -0.200756 -0.153101 -0.0219817 -0.0493255 -0.0464508 
0.513227 0.489848 0.436688 0.468398 0.484796 0.502295 0.0443441 0.0490653 0.0536128 0.0523308 0.0522598 0.0476113 0.0181812 0.0171978 0.0122696 
1.14166e-34 0.204429 0.186763 0.195658 0.0987605 0.108831 -2.91463e-35 -7.79669e-05 -0.000100717 -8.80979e-05 -2.93695e-05 -2.07387e-05 0.00589419 0.00538809 0.00630837 
0.500009 0.491544 0.495921 0.499806 0.499049 0.497788 -0.000947216 -0.000790678 -0.000792468 -0.000774224 -0.000880352 -0.000886433 0.00907358 0.00792327 0.00802548 
0.454317 0.469502 0.49534 0.485269 0.480155 0.462281 -0.000881846 -0.000844762 -0.00101115 -0.000973118 -0.00094146 -0.000935892 0.00962389 0.0111821 0.0101353 
0.500022 0.49534 0.469502 0.485269 0.492547 0.498875 -0.000909764 -0.00101115 -0.000844762 -0.000973118 -0.000946197 -0.000985429 0.0110087 0.0101353 0.0111821 
0.900036 0.976695 0.985396 0.981117 0.974652 0.968655 -0.0674896 -0.0822375 -0.0619671 -0.0727951 -0.0725213 -0.0822595 -0.109324 -0.0958382 -0.0935156 
0.500022 0.495126 0.466836 0.484068 0.49157 0.498747 -0.000909764 -0.000472422 -0.000858651 -0.000746958 -0.000855114 -0.000754866 0.0110087 0.0118244 0.0108138 
0.460806 0.466836 0.495126 0.484068 0.48204 0.463818 -0.000215799 -0.000858651 -0.000472422 -0.000746958 -0.000432141 -0.000612771 0.0119248 0.0108138 0.0118244 
0.315207 0.202859 0.358636 0.287906 0.337644 0.262375 -0.000307559 -0.000199906 -0.000520893 -0.0003532 -0.000417409 -0.000254674 0.007223 0.00855507 0.00856567 
0.307734 0.358636 0.202859 0.287906 0.258121 0.334159 -0.000482439 -0.000520893 -0.000199906 -0.0003532 -0.000340098 -0.000518653 0.00991535 0.00856567 0.00855507 
0.687968 0.937958 0.863953 0.904057 0.790842 0.83997 -0.0885013 -0.118834 -0.143728 -0.134538 -0.115738 -0.110305 -0.0747116 -0.0918539 -0.0834769 
0.263779 0.670676 0.797586 0.733706 0.504423 0.458054 0.016271 -0.100814 -0.096381 -0.098687 -0.0531049 -0.0399217 -0.137473 -0.138932 -0.123083 
0.49999 0.498407 0.474076 0.489593 0.494814 0.500048 0.0145396 0.0211566 0.0135546 0.0172291 0.0143156 0.0177241 0.016888 0.0173797 0.0158021 
0.472114 0.474076 0.498407 0.489593 0.48908 0.472791 0.0225892 0.0135546 0.0211566 0.0172291 0.022154 0.0177659 0.0172546 0.0158021 0.0173797 
0.946557 0.863953 0.937958 0.904057 0.96017 0.94408 -0.15374 -0.143728 -0.118834 -0.134538 -0.140717 -0.160751 -0.115055 -0.0834769 -0.0918539 
0.254042 0.816734 0.456787 0.663577 0.337435 0.571291 -0.0138524 -0.0777285 -0.0583731 -0.0682464 -0.0325224 -0.058702 -0.115836 -0.114872 -0.120891 
0.513227 0.53649 0.509807 0.52754 0.520921 0.523939 0.0443441 0.0330819 0.0283458 0.0308055 0.0359052 0.0404767 0.0181812 0.0176585 0.0249029 
0.946557 0.797586 0.670676 0.733706 0.85731 0.894927 -0.15374 -0.096381 -0.100814 -0.098687 -0.137157 -0.131288 -0.115055 -0.123083 -0.138932 
0.417522 0.414708 0.120434 0.254645 0.251229 0.420035 -0.094252 -0.110166 -0.0288367 -0.0651736 -0.0552245 -0.104975 -0.0633923 -0.0676306 -0.0634663 
0.511196 0.509807 0.53649 0.52754 0.537448 0.512234 -0.00437417 0.0283458 0.0330819 0.0308055 0.0180626 0.0141818 0.0321261 0.0249029 0.0176585 
0.831954 0.985396 0.976695 0.981117 0.930973 0.933721 -0.0549973 -0.0619671 -0.0822375 -0.0727951 -0.0710933 -0.0612357 -0.0835153 -0.0935156 -0.0958382 
0.335216 0.601393 0.27941 0.425459 0.308456 0.467133 -0.117819 -0.15526 -0.00208076 -0.0742675 -0.0571378 -0.13633 -0.185051 -0.169256 -0.181704 
0.599323 0.27941 0.601393 0.425459 0.600592 0.42088 -0.110581 -0.00208076 -0.15526 -0.0742675 -0.13184 -0.0558104 -0.158616 -0.181704 -0.169256 
0.288676 0.342097 0.195532 0.274759 0.244205 0.316362 -0.000264079 -0.000488726 -0.000185328 -0.000329935 -0.000234987 -0.00036758 0.00718404 0.00816403 0.00827649 
-0.0610597 -0.0693116 -0.0931237 -0.0949467 -0.0790931 -0.0739389 0.0629956 0.0430244 0.0883862 0.0669314 0.0784049 0.0543295 -0.126113 -0.129593 -0.130408 
0.217075 0.120434 0.414708 0.254645 0.309503 0.169904 -0.0521176 -0.0288367 -0.110166 -0.0651736 -0.0794001 -0.0476476 -0.0667081 -0.0634663 -0.0676306 
0.303969 0.195532 0.342097 0.274759 0.323555 0.252735 -0.000494922 -0.000185328 -0.000488726 -0.000329935 -0.00050849 -0.000327545 0.00938702 0.00827649 0.00816403 
0.466532 0.497534 0.472858 0.488511 0.469774 0.486474 -0.000520605 -0.000463528 -0.00033637 -0.000401399 -0.000419278 -0.000503304 0.00671587 0.00600412 0.00528571 
0.831002 0.713374 0.84649 0.809455 0.849578 0.774197 -0.269716 -0.29309 -0.30294 -0.314436 -0.302491 -0.283568 -0.140718 -0.12604 -0.0923741 
0.62306 0.584719 0.543285 0.581489 0.58672 0.604554 -0.0602959 -0.02257 0.0166681 -0.00247424 -0.0163391 -0.0386751 9.01e-05 0.0190936 -0.00401816 
0.500961 0.502153 0.485966 0.500258 0.494194 0.503821 0.044061 0.037506 0.0380558 0.0377195 0.041849 0.0413492 0.0194096 0.0190699 0.0192332 
0.50004 0.493496 0.493856 0.500002 0.49836 0.498486 0.00483971 0.0019342 0.00200296 0.00207898 0.00323341 0.00318739 0.0149573 0.013623 0.0143287 
0.499648 0.472858 0.497534 0.488511 0.499767 0.494686 -0.000315542 -0.00033637 -0.000463528 -0.000401399 -0.000385086 -0.000332028 0.00481157 0.00528571 0.00600412 
0.498808 0.495921 0.491544 0.499806 0.496007 0.499794 -0.000595492 -0.000792468 -0.000790678 -0.000774224 -0.000688935 -0.000685073 0.00686513 0.00802548 0.00792327 
0.500014 0.493856 0.493496 0.500002 0.49828 0.498598 0.000512796 0.00200296 0.0019342 0.00207898 0.0011521 0.00117127 0.0129786 0.0143287 0.013623 
0.499946 0.485966 0.502153 0.500258 0.501904 0.495063 0.0296633 0.0380558 0.037506 0.0377195 0.0336506 0.0339169 0.0186394 0.0192332 0.0190699 
0.553096 0.543285 0.584719 0.581489 0.573974 0.550768 0.0262004 0.0166681 -0.02257 -0.00247424 0.00522415 0.0231395 0.0110139 -0.00401816 0.0190936 
5.10664e-34 -0.018306 -0.0196426 -0.0223905 -0.00684174 -0.00458371 9.36177e-36 0.0127077 0.0389257 0.0255799 0.0127682 0.00737901 -0.123649 -0.125873 -0.123052 
-0.0610597 -0.0196426 -0.018306 -0.0223905 -0.0425544 -0.0384994 0.0629956 0.0389257 0.0127077 0.0255799 0.0354697 0.0515585 -0.126113 -0.123052 -0.125873 
4.97901e-34 -0.0196426 -0.0183545 -0.0258019 -0.00832216 -0.0066388 4.05253e-35 0.0389257 0.0913834 0.0659731 0.0603371 0.0285083 -0.121227 -0.123052 -0.122989 
-0.0610597 -0.0183545 -0.0196426 -0.0258019 -0.0384994 -0.0435424 0.0629956 0.0913834 0.0389257 0.0659731 0.0515585 0.0781751 -0.126113 -0.122989 -0.123052 
