0.43573 0.830627 7.56731e-34 0.549411 0.241854 0.665663 -0.05221 -0.0298035 3.06088e-34 -0.0373381 -0.032516 -0.049935 -0.123957 -0.115947 -0.136674 
-0.103567 -0.121091 0.243696 0.0753631 0.0743703 -0.106368 0.0779318 0.0412271 -0.0222405 0.01087 0.0358743 0.0641018 -0.156359 -0.167711 -0.168225 
0.500125 0.462484 0.495275 0.496085 0.498677 0.491367 0.000619051 0.00660488 0.00552832 0.00666614 0.002768 0.00333878 0.0108983 0.0149554 0.0110817 
0.505539 0.424288 0.519338 0.496286 0.512497 0.481661 0.0589077 0.0845049 0.0688209 0.0800414 0.0645114 0.0723963 0.0152552 0.0141994 0.0138178 
0.595211 0.384475 0.64677 0.541058 0.619976 0.510377 0.0392445 -0.00160382 -0.021287 -0.00611929 0.0116745 0.0278197 -0.0229821 -0.0665524 -0.0262798 
0.312775 0.318385 0.805098 0.57633 0.574654 0.312982 -0.106566 -0.170474 -0.28013 -0.234419 -0.206824 -0.141258 -0.163434 -0.138803 -0.118422 
0.389148 0.313315 0.209964 0.264682 0.310784 0.354185 -0.000998162 -0.00195614 -0.000579758 -0.0012684 -0.000817512 -0.00172305 0.0136079 0.0113593 0.0140021 
0.723561 0.603725 0.71218 0.69635 0.719772 0.721035 -0.21698 -0.228228 -0.159561 -0.198125 -0.188004 -0.227804 -0.0483369 0.000910424 -0.0227532 
0.88879 0.830627 0.43573 0.665663 0.716106 0.862601 -0.0573946 -0.0298035 -0.05221 -0.049935 -0.0555731 -0.0445831 -0.113906 -0.115947 -0.123957 
0.521651 0.300875 0.420333 0.370799 0.473293 0.419323 -0.0144745 -0.0060893 0.0143286 0.00106069 0.000572488 -0.0190857 0.0328031 0.0429114 0.0300527 
0.723561 0.710182 0.603725 0.658287 0.721035 0.749488 -0.21698 -0.288934 -0.228228 -0.260817 -0.227804 -0.256239 -0.0483369 -0.0421711 0.000910424 
0.358721 0.318177 0.46815 0.408612 0.423144 0.339069 -0.00158455 -0.0018811 -0.00332294 -0.00271305 -0.0024464 -0.00177745 0.00560359 0.0076492 0.00687061 
0.450281 0.46815 0.318177 0.408612 0.394638 0.459679 -0.00355444 -0.00332294 -0.0018811 -0.00271305 -0.00286541 -0.00350764 0.00852525 0.00687061 0.0076492 
0.505539 0.480017 0.490903 0.503673 0.498677 0.504187 0.0589077 0.0356396 0.045932 0.0412768 0.052435 0.0457696 0.0152552 0.0119367 0.0162535 
0.500125 0.455984 0.496259 0.494541 0.499279 0.488041 0.000619051 -0.003218 -0.002477 -0.00275989 -0.00113341 -0.00175216 0.0108983 0.00854652 0.0105028 
0.500031 0.455984 0.49034 0.476204 0.497114 0.488167 -0.00383059 -0.003218 -0.004259 -0.00401143 -0.00425669 -0.00367397 0.00902822 0.00854652 0.00776781 
0.49034 0.455984 0.437324 0.446903 0.469456 0.476204 -0.004259 -0.003218 -0.00347688 -0.003425 -0.00389197 -0.00401143 0.00776781 0.00854652 0.00761005 
0.420972 0.224001 0.322066 0.276361 0.374067 0.336881 0.0354519 0.00991922 0.0150869 0.0139189 0.0245826 0.0227278 0.0126609 0.0128213 0.0101668 
0.521651 0.420333 0.589362 0.527234 0.572223 0.473293 -0.0144745 0.0143286 0.056483 0.026879 0.0195501 0.000572488 0.0328031 0.0300527 0.0133497 
0.00403174 -0.0226931 -0.0207926 -0.0357923 -0.00863251 -0.0148642 0.0569497 0.0463487 0.0864058 0.0692491 0.0675775 0.0580131 -0.122142 -0.122731 -0.124916 
0.802145 0.868539 0.724217 0.854663 0.763125 0.881107 -0.206141 -0.252803 -0.222839 -0.264488 -0.219543 -0.247004 -0.0794996 -0.118399 -0.0701016 
0.710182 0.647918 0.395028 0.51941 0.576451 0.68632 -0.288934 -0.276819 -0.227927 -0.256237 -0.263911 -0.292836 -0.0421711 -0.0990975 -0.0381804 
0.805098 0.724217 0.868539 0.854663 0.837542 0.843712 -0.28013 -0.222839 -0.252803 -0.264488 -0.269476 -0.2856 -0.118422 -0.0701016 -0.118399 
0.420972 0.322066 0.480017 0.420079 0.455195 0.374067 0.0354519 0.0150869 0.0356396 0.0259594 0.036691 0.0245826 0.0126609 0.0101668 0.0119367 
0.389148 0.457504 0.313315 0.398534 0.354185 0.427512 -0.000998162 -0.00336349 -0.00195614 -0.00278262 -0.00172305 -0.00236051 0.0136079 0.0104807 0.0113593 
0.788376 0.647918 0.710182 0.68632 0.757767 0.759128 -0.299542 -0.276819 -0.288934 -0.292836 -0.29963 -0.311889 -0.0697749 -0.0990975 -0.0421711 
0.376333 0.298342 0.455984 0.390941 0.421006 0.339194 -0.000906939 -0.00195438 -0.003218 -0.00264588 -0.00198881 -0.00169128 0.00838784 0.00784694 0.00854652 
0.389148 0.312692 0.462484 0.402673 0.431742 0.353701 -0.000998162 0.00173072 0.00660488 0.00422184 0.00195536 0.000305332 0.0136079 0.0166012 0.0149554 
0.595211 0.589362 0.525107 0.594128 0.559865 0.620539 0.0392445 0.056483 0.0853085 0.0750813 0.0643716 0.0571065 -0.0229821 0.0133497 -0.0193257 
0.342719 0.232418 0.424288 0.333273 0.383834 0.291696 0.0428267 0.0431009 0.0845049 0.0662709 0.0628772 0.0444945 0.0195278 0.0143402 0.0141994 
0.190295 0.0626735 0.384475 0.206803 0.27211 0.121324 0.0510034 0.00882794 -0.00160382 0.000500771 0.026061 0.0273142 -0.0480646 -0.0651589 -0.0665524 
0.342719 0.317424 0.166921 0.248108 0.262875 0.332758 0.0428267 0.0180485 0.0129292 0.0177738 0.0288309 0.0292296 0.0195278 0.0204857 0.019243 
0.389148 0.209964 0.312692 0.265193 0.353701 0.310784 -0.000998162 -0.000579758 0.00173072 0.000221297 0.000305332 -0.000817512 0.0136079 0.0140021 0.0166012 
0.342719 0.447489 0.317424 0.391426 0.332758 0.402759 0.0428267 0.0365804 0.0180485 0.0277316 0.0292296 0.0407645 0.0195278 0.0185348 0.0204857 
0.190295 0.160052 -0.0121013 0.0642648 0.0755923 0.166141 0.0510034 0.0640451 0.0160962 0.036597 0.0324889 0.0619969 -0.0480646 -0.0171437 -0.0425919 
0.342719 0.166921 0.232418 0.203726 0.291696 0.262875 0.0428267 0.0129292 0.0431009 0.0269737 0.0444945 0.0288309 0.0195278 0.019243 0.0143402 
0.344653 0.143559 0.0751624 0.106415 0.187888 0.236446 -0.109422 -0.0546725 -0.022374 -0.0467212 -0.0559462 -0.0774745 -0.0613259 -0.0693065 -0.0607416 
0.190295 -0.0121013 0.0626735 0.0125681 0.121324 0.0755923 0.0510034 0.0160962 0.00882794 0.0133718 0.0273142 0.0324889 -0.0480646 -0.0425919 -0.0651589 
0.437875 0.317424 0.447489 0.391426 0.443265 0.385643 0.017987 0.0180485 0.0365804 0.0277316 0.026617 0.018687 0.0176892 0.0204857 0.0185348 
0.190295 0.392663 0.160052 0.267908 0.166141 0.290167 0.0510034 0.0992472 0.0640451 0.0869564 0.0619969 0.0785888 -0.0480646 -0.0196615 -0.0171437 
0.366534 0.160052 0.392663 0.267908 0.376537 0.267472 0.097026 0.0640451 0.0992472 0.0869564 0.100312 0.0864532 0.00177529 -0.0171437 -0.0196615 
0.390043 0.462912 0.487191 0.476662 0.450554 0.431319 -0.00069149 -0.000555736 -0.0012815 -0.000855276 -0.000984163 -0.000625488 0.00279683 0.00148818 0.00322484 
0.500007 0.487191 0.462912 0.476662 0.490682 0.496779 -0.000865396 -0.0012815 -0.000555736 -0.000855276 -0.000724832 -0.00106421 0.00211243 0.00322484 0.00148818 
0.344653 0.493603 0.143559 0.311796 0.236446 0.422043 -0.109422 -0.153816 -0.0546725 -0.100912 -0.0774745 -0.141247 -0.0613259 -0.0702998 -0.0693065 
0.351643 0.143559 0.493603 0.311796 0.416092 0.246159 -0.074376 -0.0546725 -0.153816 -0.100912 -0.11364 -0.0735752 -0.0756601 -0.0693065 -0.0702998 
0.521651 0.652382 0.386286 0.541885 0.469489 0.592085 -0.0144745 -0.0925331 -0.0706179 -0.0876154 -0.0448162 -0.0487795 0.0328031 0.014606 0.0468136 
0.525789 0.400514 0.508807 0.467906 0.51676 0.470905 0.0568386 0.0358819 0.0609487 0.0477112 0.0612622 0.0470653 0.0157342 0.0168929 0.0145105 
0.420972 0.508807 0.400514 0.467906 0.411091 0.472019 0.0354519 0.0609487 0.0358819 0.0477112 0.0368125 0.0474348 0.0126609 0.0145105 0.0168929 
0.448394 0.32592 0.460946 0.405163 0.454381 0.394277 0.0172658 0.00297721 0.00698041 0.00529936 0.011826 0.00871224 0.0101139 0.00843353 0.00980227 
0.376333 0.460946 0.32592 0.405163 0.351758 0.423439 -0.000906939 0.00698041 0.00297721 0.00529936 0.000863838 0.0021074 0.00838784 0.00980227 0.00843353 
0.500281 0.495275 0.462484 0.496085 0.490259 0.499129 0.0134811 0.00552832 0.00660488 0.00666614 0.0100954 0.00922604 0.0128963 0.0110817 0.0149554 
0.344653 0.285928 0.724217 0.520948 0.54258 0.317722 -0.109422 -0.0678984 -0.222839 -0.14316 -0.164011 -0.0919896 -0.0613259 -0.0590757 -0.0701016 
0.523711 0.519338 0.424288 0.496286 0.481504 0.523846 0.0880785 0.0688209 0.0845049 0.0800414 0.0896539 0.0783076 0.0116677 0.0138178 0.0141994 
0.450281 0.457504 0.496745 0.482675 0.480481 0.454018 -0.00355444 -0.00336349 -0.00420421 -0.00403546 -0.00403291 -0.00355487 0.00852525 0.0104807 0.00813399 
0.643123 0.64677 0.384475 0.541058 0.525058 0.644997 -0.0710186 -0.021287 -0.00160382 -0.00611929 -0.0302279 -0.0451459 -0.0410759 -0.0262798 -0.0665524 
2.76443e-34 0.21516 0.294497 0.25654 0.163176 0.114898 -2.23088e-35 -0.000242486 -0.000752281 -0.000464108 -0.000291764 -0.000146961 0.00441363 0.00300385 0.00427852 
0.500031 0.496745 0.457504 0.482675 0.490332 0.499484 -0.00383059 -0.00420421 -0.00336349 -0.00403546 -0.00370462 -0.00417643 0.00902822 0.00813399 0.0104807 
9.21273e-35 2.69206e-34 0.215153 0.11529 0.115134 -9.19196e-35 1.39788e-35 2.1299e-35 -0.000228825 -0.000136388 -5.45665e-05 3.58907e-35 0.00286375 0.00443925 0.00276181 
0.215153 2.69206e-34 0.294766 0.163698 0.256494 0.11529 -0.000228825 2.1299e-35 -0.000730812 -0.000276884 -0.000447799 -0.000136388 0.00276181 0.00443925 0.00414282 
0.525789 0.557336 0.589362 0.577066 0.557008 0.55248 0.0568386 0.0887253 0.056483 0.0774503 0.0568396 0.0734546 0.0157342 0.00881992 0.0133497 
0.376333 0.189907 0.298342 0.246805 0.339194 0.292957 -0.000906939 -0.000669974 -0.00195438 -0.00124233 -0.00169128 -0.000725955 0.00838784 0.00803243 0.00784694 
0.552851 0.589362 0.557336 0.577066 0.560162 0.587902 0.0955903 0.056483 0.0887253 0.0774503 0.0948634 0.0816535 -0.000563819 0.0133497 0.00881992 
0.500974 0.490903 0.480017 0.503673 0.499087 0.497561 0.0334504 0.045932 0.0356396 0.0412768 0.0350443 0.0393814 0.0147013 0.0162535 0.0119367 
0.500031 0.496259 0.455984 0.494541 0.488167 0.499416 -0.00383059 -0.002477 -0.003218 -0.00275989 -0.00367397 -0.00329155 0.00902822 0.0105028 0.00854652 
-0.0207926 -0.0226931 -0.0622606 -0.043009 -0.0588432 -0.0357923 0.0864058 0.0463487 0.0546777 0.0517675 0.0757974 0.0692491 -0.124916 -0.122731 -0.125469 
8.31719e-34 0.84349 0.841787 0.842801 0.51025 0.510372 -2.89535e-34 -0.00297218 -0.00584922 -0.00414882 -0.0021753 -0.00154645 -0.0583168 -0.0536001 -0.0664152 
0.344653 0.0751624 0.285928 0.162691 0.317722 0.187888 -0.109422 -0.022374 -0.0678984 -0.0353478 -0.0919896 -0.0559462 -0.0613259 -0.0607416 -0.0590757 
0.313315 0.158763 0.209964 0.18506 0.264682 0.242037 -0.00195614 -0.000613262 -0.000579758 -0.000643155 -0.0012684 -0.00134658 0.0113593 0.01154 0.0140021 
0.376333 0.32592 0.189907 0.261202 0.292957 0.351758 -0.000906939 0.00297721 -0.000669974 0.000459228 -0.000725955 0.000863838 0.00838784 0.00843353 0.00803243 
0.505539 0.445338 0.424288 0.435641 0.481661 0.483728 0.0589077 0.0575672 0.0845049 0.0700266 0.0723963 0.0599395 0.0152552 0.017741 0.0141994 
0.595211 0.40025 0.384475 0.388032 0.510377 0.511081 0.0392445 0.0650402 -0.00160382 0.0343673 0.0278197 0.0601671 -0.0229821 -0.0430326 -0.0665524 
0.500125 0.4719 0.462484 0.467809 0.491367 0.493695 0.000619051 -0.000205313 0.00660488 0.00278496 0.00333878 -1.10331e-05 0.0108983 0.0123518 0.0149554 
0.420972 0.400514 0.224001 0.318365 0.336881 0.411091 0.0354519 0.0358819 0.00991922 0.0219136 0.0227278 0.0368125 0.0126609 0.0168929 0.0128213 
2.03657e-34 0.272683 0.21516 0.244744 0.11527 0.149675 -7.68356e-36 -0.00023635 -0.000242486 -0.000250322 -4.6731e-05 -8.16553e-05 0.00152531 0.0018059 0.00300385 
0.552851 0.525107 0.589362 0.594128 0.587902 0.541484 0.0955903 0.0853085 0.056483 0.0750813 0.0816535 0.0928231 -0.000563819 -0.0193257 0.0133497 
0.450281 0.36281 0.457504 0.417065 0.454018 0.412036 -0.00355444 -0.00272849 -0.00336349 -0.00324943 -0.00355487 -0.00324691 0.00852525 0.00938649 0.0104807 
0.313315 0.457504 0.36281 0.417065 0.339065 0.398534 -0.00195614 -0.00336349 -0.00272849 -0.00324943 -0.00245084 -0.00278262 0.0113593 0.0104807 0.00938649 
0.390043 0.442146 0.294497 0.379657 0.345989 0.418257 -0.00069149 -0.00167568 -0.000752281 -0.00122452 -0.000751114 -0.00111202 0.00279683 0.00450197 0.00427852 
0.521651 0.386286 0.300875 0.348354 0.419323 0.469489 -0.0144745 -0.0706179 -0.0060893 -0.0361963 -0.0190857 -0.0448162 0.0328031 0.0468136 0.0429114 
0.312775 0.805098 0.610024 0.719795 0.458026 0.574654 -0.106566 -0.28013 -0.17956 -0.239865 -0.143651 -0.206824 -0.163434 -0.118422 -0.151584 
2.76443e-34 9.2925e-35 0.21516 0.115064 0.114898 -9.34846e-35 -2.23088e-35 -1.50817e-35 -0.000242486 -5.65807e-05 -0.000146961 -3.67249e-35 0.00441363 0.00304148 0.00300385 
-0.0207926 -0.133446 0.00755888 -0.0899007 -0.00811306 -0.0823278 0.0864058 0.0713114 0.0986807 0.104539 0.0992299 0.0924664 -0.124916 -0.131885 -0.137842 
0.420333 0.300875 0.245618 0.280876 0.346812 0.370799 0.0143286 -0.0060893 0.00586032 0.00127935 0.01049 0.00106069 0.0300527 0.0429114 0.0324243 
0.63931 0.71218 0.603725 0.69635 0.626121 0.694666 -0.168424 -0.159561 -0.228228 -0.198125 -0.198079 -0.165215 0.0095797 -0.0227532 0.000910424 
0.35343 0.294497 0.442146 0.379657 0.402864 0.325327 -0.00168911 -0.000752281 -0.00167568 -0.00122452 -0.0017417 -0.0011715 0.00567731 0.00427852 0.00450197 
0.195838 0.201916 0.00755888 0.104388 0.0956432 0.207195 0.0305209 0.0051916 0.0986807 0.0601097 0.0702768 0.0225544 -0.150012 -0.124383 -0.137842 
0.448394 0.496655 0.480017 0.48989 0.46482 0.47941 0.0172658 0.0218357 0.0356396 0.0286475 0.025945 0.019648 0.0101139 0.0125479 0.0119367 
0.525789 0.589362 0.457431 0.53111 0.497506 0.557008 0.0568386 0.056483 0.0374539 0.0433974 0.0477836 0.0568396 0.0157342 0.0133497 0.0221492 
0.500974 0.480017 0.496655 0.48989 0.501057 0.499087 0.0334504 0.0356396 0.0218357 0.0286475 0.0274635 0.0350443 0.0147013 0.0119367 0.0125479 
0.298342 0.337964 0.455984 0.405839 0.390941 0.31865 -0.00195438 -0.0025813 -0.003218 -0.0031506 -0.00264588 -0.00239094 0.00784694 0.00733942 0.00854652 
-0.121091 0.0157541 0.243696 0.144212 0.0753631 -0.0547232 0.0412271 -0.0305422 -0.0222405 -0.0243843 0.01087 0.0083352 -0.167711 -0.166607 -0.168225 
0.996794 0.992744 0.759258 0.921862 0.924952 0.996104 -0.0250239 -0.039911 -0.0251356 -0.0352829 -0.0300315 -0.0339208 -0.0902597 -0.0976042 -0.087365 
0.312692 0.35958 0.462484 0.419458 0.402673 0.33801 0.00173072 0.0090963 0.00660488 0.00871671 0.00422184 0.00475268 0.0166012 0.018316 0.0149554 
0.437324 0.455984 0.337964 0.405839 0.393451 0.446903 -0.00347688 -0.003218 -0.0025813 -0.0031506 -0.00311078 -0.003425 0.00761005 0.00854652 0.00733942 
0.420333 0.457431 0.589362 0.53111 0.527234 0.442378 0.0143286 0.0374539 0.056483 0.0433974 0.026879 0.0274886 0.0300527 0.0221492 0.0133497 
0.232418 0.250764 0.424288 0.345908 0.333273 0.241734 0.0431009 0.0712926 0.0845049 0.080306 0.0662709 0.0572038 0.0143402 0.00455807 0.0141994 
0.0626735 0.15043 0.384475 0.258201 0.206803 0.0982039 0.00882794 -0.0315158 -0.00160382 -0.027545 0.000500771 -0.010278 -0.0651589 -0.0743824 -0.0665524 
0.404782 0.380007 0.273438 0.33092 0.346053 0.3927 -0.000745949 -0.000318429 -0.000231279 -0.000285971 -0.000454301 -0.000493788 0.00265374 0.000987555 0.00167818 
0.437875 0.462484 0.35958 0.419458 0.402866 0.451582 0.017987 0.00660488 0.0090963 0.00871671 0.0134462 0.0116101 0.0176892 0.0149554 0.018316 
0.366534 0.424288 0.250764 0.345908 0.307776 0.399562 0.097026 0.0845049 0.0712926 0.080306 0.0862285 0.0928801 0.00177529 0.0141994 0.00455807 
0.351643 0.384475 0.15043 0.258201 0.246706 0.363415 -0.074376 -0.00160382 -0.0315158 -0.027545 -0.0533398 -0.0421707 -0.0756601 -0.0665524 -0.0743824 
0.322066 0.224001 0.154594 0.188043 0.244022 0.276361 0.0150869 0.00991922 0.00358882 0.00607245 0.00912331 0.0139189 0.0101668 0.0128213 0.010187 
0.390043 0.272683 0.380145 0.330679 0.385194 0.33669 -0.00069149 -0.00023635 -0.000319503 -0.000287273 -0.000473244 -0.000434423 0.00279683 0.0018059 0.00107509 
0.805098 0.318385 0.647918 0.492103 0.725903 0.57633 -0.28013 -0.170474 -0.276819 -0.235973 -0.283249 -0.234419 -0.118422 -0.138803 -0.0990975 
0.50022 0.201916 0.195838 0.207195 0.321563 0.348756 -0.0665851 0.0051916 0.0305209 0.0225544 -0.0187876 -0.0236607 -0.138843 -0.124383 -0.150012 
-6.19417e-35 -1.24644e-34 -0.133446 -0.0876226 -0.0493214 1.18637e-34 6.70621e-34 7.2682e-34 0.0713114 0.0237698 0.0196238 1.3021e-33 -0.130171 -0.139554 -0.131885 
0.404782 0.46689 0.380007 0.430196 0.3927 0.439833 -0.000745949 -0.000545973 -0.000318429 -0.000428036 -0.000493788 -0.000644575 0.00265374 0.00132434 0.000987555 
0.390043 0.380145 0.462912 0.427443 0.431319 0.385194 -0.00069149 -0.000319503 -0.000555736 -0.000432583 -0.000625488 -0.000473244 0.00279683 0.00107509 0.00148818 
0.448394 0.480017 0.366385 0.433828 0.412226 0.46482 0.0172658 0.0356396 0.0121667 0.023305 0.0149423 0.025945 0.0101139 0.0119367 0.00918845 
0.505539 0.496866 0.480017 0.488042 0.504187 0.509755 0.0589077 0.0504576 0.0356396 0.042928 0.0457696 0.0550661 0.0152552 0.0132692 0.0119367 
0.322066 0.366385 0.480017 0.433828 0.420079 0.344775 0.0150869 0.0121667 0.0356396 0.023305 0.0259594 0.0138657 0.0101668 0.00918845 0.0119367 
-0.103567 0.00755888 -0.133446 -0.0899007 -0.147986 -0.0336014 0.0779318 0.0986807 0.0713114 0.104539 0.100473 0.0861176 -0.156359 -0.137842 -0.131885 
0.312775 0.243696 0.0157541 0.144212 0.169696 0.281871 -0.106566 -0.0222405 -0.0305422 -0.0243843 -0.0612365 -0.0625665 -0.163434 -0.168225 -0.166607 
9.2925e-35 2.03657e-34 0.21516 0.11527 0.115064 -9.33415e-35 -1.50817e-35 -7.68356e-36 -0.000242486 -4.6731e-05 -5.65807e-05 -2.2508e-35 0.00304148 0.00152531 0.00300385 
0.500125 0.464606 0.455984 0.460196 0.488041 0.490577 0.000619051 0.000103783 -0.003218 -0.00217059 -0.00175216 0.000578993 0.0108983 0.00943932 0.00854652 
0.285928 0.517705 0.724217 0.636387 0.520948 0.398556 -0.0678984 -0.121832 -0.222839 -0.170734 -0.14316 -0.0935377 -0.0590757 -0.0646899 -0.0701016 
5.72308e-34 8.31719e-34 0.841787 0.51025 0.506131 -6.16977e-34 -3.39864e-34 -2.89535e-34 -0.00584922 -0.0021753 -0.00282342 -6.21244e-34 -0.0685785 -0.0583168 -0.0664152 
0.802145 0.724217 0.517705 0.636387 0.675408 0.763125 -0.206141 -0.222839 -0.121832 -0.170734 -0.167548 -0.219543 -0.0794996 -0.0701016 -0.0646899 
0.386286 0.652382 0.431981 0.573236 0.411474 0.541885 -0.0706179 -0.0925331 -0.131634 -0.121559 -0.100133 -0.0876154 0.0468136 0.014606 0.0389341 
-0.103567 -0.274516 -0.121091 -0.236692 -0.106368 -0.211866 0.0779318 0.0377855 0.0412271 0.0613868 0.0641018 0.0782427 -0.156359 -0.152062 -0.167711 
0.143559 -0.0005589 0.0751624 0.0369078 0.106415 0.0475207 -0.0546725 -0.0170347 -0.022374 -0.0206808 -0.0467212 -0.0405942 -0.0693065 -0.065619 -0.0607416 
0.160052 9.58352e-06 -0.0121013 -0.0108588 0.0642648 0.073681 0.0640451 0.0149769 0.0160962 0.0171505 0.036597 0.0396406 -0.0171437 -0.0191164 -0.0425919 
0.317424 0.13944 0.166921 0.155844 0.248108 0.236572 0.0180485 0.00399104 0.0129292 0.00717796 0.0177738 0.0111937 0.0204857 0.0203213 0.019243 
0.0626735 -0.0121013 -0.0548839 -0.0444352 -0.0101933 0.0125681 0.00882794 0.0160962 -0.00361256 0.00527325 -0.0033627 0.0133718 -0.0651589 -0.0425919 -0.0597974 
0.232418 0.166921 0.089606 0.12931 0.162963 0.203726 0.0431009 0.0129292 0.011854 0.0131328 0.0282521 0.0269737 0.0143402 0.019243 0.0131771 
0.312692 0.209964 0.153036 0.182518 0.239592 0.265193 0.00173072 -0.000579758 0.000426986 4.96614e-05 0.0012052 0.000221297 0.0166012 0.0140021 0.0167521 
0.708497 0.996794 0.759258 0.924952 0.73572 0.912808 -0.0128414 -0.0250239 -0.0251356 -0.0300315 -0.0178455 -0.0209049 -0.0805059 -0.0902597 -0.087365 
0.351643 0.493603 0.592116 0.546476 0.477605 0.416092 -0.074376 -0.153816 -0.118443 -0.14008 -0.0927514 -0.11364 -0.0756601 -0.0702998 -0.0618856 
0.366534 0.392663 0.498116 0.455443 0.437577 0.376537 0.097026 0.0992472 0.105013 0.10881 0.105348 0.100312 0.00177529 -0.0196615 0.00432006 
0.723561 0.592116 0.493603 0.546476 0.638779 0.666682 -0.21698 -0.118443 -0.153816 -0.14008 -0.188503 -0.165901 -0.0483369 -0.0618856 -0.0702998 
0.437875 0.447489 0.491481 0.474457 0.470533 0.443265 0.017987 0.0365804 0.0224447 0.0291178 0.0203651 0.026617 0.0176892 0.0185348 0.0152444 
0.552851 0.498116 0.392663 0.455443 0.491244 0.525486 0.0955903 0.105013 0.0992472 0.10881 0.103238 0.103348 -0.000563819 0.00432006 -0.0196615 
0.500974 0.491481 0.447489 0.474457 0.484273 0.497045 0.0334504 0.0224447 0.0365804 0.0291178 0.0357614 0.0278807 0.0147013 0.0152444 0.0185348 
0.351643 0.592116 0.384475 0.483807 0.363415 0.477605 -0.074376 -0.118443 -0.00160382 -0.0525459 -0.0421707 -0.0927514 -0.0756601 -0.0618856 -0.0665524 
0.366534 0.498116 0.424288 0.457697 0.399562 0.437577 0.097026 0.105013 0.0845049 0.0986175 0.0928801 0.105348 0.00177529 0.00432006 0.0141994 
0.437875 0.491481 0.462484 0.479864 0.451582 0.470533 0.017987 0.0224447 0.00660488 0.0133112 0.0116101 0.0203651 0.0176892 0.0152444 0.0149554 
0.643123 0.384475 0.592116 0.483807 0.619678 0.525058 -0.0710186 -0.00160382 -0.118443 -0.0525459 -0.0946653 -0.0302279 -0.0410759 -0.0665524 -0.0618856 
0.523711 0.424288 0.498116 0.457697 0.514555 0.481504 0.0880785 0.0845049 0.105013 0.0986175 0.0976593 0.0896539 0.0116677 0.0141994 0.00432006 
0.500281 0.462484 0.491481 0.479864 0.49805 0.490259 0.0134811 0.00660488 0.0224447 0.0133112 0.017792 0.0100954 0.0128963 0.0149554 0.0152444 
-0.0311829 -0.0622606 -0.0226931 -0.043009 -0.0303082 -0.046831 0.026419 0.0546777 0.0463487 0.0517675 0.0366413 0.0399709 -0.124585 -0.125469 -0.122731 
2.03459e-34 0.215153 0.273438 0.245117 0.149997 0.114927 6.85872e-36 -0.000228825 -0.000231279 -0.000238456 -8.2135e-05 -5.06857e-05 0.00142838 0.00276181 0.00167818 
5.23943e-34 7.36076e-34 0.832266 0.519331 0.510946 -5.0858e-34 4.19087e-34 4.96378e-34 -0.0165492 -0.00884177 -0.00581379 9.4431e-34 -0.0893452 -0.108903 -0.0973615 
0.595211 0.64416 0.589362 0.616459 0.620539 0.641679 0.0392445 0.00508044 0.056483 0.0399929 0.0571065 0.0273449 -0.0229821 0.00602466 0.0133497 
0.769601 0.905989 0.51943 0.768246 0.6521 0.862496 -0.122064 -0.196555 -0.0958988 -0.15866 -0.112648 -0.16443 -0.0796726 -0.0986524 -0.0669839 
0.802145 0.51943 0.905989 0.768246 0.862335 0.684555 -0.206141 -0.0958988 -0.196555 -0.15866 -0.204856 -0.154518 -0.0794996 -0.0669839 -0.0986524 
0.989878 0.841787 0.84349 0.842801 0.977952 0.977582 -0.00544432 -0.00584922 -0.00297218 -0.00414882 -0.00509664 -0.00723904 -0.0631972 -0.0664152 -0.0536001 
0.195452 0.395028 0.647918 0.51941 0.428807 0.294065 -0.163984 -0.227927 -0.276819 -0.256237 -0.232858 -0.209322 -0.0944674 -0.0381804 -0.0990975 
0.437875 0.35958 0.317424 0.340257 0.385643 0.402866 0.017987 0.0090963 0.0180485 0.0132651 0.018687 0.0134462 0.0176892 0.018316 0.0204857 
0.366534 0.250764 0.160052 0.205517 0.267472 0.307776 0.097026 0.0712926 0.0640451 0.0709683 0.0864532 0.0862285 0.00177529 0.00455807 -0.0171437 
0.351643 0.15043 0.143559 0.147143 0.246159 0.246706 -0.074376 -0.0315158 -0.0546725 -0.0495182 -0.0735752 -0.0533398 -0.0756601 -0.0743824 -0.0693065 
0.63931 0.431981 0.652382 0.573236 0.648588 0.546794 -0.168424 -0.131634 -0.0925331 -0.121559 -0.128468 -0.154442 0.0095797 0.0389341 0.014606 
0.298342 0.189907 0.138636 0.164563 0.224018 0.246805 -0.00195438 -0.000669974 -0.000541431 -0.000620338 -0.00127363 -0.00124233 0.00784694 0.00803243 0.00770004 
0.450281 0.318177 0.36281 0.341311 0.412036 0.394638 -0.00355444 -0.0018811 -0.00272849 -0.00237715 -0.00324691 -0.00286541 0.00852525 0.0076492 0.00938649 
0.499563 0.442146 0.487191 0.468735 0.495502 0.482855 -0.00233634 -0.00167568 -0.0012815 -0.00148965 -0.00175604 -0.00205864 0.00481098 0.00450197 0.00322484 
0.499563 0.487191 0.488586 0.499997 0.498181 0.495502 -0.00233634 -0.0012815 -0.00148196 -0.00141506 -0.00189247 -0.00175604 0.00481098 0.00322484 0.00353204 
0.285928 0.0751624 0.0834283 0.0831978 0.171564 0.162691 -0.0678984 -0.022374 -0.00896442 -0.0138272 -0.0288035 -0.0353478 -0.0590757 -0.0607416 -0.0610989 
0.32592 0.140296 0.189907 0.165143 0.261202 0.240385 0.00297721 0.000355464 -0.000669974 -6.22642e-05 0.000459228 0.00155955 0.00843353 0.00823545 0.00803243 
0.88879 0.987052 0.830627 0.960681 0.862601 0.970138 -0.0573946 -0.053088 -0.0298035 -0.0522232 -0.0445831 -0.062243 -0.113906 -0.100256 -0.115947 
8.31719e-34 6.58425e-34 0.84349 0.51229 0.510372 -6.1467e-34 -2.89535e-34 -2.3458e-34 -0.00297218 -0.00109673 -0.00154645 -5.1878e-34 -0.0583168 -0.0475607 -0.0536001 
-3.30304e-34 -0.209268 -0.0831785 -0.166122 -0.300034 -0.264924 5.6317e-34 -0.0505419 -0.0615778 -0.0575556 -0.00171443 0.00360379 -0.11775 -0.0896501 -0.139222 
0.358721 0.194947 0.318177 0.260481 0.339069 0.28471 -0.00158455 -0.00064665 -0.0018811 -0.00115705 -0.00177745 -0.00113736 0.00560359 0.00653926 0.0076492 
0.602241 0.50022 0.886845 0.725206 0.772476 0.546987 -0.0727951 -0.0665851 -0.146213 -0.118647 -0.111889 -0.0688201 -0.127473 -0.138843 -0.124046 
0.448394 0.366385 0.32592 0.345169 0.394277 0.412226 0.0172658 0.0121667 0.00297721 0.00699744 0.00871224 0.0149423 0.0101139 0.00918845 0.00843353 
0.924466 0.602241 0.886845 0.772476 0.904842 0.809205 -0.117403 -0.0727951 -0.146213 -0.111889 -0.130924 -0.102571 -0.113934 -0.127473 -0.124046 
0.723561 0.718816 0.710182 0.766979 0.749488 0.72186 -0.21698 -0.241493 -0.288934 -0.274598 -0.256239 -0.23387 -0.0483369 -0.0631521 -0.0421711 
0.788376 0.710182 0.718816 0.766979 0.765467 0.757767 -0.299542 -0.288934 -0.241493 -0.274598 -0.272934 -0.29963 -0.0697749 -0.0421711 -0.0631521 
-0.0207926 -0.0622606 -0.133446 -0.0950905 -0.0823278 -0.0588432 0.0864058 0.0546777 0.0713114 0.0630465 0.0924664 0.0757974 -0.124916 -0.125469 -0.131885 
6.21811e-34 4.5434e-34 0.708497 0.40193 0.393336 -3.22539e-34 -4.2124e-34 -3.84431e-34 -0.0128414 -0.00367883 -0.00494215 -7.87445e-34 -0.0832866 -0.0774671 -0.0805059 
0.400514 0.1894 0.224001 0.207444 0.318365 0.309659 0.0358819 0.00753202 0.00991922 0.00948101 0.0219136 0.0210138 0.0168929 0.0173117 0.0128213 
0.525789 0.457431 0.400514 0.430686 0.470905 0.497506 0.0568386 0.0374539 0.0358819 0.0387182 0.0470653 0.0477836 0.0157342 0.0221492 0.0168929 
0.500281 0.496655 0.460946 0.482823 0.491013 0.499569 0.0134811 0.0218357 0.00698041 0.0133335 0.0102072 0.0175696 0.0128963 0.0125479 0.00980227 
0.448394 0.460946 0.496655 0.482823 0.47941 0.454381 0.0172658 0.00698041 0.0218357 0.0133335 0.019648 0.011826 0.0101139 0.00980227 0.0125479 
0.386286 0.18817 0.300875 0.25261 0.348354 0.287718 -0.0706179 -0.0181905 -0.0060893 -0.015192 -0.0361963 -0.0494677 0.0468136 0.051918 0.0429114 
0.35343 0.285566 0.184796 0.23766 0.276987 0.321106 -0.00168911 -0.00157246 -0.000631859 -0.00103959 -0.00118684 -0.00171677 0.00567731 0.00670172 0.00601104 
0.964129 0.672879 0.9781 0.888435 0.974234 0.910053 -0.0859246 -0.045966 -0.0696212 -0.0649257 -0.0781919 -0.0744481 -0.105242 -0.0856616 -0.102119 
0.498509 0.49034 0.431447 0.467527 0.477296 0.495338 -0.00370886 -0.004259 -0.0031863 -0.00375908 -0.00361198 -0.0040183 0.00680878 0.00776781 0.00676805 
0.404782 0.273438 0.215153 0.245117 0.322617 0.346053 -0.000745949 -0.000231279 -0.000228825 -0.000238456 -0.000495871 -0.000454301 0.00265374 0.00167818 0.00276181 
0.489759 0.40802 0.46689 0.441116 0.47995 0.459093 -0.000359723 -0.000236894 -0.000545973 -0.000362854 -0.000434216 -0.000325105 -1.98659e-06 -5.87188e-06 0.00132434 
0.40832 0.489847 0.462912 0.478493 0.438676 0.459288 -0.000240165 -0.000357253 -0.000555736 -0.000437412 -0.000367708 -0.000325998 5.47103e-06 1.33837e-06 0.00148818 
0.523711 0.557336 0.508807 0.537316 0.529917 0.540727 0.0880785 0.0887253 0.0609487 0.0750636 0.0752185 0.0892894 0.0116677 0.00881992 0.0145105 
0.525789 0.508807 0.557336 0.537316 0.55248 0.51676 0.0568386 0.0609487 0.0887253 0.0750636 0.0734546 0.0612622 0.0157342 0.0145105 0.00881992 
0.499563 0.488586 0.473777 0.481905 0.495074 0.498181 -0.00233634 -0.00148196 -0.00241626 -0.0019153 -0.00242627 -0.00189247 0.00481098 0.00353204 0.00528731 
2.03459e-34 9.21273e-35 0.215153 0.115134 0.114927 -9.20587e-35 6.85872e-36 1.39788e-35 -0.000228825 -5.45665e-05 -5.06857e-05 2.10737e-35 0.00142838 0.00286375 0.00276181 
6.21811e-34 0.708497 0.759258 0.73572 0.43583 0.393336 -4.2124e-34 -0.0128414 -0.0251356 -0.0178455 -0.00830062 -0.00494215 -0.0832866 -0.0805059 -0.087365 
-0.103567 -0.133446 -0.197987 -0.164304 -0.203876 -0.147986 0.0779318 0.0713114 0.0467496 0.0667259 0.0876565 0.100473 -0.156359 -0.131885 -0.143149 
-1.24644e-34 -0.197987 -0.133446 -0.164304 -0.0876226 -0.0926394 7.2682e-34 0.0467496 0.0713114 0.0667259 0.0237698 0.0143967 -0.139554 -0.143149 -0.131885 
0.390043 0.294497 0.21516 0.25654 0.312827 0.345989 -0.00069149 -0.000752281 -0.000242486 -0.000464108 -0.000478816 -0.000751114 0.00279683 0.00427852 0.00300385 
0.498509 0.431447 0.476673 0.457023 0.49077 0.477296 -0.00370886 -0.0031863 -0.00292873 -0.0031073 -0.00337407 -0.00361198 0.00680878 0.00676805 0.00586981 
0.996794 0.830627 0.992744 0.96543 0.996104 0.968848 -0.0250239 -0.0298035 -0.039911 -0.0448464 -0.0339208 -0.0359817 -0.0902597 -0.115947 -0.0976042 
0.390043 0.21516 0.272683 0.244744 0.33669 0.312827 -0.00069149 -0.000242486 -0.00023635 -0.000250322 -0.000434423 -0.000478816 0.00279683 0.00300385 0.0018059 
0.643123 0.71218 0.652382 0.691184 0.687591 0.688381 -0.0710186 -0.159561 -0.0925331 -0.122274 -0.0789892 -0.112814 -0.0410759 -0.0227532 0.014606 
0.63931 0.652382 0.71218 0.691184 0.694666 0.648588 -0.168424 -0.0925331 -0.159561 -0.122274 -0.165215 -0.128468 0.0095797 0.014606 -0.0227532 
0.404782 0.215153 0.294766 0.256494 0.354989 0.322617 -0.000745949 -0.000228825 -0.000730812 -0.000447799 -0.00077119 -0.000495871 0.00265374 0.00276181 0.00414282 
0.488586 0.42846 0.473777 0.453855 0.481905 0.464981 -0.00148196 -0.00145907 -0.00241626 -0.00191384 -0.0019153 -0.00149814 0.00353204 0.00421771 0.00528731 
2.6514e-34 0.206831 0.318177 0.265984 0.179717 0.110657 3.81987e-35 -0.00104082 -0.0018811 -0.00144198 -0.000726915 -0.000418777 0.00803292 0.00947859 0.0076492 
2.03459e-34 0.273438 0.180794 0.229068 0.0954262 0.149997 6.85872e-36 -0.000231279 -7.91688e-05 -0.000141102 -4.67162e-05 -8.2135e-05 0.00142838 0.00167818 0.000880136 
2.6514e-34 0.318177 0.194947 0.260481 0.10405 0.179717 3.81987e-35 -0.0018811 -0.00064665 -0.00115705 -0.000365264 -0.000726915 0.00803292 0.0076492 0.00653926 
-6.19417e-35 -0.133446 -0.0272969 -0.0731597 -0.0116735 -0.0493214 6.70621e-34 0.0713114 0.0197083 0.0410144 0.00870853 0.0196238 -0.130171 -0.131885 -0.127116 
2.76443e-34 0.294497 0.203091 0.250853 0.108134 0.163176 -2.23088e-35 -0.000752281 -0.000533195 -0.000694712 -0.000145619 -0.000291764 0.00441363 0.00427852 0.00526438 
0.964129 0.948611 0.672879 0.857082 0.910053 0.963531 -0.0859246 -0.0960366 -0.045966 -0.0766106 -0.0744481 -0.0909838 -0.105242 -0.0983408 -0.0856616 
0.404782 0.294766 0.42846 0.37021 0.41699 0.354989 -0.000745949 -0.000730812 -0.00145907 -0.00109786 -0.00106058 -0.00077119 0.00265374 0.00414282 0.00421771 
5.23943e-34 0.832266 0.704885 0.77322 0.409498 0.510946 4.19087e-34 -0.0165492 -0.00779921 -0.0107827 -0.00286442 -0.00581379 -0.0893452 -0.0973615 -0.0862982 
0.75 1 0.937175 0.984228 0.859191 0.9375 -3.96911e-37 -6.06013e-37 -0.000929678 -0.000803788 -0.000604935 -1.17565e-36 -0.0245847 -0.0254251 -0.0350097 
3.58674e-34 0.313812 0.51943 0.423722 0.207931 0.118438 -3.82663e-34 -0.0390814 -0.0958988 -0.0621362 -0.0229702 -0.0101097 -0.0679656 -0.070975 -0.0669839 
0.832266 0.830627 0.996794 0.968848 0.967991 0.831953 -0.0165492 -0.0298035 -0.0250239 -0.0359817 -0.025399 -0.0218565 -0.0973615 -0.115947 -0.0902597 
0.358721 0.42846 0.294766 0.37021 0.328124 0.396512 -0.00158455 -0.00145907 -0.000730812 -0.00109786 -0.00111657 -0.00155393 0.00560359 0.00421771 0.00414282 
0.195452 -0.0831785 -0.209268 -0.166122 -0.0369616 0.0255339 -0.163984 -0.0615778 -0.0505419 -0.0575556 -0.0943567 -0.0966829 -0.0944674 -0.139222 -0.0896501 
2.03657e-34 0.169745 0.272683 0.223639 0.149675 0.0892749 -7.68356e-36 -7.27018e-05 -0.00023635 -0.000138457 -8.16553e-05 -4.2577e-05 0.00152531 0.000990063 0.0018059 
6.58425e-34 0.705907 0.84349 0.780192 0.51229 0.404613 -2.3458e-34 -0.00112135 -0.00297218 -0.00183864 -0.00109673 -0.00046375 -0.0475607 -0.041416 -0.0536001 
3.39144e-34 3.7504e-34 0.672879 0.361633 0.332665 -3.91796e-34 -4.21813e-34 -4.47317e-34 -0.045966 -0.0119674 -0.0146659 -8.28349e-34 -0.0825933 -0.0881483 -0.0856616 
0.195452 0.318385 -0.0831785 0.0962529 0.0255339 0.249759 -0.163984 -0.170474 -0.0615778 -0.0952378 -0.0966829 -0.164392 -0.0944674 -0.138803 -0.139222 
0.992744 0.830627 0.987052 0.960681 0.989746 0.96543 -0.039911 -0.0298035 -0.053088 -0.0522232 -0.0472232 -0.0448464 -0.0976042 -0.115947 -0.100256 
-3.30304e-34 -0.0831785 -0.296712 -0.214974 -0.269331 -0.300034 5.6317e-34 -0.0615778 0.0161261 -0.0123944 0.0201134 -0.00171443 -0.11775 -0.139222 -0.152873 
0.846139 0.759258 0.987052 0.919347 0.941577 0.808113 -0.0466292 -0.0251356 -0.053088 -0.0415118 -0.0519621 -0.0359878 -0.0920851 -0.087365 -0.100256 
0.450281 0.496745 0.46815 0.486144 0.459679 0.480481 -0.00355444 -0.00420421 -0.00332294 -0.00391176 -0.00350764 -0.00403291 0.00852525 0.00813399 0.00687061 
0.498509 0.46815 0.496745 0.486144 0.49998 0.495207 -0.00370886 -0.00332294 -0.00420421 -0.00391176 -0.00397259 -0.00364842 0.00680878 0.00687061 0.00813399 
0.769601 0.51943 0.313812 0.423722 0.557031 0.6521 -0.122064 -0.0958988 -0.0390814 -0.0621362 -0.0794248 -0.112648 -0.0796726 -0.0669839 -0.070975 
0.802145 0.517705 0.51943 0.52331 0.684555 0.675408 -0.206141 -0.121832 -0.0958988 -0.109546 -0.154518 -0.167548 -0.0794996 -0.0646899 -0.0669839 
0.846139 0.9781 0.672879 0.888435 0.763787 0.940131 -0.0466292 -0.0696212 -0.045966 -0.0649257 -0.0481934 -0.0599031 -0.0920851 -0.102119 -0.0856616 
4.55046e-34 4.87571e-34 0.775615 0.459241 0.457484 -4.06073e-34 2.35115e-34 2.92945e-34 -0.00251794 -0.000999059 -0.000784998 5.30422e-34 -0.049546 -0.0618144 -0.0550875 
3.58674e-34 0.51943 0.186398 0.337553 0.0876206 0.207931 -3.82663e-34 -0.0958988 -0.0271698 -0.0541203 -0.00596073 -0.0229702 -0.0679656 -0.0669839 -0.0626259 
0.998719 0.937175 0.98669 0.995409 0.994245 0.988558 -0.00201779 -0.000929678 -0.000703845 -0.000975716 -0.001481 -0.00170873 -0.04502 -0.0350097 -0.0331067 
0.35343 0.184796 0.203091 0.193995 0.284872 0.276987 -0.00168911 -0.000631859 -0.000533195 -0.000581291 -0.00113582 -0.00118684 0.00567731 0.00601104 0.00526438 
0.998719 0.98669 0.750132 0.905391 0.92814 0.994245 -0.00201779 -0.000703845 -0.000813501 -0.000910726 -0.00153912 -0.001481 -0.04502 -0.0331067 -0.0367551 
0.499563 0.476673 0.442146 0.461376 0.482855 0.492448 -0.00233634 -0.00292873 -0.00167568 -0.00225783 -0.00205864 -0.00266413 0.00481098 0.00586981 0.00450197 
0.603725 0.244806 0.431981 0.349401 0.520572 0.437942 -0.228228 -0.150294 -0.131634 -0.148617 -0.181095 -0.19574 0.000910424 0.0180917 0.0389341 
0.742763 0.243696 0.610024 0.416111 0.675855 0.469645 -0.175884 -0.0222405 -0.17956 -0.103847 -0.177393 -0.10481 -0.144782 -0.168225 -0.151584 
0.35343 0.442146 0.476673 0.461376 0.428252 0.402864 -0.00168911 -0.00167568 -0.00292873 -0.00225783 -0.00236899 -0.0017417 0.00567731 0.00450197 0.00586981 
0.431981 0.244806 0.1646 0.201029 0.296909 0.349401 -0.131634 -0.150294 -0.0711747 -0.114896 -0.109093 -0.148617 0.0389341 0.0180917 0.0473487 
0.312775 0.610024 0.243696 0.416111 0.281871 0.458026 -0.106566 -0.17956 -0.0222405 -0.103847 -0.0625665 -0.143651 -0.163434 -0.151584 -0.168225 
2.23393e-34 0.285566 0.191497 0.240519 0.101119 0.156808 -3.40909e-35 -0.00157246 -0.00094199 -0.00129513 -0.000387175 -0.000637306 0.00670662 0.00670172 0.00729038 
5.10291e-34 -0.0226931 0.00403174 -0.0148642 -0.00623361 -0.00784303 4.69547e-35 0.0463487 0.0569497 0.0580131 0.0450793 0.037448 -0.123317 -0.122731 -0.122142 
0.35343 0.431447 0.285566 0.368504 0.321106 0.396127 -0.00168911 -0.0031863 -0.00157246 -0.00247288 -0.00171677 -0.00241557 0.00567731 0.00676805 0.00670172 
7.36076e-34 0.830627 0.832266 0.831953 0.519331 0.527777 4.96378e-34 -0.0298035 -0.0165492 -0.0218565 -0.00884177 -0.0166372 -0.108903 -0.115947 -0.0973615 
1.0552e-34 0.18817 0.1646 0.185473 0.0929635 0.0949082 -2.88103e-34 -0.0181905 -0.0711747 -0.0421213 -0.0247825 -0.00791037 0.0537503 0.051918 0.0473487 
3.7504e-34 0.409559 0.672879 0.554751 0.361633 0.204703 -4.47317e-34 -0.0155616 -0.045966 -0.0261425 -0.0119674 -0.00444573 -0.0881483 -0.0870566 -0.0856616 
0.846139 0.672879 0.409559 0.554751 0.659284 0.763787 -0.0466292 -0.045966 -0.0155616 -0.0261425 -0.0302296 -0.0481934 -0.0920851 -0.0856616 -0.0870566 
0.998719 0.84349 0.705907 0.780192 0.93567 0.967343 -0.00201779 -0.00297218 -0.00112135 -0.00183864 -0.00196522 -0.00306698 -0.04502 -0.0536001 -0.041416 
-2.09229e-34 -1.11983e-34 -0.0262182 -0.151494 -0.210128 9.03005e-35 2.91274e-34 -2.87157e-35 -0.0979298 -0.0288925 -0.0294602 3.70808e-34 -0.0657867 -0.00137393 -0.0294971 
0.35343 0.203091 0.294497 0.250853 0.325327 0.284872 -0.00168911 -0.000533195 -0.000752281 -0.000694712 -0.0011715 -0.00113582 0.00567731 0.00526438 0.00427852 
0.358721 0.200394 0.194947 0.197667 0.28471 0.286882 -0.00158455 -0.000472119 -0.00064665 -0.000547771 -0.00113736 -0.00105736 0.00560359 0.00537833 0.00653926 
0.489759 0.46689 0.500007 0.491805 0.497484 0.47995 -0.000359723 -0.000545973 -0.00054047 -0.000555372 -0.000437764 -0.000434216 -1.98659e-06 0.00132434 0.000953048 
2.23393e-34 0.184796 0.285566 0.23766 0.156808 0.0971041 -3.40909e-35 -0.000631859 -0.00157246 -0.00103959 -0.000637306 -0.000346357 0.00670662 0.00601104 0.00670172 
0.489847 0.500007 0.462912 0.490651 0.478493 0.497429 -0.000357253 -0.00054047 -0.000555736 -0.00056104 -0.000437412 -0.000435722 1.33837e-06 0.000953048 0.00148818 
2.69206e-34 0.200394 0.294766 0.24985 0.163698 0.106579 2.1299e-35 -0.000472119 -0.000730812 -0.000656199 -0.000276884 -0.000120374 0.00443925 0.00537833 0.00414282 
-3.30304e-34 -2.09229e-34 -0.209268 -0.238466 -0.264924 1.15988e-34 5.6317e-34 2.91274e-34 -0.0505419 -0.0141468 0.00360379 9.31086e-34 -0.11775 -0.0657867 -0.0896501 
-4.78078e-36 -0.0272969 -0.00306648 -0.0134669 0.00153111 -0.00227669 6.27541e-34 0.0197083 0.000946192 0.00937062 -0.000890476 0.00290041 -0.126329 -0.127116 -0.125085 
-0.0207926 0.00755888 0.201916 0.104388 0.0654748 -0.00811306 0.0864058 0.0986807 0.0051916 0.0601097 0.0594588 0.0992299 -0.124916 -0.137842 -0.124383 
2.04766e-35 1.0552e-34 0.1646 0.0929635 0.0368578 -6.60493e-35 -2.32603e-34 -2.88103e-34 -0.0711747 -0.0247825 -0.0270154 -4.50917e-34 0.040511 0.0537503 0.0473487 
-0.103567 -0.197987 -0.274516 -0.236073 -0.211866 -0.203876 0.0779318 0.0467496 0.0377855 0.0441449 0.0782427 0.0876565 -0.156359 -0.143149 -0.152062 
0.846139 0.409559 0.759258 0.59641 0.808113 0.659284 -0.0466292 -0.0155616 -0.0251356 -0.0198914 -0.0359878 -0.0302296 -0.0920851 -0.0870566 -0.087365 
0.73371 0.672879 0.948611 0.857082 0.870563 0.707733 -0.0741089 -0.045966 -0.0960366 -0.0766106 -0.0903835 -0.0599851 -0.0844673 -0.0856616 -0.0983408 
7.56731e-34 0.830627 7.36076e-34 0.527777 -4.87005e-34 0.549411 3.06088e-34 -0.0298035 4.96378e-34 -0.0166372 1.17259e-33 -0.0373381 -0.136674 -0.115947 -0.108903 
0.386286 0.1646 0.18817 0.185473 0.287718 0.286939 -0.0706179 -0.0711747 -0.0181905 -0.0421213 -0.0494677 -0.0826972 0.0468136 0.0473487 0.051918 
0.500007 0.500007 0.46689 0.491805 0.491774 0.500007 -0.000865396 -0.00054047 -0.000545973 -0.000555372 -0.000712391 -0.00068287 0.00211243 0.000953048 0.00132434 
0.500007 0.462912 0.500007 0.490651 0.500007 0.490682 -0.000865396 -0.000555736 -0.00054047 -0.00056104 -0.00068287 -0.000724832 0.00211243 0.00148818 0.000953048 
6.64531e-34 5.23943e-34 0.704885 0.409498 0.405347 -2.41324e-34 3.51968e-34 4.19087e-34 -0.00779921 -0.00286442 -0.00222679 7.82361e-34 -0.0748592 -0.0893452 -0.0862982 
-2.62775e-34 -0.296712 -0.274516 -0.290419 -0.20319 -0.265623 7.81067e-34 0.0161261 0.0377855 0.0302607 0.0146986 0.0195657 -0.153475 -0.152873 -0.152062 
0.999382 0.996794 0.708497 0.912808 0.920234 0.998571 -0.0133841 -0.0250239 -0.0128414 -0.0209049 -0.0159797 -0.0192648 -0.0796313 -0.0902597 -0.0805059 
6.64531e-34 0.704885 0.836248 0.77549 0.510548 0.405347 3.51968e-34 -0.00779921 -0.0071816 -0.00776132 -0.00258161 -0.00222679 -0.0748592 -0.0862982 -0.0752607 
0.924466 0.886845 0.898133 0.944498 0.950529 0.904842 -0.117403 -0.146213 -0.115124 -0.145863 -0.12509 -0.130924 -0.113934 -0.124046 -0.0917787 
0.358721 0.294766 0.200394 0.24985 0.286882 0.328124 -0.00158455 -0.000730812 -0.000472119 -0.000656199 -0.00105736 -0.00111657 0.00560359 0.00414282 0.00537833 
0.233693 0.201916 0.755025 0.448186 0.513632 0.210695 -0.0148657 0.0051916 -0.0789462 -0.0419733 -0.050138 -0.00320251 -0.118057 -0.124383 -0.119077 
0.992744 0.987052 0.759258 0.919347 0.921862 0.989746 -0.039911 -0.053088 -0.0251356 -0.0415118 -0.0352829 -0.0472232 -0.0976042 -0.100256 -0.087365 
5.10291e-34 5.01326e-34 -0.0226931 -0.00848444 -0.00784303 1.02811e-33 4.69547e-35 1.72021e-35 0.0463487 0.0265385 0.037448 -2.31879e-35 -0.123317 -0.121907 -0.122731 
0.999382 0.708497 0.645197 0.67798 0.903837 0.920234 -0.0133841 -0.0128414 -0.00652816 -0.00886877 -0.0123411 -0.0159797 -0.0796313 -0.0805059 -0.0736308 
0.999382 0.832266 0.996794 0.967991 0.998571 0.963128 -0.0133841 -0.0165492 -0.0250239 -0.025399 -0.0192648 -0.0183835 -0.0796313 -0.0973615 -0.0902597 
0.244698 0.180794 0.380007 0.292328 0.318628 0.213637 -8.59713e-05 -7.91688e-05 -0.000318429 -0.000189441 -0.000183205 -7.86941e-05 -2.48563e-06 0.000880136 0.000987555 
0.245113 0.380145 0.169745 0.288015 0.208646 0.318957 -8.67584e-05 -0.000319503 -7.27018e-05 -0.00018664 -7.63507e-05 -0.000183258 3.05596e-06 0.00107509 0.000990063 
0.390043 0.487191 0.442146 0.468735 0.418257 0.450554 -0.00069149 -0.0012815 -0.00167568 -0.00148965 -0.00111202 -0.000984163 0.00279683 0.00322484 0.00450197 
4.5434e-34 0.645197 0.708497 0.67798 0.40193 0.357622 -3.84431e-34 -0.00652816 -0.0128414 -0.00886877 -0.00367883 -0.00238876 -0.0774671 -0.0736308 -0.0805059 
0.521651 0.589362 0.64416 0.616459 0.595885 0.572223 -0.0144745 0.056483 0.00508044 0.0399929 -0.00845027 0.0195501 0.0328031 0.0133497 0.00602466 
0.420972 0.480017 0.496866 0.488042 0.46707 0.455195 0.0354519 0.0356396 0.0504576 0.042928 0.0432284 0.036691 0.0126609 0.0119367 0.0132692 
4.87571e-34 0.647126 0.775615 0.714889 0.459241 0.365756 2.92945e-34 -0.00295878 -0.00251794 -0.00280684 -0.000999059 -0.000854247 -0.0618144 -0.0664076 -0.0550875 
0.998719 0.750132 0.625227 0.690766 0.895262 0.92814 -0.00201779 -0.000813501 -0.00109526 -0.000969714 -0.00199516 -0.00153912 -0.04502 -0.0367551 -0.0457312 
-0.103567 0.243696 0.195838 0.228128 0.0573305 0.0743703 0.0779318 -0.0222405 0.0305209 0.00646864 0.0578128 0.0358743 -0.156359 -0.168225 -0.150012 
5.72308e-34 0.841787 0.645197 0.753211 0.361839 0.506131 -3.39864e-34 -0.00584922 -0.00652816 -0.00644339 -0.00208414 -0.00282342 -0.0685785 -0.0664152 -0.0736308 
0.389148 0.462484 0.4719 0.467809 0.437301 0.431742 -0.000998162 0.00660488 -0.000205313 0.00278496 -0.000646424 0.00195536 0.0136079 0.0149554 0.0123518 
2.21751e-34 2.17853e-34 0.448555 0.214136 0.185288 -1.73467e-34 -3.75852e-34 -4.06448e-34 -0.0473985 -0.0104623 -0.0104445 -7.43064e-34 -0.0729644 -0.080182 -0.0758437 
0.999382 0.704885 0.832266 0.77322 0.963128 0.933786 -0.0133841 -0.00779921 -0.0165492 -0.0107827 -0.0183835 -0.0136616 -0.0796313 -0.0862982 -0.0973615 
-4.78078e-36 -6.19417e-35 -0.0272969 -0.0116735 -0.00227669 9.60767e-36 6.27541e-34 6.70621e-34 0.0197083 0.00870853 0.00290041 1.26058e-33 -0.126329 -0.130171 -0.127116 
1.12937e-34 2.76443e-34 0.203091 0.108134 0.107744 -7.71986e-35 -2.8471e-35 -2.23088e-35 -0.000533195 -0.000145619 -0.00014438 -4.9967e-35 0.00571484 0.00441363 0.00526438 
0.75 0.750132 0.98669 0.905391 0.905367 0.749989 -4.55175e-37 -0.000813501 -0.000703845 -0.000910726 -0.000612553 -0.000427326 -0.0262155 -0.0367551 -0.0331067 
0.344653 0.674451 0.493603 0.584331 0.422043 0.52114 -0.109422 -0.226594 -0.153816 -0.191712 -0.141247 -0.168907 -0.0613259 -0.0688778 -0.0702998 
0.190295 0.384475 0.40025 0.388032 0.289582 0.27211 0.0510034 -0.00160382 0.0650402 0.0343673 0.0565267 0.026061 -0.0480646 -0.0665524 -0.0430326 
0.342719 0.424288 0.445338 0.435641 0.398964 0.383834 0.0428267 0.0845049 0.0575672 0.0700266 0.0516917 0.0628772 0.0195278 0.0141994 0.017741 
0.742763 0.905989 0.886845 0.922389 0.815621 0.889232 -0.175884 -0.196555 -0.146213 -0.181466 -0.164208 -0.209931 -0.144782 -0.0986524 -0.124046 
0.376333 0.455984 0.464606 0.460196 0.427142 0.421006 -0.000906939 -0.003218 0.000103783 -0.00217059 -0.000280072 -0.00198881 0.00838784 0.00854652 0.00943932 
0.285566 0.431447 0.337964 0.389605 0.312655 0.368504 -0.00157246 -0.0031863 -0.0025813 -0.0029497 -0.00206267 -0.00247288 0.00670172 0.00676805 0.00733942 
0.500007 0.488586 0.487191 0.499997 0.496779 0.497176 -0.000865396 -0.00148196 -0.0012815 -0.00141506 -0.00106421 -0.00114197 0.00211243 0.00353204 0.00322484 
0.742763 0.481293 0.243696 0.352744 0.469645 0.619947 -0.175884 -0.0829863 -0.0222405 -0.0511245 -0.10481 -0.129818 -0.144782 -0.149257 -0.168225 
0.500031 0.457504 0.496259 0.482326 0.499416 0.490332 -0.00383059 -0.00336349 -0.002477 -0.00300862 -0.00329155 -0.00370462 0.00902822 0.0104807 0.0105028 
2.6039e-34 -4.78078e-36 -0.00306648 0.00153111 0.00334822 2.41609e-37 3.07448e-34 6.27541e-34 0.000946192 -0.000890476 -0.00252367 1.23956e-33 -0.124764 -0.126329 -0.125085 
0.389148 0.4719 0.457504 0.46523 0.427512 0.437301 -0.000998162 -0.000205313 -0.00336349 -0.00239072 -0.00236051 -0.000646424 0.0136079 0.0123518 0.0104807 
0.233693 0.0338856 0.00403174 0.00844685 0.0496052 0.11958 -0.0148657 0.0373054 0.0569497 0.0489294 0.0339927 0.0134282 -0.118057 -0.123425 -0.122142 
2.6039e-34 -0.00306648 5.16364e-34 -0.00028818 1.03793e-33 0.00334822 3.07448e-34 0.000946192 3.0771e-37 -0.00148268 4.82712e-37 -0.00252367 -0.124764 -0.125085 -0.124206 
0.437324 0.337964 0.431447 0.389605 0.434432 0.393451 -0.00347688 -0.0025813 -0.0031863 -0.0029497 -0.00347204 -0.00311078 0.00761005 0.00733942 0.00676805 
0.73371 0.317455 0.672879 0.496656 0.707733 0.539281 -0.0741089 -0.0214546 -0.045966 -0.0312252 -0.0599851 -0.0439376 -0.0844673 -0.0809164 -0.0856616 
0.742763 0.886845 0.481293 0.710294 0.619947 0.815621 -0.175884 -0.146213 -0.0829863 -0.126797 -0.129818 -0.164208 -0.144782 -0.124046 -0.149257 
0.404782 0.42846 0.488586 0.464981 0.45684 0.41699 -0.000745949 -0.00145907 -0.00148196 -0.00149814 -0.00109408 -0.00106058 0.00265374 0.00421771 0.00353204 
6.58425e-34 4.01926e-34 0.705907 0.405256 0.404613 -2.80241e-34 -2.3458e-34 -1.77957e-34 -0.00112135 -0.000292329 -0.00046375 -4.10856e-34 -0.0475607 -0.0362384 -0.041416 
0.342719 0.445338 0.447489 0.446638 0.402759 0.398964 0.0428267 0.0575672 0.0365804 0.0460981 0.0407645 0.0516917 0.0195278 0.017741 0.0185348 
0.998719 0.997134 0.84349 0.97082 0.967343 0.997911 -0.00201779 -0.00365785 -0.00297218 -0.00381167 -0.00306698 -0.00300866 -0.04502 -0.0541878 -0.0536001 
0.190295 0.40025 0.392663 0.393821 0.290167 0.289582 0.0510034 0.0650402 0.0992472 0.0866859 0.0785888 0.0565267 -0.0480646 -0.0430326 -0.0196615 
0.999382 0.645197 0.841787 0.753211 0.956808 0.903837 -0.0133841 -0.00652816 -0.00584922 -0.00644339 -0.0104363 -0.0123411 -0.0796313 -0.0736308 -0.0664152 
0.500974 0.447489 0.490903 0.472159 0.497561 0.484273 0.0334504 0.0365804 0.045932 0.0413724 0.0393814 0.0357614 0.0147013 0.0185348 0.0162535 
3.58674e-34 2.21751e-34 0.313812 0.141503 0.118438 -8.6902e-35 -3.82663e-34 -3.75852e-34 -0.0390814 -0.00923338 -0.0101097 -6.85912e-34 -0.0679656 -0.0729644 -0.070975 
-0.0311829 -0.00306648 -0.0272969 -0.0134669 -0.0328196 -0.0152867 0.026419 0.000946192 0.0197083 0.00937062 0.0231193 0.010636 -0.124585 -0.125085 -0.127116 
0.233693 0.0485022 0.201916 0.114797 0.210695 0.109755 -0.0148657 0.0459291 0.0051916 0.032944 -0.00320251 0.0191466 -0.118057 -0.120976 -0.124383 
0.344653 0.724217 0.674451 0.700672 0.52114 0.54258 -0.109422 -0.222839 -0.226594 -0.228186 -0.168907 -0.164011 -0.0613259 -0.0701016 -0.0688778 
0.552851 0.392663 0.525107 0.459766 0.541484 0.491244 0.0955903 0.0992472 0.0853085 0.0967641 0.0928231 0.103238 -0.000563819 -0.0196615 -0.0193257 
0.723561 0.493603 0.718816 0.620349 0.72186 0.638779 -0.21698 -0.153816 -0.241493 -0.194348 -0.23387 -0.188503 -0.0483369 -0.0702998 -0.0631521 
0.989878 0.84349 0.997134 0.97082 0.994149 0.977952 -0.00544432 -0.00297218 -0.00365785 -0.00381167 -0.00446097 -0.00509664 -0.0631972 -0.0536001 -0.0541878 
0.998719 0.625227 0.775615 0.705178 0.935258 0.895262 -0.00201779 -0.00109526 -0.00251794 -0.00162922 -0.00272188 -0.00199516 -0.04502 -0.0457312 -0.0550875 
0.964129 0.755025 0.948611 0.931481 0.963531 0.892889 -0.0859246 -0.0789462 -0.0960366 -0.100736 -0.0909838 -0.0905609 -0.105242 -0.119077 -0.0983408 
-0.121091 -0.274516 -0.296712 -0.290419 -0.218102 -0.236692 0.0412271 0.0377855 0.0161261 0.0302607 0.0381072 0.0613868 -0.167711 -0.152062 -0.152873 
5.10291e-34 0.00403174 0.0338856 0.00844685 -0.012555 -0.00623361 4.69547e-35 0.0569497 0.0373054 0.0489294 0.0439301 0.0450793 -0.123317 -0.122142 -0.123425 
0.805098 0.814094 0.724217 0.787802 0.843712 0.827203 -0.28013 -0.294483 -0.222839 -0.268868 -0.2856 -0.298989 -0.118422 -0.0804995 -0.0701016 
3.39144e-34 0.672879 0.317455 0.496656 0.161477 0.332665 -4.21813e-34 -0.045966 -0.0214546 -0.0312252 -0.00787248 -0.0146659 -0.0825933 -0.0856616 -0.0809164 
0.802145 0.905989 0.868539 0.900409 0.881107 0.862335 -0.206141 -0.196555 -0.252803 -0.231336 -0.247004 -0.204856 -0.0794996 -0.0986524 -0.118399 
0.742763 0.868539 0.905989 0.900409 0.889232 0.819911 -0.175884 -0.252803 -0.196555 -0.231336 -0.209931 -0.223579 -0.144782 -0.118399 -0.0986524 
0.437324 0.431447 0.49034 0.467527 0.469456 0.434432 -0.00347688 -0.0031863 -0.004259 -0.00375908 -0.00389197 -0.00347204 0.00761005 0.00676805 0.00776781 
-2.09229e-34 -0.0262182 -0.209268 -0.140496 -0.238466 -0.210128 2.91274e-34 -0.0979298 -0.0505419 -0.0717467 -0.0141468 -0.0294602 -0.0657867 -0.0294971 -0.0896501 
-0.0207926 0.201916 0.0485022 0.114797 0.0109394 0.0654748 0.0864058 0.0051916 0.0459291 0.032944 0.068118 0.0594588 -0.124916 -0.124383 -0.120976 
0.376333 0.464606 0.460946 0.46234 0.423439 0.427142 -0.000906939 0.000103783 0.00698041 0.00310569 0.0021074 -0.000280072 0.00838784 0.00943932 0.00980227 
0.272683 0.169745 0.380145 0.288015 0.330679 0.223639 -0.00023635 -7.27018e-05 -0.000319503 -0.00018664 -0.000287273 -0.000138457 0.0018059 0.000990063 0.00107509 
0.273438 0.380007 0.180794 0.292328 0.229068 0.33092 -0.000231279 -0.000318429 -7.91688e-05 -0.000189441 -0.000141102 -0.000285971 0.00167818 0.000987555 0.000880136 
4.10697e-34 6.21811e-34 0.759258 0.43583 0.417502 -4.60348e-34 -4.3631e-34 -4.2124e-34 -0.0251356 -0.00830062 -0.0108315 -8.3033e-34 -0.0868052 -0.0832866 -0.087365 
0.75 0.437709 0.750132 0.609401 0.749989 0.609503 -4.55175e-37 -0.000187333 -0.000813501 -0.000342764 -0.000427326 -0.000150434 -0.0262155 -0.0320495 -0.0367551 
0.40802 0.380007 0.46689 0.430196 0.441116 0.394477 -0.000236894 -0.000318429 -0.000545973 -0.000428036 -0.000362854 -0.000266388 -5.87188e-06 0.000987555 0.00132434 
0.40832 0.462912 0.380145 0.427443 0.394705 0.438676 -0.000240165 -0.000555736 -0.000319503 -0.000432583 -0.000269037 -0.000367708 5.47103e-06 0.00148818 0.00107509 
0.924466 0.948611 0.755025 0.931481 0.858579 0.956237 -0.117403 -0.0960366 -0.0789462 -0.100736 -0.101232 -0.110418 -0.113934 -0.0983408 -0.119077 
0.420972 0.496866 0.508807 0.50233 0.472019 0.46707 0.0354519 0.0504576 0.0609487 0.0559062 0.0474348 0.0432284 0.0126609 0.0132692 0.0145105 
0.998719 0.705907 0.937175 0.842814 0.988558 0.93567 -0.00201779 -0.00112135 -0.000929678 -0.00125118 -0.00170873 -0.00196522 -0.04502 -0.041416 -0.0350097 
2.69206e-34 1.15834e-34 0.200394 0.106934 0.106579 -6.98946e-35 2.1299e-35 2.95394e-35 -0.000472119 -0.000119909 -0.000120374 5.15826e-35 0.00443925 0.0060755 0.00537833 
0.500281 0.460946 0.495275 0.482112 0.499129 0.491013 0.0134811 0.00698041 0.00552832 0.00604081 0.00922604 0.0102072 0.0128963 0.00980227 0.0110817 
0.989878 0.999418 0.841787 0.964703 0.977582 0.996316 -0.00544432 -0.00901268 -0.00584922 -0.00844219 -0.00723904 -0.00752926 -0.0631972 -0.0711081 -0.0664152 
0.521651 0.64416 0.652382 0.655328 0.592085 0.595885 -0.0144745 0.00508044 -0.0925331 -0.0400463 -0.0487795 -0.00845027 0.0328031 0.00602466 0.014606 
4.5434e-34 5.72308e-34 0.645197 0.361839 0.357622 -2.00019e-34 -3.84431e-34 -3.39864e-34 -0.00652816 -0.00208414 -0.00238876 -7.15543e-34 -0.0774671 -0.0685785 -0.0736308 
0.40802 0.244698 0.380007 0.318628 0.394477 0.336543 -0.000236894 -8.59713e-05 -0.000318429 -0.000183205 -0.000266388 -0.000173931 -5.87188e-06 -2.48563e-06 0.000987555 
0.245113 0.40832 0.380145 0.394705 0.318957 0.336941 -8.67584e-05 -0.000240165 -0.000319503 -0.000269037 -0.000183258 -0.000173309 3.05596e-06 5.47103e-06 0.00107509 
0.769601 0.313812 0.448555 0.381675 0.629504 0.557031 -0.122064 -0.0390814 -0.0473985 -0.0431096 -0.0830809 -0.0794248 -0.0796726 -0.070975 -0.0758437 
3.03501e-34 0.58635 4.01926e-34 0.324894 -9.77264e-35 0.325088 -6.0072e-35 -0.0003392 -1.77957e-34 -0.000149608 -2.97719e-34 -0.000105276 -0.0244784 -0.0322271 -0.0362384 
4.01926e-34 0.58635 0.705907 0.648746 0.405256 0.324894 -1.77957e-34 -0.0003392 -0.00112135 -0.00061386 -0.000292329 -0.000149608 -0.0362384 -0.0322271 -0.041416 
0.500007 0.46689 0.47811 0.472776 0.494571 0.491774 -0.000865396 -0.000545973 -0.000922777 -0.000705785 -0.000912355 -0.000712391 0.00211243 0.00132434 0.00244014 
0.404782 0.47811 0.46689 0.472776 0.439833 0.447897 -0.000745949 -0.000922777 -0.000545973 -0.000705785 -0.000644575 -0.000843705 0.00265374 0.00244014 0.00132434 
4.41984e-34 0.625227 0.750132 0.690766 0.437723 0.350127 1.79419e-34 -0.00109526 -0.000813501 -0.000969714 -0.000255222 -0.000249981 -0.0377663 -0.0457312 -0.0367551 
1 0.75 0.98669 0.905367 0.996682 0.9375 -6.06013e-37 -4.55175e-37 -0.000703845 -0.000612553 -0.000663588 -9.38343e-37 -0.0254251 -0.0262155 -0.0331067 
0.999382 0.841787 0.999418 0.964703 0.999792 0.956808 -0.0133841 -0.00584922 -0.00901268 -0.00844219 -0.0108711 -0.0104363 -0.0796313 -0.0664152 -0.0711081 
1.74812e-34 1.56283e-34 0.283237 0.155554 0.166679 -9.97519e-35 -1.31408e-34 -9.22544e-35 0.0157534 0.00481614 0.00488015 -2.35573e-34 0.0276036 0.0197135 0.0238043 
0.523711 0.508807 0.519338 0.519023 0.523846 0.529917 0.0880785 0.0609487 0.0688209 0.0668341 0.0783076 0.0752185 0.0116677 0.0145105 0.0138178 
1.08634e-34 1.05435e-34 0.19561 0.101128 0.103429 -6.78386e-35 -4.42789e-35 -4.11076e-35 0.00292027 0.000815874 0.00107574 -8.7937e-35 0.00926714 0.00848312 0.00883661 
0.989878 0.775615 0.647126 0.714889 0.879986 0.917389 -0.00544432 -0.00251794 -0.00295878 -0.00280684 -0.00519547 -0.00432703 -0.0631972 -0.0550875 -0.0664076 
1.10421e-34 1.08518e-34 0.200775 0.106813 0.109387 -6.93514e-35 8.89715e-35 9.98385e-35 0.00304639 0.00114655 0.000943473 1.86096e-34 0.0179858 0.0200089 0.0190603 
4.02279e-35 8.27921e-36 0.0873943 0.0106989 0.0316547 -3.608e-35 5.00458e-35 -2.88025e-35 0.0257033 0.00969912 0.00881354 -1.51582e-37 0.00843182 -0.00784063 0.00159994 
-4.58267e-35 -2.25968e-35 -0.024067 -0.031936 -0.04896 3.12334e-35 -3.2182e-34 -3.39307e-34 -0.0149967 -0.0086412 -0.00621724 -6.49228e-34 -0.0645676 -0.0675947 -0.068462 
-1.61481e-34 -2.62775e-34 -0.274516 -0.20319 -0.161841 1.3089e-34 7.55091e-34 7.81067e-34 0.0377855 0.0146986 0.0191003 1.48661e-33 -0.148491 -0.153475 -0.152062 
0.50022 0.602241 0.201916 0.390587 0.348756 0.546987 -0.0665851 -0.0727951 0.0051916 -0.0297395 -0.0236607 -0.0688201 -0.138843 -0.127473 -0.124383 
6.6255e-35 3.58674e-34 0.186398 0.0876206 0.0704517 -5.46456e-35 -3.14075e-34 -3.82663e-34 -0.0271698 -0.00596073 -0.00479388 -6.37858e-34 -0.063017 -0.0679656 -0.0626259 
9.54776e-35 2.23393e-34 0.191497 0.101119 0.100415 -6.50425e-35 -3.71827e-35 -3.40909e-35 -0.00094199 -0.000387175 -0.000342185 -6.98732e-35 0.007463 0.00670662 0.00729038 
0.358721 0.46815 0.473777 0.471021 0.427694 0.423144 -0.00158455 -0.00332294 -0.00241626 -0.0028549 -0.00206039 -0.0024464 0.00560359 0.00687061 0.00528731 
0.937175 0.705907 0.58635 0.648746 0.800252 0.842814 -0.000929678 -0.00112135 -0.0003392 -0.00061386 -0.000694023 -0.00125118 -0.0350097 -0.041416 -0.0322271 
0.643123 0.652382 0.64677 0.678426 0.644997 0.687591 -0.0710186 -0.0925331 -0.021287 -0.0493717 -0.0451459 -0.0789892 -0.0410759 0.014606 -0.0262798 
1 0.98669 0.937175 0.995409 0.984228 0.996682 -6.06013e-37 -0.000703845 -0.000929678 -0.000975716 -0.000803788 -0.000663588 -0.0254251 -0.0331067 -0.0350097 
-1.24644e-34 -1.61481e-34 -0.197987 -0.124563 -0.0926394 8.28587e-35 7.2682e-34 7.55091e-34 0.0467496 0.0186867 0.0143967 1.41298e-33 -0.139554 -0.148491 -0.143149 
4.10697e-34 0.759258 0.409559 0.59641 0.215464 0.417502 -4.3631e-34 -0.0251356 -0.0155616 -0.0198914 -0.00541358 -0.0108315 -0.0868052 -0.087365 -0.0870566 
3.03501e-34 0.75 0.58635 0.673353 0.325088 0.4375 -6.0072e-35 -3.96911e-37 -0.0003392 -0.000203841 -0.000105276 -1.08448e-37 -0.0244784 -0.0245847 -0.0322271 
1.16397e-34 1.16138e-34 0.209964 0.113908 0.113484 -7.62419e-35 6.18149e-35 7.55842e-35 -0.000579758 -0.000222391 -0.000265823 1.37786e-34 0.0126669 0.0154285 0.0140021 
2.6514e-34 1.12418e-34 0.206831 0.111385 0.110657 -7.52145e-35 3.81987e-35 4.96295e-35 -0.00104082 -0.000352672 -0.000418777 8.94893e-35 0.00803292 0.0102015 0.00947859 
9.34719e-35 7.56972e-35 0.166921 0.0782148 0.0890563 -5.99057e-35 1.02802e-34 8.94805e-35 0.0129292 0.00494529 0.00443885 1.815e-34 0.020146 0.0170439 0.019243 
-3.34324e-35 -5.0083e-35 -0.0121013 -0.0555872 -0.0452958 8.16824e-36 -1.36175e-34 -2.47471e-34 0.0160962 0.00451443 0.00381267 -4.00114e-34 -0.0290912 -0.0509969 -0.0425919 
1.85715e-35 4.18818e-35 0.0751624 0.0368371 0.0232203 -1.05682e-35 -3.24729e-34 -3.06655e-34 -0.022374 -0.00504683 -0.00412087 -6.1216e-34 -0.0647235 -0.0614429 -0.0607416 
1.70436e-34 1.90426e-34 0.300875 0.187073 0.180957 -1.17394e-34 -2.46868e-34 -1.85292e-34 -0.0060893 -0.00118537 -0.00414937 -4.23009e-34 0.0486818 0.0374322 0.0429114 
1.31986e-34 1.20445e-34 0.224001 0.117086 0.124631 -7.62863e-35 -6.79363e-35 -5.21183e-35 0.00991922 0.00293726 0.00341807 -1.28364e-34 0.0145518 0.0111723 0.0128213 
1.03012e-34 1.01916e-34 0.189907 0.0991592 0.0987393 -6.58632e-35 -4.01299e-35 -3.94002e-35 -0.000669974 -0.000217229 -0.000171468 -7.91995e-35 0.00812165 0.0079277 0.00803243 
0.73371 0.898133 0.448555 0.718195 0.597308 0.832723 -0.0741089 -0.115124 -0.0473985 -0.087113 -0.0623278 -0.0955837 -0.0844673 -0.0917787 -0.0758437 
0.805098 0.647918 0.814094 0.791354 0.827203 0.725903 -0.28013 -0.276819 -0.294483 -0.308935 -0.298989 -0.283249 -0.118422 -0.0990975 -0.0804995 
0.788376 0.814094 0.647918 0.791354 0.759128 0.803245 -0.299542 -0.294483 -0.276819 -0.308935 -0.311889 -0.300745 -0.0697749 -0.0804995 -0.0990975 
0.769601 0.898133 0.886845 0.944498 0.923504 0.841497 -0.122064 -0.115124 -0.146213 -0.145863 -0.160416 -0.12169 -0.0796726 -0.0917787 -0.124046 
0.233693 0.00403174 0.0485022 0.0172461 0.109755 0.0496052 -0.0148657 0.0569497 0.0459291 0.0509031 0.0191466 0.0339927 -0.118057 -0.122142 -0.120976 
0.500007 0.47811 0.488586 0.483758 0.497176 0.494571 -0.000865396 -0.000922777 -0.00148196 -0.00117713 -0.00114197 -0.000912355 0.00211243 0.00244014 0.00353204 
2.26595e-34 4.41984e-34 0.437709 0.234559 0.234494 4.78659e-35 6.26955e-35 1.79419e-34 -0.000187333 -0.00016707 -8.14119e-05 3.05295e-34 -0.0263541 -0.0377663 -0.0320495 
0.999382 0.836248 0.704885 0.77549 0.933786 0.96298 -0.0133841 -0.0071816 -0.00779921 -0.00776132 -0.0136616 -0.011603 -0.0796313 -0.0752607 -0.0862982 
0.195452 -0.209268 -0.0262182 -0.140496 0.0546602 -0.0369616 -0.163984 -0.0505419 -0.0979298 -0.0717467 -0.128866 -0.0943567 -0.0944674 -0.0896501 -0.0294971 
0.769601 0.448555 0.898133 0.718195 0.841497 0.629504 -0.122064 -0.0473985 -0.115124 -0.087113 -0.12169 -0.0830809 -0.0796726 -0.0758437 -0.0917787 
0.404782 0.488586 0.47811 0.483758 0.447897 0.45684 -0.000745949 -0.00148196 -0.000922777 -0.00117713 -0.000843705 -0.00109408 0.00265374 0.00353204 0.00244014 
-2.62775e-34 -3.30304e-34 -0.296712 -0.269331 -0.265623 1.89556e-34 7.81067e-34 5.6317e-34 0.0161261 0.0201134 0.0195657 1.33719e-33 -0.153475 -0.11775 -0.152873 
4.41984e-34 0.750132 0.437709 0.609401 0.234559 0.437723 1.79419e-34 -0.000813501 -0.000187333 -0.000342764 -0.00016707 -0.000255222 -0.0377663 -0.0367551 -0.0320495 
1.74812e-34 0.283237 0.245618 0.266726 0.135503 0.166679 -1.31408e-34 0.0157534 0.00586032 0.0106789 0.00227636 0.00488015 0.0276036 0.0238043 0.0324243 
0.75 0.937175 0.58635 0.800252 0.673353 0.859191 -3.96911e-37 -0.000929678 -0.0003392 -0.000694023 -0.000203841 -0.000604935 -0.0245847 -0.0350097 -0.0322271 
0.420333 0.245618 0.283237 0.266726 0.361234 0.346812 0.0143286 0.00586032 0.0157534 0.0106789 0.0177258 0.01049 0.0300527 0.0324243 0.0238043 
1.08634e-34 0.19561 0.154594 0.175071 0.0789684 0.103429 -4.42789e-35 0.00292027 0.00358882 0.0035745 0.000993508 0.00107574 0.00926714 0.00883661 0.010187 
-0.0207926 0.0485022 0.00403174 0.0172461 -0.00863251 0.0109394 0.0864058 0.0459291 0.0569497 0.0509031 0.0675775 0.068118 -0.124916 -0.120976 -0.122142 
4.41984e-34 4.55046e-34 0.625227 0.350757 0.350127 -1.42378e-34 1.79419e-34 2.35115e-34 -0.00109526 -0.000367557 -0.000249981 4.15743e-34 -0.0377663 -0.049546 -0.0457312 
0.322066 0.154594 0.19561 0.175071 0.259672 0.244022 0.0150869 0.00358882 0.00292027 0.0035745 0.00809442 0.00912331 0.0101668 0.010187 0.00883661 
1.15834e-34 2.6514e-34 0.194947 0.10405 0.103764 -6.15953e-35 2.95394e-35 3.81987e-35 -0.00064665 -0.000365264 -0.000187578 6.9283e-35 0.0060755 0.00803292 0.00653926 
4.87571e-34 6.64531e-34 0.647126 0.367977 0.365756 -1.65893e-34 2.92945e-34 3.51968e-34 -0.00295878 -0.00155708 -0.000854247 6.50844e-34 -0.0618144 -0.0748592 -0.0664076 
-0.0831785 0.318385 0.0157541 0.154027 -0.0468157 0.0962529 -0.0615778 -0.170474 -0.0305422 -0.0908857 -0.0402263 -0.0952378 -0.139222 -0.138803 -0.166607 
0.769601 0.886845 0.905989 0.922389 0.862496 0.923504 -0.122064 -0.146213 -0.196555 -0.181466 -0.16443 -0.160416 -0.0796726 -0.124046 -0.0986524 
0.73371 0.448555 0.317455 0.388789 0.539281 0.597308 -0.0741089 -0.0473985 -0.0214546 -0.0306779 -0.0439376 -0.0623278 -0.0844673 -0.0758437 -0.0809164 
1.08518e-34 0.13944 0.200775 0.171527 0.106813 0.0742589 9.98385e-35 0.00399104 0.00304639 0.00400166 0.00114655 0.00125076 0.0200089 0.0203213 0.0190603 
1.10421e-34 0.200775 0.153036 0.178442 0.080835 0.109387 8.89715e-35 0.00304639 0.000426986 0.00134362 0.00030314 0.000943473 0.0179858 0.0190603 0.0167521 
8.27921e-36 9.58352e-06 0.0873943 0.0400606 0.0106989 -0.0156622 -2.88025e-35 0.0149769 0.0257033 0.020989 0.00969912 0.00441947 -0.00784063 -0.0191164 0.00159994 
4.02279e-35 0.0873943 0.089606 0.0903196 0.0328519 0.0316547 5.00458e-35 0.0257033 0.011854 0.0175 0.00405766 0.00881354 0.00843182 0.00159994 0.0131771 
-2.25968e-35 -0.0005589 -0.024067 -0.0156473 -0.031936 -0.0122346 -3.39307e-34 -0.0170347 -0.0149967 -0.0171372 -0.0086412 -0.00434008 -0.0675947 -0.065619 -0.068462 
-4.58267e-35 -0.024067 -0.0548839 -0.0436625 -0.0504218 -0.04896 -3.2182e-34 -0.0149967 -0.00361256 -0.00739808 -0.00260464 -0.00621724 -0.0645676 -0.068462 -0.0597974 
0.312692 0.153036 0.200775 0.178442 0.260438 0.239592 0.00173072 0.000426986 0.00304639 0.00134362 0.00308809 0.0012052 0.0166012 0.0167521 0.0190603 
0.232418 0.089606 0.0873943 0.0903196 0.161306 0.162963 0.0431009 0.011854 0.0257033 0.0175 0.0377919 0.0282521 0.0143402 0.0131771 0.00159994 
0.317424 0.200775 0.13944 0.171527 0.236572 0.26607 0.0180485 0.00304639 0.00399104 0.00400166 0.0111937 0.00936517 0.0204857 0.0190603 0.0203213 
0.0626735 -0.0548839 -0.024067 -0.0436625 0.00897999 -0.0101933 0.00882794 -0.00361256 -0.0149967 -0.00739808 -0.0151728 -0.0033627 -0.0651589 -0.0597974 -0.068462 
0.160052 0.0873943 9.58352e-06 0.0400606 0.073681 0.121366 0.0640451 0.0257033 0.0149769 0.020989 0.0396406 0.0461191 -0.0171437 0.00159994 -0.0191164 
0.143559 -0.024067 -0.0005589 -0.0156473 0.0475207 0.0444502 -0.0546725 -0.0149967 -0.0170347 -0.0171372 -0.0405942 -0.0357252 -0.0693065 -0.068462 -0.065619 
6.64531e-34 0.836248 0.647126 0.750295 0.367977 0.510548 3.51968e-34 -0.0071816 -0.00295878 -0.00456515 -0.00155708 -0.00258161 -0.0748592 -0.0752607 -0.0664076 
0.50022 0.481293 0.886845 0.710294 0.725206 0.489654 -0.0665851 -0.0829863 -0.146213 -0.126797 -0.118647 -0.0738306 -0.138843 -0.149257 -0.124046 
0.32592 0.19561 0.140296 0.167395 0.240385 0.264947 0.00297721 0.00292027 0.000355464 0.00126153 0.00155955 0.00397361 0.00843353 0.00883661 0.00823545 
1.05435e-34 0.140296 0.19561 0.167395 0.101128 0.0721954 -4.11076e-35 0.000355464 0.00292027 0.00126153 0.000815874 0.000295121 0.00848312 0.00823545 0.00883661 
0.244806 -0.0217929 0.1646 0.0748509 0.201029 0.0950089 -0.150294 -0.0569883 -0.0711747 -0.0683798 -0.114896 -0.11357 0.0180917 0.0191204 0.0473487 
7.9981e-35 0.169745 2.03657e-34 0.0892749 -3.43684e-35 0.0893171 -4.69642e-38 -7.27018e-05 -7.68356e-36 -4.2577e-05 -7.56832e-36 -2.47023e-05 7.55903e-06 0.000990063 0.00152531 
2.17853e-34 0.317455 0.448555 0.388789 0.214136 0.144799 -4.06448e-34 -0.0214546 -0.0473985 -0.0306779 -0.0104623 -0.00645575 -0.080182 -0.0809164 -0.0758437 
0.233693 0.43573 0.0338856 0.165653 0.11958 0.318581 -0.0148657 -0.05221 0.0373054 -0.00275075 0.0134282 -0.0300847 -0.118057 -0.123957 -0.123425 
2.04766e-35 0.1646 -0.0217929 0.0748509 -0.0358433 0.0368578 -2.32603e-34 -0.0711747 -0.0569883 -0.0683798 -0.0181984 -0.0270154 0.040511 0.0473487 0.0191204 
8.17979e-35 2.03459e-34 0.180794 0.0954262 0.095383 -4.68178e-35 -4.84934e-38 6.85872e-36 -7.91688e-05 -4.67162e-05 -2.74722e-05 6.96937e-36 -7.61385e-06 0.00142838 0.000880136 
0.400514 0.283237 0.1894 0.23691 0.309659 0.350194 0.0358819 0.0157534 0.00753202 0.0112428 0.0210138 0.0249729 0.0168929 0.0238043 0.0173117 
0.312775 0.0157541 0.318385 0.154027 0.312982 0.169696 -0.106566 -0.0305422 -0.170474 -0.0908857 -0.141258 -0.0612365 -0.163434 -0.166607 -0.138803 
1.16397e-34 0.209964 0.158763 0.18506 0.0841942 0.113484 6.18149e-35 -0.000579758 -0.000613262 -0.000643155 -0.000141943 -0.000265823 0.0126669 0.0140021 0.01154 
1.56283e-34 0.1894 0.283237 0.23691 0.155554 0.105353 -9.22544e-35 0.00753202 0.0157534 0.0112428 0.00481614 0.00206448 0.0197135 0.0173117 0.0238043 
1.90426e-34 0.245618 0.300875 0.280876 0.187073 0.141148 -1.85292e-34 0.00586032 -0.0060893 0.00127935 -0.00118537 0.000975781 0.0374322 0.0324243 0.0429114 
1.16138e-34 0.153036 0.209964 0.182518 0.113908 0.0811836 7.55842e-35 0.000426986 -0.000579758 4.96614e-05 -0.000222391 8.1275e-05 0.0154285 0.0167521 0.0140021 
1.70436e-34 0.300875 0.18817 0.25261 0.116305 0.180957 -2.46868e-34 -0.0060893 -0.0181905 -0.015192 -0.00616226 -0.00414937 0.0486818 0.0429114 0.051918 
1.20445e-34 0.154594 0.224001 0.188043 0.117086 0.0822591 -5.21183e-35 0.00358882 0.00991922 0.00607245 0.00293726 0.0012891 0.0111723 0.010187 0.0128213 
9.34719e-35 0.166921 0.13944 0.155844 0.0702707 0.0890563 1.02802e-34 0.0129292 0.00399104 0.00717796 0.0017527 0.00443885 0.020146 0.019243 0.0203213 
7.56972e-35 0.089606 0.166921 0.12931 0.0782148 0.0442145 8.94805e-35 0.011854 0.0129292 0.0131328 0.00494529 0.0037816 0.0170439 0.0131771 0.019243 
-3.34324e-35 -0.0121013 9.58352e-06 -0.0108588 -0.0300486 -0.0452958 -1.36175e-34 0.0160962 0.0149769 0.0171505 0.00372321 0.00381267 -0.0290912 -0.0425919 -0.0191164 
-5.0083e-35 -0.0548839 -0.0121013 -0.0444352 -0.0555872 -0.0521477 -2.47471e-34 -0.00361256 0.0160962 0.00527325 0.00451443 -0.000473282 -0.0509969 -0.0597974 -0.0425919 
1.85715e-35 0.0751624 -0.0005589 0.0369078 0.00150676 0.0232203 -3.24729e-34 -0.022374 -0.0170347 -0.0206808 -0.00419147 -0.00412087 -0.0647235 -0.0607416 -0.065619 
1.31986e-34 0.224001 0.1894 0.207444 0.0982427 0.124631 -6.79363e-35 0.00991922 0.00753202 0.00948101 0.00195456 0.00341807 0.0145518 0.0128213 0.0173117 
4.18818e-35 0.0834283 0.0751624 0.0831978 0.0368371 0.0322578 -3.06655e-34 -0.00896442 -0.022374 -0.0138272 -0.00504683 -0.00239043 -0.0614429 -0.0610989 -0.0607416 
1.01916e-34 0.138636 0.189907 0.164563 0.0991592 0.0711202 -3.94002e-35 -0.000541431 -0.000669974 -0.000620338 -0.000217229 -0.000114223 0.0079277 0.00770004 0.00803243 
1.03012e-34 0.189907 0.140296 0.165143 0.0717538 0.0987393 -4.01299e-35 -0.000669974 0.000355464 -6.22642e-05 0.000151456 -0.000171468 0.00812165 0.00803243 0.00823545 
0.195452 0.647918 0.318385 0.492103 0.249759 0.428807 -0.163984 -0.276819 -0.170474 -0.235973 -0.164392 -0.232858 -0.0944674 -0.0990975 -0.138803 
0.498509 0.497882 0.46815 0.487415 0.495207 0.499999 -0.00370886 -0.00315128 -0.00332294 -0.00332828 -0.00364842 -0.00345105 0.00680878 0.00602831 0.00687061 
8.17979e-35 0.180794 0.244698 0.213637 0.132438 0.095383 -4.84934e-38 -7.91688e-05 -8.59713e-05 -7.86941e-05 -2.48814e-05 -2.74722e-05 -7.61385e-06 0.000880136 -2.48563e-06 
-0.103567 0.195838 0.00755888 0.0956432 -0.0336014 0.0573305 0.0779318 0.0305209 0.0986807 0.0702768 0.0861176 0.0578128 -0.156359 -0.150012 -0.137842 
7.9981e-35 0.245113 0.169745 0.208646 0.0893171 0.132877 -4.69642e-38 -8.67584e-05 -7.27018e-05 -7.63507e-05 -2.47023e-05 -2.47533e-05 7.55903e-06 3.05596e-06 0.000990063 
0.35343 0.476673 0.431447 0.457023 0.396127 0.428252 -0.00168911 -0.00292873 -0.0031863 -0.0031073 -0.00241557 -0.00236899 0.00567731 0.00586981 0.00676805 
2.21751e-34 0.448555 0.313812 0.381675 0.141503 0.185288 -3.75852e-34 -0.0473985 -0.0390814 -0.0431096 -0.00923338 -0.0104445 -0.0729644 -0.0758437 -0.070975 
0.195452 -0.0262182 0.395028 0.163407 0.294065 0.0546602 -0.163984 -0.0979298 -0.227927 -0.16579 -0.209322 -0.128866 -0.0944674 -0.0294971 -0.0381804 
0.244806 0.395028 -0.0262182 0.163407 0.0960896 0.315167 -0.150294 -0.227927 -0.0979298 -0.16579 -0.13292 -0.189773 0.0180917 -0.0381804 -0.0294971 
0.805098 0.868539 0.610024 0.770248 0.719795 0.837542 -0.28013 -0.252803 -0.17956 -0.232404 -0.239865 -0.269476 -0.118422 -0.118399 -0.151584 
2.23393e-34 1.12937e-34 0.184796 0.0974043 0.0971041 -5.43364e-35 -3.40909e-35 -2.8471e-35 -0.000631859 -0.000182138 -0.000346357 -6.12359e-35 0.00670662 0.00571484 0.00601104 
0.499563 0.497882 0.476673 0.497166 0.492448 0.499859 -0.00233634 -0.00315128 -0.00292873 -0.00311586 -0.00266413 -0.00274425 0.00481098 0.00602831 0.00586981 
0.498509 0.476673 0.497882 0.497166 0.499999 0.49077 -0.00370886 -0.00292873 -0.00315128 -0.00311586 -0.00345105 -0.00337407 0.00680878 0.00586981 0.00602831 
0.489847 0.489759 0.500007 0.497484 0.497429 0.500006 -0.000357253 -0.000359723 -0.00054047 -0.000437764 -0.000435722 -0.000401853 1.33837e-06 -1.98659e-06 0.000953048 
0.244806 -0.0262182 -0.0217929 -0.040923 0.0950089 0.0960896 -0.150294 -0.0979298 -0.0569883 -0.0771532 -0.11357 -0.13292 0.0180917 -0.0294971 0.0191204 
-1.11983e-34 -0.0217929 -0.0262182 -0.040923 -0.151494 -0.0896821 -2.87157e-35 -0.0569883 -0.0979298 -0.0771532 -0.0288925 -0.0189786 -0.00137393 0.0191204 -0.0294971 
0.358721 0.473777 0.42846 0.453855 0.396512 0.427694 -0.00158455 -0.00241626 -0.00145907 -0.00191384 -0.00155393 -0.00206039 0.00560359 0.00528731 0.00421771 
4.55046e-34 0.775615 0.625227 0.705178 0.350757 0.457484 2.35115e-34 -0.00251794 -0.00109526 -0.00162922 -0.000367557 -0.000784998 -0.049546 -0.0550875 -0.0457312 
0.998719 0.775615 0.997134 0.930518 0.997911 0.935258 -0.00201779 -0.00251794 -0.00365785 -0.00345266 -0.00300866 -0.00272188 -0.04502 -0.0550875 -0.0541878 
0.989878 0.997134 0.775615 0.930518 0.917389 0.994149 -0.00544432 -0.00365785 -0.00251794 -0.00345266 -0.00432703 -0.00446097 -0.0631972 -0.0541878 -0.0550875 
0.710182 0.395028 0.603725 0.511027 0.658287 0.576451 -0.288934 -0.227927 -0.228228 -0.237727 -0.260817 -0.263911 -0.0421711 -0.0381804 0.000910424 
0.244806 0.603725 0.395028 0.511027 0.315167 0.437942 -0.150294 -0.228228 -0.227927 -0.237727 -0.189773 -0.19574 0.0180917 0.000910424 -0.0381804 
7.56731e-34 5.10291e-34 0.0338856 -0.012555 0.030912 1.06135e-33 3.06088e-34 4.69547e-35 0.0373054 0.0439301 0.0256668 7.35605e-36 -0.136674 -0.123317 -0.123425 
0.32592 0.366385 0.19561 0.287992 0.264947 0.345169 0.00297721 0.0121667 0.00292027 0.00748777 0.00397361 0.00699744 0.00843353 0.00918845 0.00883661 
0.400514 0.457431 0.283237 0.384012 0.350194 0.430686 0.0358819 0.0374539 0.0157534 0.0247881 0.0249729 0.0387182 0.0168929 0.0221492 0.0238043 
0.233693 0.755025 0.793117 0.770319 0.542292 0.513632 -0.0148657 -0.0789462 -0.0665033 -0.0719044 -0.0529916 -0.050138 -0.118057 -0.119077 -0.116976 
-1.11983e-34 2.04766e-35 -0.0217929 -0.0358433 -0.0896821 -2.84788e-35 -2.87157e-35 -2.32603e-34 -0.0569883 -0.0181984 -0.0189786 -1.90066e-34 -0.00137393 0.040511 0.0191204 
0.989878 0.647126 0.836248 0.750295 0.936609 0.879986 -0.00544432 -0.00295878 -0.0071816 -0.00456515 -0.00701357 -0.00519547 -0.0631972 -0.0664076 -0.0752607 
0.143559 0.15043 -0.024067 0.0485556 0.0444502 0.147143 -0.0546725 -0.0315158 -0.0149967 -0.0278556 -0.0357252 -0.0495182 -0.0693065 -0.0743824 -0.068462 
0.160052 0.250764 0.0873943 0.167735 0.121366 0.205517 0.0640451 0.0712926 0.0257033 0.0490211 0.0461191 0.0709683 -0.0171437 0.00455807 0.00159994 
0.317424 0.35958 0.200775 0.288459 0.26607 0.340257 0.0180485 0.0090963 0.00304639 0.00635181 0.00936517 0.0132651 0.0204857 0.018316 0.0190603 
1.12418e-34 0.158763 0.206831 0.18338 0.111385 0.0836875 4.96295e-35 -0.000613262 -0.00104082 -0.000842203 -0.000352672 -0.000184243 0.0102015 0.01154 0.00947859 
1.12418e-34 1.16397e-34 0.158763 0.0841942 0.0836875 -1.7165e-35 4.96295e-35 6.18149e-35 -0.000613262 -0.000141943 -0.000184243 1.12099e-34 0.0102015 0.0126669 0.01154 
0.313315 0.206831 0.158763 0.18338 0.242037 0.263091 -0.00195614 -0.00104082 -0.000613262 -0.000842203 -0.00134658 -0.00158086 0.0113593 0.00947859 0.01154 
1.90426e-34 1.74812e-34 0.245618 0.135503 0.141148 -2.01908e-35 -1.85292e-34 -1.31408e-34 0.00586032 0.00227636 0.000975781 -3.20926e-34 0.0374322 0.0276036 0.0324243 
3.7504e-34 4.10697e-34 0.409559 0.215464 0.204703 -1.70471e-35 -4.47317e-34 -4.3631e-34 -0.0155616 -0.00541358 -0.00444573 -8.56876e-34 -0.0881483 -0.0868052 -0.0870566 
2.17853e-34 3.39144e-34 0.317455 0.161477 0.144799 -2.34152e-35 -4.06448e-34 -4.21813e-34 -0.0214546 -0.00787248 -0.00645575 -7.9666e-34 -0.080182 -0.0825933 -0.0809164 
1.20445e-34 1.08634e-34 0.154594 0.0789684 0.0822591 -1.40633e-35 -5.21183e-35 -4.42789e-35 0.00358882 0.000993508 0.0012891 -1.00903e-34 0.0111723 0.00926714 0.010187 
1.08518e-34 9.34719e-35 0.13944 0.0702707 0.0742589 -1.20718e-35 9.98385e-35 1.02802e-34 0.00399104 0.0017527 0.00125076 1.97323e-34 0.0200089 0.020146 0.0203213 
1.16138e-34 1.10421e-34 0.153036 0.080835 0.0811836 -1.07761e-35 7.55842e-35 8.89715e-35 0.000426986 0.00030314 8.1275e-05 1.6388e-34 0.0154285 0.0179858 0.0167521 
8.27921e-36 -3.34324e-35 9.58352e-06 -0.0300486 -0.0156622 -1.8516e-35 -2.88025e-35 -1.36175e-34 0.0149769 0.00372321 0.00441947 -1.82398e-34 -0.00784063 -0.0290912 -0.0191164 
7.56972e-35 4.02279e-35 0.089606 0.0328519 0.0442145 -1.59282e-35 8.94805e-35 5.00458e-35 0.011854 0.00405766 0.0037816 1.25851e-34 0.0170439 0.00843182 0.0131771 
-2.25968e-35 1.85715e-35 -0.0005589 0.00150676 -0.0122346 5.97016e-36 -3.39307e-34 -3.24729e-34 -0.0170347 -0.00419147 -0.00434008 -6.47716e-34 -0.0675947 -0.0647235 -0.065619 
-5.0083e-35 -4.58267e-35 -0.0548839 -0.0504218 -0.0521477 -3.57248e-36 -2.47471e-34 -3.2182e-34 -0.00361256 -0.00260464 -0.000473282 -5.71255e-34 -0.0509969 -0.0645676 -0.0597974 
0.964129 0.793117 0.755025 0.770319 0.892889 0.907978 -0.0859246 -0.0665033 -0.0789462 -0.0719044 -0.0905609 -0.082025 -0.105242 -0.116976 -0.119077 
1.01916e-34 9.54776e-35 0.138636 0.0716126 0.0711202 -1.00801e-35 -3.94002e-35 -3.71827e-35 -0.000541431 -0.000187065 -0.000114223 -7.60246e-35 0.0079277 0.007463 0.00770004 
1.05435e-34 1.03012e-34 0.140296 0.0717538 0.0721954 -1.23945e-35 -4.11076e-35 -4.01299e-35 0.000355464 0.000151456 0.000295121 -8.18775e-35 0.00848312 0.00812165 0.00823545 
4.18818e-35 6.6255e-35 0.0834283 0.0405744 0.0322578 -5.3699e-36 -3.06655e-34 -3.14075e-34 -0.00896442 -0.00118117 -0.00239043 -6.07779e-34 -0.0614429 -0.063017 -0.0610989 
1.56283e-34 1.31986e-34 0.1894 0.0982427 0.105353 -1.17092e-35 -9.22544e-35 -6.79363e-35 0.00753202 0.00195456 0.00206448 -1.6943e-34 0.0197135 0.0145518 0.0173117 
1.0552e-34 1.70436e-34 0.18817 0.116305 0.0949082 -7.62365e-36 -2.88103e-34 -2.46868e-34 -0.0181905 -0.00616226 -0.00791037 -5.07343e-34 0.0537503 0.0486818 0.051918 
0.493603 0.674451 0.718816 0.703209 0.620349 0.584331 -0.153816 -0.226594 -0.241493 -0.238579 -0.194348 -0.191712 -0.0702998 -0.0688778 -0.0631521 
0.88879 0.793117 0.9781 0.935875 0.962438 0.843726 -0.0573946 -0.0665033 -0.0696212 -0.0753931 -0.0699022 -0.0636846 -0.113906 -0.116976 -0.102119 
5.01326e-34 5.16364e-34 -0.0100039 -0.00226218 -0.00372961 1.02654e-33 1.72021e-35 3.0771e-37 0.0106585 -0.000405531 0.0070778 -2.85442e-36 -0.121907 -0.124206 -0.123664 
0.999382 0.999418 0.836248 0.954441 0.96298 0.999792 -0.0133841 -0.00901268 -0.0071816 -0.00894153 -0.011603 -0.0108711 -0.0796313 -0.0711081 -0.0752607 
0.989878 0.836248 0.999418 0.954441 0.996316 0.936609 -0.00544432 -0.0071816 -0.00901268 -0.00894153 -0.00752926 -0.00701357 -0.0631972 -0.0752607 -0.0711081 
2.26595e-34 0.437709 0.75 0.609503 0.4375 0.234494 6.26955e-35 -0.000187333 -4.55175e-37 -0.000150434 -1.59297e-37 -8.14119e-05 -0.0263541 -0.0320495 -0.0262155 
0.386286 0.431981 0.1646 0.296909 0.286939 0.411474 -0.0706179 -0.131634 -0.0711747 -0.109093 -0.0826972 -0.100133 0.0468136 0.0389341 0.0473487 
6.6255e-35 0.186398 0.0834283 0.126922 0.0405744 0.0704517 -3.14075e-34 -0.0271698 -0.00896442 -0.0158904 -0.00118117 -0.00479388 -0.063017 -0.0626259 -0.0610989 
0.285928 0.0834283 0.186398 0.126922 0.241746 0.171564 -0.0678984 -0.00896442 -0.0271698 -0.0158904 -0.0445915 -0.0288035 -0.0590757 -0.0610989 -0.0626259 
0.964129 0.9781 0.793117 0.935875 0.907978 0.974234 -0.0859246 -0.0696212 -0.0665033 -0.0753931 -0.082025 -0.0781919 -0.105242 -0.102119 -0.116976 
0.788376 0.718816 0.674451 0.703209 0.760896 0.765467 -0.299542 -0.241493 -0.226594 -0.238579 -0.271931 -0.272934 -0.0697749 -0.0631521 -0.0688778 
0.298342 0.138636 0.191497 0.165467 0.247698 0.224018 -0.00195438 -0.000541431 -0.00094199 -0.000752649 -0.00148314 -0.00127363 0.00784694 0.00770004 0.00729038 
9.54776e-35 0.191497 0.138636 0.165467 0.0716126 0.100415 -3.71827e-35 -0.00094199 -0.000541431 -0.000752649 -0.000187065 -0.000342185 0.007463 0.00729038 0.00770004 
-0.133446 -0.0622606 -0.0272969 -0.0510535 -0.0731597 -0.0950905 0.0713114 0.0546777 0.0197083 0.0356468 0.0410144 0.0630465 -0.131885 -0.125469 -0.127116 
0.88879 0.43573 0.793117 0.639407 0.843726 0.716106 -0.0573946 -0.05221 -0.0665033 -0.0605787 -0.0636846 -0.0555731 -0.113906 -0.123957 -0.116976 
-1.61481e-34 -0.274516 -0.197987 -0.236073 -0.124563 -0.161841 7.55091e-34 0.0377855 0.0467496 0.0441449 0.0186867 0.0191003 -0.148491 -0.152062 -0.143149 
7.56731e-34 0.0338856 0.43573 0.165653 0.241854 0.030912 3.06088e-34 0.0373054 -0.05221 -0.00275075 -0.032516 0.0256668 -0.136674 -0.123425 -0.123957 
-0.121091 -0.296712 0.0157541 -0.163916 -0.0547232 -0.218102 0.0412271 0.0161261 -0.0305422 0.00757243 0.0083352 0.0381072 -0.167711 -0.152873 -0.166607 
0.312692 0.200775 0.35958 0.288459 0.33801 0.260438 0.00173072 0.00304639 0.0090963 0.00635181 0.00475268 0.00308809 0.0166012 0.0190603 0.018316 
-0.0831785 0.0157541 -0.296712 -0.163916 -0.214974 -0.0468157 -0.0615778 -0.0305422 0.0161261 0.00757243 -0.0123944 -0.0402263 -0.139222 -0.166607 -0.152873 
0.232418 0.0873943 0.250764 0.167735 0.241734 0.161306 0.0431009 0.0257033 0.0712926 0.0490211 0.0572038 0.0377919 0.0143402 0.00159994 0.00455807 
0.0626735 -0.024067 0.15043 0.0485556 0.0982039 0.00897999 0.00882794 -0.0149967 -0.0315158 -0.0278556 -0.010278 -0.0151728 -0.0651589 -0.068462 -0.0743824 
0.420333 0.283237 0.457431 0.384012 0.442378 0.361234 0.0143286 0.0157534 0.0374539 0.0247881 0.0274886 0.0177258 0.0300527 0.0238043 0.0221492 
0.322066 0.19561 0.366385 0.287992 0.344775 0.259672 0.0150869 0.00292027 0.0121667 0.00748777 0.0138657 0.00809442 0.0101668 0.00883661 0.00918845 
0.447489 0.445338 0.490903 0.473023 0.472159 0.446638 0.0365804 0.0575672 0.045932 0.0517724 0.0413724 0.0460981 0.0185348 0.017741 0.0162535 
0.63931 0.603725 0.431981 0.520572 0.546794 0.626121 -0.168424 -0.228228 -0.131634 -0.181095 -0.154442 -0.198079 0.0095797 0.000910424 0.0389341 
0.505539 0.490903 0.445338 0.473023 0.483728 0.498677 0.0589077 0.045932 0.0575672 0.0517724 0.0599395 0.052435 0.0152552 0.0162535 0.017741 
0.724217 0.814094 0.674451 0.763738 0.700672 0.787802 -0.222839 -0.294483 -0.226594 -0.267763 -0.228186 -0.268868 -0.0701016 -0.0804995 -0.0688778 
1.15834e-34 0.194947 0.200394 0.197667 0.106934 0.103764 2.95394e-35 -0.00064665 -0.000472119 -0.000547771 -0.000119909 -0.000187578 0.0060755 0.00653926 0.00537833 
0.392663 0.40025 0.525107 0.470871 0.459766 0.393821 0.0992472 0.0650402 0.0853085 0.0816619 0.0967641 0.0866859 -0.0196615 -0.0430326 -0.0193257 
0.788376 0.674451 0.814094 0.763738 0.803245 0.760896 -0.299542 -0.226594 -0.294483 -0.267763 -0.300745 -0.271931 -0.0697749 -0.0688778 -0.0804995 
0.595211 0.525107 0.40025 0.470871 0.511081 0.559865 0.0392445 0.0853085 0.0650402 0.0816619 0.0601671 0.0643716 -0.0229821 -0.0193257 -0.0430326 
1.12937e-34 0.203091 0.184796 0.193995 0.0974043 0.107744 -2.8471e-35 -0.000533195 -0.000631859 -0.000581291 -0.000182138 -0.00014438 0.00571484 0.00526438 0.00601104 
0.500031 0.49034 0.496745 0.49962 0.499484 0.497114 -0.00383059 -0.004259 -0.00420421 -0.00412757 -0.00417643 -0.00425669 0.00902822 0.00776781 0.00813399 
0.457504 0.4719 0.496259 0.48703 0.482326 0.46523 -0.00336349 -0.000205313 -0.002477 -0.00158856 -0.00300862 -0.00239072 0.0104807 0.0123518 0.0105028 
0.500125 0.496259 0.4719 0.48703 0.493695 0.499279 0.000619051 -0.002477 -0.000205313 -0.00158856 -1.10331e-05 -0.00113341 0.0108983 0.0105028 0.0123518 
0.88879 0.9781 0.987052 0.982742 0.970138 0.962438 -0.0573946 -0.0696212 -0.053088 -0.062149 -0.062243 -0.0699022 -0.113906 -0.102119 -0.100256 
0.500125 0.495275 0.464606 0.483155 0.490577 0.498677 0.000619051 0.00552832 0.000103783 0.00237525 0.000578993 0.002768 0.0108983 0.0110817 0.00943932 
0.460946 0.464606 0.495275 0.483155 0.482112 0.46234 0.00698041 0.000103783 0.00552832 0.00237525 0.00604081 0.00310569 0.00980227 0.00943932 0.0110817 
0.318177 0.206831 0.36281 0.292233 0.341311 0.265984 -0.0018811 -0.00104082 -0.00272849 -0.00183752 -0.00237715 -0.00144198 0.0076492 0.00947859 0.00938649 
0.313315 0.36281 0.206831 0.292233 0.263091 0.339065 -0.00195614 -0.00272849 -0.00104082 -0.00183752 -0.00158086 -0.00245084 0.0113593 0.00938649 0.00947859 
0.73371 0.948611 0.898133 0.925373 0.832723 0.870563 -0.0741089 -0.0960366 -0.115124 -0.107197 -0.0955837 -0.0903835 -0.0844673 -0.0983408 -0.0917787 
0.201916 0.602241 0.755025 0.678069 0.448186 0.390587 0.0051916 -0.0727951 -0.0789462 -0.0760398 -0.0419733 -0.0297395 -0.124383 -0.127473 -0.119077 
0.505539 0.519338 0.496866 0.51155 0.509755 0.512497 0.0589077 0.0688209 0.0504576 0.0593511 0.0550661 0.0645114 0.0152552 0.0138178 0.0132692 
0.508807 0.496866 0.519338 0.51155 0.519023 0.50233 0.0609487 0.0504576 0.0688209 0.0593511 0.0668341 0.0559062 0.0145105 0.0132692 0.0138178 
0.924466 0.898133 0.948611 0.925373 0.956237 0.950529 -0.117403 -0.115124 -0.0960366 -0.107197 -0.110418 -0.12509 -0.113934 -0.0917787 -0.0983408 
0.233693 0.793117 0.43573 0.639407 0.318581 0.542292 -0.0148657 -0.0665033 -0.05221 -0.0605787 -0.0300847 -0.0529916 -0.118057 -0.116976 -0.123957 
0.595211 0.64677 0.64416 0.658031 0.641679 0.619976 0.0392445 -0.021287 0.00508044 -0.000821972 0.0273449 0.0116745 -0.0229821 -0.0262798 0.00602466 
0.924466 0.755025 0.602241 0.678069 0.809205 0.858579 -0.117403 -0.0789462 -0.0727951 -0.0760398 -0.102571 -0.101232 -0.113934 -0.119077 -0.127473 
0.51943 0.517705 0.186398 0.343477 0.337553 0.52331 -0.0958988 -0.121832 -0.0271698 -0.0643825 -0.0541203 -0.109546 -0.0669839 -0.0646899 -0.0626259 
0.652382 0.64416 0.64677 0.658031 0.678426 0.655328 -0.0925331 0.00508044 -0.021287 -0.000821972 -0.0493717 -0.0400463 0.014606 0.00602466 -0.0262798 
0.846139 0.987052 0.9781 0.982742 0.940131 0.941577 -0.0466292 -0.053088 -0.0696212 -0.062149 -0.0599031 -0.0519621 -0.0920851 -0.100256 -0.102119 
0.243696 0.481293 0.195838 0.322046 0.228128 0.352744 -0.0222405 -0.0829863 0.0305209 -0.0212913 0.00646864 -0.0511245 -0.168225 -0.149257 -0.150012 
0.50022 0.195838 0.481293 0.322046 0.489654 0.321563 -0.0665851 0.0305209 -0.0829863 -0.0212913 -0.0738306 -0.0187876 -0.138843 -0.150012 -0.149257 
0.285566 0.337964 0.191497 0.27044 0.240519 0.312655 -0.00157246 -0.0025813 -0.00094199 -0.00169827 -0.00129513 -0.00206267 0.00670172 0.00733942 0.00729038 
-0.0311829 -0.0272969 -0.0622606 -0.0510535 -0.046831 -0.0328196 0.026419 0.0197083 0.0546777 0.0356468 0.0399709 0.0231193 -0.124585 -0.127116 -0.125469 
0.285928 0.186398 0.517705 0.343477 0.398556 0.241746 -0.0678984 -0.0271698 -0.121832 -0.0643825 -0.0935377 -0.0445915 -0.0590757 -0.0626259 -0.0646899 
0.298342 0.191497 0.337964 0.27044 0.31865 0.247698 -0.00195438 -0.00094199 -0.0025813 -0.00169827 -0.00239094 -0.00148314 0.00784694 0.00729038 0.00733942 
0.46815 0.497882 0.473777 0.489221 0.471021 0.487415 -0.00332294 -0.00315128 -0.00241626 -0.00281218 -0.0028549 -0.00332828 0.00687061 0.00602831 0.00528731 
0.742763 0.610024 0.868539 0.770248 0.819911 0.675855 -0.175884 -0.17956 -0.252803 -0.232404 -0.223579 -0.177393 -0.144782 -0.151584 -0.118399 
0.723561 0.71218 0.592116 0.67733 0.666682 0.719772 -0.21698 -0.159561 -0.118443 -0.137085 -0.165901 -0.188004 -0.0483369 -0.0227532 -0.0618856 
0.552851 0.557336 0.498116 0.537562 0.525486 0.560162 0.0955903 0.0887253 0.105013 0.0967897 0.103348 0.0948634 -0.000563819 0.00881992 0.00432006 
0.500974 0.496655 0.491481 0.500483 0.497045 0.501057 0.0334504 0.0218357 0.0224447 0.0225061 0.0278807 0.0274635 0.0147013 0.0125479 0.0152444 
0.499563 0.473777 0.497882 0.489221 0.499859 0.495074 -0.00233634 -0.00241626 -0.00315128 -0.00281218 -0.00274425 -0.00242627 0.00481098 0.00528731 0.00602831 
0.498509 0.496745 0.49034 0.49962 0.495338 0.49998 -0.00370886 -0.00420421 -0.004259 -0.00412757 -0.0040183 -0.00397259 0.00680878 0.00813399 0.00776781 
0.500281 0.491481 0.496655 0.500483 0.499569 0.49805 0.0134811 0.0224447 0.0218357 0.0225061 0.0175696 0.017792 0.0128963 0.0152444 0.0125479 
0.523711 0.498116 0.557336 0.537562 0.540727 0.514555 0.0880785 0.105013 0.0887253 0.0967897 0.0892894 0.0976593 0.0116677 0.00432006 0.00881992 
0.643123 0.592116 0.71218 0.67733 0.688381 0.619678 -0.0710186 -0.118443 -0.159561 -0.137085 -0.112814 -0.0946653 -0.0410759 -0.0618856 -0.0227532 
5.16364e-34 -0.00306648 -0.0100039 -0.00823157 -0.00226218 -0.00028818 3.0771e-37 0.000946192 0.0106585 0.00485911 -0.000405531 -0.00148268 -0.124206 -0.125085 -0.123664 
-0.0311829 -0.0100039 -0.00306648 -0.00823157 -0.0152867 -0.0197402 0.026419 0.0106585 0.000946192 0.00485911 0.010636 0.0186549 -0.124585 -0.123664 -0.125085 
5.01326e-34 -0.0100039 -0.0226931 -0.0179428 -0.00848444 -0.00372961 1.72021e-35 0.0106585 0.0463487 0.0268894 0.0265385 0.0070778 -0.121907 -0.123664 -0.122731 
-0.0311829 -0.0226931 -0.0100039 -0.0179428 -0.0197402 -0.0303082 0.026419 0.0463487 0.0106585 0.0268894 0.0186549 0.0366413 -0.124585 -0.122731 -0.123664 
