0.494302 0.836606 8.57674e-35 0.550291 0.340767 0.654959 -0.337926 -0.152928 -2.02894e-34 -0.173908 -0.250449 -0.271106 0.0401166 0.0595568 0.0402693 
0.270831 0.286977 0.421171 0.360236 0.353806 0.281985 -0.0578957 -0.0294211 -0.0618677 -0.0462895 -0.0642512 -0.0419624 0.0340601 0.0331271 0.0330386 
0.499992 0.461539 0.495365 0.495892 0.498861 0.490306 -1.6897e-06 4.72185e-07 -2.73496e-07 2.14398e-07 -1.16318e-06 -8.36e-07 0.0110292 0.0123956 0.0120066 
0.499992 0.461367 0.495436 0.495831 0.498894 0.490217 7.38362e-05 0.000122179 0.000119366 0.000131261 9.50014e-05 0.000100836 0.0169115 0.0182802 0.0178884 
0.499988 0.460734 0.49869 0.493438 0.499715 0.489904 0.000671486 0.0006517 0.000742586 0.00073211 0.000723827 0.00070973 0.0227943 0.0241522 0.0238429 
0.433427 0.416804 0.499 0.473235 0.478339 0.426168 -0.0333832 -0.0152158 -0.0240828 -0.020987 -0.0301965 -0.0229839 0.0318467 0.0306669 0.0307071 
0.382972 0.306604 0.202069 0.257149 0.302898 0.347173 -1.17521e-06 -8.05011e-07 -3.84025e-07 -6.15482e-07 -7.9955e-07 -1.0716e-06 0.0110054 0.0096029 0.011024 
0.499812 0.439117 0.491717 0.4715 0.497253 0.482981 -0.000856372 -0.000487745 0.000277024 -8.42374e-05 -0.000163667 -0.000737426 0.0267883 0.0268026 0.0257281 
0.802413 0.836606 0.494302 0.654959 0.6742 0.836402 -0.284817 -0.152928 -0.337926 -0.271106 -0.326146 -0.235336 0.0470884 0.0595568 0.0401166 
0.384289 0.201684 0.308721 0.25818 0.348846 0.30362 0.000412138 0.000117382 0.000184793 0.000160602 0.000289289 0.000261154 0.0229244 0.0229808 0.0215148 
0.499812 0.480263 0.439117 0.462647 0.482981 0.494057 -0.000856372 -0.003082 -0.000487745 -0.00148598 -0.000737426 -0.00185494 0.0267883 0.0279387 0.0268026 
0.356812 0.314707 0.466269 0.405717 0.421023 0.336437 -3.12408e-07 -4.44222e-07 -9.02843e-07 -7.15943e-07 -5.78535e-07 -3.81191e-07 0.00552802 0.00714407 0.00669073 
0.447033 0.466269 0.314707 0.405717 0.390902 0.457191 -1.22838e-06 -9.02843e-07 -4.44222e-07 -7.15943e-07 -8.20597e-07 -1.07027e-06 0.00800183 0.00669073 0.00714407 
0.499992 0.464667 0.495244 0.496451 0.498764 0.491275 7.38362e-05 2.75507e-05 4.10636e-05 3.68627e-05 5.59696e-05 4.83281e-05 0.0169115 0.0155609 0.0159354 
0.499992 0.459594 0.495084 0.495707 0.498739 0.489968 -1.6897e-06 -1.81041e-06 -2.03114e-06 -2.05006e-06 -1.95298e-06 -1.96959e-06 0.0110292 0.00974046 0.0100504 
0.499992 0.459594 0.491748 0.478707 0.497907 0.489839 -1.94353e-06 -1.81041e-06 -1.49939e-06 -1.73768e-06 -1.75522e-06 -1.96646e-06 0.00907619 0.00974046 0.00794147 
0.491748 0.459594 0.440916 0.450697 0.472128 0.478707 -1.49939e-06 -1.81041e-06 -1.3131e-06 -1.58076e-06 -1.44239e-06 -1.73768e-06 0.00794147 0.00974046 0.00823707 
0.383137 0.197915 0.307477 0.255769 0.347652 0.301319 4.15099e-05 9.46141e-06 1.00716e-05 1.07739e-05 2.17331e-05 2.40355e-05 0.0170033 0.0170361 0.0155915 
0.384289 0.308721 0.465333 0.402816 0.430748 0.348846 0.000412138 0.000184793 0.000422881 0.000315589 0.000439667 0.000289289 0.0229244 0.0215148 0.0214673 
0.113048 0.034315 0.189539 0.10787 0.16156 0.058549 -0.167331 -0.0618588 -0.14483 -0.115393 -0.165037 -0.108136 0.0338794 0.0329495 0.0342938 
0.455229 0.500872 0.458214 0.486037 0.455891 0.486695 -0.0290355 -0.0410181 -0.0144597 -0.0256676 -0.0208068 -0.0359915 0.0315852 0.0317736 0.030176 
0.480263 0.475781 0.393812 0.442499 0.44557 0.47839 -0.003082 -0.010877 -0.00250725 -0.00576351 -0.00297307 -0.00615429 0.0279387 0.029594 0.0283548 
0.499 0.458214 0.500872 0.486037 0.501015 0.493542 -0.0240828 -0.0144597 -0.0410181 -0.0256676 -0.0320322 -0.0201787 0.0307071 0.030176 0.0317736 
0.383137 0.307477 0.464667 0.4018 0.429823 0.347652 4.15099e-05 1.00716e-05 2.75507e-05 1.93813e-05 3.58755e-05 2.17331e-05 0.0170033 0.0155915 0.0155609 
0.382972 0.453624 0.306604 0.392706 0.347173 0.422315 -1.17521e-06 -1.68079e-06 -8.05011e-07 -1.28475e-06 -1.0716e-06 -1.53261e-06 0.0110054 0.00945691 0.0096029 
0.500012 0.475781 0.480263 0.47839 0.494613 0.493471 -0.00667581 -0.010877 -0.003082 -0.00615429 -0.00474614 -0.00887865 0.0286934 0.029594 0.0279387 
0.38253 0.3051 0.459594 0.396803 0.426084 0.346252 -1.21063e-06 -8.92278e-07 -1.81041e-06 -1.404e-06 -1.59479e-06 -1.15108e-06 0.0111018 0.00971642 0.00974046 
0.382972 0.306339 0.461539 0.398819 0.427584 0.347056 -1.17521e-06 -1.78341e-07 4.72185e-07 9.76307e-08 -8.60911e-07 -7.35366e-07 0.0110054 0.0124426 0.0123956 
0.499988 0.465333 0.495053 0.496641 0.498666 0.49158 0.000671486 0.000422881 0.000530423 0.000508255 0.000605863 0.000564674 0.0227943 0.0214673 0.0218174 
0.382253 0.306047 0.461367 0.398571 0.427188 0.346515 3.91622e-05 4.99448e-05 0.000122179 8.85523e-05 7.288e-05 4.60686e-05 0.0169043 0.0183278 0.0182802 
0.381554 0.305104 0.460734 0.39768 0.426472 0.345683 0.00040033 0.000325422 0.0006517 0.000511226 0.000552551 0.000379754 0.0227785 0.0241918 0.0241522 
0.382253 0.330448 0.197368 0.268693 0.300521 0.357532 3.91622e-05 9.33913e-06 8.82671e-06 1.03386e-05 2.24881e-05 2.01613e-05 0.0169043 0.0152351 0.0169122 
0.382972 0.202069 0.306339 0.257001 0.347056 0.302898 -1.17521e-06 -3.84025e-07 -1.78341e-07 -4.98831e-07 -7.35366e-07 -7.9955e-07 0.0110054 0.011024 0.0124426 
0.382253 0.461229 0.330448 0.407381 0.357532 0.427088 3.91622e-05 2.54727e-05 9.33913e-06 1.72531e-05 2.01613e-05 3.35322e-05 0.0169043 0.0154666 0.0152351 
0.381554 0.330015 0.196817 0.268176 0.299823 0.356967 0.00040033 0.000186913 0.000108825 0.000159872 0.000249516 0.000284818 0.0227785 0.0211146 0.0227868 
0.382253 0.197368 0.306047 0.254726 0.346515 0.300521 3.91622e-05 8.82671e-06 4.99448e-05 2.29128e-05 4.60686e-05 2.24881e-05 0.0169043 0.0169122 0.0183278 
0.382289 0.328985 0.196952 0.267609 0.300234 0.356381 -0.00321162 -0.000214537 -0.000606906 -0.000515247 -0.00171913 -0.0011791 0.0285962 0.0269412 0.0285341 
0.381554 0.196817 0.305104 0.253967 0.345683 0.299823 0.00040033 0.000108825 0.000325422 0.00021052 0.000379754 0.000249516 0.0227785 0.0227868 0.0241918 
0.442753 0.330448 0.461229 0.407381 0.452441 0.394041 6.92726e-06 9.33913e-06 2.54727e-05 1.72531e-05 1.41301e-05 8.93365e-06 0.0139705 0.0152351 0.0154666 
0.381554 0.460849 0.330015 0.40692 0.356967 0.426544 0.00040033 0.000401494 0.000186913 0.000300186 0.000284818 0.000422144 0.0227785 0.0213467 0.0211146 
0.442542 0.330015 0.460849 0.40692 0.452144 0.393719 0.000218489 0.000186913 0.000401494 0.000300186 0.000301279 0.0002169 0.0198519 0.0211146 0.0213467 
0.390388 0.462967 0.487437 0.476817 0.450905 0.431483 -1.1951e-07 -9.98035e-08 -2.35113e-07 -1.50247e-07 -1.79745e-07 -1.10881e-07 0.00271339 0.00144403 0.00318561 
0.499992 0.487437 0.462967 0.476817 0.490736 0.496854 -1.4922e-07 -2.35113e-07 -9.98035e-08 -1.50247e-07 -1.26364e-07 -1.89264e-07 0.00211216 0.00318561 0.00144403 
0.382289 0.461273 0.328985 0.406823 0.356381 0.427036 -0.00321162 -0.0012971 -0.000214537 -0.000688315 -0.0011791 -0.00230597 0.0285962 0.0272173 0.0269412 
0.441784 0.328985 0.461273 0.406823 0.45192 0.392779 0.000304417 -0.000214537 -0.0012971 -0.000688315 -0.000242102 1.58969e-05 0.0257121 0.0269412 0.0272173 
0.384289 0.453849 0.304342 0.39207 0.346943 0.422997 0.000412138 0.000612936 0.000314766 0.000481804 0.000385904 0.000551346 0.0229244 0.0245113 0.0245515 
0.443569 0.33156 0.462016 0.408405 0.453243 0.395026 0.000221309 7.02912e-05 0.000129474 0.000104453 0.000172133 0.000135282 0.0198751 0.0186833 0.0184001 
0.383137 0.462016 0.33156 0.408405 0.358521 0.427971 4.15099e-05 0.000129474 7.02912e-05 0.000104453 5.58699e-05 7.74803e-05 0.0170033 0.0184001 0.0186833 
0.443125 0.331084 0.461664 0.407952 0.45285 0.394544 7.05736e-06 1.98067e-07 7.07025e-07 5.3677e-07 3.23694e-06 2.44411e-06 0.013989 0.012774 0.012506 
0.38253 0.461664 0.331084 0.407952 0.357972 0.427496 -1.21063e-06 7.07025e-07 1.98067e-07 5.3677e-07 -6.58449e-07 -8.06019e-07 0.0111018 0.012506 0.012774 
0.499993 0.495365 0.461539 0.495892 0.490418 0.498822 3.16388e-06 -2.73496e-07 4.72185e-07 2.14398e-07 1.72974e-06 1.13417e-06 0.0129879 0.0120066 0.0123956 
0.382289 0.308401 0.458214 0.396845 0.424003 0.347427 -0.00321162 -0.00503953 -0.0144597 -0.00964651 -0.00735003 -0.0042363 0.0285962 0.0299092 0.030176 
0.499993 0.495436 0.461367 0.495831 0.490328 0.498856 0.000190346 0.000119366 0.000122179 0.000131261 0.000160509 0.00015254 0.0188697 0.0178884 0.0182802 
0.447033 0.453624 0.495759 0.480337 0.478208 0.450383 -1.22838e-06 -1.68079e-06 -1.53244e-06 -1.68418e-06 -1.41959e-06 -1.469e-06 0.00800183 0.00945691 0.00800513 
0.499998 0.49869 0.460734 0.493438 0.489991 0.499707 0.000662504 0.000742586 0.0006517 0.00073211 0.000695058 0.000727888 0.0247515 0.0238429 0.0241522 
2.4691e-35 0.215489 0.295447 0.257113 0.163959 0.115288 -2.19476e-35 -3.98019e-08 -1.3882e-07 -7.67825e-08 -4.74345e-08 -1.91237e-08 0.00444438 0.00293739 0.0042564 
0.499992 0.495759 0.453624 0.480337 0.488458 0.498952 -1.94353e-06 -1.53244e-06 -1.68079e-06 -1.68418e-06 -1.89601e-06 -1.76022e-06 0.00907619 0.00800513 0.00945691 
2.45094e-35 2.45095e-35 0.214835 0.114909 0.114909 4.90189e-35 1.44173e-35 2.16259e-35 -2.2377e-08 -6.13522e-09 -2.28571e-09 3.60432e-35 0.00294113 0.00441169 0.00283006 
0.214835 2.45095e-35 0.293851 0.162937 0.255942 0.114909 -2.2377e-08 2.16259e-35 -1.04001e-07 -2.6225e-08 -5.1953e-08 -6.13522e-09 0.00283006 0.00441169 0.0041684 
0.443569 0.493761 0.465333 0.482417 0.4551 0.474955 0.000221309 0.000275866 0.000422881 0.000352192 0.00031108 0.00025527 0.0198751 0.0198417 0.0214673 
0.38253 0.197696 0.3051 0.254333 0.346252 0.300834 -1.21063e-06 -4.4276e-07 -8.92278e-07 -6.93968e-07 -1.15108e-06 -8.64672e-07 0.0111018 0.0111109 0.00971642 
0.499989 0.465333 0.493761 0.482417 0.498522 0.491536 0.000405504 0.000422881 0.000275866 0.000352192 0.000339586 0.000432233 0.0208429 0.0214673 0.0198417 
0.499992 0.495244 0.464667 0.496451 0.491271 0.498765 2.20656e-05 4.10636e-05 2.75507e-05 3.68627e-05 2.60254e-05 3.06176e-05 0.0149591 0.0159354 0.0155609 
0.499992 0.495084 0.459594 0.495707 0.489839 0.498784 -1.94353e-06 -2.03114e-06 -1.81041e-06 -2.05006e-06 -1.96646e-06 -2.0328e-06 0.00907619 0.0100504 0.00974046 
0.189539 0.034315 0.0834268 0.0636118 0.130196 0.10787 -0.14483 -0.0618588 -0.0657072 -0.0707308 -0.10273 -0.115393 0.0342938 0.0329495 0.0340206 
9.82716e-35 0.847075 0.851395 0.849221 0.519902 0.516459 4.94436e-34 0.000615362 0.00138975 0.00103994 0.000440645 0.000264768 0.100858 0.106566 0.0924343 
0.382289 0.196952 0.308401 0.25472 0.347427 0.300234 -0.00321162 -0.000606906 -0.00503953 -0.00198334 -0.0042363 -0.00171913 0.0285962 0.0285341 0.0299092 
0.306604 0.152936 0.202069 0.177971 0.257149 0.235347 -8.05011e-07 -1.88946e-07 -3.84025e-07 -2.81381e-07 -6.15482e-07 -4.67581e-07 0.0096029 0.00962132 0.011024 
0.38253 0.331084 0.197696 0.269208 0.300834 0.357972 -1.21063e-06 1.98067e-07 -4.4276e-07 -5.46261e-07 -8.64672e-07 -6.58449e-07 0.0111018 0.012774 0.0111109 
0.499992 0.467041 0.461367 0.464263 0.490217 0.491644 7.38362e-05 6.13059e-05 0.000122179 8.76855e-05 0.000100836 7.02058e-05 0.0169115 0.0168696 0.0182802 
0.499988 0.466572 0.460734 0.46371 0.489904 0.491384 0.000671486 0.000585326 0.0006517 0.000636853 0.00070973 0.00064914 0.0227943 0.0227457 0.0241522 
0.499992 0.468692 0.461539 0.465208 0.490306 0.492102 -1.6897e-06 -1.62488e-06 4.72185e-07 -8.97065e-07 -8.36e-07 -1.69528e-06 0.0110292 0.0109177 0.0123956 
0.383137 0.33156 0.197915 0.269568 0.301319 0.358521 4.15099e-05 7.02912e-05 9.46141e-06 2.93462e-05 2.40355e-05 5.58699e-05 0.0170033 0.0186833 0.0170361 
2.4691e-35 0.272713 0.215489 0.244903 0.115288 0.149623 -7.31586e-36 -3.96334e-08 -3.98019e-08 -3.99855e-08 -9.19449e-09 -1.16897e-08 0.00148146 0.00174483 0.00293739 
0.499989 0.495053 0.465333 0.496641 0.491536 0.498679 0.000405504 0.000530423 0.000422881 0.000508255 0.000432233 0.00046882 0.0208429 0.0218174 0.0214673 
0.447033 0.357883 0.453624 0.412285 0.450383 0.407849 -1.22838e-06 -8.61321e-07 -1.68079e-06 -1.287e-06 -1.469e-06 -1.07035e-06 0.00800183 0.00840515 0.00945691 
0.306604 0.453624 0.357883 0.412285 0.333229 0.392706 -8.05011e-07 -1.68079e-06 -8.61321e-07 -1.287e-06 -8.58616e-07 -1.28475e-06 0.0096029 0.00945691 0.00840515 
0.390388 0.443072 0.295447 0.380676 0.34659 0.418869 -1.1951e-07 -3.48095e-07 -1.3882e-07 -2.4277e-07 -1.3344e-07 -2.07394e-07 0.00271339 0.00446607 0.0042564 
0.384289 0.304342 0.201684 0.255682 0.30362 0.346943 0.000412138 0.000314766 0.000117382 0.000216333 0.000261154 0.000385904 0.0229244 0.0245515 0.0229808 
0.433427 0.499 0.487209 0.495027 0.464879 0.478339 -0.0333832 -0.0240828 -0.0474374 -0.0344786 -0.0410143 -0.0301965 0.0318467 0.0307071 0.032091 
2.4691e-35 2.4691e-35 0.215489 0.115288 0.115288 4.9382e-35 -2.19476e-35 -1.46317e-35 -3.98019e-08 -1.30733e-08 -1.91237e-08 -3.65793e-35 0.00444438 0.00296292 0.00293739 
0.189539 0.127736 0.28207 0.201207 0.239467 0.159507 -0.14483 -0.0456712 -0.122483 -0.0835833 -0.138186 -0.0899033 0.0342938 0.0345783 0.0345942 
0.308721 0.201684 0.151288 0.176951 0.235872 0.25818 0.000184793 0.000117382 4.24534e-05 7.31798e-05 0.000104928 0.000160602 0.0215148 0.0229808 0.0214826 
0.444543 0.491717 0.439117 0.4715 0.441897 0.473356 0.00027215 0.000277024 -0.000487745 -8.42374e-05 -4.14542e-05 0.000276517 0.0257833 0.0257281 0.0268026 
0.35554 0.295447 0.443072 0.380676 0.404311 0.326797 -3.90406e-07 -1.3882e-07 -3.48095e-07 -2.4277e-07 -3.85439e-07 -2.3978e-07 0.00579891 0.0042564 0.00446607 
0.402941 0.407725 0.28207 0.3388 0.347908 0.404572 -0.117825 -0.223504 -0.122483 -0.173381 -0.124316 -0.166388 0.0342647 0.035757 0.0345942 
0.443125 0.493644 0.464667 0.482085 0.454533 0.474688 7.05736e-06 9.39982e-06 2.75507e-05 1.72802e-05 1.49148e-05 8.51048e-06 0.013989 0.0139611 0.0155609 
0.443569 0.465333 0.362132 0.42229 0.407327 0.4551 0.000221309 0.000422881 0.000166146 0.000284198 0.000198529 0.00031108 0.0198751 0.0214673 0.0202556 
0.499992 0.464667 0.493644 0.482085 0.498452 0.491271 2.20656e-05 2.75507e-05 9.39982e-06 1.72802e-05 1.48795e-05 2.60254e-05 0.0149591 0.0155609 0.0139611 
0.3051 0.342821 0.459594 0.410758 0.396803 0.324467 -8.92278e-07 -8.31838e-07 -1.81041e-06 -1.35719e-06 -1.404e-06 -8.899e-07 0.00971642 0.00831803 0.00974046 
0.286977 0.339658 0.421171 0.385437 0.360236 0.314943 -0.0294211 -0.0214994 -0.0618677 -0.0386897 -0.0462895 -0.0255054 0.0331271 0.0320338 0.0330386 
0.998783 0.976822 0.757978 0.910639 0.931184 0.9937 -0.0315796 -0.0911453 -0.0482381 -0.0753136 -0.0487736 -0.0566135 0.0702251 0.0604936 0.0587773 
0.306339 0.359639 0.461539 0.418559 0.398819 0.33406 -1.78341e-07 2.71841e-06 4.72185e-07 1.72674e-06 9.76307e-08 7.69015e-07 0.0124426 0.0136594 0.0123956 
0.440916 0.459594 0.342821 0.410758 0.397751 0.450697 -1.3131e-06 -1.81041e-06 -8.31838e-07 -1.35719e-06 -1.09241e-06 -1.58076e-06 0.00823707 0.00974046 0.00831803 
0.308721 0.362132 0.465333 0.42229 0.402816 0.336516 0.000184793 0.000166146 0.000422881 0.000284198 0.000315589 0.000179979 0.0215148 0.0202556 0.0214673 
0.306047 0.359375 0.461367 0.418329 0.398571 0.333789 4.99448e-05 0.000122932 0.000122179 0.000129986 8.85523e-05 8.06249e-05 0.0183278 0.0195418 0.0182802 
0.305104 0.358286 0.460734 0.417422 0.39768 0.332734 0.000325422 0.000344524 0.0006517 0.000523022 0.000511226 0.000371818 0.0241918 0.0253949 0.0241522 
0.404407 0.380031 0.273385 0.330912 0.345857 0.392565 -1.14343e-07 -5.27828e-08 -2.86111e-08 -4.1393e-08 -6.13595e-08 -7.32283e-08 0.00273535 0.00103165 0.00173807 
0.442753 0.461539 0.359639 0.418559 0.405779 0.452612 6.92726e-06 4.72185e-07 2.71841e-06 1.72674e-06 4.58542e-06 2.91968e-06 0.0139705 0.0123956 0.0136594 
0.442542 0.461367 0.359375 0.418329 0.405535 0.452425 0.000218489 0.000122179 0.000122932 0.000129986 0.000169851 0.000166367 0.0198519 0.0182802 0.0195418 
0.441784 0.460734 0.358286 0.417422 0.404582 0.451697 0.000304417 0.0006517 0.000344524 0.000523022 0.000353933 0.000564351 0.0257121 0.0241522 0.0253949 
0.307477 0.197915 0.149372 0.174093 0.234304 0.255769 1.00716e-05 9.46141e-06 1.84717e-06 4.60356e-06 5.1618e-06 1.07739e-05 0.0155915 0.0170361 0.0155547 
0.390388 0.272713 0.380095 0.33066 0.385299 0.336856 -1.1951e-07 -3.96334e-08 -6.13661e-08 -5.1774e-08 -8.13291e-08 -7.1719e-08 0.00271339 0.00174483 0.00103131 
0.499 0.416804 0.475781 0.450783 0.490981 0.473235 -0.0240828 -0.0152158 -0.010877 -0.0132937 -0.0167615 -0.020987 0.0307071 0.0306669 0.029594 
0.489682 0.407725 0.402941 0.404572 0.44816 0.458864 -0.155982 -0.223504 -0.117825 -0.166388 -0.140074 -0.191938 0.0350325 0.035757 0.0342647 
4.69507e-36 1.26372e-35 0.127736 0.0720665 0.050118 1.775e-35 -1.75589e-34 -1.7594e-34 -0.0456712 -0.0125428 -0.0129392 -3.52194e-34 0.0354725 0.0355403 0.0345783 
0.404407 0.466825 0.380031 0.430171 0.392565 0.439651 -1.14343e-07 -9.26499e-08 -5.27828e-08 -7.25397e-08 -7.32283e-08 -1.04206e-07 0.00273535 0.00136219 0.00103165 
0.390388 0.380095 0.462967 0.427448 0.431483 0.385299 -1.1951e-07 -6.13661e-08 -9.98035e-08 -8.0117e-08 -1.10881e-07 -8.13291e-08 0.00271339 0.00103131 0.00144403 
0.443125 0.464667 0.361344 0.421506 0.406716 0.454533 7.05736e-06 2.75507e-05 5.62125e-06 1.39531e-05 6.56413e-06 1.49148e-05 0.013989 0.0155609 0.0143469 
0.499992 0.469766 0.464667 0.467264 0.491275 0.492542 7.38362e-05 6.8412e-05 2.75507e-05 4.4432e-05 4.83281e-05 7.36642e-05 0.0169115 0.017046 0.0155609 
0.307477 0.361344 0.464667 0.421506 0.4018 0.335513 1.00716e-05 5.62125e-06 2.75507e-05 1.39531e-05 1.93813e-05 7.89107e-06 0.0155915 0.0143469 0.0155609 
0.270831 0.28207 0.127736 0.201207 0.200018 0.27977 -0.0578957 -0.122483 -0.0456712 -0.0835833 -0.0560706 -0.087485 0.0340601 0.0345942 0.0345783 
0.433427 0.421171 0.339658 0.385437 0.391052 0.428622 -0.0333832 -0.0618677 -0.0214994 -0.0386897 -0.0279968 -0.0459606 0.0318467 0.0330386 0.0320338 
2.4691e-35 2.4691e-35 0.215489 0.115288 0.115288 4.9382e-35 -1.46317e-35 -7.31586e-36 -3.98019e-08 -9.19449e-09 -1.30733e-08 -2.19476e-35 0.00296292 0.00148146 0.00293739 
0.499992 0.467642 0.459594 0.46373 0.489968 0.491972 -1.6897e-06 -1.53143e-06 -1.81041e-06 -1.83438e-06 -1.96959e-06 -1.63425e-06 0.0110292 0.0111103 0.00974046 
0.308401 0.366298 0.458214 0.419111 0.396845 0.337507 -0.00503953 -0.0142693 -0.0144597 -0.0151734 -0.00964651 -0.00872544 0.0299092 0.0310825 0.030176 
9.86915e-35 9.82716e-35 0.851395 0.519902 0.520658 1.96851e-34 4.36336e-34 4.94436e-34 0.00138975 0.000440645 0.000513585 9.30797e-34 0.088994 0.100858 0.0924343 
0.455229 0.458214 0.366298 0.419111 0.41621 0.455891 -0.0290355 -0.0144597 -0.0142693 -0.0151734 -0.0211956 -0.0208068 0.0315852 0.030176 0.0310825 
0.304342 0.453849 0.35328 0.410673 0.329714 0.39207 0.000314766 0.000612936 0.000283105 0.000459588 0.000335569 0.000481804 0.0245515 0.0245113 0.0256635 
0.270831 0.154827 0.286977 0.223055 0.281985 0.219417 -0.0578957 -0.0112161 -0.0294211 -0.0204533 -0.0419624 -0.029917 0.0340601 0.0337546 0.0331271 
0.328985 0.145111 0.196952 0.171281 0.267609 0.245243 -0.000214537 -1.54437e-05 -0.000606906 -0.000206804 -0.000515247 -7.87167e-05 0.0269412 0.0271202 0.0285341 
0.330015 0.145899 0.196817 0.171876 0.268176 0.246299 0.000186913 3.80993e-05 0.000108825 6.60291e-05 0.000159872 0.000105188 0.0211146 0.0213222 0.0227868 
0.330448 0.146128 0.197368 0.172251 0.268693 0.24667 9.33913e-06 1.73406e-06 8.82671e-06 4.24701e-06 1.03386e-05 4.98845e-06 0.0152351 0.0154415 0.0169122 
0.305104 0.196817 0.145462 0.17163 0.231183 0.253967 0.000325422 0.000108825 8.04004e-05 9.67442e-05 0.000194286 0.00021052 0.0241918 0.0227868 0.0242466 
0.306047 0.197368 0.146051 0.172212 0.232019 0.254726 4.99448e-05 8.82671e-06 1.06233e-05 9.68004e-06 2.75235e-05 2.29128e-05 0.0183278 0.0169122 0.0183831 
0.306339 0.202069 0.146129 0.1747 0.232226 0.257001 -1.78341e-07 -3.84025e-07 -9.25499e-08 -2.50717e-07 -1.83031e-07 -4.98831e-07 0.0124426 0.011024 0.0125 
0.734681 0.998783 0.757978 0.931184 0.757615 0.927707 -0.00746109 -0.0315796 -0.0482381 -0.0487736 -0.0220793 -0.017418 0.0722603 0.0702251 0.0587773 
0.441784 0.461273 0.493397 0.48062 0.473983 0.45192 0.000304417 -0.0012971 0.000267277 -0.000358176 0.000282496 -0.000242102 0.0257121 0.0272173 0.0257268 
0.442542 0.460849 0.493651 0.480746 0.474498 0.452144 0.000218489 0.000401494 0.000276992 0.00034376 0.000254411 0.000301279 0.0198519 0.0213467 0.0198524 
0.499812 0.493397 0.461273 0.48062 0.491688 0.498877 -0.000856372 0.000267277 -0.0012971 -0.000358176 -0.00116521 -0.000171044 0.0267883 0.0257268 0.0272173 
0.442753 0.461229 0.493729 0.480945 0.474649 0.452441 6.92726e-06 2.54727e-05 9.53887e-06 1.667e-05 8.52701e-06 1.41301e-05 0.0139705 0.0154666 0.0139705 
0.499989 0.493651 0.460849 0.480746 0.489983 0.498319 0.000405504 0.000276992 0.000401494 0.00034376 0.000420949 0.000339844 0.0208429 0.0198524 0.0213467 
0.499992 0.493729 0.461229 0.480945 0.490186 0.49838 2.20656e-05 9.53887e-06 2.54727e-05 1.667e-05 2.49902e-05 1.49737e-05 0.0149591 0.0139705 0.0154666 
0.441784 0.493397 0.460734 0.480453 0.451697 0.473983 0.000304417 0.000267277 0.0006517 0.000598481 0.000564351 0.000282496 0.0257121 0.0257268 0.0241522 
0.442542 0.493651 0.461367 0.48093 0.452425 0.474498 0.000218489 0.000276992 0.000122179 0.000190923 0.000166367 0.000254411 0.0198519 0.0198524 0.0182802 
0.442753 0.493729 0.461539 0.481054 0.452612 0.474649 6.92726e-06 9.53887e-06 4.72185e-07 3.66833e-06 2.91968e-06 8.52701e-06 0.0139705 0.0139705 0.0123956 
0.499998 0.460734 0.493397 0.480453 0.498267 0.489991 0.000662504 0.0006517 0.000267277 0.000598481 0.00051239 0.000695058 0.0247515 0.0241522 0.0257268 
0.499993 0.461367 0.493651 0.48093 0.498405 0.490328 0.000190346 0.000122179 0.000276992 0.000190923 0.000232601 0.000160509 0.0188697 0.0182802 0.0198524 
0.499993 0.461539 0.493729 0.481054 0.498442 0.490418 3.16388e-06 4.72185e-07 9.53887e-06 3.66833e-06 5.9756e-06 1.72974e-06 0.0129879 0.0123956 0.0139705 
0.02761 0.0834268 0.034315 0.0636118 0.0328978 0.05195 -0.0315161 -0.0657072 -0.0618588 -0.0707308 -0.0466421 -0.0489719 0.0333678 0.0340206 0.0329495 
2.45094e-35 0.214835 0.273385 0.24495 0.150041 0.114909 7.20864e-36 -2.2377e-08 -2.86111e-08 -2.58728e-08 -5.47663e-09 -1.67781e-09 0.00147056 0.00283006 0.00173807 
9.39854e-35 1.03114e-34 0.808506 0.479279 0.468454 1.70151e-34 -3.7363e-34 -3.56117e-34 -0.00587983 0.0102503 0.00711029 -7.16818e-34 0.078477 0.0746691 0.0723655 
0.499988 0.47137 0.465333 0.468417 0.49158 0.493069 0.000671486 0.000619333 0.000422881 0.00052801 0.000564674 0.00066235 0.0227943 0.0230043 0.0214673 
0.427469 0.48454 0.339947 0.428276 0.382338 0.461859 -0.0540584 -0.0585405 -0.0206497 -0.03875 -0.0341758 -0.0590377 0.0341546 0.0330521 0.0323682 
0.455229 0.339947 0.48454 0.428276 0.469189 0.407566 -0.0290355 -0.0206497 -0.0585405 -0.03875 -0.0416845 -0.0266882 0.0315852 0.0323682 0.0330521 
0.9879 0.851395 0.847075 0.849221 0.980387 0.981156 0.00150221 0.00138975 0.000615362 0.00103994 0.00120294 0.00177516 0.0989561 0.0924343 0.106566 
0.361857 0.393812 0.475781 0.442499 0.430343 0.378654 -0.00580473 -0.00250725 -0.010877 -0.00576351 -0.00864553 -0.00395928 0.0297294 0.0283548 0.029594 
0.442753 0.359639 0.330448 0.345389 0.394041 0.405779 6.92726e-06 2.71841e-06 9.33913e-06 5.58216e-06 8.93365e-06 4.58542e-06 0.0139705 0.0136594 0.0152351 
0.442542 0.359375 0.330015 0.345051 0.393719 0.405535 0.000218489 0.000122932 0.000186913 0.000154492 0.0002169 0.000169851 0.0198519 0.0195418 0.0211146 
0.441784 0.358286 0.328985 0.343901 0.392779 0.404582 0.000304417 0.000344524 -0.000214537 0.000125573 1.58969e-05 0.000353933 0.0257121 0.0253949 0.0269412 
0.444543 0.35328 0.453849 0.410673 0.449326 0.404364 0.00027215 0.000283105 0.000612936 0.000459588 0.000508992 0.000294513 0.0257833 0.0256635 0.0245113 
0.3051 0.197696 0.144306 0.171544 0.230703 0.254333 -8.92278e-07 -4.4276e-07 -2.21535e-07 -3.27559e-07 -5.30062e-07 -6.93968e-07 0.00971642 0.0111109 0.00962945 
0.447033 0.314707 0.357883 0.33701 0.407849 0.390902 -1.22838e-06 -4.44222e-07 -8.61321e-07 -6.37174e-07 -1.07035e-06 -8.20597e-07 0.00800183 0.00714407 0.00840515 
0.499648 0.443072 0.487437 0.469257 0.495728 0.483462 -5.12524e-07 -3.48095e-07 -2.35113e-07 -2.94132e-07 -3.53388e-07 -4.48258e-07 0.00481034 0.00446607 0.00318561 
0.499648 0.487437 0.488256 0.499989 0.497978 0.495728 -5.12524e-07 -2.35113e-07 -2.73214e-07 -2.67464e-07 -3.83999e-07 -3.53388e-07 0.00481034 0.00318561 0.00356764 
0.308401 0.196952 0.144973 0.171327 0.23277 0.25472 -0.00503953 -0.000606906 -0.000983584 -0.000795577 -0.00269981 -0.00198334 0.0299092 0.0285341 0.0298928 
0.331084 0.147133 0.197696 0.172903 0.269208 0.247483 1.98067e-07 -1.51034e-07 -4.4276e-07 -3.20311e-07 -5.46261e-07 -1.5092e-07 0.012774 0.0126042 0.0111109 
0.802413 0.915892 0.836606 0.927529 0.836402 0.88521 -0.284817 -0.166163 -0.152928 -0.172755 -0.235336 -0.226698 0.0470884 0.0531637 0.0595568 
9.82716e-35 9.80874e-35 0.847075 0.516074 0.516459 1.96266e-34 4.94436e-34 5.5212e-34 0.000615362 0.000177006 0.000264768 1.04656e-33 0.100858 0.11263 0.106566 
2.39336e-35 0.193538 0.284874 0.242509 0.158203 0.102015 -1.55666e-34 -0.00175002 -0.00849631 -0.00420995 -0.00239214 -0.000672388 0.0315198 0.0302046 0.0312269 
0.356812 0.192696 0.314707 0.257539 0.336437 0.282494 -3.12408e-07 -9.78376e-08 -4.44222e-07 -2.34969e-07 -3.81191e-07 -2.09619e-07 0.00552802 0.00623237 0.00714407 
0.519403 0.489682 0.525914 0.517546 0.531591 0.501978 -0.213318 -0.155982 -0.123299 -0.14282 -0.166926 -0.184081 0.0363114 0.0350325 0.0348159 
0.443125 0.361344 0.331084 0.346586 0.394544 0.406716 7.05736e-06 5.62125e-06 1.98067e-07 2.0009e-06 2.44411e-06 6.56413e-06 0.013989 0.0143469 0.012774 
0.572275 0.519403 0.525914 0.531591 0.544651 0.555236 -0.182442 -0.213318 -0.123299 -0.166926 -0.152571 -0.203053 0.0370563 0.0363114 0.0348159 
0.499812 0.496585 0.480263 0.498314 0.494057 0.499517 -0.000856372 -0.00293058 -0.003082 -0.00318909 -0.00185494 -0.00174519 0.0267883 0.027752 0.0279387 
0.500012 0.480263 0.496585 0.498314 0.499338 0.494613 -0.00667581 -0.003082 -0.00293058 -0.00318909 -0.00456527 -0.00474614 0.0286934 0.0279387 0.027752 
0.189539 0.0834268 0.127736 0.108745 0.159507 0.130196 -0.14483 -0.0657072 -0.0456712 -0.0585023 -0.0899033 -0.10273 0.0342938 0.0340206 0.0345783 
9.56948e-35 9.88156e-35 0.734681 0.429974 0.423344 1.96305e-34 3.1526e-34 3.76624e-34 -0.00746109 -0.00190285 -0.00421277 6.91421e-34 0.0643701 0.0768492 0.0722603 
0.33156 0.146363 0.197915 0.172646 0.269568 0.247448 7.02912e-05 1.14286e-05 9.46141e-06 1.03138e-05 2.93462e-05 3.57132e-05 0.0186833 0.018528 0.0170361 
0.443569 0.362132 0.33156 0.347217 0.395026 0.407327 0.000221309 0.000166146 7.02912e-05 0.000110402 0.000135282 0.000198529 0.0198751 0.0202556 0.0186833 
0.499993 0.493644 0.461664 0.481023 0.490372 0.49839 3.16388e-06 9.39982e-06 7.07025e-07 3.88173e-06 1.89611e-06 5.90985e-06 0.0129879 0.0139611 0.012506 
0.443125 0.461664 0.493644 0.481023 0.474688 0.45285 7.05736e-06 7.07025e-07 9.39982e-06 3.88173e-06 8.51048e-06 3.23694e-06 0.013989 0.012506 0.0139611 
0.304342 0.141507 0.201684 0.172303 0.255682 0.229064 0.000314766 7.60088e-05 0.000117382 9.81167e-05 0.000216333 0.000188713 0.0245515 0.0244641 0.0229808 
0.35554 0.289191 0.187096 0.240655 0.279356 0.323928 -3.90406e-07 -4.34961e-07 -1.35508e-07 -2.588e-07 -2.70377e-07 -4.26875e-07 0.00579891 0.00727127 0.00636258 
0.688327 0.512567 0.790792 0.686074 0.738887 0.654425 -0.236497 -0.0768271 -0.221311 -0.147796 -0.234853 -0.157042 0.0414388 0.0420012 0.0459969 
0.498842 0.491748 0.434165 0.469826 0.478895 0.496103 -1.121e-06 -1.49939e-06 -9.27236e-07 -1.23012e-06 -1.08093e-06 -1.31101e-06 0.00687187 0.00794147 0.00710511 
0.404407 0.273385 0.214835 0.24495 0.322259 0.345857 -1.14343e-07 -2.86111e-08 -2.2377e-08 -2.58728e-08 -6.59214e-08 -6.13595e-08 0.00273535 0.00173807 0.00283006 
0.489789 0.408157 0.466825 0.441147 0.479951 0.459177 -8.13389e-08 -5.57478e-08 -9.26499e-08 -6.86148e-08 -8.306e-08 -7.07839e-08 -2.11716e-10 -5.39852e-10 0.00136219 
0.408157 0.489789 0.462967 0.478466 0.438621 0.459177 -6.18947e-08 -8.36584e-08 -9.98035e-08 -8.6876e-08 -7.44192e-08 -7.54351e-08 6.14012e-10 2.62952e-10 0.00144403 
0.499993 0.493761 0.462016 0.481243 0.490508 0.498438 0.000190346 0.000275866 0.000129474 0.000195394 0.000164865 0.000231935 0.0188697 0.0198417 0.0184001 
0.443569 0.462016 0.493761 0.481243 0.474955 0.453243 0.000221309 0.000129474 0.000275866 0.000195394 0.00025527 0.000172133 0.0198751 0.0184001 0.0198417 
0.499648 0.488256 0.472715 0.481293 0.49462 0.497978 -5.12524e-07 -2.73214e-07 -5.43475e-07 -3.91155e-07 -5.49175e-07 -3.83999e-07 0.00481034 0.00356764 0.00528538 
2.45094e-35 2.45094e-35 0.214835 0.114909 0.114909 4.90189e-35 7.20864e-36 1.44173e-35 -2.2377e-08 -2.28571e-09 -1.67781e-09 2.16259e-35 0.00147056 0.00294113 0.00283006 
9.56948e-35 0.734681 0.757978 0.757615 0.465502 0.423344 3.1526e-34 -0.00746109 -0.0482381 -0.0220793 -0.0109601 -0.00421277 0.0643701 0.0722603 0.0587773 
0.270831 0.127736 0.125943 0.132873 0.19902 0.200018 -0.0578957 -0.0456712 -0.0160357 -0.0287925 -0.03554 -0.0560706 0.0340601 0.0345783 0.0345478 
1.26372e-35 0.125943 0.127736 0.132873 0.0720665 0.0596072 -1.7594e-34 -0.0160357 -0.0456712 -0.0287925 -0.0125428 -0.00507446 0.0355403 0.0345478 0.0345783 
0.390388 0.295447 0.215489 0.257113 0.313172 0.34659 -1.1951e-07 -1.3882e-07 -3.98019e-08 -7.67825e-08 -8.03179e-08 -1.3344e-07 0.00271339 0.0042564 0.00293739 
0.498842 0.434165 0.477861 0.458918 0.491648 0.478895 -1.121e-06 -9.27236e-07 -7.40113e-07 -8.47887e-07 -9.30478e-07 -1.08093e-06 0.00687187 0.00710511 0.0059294 
0.998783 0.836606 0.976822 0.948678 0.9937 0.955164 -0.0315796 -0.152928 -0.0911453 -0.119594 -0.0566135 -0.0678539 0.0702251 0.0595568 0.0604936 
0.390388 0.215489 0.272713 0.244903 0.336856 0.313172 -1.1951e-07 -3.98019e-08 -3.96334e-08 -3.99855e-08 -7.1719e-08 -8.03179e-08 0.00271339 0.00293739 0.00174483 
0.499998 0.491717 0.453849 0.476635 0.488672 0.498021 0.000662504 0.000277024 0.000612936 0.000544316 0.000666365 0.00051508 0.0247515 0.0257281 0.0245113 
0.444543 0.453849 0.491717 0.476635 0.473356 0.449326 0.00027215 0.000612936 0.000277024 0.000544316 0.000276517 0.000508992 0.0257833 0.0245113 0.0257281 
0.404407 0.214835 0.293851 0.255942 0.354375 0.322259 -1.14343e-07 -2.2377e-08 -1.04001e-07 -5.1953e-08 -1.15721e-07 -6.59214e-08 0.00273535 0.00283006 0.0041684 
0.488256 0.427557 0.472715 0.452839 0.481293 0.464371 -2.73214e-07 -2.70579e-07 -5.43475e-07 -3.92933e-07 -3.91155e-07 -2.82701e-07 0.00356764 0.00425685 0.00528538 
2.45095e-35 0.202109 0.314707 0.261734 0.176488 0.10756 3.60433e-35 -2.49584e-07 -4.44222e-07 -3.61206e-07 -1.29762e-07 -5.74723e-08 0.00735283 0.00836229 0.00714407 
2.45094e-35 0.273385 0.180922 0.229126 0.0955187 0.150041 7.20864e-36 -2.86111e-08 -1.05712e-08 -1.72321e-08 -2.22679e-09 -5.47663e-09 0.00147056 0.00173807 0.000914967 
2.45095e-35 0.314707 0.192696 0.257539 0.102182 0.176488 3.60433e-35 -4.44222e-07 -9.78376e-08 -2.34969e-07 -3.49216e-08 -1.29762e-07 0.00735283 0.00714407 0.00623237 
4.69507e-36 0.127736 0.0322696 0.0737326 0.0179125 0.050118 -1.75589e-34 -0.0456712 -0.0186135 -0.0325878 -0.00555414 -0.0129392 0.0354725 0.0345783 0.0342714 
2.4691e-35 0.295447 0.204649 0.252127 0.10902 0.163959 -2.19476e-35 -1.3882e-07 -1.12993e-07 -1.31617e-07 -2.98527e-08 -4.74345e-08 0.00444438 0.0042564 0.0054096 
0.688327 0.601715 0.512567 0.585382 0.654425 0.646474 -0.236497 -0.165988 -0.0768271 -0.128284 -0.157042 -0.201294 0.0414388 0.0389809 0.0420012 
0.404407 0.293851 0.427557 0.36925 0.416383 0.354375 -1.14343e-07 -1.04001e-07 -2.70579e-07 -1.8548e-07 -1.7683e-07 -1.15721e-07 0.00273535 0.0041684 0.00425685 
9.39854e-35 0.808506 0.682707 0.749592 0.388871 0.468454 -3.7363e-34 -0.00587983 -0.000197073 -0.00122534 -0.00159638 0.00711029 0.078477 0.0723655 0.0818358 
0.75 1 0.937519 0.984379 0.859383 0.9375 9.49915e-41 2.84336e-39 6.68429e-05 2.67435e-05 1.51596e-05 5.25346e-39 0.136154 0.136153 0.126055 
2.66592e-35 0.235986 0.339947 0.292806 0.190601 0.11958 1.55599e-34 -0.0130691 -0.0206497 -0.0176336 -0.00582661 -0.00285581 0.0317559 0.0333286 0.0323682 
0.808506 0.836606 0.998783 0.955164 0.955243 0.819343 -0.00587983 -0.152928 -0.0315796 -0.0678539 -0.0261322 -0.0407 0.0723655 0.0595568 0.0702251 
0.356812 0.427557 0.293851 0.36925 0.326761 0.395168 -3.12408e-07 -2.70579e-07 -1.04001e-07 -1.8548e-07 -1.86183e-07 -3.00709e-07 0.00552802 0.00425685 0.0041684 
0.361857 0.284874 0.193538 0.242509 0.285817 0.3257 -0.00580473 -0.00849631 -0.00175002 -0.00420995 -0.00380571 -0.00736043 0.0297294 0.0312269 0.0302046 
2.4691e-35 0.169603 0.272713 0.223562 0.149623 0.089178 -7.31586e-36 -1.34827e-08 -3.96334e-08 -2.42103e-08 -1.16897e-08 -4.05997e-09 0.00148146 0.000954096 0.00174483 
9.80874e-35 0.707276 0.847075 0.782684 0.516074 0.406338 5.5212e-34 0.000104247 0.000615362 0.000277252 0.000177006 5.79087e-05 0.11263 0.119124 0.106566 
4.94014e-35 6.74828e-35 0.512567 0.320988 0.277791 1.14693e-34 1.84678e-34 2.10269e-34 -0.0768271 -0.0226472 -0.020931 3.93285e-34 0.037824 0.0430452 0.0420012 
0.361857 0.416804 0.284874 0.357973 0.3257 0.391674 -0.00580473 -0.0152158 -0.00849631 -0.0123646 -0.00736043 -0.00971386 0.0297294 0.0306669 0.0312269 
0.976822 0.836606 0.915892 0.927529 0.951867 0.948678 -0.0911453 -0.152928 -0.166163 -0.172755 -0.127876 -0.119594 0.0604936 0.0595568 0.0531637 
2.39336e-35 0.284874 0.195968 0.241979 0.108277 0.158203 -1.55666e-34 -0.00849631 -0.00777156 -0.00855884 -0.00157812 -0.00239214 0.0315198 0.0312269 0.0325028 
0.741357 0.757978 0.915892 0.883075 0.847078 0.764221 -0.114731 -0.0482381 -0.166163 -0.100648 -0.146434 -0.0819313 0.0488899 0.0587773 0.0531637 
0.447033 0.495759 0.466269 0.484529 0.457191 0.478208 -1.22838e-06 -1.53244e-06 -9.02843e-07 -1.2182e-06 -1.07027e-06 -1.41959e-06 0.00800183 0.00800513 0.00669073 
0.498842 0.466269 0.495759 0.484529 0.49975 0.494389 -1.121e-06 -9.02843e-07 -1.53244e-06 -1.2182e-06 -1.33589e-06 -1.06413e-06 0.00687187 0.00669073 0.00800513 
0.427469 0.339947 0.235986 0.292806 0.34328 0.382338 -0.0540584 -0.0206497 -0.0130691 -0.0176336 -0.0307778 -0.0341758 0.0341546 0.0323682 0.0333286 
0.455229 0.366298 0.339947 0.352706 0.407566 0.41621 -0.0290355 -0.0142693 -0.0206497 -0.0175514 -0.0266882 -0.0211956 0.0315852 0.0310825 0.0323682 
0.741357 0.790792 0.512567 0.686074 0.625763 0.789253 -0.114731 -0.221311 -0.0768271 -0.147796 -0.101071 -0.167085 0.0488899 0.0459969 0.0420012 
9.51978e-35 9.49879e-35 0.771729 0.453839 0.454211 1.90336e-34 -5.39477e-34 -4.85019e-34 0.000454842 0.000147225 0.000123027 -1.02448e-33 0.113293 0.101853 0.107943 
2.66592e-35 0.339947 0.207934 0.275148 0.112514 0.190601 1.55599e-34 -0.0206497 -0.00397133 -0.00994089 -0.00151665 -0.00582661 0.0317559 0.0323682 0.0309595 
0.998549 0.937519 0.986594 0.995496 0.99408 0.988776 0.000305172 6.68429e-05 4.64717e-05 6.29669e-05 0.00013394 0.000161934 0.116646 0.126055 0.128673 
0.35554 0.187096 0.204649 0.195936 0.286769 0.279356 -3.90406e-07 -1.35508e-07 -1.12993e-07 -1.25072e-07 -2.36452e-07 -2.70377e-07 0.00579891 0.00636258 0.0054096 
0.998549 0.986594 0.749556 0.905065 0.927494 0.99408 0.000305172 4.64717e-05 3.97059e-05 4.93732e-05 0.000140387 0.00013394 0.116646 0.128673 0.125629 
0.499648 0.477861 0.443072 0.462484 0.483462 0.492993 -5.12524e-07 -7.40113e-07 -3.48095e-07 -5.1888e-07 -4.48258e-07 -6.32119e-07 0.00481034 0.0059294 0.00446607 
0.439117 0.309245 0.35328 0.332063 0.400943 0.383215 -0.000487745 -0.000268987 0.000283105 5.58345e-05 7.85473e-05 -0.000421212 0.0268026 0.0272135 0.0256635 
0.502441 0.421171 0.487209 0.461128 0.495311 0.473376 -0.0734594 -0.0618677 -0.0474374 -0.0560215 -0.0597808 -0.0718193 0.0329944 0.0330386 0.032091 
0.35554 0.443072 0.477861 0.462484 0.430076 0.404311 -3.90406e-07 -3.48095e-07 -7.40113e-07 -5.1888e-07 -5.84625e-07 -3.85439e-07 0.00579891 0.00446607 0.0059294 
0.35328 0.309245 0.206626 0.260817 0.286276 0.332063 0.000283105 -0.000268987 0.000117007 5.72355e-05 0.000199689 5.58345e-05 0.0256635 0.0272135 0.0259673 
0.433427 0.487209 0.421171 0.461128 0.428622 0.464879 -0.0333832 -0.0474374 -0.0618677 -0.0560215 -0.0459606 -0.0410143 0.0318467 0.032091 0.0330386 
2.46909e-35 0.289191 0.196288 0.244854 0.104229 0.159968 -3.65793e-35 -4.34961e-07 -2.95631e-07 -3.78434e-07 -8.17221e-08 -1.42555e-07 0.0074073 0.00727127 0.00847865 
-9.82484e-35 0.034315 0.113048 0.058549 0.0327444 0.00592005 -1.95385e-35 -0.0618588 -0.167331 -0.108136 -0.102068 -0.0409583 0.0241784 0.0329495 0.0338794 
0.35554 0.434165 0.289191 0.371936 0.323928 0.398665 -3.90406e-07 -9.27236e-07 -4.34961e-07 -6.98408e-07 -4.26875e-07 -6.2561e-07 0.00579891 0.00710511 0.00727127 
1.03114e-34 0.836606 0.808506 0.819343 0.479279 0.536192 -3.56117e-34 -0.152928 -0.00587983 -0.0407 0.0102503 -0.0592279 0.0746691 0.0595568 0.0723655 
2.48423e-35 0.141507 0.206626 0.174879 0.11018 0.0737334 -1.24497e-34 7.60088e-05 0.000117007 0.000105551 4.59911e-05 2.24016e-05 0.0252116 0.0244641 0.0259673 
6.74828e-35 0.40122 0.512567 0.481447 0.320988 0.205809 2.10269e-34 -0.0249348 -0.0768271 -0.0499187 -0.0226472 -0.00690267 0.0430452 0.0486528 0.0420012 
0.741357 0.512567 0.40122 0.481447 0.602343 0.625763 -0.114731 -0.0768271 -0.0249348 -0.0499187 -0.0646411 -0.101071 0.0488899 0.0420012 0.0486528 
0.998549 0.847075 0.707276 0.782684 0.93679 0.968866 0.000305172 0.000615362 0.000104247 0.000277252 0.000229848 0.000506436 0.116646 0.106566 0.119124 
2.46724e-35 2.48874e-35 0.225543 0.121658 0.121111 4.97018e-35 -1.4754e-34 -1.39655e-34 -0.000813329 -0.000151379 -0.000304308 -2.87212e-34 0.0298783 0.0282817 0.0287245 
0.35554 0.204649 0.295447 0.252127 0.326797 0.286769 -3.90406e-07 -1.12993e-07 -1.3882e-07 -1.31617e-07 -2.3978e-07 -2.36452e-07 0.00579891 0.0054096 0.0042564 
0.356812 0.19895 0.192696 0.195831 0.282494 0.28513 -3.12408e-07 -6.78705e-08 -9.78376e-08 -8.09568e-08 -2.09619e-07 -1.72966e-07 0.00552802 0.00525466 0.00623237 
0.489789 0.466825 0.499992 0.491769 0.497479 0.479951 -8.13389e-08 -9.26499e-08 -9.78862e-08 -9.88449e-08 -8.72908e-08 -8.306e-08 -2.11716e-10 0.00136219 0.000952935 
2.46909e-35 0.187096 0.289191 0.240655 0.159968 0.0990039 -3.65793e-35 -1.35508e-07 -4.34961e-07 -2.588e-07 -1.42555e-07 -5.41432e-08 0.0074073 0.00636258 0.00727127 
0.489789 0.499992 0.462967 0.490664 0.478466 0.497403 -8.36584e-08 -9.78862e-08 -9.98035e-08 -1.02505e-07 -8.6876e-08 -8.84065e-08 2.62952e-10 0.000952935 0.00144403 
2.45095e-35 0.19895 0.293851 0.24864 0.162937 0.10575 2.16259e-35 -6.78705e-08 -1.04001e-07 -9.00304e-08 -2.6225e-08 -1.12414e-08 0.00441169 0.00525466 0.0041684 
2.39336e-35 2.46724e-35 0.193538 0.103411 0.102015 4.89039e-35 -1.55666e-34 -1.4754e-34 -0.00175002 -0.000392102 -0.000672388 -3.03256e-34 0.0315198 0.0298783 0.0302046 
-3.58552e-37 0.0322696 0.0020137 0.0128617 0.000214729 0.00635335 -1.68426e-34 -0.0186135 -0.00222323 -0.0107822 -0.000763841 -0.004 0.0341134 0.0342714 0.0334745 
0.189539 0.28207 0.407725 0.3388 0.296088 0.239467 -0.14483 -0.122483 -0.223504 -0.173381 -0.19637 -0.138186 0.0342938 0.0345942 0.035757 
2.4903e-35 2.48423e-35 0.206626 0.11018 0.110273 4.975e-35 -1.32001e-34 -1.24497e-34 0.000117007 4.59911e-05 2.94192e-05 -2.56489e-34 0.026731 0.0252116 0.0259673 
0.270831 0.125943 0.154827 0.141715 0.219417 0.19902 -0.0578957 -0.0160357 -0.0112161 -0.0136319 -0.029917 -0.03554 0.0340601 0.0345478 0.0337546 
0.741357 0.40122 0.757978 0.589536 0.764221 0.602343 -0.114731 -0.0249348 -0.0482381 -0.0396543 -0.0819313 -0.0646411 0.0488899 0.0486528 0.0587773 
0.464191 0.512567 0.601715 0.585382 0.545603 0.487746 -0.0778815 -0.0768271 -0.165988 -0.128284 -0.119442 -0.0812471 0.0375866 0.0420012 0.0389809 
8.57674e-35 0.836606 1.03114e-34 0.536192 2.6908e-34 0.550291 -2.02894e-34 -0.152928 -3.56117e-34 -0.0592279 -6.0109e-34 -0.173908 0.0402693 0.0595568 0.0746691 
0.304342 0.206626 0.141507 0.174879 0.229064 0.257989 0.000314766 0.000117007 7.60088e-05 0.000105551 0.000188713 0.000218991 0.0245515 0.0259673 0.0244641 
0.499992 0.499992 0.466825 0.491769 0.491701 0.499992 -1.4922e-07 -9.78862e-08 -9.26499e-08 -9.88449e-08 -1.21012e-07 -1.17938e-07 0.00211216 0.000952935 0.00136219 
0.499992 0.462967 0.499992 0.490664 0.499992 0.490736 -1.4922e-07 -9.98035e-08 -9.78862e-08 -1.02505e-07 -1.17938e-07 -1.26364e-07 0.00211216 0.00144403 0.000952935 
9.45791e-35 9.39854e-35 0.682707 0.388871 0.38814 1.9079e-34 -4.3126e-34 -3.7363e-34 -0.000197073 -0.00159638 -0.00169717 -8.08174e-34 0.0905488 0.078477 0.0818358 
2.21453e-35 0.195968 0.154827 0.17633 0.0868928 0.103822 -1.639e-34 -0.00777156 -0.0112161 -0.0096344 -0.0023064 -0.00217374 0.0331894 0.0325028 0.0337546 
1.00096 0.998783 0.734681 0.927707 0.935137 1.0003 -0.00171927 -0.0315796 -0.00746109 -0.017418 -0.00556622 -0.0118273 0.0817984 0.0702251 0.0722603 
9.45791e-35 0.682707 0.823039 0.756276 0.494872 0.38814 -4.3126e-34 -0.000197073 0.00158762 0.00145512 0.000503573 -0.00169717 0.0905488 0.0818358 0.089578 
0.572275 0.525914 0.511658 0.530068 0.554192 0.544651 -0.182442 -0.123299 -0.105619 -0.121267 -0.14379 -0.152571 0.0370563 0.0348159 0.036271 
0.356812 0.293851 0.19895 0.24864 0.28513 0.326761 -3.12408e-07 -1.04001e-07 -6.78705e-08 -9.00304e-08 -1.72966e-07 -1.86183e-07 0.00552802 0.0041684 0.00525466 
0.40433 0.407725 0.577525 0.49026 0.516597 0.404803 -0.312914 -0.223504 -0.267268 -0.256394 -0.303774 -0.271325 0.0374797 0.035757 0.0382523 
0.976822 0.915892 0.757978 0.883075 0.910639 0.951867 -0.0911453 -0.166163 -0.0482381 -0.100648 -0.0753136 -0.127876 0.0604936 0.0531637 0.0587773 
-9.82484e-35 -1.34075e-34 0.034315 0.0062522 0.00592005 -2.37321e-34 -1.95385e-35 -5.86767e-37 -0.0618588 -0.0128131 -0.0409583 5.64663e-36 0.0241784 0.0322086 0.0329495 
1.00096 0.734681 0.667255 0.704221 0.91868 0.935137 -0.00171927 -0.00746109 -8.49617e-05 -0.00252895 -0.000660976 -0.00556622 0.0817984 0.0722603 0.0824762 
1.00096 0.808506 0.998783 0.955243 1.0003 0.953727 -0.00171927 -0.00587983 -0.0315796 -0.0261322 -0.0118273 -0.00750008 0.0817984 0.0723655 0.0702251 
0.244894 0.180922 0.380031 0.292413 0.318761 0.213802 -2.12235e-08 -1.05712e-08 -5.27828e-08 -2.95097e-08 -3.47951e-08 -1.61169e-08 -4.69415e-10 0.000914967 0.00103165 
0.244894 0.380095 0.169603 0.287906 0.208464 0.3188 -2.60556e-08 -6.13661e-08 -1.34827e-08 -3.69722e-08 -1.97526e-08 -4.18663e-08 6.70043e-10 0.00103131 0.000954096 
0.390388 0.487437 0.443072 0.469257 0.418869 0.450905 -1.1951e-07 -2.35113e-07 -3.48095e-07 -2.94132e-07 -2.07394e-07 -1.79745e-07 0.00271339 0.00318561 0.00446607 
9.88156e-35 0.667255 0.734681 0.704221 0.429974 0.378653 3.76624e-34 -8.49617e-05 -0.00746109 -0.00252895 -0.00190285 -0.00036442 0.0768492 0.0824762 0.0722603 
0.384289 0.465333 0.47137 0.468417 0.435144 0.430748 0.000412138 0.000422881 0.000619333 0.00052801 0.000527916 0.000439667 0.0229244 0.0214673 0.0230043 
0.383137 0.464667 0.469766 0.467264 0.433507 0.429823 4.15099e-05 2.75507e-05 6.8412e-05 4.4432e-05 5.60106e-05 3.58755e-05 0.0170033 0.0155609 0.017046 
9.49879e-35 0.638046 0.771729 0.708641 0.453839 0.358647 -4.85019e-34 0.000801061 0.000454842 0.000600788 0.000147225 0.000172728 0.101853 0.0977481 0.107943 
0.998549 0.749556 0.623389 0.68969 0.893761 0.927494 0.000305172 3.97059e-05 0.000116367 7.22236e-05 0.000233689 0.000140387 0.116646 0.125629 0.116954 
0.270831 0.421171 0.402941 0.414223 0.33937 0.353806 -0.0578957 -0.0618677 -0.117825 -0.0870357 -0.0885515 -0.0642512 0.0340601 0.0330386 0.0342647 
9.86915e-35 0.851395 0.667255 0.768705 0.378654 0.520658 4.36336e-34 0.00138975 -8.49617e-05 0.00100351 0.00025694 0.000513585 0.088994 0.0924343 0.0824762 
0.382972 0.461539 0.468692 0.465208 0.432652 0.427584 -1.17521e-06 4.72185e-07 -1.62488e-06 -8.97065e-07 -1.42987e-06 -8.60911e-07 0.0110054 0.0123956 0.0109177 
3.02863e-35 3.72622e-35 0.299347 0.168812 0.15261 6.54954e-35 1.62085e-34 1.7009e-34 -0.0273375 -0.00797106 -0.00600381 3.32373e-34 0.0330829 0.034744 0.0351787 
1.00096 0.682707 0.808506 0.749592 0.953727 0.921249 -0.00171927 -0.000197073 -0.00587983 -0.00122534 -0.00750008 -0.000117027 0.0817984 0.0818358 0.0723655 
-3.58552e-37 4.69507e-36 0.0322696 0.0179125 0.00635335 2.44545e-36 -1.68426e-34 -1.75589e-34 -0.0186135 -0.00555414 -0.004 -3.44143e-34 0.0341134 0.0354725 0.0342714 
2.46909e-35 2.4691e-35 0.204649 0.10902 0.10902 4.93819e-35 -2.92634e-35 -2.19476e-35 -1.12993e-07 -2.98527e-08 -3.77998e-08 -5.1211e-35 0.00592584 0.00444438 0.0054096 
0.75 0.749556 0.986594 0.905065 0.905209 0.749785 5.21017e-40 3.97059e-05 4.64717e-05 4.93732e-05 1.22128e-05 1.05293e-05 0.136152 0.125629 0.128673 
0.382289 0.475906 0.461273 0.468759 0.427036 0.437957 -0.00321162 -0.00585645 -0.0012971 -0.00304243 -0.00230597 -0.00465264 0.0285962 0.0286705 0.0272173 
0.381554 0.460734 0.466572 0.46371 0.430564 0.426472 0.00040033 0.0006517 0.000585326 0.000636853 0.000504115 0.000552551 0.0227785 0.0241522 0.0227457 
0.382253 0.461367 0.467041 0.464263 0.431176 0.427188 3.91622e-05 0.000122179 6.13059e-05 8.76855e-05 5.14146e-05 7.288e-05 0.0169043 0.0182802 0.0168696 
0.502441 0.48454 0.525914 0.508204 0.512199 0.505251 -0.0734594 -0.0585405 -0.123299 -0.0867518 -0.0977965 -0.0690155 0.0329944 0.0330521 0.0348159 
0.38253 0.459594 0.467642 0.46373 0.431717 0.426084 -1.21063e-06 -1.81041e-06 -1.53143e-06 -1.83438e-06 -1.40279e-06 -1.59479e-06 0.0111018 0.00974046 0.0111103 
0.289191 0.434165 0.342821 0.393384 0.316989 0.371936 -4.34961e-07 -9.27236e-07 -8.31838e-07 -9.17747e-07 -6.14263e-07 -6.98408e-07 0.00727127 0.00710511 0.00831803 
0.499992 0.488256 0.487437 0.499989 0.496854 0.497058 -1.4922e-07 -2.73214e-07 -2.35113e-07 -2.67464e-07 -1.89264e-07 -2.02895e-07 0.00211216 0.00356764 0.00318561 
0.502441 0.481416 0.421171 0.453147 0.473376 0.495316 -0.0734594 -0.110741 -0.0618677 -0.0858466 -0.0718193 -0.0914478 0.0329944 0.0339808 0.0330386 
0.499992 0.453624 0.495084 0.47963 0.498784 0.488458 -1.94353e-06 -1.68079e-06 -2.03114e-06 -1.91407e-06 -2.0328e-06 -1.89601e-06 0.00907619 0.00945691 0.0100504 
-6.95579e-35 -3.58552e-37 0.0020137 0.000214729 -0.00166683 -1.94775e-36 -8.19527e-35 -1.68426e-34 -0.00222323 -0.000763841 0.000981083 -3.31613e-34 0.0332645 0.0341134 0.0334745 
0.382972 0.468692 0.453624 0.461527 0.422315 0.432652 -1.17521e-06 -1.62488e-06 -1.68079e-06 -1.80649e-06 -1.53261e-06 -1.42987e-06 0.0110054 0.0109177 0.00945691 
0.40433 0.205193 0.113048 0.136543 0.243365 0.306952 -0.312914 -0.242099 -0.167331 -0.199672 -0.253873 -0.300811 0.0374797 0.0310622 0.0338794 
-6.95579e-35 0.0020137 -1.37248e-34 0.000283452 -2.77423e-34 -0.00166683 -8.19527e-35 -0.00222323 7.68617e-37 0.000699181 8.89993e-37 0.000981083 0.0332645 0.0334745 0.0329627 
0.440916 0.342821 0.434165 0.393384 0.437586 0.397751 -1.3131e-06 -8.31838e-07 -9.27236e-07 -9.17747e-07 -1.12208e-06 -1.09241e-06 0.00823707 0.00831803 0.00710511 
0.464191 0.24504 0.512567 0.372705 0.487746 0.370068 -0.0778815 -0.0185838 -0.0768271 -0.0416851 -0.0812471 -0.0451252 0.0375866 0.0371089 0.0420012 
0.502441 0.525914 0.481416 0.510066 0.495316 0.512199 -0.0734594 -0.123299 -0.110741 -0.121679 -0.0914478 -0.0977965 0.0329944 0.0348159 0.0339808 
0.404407 0.427557 0.488256 0.464371 0.456415 0.416383 -1.14343e-07 -2.70579e-07 -2.73214e-07 -2.82701e-07 -1.8913e-07 -1.7683e-07 0.00273535 0.00425685 0.00356764 
9.80874e-35 9.80426e-35 0.707276 0.406263 0.406338 1.96107e-34 5.5212e-34 6.09769e-34 0.000104247 2.28371e-05 5.79087e-05 1.16189e-33 0.11263 0.124393 0.119124 
0.382253 0.467041 0.461229 0.464196 0.427088 0.431176 3.91622e-05 6.13059e-05 2.54727e-05 4.04373e-05 3.35322e-05 5.14146e-05 0.0169043 0.0168696 0.0154666 
0.998549 0.996537 0.847075 0.972403 0.968866 0.997667 0.000305172 0.000811516 0.000615362 0.00079793 0.000506436 0.000519985 0.116646 0.107522 0.106566 
0.381554 0.466572 0.460849 0.463774 0.426544 0.430564 0.00040033 0.000585326 0.000401494 0.000496715 0.000422144 0.000504115 0.0227785 0.0227457 0.0213467 
1.00096 0.667255 0.851395 0.768705 0.964043 0.91868 -0.00171927 -8.49617e-05 0.00138975 0.00100351 0.00131367 -0.000660976 0.0817984 0.0824762 0.0924343 
0.499992 0.461229 0.495244 0.482331 0.498765 0.490186 2.20656e-05 2.54727e-05 4.10636e-05 3.3169e-05 3.06176e-05 2.49902e-05 0.0149591 0.0154666 0.0159354 
2.66592e-35 3.02863e-35 0.235986 0.127589 0.11958 5.58915e-35 1.55599e-34 1.62085e-34 -0.0130691 -0.00376399 -0.00285581 3.17772e-34 0.0317559 0.0330829 0.0333286 
0.02761 0.0020137 0.0322696 0.0128617 0.0316998 0.010464 -0.0315161 -0.00222323 -0.0186135 -0.0107822 -0.0261731 -0.0121116 0.0333678 0.0334745 0.0342714 
0.40433 0.262109 0.407725 0.342662 0.404803 0.32331 -0.312914 -0.228075 -0.223504 -0.23604 -0.271325 -0.27352 0.0374797 0.0347345 0.035757 
0.382289 0.458214 0.475906 0.467268 0.437957 0.424003 -0.00321162 -0.0144597 -0.00585645 -0.00957075 -0.00465264 -0.00735003 0.0285962 0.030176 0.0286705 
0.499989 0.460849 0.495053 0.482017 0.498679 0.489983 0.000405504 0.000401494 0.000530423 0.000471366 0.00046882 0.000420949 0.0208429 0.0213467 0.0218174 
0.499812 0.461273 0.496585 0.483692 0.499517 0.491688 -0.000856372 -0.0012971 -0.00293058 -0.00206761 -0.00174519 -0.00116521 0.0267883 0.0272173 0.027752 
0.9879 0.847075 0.996537 0.972403 0.992852 0.980387 0.00150221 0.000615362 0.000811516 0.00079793 0.00113849 0.00120294 0.0989561 0.106566 0.107522 
0.998549 0.623389 0.771729 0.702262 0.933459 0.893761 0.000305172 0.000116367 0.000454842 0.000242482 0.000441846 0.000233689 0.116646 0.116954 0.107943 
0.688327 0.577525 0.601715 0.620051 0.646474 0.640332 -0.236497 -0.267268 -0.165988 -0.224754 -0.201294 -0.261673 0.0414388 0.0382523 0.0389809 
0.286977 0.154827 0.195968 0.17633 0.245844 0.223055 -0.0294211 -0.0112161 -0.00777156 -0.0096344 -0.0165425 -0.0204533 0.0331271 0.0337546 0.0325028 
-9.82484e-35 0.113048 0.205193 0.136543 0.0620746 0.0327444 -1.95385e-35 -0.167331 -0.242099 -0.199672 -0.117469 -0.102068 0.0241784 0.0338794 0.0310622 
0.499 0.496555 0.458214 0.482667 0.493542 0.500077 -0.0240828 -0.0127051 -0.0144597 -0.0140157 -0.0201787 -0.0178479 0.0307071 0.0296496 0.030176 
4.94014e-35 0.512567 0.24504 0.372705 0.138505 0.277791 1.84678e-34 -0.0768271 -0.0185838 -0.0416851 -0.00599485 -0.020931 0.037824 0.0420012 0.0371089 
0.455229 0.48454 0.500872 0.495438 0.486695 0.469189 -0.0290355 -0.0585405 -0.0410181 -0.0507406 -0.0359915 -0.0416845 0.0315852 0.0330521 0.0317736 
0.502441 0.500872 0.48454 0.495438 0.505251 0.503248 -0.0734594 -0.0410181 -0.0585405 -0.0507406 -0.0690155 -0.0556521 0.0329944 0.0317736 0.0330521 
0.440916 0.434165 0.491748 0.469826 0.472128 0.437586 -1.3131e-06 -9.27236e-07 -1.49939e-06 -1.23012e-06 -1.44239e-06 -1.12208e-06 0.00823707 0.00710511 0.00794147 
2.46724e-35 0.225543 0.193538 0.20998 0.103411 0.121111 -1.4754e-34 -0.000813329 -0.00175002 -0.0012357 -0.000392102 -0.000304308 0.0298783 0.0287245 0.0302046 
0.189539 0.407725 0.262109 0.342662 0.220977 0.296088 -0.14483 -0.223504 -0.228075 -0.23604 -0.184289 -0.19637 0.0342938 0.035757 0.0347345 
0.38253 0.467642 0.461664 0.464716 0.427496 0.431717 -1.21063e-06 -1.53143e-06 7.07025e-07 -7.31324e-07 -8.06019e-07 -1.40279e-06 0.0111018 0.0111103 0.012506 
0.272713 0.169603 0.380095 0.287906 0.33066 0.223562 -3.96334e-08 -1.34827e-08 -6.13661e-08 -3.69722e-08 -5.1774e-08 -2.42103e-08 0.00174483 0.000954096 0.00103131 
0.273385 0.380031 0.180922 0.292413 0.229126 0.330912 -2.86111e-08 -5.27828e-08 -1.05712e-08 -2.95097e-08 -1.72321e-08 -4.1393e-08 0.00173807 0.00103165 0.000914967 
8.47625e-35 9.56948e-35 0.757978 0.465502 0.43929 1.85819e-34 2.54391e-34 3.1526e-34 -0.0482381 -0.0109601 -0.0155853 5.69053e-34 0.0520114 0.0643701 0.0587773 
0.75 0.437499 0.749556 0.609104 0.749785 0.609374 5.21017e-40 -7.25116e-07 3.97059e-05 1.14285e-05 1.05293e-05 1.16034e-06 0.136152 0.130437 0.125629 
0.408157 0.380031 0.466825 0.430171 0.441147 0.394563 -5.57478e-08 -5.27828e-08 -9.26499e-08 -7.25397e-08 -6.86148e-08 -5.33629e-08 -5.39852e-10 0.00103165 0.00136219 
0.408157 0.462967 0.380095 0.427448 0.394593 0.438621 -6.18947e-08 -9.98035e-08 -6.13661e-08 -8.0117e-08 -6.01895e-08 -7.44192e-08 6.14012e-10 0.00144403 0.00103131 
0.572275 0.601715 0.577525 0.620051 0.583221 0.59038 -0.182442 -0.165988 -0.267268 -0.224754 -0.224682 -0.179159 0.0370563 0.0389809 0.0382523 
0.383137 0.469766 0.462016 0.465999 0.427971 0.433507 4.15099e-05 6.8412e-05 0.000129474 9.55326e-05 7.74803e-05 5.60106e-05 0.0170033 0.017046 0.0184001 
0.998549 0.707276 0.937519 0.843577 0.988776 0.93679 0.000305172 0.000104247 6.68429e-05 9.26301e-05 0.000161934 0.000229848 0.116646 0.119124 0.126055 
2.45095e-35 2.45095e-35 0.19895 0.10575 0.10575 4.90189e-35 2.16259e-35 2.88346e-35 -6.78705e-08 -1.30322e-08 -1.12414e-08 5.04605e-35 0.00441169 0.00588226 0.00525466 
0.499993 0.461664 0.495365 0.482595 0.498822 0.490372 3.16388e-06 7.07025e-07 -2.73496e-07 2.30757e-07 1.13417e-06 1.89611e-06 0.0129879 0.012506 0.0120066 
0.9879 0.998573 0.851395 0.969738 0.981156 0.994562 0.00150221 0.00171872 0.00138975 0.00181663 0.00177516 0.00170992 0.0989561 0.0907274 0.0924343 
0.384289 0.47137 0.453849 0.463136 0.422997 0.435144 0.000412138 0.000619333 0.000612936 0.000647833 0.000551346 0.000527916 0.0229244 0.0230043 0.0245113 
9.88156e-35 9.86915e-35 0.667255 0.378654 0.378653 1.9787e-34 3.76624e-34 4.36336e-34 -8.49617e-05 0.00025694 -0.00036442 8.13139e-34 0.0768492 0.088994 0.0824762 
0.408157 0.244894 0.380031 0.318761 0.394563 0.33673 -5.57478e-08 -2.12235e-08 -5.27828e-08 -3.47951e-08 -5.33629e-08 -3.88939e-08 -5.39852e-10 -4.69415e-10 0.00103165 
0.244894 0.408157 0.380095 0.394593 0.3188 0.33673 -2.60556e-08 -6.18947e-08 -6.13661e-08 -6.01895e-08 -4.18663e-08 -4.51594e-08 6.70043e-10 6.14012e-10 0.00103131 
0.427469 0.235986 0.299347 0.264957 0.374884 0.34328 -0.0540584 -0.0130691 -0.0273375 -0.0193025 -0.0429753 -0.0307778 0.0341546 0.0333286 0.0351787 
-2.34637e-34 0.586648 9.80426e-35 0.325201 1.96074e-34 0.32519 3.33712e-34 9.59388e-06 6.09769e-34 3.76458e-06 1.27719e-33 -7.99139e-07 0.136155 0.128453 0.124393 
9.80426e-35 0.586648 0.707276 0.649536 0.406263 0.325201 6.09769e-34 9.59388e-06 0.000104247 4.06041e-05 2.28371e-05 3.76458e-06 0.124393 0.128453 0.119124 
0.499992 0.466825 0.477899 0.472642 0.494469 0.491701 -1.4922e-07 -9.26499e-08 -1.54988e-07 -1.18062e-07 -1.55716e-07 -1.21012e-07 0.00211216 0.00136219 0.00248548 
0.404407 0.477899 0.466825 0.472642 0.439651 0.447596 -1.14343e-07 -1.54988e-07 -9.26499e-08 -1.18062e-07 -1.04206e-07 -1.39705e-07 0.00273535 0.00248548 0.00136219 
9.52354e-35 0.623389 0.749556 0.68969 0.437171 0.34905 -5.93904e-34 0.000116367 3.97059e-05 7.22236e-05 1.0249e-05 2.62715e-05 0.12472 0.116954 0.125629 
1 0.75 0.986594 0.905209 0.99665 0.9375 2.84336e-39 5.21017e-40 4.64717e-05 1.22128e-05 1.76879e-05 3.75916e-39 0.136153 0.136152 0.128673 
1.00096 0.851395 0.998573 0.969738 0.999745 0.964043 -0.00171927 0.00138975 0.00171872 0.00181663 0.000829005 0.00131367 0.0817984 0.0924343 0.0907274 
2.4716e-35 2.47017e-35 0.199021 0.105771 0.105801 4.94145e-35 -1.02413e-34 -9.5097e-35 4.26336e-05 9.88261e-06 1.30989e-05 -1.9751e-34 0.0207388 0.0192572 0.0200422 
0.499993 0.462016 0.495436 0.482782 0.498856 0.490508 0.000190346 0.000129474 0.000119366 0.000127177 0.00015254 0.000164865 0.0188697 0.0184001 0.0178884 
2.46905e-35 2.46904e-35 0.198444 0.10546 0.10546 4.93808e-35 -7.3156e-35 -6.58414e-35 8.6565e-07 7.17663e-08 2.86308e-07 -1.38997e-34 0.0148141 0.0133329 0.0141221 
0.9879 0.771729 0.638046 0.708641 0.873328 0.913532 0.00150221 0.000454842 0.000801061 0.000600788 0.00132317 0.00100827 0.0989561 0.107943 0.0977481 
2.45101e-35 2.451e-35 0.197728 0.105052 0.105052 4.90202e-35 6.48791e-35 7.20889e-35 7.0607e-07 2.83805e-07 7.94251e-08 1.36968e-34 0.0132353 0.0147061 0.0139129 
2.44998e-35 2.44867e-35 0.197526 0.104924 0.104951 4.89897e-35 9.37214e-35 1.00931e-34 3.83402e-05 1.17479e-05 8.85946e-06 1.94652e-34 0.0191191 0.0205898 0.0197954 
2.43655e-35 2.43015e-35 0.19653 0.104255 0.104356 4.86675e-35 1.22436e-34 1.29477e-34 0.000132444 3.3331e-05 4.49883e-05 2.5192e-34 0.0249761 0.0264127 0.0256372 
1.86267e-35 2.21453e-35 0.154827 0.0868928 0.079614 4.16245e-35 -1.71343e-34 -1.639e-34 -0.0112161 -0.0023064 -0.00311389 -3.35068e-34 0.0346784 0.0331894 0.0337546 
0.489682 0.519403 0.407725 0.471778 0.458864 0.501978 -0.155982 -0.213318 -0.223504 -0.224583 -0.191938 -0.184081 0.0350325 0.0363114 0.035757 
2.5039e-35 2.66592e-35 0.207934 0.112514 0.109424 5.11609e-35 1.4942e-34 1.55599e-34 -0.00397133 -0.00151665 -0.000920771 3.04927e-34 0.0304813 0.0317559 0.0309595 
2.46908e-35 2.46909e-35 0.196288 0.104229 0.104229 4.93817e-35 -4.38951e-35 -3.65793e-35 -2.95631e-07 -8.17221e-08 -9.47331e-08 -8.04743e-35 0.00888875 0.0074073 0.00847865 
0.356812 0.466269 0.472715 0.469578 0.426131 0.421023 -3.12408e-07 -9.02843e-07 -5.43475e-07 -7.09537e-07 -4.47827e-07 -5.78535e-07 0.00552802 0.00669073 0.00528538 
0.937519 0.707276 0.586648 0.649536 0.800687 0.843577 6.68429e-05 0.000104247 9.59388e-06 4.06041e-05 3.23066e-05 9.26301e-05 0.126055 0.119124 0.128453 
0.499998 0.453849 0.49869 0.484254 0.499707 0.488672 0.000662504 0.000612936 0.000742586 0.000702102 0.000727888 0.000666365 0.0247515 0.0245113 0.0238429 
1 0.986594 0.937519 0.995496 0.984379 0.99665 2.84336e-39 4.64717e-05 6.68429e-05 6.29669e-05 2.67435e-05 1.76879e-05 0.136153 0.128673 0.126055 
1.26372e-35 1.86267e-35 0.125943 0.0710838 0.0596072 3.18675e-35 -1.7594e-34 -1.71343e-34 -0.0160357 -0.00403777 -0.00507446 -3.47489e-34 0.0355403 0.0346784 0.0345478 
8.47625e-35 0.757978 0.40122 0.589536 0.228407 0.43929 2.54391e-34 -0.0482381 -0.0249348 -0.0396543 -0.00631917 -0.0155853 0.0520114 0.0587773 0.0486528 
-2.34637e-34 0.75 0.586648 0.673428 0.32519 0.4375 3.33712e-34 9.49915e-41 9.59388e-06 3.16348e-06 -7.99139e-07 -3.87137e-40 0.136155 0.136154 0.128453 
2.45098e-35 2.45099e-35 0.202069 0.107537 0.107537 4.90197e-35 5.04608e-35 5.76698e-35 -3.84025e-07 -9.27802e-08 -1.06491e-07 1.08131e-34 0.010294 0.0117646 0.011024 
2.45095e-35 2.45096e-35 0.202109 0.10756 0.10756 4.90191e-35 3.60433e-35 4.3252e-35 -2.49584e-07 -6.16688e-08 -5.74723e-08 7.92952e-35 0.00735283 0.0088234 0.00836229 
2.4509e-35 2.45064e-35 0.197368 0.104844 0.10485 4.90163e-35 7.92994e-35 8.65107e-35 8.82671e-06 2.8251e-06 1.8335e-06 1.6581e-34 0.0161771 0.0176482 0.0169122 
2.4462e-35 2.44215e-35 0.196817 0.104487 0.104565 4.88905e-35 1.08129e-34 1.15308e-34 0.000108825 3.23931e-05 2.79817e-05 2.23439e-34 0.0220581 0.0235224 0.0227868 
2.42901e-35 2.44248e-35 0.196952 0.10453 0.104145 4.86366e-35 1.36367e-34 1.43019e-34 -0.000606906 -0.000202094 -8.9591e-05 2.794e-34 0.0278168 0.0291747 0.0285341 
2.47857e-35 2.47424e-35 0.201684 0.107279 0.107363 4.95209e-35 -1.17091e-34 -1.09741e-34 0.000117382 3.06114e-05 3.4644e-05 -2.2683e-34 0.0237114 0.0222228 0.0229808 
2.46945e-35 2.46916e-35 0.197915 0.105153 0.10516 4.93852e-35 -8.77832e-35 -8.047e-35 9.46141e-06 1.96917e-06 3.00893e-06 -1.68253e-34 0.0177761 0.0162952 0.0170361 
2.46905e-35 2.46907e-35 0.197696 0.105033 0.105033 4.93812e-35 -5.85263e-35 -5.12107e-35 -4.4276e-07 -1.42889e-07 -1.32996e-07 -1.09737e-34 0.0118516 0.0103702 0.0111109 
0.464191 0.511658 0.299347 0.424247 0.379425 0.494488 -0.0778815 -0.105619 -0.0273375 -0.0626064 -0.0488509 -0.0940905 0.0375866 0.036271 0.0351787 
0.499 0.475781 0.496555 0.497766 0.500077 0.490981 -0.0240828 -0.010877 -0.0127051 -0.0125109 -0.0178479 -0.0167615 0.0307071 0.029594 0.0296496 
0.500012 0.496555 0.475781 0.497766 0.493471 0.49939 -0.00667581 -0.0127051 -0.010877 -0.0125109 -0.00887865 -0.00939686 0.0286934 0.0296496 0.029594 
0.427469 0.511658 0.525914 0.530068 0.500864 0.467087 -0.0540584 -0.105619 -0.123299 -0.121267 -0.0898901 -0.0768448 0.0341546 0.036271 0.0348159 
0.40433 0.113048 0.262109 0.192922 0.32331 0.243365 -0.312914 -0.167331 -0.228075 -0.207025 -0.27352 -0.253873 0.0374797 0.0338794 0.0347345 
0.499992 0.477899 0.488256 0.483484 0.497058 0.494469 -1.4922e-07 -1.54988e-07 -2.73214e-07 -2.05692e-07 -2.02895e-07 -1.55716e-07 0.00211216 0.00248548 0.00356764 
-2.36029e-34 9.52354e-35 0.437499 0.234374 0.234378 1.90481e-34 -3.24171e-34 -5.93904e-34 -7.25116e-07 -2.23063e-06 -2.63989e-06 -1.24225e-33 0.136152 0.12472 0.130437 
1.00096 0.823039 0.682707 0.756276 0.921249 0.954526 -0.00171927 0.00158762 -0.000197073 0.00145512 -0.000117027 0.00148042 0.0817984 0.089578 0.0818358 
0.361857 0.193538 0.225543 0.20998 0.300274 0.285817 -0.00580473 -0.00175002 -0.000813329 -0.0012357 -0.00252638 -0.00380571 0.0297294 0.0302046 0.0287245 
0.427469 0.299347 0.511658 0.424247 0.467087 0.374884 -0.0540584 -0.0273375 -0.105619 -0.0626064 -0.0768448 -0.0429753 0.0341546 0.0351787 0.036271 
0.404407 0.488256 0.477899 0.483484 0.447596 0.456415 -1.14343e-07 -2.73214e-07 -1.54988e-07 -2.05692e-07 -1.39705e-07 -1.8913e-07 0.00273535 0.00356764 0.00248548 
2.21453e-35 2.39336e-35 0.195968 0.108277 0.103822 4.67429e-35 -1.639e-34 -1.55666e-34 -0.00777156 -0.00157812 -0.00217374 -3.19478e-34 0.0331894 0.0315198 0.0325028 
9.52354e-35 0.749556 0.437499 0.609104 0.234374 0.437171 -5.93904e-34 3.97059e-05 -7.25116e-07 1.14285e-05 -2.23063e-06 1.0249e-05 0.12472 0.125629 0.130437 
2.4716e-35 0.199021 0.151288 0.175593 0.0790215 0.105801 -1.02413e-34 4.26336e-05 4.24534e-05 4.27357e-05 1.0714e-05 1.30989e-05 0.0207388 0.0200422 0.0214826 
0.75 0.937519 0.586648 0.800687 0.673428 0.859383 9.49915e-41 6.68429e-05 9.59388e-06 3.23066e-05 3.16348e-06 1.51596e-05 0.136154 0.126055 0.128453 
0.308721 0.151288 0.199021 0.175593 0.256937 0.235872 0.000184793 4.24534e-05 4.26336e-05 4.27357e-05 9.71227e-05 0.000104928 0.0215148 0.0214826 0.0200422 
2.46905e-35 0.198444 0.149372 0.17437 0.077989 0.10546 -7.3156e-35 8.6565e-07 1.84717e-06 1.29799e-06 3.49103e-07 2.86308e-07 0.0148141 0.0141221 0.0155547 
0.189539 0.262109 0.113048 0.192922 0.16156 0.220977 -0.14483 -0.228075 -0.167331 -0.207025 -0.165037 -0.184289 0.0342938 0.0347345 0.0338794 
9.52354e-35 9.51978e-35 0.623389 0.34898 0.34905 1.90441e-34 -5.93904e-34 -5.39477e-34 0.000116367 6.20338e-05 2.62715e-05 -1.13338e-33 0.12472 0.113293 0.116954 
0.307477 0.149372 0.198444 0.17437 0.256004 0.234304 1.00716e-05 1.84717e-06 8.6565e-07 1.29799e-06 3.54022e-06 5.1618e-06 0.0155915 0.0155547 0.0141221 
2.45095e-35 2.45095e-35 0.192696 0.102182 0.102182 4.9019e-35 2.88346e-35 3.60433e-35 -9.78376e-08 -3.49216e-08 -1.64825e-08 6.48779e-35 0.00588226 0.00735283 0.00623237 
9.49879e-35 9.45791e-35 0.638046 0.358205 0.358647 1.89688e-34 -4.85019e-34 -4.3126e-34 0.000801061 0.000477874 0.000172728 -9.16095e-34 0.101853 0.0905488 0.0977481 
0.284874 0.416804 0.339658 0.38157 0.314351 0.357973 -0.00849631 -0.0152158 -0.0214994 -0.0187272 -0.0138892 -0.0123646 0.0312269 0.0306669 0.0320338 
0.427469 0.525914 0.48454 0.508204 0.461859 0.500864 -0.0540584 -0.123299 -0.0585405 -0.0867518 -0.0590377 -0.0898901 0.0341546 0.0348159 0.0330521 
0.464191 0.299347 0.24504 0.275863 0.370068 0.379425 -0.0778815 -0.0273375 -0.0185838 -0.0235546 -0.0451252 -0.0488509 0.0375866 0.0351787 0.0371089 
2.451e-35 0.146128 0.197728 0.172436 0.105052 0.0762143 7.20889e-35 1.73406e-06 7.0607e-07 1.16762e-06 2.83805e-07 3.6386e-07 0.0147061 0.0154415 0.0139129 
2.45101e-35 0.197728 0.146129 0.172437 0.076214 0.105052 6.48791e-35 7.0607e-07 -9.25499e-08 1.51611e-07 -1.00699e-08 7.94251e-08 0.0132353 0.0139129 0.0125 
2.44867e-35 0.145899 0.197526 0.172221 0.104924 0.076107 1.00931e-34 3.80993e-05 3.83402e-05 3.88838e-05 1.17479e-05 9.38707e-06 0.0205898 0.0213222 0.0197954 
2.44998e-35 0.197526 0.146051 0.172303 0.0761673 0.104951 9.37214e-35 3.83402e-05 1.06233e-05 2.11257e-05 3.4539e-06 8.85946e-06 0.0191191 0.0197954 0.0183831 
2.43015e-35 0.145111 0.19653 0.171266 0.104255 0.0755838 1.29477e-34 -1.54437e-05 0.000132444 7.02929e-05 3.3331e-05 6.83673e-06 0.0264127 0.0271202 0.0256372 
2.43655e-35 0.19653 0.145462 0.171498 0.0758026 0.104356 1.22436e-34 0.000132444 8.04004e-05 0.000108642 2.44219e-05 4.49883e-05 0.0249761 0.0256372 0.0242466 
0.306339 0.146129 0.197728 0.172437 0.255044 0.232226 -1.78341e-07 -9.25499e-08 7.0607e-07 1.51611e-07 3.92614e-07 -1.83031e-07 0.0124426 0.0125 0.0139129 
0.306047 0.146051 0.197526 0.172303 0.254784 0.232019 4.99448e-05 1.06233e-05 3.83402e-05 2.11257e-05 4.80356e-05 2.75235e-05 0.0183278 0.0183831 0.0197954 
0.330448 0.197728 0.146128 0.172436 0.24667 0.268853 9.33913e-06 7.0607e-07 1.73406e-06 1.16762e-06 4.98845e-06 3.19458e-06 0.0152351 0.0139129 0.0154415 
0.305104 0.145462 0.19653 0.171498 0.253766 0.231183 0.000325422 8.04004e-05 0.000132444 0.000108642 0.000234007 0.000194286 0.0241918 0.0242466 0.0256372 
0.330015 0.197526 0.145899 0.172221 0.246299 0.268536 0.000186913 3.83402e-05 3.80993e-05 3.88838e-05 0.000105188 9.52616e-05 0.0211146 0.0197954 0.0213222 
0.328985 0.19653 0.145111 0.171266 0.245243 0.267322 -0.000214537 0.000132444 -1.54437e-05 7.02929e-05 -7.87167e-05 0.000116479 0.0269412 0.0256372 0.0271202 
9.45791e-35 0.823039 0.638046 0.739325 0.358205 0.494872 -4.3126e-34 0.00158762 0.000801061 0.00132333 0.000477874 0.000503573 0.0905488 0.089578 0.0977481 
0.489682 0.481416 0.525914 0.510066 0.517546 0.485097 -0.155982 -0.110741 -0.123299 -0.121679 -0.14282 -0.132258 0.0350325 0.0339808 0.0348159 
0.331084 0.198444 0.147133 0.173292 0.247483 0.269535 1.98067e-07 8.6565e-07 -1.51034e-07 1.50449e-07 -1.5092e-07 7.23677e-07 0.012774 0.0141221 0.0126042 
2.46904e-35 0.147133 0.198444 0.173292 0.10546 0.0767632 -6.58414e-35 -1.51034e-07 8.6565e-07 1.50449e-07 7.17663e-08 -3.75318e-08 0.0133329 0.0126042 0.0141221 
0.309245 0.156845 0.206626 0.182286 0.260817 0.238656 -0.000268987 -5.75858e-05 0.000117007 3.93663e-05 5.72355e-05 -0.000141176 0.0272135 0.0274993 0.0259673 
1.23455e-35 0.169603 2.4691e-35 0.089178 4.9382e-35 0.089178 -3.00584e-42 -1.34827e-08 -7.31586e-36 -4.05997e-09 -7.31586e-36 -4.64194e-09 1.06025e-09 0.000954096 0.00148146 
3.72622e-35 0.24504 0.299347 0.275863 0.168812 0.121514 1.7009e-34 -0.0185838 -0.0273375 -0.0235546 -0.00797106 -0.00464907 0.034744 0.0371089 0.0351787 
0.40433 0.494302 0.205193 0.336659 0.306952 0.432588 -0.312914 -0.337926 -0.242099 -0.305463 -0.300811 -0.338729 0.0374797 0.0401166 0.0310622 
2.4903e-35 0.206626 0.156845 0.182286 0.0822092 0.110273 -1.32001e-34 0.000117007 -5.75858e-05 3.93663e-05 -1.00202e-06 2.94192e-05 0.026731 0.0259673 0.0274993 
1.22547e-35 2.45094e-35 0.180922 0.0955187 0.0955187 4.90189e-35 -1.8633e-42 7.20864e-36 -1.05712e-08 -2.22679e-09 -4.52513e-09 7.20864e-36 -5.6924e-10 0.00147056 0.000914967 
0.33156 0.199021 0.146363 0.17321 0.247448 0.270073 7.02912e-05 4.26336e-05 1.14286e-05 2.33227e-05 3.57132e-05 6.10705e-05 0.0186833 0.0200422 0.018528 
0.433427 0.339658 0.416804 0.38157 0.426168 0.391052 -0.0333832 -0.0214994 -0.0152158 -0.0187272 -0.0229839 -0.0279968 0.0318467 0.0320338 0.0306669 
2.45098e-35 0.202069 0.152936 0.177971 0.0799485 0.107537 5.04608e-35 -3.84025e-07 -1.88946e-07 -2.81381e-07 -5.08983e-08 -1.06491e-07 0.010294 0.011024 0.00962132 
2.47017e-35 0.146363 0.199021 0.17321 0.105771 0.0763458 -9.5097e-35 1.14286e-05 4.26336e-05 2.33227e-05 9.88261e-06 3.65083e-06 0.0192572 0.018528 0.0200422 
2.47424e-35 0.151288 0.201684 0.176951 0.107279 0.0790607 -1.09741e-34 4.24534e-05 0.000117382 7.31798e-05 3.06114e-05 1.35512e-05 0.0222228 0.0214826 0.0229808 
2.45099e-35 0.146129 0.202069 0.1747 0.107537 0.0762139 5.76698e-35 -9.25499e-08 -3.84025e-07 -2.50717e-07 -9.27802e-08 -3.41516e-08 0.0117646 0.0125 0.011024 
2.47857e-35 0.201684 0.141507 0.172303 0.0736635 0.107363 -1.17091e-34 0.000117382 7.60088e-05 9.81167e-05 2.05773e-05 3.4644e-05 0.0237114 0.0229808 0.0244641 
2.46916e-35 0.149372 0.197915 0.174093 0.105153 0.0779909 -8.047e-35 1.84717e-06 9.46141e-06 4.60356e-06 1.96917e-06 6.29954e-07 0.0162952 0.0155547 0.0170361 
2.4509e-35 0.197368 0.146128 0.172251 0.0762126 0.10485 7.92994e-35 8.82671e-06 1.73406e-06 4.24701e-06 5.97941e-07 1.8335e-06 0.0161771 0.0169122 0.0154415 
2.45064e-35 0.146051 0.197368 0.172212 0.104844 0.0761775 8.65107e-35 1.06233e-05 8.82671e-06 9.68004e-06 2.8251e-06 2.50478e-06 0.0176482 0.0183831 0.0169122 
2.4462e-35 0.196817 0.145899 0.171876 0.0760712 0.104565 1.08129e-34 0.000108825 3.80993e-05 6.60291e-05 1.19971e-05 2.79817e-05 0.0220581 0.0227868 0.0213222 
2.44215e-35 0.145462 0.196817 0.17163 0.104487 0.0758765 1.15308e-34 8.04004e-05 0.000108825 9.67442e-05 3.23931e-05 2.21044e-05 0.0235224 0.0242466 0.0227868 
2.42901e-35 0.196952 0.145111 0.171281 0.0756064 0.104145 1.36367e-34 -0.000606906 -1.54437e-05 -0.000206804 -1.12471e-05 -8.9591e-05 0.0278168 0.0285341 0.0271202 
2.46945e-35 0.197915 0.146363 0.172646 0.0763348 0.10516 -8.77832e-35 9.46141e-06 1.14286e-05 1.03138e-05 2.62336e-06 3.00893e-06 0.0177761 0.0170361 0.018528 
2.44248e-35 0.144973 0.196952 0.171327 0.10453 0.0748636 1.43019e-34 -0.000983584 -0.000606906 -0.000795577 -0.000202094 -0.000197756 0.0291747 0.0298928 0.0285341 
2.46907e-35 0.144306 0.197696 0.171544 0.105033 0.075217 -5.12107e-35 -2.21535e-07 -4.4276e-07 -3.27559e-07 -1.42889e-07 -7.28912e-08 0.0103702 0.00962945 0.0111109 
2.46905e-35 0.197696 0.147133 0.172903 0.0767633 0.105033 -5.85263e-35 -4.4276e-07 -1.51034e-07 -3.20311e-07 -6.9856e-08 -1.32996e-07 0.0118516 0.0111109 0.0126042 
0.361857 0.475781 0.416804 0.450783 0.391674 0.430343 -0.00580473 -0.010877 -0.0152158 -0.0132937 -0.00971386 -0.00864553 0.0297294 0.029594 0.0306669 
0.498842 0.497472 0.466269 0.486321 0.494389 0.499926 -1.121e-06 -8.17566e-07 -9.02843e-07 -8.825e-07 -1.06413e-06 -9.69347e-07 0.00687187 0.00599879 0.00669073 
1.22547e-35 0.180922 0.244894 0.213802 0.132651 0.0955187 -1.8633e-42 -1.05712e-08 -2.12235e-08 -1.61169e-08 -8.15847e-09 -4.52513e-09 -5.6924e-10 0.000914967 -4.69415e-10 
0.270831 0.402941 0.28207 0.347908 0.27977 0.33937 -0.0578957 -0.117825 -0.122483 -0.124316 -0.087485 -0.0885515 0.0340601 0.0342647 0.0345942 
1.23455e-35 0.244894 0.169603 0.208464 0.089178 0.132651 -3.00584e-42 -2.60556e-08 -1.34827e-08 -1.97526e-08 -4.64194e-09 -9.40969e-09 1.06025e-09 6.70043e-10 0.000954096 
0.35554 0.477861 0.434165 0.458918 0.398665 0.430076 -3.90406e-07 -7.40113e-07 -9.27236e-07 -8.47887e-07 -6.2561e-07 -5.84625e-07 0.00579891 0.0059294 0.00710511 
3.02863e-35 0.299347 0.235986 0.264957 0.127589 0.15261 1.62085e-34 -0.0273375 -0.0130691 -0.0193025 -0.00376399 -0.00600381 0.0330829 0.0351787 0.0333286 
0.361857 0.225543 0.393812 0.319465 0.378654 0.300274 -0.00580473 -0.000813329 -0.00250725 -0.00166488 -0.00395928 -0.00252638 0.0297294 0.0287245 0.0283548 
0.309245 0.393812 0.225543 0.319465 0.269373 0.354898 -0.000268987 -0.00250725 -0.000813329 -0.00166488 -0.000579944 -0.00104243 0.0272135 0.0283548 0.0287245 
0.499 0.500872 0.487209 0.499937 0.495027 0.501015 -0.0240828 -0.0410181 -0.0474374 -0.0452592 -0.0344786 -0.0320322 0.0307071 0.0317736 0.032091 
2.46909e-35 2.46909e-35 0.187096 0.099004 0.0990039 4.93819e-35 -3.65793e-35 -2.92634e-35 -1.35508e-07 -3.79054e-08 -5.41432e-08 -6.58427e-35 0.0074073 0.00592584 0.00636258 
0.499648 0.497472 0.477861 0.497564 0.492993 0.499742 -5.12524e-07 -8.17566e-07 -7.40113e-07 -8.1014e-07 -6.32119e-07 -6.54902e-07 0.00481034 0.00599879 0.0059294 
0.498842 0.477861 0.497472 0.497564 0.499926 0.491648 -1.121e-06 -7.40113e-07 -8.17566e-07 -8.1014e-07 -9.69347e-07 -9.30478e-07 0.00687187 0.0059294 0.00599879 
0.489789 0.489789 0.499992 0.497479 0.497403 0.499992 -8.36584e-08 -8.13389e-08 -9.78862e-08 -8.72908e-08 -8.84065e-08 -8.57097e-08 2.62952e-10 -2.11716e-10 0.000952935 
0.309245 0.225543 0.156845 0.192398 0.238656 0.269373 -0.000268987 -0.000813329 -5.75858e-05 -0.000304119 -0.000141176 -0.000579944 0.0272135 0.0287245 0.0274993 
2.48874e-35 0.156845 0.225543 0.192398 0.121658 0.0821471 -1.39655e-34 -5.75858e-05 -0.000813329 -0.000304119 -0.000151379 -2.45738e-05 0.0282817 0.0274993 0.0287245 
0.356812 0.472715 0.427557 0.452839 0.395168 0.426131 -3.12408e-07 -5.43475e-07 -2.70579e-07 -3.92933e-07 -3.00709e-07 -4.47827e-07 0.00552802 0.00528538 0.00425685 
9.51978e-35 0.771729 0.623389 0.702262 0.34898 0.454211 -5.39477e-34 0.000454842 0.000116367 0.000242482 6.20338e-05 0.000123027 0.113293 0.107943 0.116954 
0.998549 0.771729 0.996537 0.928002 0.997667 0.933459 0.000305172 0.000454842 0.000811516 0.00069755 0.000519985 0.000441846 0.116646 0.107943 0.107522 
0.9879 0.996537 0.771729 0.928002 0.913532 0.992852 0.00150221 0.000811516 0.000454842 0.00069755 0.00100827 0.00113849 0.0989561 0.107522 0.107943 
0.480263 0.393812 0.439117 0.418188 0.462647 0.44557 -0.003082 -0.00250725 -0.000487745 -0.00136721 -0.00148598 -0.00297307 0.0279387 0.0283548 0.0268026 
0.309245 0.439117 0.393812 0.418188 0.354898 0.383215 -0.000268987 -0.000487745 -0.00250725 -0.00136721 -0.00104243 -0.000421212 0.0272135 0.0268026 0.0283548 
8.57674e-35 -9.82484e-35 0.205193 0.0620746 0.177395 -2.13795e-34 -2.02894e-34 -1.95385e-35 -0.242099 -0.117469 -0.186674 -8.95001e-35 0.0402693 0.0241784 0.0310622 
0.331084 0.361344 0.198444 0.287707 0.269535 0.346586 1.98067e-07 5.62125e-06 8.6565e-07 2.7047e-06 7.23677e-07 2.0009e-06 0.012774 0.0143469 0.0141221 
0.33156 0.362132 0.199021 0.288436 0.270073 0.347217 7.02912e-05 0.000166146 4.26336e-05 9.7576e-05 6.10705e-05 0.000110402 0.0186833 0.0202556 0.0200422 
0.40433 0.577525 0.652573 0.610054 0.534043 0.516597 -0.312914 -0.267268 -0.321868 -0.300235 -0.333326 -0.303774 0.0374797 0.0382523 0.0416245 
2.48874e-35 2.4903e-35 0.156845 0.0822092 0.0821471 4.98191e-35 -1.39655e-34 -1.32001e-34 -5.75858e-05 -1.00202e-06 -2.45738e-05 -2.71657e-34 0.0282817 0.026731 0.0274993 
0.9879 0.638046 0.823039 0.739325 0.929878 0.873328 0.00150221 0.000801061 0.00158762 0.00132333 0.00152524 0.00132317 0.0989561 0.0977481 0.089578 
0.328985 0.358286 0.19653 0.284974 0.267322 0.343901 -0.000214537 0.000344524 0.000132444 0.000242761 0.000116479 0.000125573 0.0269412 0.0253949 0.0256372 
0.330015 0.359375 0.197526 0.2861 0.268536 0.345051 0.000186913 0.000122932 3.83402e-05 7.97827e-05 9.52616e-05 0.000154492 0.0211146 0.0195418 0.0197954 
0.330448 0.359639 0.197728 0.286353 0.268853 0.345389 9.33913e-06 2.71841e-06 7.0607e-07 1.65342e-06 3.19458e-06 5.58216e-06 0.0152351 0.0136594 0.0139129 
2.45096e-35 0.152936 0.202109 0.177992 0.10756 0.0799483 4.3252e-35 -1.88946e-07 -2.49584e-07 -2.21245e-07 -6.16688e-08 -4.19633e-08 0.0088234 0.00962132 0.00836229 
2.45096e-35 2.45098e-35 0.152936 0.0799485 0.0799483 4.90194e-35 4.3252e-35 5.04608e-35 -1.88946e-07 -5.08983e-08 -4.19633e-08 9.37127e-35 0.0088234 0.010294 0.00962132 
0.306604 0.202109 0.152936 0.177992 0.235347 0.257167 -8.05011e-07 -2.49584e-07 -1.88946e-07 -2.21245e-07 -4.67581e-07 -4.94859e-07 0.0096029 0.00836229 0.00962132 
2.47424e-35 2.4716e-35 0.151288 0.0790215 0.0790607 4.94552e-35 -1.09741e-34 -1.02413e-34 4.24534e-05 1.0714e-05 1.35512e-05 -2.12153e-34 0.0222228 0.0207388 0.0214826 
6.74828e-35 8.47625e-35 0.40122 0.228407 0.205809 1.52991e-34 2.10269e-34 2.54391e-34 -0.0249348 -0.00631917 -0.00690267 4.64403e-34 0.0430452 0.0520114 0.0486528 
3.72622e-35 4.94014e-35 0.24504 0.138505 0.121514 8.54063e-35 1.7009e-34 1.84678e-34 -0.0185838 -0.00599485 -0.00464907 3.54416e-34 0.034744 0.037824 0.0371089 
2.46916e-35 2.46905e-35 0.149372 0.077989 0.0779909 4.93818e-35 -8.047e-35 -7.3156e-35 1.84717e-06 3.49103e-07 6.29954e-07 -1.53626e-34 0.0162952 0.0148141 0.0155547 
2.451e-35 2.4509e-35 0.146128 0.0762126 0.0762143 4.90193e-35 7.20889e-35 7.92994e-35 1.73406e-06 5.97941e-07 3.6386e-07 1.51388e-34 0.0147061 0.0161771 0.0154415 
2.45099e-35 2.45101e-35 0.146129 0.076214 0.0762139 4.902e-35 5.76698e-35 6.48791e-35 -9.25499e-08 -1.00699e-08 -3.41516e-08 1.22549e-34 0.0117646 0.0132353 0.0125 
2.44867e-35 2.4462e-35 0.145899 0.0760712 0.076107 4.89516e-35 1.00931e-34 1.08129e-34 3.80993e-05 1.19971e-05 9.38707e-06 2.0906e-34 0.0205898 0.0220581 0.0213222 
2.45064e-35 2.44998e-35 0.146051 0.0761673 0.0761775 4.90073e-35 8.65107e-35 9.37214e-35 1.06233e-05 3.4539e-06 2.50478e-06 1.80232e-34 0.0176482 0.0191191 0.0183831 
2.43015e-35 2.42901e-35 0.145111 0.0756064 0.0755838 4.85732e-35 1.29477e-34 1.36367e-34 -1.54437e-05 -1.12471e-05 6.83673e-06 2.65843e-34 0.0264127 0.0278168 0.0271202 
2.44215e-35 2.43655e-35 0.145462 0.0758026 0.0758765 4.87904e-35 1.15308e-34 1.22436e-34 8.04004e-05 2.44219e-05 2.21044e-05 2.37746e-34 0.0235224 0.0249761 0.0242466 
0.688327 0.652573 0.577525 0.610054 0.640332 0.689194 -0.236497 -0.321868 -0.267268 -0.300235 -0.261673 -0.283435 0.0414388 0.0416245 0.0382523 
2.46907e-35 2.46908e-35 0.144306 0.0752172 0.075217 4.93815e-35 -5.12107e-35 -4.38951e-35 -2.21535e-07 -6.70401e-08 -7.28912e-08 -9.51058e-35 0.0103702 0.00888875 0.00962945 
2.46904e-35 2.46905e-35 0.147133 0.0767633 0.0767632 4.93809e-35 -6.58414e-35 -5.85263e-35 -1.51034e-07 -6.9856e-08 -3.75318e-08 -1.24368e-34 0.0133329 0.0118516 0.0126042 
2.44248e-35 2.5039e-35 0.144973 0.0758186 0.0748636 4.93033e-35 1.43019e-34 1.4942e-34 -0.000983584 -0.000303038 -0.000197756 2.92432e-34 0.0291747 0.0304813 0.0298928 
2.47017e-35 2.46945e-35 0.146363 0.0763348 0.0763458 4.9395e-35 -9.5097e-35 -8.77832e-35 1.14286e-05 2.62336e-06 3.65083e-06 -1.8288e-34 0.0192572 0.0177761 0.018528 
2.48423e-35 2.47857e-35 0.141507 0.0736635 0.0737334 4.9625e-35 -1.24497e-34 -1.17091e-34 7.60088e-05 2.05773e-05 2.24016e-05 -2.41587e-34 0.0252116 0.0237114 0.0244641 
0.461273 0.475906 0.496585 0.488538 0.483692 0.468759 -0.0012971 -0.00585645 -0.00293058 -0.00431482 -0.00206761 -0.00304243 0.0272173 0.0286705 0.027752 
0.802413 0.652573 0.790792 0.74799 0.815515 0.721564 -0.284817 -0.321868 -0.221311 -0.281975 -0.261398 -0.317269 0.0470884 0.0416245 0.0459969 
-1.34075e-34 -1.37248e-34 0.00654345 0.00227923 0.00347826 -2.69449e-34 -5.86767e-37 7.68617e-37 -0.010552 -0.00058365 -0.00637103 -9.39719e-37 0.0322086 0.0329627 0.0323372 
1.00096 0.998573 0.823039 0.947496 0.954526 0.999745 -0.00171927 0.00171872 0.00158762 0.00149477 0.00148042 0.000829005 0.0817984 0.0907274 0.089578 
0.9879 0.823039 0.998573 0.947496 0.994562 0.929878 0.00150221 0.00158762 0.00171872 0.00149477 0.00170992 0.00152524 0.0989561 0.089578 0.0907274 
-2.36029e-34 0.437499 0.75 0.609374 0.4375 0.234378 -3.24171e-34 -7.25116e-07 5.21017e-40 1.16034e-06 -8.76668e-40 -2.63989e-06 0.136152 0.130437 0.136152 
0.304342 0.35328 0.206626 0.286276 0.257989 0.329714 0.000314766 0.000283105 0.000117007 0.000199689 0.000218991 0.000335569 0.0245515 0.0256635 0.0259673 
2.5039e-35 0.207934 0.144973 0.17631 0.0758186 0.109424 1.4942e-34 -0.00397133 -0.000983584 -0.00209434 -0.000303038 -0.000920771 0.0304813 0.0309595 0.0298928 
0.308401 0.144973 0.207934 0.17631 0.261121 0.23277 -0.00503953 -0.000983584 -0.00397133 -0.00209434 -0.00487825 -0.00269981 0.0299092 0.0298928 0.0309595 
0.688327 0.790792 0.652573 0.74799 0.689194 0.738887 -0.236497 -0.221311 -0.321868 -0.281975 -0.283435 -0.234853 0.0414388 0.0459969 0.0416245 
0.500012 0.496585 0.475906 0.488538 0.494578 0.499338 -0.00667581 -0.00293058 -0.00585645 -0.00431482 -0.00647901 -0.00456527 0.0286934 0.027752 0.0286705 
0.3051 0.144306 0.196288 0.17081 0.253698 0.230703 -8.92278e-07 -2.21535e-07 -2.95631e-07 -2.62666e-07 -5.63063e-07 -5.30062e-07 0.00971642 0.00962945 0.00847865 
2.46908e-35 0.196288 0.144306 0.17081 0.0752172 0.104229 -4.38951e-35 -2.95631e-07 -2.21535e-07 -2.62666e-07 -6.70401e-08 -9.47331e-08 0.00888875 0.00847865 0.00962945 
0.127736 0.0834268 0.0322696 0.0554688 0.0737326 0.108745 -0.0456712 -0.0657072 -0.0186135 -0.0386549 -0.0325878 -0.0585023 0.0345783 0.0340206 0.0342714 
0.802413 0.494302 0.652573 0.59341 0.721564 0.6742 -0.284817 -0.337926 -0.321868 -0.343381 -0.317269 -0.326146 0.0470884 0.0401166 0.0416245 
1.86267e-35 0.154827 0.125943 0.141715 0.0710838 0.079614 -1.71343e-34 -0.0112161 -0.0160357 -0.0136319 -0.00403777 -0.00311389 0.0346784 0.0337546 0.0345478 
8.57674e-35 0.205193 0.494302 0.336659 0.340767 0.177395 -2.02894e-34 -0.242099 -0.337926 -0.305463 -0.250449 -0.186674 0.0402693 0.0310622 0.0401166 
0.286977 0.195968 0.339658 0.27278 0.314943 0.245844 -0.0294211 -0.00777156 -0.0214994 -0.0144928 -0.0255054 -0.0165425 0.0331271 0.0325028 0.0320338 
0.306339 0.197728 0.359639 0.286353 0.33406 0.255044 -1.78341e-07 7.0607e-07 2.71841e-06 1.65342e-06 7.69015e-07 3.92614e-07 0.0124426 0.0139129 0.0136594 
0.284874 0.339658 0.195968 0.27278 0.241979 0.314351 -0.00849631 -0.0214994 -0.00777156 -0.0144928 -0.00855884 -0.0138892 0.0312269 0.0320338 0.0325028 
0.306047 0.197526 0.359375 0.2861 0.333789 0.254784 4.99448e-05 3.83402e-05 0.000122932 7.97827e-05 8.06249e-05 4.80356e-05 0.0183278 0.0197954 0.0195418 
0.305104 0.19653 0.358286 0.284974 0.332734 0.253766 0.000325422 0.000132444 0.000344524 0.000242761 0.000371818 0.000234007 0.0241918 0.0256372 0.0253949 
0.308721 0.199021 0.362132 0.288436 0.336516 0.256937 0.000184793 4.26336e-05 0.000166146 9.7576e-05 0.000179979 9.71227e-05 0.0215148 0.0200422 0.0202556 
0.307477 0.198444 0.361344 0.287707 0.335513 0.256004 1.00716e-05 8.6565e-07 5.62125e-06 2.7047e-06 7.89107e-06 3.54022e-06 0.0155915 0.0141221 0.0143469 
0.461229 0.467041 0.495244 0.484314 0.482331 0.464196 2.54727e-05 6.13059e-05 4.10636e-05 5.14172e-05 3.3169e-05 4.04373e-05 0.0154666 0.0168696 0.0159354 
0.444543 0.439117 0.35328 0.400943 0.404364 0.441897 0.00027215 -0.000487745 0.000283105 7.85473e-05 0.000294513 -4.14542e-05 0.0257833 0.0268026 0.0256635 
0.499992 0.495244 0.467041 0.484314 0.491644 0.498764 7.38362e-05 4.10636e-05 6.13059e-05 5.14172e-05 7.02058e-05 5.59696e-05 0.0169115 0.0159354 0.0168696 
0.458214 0.496555 0.475906 0.488397 0.467268 0.482667 -0.0144597 -0.0127051 -0.00585645 -0.00884987 -0.00957075 -0.0140157 0.030176 0.0296496 0.0286705 
2.45095e-35 0.192696 0.19895 0.195831 0.10575 0.102182 2.88346e-35 -9.78376e-08 -6.78705e-08 -8.09568e-08 -1.30322e-08 -1.64825e-08 0.00588226 0.00623237 0.00525466 
0.460849 0.466572 0.495053 0.483977 0.482017 0.463774 0.000401494 0.000585326 0.000530423 0.000571049 0.000471366 0.000496715 0.0213467 0.0227457 0.0218174 
0.500012 0.475906 0.496555 0.488397 0.49939 0.494578 -0.00667581 -0.00585645 -0.0127051 -0.00884987 -0.00939686 -0.00647901 0.0286934 0.0286705 0.0296496 
0.499988 0.495053 0.466572 0.483977 0.491384 0.498666 0.000671486 0.000530423 0.000585326 0.000571049 0.00064914 0.000605863 0.0227943 0.0218174 0.0227457 
2.46909e-35 0.204649 0.187096 0.195936 0.099004 0.10902 -2.92634e-35 -1.12993e-07 -1.35508e-07 -1.25072e-07 -3.79054e-08 -3.77998e-08 0.00592584 0.0054096 0.00636258 
0.499992 0.491748 0.495759 0.499827 0.498952 0.497907 -1.94353e-06 -1.49939e-06 -1.53244e-06 -1.54906e-06 -1.76022e-06 -1.75522e-06 0.00907619 0.00794147 0.00800513 
0.453624 0.468692 0.495084 0.484743 0.47963 0.461527 -1.68079e-06 -1.62488e-06 -2.03114e-06 -1.89966e-06 -1.91407e-06 -1.80649e-06 0.00945691 0.0109177 0.0100504 
0.499992 0.495084 0.468692 0.484743 0.492102 0.498739 -1.6897e-06 -2.03114e-06 -1.62488e-06 -1.89966e-06 -1.69528e-06 -1.95298e-06 0.0110292 0.0100504 0.0109177 
0.802413 0.790792 0.915892 0.856359 0.88521 0.815515 -0.284817 -0.221311 -0.166163 -0.204321 -0.226698 -0.261398 0.0470884 0.0459969 0.0531637 
0.499992 0.495365 0.467642 0.48463 0.491972 0.498861 -1.6897e-06 -2.73496e-07 -1.53143e-06 -1.09547e-06 -1.63425e-06 -1.16318e-06 0.0110292 0.0120066 0.0111103 
0.461664 0.467642 0.495365 0.48463 0.482595 0.464716 7.07025e-07 -1.53143e-06 -2.73496e-07 -1.09547e-06 2.30757e-07 -7.31324e-07 0.012506 0.0111103 0.0120066 
0.314707 0.202109 0.357883 0.28712 0.33701 0.261734 -4.44222e-07 -2.49584e-07 -8.61321e-07 -5.35974e-07 -6.37174e-07 -3.61206e-07 0.00714407 0.00836229 0.00840515 
0.306604 0.357883 0.202109 0.28712 0.257167 0.333229 -8.05011e-07 -8.61321e-07 -2.49584e-07 -5.35974e-07 -4.94859e-07 -8.58616e-07 0.0096029 0.00840515 0.00836229 
0.464191 0.601715 0.511658 0.553845 0.494488 0.545603 -0.0778815 -0.165988 -0.105619 -0.134075 -0.0940905 -0.119442 0.0375866 0.0389809 0.036271 
0.407725 0.519403 0.577525 0.544146 0.49026 0.471778 -0.223504 -0.213318 -0.267268 -0.240909 -0.256394 -0.224583 0.035757 0.0363114 0.0382523 
0.499992 0.495436 0.469766 0.485428 0.492542 0.498894 7.38362e-05 0.000119366 6.8412e-05 9.22472e-05 7.36642e-05 9.50014e-05 0.0169115 0.0178884 0.017046 
0.462016 0.469766 0.495436 0.485428 0.482782 0.465999 0.000129474 6.8412e-05 0.000119366 9.22472e-05 0.000127177 9.55326e-05 0.0184001 0.017046 0.0178884 
0.572275 0.511658 0.601715 0.553845 0.59038 0.554192 -0.182442 -0.105619 -0.165988 -0.134075 -0.179159 -0.14379 0.0370563 0.036271 0.0389809 
0.40433 0.652573 0.494302 0.59341 0.432588 0.534043 -0.312914 -0.321868 -0.337926 -0.343381 -0.338729 -0.333326 0.0374797 0.0416245 0.0401166 
0.499988 0.49869 0.47137 0.489457 0.493069 0.499715 0.000671486 0.000742586 0.000619333 0.000701872 0.00066235 0.000723827 0.0227943 0.0238429 0.0230043 
0.572275 0.577525 0.519403 0.544146 0.555236 0.583221 -0.182442 -0.267268 -0.213318 -0.240909 -0.203053 -0.224682 0.0370563 0.0382523 0.0363114 
0.339947 0.366298 0.207934 0.294688 0.275148 0.352706 -0.0206497 -0.0142693 -0.00397133 -0.00869572 -0.00994089 -0.0175514 0.0323682 0.0310825 0.0309595 
0.453849 0.47137 0.49869 0.489457 0.484254 0.463136 0.000612936 0.000619333 0.000742586 0.000701872 0.000702102 0.000647833 0.0245113 0.0230043 0.0238429 
0.741357 0.915892 0.790792 0.856359 0.789253 0.847078 -0.114731 -0.166163 -0.221311 -0.204321 -0.167085 -0.146434 0.0488899 0.0531637 0.0459969 
0.421171 0.481416 0.402941 0.44769 0.414223 0.453147 -0.0618677 -0.110741 -0.117825 -0.117182 -0.0870357 -0.0858466 0.0330386 0.0339808 0.0342647 
0.489682 0.402941 0.481416 0.44769 0.485097 0.44816 -0.155982 -0.117825 -0.110741 -0.117182 -0.132258 -0.140074 0.0350325 0.0342647 0.0339808 
0.289191 0.342821 0.196288 0.275534 0.244854 0.316989 -4.34961e-07 -8.31838e-07 -2.95631e-07 -5.55186e-07 -3.78434e-07 -6.14263e-07 0.00727127 0.00831803 0.00847865 
0.02761 0.0322696 0.0834268 0.0554688 0.05195 0.0316998 -0.0315161 -0.0186135 -0.0657072 -0.0386549 -0.0489719 -0.0261731 0.0333678 0.0342714 0.0340206 
0.308401 0.207934 0.366298 0.294688 0.337507 0.261121 -0.00503953 -0.00397133 -0.0142693 -0.00869572 -0.00872544 -0.00487825 0.0299092 0.0309595 0.0310825 
0.3051 0.196288 0.342821 0.275534 0.324467 0.253698 -8.92278e-07 -2.95631e-07 -8.31838e-07 -5.55186e-07 -8.899e-07 -5.63063e-07 0.00971642 0.00847865 0.00831803 
0.466269 0.497472 0.472715 0.488397 0.469578 0.486321 -9.02843e-07 -8.17566e-07 -5.43475e-07 -6.8148e-07 -7.09537e-07 -8.825e-07 0.00669073 0.00599879 0.00528538 
0.502441 0.487209 0.500872 0.499937 0.503248 0.495311 -0.0734594 -0.0474374 -0.0410181 -0.0452592 -0.0556521 -0.0597808 0.0329944 0.032091 0.0317736 
0.499812 0.491717 0.493397 0.499984 0.498877 0.497253 -0.000856372 0.000277024 0.000267277 0.000264005 -0.000171044 -0.000163667 0.0267883 0.0257281 0.0257268 
0.499989 0.493761 0.493651 0.499994 0.498319 0.498522 0.000405504 0.000275866 0.000276992 0.00028372 0.000339844 0.000339586 0.0208429 0.0198417 0.0198524 
0.499992 0.493644 0.493729 0.499993 0.49838 0.498452 2.20656e-05 9.39982e-06 9.53887e-06 9.81898e-06 1.49737e-05 1.48795e-05 0.0149591 0.0139611 0.0139705 
0.499648 0.472715 0.497472 0.488397 0.499742 0.49462 -5.12524e-07 -5.43475e-07 -8.17566e-07 -6.8148e-07 -6.54902e-07 -5.49175e-07 0.00481034 0.00528538 0.00599879 
0.498842 0.495759 0.491748 0.499827 0.496103 0.49975 -1.121e-06 -1.53244e-06 -1.49939e-06 -1.54906e-06 -1.31101e-06 -1.33589e-06 0.00687187 0.00800513 0.00794147 
0.499993 0.493729 0.493644 0.499993 0.49839 0.498442 3.16388e-06 9.53887e-06 9.39982e-06 9.81898e-06 5.90985e-06 5.9756e-06 0.0129879 0.0139705 0.0139611 
0.499993 0.493651 0.493761 0.499994 0.498438 0.498405 0.000190346 0.000276992 0.000275866 0.00028372 0.000231935 0.000232601 0.0188697 0.0198524 0.0198417 
0.499998 0.493397 0.491717 0.499984 0.498021 0.498267 0.000662504 0.000267277 0.000277024 0.000264005 0.00051508 0.00051239 0.0247515 0.0257268 0.0257281 
-1.37248e-34 0.0020137 0.00654345 0.00438944 0.00227923 0.000283452 7.68617e-37 -0.00222323 -0.010552 -0.00491427 -0.00058365 0.000699181 0.0329627 0.0334745 0.0323372 
0.02761 0.00654345 0.0020137 0.00438944 0.010464 0.0139261 -0.0315161 -0.010552 -0.00222323 -0.00491427 -0.0121116 -0.0210839 0.0333678 0.0323372 0.0334745 
-1.34075e-34 0.00654345 0.034315 0.0165445 0.0062522 0.00347826 -5.86767e-37 -0.010552 -0.0618588 -0.0303855 -0.0128131 -0.00637103 0.0322086 0.0323372 0.0329495 
0.02761 0.034315 0.00654345 0.0165445 0.0139261 0.0328978 -0.0315161 -0.0618588 -0.010552 -0.0303855 -0.0210839 -0.0466421 0.0333678 0.0329495 0.0323372 
